/store/data/Run2017D/Charmonium/RAW/v1/000/302/663/00000/0068B611-2198-E711-B8B7-02163E01A73E.root [94,97,96,95]
/store/data/Run2017D/Charmonium/RAW/v1/000/302/663/00000/008BC531-3398-E711-9679-02163E013914.root [570,568,569,567]
/store/data/Run2017D/Charmonium/RAW/v1/000/302/663/00000/023150F2-3598-E711-9DF1-02163E0133B0.root [624,623,625,626]
/store/data/Run2017D/Charmonium/RAW/v1/000/302/663/00000/047F8CB2-2A98-E711-BE65-02163E01A403.root [402,401,403,404]
/store/data/Run2017D/Charmonium/RAW/v1/000/302/663/00000/06276A04-2998-E711-9E8B-02163E0141CF.root [363,362,361,364]
/store/data/Run2017D/Charmonium/RAW/v1/000/302/663/00000/06B571C5-2298-E711-AA9A-02163E01A384.root [228,230,229,231]
/store/data/Run2017D/Charmonium/RAW/v1/000/302/663/00000/06CD3CE5-2498-E711-96BF-02163E01A264.root [262,260,261,263]
/store/data/Run2017D/Charmonium/RAW/v1/000/302/663/00000/08D2EF1E-2298-E711-9935-02163E0142E6.root [88,87,86,89]
/store/data/Run2017D/Charmonium/RAW/v1/000/302/663/00000/08FBF572-2198-E711-B19D-02163E01239A.root [22,24,23]
/store/data/Run2017D/Charmonium/RAW/v1/000/302/663/00000/0C18452B-2198-E711-96F2-02163E014204.root [37,38,39]
/store/data/Run2017D/Charmonium/RAW/v1/000/302/663/00000/0C4BE0FC-3098-E711-8992-02163E01A256.root [464,466,465,467]
/store/data/Run2017D/Charmonium/RAW/v1/000/302/663/00000/0C80C421-2598-E711-8976-02163E0118C7.root [267,264,265,266]
/store/data/Run2017D/Charmonium/RAW/v1/000/302/663/00000/0E173506-3798-E711-9CB3-02163E01A4F4.root [635,639,634,640,633,636,637,638]
/store/data/Run2017D/Charmonium/RAW/v1/000/302/663/00000/0ECB9DF4-3098-E711-B833-02163E019CB3.root [456,458,457,459]
/store/data/Run2017D/Charmonium/RAW/v1/000/302/663/00000/12F3642C-3398-E711-9C5A-02163E01A288.root [571,572,574,573]
/store/data/Run2017D/Charmonium/RAW/v1/000/302/663/00000/1480223E-3998-E711-B5F4-02163E01A2CF.root [659,658,657,660]
/store/data/Run2017D/Charmonium/RAW/v1/000/302/663/00000/1684E033-3998-E711-AC32-02163E01A5B1.root [664,663,662,661]
/store/data/Run2017D/Charmonium/RAW/v1/000/302/663/00000/185FF24C-3198-E711-9931-02163E014699.root [492,493,491,494]
/store/data/Run2017D/Charmonium/RAW/v1/000/302/663/00000/1CB01E18-2198-E711-ADA7-02163E01A22A.root [137,134,136,135]
/store/data/Run2017D/Charmonium/RAW/v1/000/302/663/00000/1E987157-3198-E711-B448-02163E01A737.root [490,487,489,488]
/store/data/Run2017D/Charmonium/RAW/v1/000/302/663/00000/1E9D5785-1398-E711-B3AE-02163E011B03.root [3,1,2]
/store/data/Run2017D/Charmonium/RAW/v1/000/302/663/00000/1EFCBEF2-2098-E711-9C32-02163E01397D.root [62,61,60]
/store/data/Run2017D/Charmonium/RAW/v1/000/302/663/00000/20E8134A-2298-E711-A6A0-02163E0125F6.root [200,202,199,201]
/store/data/Run2017D/Charmonium/RAW/v1/000/302/663/00000/24189A82-2598-E711-B75F-02163E01A3C7.root [304,307,305,306]
/store/data/Run2017D/Charmonium/RAW/v1/000/302/663/00000/243C3968-3198-E711-9C04-02163E011A1C.root [517,515,516,518]
/store/data/Run2017D/Charmonium/RAW/v1/000/302/663/00000/24AB623B-3498-E711-B0EA-02163E014772.root [580,581,582,579]
/store/data/Run2017D/Charmonium/RAW/v1/000/302/663/00000/26195996-3198-E711-896A-02163E0142F2.root [484,485,483,486]
/store/data/Run2017D/Charmonium/RAW/v1/000/302/663/00000/28368B1A-2598-E711-843D-02163E019B99.root [285,286,284,287]
/store/data/Run2017D/Charmonium/RAW/v1/000/302/663/00000/2859113A-2F98-E711-B481-02163E01A501.root [435,436,433,434]
/store/data/Run2017D/Charmonium/RAW/v1/000/302/663/00000/288EE84F-2B98-E711-AA2F-02163E01A673.root [421,423,422,424]
/store/data/Run2017D/Charmonium/RAW/v1/000/302/663/00000/2A096056-2198-E711-A3AA-02163E019B99.root [127,126,128,129]
/store/data/Run2017D/Charmonium/RAW/v1/000/302/663/00000/2AB9B8FA-2898-E711-BE3D-02163E0134EF.root [325,324,326,328,327]
/store/data/Run2017D/Charmonium/RAW/v1/000/302/663/00000/2E07425F-2F98-E711-9479-02163E0144C0.root [452,455,454,453]
/store/data/Run2017D/Charmonium/RAW/v1/000/302/663/00000/30033AFF-2098-E711-8C3C-02163E01376F.root [47,49,46,48]
/store/data/Run2017D/Charmonium/RAW/v1/000/302/663/00000/306BF70B-2198-E711-A86C-02163E011A0F.root [110,111,112,113]
/store/data/Run2017D/Charmonium/RAW/v1/000/302/663/00000/3A59061E-2198-E711-9651-02163E013543.root [182,184,183,185]
/store/data/Run2017D/Charmonium/RAW/v1/000/302/663/00000/3CC0E47F-3698-E711-B15E-02163E019E17.root [713,711,712,715,714,716,717]
/store/data/Run2017D/Charmonium/RAW/v1/000/302/663/00000/3CDAB93D-2598-E711-9EAA-02163E0145EA.root [278,279,277,276]
/store/data/Run2017D/Charmonium/RAW/v1/000/302/663/00000/3E6EEAF8-2098-E711-BAA3-02163E014563.root [175,177,174,176]
/store/data/Run2017D/Charmonium/RAW/v1/000/302/663/00000/4022F33F-3998-E711-878F-02163E0135FB.root [656,653,654,655]
/store/data/Run2017D/Charmonium/RAW/v1/000/302/663/00000/40813268-3198-E711-BC04-02163E019E49.root [532,533,534,531]
/store/data/Run2017D/Charmonium/RAW/v1/000/302/663/00000/42B8F120-2198-E711-A391-02163E0143E6.root [192,191,193,194]
/store/data/Run2017D/Charmonium/RAW/v1/000/302/663/00000/460E1CC5-2A98-E711-8CD5-02163E01A3DE.root [389,390,392,391]
/store/data/Run2017D/Charmonium/RAW/v1/000/302/663/00000/48001811-3598-E711-9539-02163E011DB6.root [586,583,584,585]
/store/data/Run2017D/Charmonium/RAW/v1/000/302/663/00000/48F56AB8-3198-E711-B804-02163E0121DF.root [554,553,551,552]
/store/data/Run2017D/Charmonium/RAW/v1/000/302/663/00000/4ABC28EC-3598-E711-BDC8-02163E011962.root [621,622,619,620]
/store/data/Run2017D/Charmonium/RAW/v1/000/302/663/00000/4CA7DD0A-1698-E711-9F1D-02163E0134C1.root [9,7,8]
/store/data/Run2017D/Charmonium/RAW/v1/000/302/663/00000/4CD1B429-1498-E711-A2A1-02163E011F96.root [4,5,6]
/store/data/Run2017D/Charmonium/RAW/v1/000/302/663/00000/5070E43B-3998-E711-9BB0-02163E01293E.root [671,670,672,669]
/store/data/Run2017D/Charmonium/RAW/v1/000/302/663/00000/52432551-3198-E711-B8E0-02163E0118C7.root [495,496,497,498]
/store/data/Run2017D/Charmonium/RAW/v1/000/302/663/00000/54872F94-2A98-E711-B65B-02163E011A04.root [387,386,385,388]
/store/data/Run2017D/Charmonium/RAW/v1/000/302/663/00000/54CBF906-3198-E711-8E67-02163E01A463.root [461,463,460,462]
/store/data/Run2017D/Charmonium/RAW/v1/000/302/663/00000/54E11C24-2198-E711-ABF1-02163E012B3A.root [41,40,42]
/store/data/Run2017D/Charmonium/RAW/v1/000/302/663/00000/5624FB23-2B98-E711-9BD2-02163E013837.root [409,410,411,412]
/store/data/Run2017D/Charmonium/RAW/v1/000/302/663/00000/5626E02F-3398-E711-90E5-02163E0146BF.root [563,564,565,566]
/store/data/Run2017D/Charmonium/RAW/v1/000/302/663/00000/5647E717-3798-E711-A9F3-02163E014280.root [630,628,631,627,632,629]
/store/data/Run2017D/Charmonium/RAW/v1/000/302/663/00000/581C5626-3398-E711-A273-02163E01A5B9.root [558,556,557,555]
/store/data/Run2017D/Charmonium/RAW/v1/000/302/663/00000/5A279E39-3998-E711-A926-02163E01A343.root [685,687,686,688]
/store/data/Run2017D/Charmonium/RAW/v1/000/302/663/00000/5AA91447-2498-E711-88CF-02163E0136F8.root [232,235,233,234]
/store/data/Run2017D/Charmonium/RAW/v1/000/302/663/00000/5C53EF37-2F98-E711-BE9D-02163E0143CC.root [449,450,451,448]
/store/data/Run2017D/Charmonium/RAW/v1/000/302/663/00000/5C8437D8-2498-E711-8D32-02163E014148.root [246,244,247,245]
/store/data/Run2017D/Charmonium/RAW/v1/000/302/663/00000/601EB925-2198-E711-BFAE-02163E01A1EF.root [91,92,90,93]
/store/data/Run2017D/Charmonium/RAW/v1/000/302/663/00000/6029423D-3998-E711-93AC-02163E019CFE.root [684,682,683,681]
/store/data/Run2017D/Charmonium/RAW/v1/000/302/663/00000/60EEE3F5-2898-E711-9F17-02163E019BC7.root [337,339,340,338]
/store/data/Run2017D/Charmonium/RAW/v1/000/302/663/00000/62171E08-2598-E711-A158-02163E01A4D4.root [250,248,251,249]
/store/data/Run2017D/Charmonium/RAW/v1/000/302/663/00000/62773B3A-2598-E711-99F3-02163E01338C.root [288,290,291,289]
/store/data/Run2017D/Charmonium/RAW/v1/000/302/663/00000/64061E49-3998-E711-9BFA-02163E01A405.root [679,680,678,677]
/store/data/Run2017D/Charmonium/RAW/v1/000/302/663/00000/64618FE4-3098-E711-B0AE-02163E01293E.root [478,477,476]
/store/data/Run2017D/Charmonium/RAW/v1/000/302/663/00000/648CA427-2B98-E711-AEB6-02163E01A43C.root [413,414,415,416]
/store/data/Run2017D/Charmonium/RAW/v1/000/302/663/00000/662BA63A-3998-E711-89CA-02163E011A87.root [650,649,652,651]
/store/data/Run2017D/Charmonium/RAW/v1/000/302/663/00000/6652A806-2698-E711-9F5C-02163E014534.root [319,318,316,317]
/store/data/Run2017D/Charmonium/RAW/v1/000/302/663/00000/66633D5A-3198-E711-8630-02163E019B27.root [521,519,522,520]
/store/data/Run2017D/Charmonium/RAW/v1/000/302/663/00000/6884A002-2198-E711-BE60-02163E0138FE.root [34,35,36]
/store/data/Run2017D/Charmonium/RAW/v1/000/302/663/00000/6C1A841B-2198-E711-832B-02163E01A674.root [167,168,166,169]
/store/data/Run2017D/Charmonium/RAW/v1/000/302/663/00000/6C248D44-2198-E711-ADEB-02163E013662.root [190,189,186,187,188]
/store/data/Run2017D/Charmonium/RAW/v1/000/302/663/00000/6E1791E6-3598-E711-8BC3-02163E01A213.root [611,612,613,614]
/store/data/Run2017D/Charmonium/RAW/v1/000/302/663/00000/6E579539-2198-E711-B166-02163E01A778.root [69,66,67,68]
/store/data/Run2017D/Charmonium/RAW/v1/000/302/663/00000/6E6E5B39-2198-E711-AD13-02163E01A312.root [28,29,30]
/store/data/Run2017D/Charmonium/RAW/v1/000/302/663/00000/70652B20-2198-E711-A7DB-02163E0145DC.root [133,130,132,131]
/store/data/Run2017D/Charmonium/RAW/v1/000/302/663/00000/72544314-2998-E711-B56D-02163E01A27D.root [353,355,354,356]
/store/data/Run2017D/Charmonium/RAW/v1/000/302/663/00000/76371887-2298-E711-9C87-02163E01A568.root [227,224,226,225]
/store/data/Run2017D/Charmonium/RAW/v1/000/302/663/00000/78075B38-3998-E711-97A9-02163E012A58.root [665,667,668,666]
/store/data/Run2017D/Charmonium/RAW/v1/000/302/663/00000/7E179849-2F98-E711-A287-02163E019E89.root [438,437,439]
/store/data/Run2017D/Charmonium/RAW/v1/000/302/663/00000/7EE31A1A-3398-E711-ACB3-02163E01A385.root [559,560,562,561]
/store/data/Run2017D/Charmonium/RAW/v1/000/302/663/00000/8059040C-2198-E711-A93F-02163E0125F6.root [144,142,143,145]
/store/data/Run2017D/Charmonium/RAW/v1/000/302/663/00000/80B81E1A-2198-E711-9CD6-02163E019C5A.root [72,70,71,73]
/store/data/Run2017D/Charmonium/RAW/v1/000/302/663/00000/843C9279-2598-E711-9AEE-02163E01A500.root [299,296,297,298]
/store/data/Run2017D/Charmonium/RAW/v1/000/302/663/00000/84505922-2998-E711-BEA6-02163E01A3E5.root [346,347,348,345]
/store/data/Run2017D/Charmonium/RAW/v1/000/302/663/00000/8450D521-2198-E711-BEBD-02163E019CB3.root [51,50,52]
/store/data/Run2017D/Charmonium/RAW/v1/000/302/663/00000/84923CDD-3998-E711-8734-02163E0141FC.root [693,694,696,695]
/store/data/Run2017D/Charmonium/RAW/v1/000/302/663/00000/86803CB4-3198-E711-A448-02163E012B47.root [547,548,550,549]
/store/data/Run2017D/Charmonium/RAW/v1/000/302/663/00000/888B485F-3198-E711-820B-02163E019B46.root [500,501,499,502]
/store/data/Run2017D/Charmonium/RAW/v1/000/302/663/00000/8A40F4FA-2898-E711-8600-02163E014642.root [329,331,330,332]
/store/data/Run2017D/Charmonium/RAW/v1/000/302/663/00000/8ABEF5E8-2498-E711-911F-02163E0136F8.root [253,254,252,255]
/store/data/Run2017D/Charmonium/RAW/v1/000/302/663/00000/8AF9F5EE-2498-E711-81EC-02163E014509.root [273,275,274,272]
/store/data/Run2017D/Charmonium/RAW/v1/000/302/663/00000/8C01D9E0-3698-E711-91EA-02163E0123E8.root [645,648,646,647]
/store/data/Run2017D/Charmonium/RAW/v1/000/302/663/00000/8C9A2143-1698-E711-B9C9-02163E0133F1.root [11,12,10]
/store/data/Run2017D/Charmonium/RAW/v1/000/302/663/00000/8E2F77F6-2098-E711-995E-02163E012653.root [159,161,158,160]
/store/data/Run2017D/Charmonium/RAW/v1/000/302/663/00000/9038EBFF-2498-E711-83A4-02163E01A2F9.root [240,242,241,243]
/store/data/Run2017D/Charmonium/RAW/v1/000/302/663/00000/9208DB2F-2998-E711-B452-02163E01363C.root [371,372,369,370]
/store/data/Run2017D/Charmonium/RAW/v1/000/302/663/00000/92281AF6-3098-E711-84CD-02163E0142BE.root [474,472,473,475]
/store/data/Run2017D/Charmonium/RAW/v1/000/302/663/00000/9236CD44-1798-E711-8BE7-02163E01283E.root [14,15,13]
/store/data/Run2017D/Charmonium/RAW/v1/000/302/663/00000/92447C09-3698-E711-A925-02163E01A4D0.root [609,610,608,607]
/store/data/Run2017D/Charmonium/RAW/v1/000/302/663/00000/92D28735-2598-E711-A3B4-02163E01A384.root [282,280,281,283]
/store/data/Run2017D/Charmonium/RAW/v1/000/302/663/00000/9451E4E2-3598-E711-B25A-02163E01A6B5.root [615,617,616,618]
/store/data/Run2017D/Charmonium/RAW/v1/000/302/663/00000/98D9941C-2998-E711-AF22-02163E019C39.root [333,334,336,335]
/store/data/Run2017D/Charmonium/RAW/v1/000/302/663/00000/9C30C95C-3198-E711-94B0-02163E019B22.root [511,512,513,514]
/store/data/Run2017D/Charmonium/RAW/v1/000/302/663/00000/9E097CF8-2098-E711-AE86-02163E0143F5.root [85,82,83,84]
/store/data/Run2017D/Charmonium/RAW/v1/000/302/663/00000/9E22CD10-2698-E711-AE0D-02163E01451A.root [313,315,312,314]
/store/data/Run2017D/Charmonium/RAW/v1/000/302/663/00000/9E3EF92B-3198-E711-BCCE-02163E01A567.root [470,468,469,471]
/store/data/Run2017D/Charmonium/RAW/v1/000/302/663/00000/9EA5D435-2198-E711-BD8D-02163E01A3B8.root [140,138,139,141]
/store/data/Run2017D/Charmonium/RAW/v1/000/302/663/00000/A2C0321F-3398-E711-A849-02163E014722.root [575,576,578,577]
/store/data/Run2017D/Charmonium/RAW/v1/000/302/663/00000/A609232D-2998-E711-B3ED-02163E014798.root [321,320,322,323]
/store/data/Run2017D/Charmonium/RAW/v1/000/302/663/00000/A62898E1-3598-E711-95D3-02163E014772.root [598,595,596,597]
/store/data/Run2017D/Charmonium/RAW/v1/000/302/663/00000/A8244745-3998-E711-B394-02163E0134D3.root [689,691,692,690]
/store/data/Run2017D/Charmonium/RAW/v1/000/302/663/00000/A874B8D3-3998-E711-89FF-02163E01A2CF.root [702,704,701,703]
/store/data/Run2017D/Charmonium/RAW/v1/000/302/663/00000/A8CFED17-2998-E711-BB45-02163E014767.root [350,349,352,351]
/store/data/Run2017D/Charmonium/RAW/v1/000/302/663/00000/AA039D21-2198-E711-83EB-02163E019DA9.root [120,119,121,118]
/store/data/Run2017D/Charmonium/RAW/v1/000/302/663/00000/AA0808BA-3198-E711-A100-02163E01451B.root [540,541,542,539]
/store/data/Run2017D/Charmonium/RAW/v1/000/302/663/00000/AA200F5F-3198-E711-98D8-02163E012019.root [524,525,523,526]
/store/data/Run2017D/Charmonium/RAW/v1/000/302/663/00000/AE79D1FF-2098-E711-8A4C-02163E0138E0.root [76,74,75,77]
/store/data/Run2017D/Charmonium/RAW/v1/000/302/663/00000/AEA19C39-2198-E711-9F90-02163E019E52.root [151,153,150,152]
/store/data/Run2017D/Charmonium/RAW/v1/000/302/663/00000/B0B28FB1-2598-E711-86CA-02163E0143F9.root [311,308,309,310]
/store/data/Run2017D/Charmonium/RAW/v1/000/302/663/00000/B2078BF5-2098-E711-8F38-02163E011BE8.root [53,55,56,54]
/store/data/Run2017D/Charmonium/RAW/v1/000/302/663/00000/B2D15A1A-2198-E711-BDFA-02163E01A311.root [156,154,157,155]
/store/data/Run2017D/Charmonium/RAW/v1/000/302/663/00000/B4152F3C-2198-E711-BB81-02163E01A3C7.root [106,109,107,108]
/store/data/Run2017D/Charmonium/RAW/v1/000/302/663/00000/B4ADBED8-2A98-E711-95DD-02163E013717.root [394,393,395,396]
/store/data/Run2017D/Charmonium/RAW/v1/000/302/663/00000/B6BEBF4F-2298-E711-854D-02163E013543.root [203,204,206,205]
/store/data/Run2017D/Charmonium/RAW/v1/000/302/663/00000/B6FCF64E-2198-E711-BB64-02163E01A3E2.root [101,98,99,100]
/store/data/Run2017D/Charmonium/RAW/v1/000/302/663/00000/B8D1A032-2198-E711-8B7F-02163E0140E5.root [58,57,59]
/store/data/Run2017D/Charmonium/RAW/v1/000/302/663/00000/BA4F63F0-2098-E711-9A58-02163E0146FE.root [148,146,149,147]
/store/data/Run2017D/Charmonium/RAW/v1/000/302/663/00000/BCF74EF1-2A98-E711-9DD4-02163E019D50.root [384,383,381,382]
/store/data/Run2017D/Charmonium/RAW/v1/000/302/663/00000/BE1383AE-2A98-E711-AB67-02163E019CCE.root [400,397,398,399]
/store/data/Run2017D/Charmonium/RAW/v1/000/302/663/00000/BE97035D-2298-E711-942A-02163E01A409.root [219,221,220,223,222]
/store/data/Run2017D/Charmonium/RAW/v1/000/302/663/00000/C02BB83F-2298-E711-BD1F-02163E0133EF.root [197,196,198,195]
/store/data/Run2017D/Charmonium/RAW/v1/000/302/663/00000/C200E23B-2598-E711-A11A-02163E01229D.root [257,256,259,258]
/store/data/Run2017D/Charmonium/RAW/v1/000/302/663/00000/C4BF8949-3198-E711-A521-02163E01293E.root [509,508,507,510]
/store/data/Run2017D/Charmonium/RAW/v1/000/302/663/00000/C8094C30-3598-E711-AF15-02163E01A20D.root [587,589,588,590]
/store/data/Run2017D/Charmonium/RAW/v1/000/302/663/00000/C8107096-2B98-E711-AE98-02163E014789.root [431,430,429,432]
/store/data/Run2017D/Charmonium/RAW/v1/000/302/663/00000/C87EAEF9-2098-E711-90F7-02163E014241.root [63,64,65]
/store/data/Run2017D/Charmonium/RAW/v1/000/302/663/00000/C889C661-3198-E711-97F1-02163E0135C6.root [505,503,504,506]
/store/data/Run2017D/Charmonium/RAW/v1/000/302/663/00000/CE99B03B-2F98-E711-B961-02163E0133B7.root [440,441,443,442]
/store/data/Run2017D/Charmonium/RAW/v1/000/302/663/00000/CEAAEF96-2998-E711-BF81-02163E01A3E9.root [373,374,376,375]
/store/data/Run2017D/Charmonium/RAW/v1/000/302/663/00000/D0025111-2198-E711-B64C-02163E01A6A2.root [26,25,27]
/store/data/Run2017D/Charmonium/RAW/v1/000/302/663/00000/D0EC2203-3798-E711-9430-02163E01396C.root [642,644,641,643]
/store/data/Run2017D/Charmonium/RAW/v1/000/302/663/00000/D2277403-2198-E711-BA26-02163E0133EF.root [122,123,124,125]
/store/data/Run2017D/Charmonium/RAW/v1/000/302/663/00000/D63D3C21-2198-E711-9B49-02163E0145C5.root [43,45,44]
/store/data/Run2017D/Charmonium/RAW/v1/000/302/663/00000/D674C1F0-3098-E711-BE33-02163E011AA1.root [482,480,481,479]
/store/data/Run2017D/Charmonium/RAW/v1/000/302/663/00000/D687F788-2298-E711-B061-02163E014165.root [213,214,211,212]
/store/data/Run2017D/Charmonium/RAW/v1/000/302/663/00000/D6CE2A28-2298-E711-B97F-02163E012B44.root [210,208,209,207]
/store/data/Run2017D/Charmonium/RAW/v1/000/302/663/00000/D8A83F10-2198-E711-9B99-02163E01A1C2.root [104,102,103,105]
/store/data/Run2017D/Charmonium/RAW/v1/000/302/663/00000/D8D47FB1-3198-E711-9E5D-02163E019B78.root [536,538,535,537]
/store/data/Run2017D/Charmonium/RAW/v1/000/302/663/00000/DE17677C-3198-E711-8AB7-02163E014640.root [527,528,529,530]
/store/data/Run2017D/Charmonium/RAW/v1/000/302/663/00000/DEA3B20B-2598-E711-9C5D-02163E0138E9.root [295,293,292,294]
/store/data/Run2017D/Charmonium/RAW/v1/000/302/663/00000/DEC6B148-2F98-E711-A7CA-02163E0141FC.root [444,445,446,447]
/store/data/Run2017D/Charmonium/RAW/v1/000/302/663/00000/DEE2CB16-2198-E711-9359-02163E019D22.root [78,79,81,80]
/store/data/Run2017D/Charmonium/RAW/v1/000/302/663/00000/DEEA7448-3998-E711-88C8-02163E0137FF.root [676,674,673,675]
/store/data/Run2017D/Charmonium/RAW/v1/000/302/663/00000/E047A1DE-3598-E711-A2E3-02163E011D7E.root [592,591,594,593]
/store/data/Run2017D/Charmonium/RAW/v1/000/302/663/00000/E04B2B01-2198-E711-B0CD-02163E0134F8.root [20,19,21]
/store/data/Run2017D/Charmonium/RAW/v1/000/302/663/00000/E094B110-2998-E711-B120-02163E0139B1.root [379,377,380,378]
/store/data/Run2017D/Charmonium/RAW/v1/000/302/663/00000/E0D18D22-2198-E711-916A-02163E01A50D.root [116,117,114,115]
/store/data/Run2017D/Charmonium/RAW/v1/000/302/663/00000/E0DC1789-2598-E711-9278-02163E01475B.root [302,301,303,300]
/store/data/Run2017D/Charmonium/RAW/v1/000/302/663/00000/E21FED09-2198-E711-8FF0-02163E01A74D.root [180,178,179,181]
/store/data/Run2017D/Charmonium/RAW/v1/000/302/663/00000/E23F8484-2B98-E711-B9EF-02163E0145FF.root [428,425,426,427]
/store/data/Run2017D/Charmonium/RAW/v1/000/302/663/00000/E2D479FF-3998-E711-902A-02163E01364A.root [698,700,697,699]
/store/data/Run2017D/Charmonium/RAW/v1/000/302/663/00000/E4640BFA-2098-E711-8EEE-02163E01355B.root [18,17,16]
/store/data/Run2017D/Charmonium/RAW/v1/000/302/663/00000/E4F20D25-2998-E711-94C3-02163E01450D.root [357,358,359,360]
/store/data/Run2017D/Charmonium/RAW/v1/000/302/663/00000/E6361636-2998-E711-9CB7-02163E019CEA.root [342,343,344,341]
/store/data/Run2017D/Charmonium/RAW/v1/000/302/663/00000/E6B1B560-2598-E711-A357-02163E013662.root [269,268,271,270]
/store/data/Run2017D/Charmonium/RAW/v1/000/302/663/00000/EC6F6EBE-2298-E711-A81B-02163E0145DC.root [215,217,218,216]
/store/data/Run2017D/Charmonium/RAW/v1/000/302/663/00000/EE3827F6-2098-E711-AF9D-02163E0144D8.root [31,32,33]
/store/data/Run2017D/Charmonium/RAW/v1/000/302/663/00000/EE3AACEB-3598-E711-80E5-02163E019DA2.root [605,604,603,606]
/store/data/Run2017D/Charmonium/RAW/v1/000/302/663/00000/F0D76AC4-3198-E711-9D1F-02163E013662.root [545,546,544,543]
/store/data/Run2017D/Charmonium/RAW/v1/000/302/663/00000/F0E53100-2B98-E711-B040-02163E01A696.root [406,408,405,407]
/store/data/Run2017D/Charmonium/RAW/v1/000/302/663/00000/F248352E-2B98-E711-BEBC-02163E01A638.root [419,418,420,417]
/store/data/Run2017D/Charmonium/RAW/v1/000/302/663/00000/F26CCD3A-2198-E711-8C1E-02163E01A4C2.root [170,172,171,173]
/store/data/Run2017D/Charmonium/RAW/v1/000/302/663/00000/F4F5E5D8-3998-E711-B95B-02163E01A526.root [706,707,705]
/store/data/Run2017D/Charmonium/RAW/v1/000/302/663/00000/F63270DE-2498-E711-BFB9-02163E01418A.root [236,237,238,239]
/store/data/Run2017D/Charmonium/RAW/v1/000/302/663/00000/F663A96D-2198-E711-9431-02163E01396A.root [162,163,165,164]
/store/data/Run2017D/Charmonium/RAW/v1/000/302/663/00000/F68C43DC-3598-E711-8814-02163E01A1BD.root [602,600,599,601]
/store/data/Run2017D/Charmonium/RAW/v1/000/302/663/00000/F6A58916-2998-E711-BA7E-02163E014345.root [365,366,367,368]
