/store/data/Run2018B/MuOnia/RAW/v1/000/317/435/00000/0051F8F4-6468-E811-BD45-02163E00BA0C.root [19,20,16,18,17]
/store/data/Run2018B/MuOnia/RAW/v1/000/317/435/00000/007CA044-B568-E811-A9D8-FA163E5DF416.root [397,400,398,402,399,401,403]
/store/data/Run2018B/MuOnia/RAW/v1/000/317/435/00000/00E1131D-6468-E811-B32C-02163E017FDB.root [66,70,69,67,68]
/store/data/Run2018B/MuOnia/RAW/v1/000/317/435/00000/00F8883F-B568-E811-A5BA-FA163EB9124D.root [537,539,536,541,543,538,540,542]
/store/data/Run2018B/MuOnia/RAW/v1/000/317/435/00000/04D05C71-B568-E811-846D-FA163ECAC3BA.root [219,221,223,220,218,222]
/store/data/Run2018B/MuOnia/RAW/v1/000/317/435/00000/04D78E83-B568-E811-99B6-FA163E39D127.root [155,157,153,154,156]
/store/data/Run2018B/MuOnia/RAW/v1/000/317/435/00000/0669814D-B568-E811-A4D1-FA163EDDE562.root [511,517,518,514,515,512,513,516]
/store/data/Run2018B/MuOnia/RAW/v1/000/317/435/00000/069EF98B-B568-E811-8F8F-02163E019F75.root [1373,1374,1375,1378,1376,1366,1368,1377,1363,1367,1369,1365,1370,1372,1364,1371]
/store/data/Run2018B/MuOnia/RAW/v1/000/317/435/00000/08085F47-B568-E811-8D95-FA163EA0C012.root [1019,1020,1021,1024,1028,1023,1026,1025,1030,1027,1029,1022]
/store/data/Run2018B/MuOnia/RAW/v1/000/317/435/00000/087B9395-B568-E811-96E1-02163E017EE5.root [190,191,193,188,189,192]
/store/data/Run2018B/MuOnia/RAW/v1/000/317/435/00000/08A2296F-B568-E811-BAE8-FA163E96A527.root [549,544,547,548,545,546,550,551]
/store/data/Run2018B/MuOnia/RAW/v1/000/317/435/00000/08D3741C-6468-E811-B98A-FA163ECBE4B5.root [12,13,14,11,15]
/store/data/Run2018B/MuOnia/RAW/v1/000/317/435/00000/0C363DBE-B568-E811-81D8-FA163E46CA33.root [317,316,318,319,315,314]
/store/data/Run2018B/MuOnia/RAW/v1/000/317/435/00000/1080F37D-B568-E811-BA76-FA163E2CD8C6.root [296,298,297,300,299,301]
/store/data/Run2018B/MuOnia/RAW/v1/000/317/435/00000/10BB8E1C-6468-E811-A493-FA163E63F3DC.root [37,38,39,36,40]
/store/data/Run2018B/MuOnia/RAW/v1/000/317/435/00000/14447548-B568-E811-8EA6-FA163E2965C4.root [1031,1034,1035,1038,1039,1040,1041,1042,1033,1036,1037,1032]
/store/data/Run2018B/MuOnia/RAW/v1/000/317/435/00000/1680D58B-B568-E811-9FDB-FA163E0D6C88.root [1063,1056,1058,1059,1065,1057,1066,1060,1064,1055,1062,1061]
/store/data/Run2018B/MuOnia/RAW/v1/000/317/435/00000/16A2F841-B568-E811-A708-FA163E9745FC.root [709,713,708,707,705,712,710,706,711,714]
/store/data/Run2018B/MuOnia/RAW/v1/000/317/435/00000/1ACA3A42-B568-E811-876B-FA163ECBC7B6.root [1193,1200,1194,1204,1205,1192,1203,1195,1202,1196,1197,1198,1201,1199]
/store/data/Run2018B/MuOnia/RAW/v1/000/317/435/00000/1CAB0562-B568-E811-8EA4-FA163EDB79CE.root [231,233,234,232,230,235]
/store/data/Run2018B/MuOnia/RAW/v1/000/317/435/00000/1EA4977F-B568-E811-AD8B-FA163EEEF2BA.root [775,767,774,769,768,772,770,766,773,771]
/store/data/Run2018B/MuOnia/RAW/v1/000/317/435/00000/20DFC753-B568-E811-ABD3-FA163E96DAE5.root [860,854,862,853,859,852,858,855,856,857,861]
/store/data/Run2018B/MuOnia/RAW/v1/000/317/435/00000/24E4335C-B568-E811-BA8F-FA163EA1695D.root [357,359,355,358,360,356,361]
/store/data/Run2018B/MuOnia/RAW/v1/000/317/435/00000/26456540-B568-E811-B44B-FA163EB1D8E2.root [305,307,302,304,303,306]
/store/data/Run2018B/MuOnia/RAW/v1/000/317/435/00000/26B6085E-B568-E811-A58D-FA163E18BECB.root [1395,1397,1396]
/store/data/Run2018B/MuOnia/RAW/v1/000/317/435/00000/2879A763-B568-E811-A280-FA163E182BE1.root [417,412,416,411,415,413,414]
/store/data/Run2018B/MuOnia/RAW/v1/000/317/435/00000/288385E9-B568-E811-891C-02163E019FCC.root [642,644,648,649,645,641,647,643,646]
/store/data/Run2018B/MuOnia/RAW/v1/000/317/435/00000/2A3CCD1A-6468-E811-9B9D-FA163EB23546.root [74,75,73,71,72]
/store/data/Run2018B/MuOnia/RAW/v1/000/317/435/00000/2A57B34A-B568-E811-9031-FA163E2EDC94.root [195,197,194,199,196,198]
/store/data/Run2018B/MuOnia/RAW/v1/000/317/435/00000/2E9F171E-6468-E811-81D5-FA163EE83C78.root [53,54,55,51,52]
/store/data/Run2018B/MuOnia/RAW/v1/000/317/435/00000/30433B49-B568-E811-99E7-FA163E0AFD9D.root [418,419,421,423,420,424,422]
/store/data/Run2018B/MuOnia/RAW/v1/000/317/435/00000/327AF524-6468-E811-BA43-FA163E26AEE6.root [43,41,42,44,45]
/store/data/Run2018B/MuOnia/RAW/v1/000/317/435/00000/32C66AB2-B568-E811-871F-02163E01A01D.root [459,455,461,460,456,457,458]
/store/data/Run2018B/MuOnia/RAW/v1/000/317/435/00000/3418614A-B568-E811-B0C4-FA163EA53A6B.root [980,975,970,971,972,973,974,977,981,976,978,979]
/store/data/Run2018B/MuOnia/RAW/v1/000/317/435/00000/34732C4C-B568-E811-885C-FA163ED23993.root [720,721,723,724,716,719,717,722,715,718]
/store/data/Run2018B/MuOnia/RAW/v1/000/317/435/00000/34A1459B-B568-E811-A286-FA163E65B77A.root [1212,1216,1206,1209,1217,1210,1211,1214,1207,1208,1215,1213]
/store/data/Run2018B/MuOnia/RAW/v1/000/317/435/00000/36366C5B-B568-E811-8923-FA163E9ED93F.root [499,495,494,496,498,501,497,500]
/store/data/Run2018B/MuOnia/RAW/v1/000/317/435/00000/382CAD45-B568-E811-AA2A-FA163E967705.root [1139,1145,1149,1140,1143,1146,1141,1151,1152,1148,1142,1144,1147,1150]
/store/data/Run2018B/MuOnia/RAW/v1/000/317/435/00000/3AA45D52-B568-E811-BF7F-02163E019EC2.root [1170,1173,1175,1177,1178,1167,1168,1169,1176,1179,1174,1171,1172]
/store/data/Run2018B/MuOnia/RAW/v1/000/317/435/00000/3ACAD514-7368-E811-9BDB-02163E01A099.root [119,118,122,120,121]
/store/data/Run2018B/MuOnia/RAW/v1/000/317/435/00000/404EF23F-B568-E811-AB0D-FA163E5B5253.root [1219,1222,1225,1231,1232,1230,1226,1229,1220,1221,1224,1223,1227,1228,1218]
/store/data/Run2018B/MuOnia/RAW/v1/000/317/435/00000/40A9304C-B568-E811-B78E-02163E01A086.root [203,201,204,205,200,202]
/store/data/Run2018B/MuOnia/RAW/v1/000/317/435/00000/40D28046-B568-E811-91ED-FA163E3D2BEF.root [745,752,753,754,746,749,748,747,750,751]
/store/data/Run2018B/MuOnia/RAW/v1/000/317/435/00000/424FFD40-B568-E811-B445-FA163E679CB5.root [328,332,329,327,330,331,333]
/store/data/Run2018B/MuOnia/RAW/v1/000/317/435/00000/426979C3-B568-E811-BF6F-02163E01A134.root [1276,1277,1278,1284,1285,1288,1280,1279,1283,1275,1281,1287,1282,1286]
/store/data/Run2018B/MuOnia/RAW/v1/000/317/435/00000/4ABE1390-B568-E811-B103-FA163EC5FAA0.root [635,640,632,637,639,633,634,638,636]
/store/data/Run2018B/MuOnia/RAW/v1/000/317/435/00000/4AE8EA48-B568-E811-B081-FA163E2B96DD.root [251,252,248,253,249,250]
/store/data/Run2018B/MuOnia/RAW/v1/000/317/435/00000/4C0B4D49-B568-E811-9ED7-FA163EA2324A.root [1161,1162,1164,1158,1166,1154,1156,1160,1163,1157,1159,1165,1153,1155]
/store/data/Run2018B/MuOnia/RAW/v1/000/317/435/00000/4C337121-6468-E811-9F54-FA163EBE6DD0.root [49,46,47,48,50]
/store/data/Run2018B/MuOnia/RAW/v1/000/317/435/00000/4C675549-B568-E811-B94B-FA163E7DB215.root [590,587,588,589,595,592,593,591,594]
/store/data/Run2018B/MuOnia/RAW/v1/000/317/435/00000/4C67E941-B568-E811-AD76-FA163E287B7F.root [258,255,256,257,254,259]
/store/data/Run2018B/MuOnia/RAW/v1/000/317/435/00000/4E3B413C-B568-E811-A6F6-FA163E9ECC8B.root [558,552,553,555,557,560,554,559,556]
/store/data/Run2018B/MuOnia/RAW/v1/000/317/435/00000/4E495042-B568-E811-8C1B-FA163EC71761.root [165,166,167,168,169,164]
/store/data/Run2018B/MuOnia/RAW/v1/000/317/435/00000/500EE397-B568-E811-8B2F-FA163E39C1F2.root [1107,1096,1097,1103,1105,1101,1106,1102,1095,1098,1099,1100,1108,1104]
/store/data/Run2018B/MuOnia/RAW/v1/000/317/435/00000/523E9144-B568-E811-97C4-FA163E42C216.root [448,454,449,450,452,451,453]
/store/data/Run2018B/MuOnia/RAW/v1/000/317/435/00000/54CC4776-B568-E811-9EA0-FA163E25A55A.root [266,267,270,269,268,271]
/store/data/Run2018B/MuOnia/RAW/v1/000/317/435/00000/5685EC43-B568-E811-AB43-FA163EC0DFF4.root [433,438,435,437,432,434,439,436]
/store/data/Run2018B/MuOnia/RAW/v1/000/317/435/00000/56A54A75-B568-E811-8E76-FA163E6C0AF2.root [467,463,469,468,466,462,464,465]
/store/data/Run2018B/MuOnia/RAW/v1/000/317/435/00000/58041441-B568-E811-AAF6-FA163E3118EC.root [983,988,985,993,992,982,986,989,990,987,984,991]
/store/data/Run2018B/MuOnia/RAW/v1/000/317/435/00000/585E6545-B568-E811-A676-FA163E0B09D5.root [776,782,784,778,785,777,779,780,781,783]
/store/data/Run2018B/MuOnia/RAW/v1/000/317/435/00000/5886C850-B568-E811-BA0E-02163E017F4C.root [569,562,563,561,564,565,566,567,568]
/store/data/Run2018B/MuOnia/RAW/v1/000/317/435/00000/58D43A4F-B568-E811-B72A-FA163EF16E94.root [826,819,821,823,824,820,828,825,827,822,829]
/store/data/Run2018B/MuOnia/RAW/v1/000/317/435/00000/5C376982-B568-E811-BE4C-02163E01A043.root [788,792,787,793,791,794,789,790,795,786,796]
/store/data/Run2018B/MuOnia/RAW/v1/000/317/435/00000/64208F5C-B568-E811-B539-FA163E582C09.root [176,180,181,179,178,177]
/store/data/Run2018B/MuOnia/RAW/v1/000/317/435/00000/68198D61-B568-E811-AE22-FA163E187E91.root [1249,1251,1258,1254,1257,1256,1247,1260,1252,1253,1259,1250,1248,1255]
/store/data/Run2018B/MuOnia/RAW/v1/000/317/435/00000/688E643D-B568-E811-ACAF-FA163ED7C351.root [363,366,365,368,367,362,364]
/store/data/Run2018B/MuOnia/RAW/v1/000/317/435/00000/6894CC2A-6468-E811-B471-FA163E05B348.root [57,58,59,56,60]
/store/data/Run2018B/MuOnia/RAW/v1/000/317/435/00000/6A34F14F-6468-E811-BF42-FA163EBE6FCA.root [29,27,26,28,30]
/store/data/Run2018B/MuOnia/RAW/v1/000/317/435/00000/6AE40346-B568-E811-9E47-FA163EB75050.root [996,1002,1006,997,998,999,1001,994,995,1003,1000,1005,1004]
/store/data/Run2018B/MuOnia/RAW/v1/000/317/435/00000/6C914A91-B568-E811-A40A-FA163EECB40E.root [689,693,694,686,688,691,692,687,690]
/store/data/Run2018B/MuOnia/RAW/v1/000/317/435/00000/6CAB5D55-B568-E811-8ECA-FA163E034210.root [736,740,741,739,735,744,738,743,742,737]
/store/data/Run2018B/MuOnia/RAW/v1/000/317/435/00000/700B2BBF-B568-E811-9AF8-FA163EDF495E.root [482,479,483,478,480,484,485,481]
/store/data/Run2018B/MuOnia/RAW/v1/000/317/435/00000/70426E40-B568-E811-93D8-FA163EFB2BC7.root [342,343,344,347,341,345,346]
/store/data/Run2018B/MuOnia/RAW/v1/000/317/435/00000/72C26A44-B568-E811-923D-FA163EDF0BCA.root [334,336,337,338,339,335,340]
/store/data/Run2018B/MuOnia/RAW/v1/000/317/435/00000/74EAF418-6468-E811-9D32-FA163EB5CAEE.root [33,35,34,31,32]
/store/data/Run2018B/MuOnia/RAW/v1/000/317/435/00000/783786AD-B568-E811-95E4-FA163E151B14.root [596,597,599,600,602,603,601,604,598]
/store/data/Run2018B/MuOnia/RAW/v1/000/317/435/00000/7C0DBC4D-B568-E811-9229-02163E017F53.root [1237,1236,1239,1243,1246,1235,1238,1240,1241,1245,1244,1234,1233,1242]
/store/data/Run2018B/MuOnia/RAW/v1/000/317/435/00000/7C4D6B5E-B568-E811-A837-FA163E4FDC0F.root [1014,1007,1009,1012,1015,1010,1013,1008,1017,1011,1016,1018]
/store/data/Run2018B/MuOnia/RAW/v1/000/317/435/00000/7CDD83EC-B568-E811-A51B-FA163E64D776.root [395,391,392,393,396,390,394]
/store/data/Run2018B/MuOnia/RAW/v1/000/317/435/00000/7EABE470-B568-E811-B201-FA163E01524B.root [260,263,261,262,264,265]
/store/data/Run2018B/MuOnia/RAW/v1/000/317/435/00000/80047E45-B568-E811-94DD-FA163EAF58A2.root [1082,1090,1088,1089,1084,1085,1094,1081,1083,1086,1091,1087,1092,1093]
/store/data/Run2018B/MuOnia/RAW/v1/000/317/435/00000/80DB7247-B568-E811-9B39-FA163EACE809.root [227,226,228,229,224,225]
/store/data/Run2018B/MuOnia/RAW/v1/000/317/435/00000/80F86D6B-B568-E811-8D1F-FA163E035A8F.root [1309,1310,1312,1313,1308,1314,1303,1304,1305,1307,1316,1306,1311,1315]
/store/data/Run2018B/MuOnia/RAW/v1/000/317/435/00000/82222D5D-B568-E811-8E43-FA163E126A2C.root [671,676,675,668,672,674,670,673,669]
/store/data/Run2018B/MuOnia/RAW/v1/000/317/435/00000/842C2148-B668-E811-BFFB-02163E017EE3.root [886,894,896,893,887,891,890,892,885,888,889,895]
/store/data/Run2018B/MuOnia/RAW/v1/000/317/435/00000/84959354-B568-E811-8949-FA163E35213F.root [934,935,938,936,941,942,933,937,943,944,940,939]
/store/data/Run2018B/MuOnia/RAW/v1/000/317/435/00000/84E3C97A-B568-E811-AECC-FA163E87271F.root [833,830,834,839,838,840,832,835,836,837,831]
/store/data/Run2018B/MuOnia/RAW/v1/000/317/435/00000/8855E147-B568-E811-82C8-FA163EDD6A45.root [958,968,965,962,967,969,960,963,961,964,959,966]
/store/data/Run2018B/MuOnia/RAW/v1/000/317/435/00000/8A30365C-B568-E811-B307-02163E017EF6.root [370,374,372,371,373,375,369]
/store/data/Run2018B/MuOnia/RAW/v1/000/317/435/00000/8C59283F-B568-E811-8710-FA163EE0AD35.root [428,430,431,425,427,429,426]
/store/data/Run2018B/MuOnia/RAW/v1/000/317/435/00000/8CD35D1D-6468-E811-8172-02163E01A095.root [92,93,94,95,96]
/store/data/Run2018B/MuOnia/RAW/v1/000/317/435/00000/8E6ABF85-B568-E811-A3C4-FA163E7F15BA.root [956,945,952,950,949,954,953,948,955,946,957,947,951]
/store/data/Run2018B/MuOnia/RAW/v1/000/317/435/00000/9036069E-B568-E811-A4F6-FA163EBF387E.root [1383,1385,1391,1381,1382,1384,1380,1388,1389,1393,1379,1390,1394,1386,1392,1387]
/store/data/Run2018B/MuOnia/RAW/v1/000/317/435/00000/907B761C-6468-E811-8FAF-FA163EB0D156.root [91,86,89,88,90,87]
/store/data/Run2018B/MuOnia/RAW/v1/000/317/435/00000/90828E86-6768-E811-A455-FA163ED99D50.root [100,99,98,101,97]
/store/data/Run2018B/MuOnia/RAW/v1/000/317/435/00000/90B72143-B568-E811-8BAD-FA163E4219A8.root [584,578,580,581,586,582,583,585,579]
/store/data/Run2018B/MuOnia/RAW/v1/000/317/435/00000/926FE7A9-B568-E811-A9EC-02163E019ED0.root [653,657,655,650,651,652,654,658,656]
/store/data/Run2018B/MuOnia/RAW/v1/000/317/435/00000/940E9240-B568-E811-85B0-FA163E31F891.root [1189,1190,1181,1183,1185,1186,1184,1191,1187,1180,1182,1188]
/store/data/Run2018B/MuOnia/RAW/v1/000/317/435/00000/943CE140-B568-E811-AB94-FA163E6894DC.root [136,137,138,139,140,141]
/store/data/Run2018B/MuOnia/RAW/v1/000/317/435/00000/944B259D-B568-E811-8D66-02163E019EA7.root [528,531,529,530,535,534,532,533]
/store/data/Run2018B/MuOnia/RAW/v1/000/317/435/00000/9699D047-B568-E811-8710-FA163E972CE0.root [868,863,865,870,872,869,873,864,866,867,871]
/store/data/Run2018B/MuOnia/RAW/v1/000/317/435/00000/9A55A23D-B568-E811-B94E-FA163E9ADC84.root [659,660,664,666,667,661,662,665,663]
/store/data/Run2018B/MuOnia/RAW/v1/000/317/435/00000/9CEBC447-AA68-E811-B41C-FA163E17976B.root [123,124]
/store/data/Run2018B/MuOnia/RAW/v1/000/317/435/00000/9E47B38B-B568-E811-B134-FA163E5F5EFC.root [1337,1338,1340,1342,1331,1334,1345,1332,1336,1343,1344,1335,1339,1333,1341,1346]
/store/data/Run2018B/MuOnia/RAW/v1/000/317/435/00000/9E5BC17D-B568-E811-954A-FA163ECD78EC.root [609,608,610,611,613,606,605,607,612]
/store/data/Run2018B/MuOnia/RAW/v1/000/317/435/00000/A23B15BE-B568-E811-834D-FA163EFC15F4.root [681,684,678,680,685,679,682,677,683]
/store/data/Run2018B/MuOnia/RAW/v1/000/317/435/00000/A484C342-B568-E811-81B2-FA163E367374.root [1290,1291,1289,1293,1299,1296,1295,1298,1294,1300,1297,1302,1292,1301]
/store/data/Run2018B/MuOnia/RAW/v1/000/317/435/00000/AAF08B71-B568-E811-9E5F-FA163E19C6F0.root [443,440,442,444,447,445,446,441]
/store/data/Run2018B/MuOnia/RAW/v1/000/317/435/00000/AC134575-B568-E811-87CA-02163E017ECE.root [389,383,385,386,388,384,387]
/store/data/Run2018B/MuOnia/RAW/v1/000/317/435/00000/ACA863EE-B568-E811-BA8B-FA163E75C6E8.root [282,283,281,278,280,279]
/store/data/Run2018B/MuOnia/RAW/v1/000/317/435/00000/AEA1E29C-B568-E811-813A-FA163ECB87AD.root [1047,1050,1043,1046,1051,1052,1054,1044,1045,1048,1049,1053]
/store/data/Run2018B/MuOnia/RAW/v1/000/317/435/00000/AEAC2B71-B568-E811-89C3-FA163E7D8CF4.root [471,472,473,474,470,476,475,477]
/store/data/Run2018B/MuOnia/RAW/v1/000/317/435/00000/AEE50E1F-6468-E811-8B23-FA163EBC8D5F.root [78,80,77,79,76]
/store/data/Run2018B/MuOnia/RAW/v1/000/317/435/00000/B090B993-B568-E811-9005-FA163E469076.root [246,244,243,245,247,242]
/store/data/Run2018B/MuOnia/RAW/v1/000/317/435/00000/B0DC1168-B568-E811-B28E-FA163E7C3146.root [1328,1323,1324,1317,1322,1326,1327,1330,1325,1329,1318,1321,1320,1319]
/store/data/Run2018B/MuOnia/RAW/v1/000/317/435/00000/B2B74960-5D68-E811-BB60-FA163EF56312.root [1,2,3,4,5]
/store/data/Run2018B/MuOnia/RAW/v1/000/317/435/00000/B404B87A-6768-E811-9E94-FA163E0B1665.root [104,106,102,105,103]
/store/data/Run2018B/MuOnia/RAW/v1/000/317/435/00000/B40C0893-B568-E811-83F0-02163E01A099.root [215,214,212,213,216,217]
/store/data/Run2018B/MuOnia/RAW/v1/000/317/435/00000/B62E205C-B568-E811-835C-FA163E361C4E.root [725,728,729,733,726,732,734,727,730,731]
/store/data/Run2018B/MuOnia/RAW/v1/000/317/435/00000/B8373659-B568-E811-BD1C-FA163E07DD78.root [129,130,126,127,128]
/store/data/Run2018B/MuOnia/RAW/v1/000/317/435/00000/B89FE343-B568-E811-A9A9-FA163E260A95.root [617,614,619,622,615,618,616,621,620]
/store/data/Run2018B/MuOnia/RAW/v1/000/317/435/00000/BA96E151-B568-E811-B2F4-FA163ECE68BD.root [353,354,348,351,350,349,352]
/store/data/Run2018B/MuOnia/RAW/v1/000/317/435/00000/BC184556-B568-E811-BCA1-FA163E5D2FA4.root [799,801,802,804,806,797,800,803,807,805,798]
/store/data/Run2018B/MuOnia/RAW/v1/000/317/435/00000/BE07DA89-B568-E811-8A77-FA163ECAE37B.root [882,874,876,877,879,883,875,881,884,878,880]
/store/data/Run2018B/MuOnia/RAW/v1/000/317/435/00000/C4DF5440-B568-E811-9D9C-FA163ED7F3BC.root [143,146,142,144,147,145]
/store/data/Run2018B/MuOnia/RAW/v1/000/317/435/00000/C6759684-B568-E811-B6F5-FA163EF36EEA.root [275,274,276,272,273,277]
/store/data/Run2018B/MuOnia/RAW/v1/000/317/435/00000/C832EC88-B568-E811-8BFC-FA163E84F8F7.root [239,238,237,240,241,236]
/store/data/Run2018B/MuOnia/RAW/v1/000/317/435/00000/C86488A1-B568-E811-A15B-FA163E07E434.root [1348,1354,1360,1362,1350,1353,1347,1352,1357,1358,1359,1349,1351,1355,1356,1361]
/store/data/Run2018B/MuOnia/RAW/v1/000/317/435/00000/C866CC4C-B568-E811-8B39-FA163E1F44DD.root [899,901,902,905,906,907,904,903,908,898,900,897]
/store/data/Run2018B/MuOnia/RAW/v1/000/317/435/00000/CA18209A-B568-E811-A035-02163E019F0B.root [134,131,132,133,135]
/store/data/Run2018B/MuOnia/RAW/v1/000/317/435/00000/CAD0D095-B568-E811-AAF9-FA163EEF4E68.root [292,293,291,290,294,295]
/store/data/Run2018B/MuOnia/RAW/v1/000/317/435/00000/CC6C7684-B568-E811-9C5A-02163E019EB6.root [1262,1261,1268,1263,1266,1265,1267,1270,1273,1269,1272,1264,1271,1274]
/store/data/Run2018B/MuOnia/RAW/v1/000/317/435/00000/CC71F08C-B568-E811-B9F6-FA163EC9CB10.root [848,841,842,846,847,849,851,843,850,845,844]
/store/data/Run2018B/MuOnia/RAW/v1/000/317/435/00000/CE62F247-B568-E811-BF1E-FA163E7599C8.root [173,175,172,170,171,174]
/store/data/Run2018B/MuOnia/RAW/v1/000/317/435/00000/CEF02A5E-B568-E811-AEED-FA163E07C94D.root [1071,1074,1076,1079,1068,1072,1080,1069,1070,1075,1077,1078,1067,1073]
/store/data/Run2018B/MuOnia/RAW/v1/000/317/435/00000/D052CF6E-B568-E811-A789-FA163E27F8CE.root [523,524,525,519,520,521,522,526,527]
/store/data/Run2018B/MuOnia/RAW/v1/000/317/435/00000/D2120159-7368-E811-A0CF-FA163EFE6CE5.root [109,111,108,110,107,112]
/store/data/Run2018B/MuOnia/RAW/v1/000/317/435/00000/D267A11D-6468-E811-BBD5-FA163E1359B0.root [63,64,65,62,61]
/store/data/Run2018B/MuOnia/RAW/v1/000/317/435/00000/D46A462D-6468-E811-A439-FA163E2568EC.root [7,9,10,6,8]
/store/data/Run2018B/MuOnia/RAW/v1/000/317/435/00000/D4B71D49-B568-E811-A3B5-FA163E65399D.root [810,816,818,809,814,815,817,808,811,813,812]
/store/data/Run2018B/MuOnia/RAW/v1/000/317/435/00000/D60F6688-B568-E811-840D-02163E019EBA.root [491,490,488,489,492,493,486,487]
/store/data/Run2018B/MuOnia/RAW/v1/000/317/435/00000/D6F4DA42-B568-E811-BA4F-FA163E35C9D6.root [1110,1115,1113,1114,1118,1121,1111,1122,1112,1116,1117,1119,1120,1109]
/store/data/Run2018B/MuOnia/RAW/v1/000/317/435/00000/D82AF712-7368-E811-98D2-FA163EED34EC.root [117,114,115,116,113]
/store/data/Run2018B/MuOnia/RAW/v1/000/317/435/00000/D89B553D-B568-E811-93A7-FA163E2A8EA2.root [756,760,761,765,758,764,755,762,757,763,759]
/store/data/Run2018B/MuOnia/RAW/v1/000/317/435/00000/DA2416A1-B568-E811-9339-FA163E8F8878.root [310,312,311,308,309,313]
/store/data/Run2018B/MuOnia/RAW/v1/000/317/435/00000/DA6BCA0E-B668-E811-BD10-02163E0165FB.root [911,918,915,916,917,919,920,910,914,913,909,912]
/store/data/Run2018B/MuOnia/RAW/v1/000/317/435/00000/DC1B2C6F-B568-E811-B186-FA163E5962DD.root [183,184,182,185,186,187]
/store/data/Run2018B/MuOnia/RAW/v1/000/317/435/00000/DC7D5B47-B568-E811-96E8-FA163E3FB52E.root [1123,1138,1124,1125,1126,1137,1130,1128,1132,1134,1129,1133,1136,1127,1135,1131]
/store/data/Run2018B/MuOnia/RAW/v1/000/317/435/00000/DEA8E65C-B568-E811-99BE-FA163E1551F7.root [405,406,407,410,408,404,409]
/store/data/Run2018B/MuOnia/RAW/v1/000/317/435/00000/E663E568-B568-E811-9DB2-FA163EC4692E.root [379,377,381,378,376,382,380]
/store/data/Run2018B/MuOnia/RAW/v1/000/317/435/00000/E807777C-B568-E811-BE41-02163E01A000.root [211,206,209,207,208,210]
/store/data/Run2018B/MuOnia/RAW/v1/000/317/435/00000/E8FF8642-B568-E811-9CDE-FA163E9F932A.root [159,163,161,158,160,162]
/store/data/Run2018B/MuOnia/RAW/v1/000/317/435/00000/ECC0E86B-B568-E811-9361-02163E01A082.root [572,574,576,573,570,571,575,577]
/store/data/Run2018B/MuOnia/RAW/v1/000/317/435/00000/ECD57E48-B568-E811-97A3-FA163E2F2005.root [284,285,287,286,288,289]
/store/data/Run2018B/MuOnia/RAW/v1/000/317/435/00000/EE0F9DC0-B568-E811-8D21-FA163E3DFCCB.root [922,926,921,923,924,931,932,925,927,928,929,930]
/store/data/Run2018B/MuOnia/RAW/v1/000/317/435/00000/F0703DA4-B568-E811-A182-FA163E6E5E60.root [323,326,320,322,324,321,325]
/store/data/Run2018B/MuOnia/RAW/v1/000/317/435/00000/F084274C-B568-E811-9CEC-FA163EF08E67.root [623,625,629,631,628,626,630,624,627]
/store/data/Run2018B/MuOnia/RAW/v1/000/317/435/00000/F2441B6E-B568-E811-B8BF-FA163EFFBD97.root [700,695,701,702,704,696,697,699,703,698]
/store/data/Run2018B/MuOnia/RAW/v1/000/317/435/00000/F4237943-B568-E811-8344-FA163E960594.root [502,505,509,510,507,504,508,503,506]
/store/data/Run2018B/MuOnia/RAW/v1/000/317/435/00000/F4DB2B20-6468-E811-BED0-FA163E024BB9.root [82,81,84,85,83]
/store/data/Run2018B/MuOnia/RAW/v1/000/317/435/00000/F658FC1B-6468-E811-9C23-FA163ED09266.root [22,23,25,21,24]
/store/data/Run2018B/MuOnia/RAW/v1/000/317/435/00000/FC3AFC3C-B568-E811-9E69-FA163E3D7AAB.root [151,149,150,148,152]
