/store/data/Run2017B/SinglePhoton/RAW/v1/000/297/227/00000/12319332-7656-E711-939F-02163E019B4A.root [196]
/store/data/Run2017B/SinglePhoton/RAW/v1/000/297/227/00000/3A04A57C-6F56-E711-87E2-02163E011CE3.root [57,63,58,59,62,68,60,65,67,70,72,61,66,69,71,64]
/store/data/Run2017B/SinglePhoton/RAW/v1/000/297/227/00000/46A2F585-7A56-E711-B3E4-02163E01A311.root [190,187,186,192,185,182,181,183,184,191,188,189,193]
/store/data/Run2017B/SinglePhoton/RAW/v1/000/297/227/00000/4EC21862-7656-E711-9D1B-02163E01A618.root [92,104,90,101,103,97,93,98,89,94,99,102,100,91,95,96]
/store/data/Run2017B/SinglePhoton/RAW/v1/000/297/227/00000/8ABDFE45-7A56-E711-9AE9-02163E0144BE.root [142,144,152,139,154,140,143,147,150,151,153,145,146,148,141,149,156,155]
/store/data/Run2017B/SinglePhoton/RAW/v1/000/297/227/00000/98EDBA92-6F56-E711-BB2F-02163E01A40F.root [28,30,35,33,34,39,27,29,31,36,32,26,25,38,40,37]
/store/data/Run2017B/SinglePhoton/RAW/v1/000/297/227/00000/A48C2974-6F56-E711-A9D4-02163E01A223.root [41,54,43,52,56,42,44,46,48,49,53,45,50,51,47,55]
/store/data/Run2017B/SinglePhoton/RAW/v1/000/297/227/00000/AA33EF79-6F56-E711-82AD-02163E019B6C.root [9,13,14,18,20,15,17,11,23,10,19,12,16,22,24,21]
/store/data/Run2017B/SinglePhoton/RAW/v1/000/297/227/00000/BCFB1E3D-7A56-E711-920B-02163E01A43F.root [161,177,157,162,164,166,169,158,159,173,174,163,171,176,178,180,160,165,170,172,167,175,179,168]
/store/data/Run2017B/SinglePhoton/RAW/v1/000/297/227/00000/BE295931-7656-E711-A553-02163E01A460.root [105,114,112,116,106,115,120,107,108,110,113,117,119,111,118,109]
/store/data/Run2017B/SinglePhoton/RAW/v1/000/297/227/00000/E877FA44-7656-E711-AE8C-02163E012A94.root [124,127,128,137,126,134,135,138,122,123,130,129,132,133,136,121,125,131]
/store/data/Run2017B/SinglePhoton/RAW/v1/000/297/227/00000/E8F6E48C-6F56-E711-9B11-02163E01A1DD.root [75,86,74,79,81,80,73,77,82,84,88,78,76,83,85,87]
/store/data/Run2017B/SinglePhoton/RAW/v1/000/297/227/00000/EE8BC728-7E56-E711-8E11-02163E019C3D.root [202,222,232,242,262,265,210,225,230,235,240,254,258,261,204,209,217,219,226,239,243,246,260,263,211,214,221,227,233,245,247,250,205,216,218,228,236,238,241,252,264,266,267,212,213,223,224,234,251,199,200,201,203,220,229,231,244,249,253,255,256,257,259,206,207,208,215,237,248]
