/store/data/Run2022D/ZeroBias/RAW/v1/000/357/538/00000/1d71e6ef-2992-459d-a127-4fcfeaef76ec.root 357538 [5,9,28,33,17,22,34,36,3,10,12,14,15,18,21,31,2,11,13,20,35,4,24,6,8,19,1,16,25,27,29,30,7,23,26,32]
/store/data/Run2022D/ZeroBias/RAW/v1/000/357/538/00000/25b40f94-54c6-4c27-9c32-b1124f55b0fd.root 357538 [49,48,47,50]
/store/data/Run2022D/ZeroBias/RAW/v1/000/357/538/00000/3f97d907-f375-41c1-a553-c55af5295bed.root 357538 [52,53,51,54]
/store/data/Run2022D/ZeroBias/RAW/v1/000/357/538/00000/5ae67a57-dfe1-48ef-8447-c5438c707810.root 357538 [58,57,55,56]
/store/data/Run2022D/ZeroBias/RAW/v1/000/357/538/00000/6c7b56f9-f532-4365-a033-7bfffce9e939.root 357538 [37,46,38,43,41,42,39,40,45,44]
/store/data/Run2022D/ZeroBias/RAW/v1/000/357/538/00000/e930d301-0367-43cf-84cc-1617c68c91dd.root 357538 [62,60,64,59,63,61]
/store/data/Run2022D/ZeroBias/RAW/v1/000/357/542/00000/025021ca-399b-4ec7-b338-1961fd4a019b.root 357542 [17,14,15,16,13]
/store/data/Run2022D/ZeroBias/RAW/v1/000/357/542/00000/06bd7540-c3ea-435e-8f27-1ce50de99865.root 357542 [148,150,152,149,151,147]
/store/data/Run2022D/ZeroBias/RAW/v1/000/357/542/00000/076e328a-d64f-4a05-bdb5-9254854bd0a9.root 357542 [52,54,55,49,50,51,53]
/store/data/Run2022D/ZeroBias/RAW/v1/000/357/542/00000/0c3490df-2a41-48ac-bffb-b83c212408ef.root 357542 [162,163,164,161,160,159]
/store/data/Run2022D/ZeroBias/RAW/v1/000/357/542/00000/0f11a36b-ff14-44d7-b615-c2ec410b445c.root 357542 [114,118,120,115,119,121,116,117]
/store/data/Run2022D/ZeroBias/RAW/v1/000/357/542/00000/123cae4d-f29c-4a06-93af-6bfb8c9006c2.root 357542 [201,202,199,200,197,198]
/store/data/Run2022D/ZeroBias/RAW/v1/000/357/542/00000/2460b344-515b-4d9a-b1a0-cefe759fac93.root 357542 [212,216,211,214,215,213]
/store/data/Run2022D/ZeroBias/RAW/v1/000/357/542/00000/26be7991-3bfc-49da-985b-8ca8df4b7d30.root 357542 [172,175,173,174,176,171]
/store/data/Run2022D/ZeroBias/RAW/v1/000/357/542/00000/2bc4b805-c399-46b8-adde-b8ff9503f4f8.root 357542 [2,3,4,6,5,1]
/store/data/Run2022D/ZeroBias/RAW/v1/000/357/542/00000/2c39dcb8-5a31-43a4-a4b2-bdb11ca74a6f.root 357542 [170,167,168,169,166,165]
/store/data/Run2022D/ZeroBias/RAW/v1/000/357/542/00000/308fdb77-5e21-46cd-a26b-4cdd8807fce3.root 357542 [7,12,9,10,11,8]
/store/data/Run2022D/ZeroBias/RAW/v1/000/357/542/00000/4f043d62-f342-4be6-ad54-cb50519c77a0.root 357542 [220,218,219,221,222,217]
/store/data/Run2022D/ZeroBias/RAW/v1/000/357/542/00000/553b831b-b3aa-4442-93c3-4474c4969e5b.root 357542 [155,156,153,157,158,154]
/store/data/Run2022D/ZeroBias/RAW/v1/000/357/542/00000/5e21d7bf-9dd6-4c2f-8896-caeb53123d1d.root 357542 [123,125,128,124,126,122,127]
/store/data/Run2022D/ZeroBias/RAW/v1/000/357/542/00000/6a2db364-9c63-44a8-871a-d7bf9f30fe86.root 357542 [193,194,192,191,195,196]
/store/data/Run2022D/ZeroBias/RAW/v1/000/357/542/00000/6b9e2000-bf5f-4285-ab9f-b221eb19ac87.root 357542 [229,232,230,231]
/store/data/Run2022D/ZeroBias/RAW/v1/000/357/542/00000/6cf22bab-cd62-4400-ba7f-f7980305bbbd.root 357542 [108,112,109,110,111,113]
/store/data/Run2022D/ZeroBias/RAW/v1/000/357/542/00000/6d543ad1-13d0-408c-ad81-09ed7a0a8c13.root 357542 [98,97,100,96,99,101]
/store/data/Run2022D/ZeroBias/RAW/v1/000/357/542/00000/6fcd7936-446c-40f8-9847-36221185e733.root 357542 [57,58,59,61,56,60]
/store/data/Run2022D/ZeroBias/RAW/v1/000/357/542/00000/70fc9585-f02c-456a-9d08-95de4105cd4b.root 357542 [25,27,26,28,29,23,24]
/store/data/Run2022D/ZeroBias/RAW/v1/000/357/542/00000/7213a5ef-5385-4fda-bb03-e8152be53cc9.root 357542 [31,34,33,30,32,35,36]
/store/data/Run2022D/ZeroBias/RAW/v1/000/357/542/00000/7721496a-c5fa-462b-b685-507397718867.root 357542 [80,79,78,76,81,77]
/store/data/Run2022D/ZeroBias/RAW/v1/000/357/542/00000/939d814d-5b4f-4d5b-a9d3-065ce5f53fea.root 357542 [206,208,210,204,205,209,203,207]
/store/data/Run2022D/ZeroBias/RAW/v1/000/357/542/00000/a1f0a70e-483f-44ed-bc93-f70528f4eb77.root 357542 [187,189,184,188,186,190,183,185]
/store/data/Run2022D/ZeroBias/RAW/v1/000/357/542/00000/a1faf549-04e1-40b6-92ee-0e789d0f7d23.root 357542 [234,235,237,233,236,238]
/store/data/Run2022D/ZeroBias/RAW/v1/000/357/542/00000/a5f185b9-5385-439f-88b3-17867f2e3798.root 357542 [177,181,180,178,179,182]
/store/data/Run2022D/ZeroBias/RAW/v1/000/357/542/00000/ab2fcb0c-a74e-4591-bc04-52c917e7a9c1.root 357542 [239,241,242,240]
/store/data/Run2022D/ZeroBias/RAW/v1/000/357/542/00000/b3e2e6c2-f7f3-46f7-ba0e-63324f6b857f.root 357542 [137,136,129,134,133,130,132,135,131]
/store/data/Run2022D/ZeroBias/RAW/v1/000/357/542/00000/b8f2d730-87b1-4fb7-a848-a22fa42c1215.root 357542 [246,243,245,244]
/store/data/Run2022D/ZeroBias/RAW/v1/000/357/542/00000/bf024d54-151a-494a-9c31-bf52737d8fe0.root 357542 [90,94,89,93,88,91,95,92]
/store/data/Run2022D/ZeroBias/RAW/v1/000/357/542/00000/c0ab973d-7180-4261-a85d-e35b5848c4d0.root 357542 [82,87,84,83,86,85]
/store/data/Run2022D/ZeroBias/RAW/v1/000/357/542/00000/d595117f-4a84-475a-a6f5-0ce0ae59fae6.root 357542 [67,66,64,63,62,65]
/store/data/Run2022D/ZeroBias/RAW/v1/000/357/542/00000/dad46f19-a37c-4b1b-b488-c04c892dbf87.root 357542 [139,138,144,142,141,140,146,143,145]
/store/data/Run2022D/ZeroBias/RAW/v1/000/357/542/00000/def784b3-77b0-4fb2-a151-092af652e08e.root 357542 [39,37,41,38,40,42]
/store/data/Run2022D/ZeroBias/RAW/v1/000/357/542/00000/ecc7a880-937c-4056-b43a-2099072df909.root 357542 [104,105,107,102,103,106]
/store/data/Run2022D/ZeroBias/RAW/v1/000/357/542/00000/eda002db-2d3f-4944-9de6-e67a0b7f3f90.root 357542 [71,68,75,69,73,74,72,70]
/store/data/Run2022D/ZeroBias/RAW/v1/000/357/542/00000/efe4118e-2b05-460d-afc5-6fecf1515b97.root 357542 [45,47,48,44,46,43]
/store/data/Run2022D/ZeroBias/RAW/v1/000/357/542/00000/f7179105-f9f7-4fd4-85cd-63dde2710275.root 357542 [19,22,21,20,18]
/store/data/Run2022D/ZeroBias/RAW/v1/000/357/542/00000/f71ce516-8ed8-4979-bc71-7b63ab660c76.root 357542 [247,248,249,250]
/store/data/Run2022D/ZeroBias/RAW/v1/000/357/542/00000/f8a26b61-7598-4588-9c2a-29637266786e.root 357542 [226,228,223,225,224,227]
/store/data/Run2022D/ZeroBias/RAW/v1/000/357/550/00000/1feab97c-f1da-4d11-b72b-eef2dc165a62.root 357550 [5,2,4,6,1,3]
/store/data/Run2022D/ZeroBias/RAW/v1/000/357/550/00000/23eb0fd1-244a-462b-9ea5-f3c5fc4ed39d.root 357550 [21,17,18,19,20]
/store/data/Run2022D/ZeroBias/RAW/v1/000/357/550/00000/4d9f0ea1-511f-4e03-a277-9b6d8061c2d2.root 357550 [27,23,24,26,25,22]
/store/data/Run2022D/ZeroBias/RAW/v1/000/357/550/00000/714cfaf9-8ad6-4187-ac2c-38a69073924c.root 357550 [35,34,38,36,37]
/store/data/Run2022D/ZeroBias/RAW/v1/000/357/550/00000/792c8f93-f6dc-4cef-a4de-729b86d0dd48.root 357550 [8,7,10,9]
/store/data/Run2022D/ZeroBias/RAW/v1/000/357/550/00000/c73de4bc-260d-428c-8bec-979fd052c9df.root 357550 [31,33,29,30,32,28]
/store/data/Run2022D/ZeroBias/RAW/v1/000/357/550/00000/cbae8374-2b33-4420-86c0-3d85999a0467.root 357550 [14,15,11,13,12,16]
/store/data/Run2022D/ZeroBias/RAW/v1/000/357/610/00000/07de294d-f7c1-4bc8-b43c-50ed3f747d31.root 357610 [198,200,199,201,202,203]
/store/data/Run2022D/ZeroBias/RAW/v1/000/357/610/00000/0b4f060a-115b-4156-a6d3-a2c63e3ff9de.root 357610 [141,142,138,143,140,139]
/store/data/Run2022D/ZeroBias/RAW/v1/000/357/610/00000/0c01219e-3569-4032-b7ac-51c4995e131e.root 357610 [158,157,156,159]
/store/data/Run2022D/ZeroBias/RAW/v1/000/357/610/00000/1018e007-a906-4476-a8f5-1ff5dd602183.root 357610 [73,72,75,74]
/store/data/Run2022D/ZeroBias/RAW/v1/000/357/610/00000/1129ebec-fca8-4364-9143-008512e7aaa1.root 357610 [3,10,35,38,39,24,25,29,44,45,1,9,11,15,19,31,37,2,8,13,21,23,5,7,16,27,32,33,6,17,18,22,36,43,4,12,34,40,42,14,20,26,28,30,41]
/store/data/Run2022D/ZeroBias/RAW/v1/000/357/610/00000/19fa3581-480a-43a2-87ae-5d3fe4fea503.root 357610 [82,81,83,80]
/store/data/Run2022D/ZeroBias/RAW/v1/000/357/610/00000/1c8c5160-2010-44ea-b435-46970862a67a.root 357610 [64,65,66,67]
/store/data/Run2022D/ZeroBias/RAW/v1/000/357/610/00000/1fd59890-4691-4b73-a744-b8b33cf0bc63.root 357610 [88,89,91,90]
/store/data/Run2022D/ZeroBias/RAW/v1/000/357/610/00000/27a8f4fb-4ff8-40aa-8d77-ad82fdc28dbe.root 357610 [123,120,121,122]
/store/data/Run2022D/ZeroBias/RAW/v1/000/357/610/00000/28daf99c-38bd-4fe9-a7ae-858144cb0f55.root 357610 [248,249,250,247]
/store/data/Run2022D/ZeroBias/RAW/v1/000/357/610/00000/2e1f5e2d-72c5-4124-878a-595460f37ef3.root 357610 [234,231,232,233]
/store/data/Run2022D/ZeroBias/RAW/v1/000/357/610/00000/337b090b-7c91-47ba-a7ba-2b9b10b95409.root 357610 [50,62,63,46,48,49,53,47,51,56,54,57,61,60,55,58,59,52]
/store/data/Run2022D/ZeroBias/RAW/v1/000/357/610/00000/38747cfb-4fad-4d7b-80df-88a28a251e77.root 357610 [134,132,136,137,135,133]
/store/data/Run2022D/ZeroBias/RAW/v1/000/357/610/00000/3b41c20c-d12c-44a7-b3d5-9ba846534fdf.root 357610 [237,238,235,236]
/store/data/Run2022D/ZeroBias/RAW/v1/000/357/610/00000/3de85012-6138-45bd-99b4-1392161f83f1.root 357610 [131,130,129,128]
/store/data/Run2022D/ZeroBias/RAW/v1/000/357/610/00000/3e5e39a3-3136-4b4b-8973-63af3d849201.root 357610 [85,87,84,86]
/store/data/Run2022D/ZeroBias/RAW/v1/000/357/610/00000/414c5ff7-bf53-44c0-9de4-e90f70100b1d.root 357610 [207,206,208,209,210]
/store/data/Run2022D/ZeroBias/RAW/v1/000/357/610/00000/459dc584-95e3-4bec-ac98-94af7e533e4f.root 357610 [114,112,113,115]
/store/data/Run2022D/ZeroBias/RAW/v1/000/357/610/00000/4928cc2f-f53e-40b0-aa6e-4f5a4a11759c.root 357610 [78,76,77,79]
/store/data/Run2022D/ZeroBias/RAW/v1/000/357/610/00000/4e7ce1dd-bc2f-4c14-9415-655c628e84bc.root 357610 [205,204]
/store/data/Run2022D/ZeroBias/RAW/v1/000/357/610/00000/52778d37-98fb-4871-827c-d550067e9fa7.root 357610 [224,225,226,223]
/store/data/Run2022D/ZeroBias/RAW/v1/000/357/610/00000/55900f6f-1f4b-4616-9348-0418b15e2385.root 357610 [173,172,175,174]
/store/data/Run2022D/ZeroBias/RAW/v1/000/357/610/00000/5822fc66-fcc9-4561-a4a8-2f63f63dbda9.root 357610 [169,168,171,170]
/store/data/Run2022D/ZeroBias/RAW/v1/000/357/610/00000/58ad33a8-15c4-423c-8248-e1875e5b0394.root 357610 [101,102,100,103]
/store/data/Run2022D/ZeroBias/RAW/v1/000/357/610/00000/5922daef-471d-46ad-bcf9-0c0a06c8c069.root 357610 [145,146,144]
/store/data/Run2022D/ZeroBias/RAW/v1/000/357/610/00000/5bfd2e2b-ab13-4097-96ce-9b0038bbb24f.root 357610 [227,229,230,228]
/store/data/Run2022D/ZeroBias/RAW/v1/000/357/610/00000/64482705-f6bd-4bc8-aeb2-c68500ac3f0d.root 357610 [96,97,99,98]
/store/data/Run2022D/ZeroBias/RAW/v1/000/357/610/00000/68ad7219-6aff-4d62-a6d9-48b5edf28dcc.root 357610 [110,108,109,111]
/store/data/Run2022D/ZeroBias/RAW/v1/000/357/610/00000/69ef2b3f-2bc6-4fb1-930f-958ff24241ac.root 357610 [163,161,162,160]
/store/data/Run2022D/ZeroBias/RAW/v1/000/357/610/00000/6a26766b-d257-45dc-84b4-10bb4d1cb016.root 357610 [239,241,240,242]
/store/data/Run2022D/ZeroBias/RAW/v1/000/357/610/00000/6ba0af39-1687-47fa-b8d1-a5562fb9e7cf.root 357610 [164,166,165,167]
/store/data/Run2022D/ZeroBias/RAW/v1/000/357/610/00000/6f7c22d9-d790-4f22-a5a3-15cdb7a40894.root 357610 [193,194]
/store/data/Run2022D/ZeroBias/RAW/v1/000/357/610/00000/7935972a-7649-486f-b5db-2b58d0b2c64a.root 357610 [188,187,191,192,189,190]
/store/data/Run2022D/ZeroBias/RAW/v1/000/357/610/00000/8d8ec460-a6aa-4722-8689-baead0520a5b.root 357610 [149,147,148]
/store/data/Run2022D/ZeroBias/RAW/v1/000/357/610/00000/8dd09bc1-b9da-4656-841c-8bc8f35195f0.root 357610 [153,154,155]
/store/data/Run2022D/ZeroBias/RAW/v1/000/357/610/00000/961ceb6f-cb97-4d83-a837-4f3b26978f38.root 357610 [220,221,222,219]
/store/data/Run2022D/ZeroBias/RAW/v1/000/357/610/00000/ad5f1a94-0e77-4d0f-90ac-63c8b1e99f97.root 357610 [150,151,152]
/store/data/Run2022D/ZeroBias/RAW/v1/000/357/610/00000/c104c7b0-8d3c-4326-a268-fe8d91e9b789.root 357610 [69,71,68,70]
/store/data/Run2022D/ZeroBias/RAW/v1/000/357/610/00000/c5e5a79e-07a7-46c2-af31-b1d1e5cb15fb.root 357610 [183,185,186,184]
/store/data/Run2022D/ZeroBias/RAW/v1/000/357/610/00000/c6b37599-7d03-44e4-828b-09e6c0ace3a4.root 357610 [251,253,252]
/store/data/Run2022D/ZeroBias/RAW/v1/000/357/610/00000/d1caf189-cde4-4ee1-a46c-d447d85cadc8.root 357610 [104,105,107,106]
/store/data/Run2022D/ZeroBias/RAW/v1/000/357/610/00000/d7fbb217-bff5-4f26-be1d-ea4a7eddcc08.root 357610 [215,218,217,216]
/store/data/Run2022D/ZeroBias/RAW/v1/000/357/610/00000/d819333e-fe70-4cd3-8733-38e3c80488b6.root 357610 [212,211,213,214]
/store/data/Run2022D/ZeroBias/RAW/v1/000/357/610/00000/da6c0731-00d4-476e-b7d0-6292204b5e1e.root 357610 [176,178,177,179]
/store/data/Run2022D/ZeroBias/RAW/v1/000/357/610/00000/e47e81d9-440a-48d0-ba98-1d0529da603f.root 357610 [244,246,243,245]
/store/data/Run2022D/ZeroBias/RAW/v1/000/357/610/00000/e7e61f03-b69d-4c5e-b819-61ea97228abb.root 357610 [195,196,197]
/store/data/Run2022D/ZeroBias/RAW/v1/000/357/610/00000/f0e60c37-6bae-4b3a-a7ef-ccfd288581e8.root 357610 [182,180,181]
/store/data/Run2022D/ZeroBias/RAW/v1/000/357/610/00000/fb4caa93-b4ec-406e-a520-3828c356bf7f.root 357610 [126,124,125,127]
/store/data/Run2022D/ZeroBias/RAW/v1/000/357/610/00000/fbc4788b-78b2-4722-8ae5-a6177763e631.root 357610 [94,92,93,95]
/store/data/Run2022D/ZeroBias/RAW/v1/000/357/610/00000/ffb90b8e-a621-4a76-84fe-7291fd7fec63.root 357610 [119,117,118,116]
