/store/data/Run2016H/MuOnia/RAW/v1/000/283/877/00000/020C971D-F09B-E611-B4DF-FA163E4CDD53.root [431,437,433,432,435,436,434]
/store/data/Run2016H/MuOnia/RAW/v1/000/283/877/00000/029984DF-EF9B-E611-A693-FA163E7DD378.root [423,418,422,420,421,417,419]
/store/data/Run2016H/MuOnia/RAW/v1/000/283/877/00000/0469D2EC-EF9B-E611-AE76-02163E011FFE.root [169,167,174,170,175,166,168,172,173,171]
/store/data/Run2016H/MuOnia/RAW/v1/000/283/877/00000/04A1EA1E-F09B-E611-AFE8-02163E014337.root [454,459,461,458,456,455,457,460]
/store/data/Run2016H/MuOnia/RAW/v1/000/283/877/00000/06537D36-F19B-E611-9706-02163E013736.root [1106,1108,1114,1109,1112,1115,1110,1111,1113,1107]
/store/data/Run2016H/MuOnia/RAW/v1/000/283/877/00000/0A38502B-F09B-E611-AD89-02163E011E8A.root [474,471,472,473,470,476,477,475]
/store/data/Run2016H/MuOnia/RAW/v1/000/283/877/00000/0C92BC66-F19B-E611-AAB1-02163E0120B5.root [1139,1140,1142,1147,1136,1141,1137,1138,1143,1144,1145,1146]
/store/data/Run2016H/MuOnia/RAW/v1/000/283/877/00000/0C94A2E9-EF9B-E611-8CE3-02163E0125FA.root [113,108,110,112,106,107,109,115,114,111]
/store/data/Run2016H/MuOnia/RAW/v1/000/283/877/00000/0C9CF13B-F19B-E611-B5C9-FA163EF996F3.root [1088,1094,1091,1086,1089,1090,1092,1095,1093,1087]
/store/data/Run2016H/MuOnia/RAW/v1/000/283/877/00000/0E5EF253-F19B-E611-A939-02163E0139A4.root [1121,1116,1117,1120,1125,1122,1119,1118,1123,1124]
/store/data/Run2016H/MuOnia/RAW/v1/000/283/877/00000/12B8C82A-F09B-E611-AF42-FA163EF049DF.root [570,567,569,571,572,568,566,573]
/store/data/Run2016H/MuOnia/RAW/v1/000/283/877/00000/1403B12B-F19B-E611-B777-02163E0141EB.root [909,905,907,911,913,906,912,914,908,910]
/store/data/Run2016H/MuOnia/RAW/v1/000/283/877/00000/1470A83F-F19B-E611-B63C-02163E011872.root [1387,1398,1399,1391,1392,1390,1394,1395,1397,1396,1386,1388,1389,1393]
/store/data/Run2016H/MuOnia/RAW/v1/000/283/877/00000/14A62249-F19B-E611-9992-02163E013454.root [1243,1253,1247,1252,1250,1242,1249,1244,1248,1251,1245,1246]
/store/data/Run2016H/MuOnia/RAW/v1/000/283/877/00000/180B3A84-EF9B-E611-9C03-02163E014782.root [62,57,66,64,59,60,61,58,63,65]
/store/data/Run2016H/MuOnia/RAW/v1/000/283/877/00000/1822DAF4-EF9B-E611-BDE4-02163E01284B.root [314,317,318,313,315,312,316]
/store/data/Run2016H/MuOnia/RAW/v1/000/283/877/00000/182C9AF3-EF9B-E611-A928-02163E011A0E.root [256,257,261,258,259,260,262]
/store/data/Run2016H/MuOnia/RAW/v1/000/283/877/00000/18F8162C-F19B-E611-A368-FA163E57CD76.root [997,999,1003,1004,998,996,1000,995,1001,1002]
/store/data/Run2016H/MuOnia/RAW/v1/000/283/877/00000/228675F0-EF9B-E611-B0C9-02163E01414B.root [265,269,263,264,267,268,266]
/store/data/Run2016H/MuOnia/RAW/v1/000/283/877/00000/2409A069-EF9B-E611-907D-FA163E7AC83E.root [29,36,33,35,30,32,34,31,37]
/store/data/Run2016H/MuOnia/RAW/v1/000/283/877/00000/243AAAE7-EF9B-E611-8ACA-02163E0119C3.root [90,92,91,96,88,89,87,95,93,94]
/store/data/Run2016H/MuOnia/RAW/v1/000/283/877/00000/245A6CE7-EF9B-E611-9ADD-02163E01186F.root [134,127,129,128,130,126,135,131,132,133]
/store/data/Run2016H/MuOnia/RAW/v1/000/283/877/00000/28D4ADFA-EF9B-E611-8A46-02163E0143AF.root [369,370,368,373,374,371,372]
/store/data/Run2016H/MuOnia/RAW/v1/000/283/877/00000/327E724E-F19B-E611-B870-02163E0135C4.root [1317,1325,1314,1323,1316,1319,1315,1322,1318,1321,1320,1324]
/store/data/Run2016H/MuOnia/RAW/v1/000/283/877/00000/32CEA539-F19B-E611-91DF-FA163E3F59A0.root [1173,1177,1178,1179,1182,1172,1174,1175,1181,1180,1183,1176]
/store/data/Run2016H/MuOnia/RAW/v1/000/283/877/00000/34FFCDF8-EF9B-E611-A476-02163E0136E8.root [341,340,342,344,346,343,345]
/store/data/Run2016H/MuOnia/RAW/v1/000/283/877/00000/36962AF9-EF9B-E611-90C3-02163E0139DF.root [302,301,298,303,299,300,304]
/store/data/Run2016H/MuOnia/RAW/v1/000/283/877/00000/381FDB21-F09B-E611-9B58-FA163E056622.root [479,482,484,480,478,481,485,483]
/store/data/Run2016H/MuOnia/RAW/v1/000/283/877/00000/38C85EF9-F09B-E611-B2B9-02163E0129C8.root [815,816,817,821,823,819,822,818,824,820]
/store/data/Run2016H/MuOnia/RAW/v1/000/283/877/00000/3A4B0B79-EF9B-E611-891C-FA163E7060F5.root [27,28,23,26,21,24,25,22,20]
/store/data/Run2016H/MuOnia/RAW/v1/000/283/877/00000/3C1D2CED-EF9B-E611-B3FE-FA163E75CEAE.root [321,322,325,320,323,324,319]
/store/data/Run2016H/MuOnia/RAW/v1/000/283/877/00000/3C2FFAC5-F09B-E611-8DF2-FA163E5AD84F.root [799,801,804,797,798,795,800,796,802,803]
/store/data/Run2016H/MuOnia/RAW/v1/000/283/877/00000/3E625635-F09B-E611-B807-FA163E992D5F.root [688,691,686,692,693,687,689,690,685]
/store/data/Run2016H/MuOnia/RAW/v1/000/283/877/00000/3ED635C3-F09B-E611-B7C5-FA163E84A41E.root [753,754,755,756,758,751,752,757]
/store/data/Run2016H/MuOnia/RAW/v1/000/283/877/00000/3EDF99D9-EF9B-E611-AF47-FA163E082A6C.root [203,200,201,205,206,198,197,202,199,204]
/store/data/Run2016H/MuOnia/RAW/v1/000/283/877/00000/3EE787E8-EF9B-E611-ADC9-02163E01449F.root [162,163,161,159,160,165,158,156,157,164]
/store/data/Run2016H/MuOnia/RAW/v1/000/283/877/00000/406C36F4-EF9B-E611-BA09-02163E011C9C.root [246,247,248,238,242,243,244,245,239,240,241]
/store/data/Run2016H/MuOnia/RAW/v1/000/283/877/00000/42B4BCF1-EF9B-E611-AAF3-02163E011A43.root [183,176,177,178,180,185,184,179,181,182]
/store/data/Run2016H/MuOnia/RAW/v1/000/283/877/00000/448C4C5E-F19B-E611-9233-02163E0146D2.root [1078,1080,1081,1079,1083,1084,1076,1082,1085,1077]
/store/data/Run2016H/MuOnia/RAW/v1/000/283/877/00000/46030F5F-F19B-E611-8DD3-02163E01436C.root [1344,1339,1343,1348,1340,1345,1349,1341,1346,1338,1342,1347]
/store/data/Run2016H/MuOnia/RAW/v1/000/283/877/00000/48780F24-F19B-E611-95FD-FA163E22DD57.root [899,901,897,896,904,898,903,895,900,902]
/store/data/Run2016H/MuOnia/RAW/v1/000/283/877/00000/487CFC2D-F19B-E611-AEA2-FA163EE103E4.root [1228,1220,1229,1226,1222,1223,1225,1227,1221,1224,1218,1219]
/store/data/Run2016H/MuOnia/RAW/v1/000/283/877/00000/4A3E38EE-EF9B-E611-9549-FA163E4F3180.root [375,378,376,380,381,379,377]
/store/data/Run2016H/MuOnia/RAW/v1/000/283/877/00000/4C9C6782-EF9B-E611-A4CC-02163E011B3C.root [16,12,18,11,13,15,19,10,14,17]
/store/data/Run2016H/MuOnia/RAW/v1/000/283/877/00000/4CCFE826-F19B-E611-A11D-FA163EC81C35.root [1356,1359,1353,1358,1350,1351,1354,1360,1355,1361,1352,1357]
/store/data/Run2016H/MuOnia/RAW/v1/000/283/877/00000/4E117DF5-EF9B-E611-B385-02163E011A0D.root [271,272,273,275,270,274,276]
/store/data/Run2016H/MuOnia/RAW/v1/000/283/877/00000/4EAD8C21-F09B-E611-A55C-FA163E8E25D7.root [537,534,538,540,535,539,536,541]
/store/data/Run2016H/MuOnia/RAW/v1/000/283/877/00000/521AA330-F09B-E611-B00A-02163E014531.root [673,666,667,668,674,672,669,670,671,675]
/store/data/Run2016H/MuOnia/RAW/v1/000/283/877/00000/52E465E5-EF9B-E611-8E7B-02163E0134AA.root [414,413,410,411,415,416,412]
/store/data/Run2016H/MuOnia/RAW/v1/000/283/877/00000/58964D27-F09B-E611-BB8D-FA163E5A7FFE.root [562,563,564,565,559,560,558,561]
/store/data/Run2016H/MuOnia/RAW/v1/000/283/877/00000/589EC438-F19B-E611-9A58-02163E0138F0.root [959,963,956,960,955,964,957,962,958,961]
/store/data/Run2016H/MuOnia/RAW/v1/000/283/877/00000/5A0D510F-F09B-E611-B913-02163E011FF3.root [363,365,366,361,362,364,367]
/store/data/Run2016H/MuOnia/RAW/v1/000/283/877/00000/5A497A30-F19B-E611-B844-02163E0142CB.root [965,969,974,971,972,967,970,966,968,973]
/store/data/Run2016H/MuOnia/RAW/v1/000/283/877/00000/5A727AEF-EF9B-E611-A879-02163E0118AF.root [228,235,233,236,229,234,230,232,231,237]
/store/data/Run2016H/MuOnia/RAW/v1/000/283/877/00000/5ACEF224-F09B-E611-9004-FA163E73BAEF.root [518,521,522,520,519,525,523,524]
/store/data/Run2016H/MuOnia/RAW/v1/000/283/877/00000/5CB53EF0-EF9B-E611-B160-FA163E791BF7.root [250,251,249,255,252,253,254]
/store/data/Run2016H/MuOnia/RAW/v1/000/283/877/00000/5E207B28-F09B-E611-A889-02163E013989.root [494,496,501,500,495,499,497,498]
/store/data/Run2016H/MuOnia/RAW/v1/000/283/877/00000/6063C5E9-EF9B-E611-9C80-FA163EAC56E9.root [225,218,217,222,219,221,223,220,224,227,226]
/store/data/Run2016H/MuOnia/RAW/v1/000/283/877/00000/60F6291F-F09B-E611-AC5B-FA163E0E24AA.root [502,509,503,508,504,506,507,505]
/store/data/Run2016H/MuOnia/RAW/v1/000/283/877/00000/624D6638-F19B-E611-B5B5-FA163E4BB536.root [1295,1297,1290,1293,1300,1294,1298,1296,1299,1301,1292,1291]
/store/data/Run2016H/MuOnia/RAW/v1/000/283/877/00000/660C9749-F19B-E611-87E1-02163E011CA5.root [1330,1332,1334,1336,1337,1326,1327,1333,1328,1331,1335,1329]
/store/data/Run2016H/MuOnia/RAW/v1/000/283/877/00000/6A198028-F09B-E611-8350-FA163E3D9242.root [594,593,595,591,596,590,597,592]
/store/data/Run2016H/MuOnia/RAW/v1/000/283/877/00000/6C03475B-F19B-E611-838F-02163E014227.root [1382,1376,1380,1385,1378,1379,1377,1381,1374,1375,1383,1384]
/store/data/Run2016H/MuOnia/RAW/v1/000/283/877/00000/6CE742F5-EF9B-E611-BD5B-02163E014682.root [284,286,289,290,287,285,288]
/store/data/Run2016H/MuOnia/RAW/v1/000/283/877/00000/6E34D436-F19B-E611-A6EE-FA163EE76B26.root [1045,1052,1054,1048,1046,1049,1050,1047,1051,1053]
/store/data/Run2016H/MuOnia/RAW/v1/000/283/877/00000/7029DDE7-EF9B-E611-9FB1-FA163EE04E50.root [98,100,104,105,99,103,97,101,102]
/store/data/Run2016H/MuOnia/RAW/v1/000/283/877/00000/729794ED-EF9B-E611-ABDA-FA163EBCC1D3.root [384,385,388,387,382,386,383]
/store/data/Run2016H/MuOnia/RAW/v1/000/283/877/00000/72F61043-F19B-E611-B963-02163E01340B.root [1041,1038,1036,1042,1043,1037,1039,1035,1040,1044]
/store/data/Run2016H/MuOnia/RAW/v1/000/283/877/00000/74F39F46-F19B-E611-BFCA-02163E014384.root [977,979,983,984,975,976,980,978,981,982]
/store/data/Run2016H/MuOnia/RAW/v1/000/283/877/00000/76879F29-F19B-E611-8E03-FA163E77D72F.root [1495,1496,1497,1498,1499]
/store/data/Run2016H/MuOnia/RAW/v1/000/283/877/00000/76E98622-F09B-E611-89FC-FA163EB44EC1.root [526,530,533,527,529,531,528,532]
/store/data/Run2016H/MuOnia/RAW/v1/000/283/877/00000/78252A40-F19B-E611-BA25-02163E01292A.root [1099,1102,1098,1096,1103,1104,1097,1105,1100,1101]
/store/data/Run2016H/MuOnia/RAW/v1/000/283/877/00000/7898B51A-F09B-E611-96D6-FA163EC99E34.root [487,490,486,491,488,493,489,492]
/store/data/Run2016H/MuOnia/RAW/v1/000/283/877/00000/789F3934-F19B-E611-A413-02163E011E8A.root [1027,1029,1031,1026,1028,1032,1025,1034,1030,1033]
/store/data/Run2016H/MuOnia/RAW/v1/000/283/877/00000/7A580A78-EF9B-E611-A3F0-02163E0143D3.root [1,2,8,4,3,5,9,6,7]
/store/data/Run2016H/MuOnia/RAW/v1/000/283/877/00000/7A8DEC55-F09B-E611-85BD-02163E011BEA.root [707,704,710,703,706,709,705,708]
/store/data/Run2016H/MuOnia/RAW/v1/000/283/877/00000/7AA5A02F-F09B-E611-92A6-02163E0146E3.root [609,606,608,607,610,611,612,613]
/store/data/Run2016H/MuOnia/RAW/v1/000/283/877/00000/7C102EEF-EF9B-E611-9766-02163E011C42.root [146,149,152,148,150,147,151,153,154,155]
/store/data/Run2016H/MuOnia/RAW/v1/000/283/877/00000/7CFF7EE6-EF9B-E611-9BC8-02163E013533.root [116,117,122,124,125,118,120,119,121,123]
/store/data/Run2016H/MuOnia/RAW/v1/000/283/877/00000/7E2F28C9-F09B-E611-833E-FA163EBADF63.root [791,792,793,785,789,788,790,794,786,787]
/store/data/Run2016H/MuOnia/RAW/v1/000/283/877/00000/7E9E9A24-F09B-E611-9D88-FA163E5D1380.root [605,598,601,600,602,603,599,604]
/store/data/Run2016H/MuOnia/RAW/v1/000/283/877/00000/82923DCF-F09B-E611-B56B-02163E014229.root [770,784,779,774,777,769,780,775,776,778,782,783,772,773,781,771]
/store/data/Run2016H/MuOnia/RAW/v1/000/283/877/00000/82EA203E-F19B-E611-9E89-FA163E8C642C.root [1425,1429,1431,1435,1428,1432,1433,1436,1430,1434,1426,1427]
/store/data/Run2016H/MuOnia/RAW/v1/000/283/877/00000/8691B657-F19B-E611-9441-02163E0134E0.root [1061,1059,1055,1057,1058,1056,1062,1063,1060,1064]
/store/data/Run2016H/MuOnia/RAW/v1/000/283/877/00000/86E9C6E1-EF9B-E611-B985-02163E014127.root [396,397,402,398,400,399,401]
/store/data/Run2016H/MuOnia/RAW/v1/000/283/877/00000/881F2F40-F19B-E611-BD56-02163E014617.root [1150,1156,1148,1149,1155,1157,1151,1152,1154,1158,1159,1153]
/store/data/Run2016H/MuOnia/RAW/v1/000/283/877/00000/887CEAE2-EF9B-E611-9BDD-02163E013417.root [407,406,409,405,403,404,408]
/store/data/Run2016H/MuOnia/RAW/v1/000/283/877/00000/8AFF140B-F09B-E611-B681-FA163E2C38F6.root [424,427,426,430,425,428,429]
/store/data/Run2016H/MuOnia/RAW/v1/000/283/877/00000/8E2283FD-EF9B-E611-A1BF-02163E0119F6.root [389,390,391,394,395,392,393]
/store/data/Run2016H/MuOnia/RAW/v1/000/283/877/00000/92652635-F19B-E611-85B8-FA163E6732A6.root [985,986,987,989,992,988,990,991,994,993]
/store/data/Run2016H/MuOnia/RAW/v1/000/283/877/00000/926A4232-F19B-E611-AEB1-02163E011B3C.root [938,939,942,943,935,941,940,936,937,944]
/store/data/Run2016H/MuOnia/RAW/v1/000/283/877/00000/94040B38-F09B-E611-B3A1-02163E0138F0.root [748,749,745,746,743,750,744,747]
/store/data/Run2016H/MuOnia/RAW/v1/000/283/877/00000/94C0B03E-F19B-E611-92DC-02163E012699.root [1164,1160,1162,1161,1163,1165,1168,1169,1166,1167,1170,1171]
/store/data/Run2016H/MuOnia/RAW/v1/000/283/877/00000/96F9EFF2-EF9B-E611-AEB0-02163E014302.root [282,279,283,277,280,278,281]
/store/data/Run2016H/MuOnia/RAW/v1/000/283/877/00000/9A6AAD7F-EF9B-E611-87C1-02163E011890.root [39,43,44,45,38,41,42,40,46]
/store/data/Run2016H/MuOnia/RAW/v1/000/283/877/00000/9AC43541-F19B-E611-AE57-02163E0118E9.root [1009,1010,1011,1012,1014,1006,1005,1007,1008,1013]
/store/data/Run2016H/MuOnia/RAW/v1/000/283/877/00000/9E7DAF33-F09B-E611-B483-02163E013507.root [659,660,662,665,657,663,664,661,658]
/store/data/Run2016H/MuOnia/RAW/v1/000/283/877/00000/A08CCE21-F09B-E611-9D5A-02163E012280.root [442,443,445,438,439,440,441,444]
/store/data/Run2016H/MuOnia/RAW/v1/000/283/877/00000/A47D63FC-EF9B-E611-B9D2-02163E0127EA.root [326,330,332,331,327,328,329]
/store/data/Run2016H/MuOnia/RAW/v1/000/283/877/00000/A4F93238-F09B-E611-B56F-02163E011BCD.root [731,727,730,733,734,728,729,732]
/store/data/Run2016H/MuOnia/RAW/v1/000/283/877/00000/A65D362E-F09B-E611-B730-02163E0138A8.root [614,618,617,616,619,622,615,620,621]
/store/data/Run2016H/MuOnia/RAW/v1/000/283/877/00000/A6678F34-F09B-E611-B9F3-02163E011D48.root [651,656,649,650,654,655,653,652]
/store/data/Run2016H/MuOnia/RAW/v1/000/283/877/00000/AA79E130-F09B-E611-9D7C-02163E0142F3.root [716,711,712,713,718,714,715,717]
/store/data/Run2016H/MuOnia/RAW/v1/000/283/877/00000/ACD3B636-F09B-E611-8726-02163E013686.root [737,741,735,738,740,736,742,739]
/store/data/Run2016H/MuOnia/RAW/v1/000/283/877/00000/B0233833-F19B-E611-8C13-FA163EA3F048.root [1196,1198,1204,1202,1205,1194,1197,1200,1203,1195,1199,1201]
/store/data/Run2016H/MuOnia/RAW/v1/000/283/877/00000/B02589F0-EF9B-E611-9639-02163E011D79.root [186,193,196,191,187,190,194,195,189,192,188]
/store/data/Run2016H/MuOnia/RAW/v1/000/283/877/00000/B0BFDE31-F19B-E611-9803-02163E014767.root [1448,1446,1440,1442,1443,1445,1438,1441,1437,1444,1447,1439]
/store/data/Run2016H/MuOnia/RAW/v1/000/283/877/00000/B2101A4A-F09B-E611-B5A1-02163E0144AE.root [681,683,684,677,678,682,679,676,680]
/store/data/Run2016H/MuOnia/RAW/v1/000/283/877/00000/B23986C8-F09B-E611-93D0-02163E011CBF.root [760,762,764,768,761,765,766,759,767,763]
/store/data/Run2016H/MuOnia/RAW/v1/000/283/877/00000/B4404924-F19B-E611-A091-02163E011CA6.root [872,865,866,867,873,868,874,869,871,870]
/store/data/Run2016H/MuOnia/RAW/v1/000/283/877/00000/B471213A-F09B-E611-8078-02163E011F83.root [627,626,624,625,629,630,623,628]
/store/data/Run2016H/MuOnia/RAW/v1/000/283/877/00000/B6385B3B-F19B-E611-8EF4-02163E01282A.root [1413,1422,1416,1417,1418,1419,1412,1414,1415,1420,1421,1423,1424]
/store/data/Run2016H/MuOnia/RAW/v1/000/283/877/00000/B63E0F2D-F09B-E611-9BD4-FA163E3E3E8F.root [546,549,547,544,548,542,543,545]
/store/data/Run2016H/MuOnia/RAW/v1/000/283/877/00000/B81D822D-F19B-E611-8831-FA163EF5CCC7.root [947,954,948,945,951,953,946,950,952,949]
/store/data/Run2016H/MuOnia/RAW/v1/000/283/877/00000/B880C34C-F19B-E611-AC26-02163E0143C1.root [1207,1211,1214,1210,1213,1209,1212,1216,1208,1206,1215,1217]
/store/data/Run2016H/MuOnia/RAW/v1/000/283/877/00000/BA4F3434-F09B-E611-BCE4-02163E013779.root [636,639,632,635,638,631,637,633,634]
/store/data/Run2016H/MuOnia/RAW/v1/000/283/877/00000/BA748724-F19B-E611-BDCE-FA163E5DF425.root [917,922,923,918,919,924,916,921,915,920]
/store/data/Run2016H/MuOnia/RAW/v1/000/283/877/00000/BAAEB5F4-EF9B-E611-802B-02163E014475.root [293,292,294,296,297,291,295]
/store/data/Run2016H/MuOnia/RAW/v1/000/283/877/00000/BCE12E3B-F19B-E611-BEA7-02163E011991.root [1451,1453,1458,1450,1457,1449,1454,1452,1456,1459,1455,1460]
/store/data/Run2016H/MuOnia/RAW/v1/000/283/877/00000/BCF8423D-F19B-E611-9DE8-FA163E8FBC89.root [1130,1133,1135,1127,1129,1131,1126,1128,1132,1134]
/store/data/Run2016H/MuOnia/RAW/v1/000/283/877/00000/BEECBB33-F09B-E611-8B06-02163E0140F4.root [578,576,580,574,577,579,581,575]
/store/data/Run2016H/MuOnia/RAW/v1/000/283/877/00000/C0988F4C-F19B-E611-91D4-02163E011E13.root [1066,1067,1071,1075,1069,1072,1073,1065,1068,1070,1074]
/store/data/Run2016H/MuOnia/RAW/v1/000/283/877/00000/C4B51128-F09B-E611-84B2-02163E014365.root [510,515,512,517,513,514,511,516]
/store/data/Run2016H/MuOnia/RAW/v1/000/283/877/00000/C6862687-EF9B-E611-9CA0-02163E014357.root [48,49,53,56,51,47,54,55,52,50]
/store/data/Run2016H/MuOnia/RAW/v1/000/283/877/00000/C6BFBCFD-EF9B-E611-A4BE-02163E011C23.root [357,355,356,360,359,354,358]
/store/data/Run2016H/MuOnia/RAW/v1/000/283/877/00000/CC20002A-F19B-E611-80A1-02163E01413D.root [894,885,889,888,891,886,887,892,890,893]
/store/data/Run2016H/MuOnia/RAW/v1/000/283/877/00000/CC690B53-F19B-E611-B28E-02163E011E4A.root [1278,1284,1285,1289,1288,1280,1281,1286,1283,1287,1279,1282]
/store/data/Run2016H/MuOnia/RAW/v1/000/283/877/00000/CE7F8129-F19B-E611-B123-02163E0142D7.root [933,929,930,927,931,932,926,934,925,928]
/store/data/Run2016H/MuOnia/RAW/v1/000/283/877/00000/CE859F00-F19B-E611-9486-02163E01345F.root [831,829,830,825,834,826,827,828,832,833]
/store/data/Run2016H/MuOnia/RAW/v1/000/283/877/00000/CEE06E36-F09B-E611-ABEF-02163E011F7B.root [648,642,646,641,643,644,645,640,647]
/store/data/Run2016H/MuOnia/RAW/v1/000/283/877/00000/D40C43F8-F09B-E611-BC5C-02163E011E14.root [843,844,841,838,837,842,835,836,840,839]
/store/data/Run2016H/MuOnia/RAW/v1/000/283/877/00000/D4DBEBF8-F09B-E611-BD2C-FA163EDD0A35.root [851,852,854,853,846,845,847,848,849,850]
/store/data/Run2016H/MuOnia/RAW/v1/000/283/877/00000/D4DE5E2E-F09B-E611-8554-02163E011806.root [552,553,551,555,550,554,556,557]
/store/data/Run2016H/MuOnia/RAW/v1/000/283/877/00000/D83AFA4F-F19B-E611-9E91-FA163E0D91FA.root [1185,1186,1193,1192,1187,1189,1191,1188,1190,1184]
/store/data/Run2016H/MuOnia/RAW/v1/000/283/877/00000/D866CC33-F19B-E611-81F5-02163E011EBC.root [1465,1468,1470,1472,1474,1475,1466,1469,1476,1479,1480,1461,1464,1478,1462,1463,1467,1471,1473,1477]
/store/data/Run2016H/MuOnia/RAW/v1/000/283/877/00000/D8C50137-F09B-E611-9088-02163E012251.root [701,702,694,697,698,700,696,695,699]
/store/data/Run2016H/MuOnia/RAW/v1/000/283/877/00000/DA551437-F19B-E611-B877-FA163E7E848B.root [1258,1263,1264,1265,1255,1259,1260,1256,1257,1261,1262,1254]
/store/data/Run2016H/MuOnia/RAW/v1/000/283/877/00000/DA79DA33-F19B-E611-9AAD-02163E011A28.root [1400,1406,1408,1401,1407,1409,1410,1411,1404,1403,1405,1402]
/store/data/Run2016H/MuOnia/RAW/v1/000/283/877/00000/DE3D0640-F19B-E611-AA33-02163E013524.root [1309,1307,1310,1308,1303,1311,1312,1313,1304,1305,1306,1302]
/store/data/Run2016H/MuOnia/RAW/v1/000/283/877/00000/E01E5644-F19B-E611-9067-02163E01415E.root [1019,1021,1024,1016,1020,1023,1015,1017,1018,1022]
/store/data/Run2016H/MuOnia/RAW/v1/000/283/877/00000/EAA707E8-EF9B-E611-A67B-02163E011AA7.root [136,137,141,145,140,138,144,139,143,142]
/store/data/Run2016H/MuOnia/RAW/v1/000/283/877/00000/EC0B03FA-EF9B-E611-8B25-FA163EFAF617.root [351,352,350,349,347,348,353]
/store/data/Run2016H/MuOnia/RAW/v1/000/283/877/00000/EE255CF3-EF9B-E611-A0F3-02163E0146D6.root [307,309,306,310,311,305,308]
/store/data/Run2016H/MuOnia/RAW/v1/000/283/877/00000/F00985EE-EF9B-E611-A02C-02163E011C64.root [214,216,213,215,211,212,208,210,207,209]
/store/data/Run2016H/MuOnia/RAW/v1/000/283/877/00000/F0E2031E-F09B-E611-BD7D-02163E014148.root [467,468,463,464,462,466,469,465]
/store/data/Run2016H/MuOnia/RAW/v1/000/283/877/00000/F24F5B2E-F19B-E611-9631-02163E012634.root [877,880,875,876,879,884,878,881,882,883]
/store/data/Run2016H/MuOnia/RAW/v1/000/283/877/00000/F25A2187-EF9B-E611-9529-02163E01413D.root [71,73,74,75,68,70,67,72,76,69]
/store/data/Run2016H/MuOnia/RAW/v1/000/283/877/00000/F47241FB-F09B-E611-A645-02163E01389C.root [812,814,810,811,806,807,805,808,809,813]
/store/data/Run2016H/MuOnia/RAW/v1/000/283/877/00000/F4743D43-F19B-E611-B466-02163E01388F.root [1482,1489,1487,1483,1485,1494,1481,1491,1484,1486,1488,1490,1492,1493]
/store/data/Run2016H/MuOnia/RAW/v1/000/283/877/00000/F4B9EE2F-F09B-E611-95B7-02163E0119BB.root [586,587,583,582,588,589,584,585]
/store/data/Run2016H/MuOnia/RAW/v1/000/283/877/00000/F4F986E8-F09B-E611-B2DA-02163E011EF3.root [858,859,860,856,861,862,863,855,857,864]
/store/data/Run2016H/MuOnia/RAW/v1/000/283/877/00000/F8479F33-F09B-E611-B839-02163E011CD4.root [719,724,726,720,722,723,725,721]
/store/data/Run2016H/MuOnia/RAW/v1/000/283/877/00000/F886D8ED-EF9B-E611-A05C-FA163E752C5A.root [333,336,334,337,339,335,338]
/store/data/Run2016H/MuOnia/RAW/v1/000/283/877/00000/FA2F3078-EF9B-E611-AD75-FA163E46B4DA.root [81,86,84,80,85,77,79,78,82,83]
/store/data/Run2016H/MuOnia/RAW/v1/000/283/877/00000/FC3D1A59-F19B-E611-BB94-02163E012749.root [1363,1369,1364,1368,1370,1372,1362,1367,1373,1366,1371,1365]
/store/data/Run2016H/MuOnia/RAW/v1/000/283/877/00000/FC923A2B-F09B-E611-852D-02163E011AB6.root [446,447,450,451,453,452,448,449]
/store/data/Run2016H/MuOnia/RAW/v1/000/283/877/00000/FCC53F2E-F19B-E611-AB19-FA163EB7BBE5.root [1233,1241,1230,1239,1240,1236,1232,1231,1234,1238,1235,1237]
/store/data/Run2016H/MuOnia/RAW/v1/000/283/877/00000/FE601E5D-F19B-E611-A3FF-02163E011A31.root [1266,1270,1272,1276,1271,1269,1274,1277,1273,1267,1268,1275]
