/store/data/Run2022B/ZeroBias/RAW/v1/000/355/374/00000/02b5f824-0761-4cb4-bd08-321ad153b2f6.root 355374 [65,63,66,64]
/store/data/Run2022B/ZeroBias/RAW/v1/000/355/374/00000/05b74850-a08f-4000-831f-7b7f08098538.root 355374 [78,79]
/store/data/Run2022B/ZeroBias/RAW/v1/000/355/374/00000/28b8ff67-444a-4f3c-a108-3c2e6b746cbf.root 355374 [67]
/store/data/Run2022B/ZeroBias/RAW/v1/000/355/374/00000/384549ad-01bd-4e93-9fef-c5ec99887582.root 355374 [77,76]
/store/data/Run2022B/ZeroBias/RAW/v1/000/355/374/00000/3b7df137-58de-402b-89fc-70a398772dbd.root 355374 [74,75]
/store/data/Run2022B/ZeroBias/RAW/v1/000/355/374/00000/4a963ede-d05d-47a0-8d73-b97545b5cf16.root 355374 [68,69]
/store/data/Run2022B/ZeroBias/RAW/v1/000/355/374/00000/949adf3d-0669-4f18-b522-faa0f9ac7748.root 355374 [84,82,83,81,80]
/store/data/Run2022B/ZeroBias/RAW/v1/000/355/374/00000/99aadcd7-e25f-4399-a70b-ebf6a2652b17.root 355374 [42,43,51,41,50,53,44,45,46,49,52,56,58,47,48,57,54,55]
/store/data/Run2022B/ZeroBias/RAW/v1/000/355/374/00000/d1a036d8-afae-4142-8ba7-0e8dd0285935.root 355374 [73,72]
/store/data/Run2022B/ZeroBias/RAW/v1/000/355/374/00000/dac6e4dc-f379-40ab-b57e-ed721579f665.root 355374 [70,71]
/store/data/Run2022B/ZeroBias/RAW/v1/000/355/374/00000/e3892e24-959f-492e-ab57-5f1969dad8d1.root 355374 [7,15,20,30,36,37,39,19,28,8,11,17,26,29,35,40,6,12,16,18,25,27,1,2,3,13,21,23,31,5,14,22,9,10,24,32,33,38,4,34]
/store/data/Run2022B/ZeroBias/RAW/v1/000/355/374/00000/fd1896f5-9c0b-4314-a60a-33b9d0c250e2.root 355374 [62,59,61,60]
