357503
357511
357517
357523
357527
357528
357529
357532
357533
357536
357537
357538
357539
357540
357542
357550
357554
357556
357557
357558
357559
357561
357562
357563
357574
357575
357576
357579
357594
357595
357596
357600
357601
357603
357605
357606
357607
357608
357609
357610
357611
357612
357613
357615
357623
357629
357632
357633
357635
357636
357637
357638
357639
357640
357645
357648
357651
357652
357653
357654
357655
357656
357657
357659
357660
357661
357662
357666
357670
357675
357677
357679
357682
357683
357684
357685
357686
357687
357688
357693
357694
357695
357696
357697
357698
357699
357700
357701
357704
357705
357706
357707
357710
357711
357714
357715
357716
357718
357719
357720
357722
357723
357724
357725
357726
357727
357729
357731
357732
357733
357734
357735
357742
357749
357751
357752
357753
357754
357756
357757
357758
357759
357760
357761
357762
357763
357764
357766
357767
357769
357770
357771
357776
357777
357778
357779
357780
357781
357784
357786
357791
357796
357797
357801
357802
357803
357804
357805
357806
357807
357808
357809
357812
357813
357814
357815
357817
357833
357844
357854
357858
357859
357861
357863
357866
357868
357869
357870
357871
357875
357877
357878
357881
357882
357883
357885
357886
357887
357888
357889
357890
357891
357892
357893
357894
357895
357896
357897
357898
357899
357900
357901
357902
357903
357909
357911
357922
357923
357924
357925
357926
357930
357934
357935
357936
357938
357941
357946
357948
357950
357951
357952
357955
357957
357958
357964
357965
357967
357973
357974
357975
357976
357978
357979
357980
357982
357984
357985
357986
357987
357989
357994
358015
358029
358030
358033
358035
358037
358040
358043
358044
358092
358093
358096
358097
358098
358152
358154
358155
358157
358159
358164
358165
358166
358167
358169
358176
358177
358178
358181
358184
358185
358186
358187
358190
358192
358193
358194
358196
358197
358198
358204
358206
358209
358210
358211
358212
358213
358215
358217
358218
358219
358221
358227
358228
358253
358254
358255
358256
358259
358262
358273
358281
358282
358283
358284
358285
358298
358300
358302
358307
358308
358315
358316
358317
358322
358324
358326
358327
358329
358333
358334
358336
358373
358375
358379
358381
358382
358383
358393
358399
358400
358401
358402
358403
358412
358437
358442
358443
358445
358446
358455
358456
358457
358459
358460
358461
358462
358486
358487
358509
358512
358514
358515
358516
358517
358518
358519
358522
358524
358585
358586
358589
358594
358599
358602
358610
358625
358626
358628
358630
358631
358632
358633
358634
358644
358645
358646
358652
358654
358667
358672
358673
358677
358680
358682
358709
358710
358711
358722
358728
358756
358757
358788
358791
358792
358821
358822
358823
358824
358825
358827
358828
358831
358834
358835
358858
358868
358870
358874
358876
358877
358879
358880
358882
358883
358884
358886
358887
358889
358890
358891
358892
358893
358895
358896
358898
358900
358906
358909
358910
358911
358913
358914
358917
358919
358921
358922
358926
358927
358929
358931
358934
358935
358939
358960
358984
359000
359007
359008
359009
359012
359013
359015
359017
359018
359019
359020
359021
