369827
369844
369854
369866
369867
369869
369870
369872
369873
369879
369901
369911
369927
369943
369951
369956
369964
369978
369982
369984
369991
369994
369998
369999
370000
370005
370090
370091
370092
370093
370095
370096
370097
370100
370101
370102
370129
370144
370165
370169
370171
370172
370175
370192
370195
370196
370197
370243
370293
370294
370299
370300
370304
370307
370321
370332
370340
370354
370355
370357
370405
370406
370436
370460
370471
370472
370496
370497
370522
370528
370560
370579
370580
370616
370648
370654
370663
370664
370665
370666
370667
370694
370717
370725
370749
370750
370751
370753
370772
370774
370775
370776
370790
371225
371227
