/store/data/Run2023C/JetMET0/RAW/v1/000/367/095/00000/000806e1-280b-44d7-a05b-bc44d36cb665.root 367095 [306,307]
/store/data/Run2023C/JetMET0/RAW/v1/000/367/095/00000/005f707b-c8a6-4da0-8fe3-29ae63d5015a.root 367095 [480,481]
/store/data/Run2023C/JetMET0/RAW/v1/000/367/095/00000/00ce0c1f-1ece-43a8-a198-4ac7c6e71891.root 367095 [42,43,45,46,47,44]
/store/data/Run2023C/JetMET0/RAW/v1/000/367/095/00000/0418bf49-e7b5-4ee0-8826-ee5b5af0ffa5.root 367095 [543,542]
/store/data/Run2023C/JetMET0/RAW/v1/000/367/095/00000/0528bc22-49fc-4b16-9f5e-49c6625ee833.root 367095 [221,220]
/store/data/Run2023C/JetMET0/RAW/v1/000/367/095/00000/067da9e1-1ee6-4688-a6fa-c93cb9e54c13.root 367095 [390,391]
/store/data/Run2023C/JetMET0/RAW/v1/000/367/095/00000/076d8ca1-829a-496c-83da-065037e42e61.root 367095 [274,275]
/store/data/Run2023C/JetMET0/RAW/v1/000/367/095/00000/07f57ee3-dfb9-4043-9f17-f8222fb447dd.root 367095 [517,516]
/store/data/Run2023C/JetMET0/RAW/v1/000/367/095/00000/09a3ffe6-4d7e-4dc2-9a0d-da5858b584b4.root 367095 [512,513]
/store/data/Run2023C/JetMET0/RAW/v1/000/367/095/00000/0cf05e74-3bbd-4981-8229-372c0a9f79a2.root 367095 [48,52,49,50,51]
/store/data/Run2023C/JetMET0/RAW/v1/000/367/095/00000/0dedf08e-ad57-4403-9702-555382c340d7.root 367095 [164,165]
/store/data/Run2023C/JetMET0/RAW/v1/000/367/095/00000/0dff9b88-2517-4ff8-a241-474328127eb6.root 367095 [287,286]
/store/data/Run2023C/JetMET0/RAW/v1/000/367/095/00000/0e569801-f0e9-43d2-975b-ad5764bc07ad.root 367095 [204,205]
/store/data/Run2023C/JetMET0/RAW/v1/000/367/095/00000/0ed32d0d-e73e-4c17-ae8e-e438802c0127.root 367095 [467,466]
/store/data/Run2023C/JetMET0/RAW/v1/000/367/095/00000/0f39deb5-dc57-4c02-baa5-3bd8bccd777b.root 367095 [528,529]
/store/data/Run2023C/JetMET0/RAW/v1/000/367/095/00000/10b9b6e8-c8fb-4700-9994-386b00513ad3.root 367095 [1,3,2,4,5]
/store/data/Run2023C/JetMET0/RAW/v1/000/367/095/00000/10bfd762-caab-4282-849d-b27b79efba8b.root 367095 [318,319]
/store/data/Run2023C/JetMET0/RAW/v1/000/367/095/00000/1154ee12-3d29-4edb-ae68-6ec967bd5579.root 367095 [108,109,110]
/store/data/Run2023C/JetMET0/RAW/v1/000/367/095/00000/117dc1a6-4e1a-4dab-b80c-2ca76236e07e.root 367095 [132,133]
/store/data/Run2023C/JetMET0/RAW/v1/000/367/095/00000/11c86a6a-b9eb-4ffe-8bfe-a964f5dfadde.root 367095 [186,187]
/store/data/Run2023C/JetMET0/RAW/v1/000/367/095/00000/129df43d-1bc5-45d1-b046-db758cb82d3d.root 367095 [347,346]
/store/data/Run2023C/JetMET0/RAW/v1/000/367/095/00000/12f64243-d068-4f5d-908c-48fb74bbe96a.root 367095 [112,111]
/store/data/Run2023C/JetMET0/RAW/v1/000/367/095/00000/148e044b-0019-4aa1-899e-1dd77d2321bc.root 367095 [192,193]
/store/data/Run2023C/JetMET0/RAW/v1/000/367/095/00000/14f41f93-6677-40b0-9b90-b414cfb90f8a.root 367095 [188,189]
/store/data/Run2023C/JetMET0/RAW/v1/000/367/095/00000/153077d1-2c89-4856-905d-313599e9f00b.root 367095 [414,415]
/store/data/Run2023C/JetMET0/RAW/v1/000/367/095/00000/171baa06-368b-4ed7-9f01-cb67661f3c30.root 367095 [401,400]
/store/data/Run2023C/JetMET0/RAW/v1/000/367/095/00000/17a3ccce-b74a-4b0c-a5be-0d2c790b7b02.root 367095 [171,170]
/store/data/Run2023C/JetMET0/RAW/v1/000/367/095/00000/1877601a-1ead-4389-82dc-1e78974c3bc0.root 367095 [257,256]
/store/data/Run2023C/JetMET0/RAW/v1/000/367/095/00000/1a88ba4b-a731-4331-8ccb-10763d0baeb4.root 367095 [241,240]
/store/data/Run2023C/JetMET0/RAW/v1/000/367/095/00000/1aa375cf-4b13-4144-a48e-36371efc244d.root 367095 [152,153]
/store/data/Run2023C/JetMET0/RAW/v1/000/367/095/00000/1b870aad-c91b-42bb-a915-a73c29e8bee5.root 367095 [374,375]
/store/data/Run2023C/JetMET0/RAW/v1/000/367/095/00000/1f06eec6-69fa-4771-b484-370cd0e9b06c.root 367095 [238,239]
/store/data/Run2023C/JetMET0/RAW/v1/000/367/095/00000/1f61af5a-ce95-4ed9-9b5c-d9b6cd0d2f7f.root 367095 [531,530]
/store/data/Run2023C/JetMET0/RAW/v1/000/367/095/00000/204a98ef-20d0-472c-baf9-6baf3640f55c.root 367095 [440,441]
/store/data/Run2023C/JetMET0/RAW/v1/000/367/095/00000/2134ee3d-31d9-44db-861e-6311e501c044.root 367095 [506,507]
/store/data/Run2023C/JetMET0/RAW/v1/000/367/095/00000/23b9ff4c-fc71-46e3-ac15-b7e86c57687a.root 367095 [75,76,77,74]
/store/data/Run2023C/JetMET0/RAW/v1/000/367/095/00000/25ae80db-a877-44ae-9829-3fec5f5fd494.root 367095 [491,490]
/store/data/Run2023C/JetMET0/RAW/v1/000/367/095/00000/25dc2a1c-c346-404f-9f3c-4c481dcf93e4.root 367095 [385,384]
/store/data/Run2023C/JetMET0/RAW/v1/000/367/095/00000/26345a81-003e-41aa-9bc5-04716c7297d7.root 367095 [548,549]
/store/data/Run2023C/JetMET0/RAW/v1/000/367/095/00000/2653ad35-6244-4e6e-83a0-e84675e7807b.root 367095 [413,412]
/store/data/Run2023C/JetMET0/RAW/v1/000/367/095/00000/26ce002e-4cbb-41dc-975d-744394ee04a8.root 367095 [161]
/store/data/Run2023C/JetMET0/RAW/v1/000/367/095/00000/284c8294-a994-4fce-b530-8bd496ef63e6.root 367095 [422,423]
/store/data/Run2023C/JetMET0/RAW/v1/000/367/095/00000/2998368a-0f5e-48fd-87ea-71ef04ea9527.root 367095 [533,532]
/store/data/Run2023C/JetMET0/RAW/v1/000/367/095/00000/2a15e04d-4f8b-4a16-b7a4-b844516852dd.root 367095 [416,417]
/store/data/Run2023C/JetMET0/RAW/v1/000/367/095/00000/2a886628-2a74-45b1-a670-3730a3817433.root 367095 [489,488]
/store/data/Run2023C/JetMET0/RAW/v1/000/367/095/00000/2b9a0cc2-9d10-44b0-b360-0ef8c8b7dd91.root 367095 [537,536]
/store/data/Run2023C/JetMET0/RAW/v1/000/367/095/00000/2d7cf6d0-b8b8-4f65-9acb-4eb8e99967a5.root 367095 [339,338]
/store/data/Run2023C/JetMET0/RAW/v1/000/367/095/00000/2d84e103-a176-4e34-97ce-027883eaca38.root 367095 [89,86,87,88]
/store/data/Run2023C/JetMET0/RAW/v1/000/367/095/00000/2f6abead-dd46-467f-bda4-12891df971c6.root 367095 [443,442]
/store/data/Run2023C/JetMET0/RAW/v1/000/367/095/00000/2fae0acb-2b94-40df-9002-7666a9a78d5f.root 367095 [254,255]
/store/data/Run2023C/JetMET0/RAW/v1/000/367/095/00000/318b27f4-e595-4e34-9b52-d330a8e8a37f.root 367095 [246,247]
/store/data/Run2023C/JetMET0/RAW/v1/000/367/095/00000/31b845bc-5d39-4b56-b32d-008d826cebe6.root 367095 [34,32,33,31,35,30]
/store/data/Run2023C/JetMET0/RAW/v1/000/367/095/00000/31cd96f6-187d-4df5-9a9d-940fbff82778.root 367095 [131,130]
/store/data/Run2023C/JetMET0/RAW/v1/000/367/095/00000/34424fd0-05cf-4649-b76d-ddd3308c7c73.root 367095 [546,547]
/store/data/Run2023C/JetMET0/RAW/v1/000/367/095/00000/344cdc6f-1b94-4e79-b22a-59bd01b4f32f.root 367095 [418,419]
/store/data/Run2023C/JetMET0/RAW/v1/000/367/095/00000/34f6d5cd-5680-409f-8044-a80df878efb6.root 367095 [121,120]
/store/data/Run2023C/JetMET0/RAW/v1/000/367/095/00000/37076c12-87c9-4aa7-9a9d-d0d76b06d19d.root 367095 [297,296]
/store/data/Run2023C/JetMET0/RAW/v1/000/367/095/00000/37dc24cc-59b1-4086-8b0e-06105d8c307c.root 367095 [252,253]
/store/data/Run2023C/JetMET0/RAW/v1/000/367/095/00000/397d0080-a21e-4e3c-be10-b4f19bf9f880.root 367095 [113,114]
/store/data/Run2023C/JetMET0/RAW/v1/000/367/095/00000/39ff76cd-203c-43b7-b25c-d387253d56e9.root 367095 [462,463]
/store/data/Run2023C/JetMET0/RAW/v1/000/367/095/00000/3d782ce0-f507-4682-88c3-31e47c1e8e2f.root 367095 [183,182]
/store/data/Run2023C/JetMET0/RAW/v1/000/367/095/00000/3e4518bb-0716-43fc-9a2e-477ba3144f4c.root 367095 [59,58,61,60]
/store/data/Run2023C/JetMET0/RAW/v1/000/367/095/00000/3eb02e10-9320-47d0-89bc-71bb574a9ce4.root 367095 [229,228]
/store/data/Run2023C/JetMET0/RAW/v1/000/367/095/00000/3fecaf9f-5bf0-4b29-a006-029c86422c9f.root 367095 [150,151]
/store/data/Run2023C/JetMET0/RAW/v1/000/367/095/00000/4177f82a-15c1-4118-ac3a-16fa4e277ebb.root 367095 [237,236]
/store/data/Run2023C/JetMET0/RAW/v1/000/367/095/00000/4195ea80-63dd-4641-a73d-6961fbdfc68f.root 367095 [449,448]
/store/data/Run2023C/JetMET0/RAW/v1/000/367/095/00000/43dfaf0e-7f1d-4a8d-8970-5165a32be8d3.root 367095 [134,135]
/store/data/Run2023C/JetMET0/RAW/v1/000/367/095/00000/44968c8c-f784-431d-a6bb-5863da7a3129.root 367095 [298,299]
/store/data/Run2023C/JetMET0/RAW/v1/000/367/095/00000/4648d1be-67c8-4158-9fca-f4a55672f760.root 367095 [444,445]
/store/data/Run2023C/JetMET0/RAW/v1/000/367/095/00000/46b72282-7c6e-4fb2-992c-73597357e6f1.root 367095 [377,376]
/store/data/Run2023C/JetMET0/RAW/v1/000/367/095/00000/473b7fb8-c568-4dd4-8462-f8be9cbf2ecc.root 367095 [197,196]
/store/data/Run2023C/JetMET0/RAW/v1/000/367/095/00000/49c89c30-f359-41c2-a39a-152dd5caf0ee.root 367095 [518,519]
/store/data/Run2023C/JetMET0/RAW/v1/000/367/095/00000/4a64e0a3-12c2-48c8-8286-dfe14bbc0df2.root 367095 [145,144]
/store/data/Run2023C/JetMET0/RAW/v1/000/367/095/00000/4c0bcc1e-44a6-42b0-afa1-59116e4c1eb7.root 367095 [63,64,65,62]
/store/data/Run2023C/JetMET0/RAW/v1/000/367/095/00000/4d75cffb-1582-4b11-8a05-eb5bb3647b5b.root 367095 [173,172]
/store/data/Run2023C/JetMET0/RAW/v1/000/367/095/00000/4db49fe1-c78d-4874-b0a3-971908680932.root 367095 [125,124]
/store/data/Run2023C/JetMET0/RAW/v1/000/367/095/00000/4dec8677-43e9-4a7c-a171-0ab4f0c93687.root 367095 [179,178]
/store/data/Run2023C/JetMET0/RAW/v1/000/367/095/00000/4e5793a3-f716-4fcc-9f86-c1df39861fd2.root 367095 [451,450]
/store/data/Run2023C/JetMET0/RAW/v1/000/367/095/00000/4eefef06-8334-4e74-9d26-59fed331a727.root 367095 [562,563]
/store/data/Run2023C/JetMET0/RAW/v1/000/367/095/00000/4f775151-6ed9-48fd-8bae-247212f09553.root 367095 [554,555]
/store/data/Run2023C/JetMET0/RAW/v1/000/367/095/00000/4f8b5324-1c44-4833-a9e5-e9af643d3197.root 367095 [420,421]
/store/data/Run2023C/JetMET0/RAW/v1/000/367/095/00000/50462c60-ab3d-4093-8d98-9bbd5260be87.root 367095 [366,367]
/store/data/Run2023C/JetMET0/RAW/v1/000/367/095/00000/506d7db6-3412-4f8a-a33a-b4ac1b4d8c7f.root 367095 [312,313]
/store/data/Run2023C/JetMET0/RAW/v1/000/367/095/00000/507eb746-0fb1-4180-b8e4-226fb0e68462.root 367095 [207,206]
/store/data/Run2023C/JetMET0/RAW/v1/000/367/095/00000/529a520b-79e4-474d-adef-db7b71b6cd7e.root 367095 [194,195]
/store/data/Run2023C/JetMET0/RAW/v1/000/367/095/00000/52cd1e5b-3e55-4da1-b0cb-39ad3bd34f4d.root 367095 [180,181]
/store/data/Run2023C/JetMET0/RAW/v1/000/367/095/00000/52ee12ca-4169-472f-bbd0-24cc71ddc0b4.root 367095 [469,468]
/store/data/Run2023C/JetMET0/RAW/v1/000/367/095/00000/53334046-a245-47aa-a2d2-57576cb5bcd7.root 367095 [453,452]
/store/data/Run2023C/JetMET0/RAW/v1/000/367/095/00000/53bd377b-28d8-4a19-b253-c4c8c22c062f.root 367095 [510,511]
/store/data/Run2023C/JetMET0/RAW/v1/000/367/095/00000/53cf4b55-4682-4039-8bee-5a1e59ed0fe1.root 367095 [6,8,9,7,11,10]
/store/data/Run2023C/JetMET0/RAW/v1/000/367/095/00000/57559de1-c7a1-4437-b4e3-6f128d555822.root 367095 [119,118]
/store/data/Run2023C/JetMET0/RAW/v1/000/367/095/00000/590bfd71-1fcb-4298-964d-f6a76f8e2411.root 367095 [224,225]
/store/data/Run2023C/JetMET0/RAW/v1/000/367/095/00000/5a2ceff2-5b5f-4232-84b9-9c7f2c4465c3.root 367095 [15,17,16,12,13,14]
/store/data/Run2023C/JetMET0/RAW/v1/000/367/095/00000/5c2e26b7-a1e2-4b4f-a8e4-312c2aa368ed.root 367095 [90,92,91]
/store/data/Run2023C/JetMET0/RAW/v1/000/367/095/00000/5d9833be-d58b-4736-8809-a071cb4b139f.root 367095 [465,464]
/store/data/Run2023C/JetMET0/RAW/v1/000/367/095/00000/626c7b49-ef6b-4fa8-9926-85c1cd2463f7.root 367095 [404,405]
/store/data/Run2023C/JetMET0/RAW/v1/000/367/095/00000/63dc7402-35f4-4350-ba29-f43dd798b218.root 367095 [406,407]
/store/data/Run2023C/JetMET0/RAW/v1/000/367/095/00000/66d18d40-a6fb-4b60-946d-57170a0e6a3b.root 367095 [345,344]
/store/data/Run2023C/JetMET0/RAW/v1/000/367/095/00000/676eef5d-0fd8-45e4-bd4f-1b6cc9a9a5c8.root 367095 [331,332,330]
/store/data/Run2023C/JetMET0/RAW/v1/000/367/095/00000/69c24a39-353a-462c-811e-247b8357f198.root 367095 [156]
/store/data/Run2023C/JetMET0/RAW/v1/000/367/095/00000/6cd36aa9-8dd1-4362-9226-7ef15697b2f5.root 367095 [363,362]
/store/data/Run2023C/JetMET0/RAW/v1/000/367/095/00000/6dabbcd3-f11b-4628-b72b-0ba8fbf7fd38.root 367095 [378,379]
/store/data/Run2023C/JetMET0/RAW/v1/000/367/095/00000/6ded2356-3a91-4f74-9fb2-a1bfa5546d5a.root 367095 [482,483]
/store/data/Run2023C/JetMET0/RAW/v1/000/367/095/00000/6fd52f1b-dd4a-4ede-be7a-1e62352c35f8.root 367095 [389,388]
/store/data/Run2023C/JetMET0/RAW/v1/000/367/095/00000/727a1b5a-e2dc-4092-9afb-993f31d69c92.root 367095 [73,70,71,72]
/store/data/Run2023C/JetMET0/RAW/v1/000/367/095/00000/7435a1af-8e40-434f-8b56-7c64a31da682.root 367095 [521,520]
/store/data/Run2023C/JetMET0/RAW/v1/000/367/095/00000/74831456-a4cd-41fa-8550-6fd725a4bd58.root 367095 [493,492]
/store/data/Run2023C/JetMET0/RAW/v1/000/367/095/00000/74d28dec-f38b-4a1b-8a16-4f8acca25b9d.root 367095 [295,294]
/store/data/Run2023C/JetMET0/RAW/v1/000/367/095/00000/74ec3952-8a8b-49a9-86fc-1b3f0f480686.root 367095 [148,149]
/store/data/Run2023C/JetMET0/RAW/v1/000/367/095/00000/7662a6dd-767b-4c74-9a91-251eaaa69d0c.root 367095 [427,426]
/store/data/Run2023C/JetMET0/RAW/v1/000/367/095/00000/769d4628-3b20-41f3-8730-d3ca5311f404.root 367095 [233,232]
/store/data/Run2023C/JetMET0/RAW/v1/000/367/095/00000/76e0ea6e-bf5a-4d45-99a5-e1d9e3da0ed1.root 367095 [21,20,19,22,23,18]
/store/data/Run2023C/JetMET0/RAW/v1/000/367/095/00000/77785f59-e4fc-49b5-b64a-5a73ecb70a58.root 367095 [558,559]
/store/data/Run2023C/JetMET0/RAW/v1/000/367/095/00000/7817fe3a-7751-484b-b8c4-a03cd6fcfd2b.root 367095 [258,259]
/store/data/Run2023C/JetMET0/RAW/v1/000/367/095/00000/7934a0df-c585-493c-a60c-7b4823515585.root 367095 [226,227]
/store/data/Run2023C/JetMET0/RAW/v1/000/367/095/00000/7c9b9446-7cda-42de-b635-088e67b0c49c.root 367095 [127,126]
/store/data/Run2023C/JetMET0/RAW/v1/000/367/095/00000/805b5405-693f-4d2e-b336-785f39a53512.root 367095 [219,218]
/store/data/Run2023C/JetMET0/RAW/v1/000/367/095/00000/80a88518-c85e-4438-89cd-5ac20c5c1f0f.root 367095 [158]
/store/data/Run2023C/JetMET0/RAW/v1/000/367/095/00000/80efb967-367e-4f9a-a91f-7c87df6a73ae.root 367095 [176,177]
/store/data/Run2023C/JetMET0/RAW/v1/000/367/095/00000/810b7234-a87c-4eff-a03a-c8c7eea7af76.root 367095 [372,373]
/store/data/Run2023C/JetMET0/RAW/v1/000/367/095/00000/830364ff-eaf6-430c-b67c-12089966af2a.root 367095 [142,143]
/store/data/Run2023C/JetMET0/RAW/v1/000/367/095/00000/846b0ae8-2fd5-42dd-bf60-f1c6e2685448.root 367095 [270,271]
/store/data/Run2023C/JetMET0/RAW/v1/000/367/095/00000/84dbb5d1-63e6-40ab-9e3e-4e18dfccb34f.root 367095 [26,25,27,24,28,29]
/store/data/Run2023C/JetMET0/RAW/v1/000/367/095/00000/85cd3a8e-e0bd-4a4c-9918-afbad8465d2f.root 367095 [290,291]
/store/data/Run2023C/JetMET0/RAW/v1/000/367/095/00000/87211668-254f-4328-ae0b-6cc6e2b31cea.root 367095 [475,474]
/store/data/Run2023C/JetMET0/RAW/v1/000/367/095/00000/87e50a95-1892-43eb-8d6f-19f9a8c22969.root 367095 [334,333,335]
/store/data/Run2023C/JetMET0/RAW/v1/000/367/095/00000/87fc9720-8dcf-4f2c-8392-b3e0ca2bb9ff.root 367095 [396,397]
/store/data/Run2023C/JetMET0/RAW/v1/000/367/095/00000/8891ddd1-3651-4192-b207-2545c29997a6.root 367095 [97,96,98]
/store/data/Run2023C/JetMET0/RAW/v1/000/367/095/00000/88a10ad4-c7ac-41bc-ae59-fdaa8e5bedef.root 367095 [455,454]
/store/data/Run2023C/JetMET0/RAW/v1/000/367/095/00000/88a328e0-4224-4b3c-baa3-9cf5ab0f5dfa.root 367095 [289,288]
/store/data/Run2023C/JetMET0/RAW/v1/000/367/095/00000/8b4b1f60-8941-4b97-847f-9aa00100d943.root 367095 [343,342]
/store/data/Run2023C/JetMET0/RAW/v1/000/367/095/00000/8b9e9eb8-7a24-4075-935b-4eb5c18183ac.root 367095 [213,212]
/store/data/Run2023C/JetMET0/RAW/v1/000/367/095/00000/8bddaf96-0a32-4c80-948c-190beabb0f34.root 367095 [438,439]
/store/data/Run2023C/JetMET0/RAW/v1/000/367/095/00000/8cf8c9ec-e93c-4fe5-aa6a-0e24c6666278.root 367095 [282,283]
/store/data/Run2023C/JetMET0/RAW/v1/000/367/095/00000/8dd712a4-aee5-4b40-be88-0e094d34dc35.root 367095 [550,551]
/store/data/Run2023C/JetMET0/RAW/v1/000/367/095/00000/8e6d8d9e-2b42-4700-bae5-dc25ae4e815e.root 367095 [383,382]
/store/data/Run2023C/JetMET0/RAW/v1/000/367/095/00000/8ef9410f-a771-4f1d-a73e-0bada2a56b59.root 367095 [425,424]
/store/data/Run2023C/JetMET0/RAW/v1/000/367/095/00000/8fa66614-6c22-42aa-86e6-b561f76bec91.root 367095 [355,354]
/store/data/Run2023C/JetMET0/RAW/v1/000/367/095/00000/90014e36-ac1c-4c8b-b114-3b5628246923.root 367095 [292,293]
/store/data/Run2023C/JetMET0/RAW/v1/000/367/095/00000/90e97631-8087-475f-8156-78730784624f.root 367095 [281,280]
/store/data/Run2023C/JetMET0/RAW/v1/000/367/095/00000/9151c258-08bb-40bf-a304-d4407fbc1e25.root 367095 [381,380]
/store/data/Run2023C/JetMET0/RAW/v1/000/367/095/00000/9267e179-3b55-4d6d-9a86-3a3de88b165d.root 367095 [315,314]
/store/data/Run2023C/JetMET0/RAW/v1/000/367/095/00000/93eb0a39-5d75-4d70-b187-5fba6a040521.root 367095 [321,320]
/store/data/Run2023C/JetMET0/RAW/v1/000/367/095/00000/948bad2f-ab1b-44c2-801a-41b6ea88ec3f.root 367095 [368,369]
/store/data/Run2023C/JetMET0/RAW/v1/000/367/095/00000/953abe5d-718a-49b7-b4c6-5d15918801d6.root 367095 [392,393]
/store/data/Run2023C/JetMET0/RAW/v1/000/367/095/00000/95a88215-4c15-4790-a491-2f92e64cb61a.root 367095 [487,486]
/store/data/Run2023C/JetMET0/RAW/v1/000/367/095/00000/9754a498-451a-461f-9503-36af8242591f.root 367095 [524,525]
/store/data/Run2023C/JetMET0/RAW/v1/000/367/095/00000/977c1997-d813-4871-8652-48199ea4edfb.root 367095 [211,210]
/store/data/Run2023C/JetMET0/RAW/v1/000/367/095/00000/9a21fafe-4c10-4c86-a3e3-185a07ea7d22.root 367095 [409,408]
/store/data/Run2023C/JetMET0/RAW/v1/000/367/095/00000/9a8fbfce-3c2f-42a5-86f4-b1f40f955aa3.root 367095 [167,166]
/store/data/Run2023C/JetMET0/RAW/v1/000/367/095/00000/9c2dbc86-772a-420e-aff7-7706d9b47540.root 367095 [154,155]
/store/data/Run2023C/JetMET0/RAW/v1/000/367/095/00000/9c3105d5-92d6-4695-beed-c998e6d735bd.root 367095 [69,67,68,66]
/store/data/Run2023C/JetMET0/RAW/v1/000/367/095/00000/9c34a0c6-2a9e-4a77-811b-7d8163a440a6.root 367095 [337,336]
/store/data/Run2023C/JetMET0/RAW/v1/000/367/095/00000/9c6a7f35-dcb0-4d02-8a73-a88fe23e1871.root 367095 [484,485]
/store/data/Run2023C/JetMET0/RAW/v1/000/367/095/00000/9d08bac7-3919-4c5e-8996-d97709424d71.root 367095 [242,243]
/store/data/Run2023C/JetMET0/RAW/v1/000/367/095/00000/9f33bf8c-e2ae-40f0-a2e0-1e50c2be3ee2.root 367095 [136,137]
/store/data/Run2023C/JetMET0/RAW/v1/000/367/095/00000/9f4fc961-5c91-4f6d-90c9-2b152b68ca18.root 367095 [403,402]
/store/data/Run2023C/JetMET0/RAW/v1/000/367/095/00000/9f8af1dd-340b-405d-bebc-7037b559b55e.root 367095 [168,169]
/store/data/Run2023C/JetMET0/RAW/v1/000/367/095/00000/9f96c7b6-ea5d-4403-804e-a7f933eb90f7.root 367095 [267,266]
/store/data/Run2023C/JetMET0/RAW/v1/000/367/095/00000/a03a191d-a414-4781-8b5f-33407b3e6867.root 367095 [434,435]
/store/data/Run2023C/JetMET0/RAW/v1/000/367/095/00000/a0c77055-8356-47e2-becc-f5aa20878733.root 367095 [365,364]
/store/data/Run2023C/JetMET0/RAW/v1/000/367/095/00000/a131df01-db59-48fe-b766-ac38fe567470.root 367095 [39,38,36,41,37,40]
/store/data/Run2023C/JetMET0/RAW/v1/000/367/095/00000/a19f97ee-fb45-4cf6-a60b-123d7ef40c62.root 367095 [394,395]
/store/data/Run2023C/JetMET0/RAW/v1/000/367/095/00000/a3e03487-e235-486c-ae8c-54e08425b08f.root 367095 [538,539]
/store/data/Run2023C/JetMET0/RAW/v1/000/367/095/00000/a4604269-4837-492c-a6d4-f7ee73f5c6d1.root 367095 [146,147]
/store/data/Run2023C/JetMET0/RAW/v1/000/367/095/00000/a4654eb0-74f0-4f35-81e7-b6e48c80f109.root 367095 [159,160]
/store/data/Run2023C/JetMET0/RAW/v1/000/367/095/00000/a4ae2bd3-bd60-4b3a-a23f-7f0e49cb2d02.root 367095 [496,497]
/store/data/Run2023C/JetMET0/RAW/v1/000/367/095/00000/a4c50b19-3b3d-46ab-b5c7-ada14a2bbef9.root 367095 [122,123]
/store/data/Run2023C/JetMET0/RAW/v1/000/367/095/00000/a63a0673-6406-466c-88ba-f30862a9cb0b.root 367095 [214,215]
/store/data/Run2023C/JetMET0/RAW/v1/000/367/095/00000/a64d9e27-dc96-4862-a226-25359b41f9b9.root 367095 [302,303]
/store/data/Run2023C/JetMET0/RAW/v1/000/367/095/00000/a6643cdf-f2ee-4951-a9c3-d38d47be5168.root 367095 [456,457]
/store/data/Run2023C/JetMET0/RAW/v1/000/367/095/00000/a8466fb9-6f8c-4a9e-bf0a-8b4c8be4cca7.root 367095 [329,328]
/store/data/Run2023C/JetMET0/RAW/v1/000/367/095/00000/acd800a6-f1f7-463e-9b01-00da054181c2.root 367095 [322,323]
/store/data/Run2023C/JetMET0/RAW/v1/000/367/095/00000/ace52876-2749-4da9-aab2-3a28a24f1d30.root 367095 [262,263]
/store/data/Run2023C/JetMET0/RAW/v1/000/367/095/00000/ad98b884-0b13-424e-94b7-534174f0048c.root 367095 [327,326]
/store/data/Run2023C/JetMET0/RAW/v1/000/367/095/00000/aea45390-79ef-439c-9eb6-626b57db85cb.root 367095 [81,78,79,80]
/store/data/Run2023C/JetMET0/RAW/v1/000/367/095/00000/aeead578-bfba-4ce1-8209-49ee8feed820.root 367095 [185,184]
/store/data/Run2023C/JetMET0/RAW/v1/000/367/095/00000/afeb94e7-96de-4168-94ee-f2c1fd774bc3.root 367095 [317,316]
/store/data/Run2023C/JetMET0/RAW/v1/000/367/095/00000/b15cd607-a24a-4fbe-82e8-163af838fc0a.root 367095 [437,436]
/store/data/Run2023C/JetMET0/RAW/v1/000/367/095/00000/b26ed08c-fbff-45cf-a3fd-fde4a345067b.root 367095 [208,209]
/store/data/Run2023C/JetMET0/RAW/v1/000/367/095/00000/b2948364-5ba5-47a4-b152-604e7bf42065.root 367095 [231,230]
/store/data/Run2023C/JetMET0/RAW/v1/000/367/095/00000/b3dc342a-8168-4ea6-ba1c-088792c267c9.root 367095 [324,325]
/store/data/Run2023C/JetMET0/RAW/v1/000/367/095/00000/b51db584-8bfc-4801-b3d4-fa10f2d32a52.root 367095 [360,361]
/store/data/Run2023C/JetMET0/RAW/v1/000/367/095/00000/b533fb17-f8d5-4c40-bf77-ccf130807137.root 367095 [139,138]
/store/data/Run2023C/JetMET0/RAW/v1/000/367/095/00000/b55c807f-a987-4aa3-a5b4-b4c96eee6e57.root 367095 [200,201]
/store/data/Run2023C/JetMET0/RAW/v1/000/367/095/00000/b7f9728b-2e7b-4d73-b902-4befb70c8148.root 367095 [477,476]
/store/data/Run2023C/JetMET0/RAW/v1/000/367/095/00000/b8175f7d-7fce-4721-a674-280b40bfc0a2.root 367095 [544,545]
/store/data/Run2023C/JetMET0/RAW/v1/000/367/095/00000/b91a19da-bc78-400a-ace6-abdf030eadf2.root 367095 [251,250]
/store/data/Run2023C/JetMET0/RAW/v1/000/367/095/00000/b9f86557-0597-45c6-868a-38bda35062e6.root 367095 [358,359]
/store/data/Run2023C/JetMET0/RAW/v1/000/367/095/00000/ba10edd5-1bb9-4e4d-a7d6-be1682268d4a.root 367095 [357,356]
/store/data/Run2023C/JetMET0/RAW/v1/000/367/095/00000/bafcf32e-b3ba-45da-865e-c67bb4a999e4.root 367095 [508,509]
/store/data/Run2023C/JetMET0/RAW/v1/000/367/095/00000/bd128aed-68cd-4511-9975-5dcc23509091.root 367095 [285,284]
/store/data/Run2023C/JetMET0/RAW/v1/000/367/095/00000/beabb9c9-4188-49c7-bcc2-9cfbe779b15b.root 367095 [541,540]
/store/data/Run2023C/JetMET0/RAW/v1/000/367/095/00000/bef4c052-59c3-4160-b2c4-8e419b02fef6.root 367095 [217,216]
/store/data/Run2023C/JetMET0/RAW/v1/000/367/095/00000/bff6bfeb-3a65-4246-9947-730ad60119b7.root 367095 [494,495]
/store/data/Run2023C/JetMET0/RAW/v1/000/367/095/00000/c1418ab3-3d46-4efd-81ff-699daa4b5907.root 367095 [446,447]
/store/data/Run2023C/JetMET0/RAW/v1/000/367/095/00000/c1b87f68-cdd4-4428-b219-56c757befe5b.root 367095 [458,459]
/store/data/Run2023C/JetMET0/RAW/v1/000/367/095/00000/c1ffe12d-5847-4966-95b5-513d73576620.root 367095 [478,479]
/store/data/Run2023C/JetMET0/RAW/v1/000/367/095/00000/c3662189-78da-4edf-9ad8-113cca359d5f.root 367095 [94,95,93]
/store/data/Run2023C/JetMET0/RAW/v1/000/367/095/00000/c3b0b0bd-5266-4522-ac2b-68b2acda5ee6.root 367095 [515,514]
/store/data/Run2023C/JetMET0/RAW/v1/000/367/095/00000/c3f9f85a-3f72-492c-85ca-b7c77913cb98.root 367095 [522,523]
/store/data/Run2023C/JetMET0/RAW/v1/000/367/095/00000/c50f707d-6bbf-4c0b-b2ee-abcd82886035.root 367095 [140,141]
/store/data/Run2023C/JetMET0/RAW/v1/000/367/095/00000/c64d164a-6d0e-4eb0-81f5-7928ba9bb54c.root 367095 [157]
/store/data/Run2023C/JetMET0/RAW/v1/000/367/095/00000/c8d08d3a-6a09-4535-97ff-bb0395129252.root 367095 [305,304]
/store/data/Run2023C/JetMET0/RAW/v1/000/367/095/00000/c96f9f11-47ba-419a-93a4-92c77a5e44f5.root 367095 [82,85,83,84]
/store/data/Run2023C/JetMET0/RAW/v1/000/367/095/00000/ca84820e-2584-4e22-a431-c603daefa1ba.root 367095 [552,553]
/store/data/Run2023C/JetMET0/RAW/v1/000/367/095/00000/cbc59a73-658c-4a31-a56e-fa0cf0dd974d.root 367095 [410,411]
/store/data/Run2023C/JetMET0/RAW/v1/000/367/095/00000/cbce3691-4b33-4f33-b0c4-94b38312280a.root 367095 [279,278]
/store/data/Run2023C/JetMET0/RAW/v1/000/367/095/00000/cc89036e-b9c6-4444-949a-02fa1af0cb64.root 367095 [310,311]
/store/data/Run2023C/JetMET0/RAW/v1/000/367/095/00000/cf47c819-a099-4138-afbd-b029fe3c1781.root 367095 [432,433]
/store/data/Run2023C/JetMET0/RAW/v1/000/367/095/00000/d01b86f6-0568-4184-b991-8b71cbc201a8.root 367095 [222,223]
/store/data/Run2023C/JetMET0/RAW/v1/000/367/095/00000/d0a530d7-86f7-483b-9734-a99fd17e7950.root 367095 [526,527]
/store/data/Run2023C/JetMET0/RAW/v1/000/367/095/00000/d1989255-0a8a-43a6-8265-965f39c1a502.root 367095 [272,273]
/store/data/Run2023C/JetMET0/RAW/v1/000/367/095/00000/d1ce1f40-7f3a-4483-8e93-4cfba0b42bd9.root 367095 [309,308]
/store/data/Run2023C/JetMET0/RAW/v1/000/367/095/00000/d1dc66d9-3bc2-442c-b2f4-016ecd0fc8ac.root 367095 [234,235]
/store/data/Run2023C/JetMET0/RAW/v1/000/367/095/00000/d233e795-60a9-4c9a-a035-7f988a44c41b.root 367095 [191,190]
/store/data/Run2023C/JetMET0/RAW/v1/000/367/095/00000/d31e3ce1-9cae-4431-a699-6696fa872db1.root 367095 [163,162]
/store/data/Run2023C/JetMET0/RAW/v1/000/367/095/00000/d355ab6d-219a-437c-8893-422a537d5b38.root 367095 [534,535]
/store/data/Run2023C/JetMET0/RAW/v1/000/367/095/00000/d3655257-bf9e-4d8f-88ba-e5577d48563d.root 367095 [472,473]
/store/data/Run2023C/JetMET0/RAW/v1/000/367/095/00000/dbfcfb74-cd6f-4932-87d4-603b1b98d11f.root 367095 [349,348]
/store/data/Run2023C/JetMET0/RAW/v1/000/367/095/00000/dc07fe37-3016-41f9-90dd-1e0c3a2ae0cd.root 367095 [260,261]
/store/data/Run2023C/JetMET0/RAW/v1/000/367/095/00000/dcbde9e3-c561-4046-9a19-7db5f3a9a6c3.root 367095 [560,561]
/store/data/Run2023C/JetMET0/RAW/v1/000/367/095/00000/ddfdc1e4-ef33-4cde-a445-008c2c3c5cb1.root 367095 [370,371]
/store/data/Run2023C/JetMET0/RAW/v1/000/367/095/00000/e02e74dd-ad4e-4b61-8c50-44c2b2d620e9.root 367095 [245,244]
/store/data/Run2023C/JetMET0/RAW/v1/000/367/095/00000/e037f946-077d-4941-b5a9-85c9a30fd011.root 367095 [353,352]
/store/data/Run2023C/JetMET0/RAW/v1/000/367/095/00000/e111dfb7-5e3c-4a92-bd7a-33693dac54c9.root 367095 [248,249]
/store/data/Run2023C/JetMET0/RAW/v1/000/367/095/00000/e1354bc7-f4ef-4a8f-b1f0-a31892101826.root 367095 [351,350]
/store/data/Run2023C/JetMET0/RAW/v1/000/367/095/00000/e3a7186e-85c4-4a34-aa2a-1675509b6db4.root 367095 [268,269]
/store/data/Run2023C/JetMET0/RAW/v1/000/367/095/00000/e5091e92-b161-4e6b-a875-f45bd9595504.root 367095 [564,565]
/store/data/Run2023C/JetMET0/RAW/v1/000/367/095/00000/e6bb76e1-7cac-4a67-9d73-7f6e9842356e.root 367095 [102,104,103]
/store/data/Run2023C/JetMET0/RAW/v1/000/367/095/00000/e735c674-7858-4e67-aeff-98c5fd2d52f1.root 367095 [340,341]
/store/data/Run2023C/JetMET0/RAW/v1/000/367/095/00000/e740dd75-1302-4c96-9d6f-ea1451b651dd.root 367095 [174,175]
/store/data/Run2023C/JetMET0/RAW/v1/000/367/095/00000/eb673b39-49b6-4157-a1d5-d522fa92d579.root 367095 [504,505]
/store/data/Run2023C/JetMET0/RAW/v1/000/367/095/00000/ecd66d08-200f-440d-9fba-bbcda0419eb3.root 367095 [430,431]
/store/data/Run2023C/JetMET0/RAW/v1/000/367/095/00000/edbafb35-0638-4cc7-bcf1-6ff46cf0e14f.root 367095 [199,198]
/store/data/Run2023C/JetMET0/RAW/v1/000/367/095/00000/ee370312-d0d0-472b-b212-4c182cdee9a2.root 367095 [499,498]
/store/data/Run2023C/JetMET0/RAW/v1/000/367/095/00000/ee623069-392f-4012-9f91-a67968134a6a.root 367095 [460,461]
/store/data/Run2023C/JetMET0/RAW/v1/000/367/095/00000/eef573e5-c249-47a7-b8de-854cd107f439.root 367095 [115,116,117]
/store/data/Run2023C/JetMET0/RAW/v1/000/367/095/00000/ef50205c-0335-4b7b-a007-99d46ebcb768.root 367095 [129,128]
/store/data/Run2023C/JetMET0/RAW/v1/000/367/095/00000/f14a79d3-7414-4103-bfb9-4d91bbfa110e.root 367095 [470,471]
/store/data/Run2023C/JetMET0/RAW/v1/000/367/095/00000/f3f16e70-a1b4-4d79-83e4-660a75722bae.root 367095 [301,300]
/store/data/Run2023C/JetMET0/RAW/v1/000/367/095/00000/f6a73edf-4e63-41d1-a4b3-0dae8f6e03e1.root 367095 [428,429]
/store/data/Run2023C/JetMET0/RAW/v1/000/367/095/00000/f6afe421-e126-4a42-a790-4b03acad8bcf.root 367095 [264,265]
/store/data/Run2023C/JetMET0/RAW/v1/000/367/095/00000/f77034ad-93e7-4c41-a0c0-0b03e4b68227.root 367095 [276,277]
/store/data/Run2023C/JetMET0/RAW/v1/000/367/095/00000/f79a3644-f816-402d-8f70-16c4b9b1ae8a.root 367095 [55,53,54,56,57]
/store/data/Run2023C/JetMET0/RAW/v1/000/367/095/00000/f79ab927-4f22-425f-9b99-10e80146521a.root 367095 [398,399]
/store/data/Run2023C/JetMET0/RAW/v1/000/367/095/00000/f80789b1-eb18-404d-959d-aa17645cc0ce.root 367095 [503,502]
/store/data/Run2023C/JetMET0/RAW/v1/000/367/095/00000/f86dc1e6-c938-4706-85dd-c278838905ca.root 367095 [202,203]
/store/data/Run2023C/JetMET0/RAW/v1/000/367/095/00000/fa4badbb-1ab3-41f9-9dbe-dbb4efb43522.root 367095 [557,556]
/store/data/Run2023C/JetMET0/RAW/v1/000/367/095/00000/fba22307-9c94-4e52-aa81-3b3245dcb84e.root 367095 [387,386]
/store/data/Run2023C/JetMET0/RAW/v1/000/367/095/00000/fc3f76c0-1366-4d78-a5fd-b81df811ff96.root 367095 [500,501]
/store/data/Run2023C/JetMET0/RAW/v1/000/367/095/00000/fde78fc6-842d-436c-a7d1-4288dcf99fec.root 367095 [105,106,107]
/store/data/Run2023C/JetMET0/RAW/v1/000/367/095/00000/ff6208ea-b086-4312-88ad-ea85105baa09.root 367095 [99,100,101]
