/store/data/Run2022B/SingleMuon/RAW/v1/000/355/769/00000/00a18833-e6b9-4584-b35e-3b26d282d1ad.root [368,366,365,367,369]
/store/data/Run2022B/SingleMuon/RAW/v1/000/355/769/00000/00d41ef4-ca5c-4b81-bf11-38e00fb49e55.root [475,474,472,471,473]
/store/data/Run2022B/SingleMuon/RAW/v1/000/355/769/00000/01625f45-983e-4a0e-9814-d7790587afed.root [519,521,520,522,518]
/store/data/Run2022B/SingleMuon/RAW/v1/000/355/769/00000/079ac346-c8e3-4556-b476-2820ecce97db.root [353,350,351,355,357,354,356,352,358]
/store/data/Run2022B/SingleMuon/RAW/v1/000/355/769/00000/083f1efb-f905-402a-8e96-5528fce314db.root [325,326,327,328,329]
/store/data/Run2022B/SingleMuon/RAW/v1/000/355/769/00000/086f32ba-d933-447e-a141-ae252023d71e.root [446,458,453,456,444,447,449,450,445,455,448,459,451,454,457,452]
/store/data/Run2022B/SingleMuon/RAW/v1/000/355/769/00000/0ec499e3-ce5b-41ed-9569-fd5da4d4ab67.root [39,36,37,35,38]
/store/data/Run2022B/SingleMuon/RAW/v1/000/355/769/00000/0f362d27-e9f0-4cfe-8d4e-48e1c6112649.root [22,19,20,21,18]
/store/data/Run2022B/SingleMuon/RAW/v1/000/355/769/00000/102132c3-d347-4d33-a2d7-0e22b9165e28.root [233,236,235,232,234]
/store/data/Run2022B/SingleMuon/RAW/v1/000/355/769/00000/1452ea89-8dfe-4694-a000-8dc25923a7d6.root [135,136,133,134,132]
/store/data/Run2022B/SingleMuon/RAW/v1/000/355/769/00000/14770e44-1254-46bd-b7bd-85c85b7114bc.root [378,376,375,377,379]
/store/data/Run2022B/SingleMuon/RAW/v1/000/355/769/00000/14a680de-296b-46e9-b49a-869e891c6a94.root [4,5,3,2,1]
/store/data/Run2022B/SingleMuon/RAW/v1/000/355/769/00000/151d0afb-3d41-470b-a37e-a21c356a7f0b.root [47,51,49,50,46,48]
/store/data/Run2022B/SingleMuon/RAW/v1/000/355/769/00000/15f64ab3-69ca-42a7-9276-23338d87b874.root [60,61,59,62,58]
/store/data/Run2022B/SingleMuon/RAW/v1/000/355/769/00000/16e3cc79-2a81-4696-a772-d4cf8ad54b10.root [32,30,31,34,29,33]
/store/data/Run2022B/SingleMuon/RAW/v1/000/355/769/00000/1bc1e686-9adb-4d9f-b904-a32676fefaeb.root [414,411,415,412,413]
/store/data/Run2022B/SingleMuon/RAW/v1/000/355/769/00000/1e5fe05e-9fa3-4977-aff8-06200644dd61.root [222,224,226,225,223]
/store/data/Run2022B/SingleMuon/RAW/v1/000/355/769/00000/21041135-7e85-45ed-a974-94b9b1f174db.root [297,294,293,295,296]
/store/data/Run2022B/SingleMuon/RAW/v1/000/355/769/00000/26360170-6601-42ff-9207-f8f9576f1a9c.root [496,497,498,501,499,500]
/store/data/Run2022B/SingleMuon/RAW/v1/000/355/769/00000/2d4d472f-2e1e-4318-a1c3-42e93f1f1df0.root [193,192,188,190,189,191]
/store/data/Run2022B/SingleMuon/RAW/v1/000/355/769/00000/2f9a24a6-2683-4a13-84d0-1b42b3ad4934.root [461,462,464,465,463,460]
/store/data/Run2022B/SingleMuon/RAW/v1/000/355/769/00000/2fa36937-c6a3-4f2d-afad-a6e978039738.root [69,71,68,72,70]
/store/data/Run2022B/SingleMuon/RAW/v1/000/355/769/00000/30a0e233-ce5a-4912-9585-f70bd00e59f4.root [122,124,123,125,126,121]
/store/data/Run2022B/SingleMuon/RAW/v1/000/355/769/00000/3107793a-6b60-48ea-8c36-6d2a06aa4ddd.root [291,289,292,290,288]
/store/data/Run2022B/SingleMuon/RAW/v1/000/355/769/00000/317c70e2-6694-436e-968c-94efffbcc36b.root [491,495,493,492,494]
/store/data/Run2022B/SingleMuon/RAW/v1/000/355/769/00000/3dcbdfb9-d3c6-4ae8-b366-5941d7b130bb.root [315,317,319,318,316]
/store/data/Run2022B/SingleMuon/RAW/v1/000/355/769/00000/416e905b-334b-409c-9c6b-a15a8b41a345.root [218,219,220,221,217]
/store/data/Run2022B/SingleMuon/RAW/v1/000/355/769/00000/4396d1c7-d2e6-401f-8be8-ec9648a226c4.root [227,230,229,228,231]
/store/data/Run2022B/SingleMuon/RAW/v1/000/355/769/00000/47c62c79-343c-4622-94e6-2c7fc9d638a5.root [216,214,211,212,215,213]
/store/data/Run2022B/SingleMuon/RAW/v1/000/355/769/00000/484089e3-5c1f-4427-9bf6-06627b7bae38.root [17,12,14,15,13,16]
/store/data/Run2022B/SingleMuon/RAW/v1/000/355/769/00000/484323bf-eed9-4f62-acaf-3f7ca1a19853.root [526,523,524,525,527]
/store/data/Run2022B/SingleMuon/RAW/v1/000/355/769/00000/4d024372-d7b0-441b-a563-d6c1385e1dd3.root [101,99,102,100,103]
/store/data/Run2022B/SingleMuon/RAW/v1/000/355/769/00000/50c43c32-5169-4a2b-8444-aad8d8f26b15.root [399,398,395,396,397]
/store/data/Run2022B/SingleMuon/RAW/v1/000/355/769/00000/518e4ce8-5829-4403-9b9f-647d26d4d9ec.root [485,482,483,484,481]
/store/data/Run2022B/SingleMuon/RAW/v1/000/355/769/00000/594e40ed-5476-4cfc-aeda-aba4bc83b143.root [299,302,300,301,298]
/store/data/Run2022B/SingleMuon/RAW/v1/000/355/769/00000/596aa02e-8417-418d-bc87-73db53a1285f.root [55,56,54,57,52,53]
/store/data/Run2022B/SingleMuon/RAW/v1/000/355/769/00000/59ea41a0-5614-40ae-8d04-3bf5740fe1aa.root [237,239,238,241,240]
/store/data/Run2022B/SingleMuon/RAW/v1/000/355/769/00000/5a893149-c1f5-43d6-a01e-3f6f3c534e3d.root [173,174,172,166,167,163,164,168,170,171,165,169]
/store/data/Run2022B/SingleMuon/RAW/v1/000/355/769/00000/5d45dbec-eed0-4f45-8473-cb40eb3ebc7f.root [480,477,478,479,476]
/store/data/Run2022B/SingleMuon/RAW/v1/000/355/769/00000/5fef8a45-33d7-49c7-85e1-ca8d86f92e23.root [423,421,424,425,422]
/store/data/Run2022B/SingleMuon/RAW/v1/000/355/769/00000/6365daea-5b13-4d80-939c-79a8c3dd9142.root [275,273,276,272,274]
/store/data/Run2022B/SingleMuon/RAW/v1/000/355/769/00000/66917c7b-e47c-4740-9f5d-e5aef382fac7.root [467,470,468,469,466]
/store/data/Run2022B/SingleMuon/RAW/v1/000/355/769/00000/684f03e1-db90-47cd-a626-3a0d1cd173a1.root [331,333,332,330,334]
/store/data/Run2022B/SingleMuon/RAW/v1/000/355/769/00000/7450ec8b-5920-4f89-8dfd-a51d6e8ab949.root [7,11,6,9,10,8]
/store/data/Run2022B/SingleMuon/RAW/v1/000/355/769/00000/7cf21710-697d-43f0-832d-173302e55358.root [245,246,242,243,244,247]
/store/data/Run2022B/SingleMuon/RAW/v1/000/355/769/00000/80d1f5ad-ecd8-4f3f-9a00-72c8a8c440be.root [285,283,284,287,282,286]
/store/data/Run2022B/SingleMuon/RAW/v1/000/355/769/00000/823024a4-a0b1-4bb9-9fb1-596d537c00ea.root [417,420,416,418,419]
/store/data/Run2022B/SingleMuon/RAW/v1/000/355/769/00000/84ecfe82-9057-487e-bbec-a231f5706b4a.root [406,410,408,409,407]
/store/data/Run2022B/SingleMuon/RAW/v1/000/355/769/00000/88c674ee-99ff-4404-8a0f-c7a4c323a48b.root [373,372,374,370,371]
/store/data/Run2022B/SingleMuon/RAW/v1/000/355/769/00000/89982368-8503-4a42-a265-36ddfceae8f6.root [179,178,181,187,182,186,176,177,175,183,180,184,185]
/store/data/Run2022B/SingleMuon/RAW/v1/000/355/769/00000/89c26363-a349-48a1-aeec-becdef659fe1.root [306,307,303,305,308,304]
/store/data/Run2022B/SingleMuon/RAW/v1/000/355/769/00000/8b69b8c5-bddd-4293-b762-f9352d30010f.root [145,143,144,147,146]
/store/data/Run2022B/SingleMuon/RAW/v1/000/355/769/00000/91b5def1-4ce7-4d60-968c-15900cd0069d.root [28,27,25,24,23,26]
/store/data/Run2022B/SingleMuon/RAW/v1/000/355/769/00000/988ddcee-f431-4602-840c-8ce2d7c30bf3.root [389,388,385,386,387]
/store/data/Run2022B/SingleMuon/RAW/v1/000/355/769/00000/98df7080-cdde-4996-a261-421d882cef84.root [254,261,248,255,256,259,251,250,253,257,262,252,258,249,260]
/store/data/Run2022B/SingleMuon/RAW/v1/000/355/769/00000/9a16b15d-dab3-442e-ab05-5b2461f31c07.root [128,127,131,130,129]
/store/data/Run2022B/SingleMuon/RAW/v1/000/355/769/00000/9a806c76-fac1-4715-b7fa-f0aca0fc2677.root [486,489,488,487,490]
/store/data/Run2022B/SingleMuon/RAW/v1/000/355/769/00000/9bf2d460-ebba-462f-ab25-d760de1a0286.root [359,360,362,361,364,363]
/store/data/Run2022B/SingleMuon/RAW/v1/000/355/769/00000/9d688ae7-f5e1-4e1b-b008-62be347515e5.root [160,161,162,158,159]
/store/data/Run2022B/SingleMuon/RAW/v1/000/355/769/00000/a012b2e8-96e2-4f81-a459-ec50c9165d7e.root [430,426,428,427,429]
/store/data/Run2022B/SingleMuon/RAW/v1/000/355/769/00000/a06a26fa-ee43-40d3-afa6-d20acacdbebf.root [533,537,534,535,536]
/store/data/Run2022B/SingleMuon/RAW/v1/000/355/769/00000/a1efa0f9-ceb7-4857-a244-07e42e56f5ad.root [142,138,140,139,137,141]
/store/data/Run2022B/SingleMuon/RAW/v1/000/355/769/00000/a27a8c2e-32b4-41a0-83cb-62b0a80c79b8.root [513,515,516,514,512,517]
/store/data/Run2022B/SingleMuon/RAW/v1/000/355/769/00000/a69f4c32-7279-4fbb-83e8-00954a2671b5.root [65,67,63,64,66]
/store/data/Run2022B/SingleMuon/RAW/v1/000/355/769/00000/ab90fb5c-8002-451b-b774-3dde7926b0a1.root [381,384,380,382,383]
/store/data/Run2022B/SingleMuon/RAW/v1/000/355/769/00000/abd2c796-7ed1-4d03-a799-42517cc0fa34.root [149,150,152,151,148]
/store/data/Run2022B/SingleMuon/RAW/v1/000/355/769/00000/ad9bd5e2-2196-47f8-aba6-c273bf17b51f.root [41,42,40,43,44,45]
/store/data/Run2022B/SingleMuon/RAW/v1/000/355/769/00000/b3b01fc9-63ee-47ad-9b74-1ea66a02c258.root [200,201,202,203,204]
/store/data/Run2022B/SingleMuon/RAW/v1/000/355/769/00000/b4479f4f-5de1-477e-9451-b473095471a3.root [83,92,94,84,97,85,90,95,91,93,96,87,88,89,98,82,86]
/store/data/Run2022B/SingleMuon/RAW/v1/000/355/769/00000/b4d729ba-9b90-430f-b6cd-6dac8a63a29c.root [506,503,502,505,504]
/store/data/Run2022B/SingleMuon/RAW/v1/000/355/769/00000/c0a2ccfd-f38f-48a3-ace1-6b67065492e5.root [79,75,77,76,73,80,81,74,78]
/store/data/Run2022B/SingleMuon/RAW/v1/000/355/769/00000/c6b58e5a-2c3c-4893-987e-ab6491a0a044.root [109,106,105,107,108,104]
/store/data/Run2022B/SingleMuon/RAW/v1/000/355/769/00000/c864c531-3d8b-4e22-a78a-522de822e91b.root [431,432,435,434,433]
/store/data/Run2022B/SingleMuon/RAW/v1/000/355/769/00000/c8b4362c-220a-4fa9-ae57-ab4efad8136c.root [210,208,207,209,205,206]
/store/data/Run2022B/SingleMuon/RAW/v1/000/355/769/00000/d1c1fbd3-7f14-49ae-b111-af08280162f7.root [320,323,324,321,322]
/store/data/Run2022B/SingleMuon/RAW/v1/000/355/769/00000/d1cc966c-64f7-4627-b1a6-d5d1c5e5e8ab.root [336,338,344,346,342,349,340,341,347,348,337,339,343,335,345]
/store/data/Run2022B/SingleMuon/RAW/v1/000/355/769/00000/d2b51d22-8707-43ad-a2d9-8ea10d87bce8.root [538,545,547,557,544,556,542,539,543,546,552,548,553,554,540,541,549,550,551,555]
/store/data/Run2022B/SingleMuon/RAW/v1/000/355/769/00000/d46073be-5970-4c60-92a3-7e36375c94d6.root [280,277,281,278,279]
/store/data/Run2022B/SingleMuon/RAW/v1/000/355/769/00000/e2674ebf-3dac-4039-b508-eee500bac67e.root [507,508,509,511,510]
/store/data/Run2022B/SingleMuon/RAW/v1/000/355/769/00000/e35cc482-d778-4d30-b196-f9e072e5bc1c.root [157,154,155,156,153]
/store/data/Run2022B/SingleMuon/RAW/v1/000/355/769/00000/e5da0c61-e79e-4310-9dfc-2c05e074c3f9.root [532,529,528,530,531]
/store/data/Run2022B/SingleMuon/RAW/v1/000/355/769/00000/e7f77c92-342a-407a-acf2-51341209ecb1.root [264,266,263,265,271,270,267,268,269]
/store/data/Run2022B/SingleMuon/RAW/v1/000/355/769/00000/eabc4848-75c3-4f26-b83a-614645a88d2a.root [194,199,198,195,196,197]
/store/data/Run2022B/SingleMuon/RAW/v1/000/355/769/00000/ec1d8b52-2af9-45d6-a5e4-58a5a38f7c94.root [310,311,312,314,309,313]
/store/data/Run2022B/SingleMuon/RAW/v1/000/355/769/00000/ef2e2b12-47f9-46a3-811a-0614884a0685.root [391,392,390,393,394]
/store/data/Run2022B/SingleMuon/RAW/v1/000/355/769/00000/ef744967-90c1-47a6-962d-7126a9f2bdd1.root [401,404,402,403,405,400]
/store/data/Run2022B/SingleMuon/RAW/v1/000/355/769/00000/f36d0eb3-d4ed-4796-99c5-f1de52c36726.root [114,111,113,112,110]
/store/data/Run2022B/SingleMuon/RAW/v1/000/355/769/00000/fc75c315-80eb-4f79-8c46-d61c93166bb7.root [119,116,117,115,118,120]
/store/data/Run2022B/SingleMuon/RAW/v1/000/355/769/00000/ff53d19c-3d7a-4363-95a6-26c87357ed68.root [438,436,439,440,437,441,442,443]
