/store/data/Run2017D/MuOnia/RAW/v1/000/302/663/00000/0046E608-2198-E711-9FC7-02163E019C6C.root [191,189,190,188,194,192,193,195]
/store/data/Run2017D/MuOnia/RAW/v1/000/302/663/00000/0C7BCBBB-2498-E711-B0D0-02163E0143E6.root [233,237,238,234,232,235,236]
/store/data/Run2017D/MuOnia/RAW/v1/000/302/663/00000/0CD142FE-2898-E711-9B23-02163E012806.root [373,375,372,371,374,369,376,370]
/store/data/Run2017D/MuOnia/RAW/v1/000/302/663/00000/0CEE3E84-3998-E711-AC7B-02163E0129EA.root [689,683,686,690,684,685,687,688]
/store/data/Run2017D/MuOnia/RAW/v1/000/302/663/00000/0E270CFD-2B98-E711-BAD8-02163E01424D.root [425,429,426,427,430,431,428,432]
/store/data/Run2017D/MuOnia/RAW/v1/000/302/663/00000/0E70FC88-3998-E711-9054-02163E01A4C9.root [661,662,665,664,660,659,666,663]
/store/data/Run2017D/MuOnia/RAW/v1/000/302/663/00000/18499F47-3198-E711-99AE-02163E01A384.root [524,526,528,527,529,525,530]
/store/data/Run2017D/MuOnia/RAW/v1/000/302/663/00000/1A36CFCF-3998-E711-8FF6-02163E0141A3.root [706,707]
/store/data/Run2017D/MuOnia/RAW/v1/000/302/663/00000/1AA5A394-2298-E711-9834-02163E01446B.root [230,226,229,228,227,231,225]
/store/data/Run2017D/MuOnia/RAW/v1/000/302/663/00000/1C03CC08-2198-E711-86F1-02163E0142AB.root [114,117,112,113,111,115,116]
/store/data/Run2017D/MuOnia/RAW/v1/000/302/663/00000/1C5E51F6-2098-E711-BA37-02163E013676.root [104,103,99,101,100,102,98]
/store/data/Run2017D/MuOnia/RAW/v1/000/302/663/00000/1EC99B42-2298-E711-9DD6-02163E01A4D4.root [211,210,212,214,213,216,215]
/store/data/Run2017D/MuOnia/RAW/v1/000/302/663/00000/2033051E-3598-E711-9011-02163E0128F4.root [581,584,586,583,585,580,582]
/store/data/Run2017D/MuOnia/RAW/v1/000/302/663/00000/26D1639C-3198-E711-B5DC-02163E019DCF.root [535,536,531,532,534,533,537]
/store/data/Run2017D/MuOnia/RAW/v1/000/302/663/00000/28C0E40B-1498-E711-B972-02163E014201.root [2,6,3,4,5,1]
/store/data/Run2017D/MuOnia/RAW/v1/000/302/663/00000/28D770E8-2098-E711-81F0-02163E0118DE.root [93,92,96,97,95,94]
/store/data/Run2017D/MuOnia/RAW/v1/000/302/663/00000/2C1D6BD9-3698-E711-9F0C-02163E01A6F3.root [627,629,631,624,626,623,625,630,632,628]
/store/data/Run2017D/MuOnia/RAW/v1/000/302/663/00000/3055E2C9-2498-E711-9639-02163E01199A.root [278,281,275,276,280,279,277]
/store/data/Run2017D/MuOnia/RAW/v1/000/302/663/00000/30C7CF27-3598-E711-874A-02163E01A412.root [587,590,588,589,591,592,593]
/store/data/Run2017D/MuOnia/RAW/v1/000/302/663/00000/322A0111-3398-E711-87ED-02163E019DE0.root [566,568,567,569,570,571,572]
/store/data/Run2017D/MuOnia/RAW/v1/000/302/663/00000/36CB891A-3398-E711-92A1-02163E01A7A2.root [558,554,555,556,552,553,557]
/store/data/Run2017D/MuOnia/RAW/v1/000/302/663/00000/38EDD157-2598-E711-B8B6-02163E019BE2.root [247,251,249,250,252,246,248]
/store/data/Run2017D/MuOnia/RAW/v1/000/302/663/00000/3C2FBE03-2998-E711-A796-02163E01A56B.root [366,368,361,363,364,367,362,365]
/store/data/Run2017D/MuOnia/RAW/v1/000/302/663/00000/3C5B90EA-2098-E711-9AB2-02163E0133BC.root [32,36,34,33,35,31]
/store/data/Run2017D/MuOnia/RAW/v1/000/302/663/00000/3E843B45-3198-E711-ADF1-02163E012B57.root [511,514,515,512,513,516,510]
/store/data/Run2017D/MuOnia/RAW/v1/000/302/663/00000/3EFC7737-2198-E711-8461-02163E01A28E.root [137,134,135,136,138,132,133]
/store/data/Run2017D/MuOnia/RAW/v1/000/302/663/00000/40CD077B-3998-E711-BC89-02163E01A560.root [672,671,667,673,669,670,668,674]
/store/data/Run2017D/MuOnia/RAW/v1/000/302/663/00000/44C4221A-2598-E711-B8CD-02163E01A57F.root [294,290,292,295,289,291,293]
/store/data/Run2017D/MuOnia/RAW/v1/000/302/663/00000/44E61211-2198-E711-91C8-02163E013746.root [37,41,42,39,38,40]
/store/data/Run2017D/MuOnia/RAW/v1/000/302/663/00000/4E9B530C-2198-E711-91A5-02163E014640.root [181,185,186,182,183,184,187]
/store/data/Run2017D/MuOnia/RAW/v1/000/302/663/00000/52C0F823-2298-E711-8BA7-02163E014241.root [199,197,200,198,202,196,201]
/store/data/Run2017D/MuOnia/RAW/v1/000/302/663/00000/52D12BE0-3098-E711-9220-02163E019CCE.root [462,464,465,461,466,463,467]
/store/data/Run2017D/MuOnia/RAW/v1/000/302/663/00000/5A57F6C8-3598-E711-9CB9-02163E019BB4.root [605,607,603,606,602,604,601]
/store/data/Run2017D/MuOnia/RAW/v1/000/302/663/00000/5A68D9CC-2498-E711-9B87-02163E012B3A.root [265,266,262,267,260,264,261,263]
/store/data/Run2017D/MuOnia/RAW/v1/000/302/663/00000/5A9A6CFC-2098-E711-A057-02163E01229E.root [74,75,78,76,73,77]
/store/data/Run2017D/MuOnia/RAW/v1/000/302/663/00000/5C2CAFEE-2098-E711-A2B9-02163E011E71.root [177,174,175,176,178,179,180]
/store/data/Run2017D/MuOnia/RAW/v1/000/302/663/00000/5CC4BD44-3398-E711-8AE1-02163E014280.root [564,562,563,561,560,559,565]
/store/data/Run2017D/MuOnia/RAW/v1/000/302/663/00000/621D4A79-3698-E711-9D13-02163E01A1BD.root [711,712,716,717,714,713,715]
/store/data/Run2017D/MuOnia/RAW/v1/000/302/663/00000/641ABCB4-3998-E711-A897-02163E019BD8.root [682,680,677,681,675,678,679,676]
/store/data/Run2017D/MuOnia/RAW/v1/000/302/663/00000/662724DD-3098-E711-83C3-02163E0128EA.root [470,474,468,469,472,473,471]
/store/data/Run2017D/MuOnia/RAW/v1/000/302/663/00000/66A3FBE2-3698-E711-8E1D-02163E011B45.root [639,634,636,642,633,643,637,638,640,635,641]
/store/data/Run2017D/MuOnia/RAW/v1/000/302/663/00000/68D6DAE4-2098-E711-A33B-02163E012725.root [18,13,14,17,15,16]
/store/data/Run2017D/MuOnia/RAW/v1/000/302/663/00000/7418A219-2298-E711-A26E-02163E013746.root [203,206,204,205,207,209,208]
/store/data/Run2017D/MuOnia/RAW/v1/000/302/663/00000/748AF9EB-3598-E711-A219-02163E019B58.root [613,608,609,611,610,612,614]
/store/data/Run2017D/MuOnia/RAW/v1/000/302/663/00000/76A061D8-2898-E711-8235-02163E01199A.root [344,342,343,341,339,346,340,345]
/store/data/Run2017D/MuOnia/RAW/v1/000/302/663/00000/76EA2A21-2298-E711-B316-02163E019CC5.root [217,218,219,223,221,224,220,222]
/store/data/Run2017D/MuOnia/RAW/v1/000/302/663/00000/784A4540-3198-E711-B8A1-02163E019C33.root [496,497,499,502,498,500,501]
/store/data/Run2017D/MuOnia/RAW/v1/000/302/663/00000/7AEF6EDC-2898-E711-A725-02163E0134D3.root [360,356,354,357,359,358,355]
/store/data/Run2017D/MuOnia/RAW/v1/000/302/663/00000/7CB238D3-3998-E711-B3B2-02163E011A87.root [702,699,700,701,703,705,704]
/store/data/Run2017D/MuOnia/RAW/v1/000/302/663/00000/7CE0A5E4-2898-E711-8E66-02163E011CF7.root [323,321,322,317,320,318,319]
/store/data/Run2017D/MuOnia/RAW/v1/000/302/663/00000/7EA65192-2A98-E711-8D10-02163E01A5B0.root [408,402,403,405,406,401,407,404]
/store/data/Run2017D/MuOnia/RAW/v1/000/302/663/00000/80522A38-2698-E711-9CC4-02163E0133B7.root [299,302,296,297,300,301,298]
/store/data/Run2017D/MuOnia/RAW/v1/000/302/663/00000/8221467E-2A98-E711-94BB-02163E01A6CD.root [377,380,382,379,381,384,378,383]
/store/data/Run2017D/MuOnia/RAW/v1/000/302/663/00000/86396614-2198-E711-85C4-02163E01A648.root [118,119,121,123,124,120,122]
/store/data/Run2017D/MuOnia/RAW/v1/000/302/663/00000/8C8C25E9-2498-E711-8CB4-02163E019D57.root [259,257,255,256,258,253,254]
/store/data/Run2017D/MuOnia/RAW/v1/000/302/663/00000/8EC5DE07-2698-E711-A423-02163E019CCE.root [316,314,310,315,313,312,311]
/store/data/Run2017D/MuOnia/RAW/v1/000/302/663/00000/922F5CD0-3598-E711-8D7B-02163E019E72.root [599,596,597,594,600,595,598]
/store/data/Run2017D/MuOnia/RAW/v1/000/302/663/00000/96BF6A10-2198-E711-A860-02163E019CB6.root [168,170,169,172,167,171,173]
/store/data/Run2017D/MuOnia/RAW/v1/000/302/663/00000/98F4FFF3-2098-E711-A7F1-02163E0135C8.root [161,163,162,164,165,166,160]
/store/data/Run2017D/MuOnia/RAW/v1/000/302/663/00000/9C6EF0EF-2498-E711-AC9A-02163E01A73E.root [269,271,274,268,272,270,273]
/store/data/Run2017D/MuOnia/RAW/v1/000/302/663/00000/9CDD0A10-2198-E711-9088-02163E01A2B7.root [140,144,139,142,141,145,143]
/store/data/Run2017D/MuOnia/RAW/v1/000/302/663/00000/9EAFBF09-2198-E711-817F-02163E01A488.root [46,47,43,44,45,48]
/store/data/Run2017D/MuOnia/RAW/v1/000/302/663/00000/A006523B-3198-E711-8891-02163E019C09.root [490,492,489,493,491,495,494]
/store/data/Run2017D/MuOnia/RAW/v1/000/302/663/00000/A489D4D8-2098-E711-BF99-02163E01446D.root [26,28,30,27,29,25]
/store/data/Run2017D/MuOnia/RAW/v1/000/302/663/00000/A6817416-2198-E711-BE5E-02163E0133A5.root [147,152,148,146,151,149,150]
/store/data/Run2017D/MuOnia/RAW/v1/000/302/663/00000/AA2BB6FA-2498-E711-9345-02163E014570.root [284,285,288,282,283,286,287]
/store/data/Run2017D/MuOnia/RAW/v1/000/302/663/00000/ACFFD414-1698-E711-9F49-02163E0141A9.root [7,8,9,10,12,11]
/store/data/Run2017D/MuOnia/RAW/v1/000/302/663/00000/AE574BD6-2498-E711-98B8-02163E01397D.root [239,244,245,241,240,242,243]
/store/data/Run2017D/MuOnia/RAW/v1/000/302/663/00000/B0BC3B3D-2F98-E711-9977-02163E014115.root [440,442,443,446,445,441,444]
/store/data/Run2017D/MuOnia/RAW/v1/000/302/663/00000/B0DE18E2-3098-E711-8894-02163E011E68.root [479,480,475,477,478,481,476]
/store/data/Run2017D/MuOnia/RAW/v1/000/302/663/00000/B27D1329-2198-E711-8F3A-02163E01A752.root [51,53,52,54,50,49]
/store/data/Run2017D/MuOnia/RAW/v1/000/302/663/00000/B43C67E1-3598-E711-91C6-02163E01A1B8.root [617,616,621,620,622,615,619,618]
/store/data/Run2017D/MuOnia/RAW/v1/000/302/663/00000/B49BF53E-3198-E711-9164-02163E0144E2.root [523,518,520,517,521,522,519]
/store/data/Run2017D/MuOnia/RAW/v1/000/302/663/00000/B4FDC2CF-3998-E711-8777-02163E013720.root [693,691,694,695,692,696,698,697]
/store/data/Run2017D/MuOnia/RAW/v1/000/302/663/00000/B66FA1E9-3198-E711-91BB-02163E019E6F.root [546,548,550,547,545,549,551]
/store/data/Run2017D/MuOnia/RAW/v1/000/302/663/00000/B83081F8-2098-E711-BE69-02163E019C17.root [69,71,68,70,67,72]
/store/data/Run2017D/MuOnia/RAW/v1/000/302/663/00000/BA725DDD-2098-E711-AD25-02163E01199F.root [55,56,59,60,57,58]
/store/data/Run2017D/MuOnia/RAW/v1/000/302/663/00000/BC64795D-3198-E711-B6FD-02163E0122DF.root [503,508,507,509,506,504,505]
/store/data/Run2017D/MuOnia/RAW/v1/000/302/663/00000/BCE5463E-2F98-E711-B54D-02163E01418E.root [434,435,436,439,433,437,438]
/store/data/Run2017D/MuOnia/RAW/v1/000/302/663/00000/C486E834-2F98-E711-8214-02163E01A48F.root [450,451,452,447,448,449,453]
/store/data/Run2017D/MuOnia/RAW/v1/000/302/663/00000/C6841F2F-2698-E711-ACC6-02163E012690.root [308,303,305,306,307,304,309]
/store/data/Run2017D/MuOnia/RAW/v1/000/302/663/00000/CA65B621-2198-E711-96BB-02163E019CC4.root [106,105,108,109,107,110]
/store/data/Run2017D/MuOnia/RAW/v1/000/302/663/00000/CA7CCDEE-2098-E711-9EB3-02163E011A43.root [85,87,90,86,88,89,91]
/store/data/Run2017D/MuOnia/RAW/v1/000/302/663/00000/D0CAA5F4-2098-E711-83B8-02163E012AEB.root [127,129,130,131,126,128,125]
/store/data/Run2017D/MuOnia/RAW/v1/000/302/663/00000/D493003F-3198-E711-8A1F-02163E01453E.root [482,488,485,483,484,486,487]
/store/data/Run2017D/MuOnia/RAW/v1/000/302/663/00000/D4AD44A1-2A98-E711-AAC2-02163E0133B0.root [398,400,395,393,399,394,396,397]
/store/data/Run2017D/MuOnia/RAW/v1/000/302/663/00000/D8B4CCEC-2898-E711-992B-02163E01A34E.root [336,334,338,337,332,333,335]
/store/data/Run2017D/MuOnia/RAW/v1/000/302/663/00000/DE8E5C04-2998-E711-A819-02163E01A2A1.root [331,329,328,330,327,325,324,326]
/store/data/Run2017D/MuOnia/RAW/v1/000/302/663/00000/E4C89CDA-3698-E711-A290-02163E0142BE.root [647,649,650,645,651,644,648,646]
/store/data/Run2017D/MuOnia/RAW/v1/000/302/663/00000/E866C50E-3398-E711-900C-02163E01A455.root [579,575,573,574,578,576,577]
/store/data/Run2017D/MuOnia/RAW/v1/000/302/663/00000/E87FF2DA-2098-E711-B962-02163E0141E1.root [64,61,66,63,65,62]
/store/data/Run2017D/MuOnia/RAW/v1/000/302/663/00000/EC230A6B-2B98-E711-BFA1-02163E01A72B.root [420,419,422,423,417,424,418,421]
/store/data/Run2017D/MuOnia/RAW/v1/000/302/663/00000/ECC2E441-2198-E711-BFB2-02163E01A362.root [80,83,79,81,84,82]
/store/data/Run2017D/MuOnia/RAW/v1/000/302/663/00000/ECE4D706-2998-E711-82C5-02163E019CCE.root [350,351,353,352,347,349,348]
/store/data/Run2017D/MuOnia/RAW/v1/000/302/663/00000/ECF9E094-3198-E711-A16F-02163E01A21D.root [544,538,540,539,542,543,541]
/store/data/Run2017D/MuOnia/RAW/v1/000/302/663/00000/EE282293-3998-E711-87D5-02163E019CDC.root [656,657,652,654,655,658,653]
/store/data/Run2017D/MuOnia/RAW/v1/000/302/663/00000/F03B0591-2A98-E711-9192-02163E01A50A.root [392,389,385,387,391,388,390,386]
/store/data/Run2017D/MuOnia/RAW/v1/000/302/663/00000/F0C921EB-2098-E711-92B9-02163E011EA7.root [19,24,23,20,21,22]
/store/data/Run2017D/MuOnia/RAW/v1/000/302/663/00000/F46609F9-2A98-E711-A622-02163E0142F6.root [409,410,412,416,411,413,414,415]
/store/data/Run2017D/MuOnia/RAW/v1/000/302/663/00000/FCD013D6-3098-E711-A436-02163E01A3C7.root [454,458,459,455,456,457,460]
/store/data/Run2017D/MuOnia/RAW/v1/000/302/663/00000/FEE58B29-2198-E711-8229-02163E01A1E4.root [159,153,157,158,155,154,156]
