/store/data/Run2017F/MuonEG/MINIAOD/UL2017_MiniAODv2-v1/270000/2C931F6A-C097-6947-877C-354A2F9E347D.root [831,846,1279,842,843,844,1276,845,829,830,839,840,1275,838,841,1277,1278]
/store/data/Run2017F/MuonEG/MINIAOD/UL2017_MiniAODv2-v1/270000/3ED63B3C-BFB9-EE42-B7C1-721668E48803.root [1272,1281,1282,1287,1268,1270,1283,1280,1286,1269,1284,1271,1273,1285,1288]
/store/data/Run2017F/MuonEG/MINIAOD/UL2017_MiniAODv2-v1/270000/5BA80B0F-AF65-5F4F-819D-6966D68F9946.root [854,856,857,848,849,853,851,858,852,847,850,855]
/store/data/Run2017F/MuonEG/MINIAOD/UL2017_MiniAODv2-v1/270000/730F6858-55E9-BE4C-B1BA-06F1637A6AAA.root [1113,1118,1122,1170,1362,1364,1366,1369,1378,1394,1397,1420,1421,1430,1434,1455,1476,68,69,70,1114,1117,1177,1392,1402,1403,1431,1435,1437,1445,1467,1468,1471,1473,1479,1480,66,1116,1360,1396,1398,1404,1408,1424,1425,1427,1428,1432,1439,1443,1451,1460,61,71,1108,1112,1167,1363,1367,1371,1377,1393,1416,1417,1423,1429,1444,1447,1448,1458,1464,1466,1477,1482,1483,62,63,1111,1175,1176,1365,1368,1376,1405,1413,1426,1436,1440,1461,1463,1481,1486,1487,1488,67,1124,1171,1173,1174,1178,1395,1399,1400,1401,1410,1419,1442,1456,1462,1470,1478,1485,1109,1115,1123,1168,1169,1172,1179,1372,1406,1412,1414,1418,1433,1450,1452,1453,1457,1475,1110,1119,1184,1361,1370,1407,1409,1411,1415,1422,1438,1441,1446,1449,1454,1459,1465,1469,1472,1474,1484]
/store/data/Run2017F/MuonEG/MINIAOD/UL2017_MiniAODv2-v1/270000/8605D1EA-6E0A-A146-8FE5-6D73DC943A56.root [338,457,505,507,599,859,1290,331,332,401,461,516,604,608,939,1297,302,337,406,456,463,509,518,606,863,868,334,403,405,409,460,512,515,869,942,404,407,510,520,598,862,864,870,927,933,937,938,941,1295,1296,301,330,336,455,503,504,508,513,514,517,519,602,603,860,865,867,935,936,1292,333,402,458,462,506,600,601,861,866,934,940,943,1289,1294,335,408,459,511,521,522,597,605,932,1274,1291,1293]
/store/data/Run2017F/MuonEG/MINIAOD/UL2017_MiniAODv2-v1/270000/C4A0DB91-B69C-C744-AE03-F31D16ECFF4E.root [766,768,594,350,579,580,582,583,591,609,611,615,36,576,592,607,764,772,774,348,349,352,357,578,584,588,613,614,769,771,38,39,40,581,585,595,616,618,763,41,42,351,577,586,587,589,617,765,770,37,43,44,353,354,355,356,590,593,596,610,612,773,775]
/store/data/Run2017F/MuonEG/MINIAOD/UL2017_MiniAODv2-v1/270000/E3AEA83F-6E3B-FC40-BF9A-890332D57CA0.root [1129,1131,1157,1166,1338,1350,1351,1128,1130,1137,1151,1164,1343,1359,1154,1155,1352,1354,1355,1135,1138,1158,1161,1340,1125,1132,1133,1134,1160,1165,1339,1341,1356,1357,1127,1162,1163,1353,1358,1126,1136,1156,1159,1342]
/store/data/Run2017F/MuonEG/MINIAOD/UL2017_MiniAODv2-v1/270000/EEF9C0E6-FB2F-334B-9431-C6708776EF24.root [23,24,59,73,80,274,277,283,296,22,55,64,65,72,253,266,280,297,299,300,1019,1022,1071,1073,18,56,58,255,265,276,281,1069,1072,1075,17,20,21,54,74,78,126,132,136,268,273,19,57,75,76,134,135,259,271,284,294,298,1021,1068,25,130,131,260,261,262,264,278,279,127,254,275,282,295,1020,1070,1074,60,77,79,125,133,263,267,269,270,272,1023,1067]
/store/data/Run2017F/MuonEG/MINIAOD/UL2017_MiniAODv2-v1/270000/F9AC06E8-F542-5F4F-9FED-2FA00F74C4E3.root [816,817,1346,813,820,821,1330,1337,811,812,822,1331,1348,1349,814,818,1328,1334,1336,1344,815,1329,1332,1347,819,1333,1335,1345]
/store/data/Run2017F/MuonEG/MINIAOD/UL2017_MiniAODv2-v1/270000/FE67AF50-91ED-5A43-BF12-7BB9EC0F63BD.root [1307,1311,1327,1322,1326,1491,1497,1506,1321,1325,1510,1308,1320,1323,1493,1495,1504,1508,1306,1489,1490,1505,1509,1309,1494,1305,1310,1507,1324,1492,1496]
/store/data/Run2017F/MuonEG/MINIAOD/UL2017_MiniAODv2-v1/280000/24A21B38-0257-864C-A9A7-C9622FFAEA29.root [1234,1246,1257,1230,1232,1245,1261,1262,1214,1235,1237,1247,1259,1260,1265,1258,1226,1228,1229,1263,1231,1264,1267,1215,1233,1266,1225,1227,1236,1244]
/store/data/Run2017F/MuonEG/MINIAOD/UL2017_MiniAODv2-v1/280000/316F891B-859E-4047-8BA5-0BE401B2988F.root [361,363,365,366,370,909,910,911,915,1024,1315,362,369,1011,1014,1312,1317,908,1013,1299,1304,372,1015,1300,1301,1314,359,367,912,914,918,1009,1016,1298,1302,368,916,917,1012,1025,1026,1313,1316,364,371,1017,1318,1319,358,360,907,913,1010,1018,1303]
/store/data/Run2017F/MuonEG/MINIAOD/UL2017_MiniAODv2-v1/280000/53D895CF-47DF-3146-98F8-4377C58C96FE.root [51,89,93,95,106,117,120,122,153,157,49,50,83,85,96,101,104,129,139,144,152,161,46,84,94,102,145,149,150,155,160,163,45,52,81,88,91,98,100,103,119,47,82,97,105,109,110,121,142,147,158,99,116,118,151,156,164,48,53,87,90,92,113,115,123,124,137,154,162,86,107,108,111,112,114,128,138,140,141,143,146,148]
/store/data/Run2017F/MuonEG/MINIAOD/UL2017_MiniAODv2-v1/280000/55C45089-D289-AB45-BAFE-9E8E8AEDB4CC.root [646,649,1038,1035,639,638,647,1029,1030,1037,645,1031,1032,1033,1036,637,648,1027,644,650,1028,1039,636,1034]
/store/data/Run2017F/MuonEG/MINIAOD/UL2017_MiniAODv2-v1/280000/9116B9EF-7F14-0E4C-9AD4-53DF04E77DED.root [1063,1080,1076,1077,1524,1529,1057,1058,1078,1088,1061,1064,1527,1532,1054,1059,1530,1060,1526,1528,1531,1534,1053,1066,1055,1062,1065,1079,1525,1533,1535]
/store/data/Run2017F/MuonEG/MINIAOD/UL2017_MiniAODv2-v1/280000/93626228-7D66-0B45-9B38-678AA509FF1D.root [328,344,346,347,385,410,438,452,468,487,318,327,339,341,342,376,377,424,426,427,450,469,470,483,340,384,411,413,439,440,446,447,448,464,471,484,486,326,414,415,419,421,422,441,465,466,467,488,416,417,420,425,437,444,445,490,323,325,343,345,374,375,378,449,454,472,485,287,373,412,423,443,451,453,489,319,324,329,379,380,418,442]
/store/data/Run2017F/MuonEG/MINIAOD/UL2017_MiniAODv2-v1/280000/9FFBCFDB-4533-B947-93B3-6A9A2453BE62.root [698,702,706,711,713,720,730,732,734,701,712,714,716,726,739,743,749,793,796,797,731,740,747,750,699,705,723,727,746,696,707,715,717,721,724,728,729,735,736,737,744,790,792,709,710,725,742,748,787,788,794,697,703,704,795,800,695,700,708,718,719,722,733,738,741,745,789,791]
/store/data/Run2017F/MuonEG/MINIAOD/UL2017_MiniAODv2-v1/280000/B173A0F9-11E4-674A-BC76-6772D2DE92D2.root [1097,1100,1144,1152,1101,1143,1145,1153,1096,1120,1149,1150,1104,1140,1142,1099,1102,1107,1141,1148,1147,1103,1105,1106,1139,1098,1121,1146]
/store/data/Run2017F/MuonEG/MINIAOD/UL2017_MiniAODv2-v1/280000/B95D125C-C74F-264F-9295-A90DA3F9AE48.root [497,499,501,542,548,1192,320,498,546,1186,312,321,476,477,500,502,547,554,1180,1183,1193,317,481,495,545,1181,1182,1185,1187,314,473,475,550,1190,1194,315,322,1188,313,479,482,494,552,553,1191,316,474,478,480,493,496,543,549,551,1189]
/store/data/Run2017F/MuonEG/MINIAOD/UL2017_MiniAODv2-v1/280000/BE14FFC1-4463-4C48-8716-3DCFADF29093.root [167,172,186,187,206,220,227,246,249,286,289,290,292,168,169,170,232,233,234,166,177,179,183,209,223,225,230,256,258,285,171,180,182,191,194,197,205,208,219,222,236,250,293,159,165,175,176,181,190,201,202,203,226,228,229,235,288,184,185,198,252,291,189,192,193,199,200,221,247,248,257,173,174,178,188,195,196,204,207,224,231,251]
/store/data/Run2017F/MuonEG/MINIAOD/UL2017_MiniAODv2-v1/280000/CED9E23B-0634-BB47-B24D-C9E4D7121F9C.root [1201,1207,1200,1204,1197,1199,1202,1208,1195,1196,1198,1206,1203,1205]
/store/data/Run2017F/MuonEG/MINIAOD/UL2017_MiniAODv2-v1/280000/D7B70CD6-36FB-E743-BF31-B99DD8A10E63.root [526,535,539,624,1251,1384,1385,1391,528,529,531,537,565,574,627,628,1241,1379,1381,1386,523,534,541,571,572,619,623,1248,1249,1256,1373,1374,1380,1382,1387,1388,1389,1390,533,540,544,556,569,622,524,538,561,562,564,575,626,1250,1253,527,536,557,560,568,570,573,1238,1240,1243,1383,492,525,530,532,566,567,620,621,625,1239,1252,1254,1255,491,555,558,559,563,1242,1375]
/store/data/Run2017F/MuonEG/MINIAOD/UL2017_MiniAODv2-v1/280000/D9027EE3-5612-D94B-921A-D0E87F107DA5.root [809,880,950,962,1515,1520,1523,871,879,882,944,946,947,1499,872,874,875,877,945,1512,810,876,948,960,1500,1501,1503,1516,1517,881,952,1498,1522,949,953,1511,1518,1521,873,878,951,961,1502,1513,1514,1519]
/store/data/Run2017F/MuonEG/MINIAOD/UL2017_MiniAODv2-v1/280000/D9288991-F7E6-384C-A0D9-968044882BD4.root [755,883,886,888,889,1044,1048,1051,1092,756,759,884,891,1042,1043,1082,1084,885,1041,1046,1056,1081,761,887,1089,1090,1091,751,752,753,760,890,892,896,897,1045,1086,754,757,762,1040,1050,1052,1087,1049,1083,1094,1095,758,1047,1085,1093]
/store/data/Run2017F/MuonEG/MINIAOD/UL2017_MiniAODv2-v1/280000/E6BBFD32-4782-D54C-AC25-74A85618299F.root [641,656,663,664,666,670,672,677,678,685,686,689,690,902,919,954,956,979,990,1004,1005,635,654,671,673,681,693,926,959,967,974,988,642,659,893,898,903,920,969,1001,634,655,657,662,668,674,688,894,922,958,971,978,1002,1003,1008,640,658,679,680,691,694,900,904,906,923,931,963,964,972,975,976,989,1006,1007,629,630,633,669,676,682,683,687,895,905,921,925,928,929,955,966,970,977,1000,643,651,653,667,684,899,930,965,973,980,981,982,631,632,652,660,661,665,675,692,901,924,957,968,991]
/store/data/Run2017F/MuonEG/MINIAOD/UL2017_MiniAODv2-v1/280000/E84B6C2B-FCA2-9545-B2EF-5517C4B1AF3C.root [776,824,992,999,1217,1221,1223,778,983,997,1210,1212,1224,784,825,837,985,1218,1222,767,781,786,832,826,828,833,835,836,984,993,996,1216,783,827,986,994,995,1211,1219,1220,780,782,834,1213,777,779,785,823,987,998,1209]
/store/data/Run2017F/MuonEG/MINIAOD/UL2017_MiniAODv2-v1/280001/E00C3FBB-32EA-BF45-B232-F681B3469926.root [2,9,13,15,213,215,245,306,310,381,398,400,1539,4,12,29,30,34,35,218,242,309,382,383,396,397,7,210,239,240,243,304,311,1537,5,28,31,214,237,307,394,395,430,431,435,798,804,805,6,10,14,16,33,212,216,303,388,428,799,801,808,1,26,27,32,305,390,392,434,8,241,244,308,387,391,399,429,432,802,803,807,3,11,211,217,238,386,389,393,433,436,806,1536,1538]
