/store/data/Run2017C/HLTPhysics/RAW/v1/000/301/998/00000/104C862E-BF8C-E711-94E4-02163E0144BE.root [191,192,212,214,193,195,200,205,213,222,224,184,190,194,198,201,219,220,228,181,196,208,209,210,215,229,187,203,211,188,197,207,216,217,221,223,186,189,199,202,225,226,227,180,182,183,185,204,206,218]
/store/data/Run2017C/HLTPhysics/RAW/v1/000/301/998/00000/12FCE37F-EF8C-E711-A17C-02163E01A1F8.root [1315,1317,1324,1327,1329,1343,1349,1362,1367,1368,1372,1379,1382,1341,1351,1357,1364,1369,1371,1378,1381,1384,1316,1332,1333,1334,1336,1340,1348,1350,1360,1361,1375,1376,1318,1321,1323,1325,1335,1339,1352,1353,1358,1359,1365,1374,1377,1322,1342,1346,1354,1356,1366,1373,1313,1314,1319,1320,1330,1328,1363,1380,1338,1345,1355,1370,1383,1326,1331,1337,1344,1347]
/store/data/Run2017C/HLTPhysics/RAW/v1/000/301/998/00000/1C45AF42-D78C-E711-B146-02163E01448A.root [785,790,794,802,829,783,791,798,799,800,828,831,797,806,811,819,821,789,795,796,801,824,826,782,786,808,815,820,784,787,807,816,822,827,793,804,809,812,813,817,818,823,832,788,792,803,805,810,814,825,830]
/store/data/Run2017C/HLTPhysics/RAW/v1/000/301/998/00000/1E7FEC82-868D-E711-83FC-02163E013484.root [1716,1720,1721,1730,1732,1735,1739,1744,1746,1747,1752,1709,1724,1729,1731,1717,1725,1727,1737,1748,1750,1710,1738,1740,1756,1708,1713,1715,1734,1742,1745,1711,1719,1722,1726,1728,1733,1749,1751,1757,1714,1718,1741,1754,1755,1712,1723,1736,1743,1753]
/store/data/Run2017C/HLTPhysics/RAW/v1/000/301/998/00000/2A29704B-E98C-E711-A69E-02163E01A4C9.root [944,958,959,968,972,993,942,956,974,995,957,964,967,969,970,979,991,945,953,954,955,976,977,989,990,994,997,943,946,951,962,965,983,984,987,947,949,950,960,963,971,978,988,996,998,948,966,973,981,982,986,992,952,961,975,980,985]
/store/data/Run2017C/HLTPhysics/RAW/v1/000/301/998/00000/34B252B0-868D-E711-A1D0-02163E01371F.root [1761]
/store/data/Run2017C/HLTPhysics/RAW/v1/000/301/998/00000/361C31E8-C38C-E711-AF9A-02163E014113.root [348,354,364,371,379,336,338,339,341,353,360,370,374,378,383,384,389,355,358,368,372,373,375,385,337,349,366,343,346,350,351,352,357,362,365,369,386,388,376,381,382,387,340,356,359,342,344,345,347,361,363,367,377,380]
/store/data/Run2017C/HLTPhysics/RAW/v1/000/301/998/00000/429B2EFB-818D-E711-AE5F-02163E014163.root [1702,1703,1705,1704]
/store/data/Run2017C/HLTPhysics/RAW/v1/000/301/998/00000/4458D4F5-C38C-E711-B5C5-02163E013630.root [449,450,461,465,488,491,501,448,452,457,458,463,468,472,473,484,490,499,508,454,460,462,477,482,487,497,502,506,451,456,469,485,494,496,505,453,455,479,486,489,492,498,500,459,470,471,475,476,478,481,503,507,464,466,467,483,493,474,480,495,504]
/store/data/Run2017C/HLTPhysics/RAW/v1/000/301/998/00000/44B55AA6-F88C-E711-B2D6-02163E01A5D1.root [1457,1474,1475,1482,1492,1502,1515,1458,1472,1485,1489,1494,1522,1528,1532,1465,1468,1470,1480,1486,1491,1497,1500,1503,1509,1514,1523,1524,1527,1460,1464,1496,1498,1506,1510,1513,1517,1519,1526,1461,1463,1469,1476,1477,1478,1504,1512,1518,1521,1466,1473,1481,1487,1490,1501,1511,1520,1525,1530,1462,1471,1484,1493,1499,1505,1516,1529,1531,1459,1467,1479,1483,1488,1495,1507,1508]
/store/data/Run2017C/HLTPhysics/RAW/v1/000/301/998/00000/46A421F1-818D-E711-BA8C-02163E01366D.root [1620,1624,1631,1637,1645,1651,1659,1660,1672,1676,1677,1682,1686,1696,1614,1621,1622,1626,1628,1650,1658,1678,1683,1691,1693,1699,1701,1615,1617,1627,1634,1655,1665,1670,1675,1687,1688,1692,1697,1613,1633,1640,1653,1654,1662,1668,1669,1681,1700,1625,1635,1636,1638,1646,1685,1698,1618,1623,1632,1639,1641,1647,1649,1652,1657,1667,1671,1673,1680,1690,1694,1695,1616,1629,1630,1642,1643,1644,1648,1656,1663,1664,1674,1679,1684,1619,1661,1666,1689]
/store/data/Run2017C/HLTPhysics/RAW/v1/000/301/998/00000/50807564-E98C-E711-9F12-02163E019CB4.root [1058,1073,1079,1081,1090,1096,1105,1110,1112,1062,1065,1071,1077,1107,1111,1115,1064,1082,1084,1086,1087,1094,1097,1101,1113,1057,1068,1093,1099,1066,1072,1075,1078,1080,1091,1092,1100,1103,1108,1061,1063,1109,1114,1056,1059,1060,1067,1083,1088,1089,1095,1106,1069,1070,1074,1076,1085,1098,1102,1104]
/store/data/Run2017C/HLTPhysics/RAW/v1/000/301/998/00000/5A595457-E98C-E711-BA8C-02163E0134DD.root [842,845,859,863,865,875,877,884,846,856,858,860,867,869,873,841,851,864,837,840,852,870,871,882,885,886,833,838,857,861,878,879,834,836,847,849,855,862,866,868,880,835,843,848,850,853,874,876,839,844,854,872,881,883]
/store/data/Run2017C/HLTPhysics/RAW/v1/000/301/998/00000/5C223DD8-C38C-E711-9398-02163E01A2C3.root [235,241,246,249,268,270,275,233,243,248,257,258,267,276,254,261,264,273,231,234,244,252,256,236,255,259,262,272,278,281,237,242,245,251,260,263,266,280,230,232,238,247,250,253,265,239,240,269,271,274,277,279]
/store/data/Run2017C/HLTPhysics/RAW/v1/000/301/998/00000/66879425-BF8C-E711-9139-02163E0143DC.root [89,94,112,114,129,92,95,117,118,126,91,98,128,96,106,107,122,123,127,86,87,100,102,104,105,109,111,130,93,115,119,120,88,97,99,110,113,121,124,125,90,101,103,108,116,131]
/store/data/Run2017C/HLTPhysics/RAW/v1/000/301/998/00000/6CF6BBF1-F68C-E711-9736-02163E0144C0.root [1392,1404,1419,1433,1435,1437,1438,1447,1448,1400,1416,1417,1432,1434,1398,1406,1407,1409,1422,1429,1436,1445,1455,1389,1393,1399,1405,1411,1412,1413,1414,1423,1425,1427,1439,1442,1453,1387,1394,1408,1421,1426,1451,1391,1410,1430,1441,1444,1450,1452,1386,1390,1395,1396,1401,1402,1420,1424,1428,1449,1385,1388,1397,1403,1415,1418,1431,1440,1443,1446,1454,1456]
/store/data/Run2017C/HLTPhysics/RAW/v1/000/301/998/00000/6EC80447-E98C-E711-ADC5-02163E01A3AB.root [899,918,938,902,924,929,932,939,895,896,916,931,935,891,892,898,906,913,915,928,940,941,887,903,905,909,910,919,922,933,934,890,897,904,908,912,923,930,888,893,894,901,907,914,917,920,921,925,936,889,900,911,926,927,937]
/store/data/Run2017C/HLTPhysics/RAW/v1/000/301/998/00000/7EE04E6B-E98C-E711-971C-02163E011838.root [1181,1198,1211,1217,1234,1243,1186,1201,1202,1214,1223,1235,1238,1187,1193,1194,1197,1199,1205,1215,1226,1228,1229,1242,1182,1183,1185,1196,1203,1216,1224,1233,1240,1241,1244,1190,1204,1220,1227,1236,1237,1184,1207,1209,1218,1230,1231,1188,1191,1200,1210,1213,1221,1225,1239,1189,1192,1195,1206,1208,1212,1219,1222,1232]
/store/data/Run2017C/HLTPhysics/RAW/v1/000/301/998/00000/96EE6E18-BF8C-E711-8B05-02163E014160.root [147,150,158,167,168,173,174,134,144,160,163,171,178,135,151,161,166,176,133,136,137,140,142,145,153,155,159,165,132,154,175,141,164,143,149,157,169,138,139,146,148,152,156,162,170,172,177,179]
/store/data/Run2017C/HLTPhysics/RAW/v1/000/301/998/00000/9A87E36B-D78C-E711-9618-02163E01A1D3.root [638,646,661,670,674,680,648,650,656,657,666,647,653,671,651,659,668,669,640,642,652,654,672,675,679,682,641,643,645,662,663,664,681,639,655,658,644,649,660,665,667,673,676,677,678]
/store/data/Run2017C/HLTPhysics/RAW/v1/000/301/998/00000/A883CF61-D78C-E711-BEB5-02163E01A3FC.root [689,690,696,699,706,708,709,723,686,688,695,697,710,727,692,701,712,730,683,714,720,726,700,703,713,715,728,694,698,705,718,684,687,704,707,711,722,724,725,729,685,691,693,702,716,717,719,721]
/store/data/Run2017C/HLTPhysics/RAW/v1/000/301/998/00000/B81B4D50-D78C-E711-BDFB-02163E019D35.root [584,588,604,607,609,629,572,573,575,589,623,628,586,601,616,617,624,625,636,577,595,603,614,631,579,591,598,605,612,620,622,630,574,578,580,581,583,587,592,594,606,608,618,619,621,635,582,585,593,596,597,599,600,610,613,615,627,633,637,576,590,602,611,626,632,634]
/store/data/Run2017C/HLTPhysics/RAW/v1/000/301/998/00000/BA9FC66B-E98C-E711-AFD4-02163E01A6E8.root [1119,1132,1146,1149,1153,1124,1128,1129,1151,1158,1167,1169,1175,1139,1140,1141,1156,1159,1162,1165,1177,1180,1117,1118,1122,1123,1127,1135,1138,1142,1168,1173,1120,1154,1161,1133,1144,1147,1163,1166,1174,1178,1179,1116,1121,1126,1131,1143,1145,1155,1160,1164,1170,1172,1176,1125,1130,1134,1136,1137,1148,1150,1152,1157,1171]
/store/data/Run2017C/HLTPhysics/RAW/v1/000/301/998/00000/CA4D644F-D78C-E711-80F1-02163E014708.root [731,737,752,759,765,781,736,745,746,747,757,770,779,732,735,740,742,744,749,764,766,778,753,769,772,773,775,733,739,756,771,774,776,780,738,741,743,750,754,760,763,767,768,777,748,758,734,751,755,761,762]
/store/data/Run2017C/HLTPhysics/RAW/v1/000/301/998/00000/D8D81A2C-BF8C-E711-88F8-02163E01441C.root [46,50,53,59,66,70,72,78,81,42,47,61,64,44,48,49,55,57,58,74,76,84,85,60,83,43,56,68,73,79,45,63,75,80,52,54,65,67,71,82,51,62,69,77]
/store/data/Run2017C/HLTPhysics/RAW/v1/000/301/998/00000/DCB7AB08-C48C-E711-9184-02163E019E59.root [396,430,431,435,441,444,445,447,397,398,419,400,401,406,411,412,420,422,440,442,408,410,416,417,424,434,438,392,402,403,404,405,414,421,429,436,394,399,407,427,428,432,443,390,391,393,395,413,415,418,423,433,446,409,425,426,437,439]
/store/data/Run2017C/HLTPhysics/RAW/v1/000/301/998/00000/E09B4AC3-C38C-E711-8511-02163E0144D1.root [282,289,291,304,313,321,322,333,283,285,292,293,296,305,312,314,320,294,297,298,326,329,287,295,301,306,308,311,318,319,331,334,284,299,310,316,323,330,300,302,303,309,324,332,335,286,315,317,327,328,288,290,307,325]
/store/data/Run2017C/HLTPhysics/RAW/v1/000/301/998/00000/E2A42AEF-CF8C-E711-A5D3-02163E0139BD.root [516,517,519,527,530,535,547,568,512,526,529,532,533,545,549,559,567,520,525,536,539,543,548,551,566,570,515,540,558,560,562,563,513,514,522,542,546,550,552,556,561,510,511,518,523,524,531,534,541,569,521,537,538,544,553,554,555,565,509,528,557,564,571]
/store/data/Run2017C/HLTPhysics/RAW/v1/000/301/998/00000/EAEB2D3D-E98C-E711-BC59-02163E019C07.root [1013,1014,1020,1023,1024,1027,1031,1032,1038,1047,1003,1004,1009,1026,1039,1040,1041,1000,1008,1012,1015,1036,1045,1052,1054,1001,1016,1019,1033,1037,1043,1046,1005,1007,1022,1028,1044,1049,1051,1053,1002,1010,1011,1017,1025,1029,1034,999,1018,1048,1055,1006,1021,1030,1035,1042,1050]
/store/data/Run2017C/HLTPhysics/RAW/v1/000/301/998/00000/F40632C1-BE8C-E711-92E1-02163E01425E.root [15,21,3,18,25,28,30,32,34,39,10,13,37,6,35,8,19,20,22,26,29,40,41,9,11,12,16,23,24,31,2,4,14,1,5,7,17,27,33,36,38]
/store/data/Run2017C/HLTPhysics/RAW/v1/000/301/998/00000/F4EA0B0E-EB8C-E711-8F2B-02163E012943.root [1246,1250,1253,1255,1274,1299,1247,1261,1263,1266,1287,1290,1293,1298,1254,1262,1264,1268,1271,1279,1289,1294,1300,1301,1304,1311,1245,1249,1258,1269,1270,1273,1278,1282,1291,1302,1308,1309,1310,1248,1275,1276,1296,1303,1305,1307,1312,1252,1260,1265,1272,1277,1281,1285,1288,1257,1292,1297,1251,1256,1259,1267,1280,1283,1284,1286,1295,1306]
/store/data/Run2017C/HLTPhysics/RAW/v1/000/301/998/00000/F87AA7E9-028D-E711-8F84-02163E019CE1.root [1536,1542,1543,1545,1567,1572,1574,1591,1606,1609,1612,1535,1550,1551,1556,1571,1583,1589,1590,1610,1540,1546,1547,1552,1553,1569,1570,1592,1593,1602,1611,1548,1555,1558,1559,1560,1564,1566,1575,1576,1579,1581,1582,1586,1596,1544,1580,1594,1595,1603,1537,1539,1541,1554,1561,1577,1585,1598,1605,1607,1533,1534,1557,1562,1563,1568,1578,1597,1600,1604,1608,1538,1549,1565,1573,1584,1587,1588,1599,1601]
