/store/data/Run2024G/JetMET0/RAW/v1/000/383/811/00000/000642bb-1184-4092-8f63-fd180fdd97fd.root 383811 [61]
/store/data/Run2024G/JetMET0/RAW/v1/000/383/811/00000/0051f895-9afd-4bda-a33a-eae7fb3602f1.root 383811 [66]
/store/data/Run2024G/JetMET0/RAW/v1/000/383/811/00000/04cf6458-fc33-4b2a-bc9d-6aa5e4c37d52.root 383811 [51,50]
/store/data/Run2024G/JetMET0/RAW/v1/000/383/811/00000/1afd1dbc-4a46-48ae-9cdc-cb28ece4d9e9.root 383811 [69]
/store/data/Run2024G/JetMET0/RAW/v1/000/383/811/00000/1b6427f9-8473-4e78-b652-3cef8e62e577.root 383811 [67]
/store/data/Run2024G/JetMET0/RAW/v1/000/383/811/00000/1c145595-197c-436d-b893-9478f81a5723.root 383811 [57]
/store/data/Run2024G/JetMET0/RAW/v1/000/383/811/00000/42ad3b87-5d75-4681-8713-7424f6a7a36c.root 383811 [59]
/store/data/Run2024G/JetMET0/RAW/v1/000/383/811/00000/5cbac43a-f724-475c-b51a-42cf0390f50f.root 383811 [54,55]
/store/data/Run2024G/JetMET0/RAW/v1/000/383/811/00000/5d6ff48e-b5a2-448a-b1d9-15671a2dad9d.root 383811 [64]
/store/data/Run2024G/JetMET0/RAW/v1/000/383/811/00000/624f081e-0a2a-4dfa-9974-6caf1081f9da.root 383811 [63]
/store/data/Run2024G/JetMET0/RAW/v1/000/383/811/00000/62f92921-fffb-43ca-a7ec-391994657c74.root 383811 [65]
/store/data/Run2024G/JetMET0/RAW/v1/000/383/811/00000/6b88b77e-e9ea-4a52-a193-2ecd8474fbd4.root 383811 [3,5,12,17,23,26,2,7,8,13,18,27,29,14,22,24,28,21,25,4,11,15,19,30,1,6,10,9,16,20,31,32]
/store/data/Run2024G/JetMET0/RAW/v1/000/383/811/00000/6e044a0f-5ee1-4e87-a22e-a3583cfc1c24.root 383811 [62]
/store/data/Run2024G/JetMET0/RAW/v1/000/383/811/00000/84dc4b60-11db-4e96-a201-6ed30175c647.root 383811 [58]
/store/data/Run2024G/JetMET0/RAW/v1/000/383/811/00000/88f48b4d-f62e-4143-8d45-7166d2178fcc.root 383811 [47,45,46]
/store/data/Run2024G/JetMET0/RAW/v1/000/383/811/00000/8950d13f-00b9-4dc2-8345-1b2f2bfa29f5.root 383811 [56]
/store/data/Run2024G/JetMET0/RAW/v1/000/383/811/00000/a7e1ec22-6281-4f90-bbb8-875a505ad689.root 383811 [33,34,38,37,39,42,36,40,41,35]
/store/data/Run2024G/JetMET0/RAW/v1/000/383/811/00000/a927730a-6c06-4f66-b67a-b52681a5f1c7.root 383811 [52,53]
/store/data/Run2024G/JetMET0/RAW/v1/000/383/811/00000/ae931955-b88a-4f2c-8d50-089d91656739.root 383811 [44,43]
/store/data/Run2024G/JetMET0/RAW/v1/000/383/811/00000/cf041f8c-932a-4ce3-b24c-2a99cc882dca.root 383811 [48,49]
/store/data/Run2024G/JetMET0/RAW/v1/000/383/811/00000/e5710255-2c86-4a7f-b10d-89c45bfeea04.root 383811 [60]
/store/data/Run2024G/JetMET0/RAW/v1/000/383/811/00000/eedf270b-e197-4cbb-8809-8a7c6f05529b.root 383811 [68]
