/store/data/Run2023B/Muon0/RAW/v1/000/366/727/00000/49624ec6-593c-41bd-884e-4958ff2877f0.root 366727 [84,88,87,86,85,83]
/store/data/Run2023B/Muon0/RAW/v1/000/366/727/00000/4da92e9e-10b6-4866-b724-6d0669c74d15.root 366727 [91,90,92,93,89]
/store/data/Run2023B/Muon0/RAW/v1/000/366/727/00000/5ab5135a-0573-477b-8ac6-891eed5492b0.root 366727 [134,132,133]
/store/data/Run2023B/Muon0/RAW/v1/000/366/727/00000/652774ff-c01b-4343-9a75-87cafbfb6e51.root 366727 [45,41,40,43,46,48,44,47,42]
/store/data/Run2023B/Muon0/RAW/v1/000/366/727/00000/65af73bd-d303-409e-8083-85317c53dffe.root 366727 [95,97,98,94,96]
/store/data/Run2023B/Muon0/RAW/v1/000/366/727/00000/8184fdbb-d62a-4990-b994-4e64bc5eaac1.root 366727 [108,109,110,111]
/store/data/Run2023B/Muon0/RAW/v1/000/366/727/00000/8abacf5d-f072-415c-870b-99fc8b6a216f.root 366727 [51,53,49,55,50,56,52,54]
/store/data/Run2023B/Muon0/RAW/v1/000/366/727/00000/97f556d2-0d08-47b1-ba72-5e575457fb0d.root 366727 [128,126,127]
/store/data/Run2023B/Muon0/RAW/v1/000/366/727/00000/a427a94e-9340-40a2-9109-73e6d763721d.root 366727 [73,72,76,74,75,71]
/store/data/Run2023B/Muon0/RAW/v1/000/366/727/00000/a82bff5b-f5b6-4c3b-ba6d-01a633a1eb70.root 366727 [105,106,104,107]
/store/data/Run2023B/Muon0/RAW/v1/000/366/727/00000/ae40ab92-c65a-4f0d-838c-b15a47c8c63c.root 366727 [121,122,120]
/store/data/Run2023B/Muon0/RAW/v1/000/366/727/00000/b0946415-62eb-494e-8c55-1552823ddca4.root 366727 [112,113,115,114]
/store/data/Run2023B/Muon0/RAW/v1/000/366/727/00000/bbd04ed8-d82b-4415-92f3-1601b3b339ca.root 366727 [66,69,67,68,64,65,70]
/store/data/Run2023B/Muon0/RAW/v1/000/366/727/00000/c5896e03-f132-46c3-8a6d-08dc92f53ccd.root 366727 [129,131,130]
/store/data/Run2023B/Muon0/RAW/v1/000/366/727/00000/d56cf5d7-c15d-4ec8-9513-4f5ded722d56.root 366727 [136,135]
/store/data/Run2023B/Muon0/RAW/v1/000/366/727/00000/d7cdfee8-d749-4c9f-8644-37f73da14c82.root 366727 [116,117,118,119]
/store/data/Run2023B/Muon0/RAW/v1/000/366/727/00000/db66a984-5bfe-4927-8348-55ae6cbe57c2.root 366727 [60,57,58,59,61,63,62]
/store/data/Run2023B/Muon0/RAW/v1/000/366/727/00000/e73b6750-1db3-4bef-8c4a-0ca4d261fb26.root 366727 [79,82,78,77,80,81]
/store/data/Run2023B/Muon0/RAW/v1/000/366/727/00000/e811187d-828b-4baf-9cb4-890e707bba70.root 366727 [99,103,101,100,102]
/store/data/Run2023B/Muon0/RAW/v1/000/366/727/00000/ee4d4861-cb8a-4451-b66c-9b672a4333e6.root 366727 [39,30,33,38,34,37,31,35,32,36]
/store/data/Run2023B/Muon0/RAW/v1/000/366/727/00000/f5182fbb-9057-4c10-b460-305607010488.root 366727 [125,124,123]
/store/data/Run2023B/Muon0/RAW/v1/000/366/729/00000/06419485-5a8b-4dcc-ac25-f0e335e023df.root 366729 [278,274,276,277,275]
/store/data/Run2023B/Muon0/RAW/v1/000/366/729/00000/067fbe2d-2649-4446-b016-1f013cda3abe.root 366729 [387,389,386,388,390,391]
/store/data/Run2023B/Muon0/RAW/v1/000/366/729/00000/06845033-d4d8-4e8a-acdb-b4ba8c0e327f.root 366729 [179,178,176,177]
/store/data/Run2023B/Muon0/RAW/v1/000/366/729/00000/07d0f194-0133-4f3d-8d1b-2fb52317b3e2.root 366729 [40,41,42,39]
/store/data/Run2023B/Muon0/RAW/v1/000/366/729/00000/0c4e1442-e058-46dd-b67b-a7743dca1d10.root 366729 [268,264,266,267,265]
/store/data/Run2023B/Muon0/RAW/v1/000/366/729/00000/0dc50f20-5057-458b-91e2-7a65eca33c54.root 366729 [281,282,283,280,279]
/store/data/Run2023B/Muon0/RAW/v1/000/366/729/00000/0ff34e2e-f43d-48c4-a968-4dcb8140144d.root 366729 [106,107,105,104]
/store/data/Run2023B/Muon0/RAW/v1/000/366/729/00000/120e8af9-c3b1-4260-80a5-042032fa07c4.root 366729 [211,213,212,209,210]
/store/data/Run2023B/Muon0/RAW/v1/000/366/729/00000/150978a2-bb2c-46eb-b263-c9f1e595d50e.root 366729 [90,89,91,88]
/store/data/Run2023B/Muon0/RAW/v1/000/366/729/00000/15a3ab65-6890-4520-a85c-632e3922a01f.root 366729 [207,205,204,208,206]
/store/data/Run2023B/Muon0/RAW/v1/000/366/729/00000/172a1828-9382-4d3f-a591-252232255214.root 366729 [311,313,309,310,312]
/store/data/Run2023B/Muon0/RAW/v1/000/366/729/00000/17518bca-1eb3-40dd-8683-5e42ec8507d2.root 366729 [287,288,284,286,285]
/store/data/Run2023B/Muon0/RAW/v1/000/366/729/00000/19107686-f4ca-41fb-b053-550e65eb3154.root 366729 [29,28,27,30]
/store/data/Run2023B/Muon0/RAW/v1/000/366/729/00000/1b8802eb-ac70-43ba-9655-ac5ea4b76deb.root 366729 [202,200,201,203,199]
/store/data/Run2023B/Muon0/RAW/v1/000/366/729/00000/2429b55d-6fa6-4692-ad2a-8185caf31f83.root 366729 [300,302,299,301,303]
/store/data/Run2023B/Muon0/RAW/v1/000/366/729/00000/2629ef2b-28c5-4611-8765-73b08b806dc8.root 366729 [175,173,172,174]
/store/data/Run2023B/Muon0/RAW/v1/000/366/729/00000/26a88d4c-1e5a-454d-b7bb-b5ef9f12a251.root 366729 [262,259,261,260,263]
/store/data/Run2023B/Muon0/RAW/v1/000/366/729/00000/2968a94e-dd5a-499f-adff-7132cbb31f3c.root 366729 [239,240,242,243,241]
/store/data/Run2023B/Muon0/RAW/v1/000/366/729/00000/302bf2e8-aee1-42f9-9623-73e7958ce971.root 366729 [92,94,95,93]
/store/data/Run2023B/Muon0/RAW/v1/000/366/729/00000/32b8b2f1-8813-4e60-8737-f3e4e4c9e61c.root 366729 [362,360,361,363,359]
/store/data/Run2023B/Muon0/RAW/v1/000/366/729/00000/35e48138-1b1d-4dfc-a50a-7898e3496f6e.root 366729 [180,183,184,182,181]
/store/data/Run2023B/Muon0/RAW/v1/000/366/729/00000/39c7b18d-9b01-440a-8746-81eb78f9f849.root 366729 [331,332,333,329,330]
/store/data/Run2023B/Muon0/RAW/v1/000/366/729/00000/3a996584-5fc3-4cb7-9d31-9713b57f759e.root 366729 [221,220,222,223,219]
/store/data/Run2023B/Muon0/RAW/v1/000/366/729/00000/3ebd6c38-7d20-40ee-8817-86eb2587c264.root 366729 [234,237,235,236,238]
/store/data/Run2023B/Muon0/RAW/v1/000/366/729/00000/41053090-d9a9-4412-8559-161a09da54a4.root 366729 [102,100,103,101]
/store/data/Run2023B/Muon0/RAW/v1/000/366/729/00000/488e7df4-8989-47b5-a7e9-cf683eda141c.root 366729 [404,407,408,409,405,406]
/store/data/Run2023B/Muon0/RAW/v1/000/366/729/00000/4c6a7781-15cd-489b-900a-930a1c369f0c.root 366729 [169,168,171,170]
/store/data/Run2023B/Muon0/RAW/v1/000/366/729/00000/4c751aa2-44f9-4b47-b347-f73b4dfecdcb.root 366729 [350,351,352,349,353]
/store/data/Run2023B/Muon0/RAW/v1/000/366/729/00000/4cd9ae80-8f68-4b1b-b1d6-d4f62ed279a7.root 366729 [399,401,400,398,402,403]
/store/data/Run2023B/Muon0/RAW/v1/000/366/729/00000/4f907e09-59e3-4aca-ae82-4b581a672b18.root 366729 [113,115,112,114]
/store/data/Run2023B/Muon0/RAW/v1/000/366/729/00000/4fc75bad-21bc-42d0-b8f8-f2ec326815fb.root 366729 [245,244,247,248,246]
/store/data/Run2023B/Muon0/RAW/v1/000/366/729/00000/5c6ef9c7-e950-4c57-ae29-95e8a5ab0bf1.root 366729 [79,81,80,82]
/store/data/Run2023B/Muon0/RAW/v1/000/366/729/00000/5d09b19e-c5a6-4d5d-b8e2-f66165a01385.root 366729 [256,258,255,254,257]
/store/data/Run2023B/Muon0/RAW/v1/000/366/729/00000/5ec9ec1d-eb13-4441-afb1-8dbdd050a66e.root 366729 [60,59,61,62]
/store/data/Run2023B/Muon0/RAW/v1/000/366/729/00000/5f37648e-c98a-4808-af94-1405216b0e8e.root 366729 [150,149,151,148]
/store/data/Run2023B/Muon0/RAW/v1/000/366/729/00000/684a920e-69ba-4667-acc3-8e89dacb6f63.root 366729 [63,66,64,65]
/store/data/Run2023B/Muon0/RAW/v1/000/366/729/00000/694f1b6c-e015-4c4f-8523-217e1ecdbc50.root 366729 [186,188,185,187,189]
/store/data/Run2023B/Muon0/RAW/v1/000/366/729/00000/69dbedb0-dad0-404b-bcbc-605f9ff34191.root 366729 [371,372,374,373,369,370]
/store/data/Run2023B/Muon0/RAW/v1/000/366/729/00000/6a9b1446-b1c3-4be9-9a41-a77b93455bbf.root 366729 [54,52,51,53]
/store/data/Run2023B/Muon0/RAW/v1/000/366/729/00000/6cb23e2a-c36c-4426-80a4-e0c48c7531c9.root 366729 [357,354,355,358,356]
/store/data/Run2023B/Muon0/RAW/v1/000/366/729/00000/6d1622af-ce05-4572-9c3e-3275d912533a.root 366729 [339,341,340,342,343]
/store/data/Run2023B/Muon0/RAW/v1/000/366/729/00000/741988d2-2fa1-403f-b881-8bc28048b2c3.root 366729 [136,138,137,139]
/store/data/Run2023B/Muon0/RAW/v1/000/366/729/00000/747715de-df06-4225-9187-6731edb96bc6.root 366729 [32,33,34,31]
/store/data/Run2023B/Muon0/RAW/v1/000/366/729/00000/801c3532-970a-41c4-bc04-b55abb21acb2.root 366729 [142,143,141,140]
/store/data/Run2023B/Muon0/RAW/v1/000/366/729/00000/8047d8f6-da27-4dda-a73f-bcc0bf6ba567.root 366729 [76,78,75,77]
/store/data/Run2023B/Muon0/RAW/v1/000/366/729/00000/85345251-6278-496b-9bb8-47b4a9e3f01e.root 366729 [249,250,252,251,253]
/store/data/Run2023B/Muon0/RAW/v1/000/366/729/00000/85733d52-266a-4cb1-af4b-935efc836e2a.root 366729 [122,120,121,123]
/store/data/Run2023B/Muon0/RAW/v1/000/366/729/00000/8a7ad1cc-d8d0-4054-acd5-45c3c863ece9.root 366729 [376,378,377,379,375]
/store/data/Run2023B/Muon0/RAW/v1/000/366/729/00000/8ae26208-5dbf-4965-ba26-e57b3d8f20f9.root 366729 [130,131,128,129]
/store/data/Run2023B/Muon0/RAW/v1/000/366/729/00000/8d6b057e-ee5d-4b36-926e-cfd35b0b99a8.root 366729 [160,161,162,163]
/store/data/Run2023B/Muon0/RAW/v1/000/366/729/00000/8ecee6b9-c13b-422a-8ac3-c324d780abab.root 366729 [152,153,154,155]
/store/data/Run2023B/Muon0/RAW/v1/000/366/729/00000/93ef9e62-a81c-4db2-b7f5-6715daaaa307.root 366729 [99,98,97,96]
/store/data/Run2023B/Muon0/RAW/v1/000/366/729/00000/97f0f7da-cc26-4b4b-84d5-0bedbfe658fe.root 366729 [397,393,392,396,394,395]
/store/data/Run2023B/Muon0/RAW/v1/000/366/729/00000/98f9381a-b01d-4a64-8bc4-aaa8f8e29a9b.root 366729 [146,144,145,147]
/store/data/Run2023B/Muon0/RAW/v1/000/366/729/00000/9cecdae6-bd66-468c-90c3-53f157bf98a8.root 366729 [229,231,233,232,230]
/store/data/Run2023B/Muon0/RAW/v1/000/366/729/00000/9f733d80-6464-4a6a-9d56-d5e0338f6b34.root 366729 [197,195,198,196]
/store/data/Run2023B/Muon0/RAW/v1/000/366/729/00000/a41b961d-f21a-4fb7-9734-3755440560b7.root 366729 [84,86,87,85,83]
/store/data/Run2023B/Muon0/RAW/v1/000/366/729/00000/a82dc1d5-2069-4e2f-b654-5ea32bcd90a5.root 366729 [124,126,125,127]
/store/data/Run2023B/Muon0/RAW/v1/000/366/729/00000/abd80009-8f80-4e68-86c2-607c3785e1c9.root 366729 [290,293,289,292,291]
/store/data/Run2023B/Muon0/RAW/v1/000/366/729/00000/ae3bf1ac-67c5-4c9d-849b-d1dfbcce5eaf.root 366729 [228,224,225,227,226]
/store/data/Run2023B/Muon0/RAW/v1/000/366/729/00000/af185231-744d-4d44-b559-64c1615bb9a3.root 366729 [327,324,325,326,328]
/store/data/Run2023B/Muon0/RAW/v1/000/366/729/00000/b071a876-492e-43b8-8101-1dca2e2ea45d.root 366729 [297,294,298,295,296]
/store/data/Run2023B/Muon0/RAW/v1/000/366/729/00000/b20fa4e9-a41e-44c2-ba8e-10f6ace66b1f.root 366729 [37,35,38,36]
/store/data/Run2023B/Muon0/RAW/v1/000/366/729/00000/b25316ff-a415-403a-9447-6f12c8eaf5ab.root 366729 [165,167,166,164]
/store/data/Run2023B/Muon0/RAW/v1/000/366/729/00000/b4b6dc92-d352-42bf-ba97-5468a7df9191.root 366729 [45,46,44,43]
/store/data/Run2023B/Muon0/RAW/v1/000/366/729/00000/b6118f84-75c8-4f82-b1f3-b7b2dc4bdcbb.root 366729 [157,158,156,159]
/store/data/Run2023B/Muon0/RAW/v1/000/366/729/00000/b7a086b6-ce2a-4bdf-b19d-76e74e5ff26b.root 366729 [217,218,216,214,215]
/store/data/Run2023B/Muon0/RAW/v1/000/366/729/00000/bafe5083-ffa4-48d1-8005-ebc793b6a8b7.root 366729 [317,314,315,316,318]
/store/data/Run2023B/Muon0/RAW/v1/000/366/729/00000/bd031d61-8792-49d3-83ea-5c068636273d.root 366729 [132,133,135,134]
/store/data/Run2023B/Muon0/RAW/v1/000/366/729/00000/becfad3f-30e5-4cb8-8b24-5df3dccaafa6.root 366729 [190,191,193,194,192]
/store/data/Run2023B/Muon0/RAW/v1/000/366/729/00000/c114191c-4ced-4004-a572-e292c8bad11f.root 366729 [70,69,67,68]
/store/data/Run2023B/Muon0/RAW/v1/000/366/729/00000/c62f2a0e-5683-4916-9452-9535ac515ffb.root 366729 [347,345,348,344,346]
/store/data/Run2023B/Muon0/RAW/v1/000/366/729/00000/cc79c462-dfb2-40a4-9b2c-3355b61b09ea.root 366729 [118,119,116,117]
/store/data/Run2023B/Muon0/RAW/v1/000/366/729/00000/d23f4b17-715c-4ebb-80e4-9456bdb0c46c.root 366729 [336,335,338,334,337]
/store/data/Run2023B/Muon0/RAW/v1/000/366/729/00000/d608b5dd-ad5e-4a02-8a58-7289e77b54f0.root 366729 [269,271,273,270,272]
/store/data/Run2023B/Muon0/RAW/v1/000/366/729/00000/de974289-4035-4b57-84f9-bd21518eea2c.root 366729 [57,58,56,55]
/store/data/Run2023B/Muon0/RAW/v1/000/366/729/00000/e04b8017-ede1-4980-bb6f-129cf4c20a3b.root 366729 [48,49,47,50]
/store/data/Run2023B/Muon0/RAW/v1/000/366/729/00000/e239c992-d8bd-4c39-bfbc-41dfa2edce31.root 366729 [111,108,109,110]
/store/data/Run2023B/Muon0/RAW/v1/000/366/729/00000/ec3d2096-838e-4121-a114-454145d98892.root 366729 [74,73,71,72]
/store/data/Run2023B/Muon0/RAW/v1/000/366/729/00000/eefacd42-436d-4e19-a27d-8e7aec73bbc4.root 366729 [364,367,366,368,365]
/store/data/Run2023B/Muon0/RAW/v1/000/366/729/00000/f1ba172a-06b9-4797-a8ae-fa2565e8862b.root 366729 [321,322,323,320,319]
/store/data/Run2023B/Muon0/RAW/v1/000/366/729/00000/f52c8cc8-0cd6-4451-8242-6d9bd6126c52.root 366729 [380,384,381,382,383,385]
/store/data/Run2023B/Muon0/RAW/v1/000/366/729/00000/f6b358c8-e78a-4fb8-bdc2-2241384f1bf5.root 366729 [308,304,306,307,305]
/store/data/Run2023B/Muon0/RAW/v1/000/366/729/00000/f8fae12b-7510-4748-a83b-58ea312ade05.root 366729 [410,411,414,415,417,413,416,418,419,412]
/store/data/Run2023B/Muon0/RAW/v1/000/366/801/00000/0613f47c-f121-44ce-b1b2-d02342d44c73.root 366801 [120,116,119,115,117,118]
/store/data/Run2023B/Muon0/RAW/v1/000/366/801/00000/09f71e22-488b-46db-830a-6ee69555cd07.root 366801 [154,153,152,156,151,155]
/store/data/Run2023B/Muon0/RAW/v1/000/366/801/00000/0ab22a73-3908-43b5-9bc6-572388f6bf83.root 366801 [134,138,137,133,135,136]
/store/data/Run2023B/Muon0/RAW/v1/000/366/801/00000/11fe84bb-19d1-4549-b0ab-093bab7d5b18.root 366801 [101,98,100,102,99,97]
/store/data/Run2023B/Muon0/RAW/v1/000/366/801/00000/1522a1f5-e97c-4e17-903c-dafe53f1ff6b.root 366801 [177,180,175,176,178,179]
/store/data/Run2023B/Muon0/RAW/v1/000/366/801/00000/15a1fd42-1c5d-4433-9ed7-e3bbee9ff71c.root 366801 [122,121,124,126,125,123]
/store/data/Run2023B/Muon0/RAW/v1/000/366/801/00000/15ab0275-3225-461d-953c-4424d177a257.root 366801 [415,411,413,414,409,412,410]
/store/data/Run2023B/Muon0/RAW/v1/000/366/801/00000/213c8164-3277-4d1f-ac32-879b74f35c75.root 366801 [286,290,287,292,289,288,291]
/store/data/Run2023B/Muon0/RAW/v1/000/366/801/00000/213e84b6-8d5f-4d8d-9232-6447fd16b807.root 366801 [188,191,190,192,189,193]
/store/data/Run2023B/Muon0/RAW/v1/000/366/801/00000/242d867e-4494-45bc-8b10-11a0f65f379c.root 366801 [23,22,24,25,21,20]
/store/data/Run2023B/Muon0/RAW/v1/000/366/801/00000/25b8f7a9-2869-4ab1-ad96-45457972d781.root 366801 [225,226,229,227,224,228]
/store/data/Run2023B/Muon0/RAW/v1/000/366/801/00000/294ecf94-ab01-4677-8868-de1b62e7b6b0.root 366801 [41,42,43,38,39,40]
/store/data/Run2023B/Muon0/RAW/v1/000/366/801/00000/376054e0-3921-4efb-8244-45bcec910086.root 366801 [365,364,362,363,368,366,367,369]
/store/data/Run2023B/Muon0/RAW/v1/000/366/801/00000/3811d113-9d6e-4d3b-a683-b9bf805a1e21.root 366801 [67,70,68,71,69,72]
/store/data/Run2023B/Muon0/RAW/v1/000/366/801/00000/43321508-4759-4c3a-b8bf-544b7d5d9676.root 366801 [370,372,377,374,375,371,376,373]
/store/data/Run2023B/Muon0/RAW/v1/000/366/801/00000/4609274d-e1ba-41be-9c4c-2eaa463d9a91.root 366801 [127,128,129,130,131,132]
/store/data/Run2023B/Muon0/RAW/v1/000/366/801/00000/47a1c984-a92d-4939-813a-91dee231eb68.root 366801 [182,185,181,187,186,183,184]
/store/data/Run2023B/Muon0/RAW/v1/000/366/801/00000/4abd3628-c367-4c7a-a19c-46ce85a19994.root 366801 [276,273,278,275,277,272,274]
/store/data/Run2023B/Muon0/RAW/v1/000/366/801/00000/509447d1-4568-4a88-8c23-9e31ba65810d.root 366801 [161,158,162,157,159,160]
/store/data/Run2023B/Muon0/RAW/v1/000/366/801/00000/512882a4-86c7-4624-bee5-d03a3f0c06a4.root 366801 [312,309,308,313,307,310,311]
/store/data/Run2023B/Muon0/RAW/v1/000/366/801/00000/52cffa66-e49b-460d-9281-b8b16414cbff.root 366801 [396,399,401,395,398,394,397,400]
/store/data/Run2023B/Muon0/RAW/v1/000/366/801/00000/5363bbea-428e-4982-b667-678b06d6a34f.root 366801 [208,211,209,210,206,207]
/store/data/Run2023B/Muon0/RAW/v1/000/366/801/00000/53a09488-e69a-44f3-8fbd-30b824bb4cb4.root 366801 [326,322,324,325,327,328,329,323]
/store/data/Run2023B/Muon0/RAW/v1/000/366/801/00000/53d19208-cf5d-4ce9-9296-6dda403de433.root 366801 [108,103,107,104,106,105]
/store/data/Run2023B/Muon0/RAW/v1/000/366/801/00000/5626e0b8-e138-42dd-8c34-68e9544cf92f.root 366801 [112,111,110,113,114,109]
/store/data/Run2023B/Muon0/RAW/v1/000/366/801/00000/590a49c5-591d-484f-832c-72f0cf732806.root 366801 [94,95,93,96,91,92]
/store/data/Run2023B/Muon0/RAW/v1/000/366/801/00000/5d58dd64-44f0-4ba4-96ca-341fb6699492.root 366801 [405,406,404,403,407,402,408]
/store/data/Run2023B/Muon0/RAW/v1/000/366/801/00000/66d27642-5950-4141-b5cf-d8a08ddcb444.root 366801 [423,417,418,421,422,419,420,416]
/store/data/Run2023B/Muon0/RAW/v1/000/366/801/00000/70aba2a5-2319-4dfa-a8d9-85656a38b3ff.root 366801 [15,16,17,18,19]
/store/data/Run2023B/Muon0/RAW/v1/000/366/801/00000/782338b1-34af-4fac-8589-b4229e13f178.root 366801 [203,205,201,202,204,200]
/store/data/Run2023B/Muon0/RAW/v1/000/366/801/00000/7dacb63b-e114-4172-afd9-13dcc6719aab.root 366801 [267,269,271,265,266,268,270]
/store/data/Run2023B/Muon0/RAW/v1/000/366/801/00000/7e6c4a0a-e100-4e35-89ae-e387db1103d5.root 366801 [301,300,304,305,303,302,306]
/store/data/Run2023B/Muon0/RAW/v1/000/366/801/00000/7f947a1b-2eb4-4779-8756-96d4f0c12b27.root 366801 [293,295,298,294,297,296,299]
/store/data/Run2023B/Muon0/RAW/v1/000/366/801/00000/8048a0e1-82ad-4c87-96a3-de0660bc2297.root 366801 [253,257,252,255,256,251,254]
/store/data/Run2023B/Muon0/RAW/v1/000/366/801/00000/a1f72250-aa1e-4e50-9da2-32f96f5d4d78.root 366801 [239,243,240,241,242,237,238]
/store/data/Run2023B/Muon0/RAW/v1/000/366/801/00000/a22a390b-4300-43d5-8b32-0f076e9be199.root 366801 [79,81,80,82,84,83]
/store/data/Run2023B/Muon0/RAW/v1/000/366/801/00000/a6613592-9c66-427b-95c2-4c9adf43a89f.root 366801 [148,146,150,147,149,145]
/store/data/Run2023B/Muon0/RAW/v1/000/366/801/00000/ae547eea-fd52-4c5e-a217-2623a5f05282.root 366801 [260,262,258,264,259,261,263]
/store/data/Run2023B/Muon0/RAW/v1/000/366/801/00000/afd0e40c-7891-44f6-a318-a5d795e47d58.root 366801 [74,75,77,78,73,76]
/store/data/Run2023B/Muon0/RAW/v1/000/366/801/00000/b197bd0a-bc60-4498-88ce-2052269ee5a7.root 366801 [197,195,194,196,198,199]
/store/data/Run2023B/Muon0/RAW/v1/000/366/801/00000/b1caabee-4fd3-491f-b318-236659ae78c2.root 366801 [50,52,53,49,54,51]
/store/data/Run2023B/Muon0/RAW/v1/000/366/801/00000/b24bf393-e5d5-4668-b1b8-b4fff8cccc0c.root 366801 [320,315,317,319,314,318,316,321]
/store/data/Run2023B/Muon0/RAW/v1/000/366/801/00000/b4d663e5-64ba-4df3-8e2b-1b32a225c124.root 366801 [62,63,65,61,66,64]
/store/data/Run2023B/Muon0/RAW/v1/000/366/801/00000/b5f35cca-adc4-4165-b2c3-137a773bdea9.root 366801 [37,35,36,32,33,34]
/store/data/Run2023B/Muon0/RAW/v1/000/366/801/00000/baaef027-aa7e-48f0-a5af-6e0d40c94dc6.root 366801 [231,236,233,230,235,232,234]
/store/data/Run2023B/Muon0/RAW/v1/000/366/801/00000/bddeeb50-a6dd-40bb-9e56-1a00b90ebd50.root 366801 [425,426,424,427]
/store/data/Run2023B/Muon0/RAW/v1/000/366/801/00000/c0011d9c-e850-4b98-9470-f578a135e92c.root 366801 [213,214,217,215,212,216]
/store/data/Run2023B/Muon0/RAW/v1/000/366/801/00000/c6349856-80e4-40c9-8882-85d90494e837.root 366801 [358,359,357,354,360,361,355,356]
/store/data/Run2023B/Muon0/RAW/v1/000/366/801/00000/cb69ed7d-50e7-4f18-9009-99e30da08a86.root 366801 [386,388,389,387,391,392,390,393]
/store/data/Run2023B/Muon0/RAW/v1/000/366/801/00000/cc560f83-7bca-4a9f-a5e6-6dca4de26b10.root 366801 [350,346,353,348,347,349,351,352]
/store/data/Run2023B/Muon0/RAW/v1/000/366/801/00000/cd27a8d3-0e81-4412-83a7-717d564d8b13.root 366801 [170,173,174,172,169,171]
/store/data/Run2023B/Muon0/RAW/v1/000/366/801/00000/d67ad3a8-fb16-4f45-980c-30f58b50996a.root 366801 [223,219,221,220,222,218]
/store/data/Run2023B/Muon0/RAW/v1/000/366/801/00000/da32147a-31df-48ea-8b18-5456283e1eeb.root 366801 [344,341,343,338,340,342,339,345]
/store/data/Run2023B/Muon0/RAW/v1/000/366/801/00000/db07d8d5-3fc4-49ae-a3ca-57fa093917cd.root 366801 [280,283,285,282,279,281,284]
/store/data/Run2023B/Muon0/RAW/v1/000/366/801/00000/db904ba1-805f-4916-8869-71aed03fc79b.root 366801 [47,45,46,48,44]
/store/data/Run2023B/Muon0/RAW/v1/000/366/801/00000/dd2d237b-2463-497b-a835-164d7cc0c985.root 366801 [332,334,335,331,336,333,337,330]
/store/data/Run2023B/Muon0/RAW/v1/000/366/801/00000/dd45c0fa-1f4d-46ee-91ae-4b472acd55d2.root 366801 [26,27,29,31,28,30]
/store/data/Run2023B/Muon0/RAW/v1/000/366/801/00000/e4935eca-40f6-4eb1-91c5-fcb083b1a7ea.root 366801 [85,87,90,86,89,88]
/store/data/Run2023B/Muon0/RAW/v1/000/366/801/00000/e8085d17-c94c-4e0f-af53-e0d557905b45.root 366801 [163,166,164,165,167,168]
/store/data/Run2023B/Muon0/RAW/v1/000/366/801/00000/e93aea69-0313-4bad-9622-762842f96949.root 366801 [139,140,141,143,144,142]
/store/data/Run2023B/Muon0/RAW/v1/000/366/801/00000/ee41b065-bcd6-46e1-8f07-519aa61325ff.root 366801 [382,379,385,378,381,380,383,384]
/store/data/Run2023B/Muon0/RAW/v1/000/366/801/00000/f6115a00-e251-433a-8953-478fad279785.root 366801 [246,247,244,250,248,249,245]
/store/data/Run2023B/Muon0/RAW/v1/000/366/801/00000/fceb1b10-f894-43ee-afaa-939f20f1766f.root 366801 [55,59,58,56,57,60]
