/store/data/Run2023C/NoBPTX/RAW/v1/000/367/095/00000/00e3adce-5f0d-4277-9b57-26c836c973c2.root 367095 [394,387,396,389,392,390,393,386,391,395,388]
/store/data/Run2023C/NoBPTX/RAW/v1/000/367/095/00000/03464dd9-f151-45ed-9c69-9a86759f5906.root 367095 [567,571,573,562,564,565,569,574,575,578,563,568,570,560,561,577,566,572,576]
/store/data/Run2023C/NoBPTX/RAW/v1/000/367/095/00000/0584e870-6c26-4cdb-bf3d-28fc5b85e862.root 367095 [155,161,163,156,159,164,162,158,157,160]
/store/data/Run2023C/NoBPTX/RAW/v1/000/367/095/00000/14a0f796-6c47-4202-b8c7-5399f0f70a61.root 367095 [462,466,464,463,465,460,457,458,459,461]
/store/data/Run2023C/NoBPTX/RAW/v1/000/367/095/00000/19475ec8-63fd-4a31-8ce9-f99ed17df59a.root 367095 [235,236,231,239,233,234,238,240,230,232,237]
/store/data/Run2023C/NoBPTX/RAW/v1/000/367/095/00000/1f046e17-d194-43d4-9f51-99fc2eea4bf1.root 367095 [337,338,335,339,343,344,336,342,341,340]
/store/data/Run2023C/NoBPTX/RAW/v1/000/367/095/00000/2376459f-87fd-45b2-a0af-7f3cffd7777d.root 367095 [382,378,379,380,384,377,381,383,385]
/store/data/Run2023C/NoBPTX/RAW/v1/000/367/095/00000/25ea069e-1328-4afa-b567-4ab7c9b8521e.root 367095 [408,416,411,413,414,410,409,415,407,412]
/store/data/Run2023C/NoBPTX/RAW/v1/000/367/095/00000/2762718d-a113-48d1-8bf9-f4386bd89a3f.root 367095 [499,502,503,505,500,501,504,498,507,506]
/store/data/Run2023C/NoBPTX/RAW/v1/000/367/095/00000/2d410690-e8aa-424b-b836-a5ed96ce7374.root 367095 [135,137,138,143,134,139,141,142,144,136,140]
/store/data/Run2023C/NoBPTX/RAW/v1/000/367/095/00000/30762ce8-055e-466b-b795-82f6ef00e7b4.root 367095 [209,214,218,217,212,213,216,219,211,215,210]
/store/data/Run2023C/NoBPTX/RAW/v1/000/367/095/00000/3099e774-05d4-4179-b249-6e4e302ea22d.root 367095 [188,192,194,190,196,186,193,195,187,189,191]
/store/data/Run2023C/NoBPTX/RAW/v1/000/367/095/00000/31505fd6-1f73-42c0-a3a5-9fd8fd495eea.root 367095 [299,293,296,297,295,298,301,294,292,300]
/store/data/Run2023C/NoBPTX/RAW/v1/000/367/095/00000/3dbd12c0-2bd2-46b2-8e2e-a822bab9cbe9.root 367095 [95,100,107,108,94,96,102,103,106,97,98,99,104,101,105]
/store/data/Run2023C/NoBPTX/RAW/v1/000/367/095/00000/44158b77-f8cb-472d-94dd-5cd1e4678ac9.root 367095 [147,152,146,149,145,148,151,153,150,154]
/store/data/Run2023C/NoBPTX/RAW/v1/000/367/095/00000/44c4b375-915d-4c67-9255-d1d21445e76e.root 367095 [229,222,224,223,225,226,227,220,228,221]
/store/data/Run2023C/NoBPTX/RAW/v1/000/367/095/00000/45f25893-d7d6-4e5a-8ba3-746217199a25.root 367095 [353,348,349,345,351,354,346,347,350,352,355]
/store/data/Run2023C/NoBPTX/RAW/v1/000/367/095/00000/47d32ca6-00ae-418c-8da1-15a8d0cbebc3.root 367095 [530,537,531,536,533,534,535,528,529,532]
/store/data/Run2023C/NoBPTX/RAW/v1/000/367/095/00000/4aa2f6e7-9110-47f3-8655-31344c54daed.root 367095 [287,286,282,284,290,291,283,285,288,289]
/store/data/Run2023C/NoBPTX/RAW/v1/000/367/095/00000/4baaecd8-0527-4e9f-8e89-d0351a29e50e.root 367095 [508,510,512,514,515,516,517,511,513,509]
/store/data/Run2023C/NoBPTX/RAW/v1/000/367/095/00000/5f04cfbd-0841-4d1c-9ab9-0db5598fa06f.root 367095 [263,270,264,271,262,265,266,267,269,268]
/store/data/Run2023C/NoBPTX/RAW/v1/000/367/095/00000/6027f8aa-1823-4fb8-9789-2746b9a4ccde.root 367095 [449,450,451,455,456,454,447,448,453,452]
/store/data/Run2023C/NoBPTX/RAW/v1/000/367/095/00000/76de86df-b018-4e2c-8494-21df1c3d2c88.root 367095 [276,278,279,273,275,280,272,277,281,274]
/store/data/Run2023C/NoBPTX/RAW/v1/000/367/095/00000/77859ed6-2f52-468b-b049-e213e026c737.root 367095 [178,180,179,176,181,183,184,185,177,182]
/store/data/Run2023C/NoBPTX/RAW/v1/000/367/095/00000/77c84efa-c3cb-4d19-b856-6d87e4ea5b37.root 367095 [241,248,250,244,246,247,242,243,245,249]
/store/data/Run2023C/NoBPTX/RAW/v1/000/367/095/00000/78a547df-19d8-435a-9299-ec0ce187a133.root 367095 [26,28,34,52,41,29,33,35,36,51,30,31,37,46,50,38,40,39,42,43,49,32,45,47,27,44,48,53]
/store/data/Run2023C/NoBPTX/RAW/v1/000/367/095/00000/7bc82061-1485-492b-b79e-0784d287d8be.root 367095 [303,310,308,302,304,305,306,307,309]
/store/data/Run2023C/NoBPTX/RAW/v1/000/367/095/00000/7e218b0c-9de0-4d65-9d3d-f69507cc3eb9.root 367095 [491,493,492,497,489,495,490,488,494,496]
/store/data/Run2023C/NoBPTX/RAW/v1/000/367/095/00000/8166a984-65c7-4c63-8cb0-c9fcac186268.root 367095 [422,426,424,421,420,423,418,425,419,417]
/store/data/Run2023C/NoBPTX/RAW/v1/000/367/095/00000/83993a6f-e4ef-4e01-bbfc-c1ee162c62a7.root 367095 [123,132,127,129,121,125,128,130,131,124,126,122,133]
/store/data/Run2023C/NoBPTX/RAW/v1/000/367/095/00000/8dd6f360-05ad-421b-8f95-2ad29c9e1176.root 367095 [323,324,327,328,330,322,329,332,334,326,331,333,325]
/store/data/Run2023C/NoBPTX/RAW/v1/000/367/095/00000/952d2ed4-73ea-472a-b048-b04addd9051a.root 367095 [368,369,371,375,370,372,373,376,367,374]
/store/data/Run2023C/NoBPTX/RAW/v1/000/367/095/00000/9f0d3b12-6209-4ecf-af4e-8fa5c25e4804.root 367095 [397,398,401,404,405,399,400,402,403,406]
/store/data/Run2023C/NoBPTX/RAW/v1/000/367/095/00000/9ff0a1cf-c00b-491c-a717-01d8a050a3e0.root 367095 [259,255,252,256,257,260,258,251,261,253,254]
/store/data/Run2023C/NoBPTX/RAW/v1/000/367/095/00000/a66a32e1-43ff-471d-9268-630da30bd28f.root 367095 [1,8,14,18,22,23,25,6,10,2,7,11,12,13,19,4,16,17,24,3,5,20,15,21,9]
/store/data/Run2023C/NoBPTX/RAW/v1/000/367/095/00000/b8c37758-4233-4d62-a132-43fed6d11a02.root 367095 [205,206,197,199,200,202,208,201,207,198,203,204]
/store/data/Run2023C/NoBPTX/RAW/v1/000/367/095/00000/bd216cd0-2096-4e09-bba9-548f86b64f41.root 367095 [87,78,83,82,75,77,80,91,93,74,76,79,84,85,89,90,86,92,81,88]
/store/data/Run2023C/NoBPTX/RAW/v1/000/367/095/00000/c514306b-23e1-4605-836a-e95e698ee058.root 367095 [361,364,366,360,359,362,363,365,356,357,358]
/store/data/Run2023C/NoBPTX/RAW/v1/000/367/095/00000/d2ebd01d-0394-45ef-add3-c44eb90e9980.root 367095 [518,523,527,521,522,525,526,524,519,520]
/store/data/Run2023C/NoBPTX/RAW/v1/000/367/095/00000/da953233-e634-4537-a10e-f7dedd61a432.root 367095 [167,171,175,172,170,166,173,174,165,169,168]
/store/data/Run2023C/NoBPTX/RAW/v1/000/367/095/00000/de5592f0-7c80-42c4-945b-3a37dfe646a4.root 367095 [546,544,545,539,542,543,538,540,541,547]
/store/data/Run2023C/NoBPTX/RAW/v1/000/367/095/00000/eb3f1115-5683-4f7d-9fd1-e89850fc1803.root 367095 [64,68,54,56,61,62,73,60,63,65,66,70,57,67,71,55,58,59,69,72]
/store/data/Run2023C/NoBPTX/RAW/v1/000/367/095/00000/ee569fa3-6ab7-480b-87d8-c8b3ed78f19a.root 367095 [479,480,482,481,483,486,484,478,485,487]
/store/data/Run2023C/NoBPTX/RAW/v1/000/367/095/00000/eed8cf62-3399-4b31-ac47-c8695801a87c.root 367095 [109,110,116,111,112,118,113,119,120,114,117,115]
/store/data/Run2023C/NoBPTX/RAW/v1/000/367/095/00000/f40f6cc9-2ae5-474d-82fe-f4473ef2be2e.root 367095 [427,434,432,429,428,430,436,431,433,435]
/store/data/Run2023C/NoBPTX/RAW/v1/000/367/095/00000/f423abf8-fc62-4077-94c6-fd56d25837c7.root 367095 [444,446,437,445,439,438,442,443,440,441]
/store/data/Run2023C/NoBPTX/RAW/v1/000/367/095/00000/fa95ae76-f346-4ed4-a6a8-f9e0cb09bbbe.root 367095 [314,321,312,320,311,313,316,315,317,319,318]
/store/data/Run2023C/NoBPTX/RAW/v1/000/367/095/00000/fd863aed-1d00-4344-a4ec-d50b163d2c4b.root 367095 [469,470,473,468,477,467,471,474,472,475,476]
/store/data/Run2023C/NoBPTX/RAW/v1/000/367/095/00000/fe435c54-a0c7-47b9-a334-ff49e9219b4e.root 367095 [558,550,549,554,557,548,555,556,552,553,551,559]
/store/data/Run2023C/NoBPTX/RAW/v1/000/367/100/00000/185e0003-bfb6-4438-9f65-6d82a3677a4a.root 367100 [331,333,336,330,332,335,337,338,340,334,339]
/store/data/Run2023C/NoBPTX/RAW/v1/000/367/100/00000/1bfdbe0f-03dc-4b2f-a2f0-c4bf0d189f6a.root 367100 [211,213,209,214,207,208,215,206,210,212,216]
/store/data/Run2023C/NoBPTX/RAW/v1/000/367/100/00000/1d15921e-f771-4a14-acb8-82999e936be9.root 367100 [175,181,176,177,180,178,179,182,183,184]
/store/data/Run2023C/NoBPTX/RAW/v1/000/367/100/00000/1ec51168-00eb-401d-8bda-393fe392393d.root 367100 [147,148,146,152,144,149,151,141,142,150,143,145]
/store/data/Run2023C/NoBPTX/RAW/v1/000/367/100/00000/2409cc33-252a-4a08-a921-baad30d97f6c.root 367100 [121,122,119,124,120,127,117,125,126,115,128,123,114,116,118]
/store/data/Run2023C/NoBPTX/RAW/v1/000/367/100/00000/25c42fa3-6eca-4c7d-957d-48a5c86d5b2a.root 367100 [323,325,328,321,322,326,327,324,318,320,319,329]
/store/data/Run2023C/NoBPTX/RAW/v1/000/367/100/00000/27b7378e-3f0b-4ed9-91d8-377759ecce59.root 367100 [217,226,222,218,221,219,227,228,223,224,225,220]
/store/data/Run2023C/NoBPTX/RAW/v1/000/367/100/00000/30712e02-e53d-4ec7-b285-0a0eaadbf768.root 367100 [2,6,15,17,18,38,40,42,43,48,49,54,62,68,69,1,34,36,39,61,5,8,14,21,32,57,66,12,19,23,27,30,31,37,45,47,51,67,7,9,20,33,53,56,58,59,60,65,11,22,29,35,41,46,13,16,26,28,52,64,3,4,10,24,25,44,50,55,63]
/store/data/Run2023C/NoBPTX/RAW/v1/000/367/100/00000/33866fc9-27b0-40c0-8959-2f344def0a8d.root 367100 [384,386,387,388,385]
/store/data/Run2023C/NoBPTX/RAW/v1/000/367/100/00000/4d97c11b-0a28-4d65-81d5-e0cd9c5cc37a.root 367100 [378,376,381,377,382,383,374,375,380,379]
/store/data/Run2023C/NoBPTX/RAW/v1/000/367/100/00000/5f4fd714-7eda-42c7-b716-786075325e71.root 367100 [344,346,348,352,341,342,343,345,347,350,351,349]
/store/data/Run2023C/NoBPTX/RAW/v1/000/367/100/00000/70079efb-74b5-4645-8e96-9546bdee9d0d.root 367100 [295,303,302,297,304,296,299,301,305,298,306,300]
/store/data/Run2023C/NoBPTX/RAW/v1/000/367/100/00000/768522df-9c73-4ec9-a973-14d6e1a90660.root 367100 [87,76,80,91,92,81,86,88,89,83,73,85,93,94,71,75,77,82,84,70,72,74,78,79,90]
/store/data/Run2023C/NoBPTX/RAW/v1/000/367/100/00000/7f3f7315-be3b-41f0-aefb-de135602a04e.root 367100 [97,105,111,104,109,113,96,102,103,106,95,108,112,100,107,110,98,99,101]
/store/data/Run2023C/NoBPTX/RAW/v1/000/367/100/00000/8676648a-f5f2-46c4-972e-1371a682d6db.root 367100 [263,262,271,267,266,268,264,265,269,270]
/store/data/Run2023C/NoBPTX/RAW/v1/000/367/100/00000/8e9744a3-ad4e-44a5-8899-2fef3bc4827c.root 367100 [166,168,169,173,174,164,167,172,165,171,170]
/store/data/Run2023C/NoBPTX/RAW/v1/000/367/100/00000/925fc896-15a4-499c-9676-8fc83bcf3ef6.root 367100 [277,279,272,273,278,274,283,281,282,275,276,280]
/store/data/Run2023C/NoBPTX/RAW/v1/000/367/100/00000/a88727e2-eb87-4c4b-a927-65c5f095b4da.root 367100 [199,204,198,200,202,205,201,196,197,203]
/store/data/Run2023C/NoBPTX/RAW/v1/000/367/100/00000/b735dab5-c636-494f-8e94-3a3f3522fea3.root 367100 [365,370,373,366,367,371,369,364,368,363,372]
/store/data/Run2023C/NoBPTX/RAW/v1/000/367/100/00000/c1dffbf4-5d42-43c5-8ad2-af8a1340d205.root 367100 [256,259,260,251,261,250,253,255,257,258,254,252]
/store/data/Run2023C/NoBPTX/RAW/v1/000/367/100/00000/cd954db7-2d34-4f78-b57e-2b9b008f703b.root 367100 [132,135,130,133,129,139,140,134,136,137,131,138]
/store/data/Run2023C/NoBPTX/RAW/v1/000/367/100/00000/d61b7eeb-1a71-425b-85ff-bd9dbf4bce0b.root 367100 [189,192,193,195,191,194,186,188,190,185,187]
/store/data/Run2023C/NoBPTX/RAW/v1/000/367/100/00000/dbd0ec15-edf6-48bb-99e4-3ecb52d3b939.root 367100 [286,291,287,292,284,288,289,290,285,293,294]
/store/data/Run2023C/NoBPTX/RAW/v1/000/367/100/00000/e28e62c3-3c73-4afa-b590-ed4ccf2f9c75.root 367100 [154,157,159,158,161,162,163,153,156,160,155]
/store/data/Run2023C/NoBPTX/RAW/v1/000/367/100/00000/e8aa4cfc-2035-4107-aeb6-c1802564f12f.root 367100 [234,233,236,232,238,235,231,230,229,237]
/store/data/Run2023C/NoBPTX/RAW/v1/000/367/100/00000/eaca7804-67db-4d18-a7b1-148b49b82208.root 367100 [308,314,316,309,311,312,313,315,307,310,317]
/store/data/Run2023C/NoBPTX/RAW/v1/000/367/100/00000/f2f6fe06-3aa9-4c7e-a641-860dd8a23ee8.root 367100 [357,359,354,353,355,356,360,358,361,362]
/store/data/Run2023C/NoBPTX/RAW/v1/000/367/100/00000/f9f64625-0cdc-4e5c-9d37-75b928cb046a.root 367100 [239,246,249,247,241,242,243,244,240,245,248]
