/store/data/Commissioning2021/ZeroBias/RAW/v1/000/346/512/00000/0fb9b53a-ead7-45b2-8f8c-c15332c16d12.root [282,294,296,299,304,309,280,281,284,290,308,285,286,310,301,302,305,307,283,287,288,295,300,291,293,306,289,298,303,292,297]
/store/data/Commissioning2021/ZeroBias/RAW/v1/000/346/512/00000/174241a9-d279-418b-9d42-d06cf874f7e7.root [584,586,589,594,605,582,603,579,585,592,609,581,590,593,597,602,608,576,596,599,577,580,587,591,606,598,601,578,583,588,595,600,604,607]
/store/data/Commissioning2021/ZeroBias/RAW/v1/000/346/512/00000/1f64d6bb-d610-4419-8f04-4e4a015cb89f.root [4,10,19,21,23,26,28,29,7,13,16,20,27,30,2,18,31,3,24,8,11,12,9,14,1,5,6,15,17,22,25]
/store/data/Commissioning2021/ZeroBias/RAW/v1/000/346/512/00000/3a64aa8c-2e6a-4173-b4f4-916cce128dce.root [353,364,370,347,348,365,371,373,344,358,367,346,351,357,360,362,369,349,354,361,363,374,343,345,350,356,359,366,372,352,355,368]
/store/data/Commissioning2021/ZeroBias/RAW/v1/000/346/512/00000/3e53557f-a7da-4e44-b225-1436bfc5323c.root [174,176,183,157,169,177,182,161,167,171,184,159,166,170,172,179,186,160,163,168,173,175,185,162,164,165,178,181,158,180]
/store/data/Commissioning2021/ZeroBias/RAW/v1/000/346/512/00000/44e1f942-a87b-4dea-b034-13ad195795b5.root [314,320,325,330,339,342,317,331,338,321,329,332,335,324,327,333,318,328,340,311,312,313,315,334,336,316,319,322,323,326,337,341]
/store/data/Commissioning2021/ZeroBias/RAW/v1/000/346/512/00000/628d0cb9-5be9-4e82-9d73-2684629bc986.root [480,487,490,492,499,500,503,504,486,488,493,494,495,497,498,478,483,477,473,474,505,484,496,476,489,502,475,479,481,482,485,491,501]
/store/data/Commissioning2021/ZeroBias/RAW/v1/000/346/512/00000/6d252e71-d1dc-4dfa-8969-cb0ef6a04eb8.root [268,250,262,269,263,265,271,278,255,257,258,259,266,270,251,252,254,256,260,267,276,277,264,272,273,279,249,253,261,274,275]
/store/data/Commissioning2021/ZeroBias/RAW/v1/000/346/512/00000/76c83cce-2f11-43b3-99ec-cacf72dfb343.root [76,78,80,87,93,77,83,70,79,81,95,71,74,85,89,72,84,94,75,82,88,90,67,68,69,73,86,91,92,96]
/store/data/Commissioning2021/ZeroBias/RAW/v1/000/346/512/00000/80147e26-50a6-48a4-88f0-f507a7370b55.root [441,443,452,455,458,466,470,471,445,449,459,440,464,454,461,462,465,469,472,444,446,448,456,460,442,447,450,451,453,457,463,467,468]
/store/data/Commissioning2021/ZeroBias/RAW/v1/000/346/512/00000/8e78843b-25d4-43e5-a177-7ca17eae2624.root [542,549,551,552,553,565,569,543,544,546,558,567,568,573,574,575,545,555,556,561,563,564,571,540,548,550,554,559,560,562,570,541,566,572,547,557]
/store/data/Commissioning2021/ZeroBias/RAW/v1/000/346/512/00000/99bb2b4d-0701-45a8-b7d1-036f0ca17d5a.root [612,617,618,615,610,614,616,611,621,613,620,622,619]
/store/data/Commissioning2021/ZeroBias/RAW/v1/000/346/512/00000/a4d6a02c-7978-4f58-b51b-22dda5cf1d22.root [506,515,526,534,530,539,509,528,532,536,511,535,512,516,518,519,524,531,537,538,514,517,525,507,508,521,529,533,510,513,520,522,523,527]
/store/data/Commissioning2021/ZeroBias/RAW/v1/000/346/512/00000/b8103909-7373-46e4-a206-2a4bf204df59.root [414,416,429,436,420,423,428,433,438,409,431,412,417,426,418,424,430,434,410,411,413,435,437,415,419,432,408,421,422,425,427,439]
/store/data/Commissioning2021/ZeroBias/RAW/v1/000/346/512/00000/bd50428b-49dd-4aa0-bd48-e80ea51187a2.root [382,393,377,379,386,399,401,406,376,381,383,384,389,391,392,404,407,375,385,400,402,405,388,403,378,387,390,395,398,380,394,396,397]
/store/data/Commissioning2021/ZeroBias/RAW/v1/000/346/512/00000/bdf5b83f-0ed4-4e51-be43-6e81049304c1.root [218,219,223,224,231,226,225,246,247,221,222,236,243,237,239,220,227,228,242,245,230,234,235,238,241,244,229,232,233,240,248]
/store/data/Commissioning2021/ZeroBias/RAW/v1/000/346/512/00000/e783bafb-ba07-40ed-95ef-2e7e276cbffd.root [130,134,138,156,135,144,148,151,155,147,154,133,136,143,150,127,139,146,128,132,140,141,145,129,137,142,149,152,131,153]
/store/data/Commissioning2021/ZeroBias/RAW/v1/000/346/512/00000/f44121c2-8c19-4c88-a1bd-f080b82f7d07.root [198,215,217,192,196,200,208,209,212,214,216,194,203,207,210,193,204,205,211,187,189,191,201,197,190,195,213,188,199,202,206]
/store/data/Commissioning2021/ZeroBias/RAW/v1/000/346/512/00000/f7fa6529-d288-4dc8-a9f0-ad7992494dac.root [97,102,103,106,110,112,118,108,116,126,105,117,123,124,104,111,113,114,121,98,100,109,120,107,115,122,125,99,101,119]
/store/data/Commissioning2021/ZeroBias/RAW/v1/000/346/512/00000/f87a2268-8f93-4389-b708-98a42a50c3e8.root [37,40,46,47,55,59,60,65,39,43,52,53,63,33,36,50,54,34,38,41,45,51,49,35,44,48,58,32,42,57,64,66,56,61,62]
