/store/data/Run2022E/EGamma/RAW/v1/000/359/569/00000/2d0b9b74-73bb-4c31-8438-d3d86fae1ea6.root 359569 [9,23,3,8,11,12,14,19,25,4,10,20,22,5,1,13,21,24,2,6,7,15,17,18,16]
/store/data/Run2022E/EGamma/RAW/v1/000/359/569/00000/3a92e84b-bf26-4d2c-93d0-81deb4fab189.root 359569 [69,76,66,67,70,73,53,55,65,68,52,56,58,64,72,75,54,57,60,62,59,61,63,71,74]
/store/data/Run2022E/EGamma/RAW/v1/000/359/569/00000/b7afe905-23dc-4d41-b813-162fa4ffb64c.root 359569 [77,79,81,78,80,82]
/store/data/Run2022E/EGamma/RAW/v1/000/359/569/00000/f1af3f01-1089-4ff3-a0f2-099730defb4e.root 359569 [27,38,49,30,34,35,42,51,26,32,36,37,41,31,40,43,44,46,48,29,33,39,28,45,47,50]
/store/data/Run2022E/EGamma/RAW/v1/000/359/571/00000/07cb2ec6-67c2-44f0-8918-1dec3f229c1e.root 359571 [68,76,58,78,81,62,56,66,69,82,59,60,63,65,71,80,70,74,77,79,64,67,73,75,57,61,72]
/store/data/Run2022E/EGamma/RAW/v1/000/359/571/00000/35795d9f-8f41-46d7-a10d-5742fb2f92de.root 359571 [112,115,117,120,125,127,134,114,126,128,131,132,133,137,139,124,136,118,123,135,116,119,129,130,122,138,113,121]
/store/data/Run2022E/EGamma/RAW/v1/000/359/571/00000/568a82a9-1df3-4abd-9de3-d87405a19097.root 359571 [92,94,87,88,104,107,110,111,86,91,93,96,102,105,106,98,103,108,99,101,85,90,83,89,100,84,95,97,109]
/store/data/Run2022E/EGamma/RAW/v1/000/359/571/00000/b13845ac-6313-4f7b-95f6-034341081a8d.root 359571 [151,162,144,157,167,143,148,159,166,146,147,155,145,149,150,156,158,142,152,161,140,163,164,141,153,154,160,165]
/store/data/Run2022E/EGamma/RAW/v1/000/359/571/00000/ef8879f3-ca1a-4a42-8b2d-1d7fe4e26716.root 359571 [10,9,26,27,7,16,17,22,24,2,3,6,11,14,15,23,1,4,12,21,25,5,8,13,18,19,20]
/store/data/Run2022E/EGamma/RAW/v1/000/359/571/00000/fdc93dc6-4e25-463d-aae6-16f67d2cfcae.root 359571 [33,38,48,52,28,30,35,37,41,55,43,53,36,29,46,50,31,32,39,40,42,44,45,34,47,49,51,54]
/store/data/Run2022E/EGamma/RAW/v1/000/359/575/00000/44de1597-b5df-4bf2-bb7d-53bfba60783b.root 359575 [16,14,15,19,12,18,13,20,11,17]
/store/data/Run2022E/EGamma/RAW/v1/000/359/575/00000/8d1dae25-e291-40e4-a886-524ae1c54db8.root 359575 [49,50,41,47,48,42,45,43,44,46]
/store/data/Run2022E/EGamma/RAW/v1/000/359/575/00000/90bf7681-c8e5-4c74-8251-ca1467c7ec9a.root 359575 [75,81,73,80,77,72,76,78,74,79]
/store/data/Run2022E/EGamma/RAW/v1/000/359/575/00000/ab7cd487-8d72-4945-9acd-b76522744f60.root 359575 [33,38,32,36,31,37,34,39,40,35]
/store/data/Run2022E/EGamma/RAW/v1/000/359/575/00000/aec61787-c63d-4916-8483-2d5e4bdf39ad.root 359575 [86,88,85,84,87,89,82,83]
/store/data/Run2022E/EGamma/RAW/v1/000/359/575/00000/b5b0b534-2a55-4abf-871a-1f16870cd32f.root 359575 [24,30,28,29,25,27,21,22,23,26]
/store/data/Run2022E/EGamma/RAW/v1/000/359/575/00000/b6016caa-2f10-4a31-81e9-258a649ba187.root 359575 [2,5,4,6,8,1,7,3,9,10]
/store/data/Run2022E/EGamma/RAW/v1/000/359/575/00000/bd20c7cc-7e05-4f82-8394-0cd464f69dab.root 359575 [55,51,57,54,56,59,58,52,53,60]
/store/data/Run2022E/EGamma/RAW/v1/000/359/575/00000/d27eb3a3-ea3f-4cce-b311-08bf18a9a6b9.root 359575 [62,61,64,65,71,66,67,68,70,63,69]
/store/data/Run2022E/EGamma/RAW/v1/000/359/595/00000/036dc392-5b4d-4ffc-b24a-8bd31fcf4362.root 359595 [184,183,186,185]
/store/data/Run2022E/EGamma/RAW/v1/000/359/595/00000/03d14437-fe04-44a0-b856-11a876236196.root 359595 [175,177,178,176]
/store/data/Run2022E/EGamma/RAW/v1/000/359/595/00000/0dbc5471-4f09-42dc-bd2e-893dc6bb1f83.root 359595 [245,244,246,243]
/store/data/Run2022E/EGamma/RAW/v1/000/359/595/00000/103a8ade-c22e-4634-9a48-066a62164fdd.root 359595 [117,118,115,116]
/store/data/Run2022E/EGamma/RAW/v1/000/359/595/00000/13058fc3-96a9-4fb9-a4c2-de651b596926.root 359595 [127,129,128,130]
/store/data/Run2022E/EGamma/RAW/v1/000/359/595/00000/1941edcc-20d0-4f14-89af-3d58d4c8207b.root 359595 [141,140,142,139]
/store/data/Run2022E/EGamma/RAW/v1/000/359/595/00000/20efaa0b-36d7-4f8d-a7ca-1a07edecbe6e.root 359595 [211,213,212,214]
/store/data/Run2022E/EGamma/RAW/v1/000/359/595/00000/20fab32e-e655-49b4-9891-796cd18c39cf.root 359595 [28,29,25,26,27]
/store/data/Run2022E/EGamma/RAW/v1/000/359/595/00000/24500b48-c776-428b-b4ad-13cb4c605aff.root 359595 [100,101,99,102]
/store/data/Run2022E/EGamma/RAW/v1/000/359/595/00000/283d6591-a839-46aa-a946-ff4bddeec501.root 359595 [204,203,205,206]
/store/data/Run2022E/EGamma/RAW/v1/000/359/595/00000/29c9c896-3c84-44e8-a893-22978d20fb30.root 359595 [268,270,269,271]
/store/data/Run2022E/EGamma/RAW/v1/000/359/595/00000/2afcd950-f409-493c-b9d0-2a8522fcadf0.root 359595 [272,274,273,275]
/store/data/Run2022E/EGamma/RAW/v1/000/359/595/00000/2ee5c46c-87d3-4d45-ada2-7d19ea04dd8d.root 359595 [194,192,191,193]
/store/data/Run2022E/EGamma/RAW/v1/000/359/595/00000/30755558-7f40-430f-abd0-5d37e4ec570a.root 359595 [53,48,52,50,51,49]
/store/data/Run2022E/EGamma/RAW/v1/000/359/595/00000/30b607b2-6f5d-4323-ac35-7d1a275f722a.root 359595 [79,80,81,82]
/store/data/Run2022E/EGamma/RAW/v1/000/359/595/00000/37022d46-5775-44bb-b696-6d15c34fab00.root 359595 [276,279,277,278]
/store/data/Run2022E/EGamma/RAW/v1/000/359/595/00000/3b0b1dee-5af5-43fd-8d8f-7474ba5be67f.root 359595 [170,169,168,167]
/store/data/Run2022E/EGamma/RAW/v1/000/359/595/00000/3baeb847-bf3b-4e2d-b815-93512eaf476d.root 359595 [236,238,235,237]
/store/data/Run2022E/EGamma/RAW/v1/000/359/595/00000/3d38955a-979a-4391-8da3-d58d90cfe8bb.root 359595 [39,41,36,37,38,40]
/store/data/Run2022E/EGamma/RAW/v1/000/359/595/00000/3db1c70c-ecfd-4b30-9f68-b49a0e7a39e3.root 359595 [280,283,282,281]
/store/data/Run2022E/EGamma/RAW/v1/000/359/595/00000/3e68e451-bf15-4654-a90e-2d0cffb90004.root 359595 [131,133,134,132]
/store/data/Run2022E/EGamma/RAW/v1/000/359/595/00000/44e7fa91-34d7-467a-91b7-539a0a6bd0fb.root 359595 [251,252,254,253]
/store/data/Run2022E/EGamma/RAW/v1/000/359/595/00000/48918903-328c-4064-8675-24a67b888192.root 359595 [258,255,257,256]
/store/data/Run2022E/EGamma/RAW/v1/000/359/595/00000/51d70d1c-0c71-4da5-ac16-ec42d7065cf1.root 359595 [122,119,121,120]
/store/data/Run2022E/EGamma/RAW/v1/000/359/595/00000/523b4d4a-f630-4137-bd57-252666ea7867.root 359595 [199,200,202,201]
/store/data/Run2022E/EGamma/RAW/v1/000/359/595/00000/581ebb91-9927-48e4-9396-0822759a6731.root 359595 [105,103,106,104]
/store/data/Run2022E/EGamma/RAW/v1/000/359/595/00000/5a6cded5-a32f-4803-9f98-abaeddabcb4e.root 359595 [260,262,259,261]
/store/data/Run2022E/EGamma/RAW/v1/000/359/595/00000/5acf1f3e-25bc-4553-9e18-aaacc50705f4.root 359595 [60,62,61,63,64]
/store/data/Run2022E/EGamma/RAW/v1/000/359/595/00000/607f5d39-0d80-489e-b219-ccaa855bfbca.root 359595 [85,83,84,86]
/store/data/Run2022E/EGamma/RAW/v1/000/359/595/00000/669b5f93-02ae-4c5f-819f-1d523ceec185.root 359595 [96,97,95,98]
/store/data/Run2022E/EGamma/RAW/v1/000/359/595/00000/734c00a1-39c7-4db3-88b7-60db05f4546f.root 359595 [107,108,109,110]
/store/data/Run2022E/EGamma/RAW/v1/000/359/595/00000/7531cb25-fa0a-41fb-ac66-b8d236c11ac8.root 359595 [150,148,149,147]
/store/data/Run2022E/EGamma/RAW/v1/000/359/595/00000/75c48625-53ea-4882-a1ad-43b59e47d2d3.root 359595 [187,189,190,188]
/store/data/Run2022E/EGamma/RAW/v1/000/359/595/00000/77072116-236b-4efc-b52e-cf54c9e926c7.root 359595 [126,124,123,125]
/store/data/Run2022E/EGamma/RAW/v1/000/359/595/00000/79b6092c-75ed-43e1-afa1-7f4d54729968.root 359595 [208,209,207,210]
/store/data/Run2022E/EGamma/RAW/v1/000/359/595/00000/7b07dbb1-b371-4c5f-875a-fc6974d869e3.root 359595 [288,284,286,285,287,289]
/store/data/Run2022E/EGamma/RAW/v1/000/359/595/00000/7d63171d-cd17-4966-a365-fe1b4788a423.root 359595 [71,70,74,72,73]
/store/data/Run2022E/EGamma/RAW/v1/000/359/595/00000/82a764af-af10-43be-80a6-d354352d0fae.root 359595 [239,242,240,241]
/store/data/Run2022E/EGamma/RAW/v1/000/359/595/00000/83d684bd-13f4-4200-a5fd-bb2302a0bbef.root 359595 [160,162,161,159]
/store/data/Run2022E/EGamma/RAW/v1/000/359/595/00000/8f13be60-2edd-4cb8-af76-9313d17b9788.root 359595 [135,136,137,138]
/store/data/Run2022E/EGamma/RAW/v1/000/359/595/00000/9a505ce6-a5dc-4832-bf47-d6399bfd5769.root 359595 [153,151,152,154]
/store/data/Run2022E/EGamma/RAW/v1/000/359/595/00000/9d76eec3-62dd-4ae9-abac-cb151e051969.root 359595 [182,179,181,180]
/store/data/Run2022E/EGamma/RAW/v1/000/359/595/00000/a08611fe-c67d-444c-a57b-87f880b856fa.root 359595 [4]
/store/data/Run2022E/EGamma/RAW/v1/000/359/595/00000/a6ca1965-fc74-4e91-b0ab-c886c0ba4be9.root 359595 [33,32,34,30,35,31]
/store/data/Run2022E/EGamma/RAW/v1/000/359/595/00000/ad36dfed-719c-4588-8752-45a16d8f08d8.root 359595 [15,22,20,24,13,14,19,16,18,21,23,17]
/store/data/Run2022E/EGamma/RAW/v1/000/359/595/00000/bc5d23f6-c08f-4718-8858-3e0029488230.root 359595 [156,155,158,157]
/store/data/Run2022E/EGamma/RAW/v1/000/359/595/00000/c04f8003-e480-4fd7-8fe3-68c0677585ed.root 359595 [232,233,234,231]
/store/data/Run2022E/EGamma/RAW/v1/000/359/595/00000/c1ced9d3-4f18-4697-a906-b1094d2a85e7.root 359595 [65,66,68,67,69]
/store/data/Run2022E/EGamma/RAW/v1/000/359/595/00000/c52d65d6-e068-44d0-9658-1697cbe8b57f.root 359595 [164,163,165,166]
/store/data/Run2022E/EGamma/RAW/v1/000/359/595/00000/cc9744fa-36e5-426c-aff0-3b9449e49470.root 359595 [171,174,172,173]
/store/data/Run2022E/EGamma/RAW/v1/000/359/595/00000/cd71ebe7-5b9c-4f6d-ba50-7b71d38c78f8.root 359595 [263,267,265,264,266]
/store/data/Run2022E/EGamma/RAW/v1/000/359/595/00000/d2ab7853-783b-4f63-a8ee-2d61aa0f9036.root 359595 [1]
/store/data/Run2022E/EGamma/RAW/v1/000/359/595/00000/d38b9d2b-d80a-4533-8015-cf0036e78e5a.root 359595 [112,113,111,114]
/store/data/Run2022E/EGamma/RAW/v1/000/359/595/00000/d50c713b-4876-400d-af0b-5d75d1e6d764.root 359595 [46,45,47,42,44,43]
/store/data/Run2022E/EGamma/RAW/v1/000/359/595/00000/d7f104be-b541-4e29-bf34-46d2d9dcf458.root 359595 [91,92,93,94]
/store/data/Run2022E/EGamma/RAW/v1/000/359/595/00000/e1802337-ffe5-49b4-8a42-4cf92694f857.root 359595 [11]
/store/data/Run2022E/EGamma/RAW/v1/000/359/595/00000/e328d0d8-ac99-493b-8cbd-55da1ea94f75.root 359595 [247,249,250,248]
/store/data/Run2022E/EGamma/RAW/v1/000/359/595/00000/e602513b-a1aa-4a96-b140-8b296eafa45d.root 359595 [229,227,230,228]
/store/data/Run2022E/EGamma/RAW/v1/000/359/595/00000/ea3c8ab4-f352-4c33-a74f-d488756dec86.root 359595 [143,144,145,146]
/store/data/Run2022E/EGamma/RAW/v1/000/359/595/00000/f08875f8-fd1c-4f94-a619-f4576a81a018.root 359595 [56,54,58,55,59,57]
/store/data/Run2022E/EGamma/RAW/v1/000/359/595/00000/f9469fbe-2752-4e12-b7f3-f283fea1954a.root 359595 [220,222,219,221]
/store/data/Run2022E/EGamma/RAW/v1/000/359/595/00000/f98a66c0-64b9-496b-adfa-d767446fe62f.root 359595 [225,226,224,223]
/store/data/Run2022E/EGamma/RAW/v1/000/359/595/00000/fa4477fd-c366-4e8b-b0aa-32a2ff6e1e63.root 359595 [78,77,75,76]
/store/data/Run2022E/EGamma/RAW/v1/000/359/595/00000/fb0217d0-2fde-4c7d-b84e-f9674d6406dd.root 359595 [215,216,217,218]
/store/data/Run2022E/EGamma/RAW/v1/000/359/595/00000/fc6959ad-e0f9-40c3-8cd1-85eb62e9242a.root 359595 [195,198,197,196]
/store/data/Run2022E/EGamma/RAW/v1/000/359/595/00000/ffadd9c4-911b-493f-8eaa-0c9e544d1078.root 359595 [89,90,87,88]
/store/data/Run2022E/EGamma/RAW/v1/000/359/597/00000/06726b6a-3129-4eda-b41e-b2fbf4c05772.root 359597 [90,88,91,89,87]
/store/data/Run2022E/EGamma/RAW/v1/000/359/597/00000/0c0c9e11-02fe-42e6-9afc-fa98fc7ecdb4.root 359597 [78,80,81,79,77]
/store/data/Run2022E/EGamma/RAW/v1/000/359/597/00000/1cd97225-9788-4c00-a07e-5c9b30c67b53.root 359597 [62,63,61,60]
/store/data/Run2022E/EGamma/RAW/v1/000/359/597/00000/1e74532e-495f-48d2-a36d-d5302144dd0a.root 359597 [54,53,55,52]
/store/data/Run2022E/EGamma/RAW/v1/000/359/597/00000/31e2e67a-2542-4633-9c46-6784f3787a0d.root 359597 [48,51,50,49]
/store/data/Run2022E/EGamma/RAW/v1/000/359/597/00000/6101b9fe-5afa-4965-9bf7-1a64c1c34e0d.root 359597 [58,57,56,59]
/store/data/Run2022E/EGamma/RAW/v1/000/359/597/00000/6ae97c2a-e145-42ea-87a5-12a458853c1b.root 359597 [29,28,30,31]
/store/data/Run2022E/EGamma/RAW/v1/000/359/597/00000/7a04ab78-0dab-48fd-a607-882e3013b6f0.root 359597 [83,84,86,82,85]
/store/data/Run2022E/EGamma/RAW/v1/000/359/597/00000/868dece0-9806-4956-af9e-c3dcba195988.root 359597 [96,98,94,99,97,92,93,95,100]
/store/data/Run2022E/EGamma/RAW/v1/000/359/597/00000/8e4678fd-2f0c-4cc0-8b47-48dec90b717f.root 359597 [43,41,40,42]
/store/data/Run2022E/EGamma/RAW/v1/000/359/597/00000/9723e2c7-6c5a-4702-b64b-a81ca67997dd.root 359597 [22,23,20,21]
/store/data/Run2022E/EGamma/RAW/v1/000/359/597/00000/be469bcf-7eb4-4f69-b782-81c22f996a3e.root 359597 [38,39,37,36]
/store/data/Run2022E/EGamma/RAW/v1/000/359/597/00000/bfc4d84f-b70d-4925-878c-7b18aac2dd08.root 359597 [3,4,5,6,2,7,1]
/store/data/Run2022E/EGamma/RAW/v1/000/359/597/00000/c35a3331-d6be-4693-b142-7d522f8e587e.root 359597 [13,12,15,14]
/store/data/Run2022E/EGamma/RAW/v1/000/359/597/00000/c6f5ce28-26b7-4c44-9f15-8817ae99643f.root 359597 [32,33,34,35]
/store/data/Run2022E/EGamma/RAW/v1/000/359/597/00000/d68a11ff-1b97-465d-a7fd-c153e9a731fb.root 359597 [25,24,26,27]
/store/data/Run2022E/EGamma/RAW/v1/000/359/597/00000/dd2a74dc-820e-4d12-944c-62a8a819fd73.root 359597 [73,74,75,76]
/store/data/Run2022E/EGamma/RAW/v1/000/359/597/00000/e1920040-0e5e-4f57-9a3b-7141872a8b5f.root 359597 [71,72,70,68,69]
/store/data/Run2022E/EGamma/RAW/v1/000/359/597/00000/e2d95ce2-a748-469a-b814-d5799b5e1569.root 359597 [64,66,67,65]
/store/data/Run2022E/EGamma/RAW/v1/000/359/597/00000/e83cefc9-9230-4eb5-abfb-761cb932d60a.root 359597 [18,19,17,16]
/store/data/Run2022E/EGamma/RAW/v1/000/359/597/00000/f1c82709-81f2-438e-9e21-e6cef9325de2.root 359597 [45,44,47,46]
/store/data/Run2022E/EGamma/RAW/v1/000/359/597/00000/f1e7027f-35c5-4d4b-8ff7-9820a056d8cb.root 359597 [10,8,11,9]
/store/data/Run2022E/EGamma/RAW/v1/000/359/602/00000/14577ce9-9431-4517-beff-3aeebc2b5cb7.root 359602 [29]
/store/data/Run2022E/EGamma/RAW/v1/000/359/602/00000/14b7f154-0578-4584-9b98-9a9a05a2eea2.root 359602 [53]
/store/data/Run2022E/EGamma/RAW/v1/000/359/602/00000/192b4527-e346-47df-ad10-ea3bda6ddf12.root 359602 [73]
/store/data/Run2022E/EGamma/RAW/v1/000/359/602/00000/1bae7be8-cd81-4e47-891f-fa9066fba325.root 359602 [50]
/store/data/Run2022E/EGamma/RAW/v1/000/359/602/00000/1bb4b369-17d0-428b-879b-2645d40efef5.root 359602 [35,34]
/store/data/Run2022E/EGamma/RAW/v1/000/359/602/00000/1cff8ff3-515c-4aa4-a01b-5fa31c8e9f6a.root 359602 [60]
/store/data/Run2022E/EGamma/RAW/v1/000/359/602/00000/2366251d-8cef-4d06-8fda-14c76f858727.root 359602 [70]
/store/data/Run2022E/EGamma/RAW/v1/000/359/602/00000/28720c83-8b45-4e40-978e-732510d116c4.root 359602 [19]
/store/data/Run2022E/EGamma/RAW/v1/000/359/602/00000/2b2f270d-f7f6-40fd-8a31-44887653073b.root 359602 [48]
/store/data/Run2022E/EGamma/RAW/v1/000/359/602/00000/345e2892-73d9-4323-a57f-802cdffd8fb6.root 359602 [39]
/store/data/Run2022E/EGamma/RAW/v1/000/359/602/00000/37076ef2-bc4b-40e6-885c-931ac3e390cb.root 359602 [57]
/store/data/Run2022E/EGamma/RAW/v1/000/359/602/00000/392a2965-7286-496c-b0fe-98108c1ad544.root 359602 [11]
/store/data/Run2022E/EGamma/RAW/v1/000/359/602/00000/3d3dbdfb-c214-4340-b922-52793650c29c.root 359602 [51]
/store/data/Run2022E/EGamma/RAW/v1/000/359/602/00000/40b45c9a-acbb-4e8d-bf0f-b3cd12dafc64.root 359602 [20,21]
/store/data/Run2022E/EGamma/RAW/v1/000/359/602/00000/4180cbae-df04-48c4-868f-b1e7671758e8.root 359602 [67]
/store/data/Run2022E/EGamma/RAW/v1/000/359/602/00000/4324bc00-127e-4af4-b47b-a2b84d175076.root 359602 [28,27]
/store/data/Run2022E/EGamma/RAW/v1/000/359/602/00000/4f78b60a-b8be-484f-b8ad-0c216802bae9.root 359602 [9]
/store/data/Run2022E/EGamma/RAW/v1/000/359/602/00000/4fee5c4d-1a57-44de-98f1-a94948fff85c.root 359602 [62]
/store/data/Run2022E/EGamma/RAW/v1/000/359/602/00000/52256925-5151-41a8-b9c4-b8725d14310b.root 359602 [61]
/store/data/Run2022E/EGamma/RAW/v1/000/359/602/00000/55371968-d746-4ce7-ab71-f79261e5096c.root 359602 [8]
/store/data/Run2022E/EGamma/RAW/v1/000/359/602/00000/56318f61-15b3-40b9-a032-bae9874e3910.root 359602 [15]
/store/data/Run2022E/EGamma/RAW/v1/000/359/602/00000/5baa138b-c169-4c12-9a41-4ba14a5ca12c.root 359602 [58]
/store/data/Run2022E/EGamma/RAW/v1/000/359/602/00000/611d765c-5b6c-4d4a-a9b4-01f439792512.root 359602 [63]
/store/data/Run2022E/EGamma/RAW/v1/000/359/602/00000/61425a78-04ce-476c-8d80-b1c1116dba04.root 359602 [32]
/store/data/Run2022E/EGamma/RAW/v1/000/359/602/00000/65739113-2a14-440b-b4c1-f0abe19451d2.root 359602 [64]
/store/data/Run2022E/EGamma/RAW/v1/000/359/602/00000/68e37826-989b-4755-8046-5cef2405c3a9.root 359602 [16]
/store/data/Run2022E/EGamma/RAW/v1/000/359/602/00000/6e254733-b482-480e-ad62-ee46bead9d78.root 359602 [2]
/store/data/Run2022E/EGamma/RAW/v1/000/359/602/00000/6f027198-d51a-4c21-af3a-6c0fadda8cce.root 359602 [40]
/store/data/Run2022E/EGamma/RAW/v1/000/359/602/00000/70204bca-ec23-4f4e-95d7-bab3e94e8518.root 359602 [49]
/store/data/Run2022E/EGamma/RAW/v1/000/359/602/00000/703577a7-9e76-4fb4-8c3c-c8a3d9d80f23.root 359602 [10]
/store/data/Run2022E/EGamma/RAW/v1/000/359/602/00000/752a7615-5f5e-4c01-80dd-efa68d6dbe8e.root 359602 [54]
/store/data/Run2022E/EGamma/RAW/v1/000/359/602/00000/75c2a533-e775-47fb-a714-3d06a471e349.root 359602 [72]
/store/data/Run2022E/EGamma/RAW/v1/000/359/602/00000/76c98d2e-ff96-4501-975c-f3a97abf332f.root 359602 [71]
/store/data/Run2022E/EGamma/RAW/v1/000/359/602/00000/77c514fb-2062-4f53-b69c-012fca34ed90.root 359602 [33]
/store/data/Run2022E/EGamma/RAW/v1/000/359/602/00000/8169da8a-00fb-4a02-9aad-ef7319dc9433.root 359602 [5]
/store/data/Run2022E/EGamma/RAW/v1/000/359/602/00000/863fe4dc-e335-457d-8116-5c1cfe8d72e7.root 359602 [25,26]
/store/data/Run2022E/EGamma/RAW/v1/000/359/602/00000/9ca3685b-b2c9-400a-a468-eaf930097e8c.root 359602 [43]
/store/data/Run2022E/EGamma/RAW/v1/000/359/602/00000/9ca8958c-e4ce-4fce-a923-f726271dda31.root 359602 [56]
/store/data/Run2022E/EGamma/RAW/v1/000/359/602/00000/a299aaaa-fe20-4346-b3a3-d383c1bfd511.root 359602 [6]
/store/data/Run2022E/EGamma/RAW/v1/000/359/602/00000/a2ae08fa-9d70-4682-ba62-0c5794705a6a.root 359602 [69]
/store/data/Run2022E/EGamma/RAW/v1/000/359/602/00000/aa069d62-a9db-4bce-8b1b-e020b46d2252.root 359602 [65]
/store/data/Run2022E/EGamma/RAW/v1/000/359/602/00000/afd5856a-6ff6-4e0a-8c9d-347901b4cbb3.root 359602 [38]
/store/data/Run2022E/EGamma/RAW/v1/000/359/602/00000/b1db246c-15c6-4f4e-84c0-b9db0fc511f6.root 359602 [45]
/store/data/Run2022E/EGamma/RAW/v1/000/359/602/00000/b31cea5e-0e36-4ce4-bcb2-3b118c333707.root 359602 [42]
/store/data/Run2022E/EGamma/RAW/v1/000/359/602/00000/b6e9df03-519c-4272-adb3-eaf0d4ed92d7.root 359602 [1]
/store/data/Run2022E/EGamma/RAW/v1/000/359/602/00000/b77e364d-a746-4f77-ab97-c0f9ce4da526.root 359602 [46]
/store/data/Run2022E/EGamma/RAW/v1/000/359/602/00000/b8268b97-c30d-408d-8cf4-19dc7d573e36.root 359602 [59]
/store/data/Run2022E/EGamma/RAW/v1/000/359/602/00000/bae054c6-b45c-4575-a941-35a023934125.root 359602 [47]
/store/data/Run2022E/EGamma/RAW/v1/000/359/602/00000/bce5bc7d-b4b6-4123-9d7d-ff4554e0b90e.root 359602 [17]
/store/data/Run2022E/EGamma/RAW/v1/000/359/602/00000/bcf9dd36-f8b6-4eae-a4c3-e323c4fc732d.root 359602 [44]
/store/data/Run2022E/EGamma/RAW/v1/000/359/602/00000/bf78cda8-50f3-4294-a25a-d44bb4b7caae.root 359602 [3]
/store/data/Run2022E/EGamma/RAW/v1/000/359/602/00000/c05218a8-b57d-4ed1-bc35-0c944466f72f.root 359602 [24]
/store/data/Run2022E/EGamma/RAW/v1/000/359/602/00000/c1e9c188-e09f-4b01-8c76-b6b1a1a52630.root 359602 [55]
/store/data/Run2022E/EGamma/RAW/v1/000/359/602/00000/c6486fd1-ed5d-4c1f-a6c8-f684cbdb0226.root 359602 [18]
/store/data/Run2022E/EGamma/RAW/v1/000/359/602/00000/c8871ee8-0b31-4df6-a46f-f688db6089b5.root 359602 [31]
/store/data/Run2022E/EGamma/RAW/v1/000/359/602/00000/cce254e6-1f67-4b4f-8979-5bc5d2a48351.root 359602 [30]
/store/data/Run2022E/EGamma/RAW/v1/000/359/602/00000/cd2cb0fd-8140-4206-b030-a8d174897d53.root 359602 [41]
/store/data/Run2022E/EGamma/RAW/v1/000/359/602/00000/d1dd13b3-de3f-4cb8-bda9-d033da5b7c2f.root 359602 [14]
/store/data/Run2022E/EGamma/RAW/v1/000/359/602/00000/d2679204-d424-479a-a435-d81629acb095.root 359602 [7]
/store/data/Run2022E/EGamma/RAW/v1/000/359/602/00000/d2970498-937f-4c38-b3ea-2a2bcc344f6b.root 359602 [68]
/store/data/Run2022E/EGamma/RAW/v1/000/359/602/00000/d7c62b0c-2eb5-4f80-a901-27ea37f89516.root 359602 [4]
/store/data/Run2022E/EGamma/RAW/v1/000/359/602/00000/d80fa560-1296-49fe-993f-89bcb6fe32e1.root 359602 [12,13]
/store/data/Run2022E/EGamma/RAW/v1/000/359/602/00000/ed439b6a-7695-44ad-9b0d-323c64a579fc.root 359602 [22,23]
/store/data/Run2022E/EGamma/RAW/v1/000/359/602/00000/f1552fc7-5d14-42cb-ba83-43f26fb8db1b.root 359602 [52]
/store/data/Run2022E/EGamma/RAW/v1/000/359/602/00000/fc23768e-bedd-4b23-9e21-145589894830.root 359602 [36,37]
/store/data/Run2022E/EGamma/RAW/v1/000/359/602/00000/ff58a91f-2d43-4d82-a244-becac7762a15.root 359602 [66]
