/store/data/Run2015D/ZeroBias/RAW/v1/000/260/627/00000/00A76FFA-0C82-E511-B441-02163E01450F.root [234,242,243,238,239,233,235,240,244,241,236,237]
/store/data/Run2015D/ZeroBias/RAW/v1/000/260/627/00000/00BB8AF3-0C82-E511-BAEE-02163E011AB8.root [317,308,312,313,318,316,310,315,309,311,314,305,306,307]
/store/data/Run2015D/ZeroBias/RAW/v1/000/260/627/00000/00CFB3FC-0C82-E511-AACA-02163E01381B.root [507,509,515,518,520,508,510,512,517,519,513,511,514,516]
/store/data/Run2015D/ZeroBias/RAW/v1/000/260/627/00000/029E12D2-4882-E511-AF03-02163E01340A.root [861,863,859,862,864,866,868,869,856,858,867,865,857,860]
/store/data/Run2015D/ZeroBias/RAW/v1/000/260/627/00000/02F8D74B-7D82-E511-AD76-02163E0140E0.root [1340,1345,1332,1334,1335,1339,1337,1344,1338,1333,1336,1342,1343,1341]
/store/data/Run2015D/ZeroBias/RAW/v1/000/260/627/00000/048721FE-8182-E511-8206-02163E0142B5.root [1602,1604,1603,1606,1611,1599,1608,1609,1610,1598,1607,1600,1601,1605]
/store/data/Run2015D/ZeroBias/RAW/v1/000/260/627/00000/066FF028-0D82-E511-A60B-02163E014429.root [459,458,460,461,462,467,463,464,468,465,457,466]
/store/data/Run2015D/ZeroBias/RAW/v1/000/260/627/00000/0852E2AC-0C82-E511-AF28-02163E011E42.root [176,179,170,180,169,181,172,173,174,175,171,177,178]
/store/data/Run2015D/ZeroBias/RAW/v1/000/260/627/00000/0883CE82-4B82-E511-855F-02163E011CE0.root [968,976,978,981,969,972,973,977,970,979,971,974,975,980]
/store/data/Run2015D/ZeroBias/RAW/v1/000/260/627/00000/0886F920-7F82-E511-B85D-02163E013932.root [1177,1173,1165,1170,1172,1175,1166,1176,1168,1174,1164,1171,1167,1169]
/store/data/Run2015D/ZeroBias/RAW/v1/000/260/627/00000/0E3CAD64-8582-E511-BF29-02163E0146EF.root [1346,1355,1353,1358,1347,1350,1354,1349,1359,1348,1352,1357,1351,1356]
/store/data/Run2015D/ZeroBias/RAW/v1/000/260/627/00000/0EA9774E-7D82-E511-9D7D-02163E0140DE.root [1253,1255,1260,1261,1258,1250,1249,1251,1252,1257,1248,1254,1259,1256]
/store/data/Run2015D/ZeroBias/RAW/v1/000/260/627/00000/0ED17861-7D82-E511-A257-02163E014423.root [1072,1079,1066,1067,1069,1077,1071,1073,1074,1076,1078,1070,1068,1075]
/store/data/Run2015D/ZeroBias/RAW/v1/000/260/627/00000/103F3DD8-4A82-E511-9990-02163E0137F5.root [718,724,725,728,716,720,726,717,721,727,723,729,719,722]
/store/data/Run2015D/ZeroBias/RAW/v1/000/260/627/00000/10B54C84-8282-E511-80FD-02163E01437E.root [1742,1744,1746,1741,1745,1747,1749,1738,1748,1751,1739,1740,1743,1750]
/store/data/Run2015D/ZeroBias/RAW/v1/000/260/627/00000/10DA1B4B-4A82-E511-B4D1-02163E014648.root [834,835,828,840,832,839,830,833,831,836,837,841,829,838]
/store/data/Run2015D/ZeroBias/RAW/v1/000/260/627/00000/1472D72B-4982-E511-9173-02163E0138E1.root [762,764,766,767,770,758,759,765,760,761,763,768,769,771]
/store/data/Run2015D/ZeroBias/RAW/v1/000/260/627/00000/164CFA34-7D82-E511-B87C-02163E01442F.root [1024,1026,1025,1030,1032,1035,1036,1033,1029,1031,1037,1028,1034,1027]
/store/data/Run2015D/ZeroBias/RAW/v1/000/260/627/00000/16B88662-AD81-E511-991B-02163E013662.root [58,73,82,92,93,95,59,63,70,72,79,98,99,64,68,75,80,84,90,96,61,66,67,71,81,83,88,97,57,69,78,86,94,62,65,76,89,91,60,74,77,85,87]
/store/data/Run2015D/ZeroBias/RAW/v1/000/260/627/00000/1809E514-0D82-E511-86D2-02163E0143C0.root [134,133,138,141,142,129,135,140,130,139,131,132,128,136,137]
/store/data/Run2015D/ZeroBias/RAW/v1/000/260/627/00000/1E809E45-7D82-E511-B711-02163E013909.root [1304,1307,1308,1306,1313,1312,1315,1305,1310,1314,1309,1311,1316,1317]
/store/data/Run2015D/ZeroBias/RAW/v1/000/260/627/00000/1EC6865F-4982-E511-A824-02163E014286.root [793,787,788,789,799,786,791,792,794,796,798,795,790,797]
/store/data/Run2015D/ZeroBias/RAW/v1/000/260/627/00000/1EDD844D-7D82-E511-88B2-02163E014539.root [1291,1295,1299,1290,1293,1301,1302,1292,1296,1298,1294,1297,1300,1303]
/store/data/Run2015D/ZeroBias/RAW/v1/000/260/627/00000/1EEB5839-7D82-E511-A96F-02163E011A3D.root [1081,1086,1084,1089,1091,1092,1087,1093,1080,1083,1085,1088,1090,1082]
/store/data/Run2015D/ZeroBias/RAW/v1/000/260/627/00000/20260929-7D82-E511-832B-02163E013710.root [1041,1042,1047,1039,1040,1046,1048,1049,1043,1045,1051,1050,1044,1038]
/store/data/Run2015D/ZeroBias/RAW/v1/000/260/627/00000/20BFEDD5-4882-E511-A0EC-02163E014465.root [923,920,921,915,916,919,924,912,914,913,917,922,925,918]
/store/data/Run2015D/ZeroBias/RAW/v1/000/260/627/00000/20C57605-0D82-E511-934B-02163E0136E3.root [473,476,469,471,472,480,477,470,474,478,475,479]
/store/data/Run2015D/ZeroBias/RAW/v1/000/260/627/00000/22764451-8182-E511-A863-02163E014685.root [1416,1419,1420,1423,1422,1428,1425,1421,1424,1417,1426,1427,1418,1429]
/store/data/Run2015D/ZeroBias/RAW/v1/000/260/627/00000/24629211-0D82-E511-BDE1-02163E014468.root [335,338,342,331,339,340,333,334,337,341,332,336]
/store/data/Run2015D/ZeroBias/RAW/v1/000/260/627/00000/24F3E241-8282-E511-AC9A-02163E011CE3.root [1683,1692,1695,1684,1682,1690,1685,1686,1687,1689,1691,1694,1688,1693]
/store/data/Run2015D/ZeroBias/RAW/v1/000/260/627/00000/2672D051-8182-E511-993F-02163E014414.root [1492,1496,1487,1489,1493,1499,1491,1495,1494,1498,1490,1486,1488,1497]
/store/data/Run2015D/ZeroBias/RAW/v1/000/260/627/00000/2802A31B-0D82-E511-9F1C-02163E014741.root [541,540,544,539,543,545,537,535,538,536,542,546]
/store/data/Run2015D/ZeroBias/RAW/v1/000/260/627/00000/30D38014-0D82-E511-861A-02163E01420C.root [253,249,252,256,247,251,246,254,245,250,255,248]
/store/data/Run2015D/ZeroBias/RAW/v1/000/260/627/00000/326A4ED9-8182-E511-827A-02163E0144BD.root [1513,1506,1503,1504,1507,1512,1502,1500,1501,1505,1510,1511,1508,1509]
/store/data/Run2015D/ZeroBias/RAW/v1/000/260/627/00000/340E2806-0D82-E511-A589-02163E013705.root [330,321,326,328,329,325,327,323,324,320,322,319]
/store/data/Run2015D/ZeroBias/RAW/v1/000/260/627/00000/3438BF12-4982-E511-BFCD-02163E011DEA.root [888,889,895,896,890,892,893,894,897,885,886,891,887,884]
/store/data/Run2015D/ZeroBias/RAW/v1/000/260/627/00000/34A66A66-0E82-E511-9EE4-02163E013866.root [208,196,199,202,204,203,198,200,205,206,197,201,207]
/store/data/Run2015D/ZeroBias/RAW/v1/000/260/627/00000/360AB9B8-0C82-E511-8C6E-02163E012312.root [127,119,121,126,122,124,123,125,113,114,117,118,115,116,120]
/store/data/Run2015D/ZeroBias/RAW/v1/000/260/627/00000/36146708-4B82-E511-8EEC-02163E012254.root [632,633,635,640,644,637,638,639,636,641,643,642,634,645]
/store/data/Run2015D/ZeroBias/RAW/v1/000/260/627/00000/3CA92650-0D82-E511-9D83-02163E011EC1.root [485,482,484,491,481,483,487,488,490,489,486,492]
/store/data/Run2015D/ZeroBias/RAW/v1/000/260/627/00000/3E872D99-7D82-E511-8DEB-02163E014142.root [1147,1137,1143,1145,1138,1136,1144,1146,1148,1140,1141,1139,1149,1142]
/store/data/Run2015D/ZeroBias/RAW/v1/000/260/627/00000/3ECAB2B4-0D82-E511-9CC0-02163E01381C.root [229,231,224,226,228,230,222,232,221,223,225,227]
/store/data/Run2015D/ZeroBias/RAW/v1/000/260/627/00000/4480EAE7-8182-E511-A185-02163E0121F3.root [1522,1521,1517,1519,1520,1523,1518,1515,1516,1525,1526,1527,1514,1524]
/store/data/Run2015D/ZeroBias/RAW/v1/000/260/627/00000/44B0C121-8282-E511-A645-02163E013390.root [1672,1674,1679,1680,1669,1677,1681,1668,1675,1676,1670,1673,1671,1678]
/store/data/Run2015D/ZeroBias/RAW/v1/000/260/627/00000/4682886E-8182-E511-848A-02163E01448C.root [1286,1287,1284,1280,1283,1289,1281,1288,1278,1279,1276,1282,1285,1277]
/store/data/Run2015D/ZeroBias/RAW/v1/000/260/627/00000/480AD011-0D82-E511-80F0-02163E0143C0.root [297,293,303,296,295,299,300,301,294,302,298,304]
/store/data/Run2015D/ZeroBias/RAW/v1/000/260/627/00000/48111D25-7D82-E511-9A46-02163E011A9A.root [999,1005,998,1009,1002,1008,1001,1003,996,1000,1006,997,1004,1007]
/store/data/Run2015D/ZeroBias/RAW/v1/000/260/627/00000/4AE22C95-0C82-E511-8DCC-02163E0138CD.root [186,187,183,185,182,184,195,190,194,189,192,193,188,191]
/store/data/Run2015D/ZeroBias/RAW/v1/000/260/627/00000/50579AD9-4882-E511-BABE-02163E01197B.root [785,774,772,777,780,783,778,781,782,784,775,776,779,773]
/store/data/Run2015D/ZeroBias/RAW/v1/000/260/627/00000/5408D259-8182-E511-878A-02163E01419C.root [1432,1435,1431,1436,1443,1437,1439,1440,1430,1438,1434,1441,1442,1433]
/store/data/Run2015D/ZeroBias/RAW/v1/000/260/627/00000/546A4D68-8182-E511-8770-02163E011AFF.root [1453,1452,1456,1449,1451,1444,1448,1450,1454,1455,1457,1446,1445,1447]
/store/data/Run2015D/ZeroBias/RAW/v1/000/260/627/00000/54DD7E56-0D82-E511-9AE7-02163E0143C0.root [432,434,435,431,436,442,440,441,433,437,439,438]
/store/data/Run2015D/ZeroBias/RAW/v1/000/260/627/00000/56CC830E-8282-E511-8B88-02163E011B44.root [1770,1771,1779,1773,1776,1780,1772,1775,1781,1777,1774,1783,1782,1778]
/store/data/Run2015D/ZeroBias/RAW/v1/000/260/627/00000/56F7E1C5-8282-E511-A1B1-02163E013523.root [1552,1546,1545,1549,1543,1548,1550,1555,1547,1542,1551,1553,1544,1554]
/store/data/Run2015D/ZeroBias/RAW/v1/000/260/627/00000/5A547D4E-0D82-E511-AFFC-02163E011F29.root [422,419,424,427,430,421,428,429,426,425,420,423]
/store/data/Run2015D/ZeroBias/RAW/v1/000/260/627/00000/5AE70A01-0D82-E511-8207-02163E013805.root [447,448,445,450,454,446,444,451,455,443,449,452,453,456]
/store/data/Run2015D/ZeroBias/RAW/v1/000/260/627/00000/5E858408-0D82-E511-9D57-02163E013705.root [522,530,529,531,523,527,533,534,525,526,528,532,521,524]
/store/data/Run2015D/ZeroBias/RAW/v1/000/260/627/00000/5EB5A502-0D82-E511-A441-02163E0141F4.root [107,100,102,105,101,104,103,110,111,112,106,108,109]
/store/data/Run2015D/ZeroBias/RAW/v1/000/260/627/00000/6014502C-7D82-E511-AB8C-02163E0146A1.root [1099,1095,1102,1105,1100,1101,1104,1097,1096,1094,1103,1106,1107,1098]
/store/data/Run2015D/ZeroBias/RAW/v1/000/260/627/00000/601DB32E-7D82-E511-8019-02163E01182F.root [1196,1198,1200,1192,1194,1197,1201,1203,1205,1204,1202,1193,1195,1199]
/store/data/Run2015D/ZeroBias/RAW/v1/000/260/627/00000/603FBF2A-0D82-E511-BC9D-02163E0138CD.root [374,370,375,368,376,377,380,371,379,367,378,372,373,369]
/store/data/Run2015D/ZeroBias/RAW/v1/000/260/627/00000/66C79B68-8282-E511-811A-02163E014468.root [1841,1845,1846,1851,1853,1860,1861,1844,1856,1858,1840,1849,1848,1859,1855,1857,1854,1842,1850,1843,1847,1852]
/store/data/Run2015D/ZeroBias/RAW/v1/000/260/627/00000/6826B211-0D82-E511-A98D-02163E0139A4.root [272,269,271,275,279,276,277,270,273,278,280,274]
/store/data/Run2015D/ZeroBias/RAW/v1/000/260/627/00000/687C7E89-8182-E511-A66A-02163E01416F.root [1468,1464,1466,1467,1461,1465,1470,1469,1471,1463,1459,1460,1462,1458]
/store/data/Run2015D/ZeroBias/RAW/v1/000/260/627/00000/6AE33FDB-0F82-E511-BE5A-02163E0146C9.root [151,146,152,155,145,148,150,154,153,144,143,147,149]
/store/data/Run2015D/ZeroBias/RAW/v1/000/260/627/00000/6C7F8B89-8182-E511-A52C-02163E014410.root [1378,1387,1375,1383,1377,1384,1376,1382,1374,1386,1380,1381,1385,1379]
/store/data/Run2015D/ZeroBias/RAW/v1/000/260/627/00000/6CF29448-7D82-E511-A83B-02163E013398.root [1133,1135,1131,1127,1123,1125,1126,1128,1134,1129,1122,1124,1130,1132]
/store/data/Run2015D/ZeroBias/RAW/v1/000/260/627/00000/708A717F-8282-E511-B42E-02163E012051.root [1710,1714,1715,1717,1719,1720,1723,1713,1718,1722,1711,1716,1721,1712]
/store/data/Run2015D/ZeroBias/RAW/v1/000/260/627/00000/748F9B51-7D82-E511-90E3-02163E0141CD.root [1159,1160,1163,1150,1152,1156,1158,1153,1161,1154,1155,1151,1157,1162]
/store/data/Run2015D/ZeroBias/RAW/v1/000/260/627/00000/764AED2E-7D82-E511-8C27-02163E01419C.root [1206,1210,1212,1213,1218,1211,1215,1219,1209,1214,1216,1207,1208,1217]
/store/data/Run2015D/ZeroBias/RAW/v1/000/260/627/00000/78586107-0D82-E511-B7AE-02163E0144AA.root [344,346,354,348,350,351,349,345,353,343,347,352]
/store/data/Run2015D/ZeroBias/RAW/v1/000/260/627/00000/7A07B8C3-4882-E511-99C5-02163E01417B.root [715,707,708,713,714,702,710,703,705,706,711,709,704,712]
/store/data/Run2015D/ZeroBias/RAW/v1/000/260/627/00000/7EC6A661-0D82-E511-88E0-02163E0141F4.root [257,262,268,263,267,258,260,261,266,265,259,264]
/store/data/Run2015D/ZeroBias/RAW/v1/000/260/627/00000/7EDE2E38-7D82-E511-B85E-02163E0146FA.root [1241,1244,1245,1234,1240,1237,1239,1246,1238,1247,1242,1243,1235,1236]
/store/data/Run2015D/ZeroBias/RAW/v1/000/260/627/00000/80C7932E-8282-E511-BAEE-02163E011D05.root [1623,1612,1620,1613,1614,1615,1618,1619,1625,1616,1617,1621,1622,1624]
/store/data/Run2015D/ZeroBias/RAW/v1/000/260/627/00000/80E0D9D1-4882-E511-AE76-02163E01432E.root [647,656,646,655,652,658,651,657,654,648,653,659,649,650]
/store/data/Run2015D/ZeroBias/RAW/v1/000/260/627/00000/80EBC88D-4C82-E511-8912-02163E014686.root [665,666,671,660,668,661,663,669,662,672,673,664,667,670]
/store/data/Run2015D/ZeroBias/RAW/v1/000/260/627/00000/844F9B45-7D82-E511-AB74-02163E013584.root [1065,1060,1063,1059,1052,1061,1062,1053,1056,1057,1064,1058,1054,1055]
/store/data/Run2015D/ZeroBias/RAW/v1/000/260/627/00000/84540F40-8282-E511-968E-02163E012746.root [1540,1532,1541,1531,1533,1539,1538,1537,1529,1534,1528,1535,1536,1530]
/store/data/Run2015D/ZeroBias/RAW/v1/000/260/627/00000/862433CB-4C82-E511-A3F8-02163E014673.root [953,940,949,946,945,951,942,944,950,943,952,941,947,948]
/store/data/Run2015D/ZeroBias/RAW/v1/000/260/627/00000/88279A33-8282-E511-9F95-02163E011D05.root [1732,1735,1724,1736,1737,1725,1726,1733,1729,1728,1730,1731,1734,1727]
/store/data/Run2015D/ZeroBias/RAW/v1/000/260/627/00000/88BDAEBC-4E82-E511-862A-02163E0139C3.root [596,590,589,592,598,599,600,591,602,593,594,595,597,601]
/store/data/Run2015D/ZeroBias/RAW/v1/000/260/627/00000/8E46EFF7-0C82-E511-85B1-02163E01450F.root [394,402,393,398,400,395,396,397,404,401,399,403]
/store/data/Run2015D/ZeroBias/RAW/v1/000/260/627/00000/8E5AFDF8-4882-E511-8B7F-02163E01393A.root [901,902,899,908,903,906,910,911,907,909,905,898,900,904]
/store/data/Run2015D/ZeroBias/RAW/v1/000/260/627/00000/8EC1242C-7D82-E511-AD25-02163E0141E9.root [1263,1264,1275,1270,1274,1271,1262,1265,1267,1269,1268,1273,1266,1272]
/store/data/Run2015D/ZeroBias/RAW/v1/000/260/627/00000/923BD007-8282-E511-9A7F-02163E0142B5.root [1814,1819,1817,1818,1815,1823,1813,1820,1824,1816,1822,1812,1821,1825]
/store/data/Run2015D/ZeroBias/RAW/v1/000/260/627/00000/92AA965C-AD81-E511-BE6F-02163E0136E8.root [15,18,19,20,26,34,35,54,3,8,21,38,50,16,23,31,53,9,11,13,24,37,40,44,10,14,22,27,43,45,46,48,49,2,6,12,32,36,41,42,55,7,17,25,30,33,39,47,51,52,4,5,28,29,56]
/store/data/Run2015D/ZeroBias/RAW/v1/000/260/627/00000/947F1713-0D82-E511-A101-02163E014468.root [211,209,210,212,213,214,216,218,215,217,219,220]
/store/data/Run2015D/ZeroBias/RAW/v1/000/260/627/00000/965048C7-8182-E511-9C72-02163E01386A.root [1410,1406,1414,1415,1403,1412,1407,1402,1404,1405,1408,1409,1413,1411]
/store/data/Run2015D/ZeroBias/RAW/v1/000/260/627/00000/969FAB46-7D82-E511-B0B1-02163E011927.root [1322,1325,1326,1330,1331,1321,1327,1328,1329,1318,1319,1320,1323,1324]
/store/data/Run2015D/ZeroBias/RAW/v1/000/260/627/00000/9884634A-0D82-E511-A271-02163E011E42.root [390,387,392,386,389,381,382,383,388,391,384,385]
/store/data/Run2015D/ZeroBias/RAW/v1/000/260/627/00000/9AD53EB0-8282-E511-B2E9-02163E0142A3.root [1368,1369,1364,1361,1367,1362,1365,1360,1363,1366,1370,1372,1371,1373]
/store/data/Run2015D/ZeroBias/RAW/v1/000/260/627/00000/9AD55717-4982-E511-ADB8-02163E01462D.root [959,962,963,957,961,955,964,966,954,956,958,960,965,967]
/store/data/Run2015D/ZeroBias/RAW/v1/000/260/627/00000/9C168966-4982-E511-B97C-02163E011F2B.root [929,934,933,935,931,932,937,927,930,938,926,936,928,939]
/store/data/Run2015D/ZeroBias/RAW/v1/000/260/627/00000/9C60E419-4B82-E511-B152-02163E0135A1.root [744,746,752,748,749,753,756,751,755,745,747,750,754,757]
/store/data/Run2015D/ZeroBias/RAW/v1/000/260/627/00000/9E322FC8-7D82-E511-AA4A-02163E0133EB.root [1111,1114,1120,1121,1110,1116,1112,1113,1119,1109,1117,1108,1115,1118]
/store/data/Run2015D/ZeroBias/RAW/v1/000/260/627/00000/A0990B51-0F82-E511-A9AA-02163E012999.root [282,285,286,283,284,290,291,281,292,288,287,289]
/store/data/Run2015D/ZeroBias/RAW/v1/000/260/627/00000/A45F0571-4982-E511-91E2-02163E011F2B.root [606,609,611,607,615,613,616,603,612,608,604,610,614,605]
/store/data/Run2015D/ZeroBias/RAW/v1/000/260/627/00000/A4EB53E2-4882-E511-8B5B-02163E0135FA.root [694,691,692,699,700,695,697,688,689,690,698,701,696,693]
/store/data/Run2015D/ZeroBias/RAW/v1/000/260/627/00000/A8676861-4982-E511-969E-02163E0141D1.root [878,882,881,874,871,872,875,877,883,873,879,870,876,880]
/store/data/Run2015D/ZeroBias/RAW/v1/000/260/627/00000/A8A4F446-8682-E511-B5A3-02163E0139B5.root [1709,1697,1703,1705,1708,1698,1699,1700,1702,1696,1706,1701,1704,1707]
/store/data/Run2015D/ZeroBias/RAW/v1/000/260/627/00000/AC2DA607-8282-E511-A6B6-02163E01414D.root [1799,1803,1804,1801,1798,1806,1809,1811,1802,1807,1805,1808,1800,1810]
/store/data/Run2015D/ZeroBias/RAW/v1/000/260/627/00000/AE51CE0D-5182-E511-9F9F-02163E0140DF.root [849,851,845,853,855,848,854,843,846,847,842,844,850,852]
/store/data/Run2015D/ZeroBias/RAW/v1/000/260/627/00000/B2EBF60B-8282-E511-9300-02163E013390.root [1591,1589,1595,1597,1587,1590,1585,1596,1594,1584,1586,1588,1592,1593]
/store/data/Run2015D/ZeroBias/RAW/v1/000/260/627/00000/B6BD94AD-0D82-E511-B03E-02163E0134CE.root [569,570,562,567,561,564,566,573,563,568,572,565,571,574]
/store/data/Run2015D/ZeroBias/RAW/v1/000/260/627/00000/B893B4FC-0C82-E511-B089-02163E01381B.root [408,418,413,405,406,407,412,410,417,415,416,411,409,414]
/store/data/Run2015D/ZeroBias/RAW/v1/000/260/627/00000/BCCB9A8E-4982-E511-9D11-02163E011CEE.root [678,684,681,680,685,686,682,687,674,675,676,679,677,683]
/store/data/Run2015D/ZeroBias/RAW/v1/000/260/627/00000/BE8CBCFF-0C82-E511-9809-02163E01417D.root [356,361,355,359,358,364,365,363,360,362,357,366]
/store/data/Run2015D/ZeroBias/RAW/v1/000/260/627/00000/BE94BD55-4982-E511-8F6E-02163E013840.root [737,740,731,734,738,739,741,730,733,735,743,736,742,732]
/store/data/Run2015D/ZeroBias/RAW/v1/000/260/627/00000/BEC087C9-0C82-E511-8642-02163E013802.root [161,163,164,156,159,165,167,158,166,160,157,162,168]
/store/data/Run2015D/ZeroBias/RAW/v1/000/260/627/00000/C069D023-8282-E511-A6C2-02163E0127CA.root [1785,1790,1787,1788,1792,1794,1789,1793,1795,1796,1786,1791,1784,1797]
/store/data/Run2015D/ZeroBias/RAW/v1/000/260/627/00000/C4FBD99C-8282-E511-ADA1-02163E01466B.root [1826,1828,1834,1835,1839,1836,1829,1827,1830,1831,1838,1832,1833,1837]
/store/data/Run2015D/ZeroBias/RAW/v1/000/260/627/00000/D27BDE73-7D82-E511-96B0-02163E014410.root [1010,1011,1016,1022,1021,1015,1017,1013,1023,1012,1014,1018,1019,1020]
/store/data/Run2015D/ZeroBias/RAW/v1/000/260/627/00000/D289936F-7D82-E511-936B-02163E0146AE.root [1229,1230,1233,1220,1224,1228,1232,1225,1227,1226,1231,1221,1222,1223]
/store/data/Run2015D/ZeroBias/RAW/v1/000/260/627/00000/D45A32A9-8182-E511-8732-02163E013889.root [1393,1397,1391,1388,1400,1392,1401,1390,1394,1398,1399,1389,1395,1396]
/store/data/Run2015D/ZeroBias/RAW/v1/000/260/627/00000/DA7BBF14-0D82-E511-BE7A-02163E011EC1.root [584,579,585,586,581,582,576,577,588,578,580,587,575,583]
/store/data/Run2015D/ZeroBias/RAW/v1/000/260/627/00000/E293D13A-4B82-E511-87E2-02163E01417B.root [987,985,982,988,990,983,992,993,994,995,984,991,986,989]
/store/data/Run2015D/ZeroBias/RAW/v1/000/260/627/00000/E4EB890A-8282-E511-945B-02163E011B44.root [1661,1662,1660,1654,1657,1659,1666,1663,1665,1667,1655,1656,1658,1664]
/store/data/Run2015D/ZeroBias/RAW/v1/000/260/627/00000/E809E0C0-4982-E511-B9A2-02163E013588.root [824,820,817,826,814,823,827,818,816,819,822,825,815,821]
/store/data/Run2015D/ZeroBias/RAW/v1/000/260/627/00000/EACF9122-8282-E511-B24A-02163E014743.root [1560,1557,1561,1568,1569,1564,1565,1566,1567,1559,1556,1558,1562,1563]
/store/data/Run2015D/ZeroBias/RAW/v1/000/260/627/00000/EE3882FE-4882-E511-80F7-02163E014190.root [625,621,624,629,631,618,626,619,620,627,617,622,630,623,628]
/store/data/Run2015D/ZeroBias/RAW/v1/000/260/627/00000/EED94C00-0E82-E511-8470-02163E014438.root [553,560,552,547,549,550,551,558,557,559,548,555,554,556]
/store/data/Run2015D/ZeroBias/RAW/v1/000/260/627/00000/F2555B93-8282-E511-8209-02163E014410.root [1643,1646,1640,1642,1645,1647,1652,1644,1649,1651,1653,1641,1650,1648]
/store/data/Run2015D/ZeroBias/RAW/v1/000/260/627/00000/F27E305E-7D82-E511-81FA-02163E0136AF.root [1180,1190,1186,1187,1178,1179,1181,1183,1185,1191,1182,1189,1184,1188]
/store/data/Run2015D/ZeroBias/RAW/v1/000/260/627/00000/F2928625-8382-E511-B186-02163E014468.root [1570,1572,1578,1581,1582,1573,1575,1577,1579,1583,1580,1571,1574,1576]
/store/data/Run2015D/ZeroBias/RAW/v1/000/260/627/00000/F2C9947C-8282-E511-A87E-02163E014410.root [1627,1629,1635,1636,1632,1633,1638,1626,1631,1630,1634,1628,1637,1639]
/store/data/Run2015D/ZeroBias/RAW/v1/000/260/627/00000/FA377860-8182-E511-B3F3-02163E0142FA.root [1477,1479,1481,1478,1473,1474,1476,1480,1483,1472,1475,1484,1485,1482]
/store/data/Run2015D/ZeroBias/RAW/v1/000/260/627/00000/FA593C1C-0D82-E511-A1FC-02163E013997.root [497,501,502,505,506,494,495,496,498,500,493,503,499,504]
/store/data/Run2015D/ZeroBias/RAW/v1/000/260/627/00000/FAA94D31-8282-E511-8A56-02163E0142A9.root [1755,1763,1752,1754,1756,1759,1762,1766,1753,1758,1769,1760,1761,1757,1765,1768,1764,1767]
/store/data/Run2015D/ZeroBias/RAW/v1/000/260/627/00000/FE7B6E37-4982-E511-A95D-02163E0133BA.root [803,807,800,809,808,801,804,806,810,802,812,813,805,811]
