/store/data/Commissioning2021/Cosmics/RAW/v1/000/345/755/00000/004da69f-5a96-47ac-b31e-2a90a7f2eec2.root [144,151,152,154,146,148,153,149,150,145,147]
/store/data/Commissioning2021/Cosmics/RAW/v1/000/345/755/00000/06558537-75f9-4c09-a83d-f3d5544d1c68.root [12,13,14,16,17,21,15,18,19,22,20]
/store/data/Commissioning2021/Cosmics/RAW/v1/000/345/755/00000/0850b133-450d-497e-bcaa-cb0f7ce62780.root [141,142,133,137,140,134,138,143,136,139,135]
/store/data/Commissioning2021/Cosmics/RAW/v1/000/345/755/00000/0984fcb0-19fd-4ebc-8bc9-81bc0ae919f2.root [199,208,205,206,201,202,203,200,204,207]
/store/data/Commissioning2021/Cosmics/RAW/v1/000/345/755/00000/0b1fb673-d926-4ee6-831b-c1492b4944a7.root [474,480,478,473,472,471,475,476,481,477,479]
/store/data/Commissioning2021/Cosmics/RAW/v1/000/345/755/00000/0f2ea99c-ab8a-4b8e-bfde-38eab94d0f9f.root [166,176,167,171,172,170,173,175,174,168,169]
/store/data/Commissioning2021/Cosmics/RAW/v1/000/345/755/00000/11ffc512-8ae0-4d07-8300-e64b137bd6c4.root [438,444,445,441,442,443,446,439,440,447,448]
/store/data/Commissioning2021/Cosmics/RAW/v1/000/345/755/00000/15bcada9-396c-4d60-ad17-87268378a629.root [551,555,552,548,549,553,558,556,550,554,557]
/store/data/Commissioning2021/Cosmics/RAW/v1/000/345/755/00000/18aefb10-94cb-4504-bcf3-d557e82c98dd.root [279,276,284,281,278,280,282,274,277,283,275]
/store/data/Commissioning2021/Cosmics/RAW/v1/000/345/755/00000/1c021cc2-1f14-44cd-8f0a-7f5784f57ade.root [931,932,924,925,927,929,926,928,923,930]
/store/data/Commissioning2021/Cosmics/RAW/v1/000/345/755/00000/1f5ffc3f-426e-4ada-873c-ad9913766559.root [578,580,572,579,570,573,574,577,571,575,576]
/store/data/Commissioning2021/Cosmics/RAW/v1/000/345/755/00000/24792b56-11d9-4236-a61d-522a17923ed9.root [656,659,652,653,650,651,654,655,658,660,657]
/store/data/Commissioning2021/Cosmics/RAW/v1/000/345/755/00000/24f898f0-a1ec-40b8-8062-3d73847c66eb.root [800,796,793,798,790,792,795,799,791,794,797]
/store/data/Commissioning2021/Cosmics/RAW/v1/000/345/755/00000/2bde9637-3664-4a37-b11f-f8e8f26589fe.root [857,859,851,852,853,858,856,860,854,855]
/store/data/Commissioning2021/Cosmics/RAW/v1/000/345/755/00000/378a1d25-142a-4545-8873-6ba54c50e3c9.root [343,344,347,348,346,349,340,345,339,341,342]
/store/data/Commissioning2021/Cosmics/RAW/v1/000/345/755/00000/39c9da14-827a-489b-803d-17d4908f1b84.root [157,161,159,164,160,163,156,165,155,158,162]
/store/data/Commissioning2021/Cosmics/RAW/v1/000/345/755/00000/3a932c1a-808a-4adf-a436-ff09b54f4a08.root [361,368,367,369,370,363,364,371,362,365,366]
/store/data/Commissioning2021/Cosmics/RAW/v1/000/345/755/00000/3a95bae1-7826-4047-9987-e73e61faa090.root [805,808,801,802,807,804,806,803,809,810]
/store/data/Commissioning2021/Cosmics/RAW/v1/000/345/755/00000/408dd4d7-d499-4eb3-8b9e-379d30253a88.root [813,815,816,817,818,820,814,819,811,812]
/store/data/Commissioning2021/Cosmics/RAW/v1/000/345/755/00000/43cd203d-7a4b-4196-a2ae-12bdb3e3fa52.root [844,846,842,845,849,847,850,841,843,848]
/store/data/Commissioning2021/Cosmics/RAW/v1/000/345/755/00000/4766b1be-9272-4624-86f7-b90683649836.root [939,936,934,935,940,937,942,941,933,938]
/store/data/Commissioning2021/Cosmics/RAW/v1/000/345/755/00000/4ef92170-2bd2-433a-987d-fe5f19c341e3.root [824,826,825,827,821,823,830,822,828,829]
/store/data/Commissioning2021/Cosmics/RAW/v1/000/345/755/00000/4fa4ef50-6364-4505-b5cf-3dbf89ca978e.root [432,433,429,431,434,435,430,437,428,427,436]
/store/data/Commissioning2021/Cosmics/RAW/v1/000/345/755/00000/4fcb6fa1-c000-4a31-8d98-c633ae4ef487.root [593,598,596,597,595,591,592,594]
/store/data/Commissioning2021/Cosmics/RAW/v1/000/345/755/00000/5015ec44-580f-4a7c-bb35-1931b267a4ad.root [697,694,695,700,703,698,699,696,701,702]
/store/data/Commissioning2021/Cosmics/RAW/v1/000/345/755/00000/507130fd-1e19-4731-b3c5-9f69fc484265.root [643,644,646,640,642,641,645,648,647,639,649]
/store/data/Commissioning2021/Cosmics/RAW/v1/000/345/755/00000/56542bfa-4ea8-42b4-b03a-40d42ff010e7.root [836,839,840,832,833,835,838,831,834,837]
/store/data/Commissioning2021/Cosmics/RAW/v1/000/345/755/00000/5872930f-b202-4000-9d8c-7457ce9ec832.root [451,458,449,450,455,459,452,453,456,457,454]
/store/data/Commissioning2021/Cosmics/RAW/v1/000/345/755/00000/5ced4de9-3182-452e-a3ac-3443ab5617ac.root [96,91,93,95,97,90,92,98,89,94,99]
/store/data/Commissioning2021/Cosmics/RAW/v1/000/345/755/00000/69586467-1474-4e5f-90b0-22cda83d29e7.root [70,74,68,67,69,76,72,71,73,75,77]
/store/data/Commissioning2021/Cosmics/RAW/v1/000/345/755/00000/69c5b2db-2c68-4aee-b23c-3717a93f29c9.root [518,516,524,525,521,520,522,515,517,519,523]
/store/data/Commissioning2021/Cosmics/RAW/v1/000/345/755/00000/6dfede26-c7ec-4895-b4a5-4a28f6b92ca8.root [661,665,667,669,663,671,668,670,662,664,666]
/store/data/Commissioning2021/Cosmics/RAW/v1/000/345/755/00000/6e9ebe62-af94-4174-9afb-9f8f39ab76f8.root [725,724,729,723,728,726,727]
/store/data/Commissioning2021/Cosmics/RAW/v1/000/345/755/00000/707f9415-04a3-4d02-b175-a1b1f07f17bb.root [492,488,490,491,486,489,484,483,487,485,482]
/store/data/Commissioning2021/Cosmics/RAW/v1/000/345/755/00000/739f773b-0a2a-40bc-8e64-43e42cabdca2.root [964,965,971,970,974,966,973,968,969,967,972]
/store/data/Commissioning2021/Cosmics/RAW/v1/000/345/755/00000/740b33fd-2401-4cbf-994b-324beaf525ab.root [907,911,903,905,904,906,908,910,902,909]
/store/data/Commissioning2021/Cosmics/RAW/v1/000/345/755/00000/76387763-2590-4b50-b232-ccef9c6f7a0e.root [260,255,258,252,254,259,261,262,253,256,257]
/store/data/Commissioning2021/Cosmics/RAW/v1/000/345/755/00000/76fbfd85-b19b-421a-b9fd-b3a41f04478b.root [263,271,267,273,264,266,270,265,272,268,269]
/store/data/Commissioning2021/Cosmics/RAW/v1/000/345/755/00000/78ce47c3-6b0f-4c94-ab9c-91114acf66d8.root [599,605,602,604,606,603,600,601,607]
/store/data/Commissioning2021/Cosmics/RAW/v1/000/345/755/00000/79ec3995-87c9-4887-9fac-0a318c77b485.root [621,625,624,626,628,623,620,619,622,627]
/store/data/Commissioning2021/Cosmics/RAW/v1/000/345/755/00000/7af23bc0-eab5-4680-844f-d98b1e996066.root [291,295,287,285,294,292,289,293,286,288,290]
/store/data/Commissioning2021/Cosmics/RAW/v1/000/345/755/00000/7efe54fc-35af-4a50-a418-16d16c962293.root [540,546,538,541,547,537,542,544,545,543,539]
/store/data/Commissioning2021/Cosmics/RAW/v1/000/345/755/00000/7f988149-8a11-4ed8-9d68-29352aa21bbb.root [80,83,84,86,87,81,82,88,78,79,85]
/store/data/Commissioning2021/Cosmics/RAW/v1/000/345/755/00000/7f9d52f8-bb4f-4d32-b2ac-1bab390b48e4.root [708,711,713,707,712,704,709,705,710,706]
/store/data/Commissioning2021/Cosmics/RAW/v1/000/345/755/00000/81b93823-d350-4333-83f2-3c2d4c39dfb0.root [470,463,468,462,464,467,469,461,465,466,460]
/store/data/Commissioning2021/Cosmics/RAW/v1/000/345/755/00000/838b437f-f373-4237-909b-99e5940bc255.root [749,744,746,747,741,743,748,740,742,745]
/store/data/Commissioning2021/Cosmics/RAW/v1/000/345/755/00000/84b8ae87-0292-4d6d-a05a-46c89b0c9eb9.root [310,308,309,317,312,315,311,314,313,307,316]
/store/data/Commissioning2021/Cosmics/RAW/v1/000/345/755/00000/876c294a-3506-4b19-ae4a-36134cf3e788.root [899,893,894,897,895,892,896,900,901,898]
/store/data/Commissioning2021/Cosmics/RAW/v1/000/345/755/00000/8ae6bfd3-cd1c-46ac-a0b2-960354282cf5.root [862,865,867,861,868,864,866,869,863,870]
/store/data/Commissioning2021/Cosmics/RAW/v1/000/345/755/00000/93042f49-f2e2-4f77-9939-9646c222fd30.root [958,954,956,953,957,959,960,961,963,962,955]
/store/data/Commissioning2021/Cosmics/RAW/v1/000/345/755/00000/93a66d7c-40fb-4cee-816a-1a3f10542420.root [325,319,318,323,324,321,328,320,322,326,327]
/store/data/Commissioning2021/Cosmics/RAW/v1/000/345/755/00000/97b58174-a85c-4b67-b495-0529001229bc.root [755,757,756,759,751,752,750,754,753,758]
/store/data/Commissioning2021/Cosmics/RAW/v1/000/345/755/00000/990c2ac7-fac9-47fd-a117-160d78a9b633.root [10,3,6,11,1,9,2,5,4,7,8]
/store/data/Commissioning2021/Cosmics/RAW/v1/000/345/755/00000/99b6c08e-3c2a-4039-bd10-cf71e802f874.root [36,38,41,34,44,40,39,42,43,35,37]
/store/data/Commissioning2021/Cosmics/RAW/v1/000/345/755/00000/9aeba0f6-ea07-4c9a-847b-5e5d7fca13bd.root [129,123,124,126,122,130,125,127,128,131,132]
/store/data/Commissioning2021/Cosmics/RAW/v1/000/345/755/00000/9b70a9ec-f94c-4024-ac24-fd95f0d9f32e.root [737,731,736,738,734,735,732,730,733,739]
/store/data/Commissioning2021/Cosmics/RAW/v1/000/345/755/00000/9cb03303-31a0-4e1f-8118-b4e214e1ccf0.root [977,981,976,980,975,979,978]
/store/data/Commissioning2021/Cosmics/RAW/v1/000/345/755/00000/9e561922-fe01-4d5a-bae2-53680469ec1e.root [113,117,112,120,118,115,111,116,119,114,121]
/store/data/Commissioning2021/Cosmics/RAW/v1/000/345/755/00000/9f65812d-7d1f-453b-9fe7-74e5258ee2be.root [58,56,62,66,59,57,63,60,61,64,65]
/store/data/Commissioning2021/Cosmics/RAW/v1/000/345/755/00000/a1952b1a-e9c3-4cbb-b69c-731ace133d45.root [399,400,404,394,401,402,397,403,395,396,398]
/store/data/Commissioning2021/Cosmics/RAW/v1/000/345/755/00000/a370e82f-368f-4ce9-9899-4226198d08ee.root [610,616,617,614,608,609,611,612,613,615,618]
/store/data/Commissioning2021/Cosmics/RAW/v1/000/345/755/00000/a53cb793-e658-4d9a-8785-eb38c569c373.root [891,884,886,888,889,885,887,882,890,883]
/store/data/Commissioning2021/Cosmics/RAW/v1/000/345/755/00000/a61da85f-4792-4c9a-a9fa-4b984ce6867d.root [952,948,946,949,944,947,950,943,951,945]
/store/data/Commissioning2021/Cosmics/RAW/v1/000/345/755/00000/a8cdbfbf-7d71-4fc0-a47b-f568d70012b3.root [493,494,497,499,500,496,501,495,498,502,503]
/store/data/Commissioning2021/Cosmics/RAW/v1/000/345/755/00000/ad6a2158-d874-470f-b6f6-0fd1169eb1e8.root [296,304,306,298,302,303,301,299,305,297,300]
/store/data/Commissioning2021/Cosmics/RAW/v1/000/345/755/00000/b16f49d2-5e42-450b-983d-66b2ce12b0f2.root [103,105,101,107,110,102,104,106,109,100,108]
/store/data/Commissioning2021/Cosmics/RAW/v1/000/345/755/00000/b28ef433-f44b-4f1e-a643-e7c31344b8d0.root [387,390,393,385,386,383,389,388,391,384,392]
/store/data/Commissioning2021/Cosmics/RAW/v1/000/345/755/00000/b40bc3a0-c6f2-40c8-90cb-02c2b4f562f3.root [878,874,873,876,871,875,880,872,877,879,881]
/store/data/Commissioning2021/Cosmics/RAW/v1/000/345/755/00000/bcbaa03f-4a73-400e-bb96-3ab7f3c64987.root [219,212,215,216,217,214,211,218,209,213,210]
/store/data/Commissioning2021/Cosmics/RAW/v1/000/345/755/00000/bcee9249-855e-43a9-92d3-b251f028fa41.root [416,418,420,424,419,425,417,421,426,422,423]
/store/data/Commissioning2021/Cosmics/RAW/v1/000/345/755/00000/becd6d97-8eb6-439e-9b7b-b0127e313d4c.root [222,220,223,224,225,226,227,221,228,229]
/store/data/Commissioning2021/Cosmics/RAW/v1/000/345/755/00000/bedef026-1e24-4020-8774-ddcaf8a5e189.root [24,28,29,33,25,32,30,31,26,27,23]
/store/data/Commissioning2021/Cosmics/RAW/v1/000/345/755/00000/c08e621b-8ad5-4329-8b27-1e832be0d5eb.root [331,335,337,334,336,330,338,329,332,333]
/store/data/Commissioning2021/Cosmics/RAW/v1/000/345/755/00000/c33a147d-c202-48e3-a707-65a7cb9f70bb.root [190,194,195,193,197,192,196,198,188,189,191]
/store/data/Commissioning2021/Cosmics/RAW/v1/000/345/755/00000/c48c8087-e13d-44ee-a20b-7e98b2466135.root [766,760,769,762,764,761,763,765,767,768]
/store/data/Commissioning2021/Cosmics/RAW/v1/000/345/755/00000/cfdbcd39-6d7e-4b26-8929-e156b9660fdc.root [177,183,186,181,182,179,184,185,187,178,180]
/store/data/Commissioning2021/Cosmics/RAW/v1/000/345/755/00000/d3187a45-f1bc-4e22-876c-59968f1afb49.root [675,678,673,680,682,679,681,672,674,677,676]
/store/data/Commissioning2021/Cosmics/RAW/v1/000/345/755/00000/d407c540-ef9c-4c62-9477-d27fcbaaa7ec.root [919,913,912,920,921,917,918,915,916,914,922]
/store/data/Commissioning2021/Cosmics/RAW/v1/000/345/755/00000/d577c523-b0c8-48cd-aa75-b07f4d08013a.root [45,49,52,53,55,48,47,50,51,54,46]
/store/data/Commissioning2021/Cosmics/RAW/v1/000/345/755/00000/d5c3fdf2-434a-4b97-9a67-e37ea48d0928.root [785,787,781,786,782,783,784,789,780,788]
/store/data/Commissioning2021/Cosmics/RAW/v1/000/345/755/00000/dc1bfa13-d452-48d8-8526-b8f198eba8fe.root [243,247,242,245,246,248,249,250,241,244,251]
/store/data/Commissioning2021/Cosmics/RAW/v1/000/345/755/00000/dc2dc9cb-2c37-4a6f-8e98-ac1bf1b65852.root [777,775,779,771,772,776,778,770,773,774]
/store/data/Commissioning2021/Cosmics/RAW/v1/000/345/755/00000/e7e852db-4479-44eb-bfed-1db506d60ddc.root [715,714,717,719,722,716,720,718,721]
/store/data/Commissioning2021/Cosmics/RAW/v1/000/345/755/00000/eb9e55e8-e693-4526-8c3e-b554f340d1a2.root [352,355,350,351,354,356,357,353,358,360,359]
/store/data/Commissioning2021/Cosmics/RAW/v1/000/345/755/00000/ec1557cb-9137-4861-97f1-850284841c5d.root [568,560,564,563,565,566,569,562,559,567,561]
/store/data/Commissioning2021/Cosmics/RAW/v1/000/345/755/00000/ec520672-fe7f-4281-8705-963155ee3666.root [405,408,407,414,412,413,411,409,415,406,410]
/store/data/Commissioning2021/Cosmics/RAW/v1/000/345/755/00000/ed4ccc7a-fb20-4caa-a79c-085d4cccb37e.root [372,382,376,377,379,375,378,380,381,373,374]
/store/data/Commissioning2021/Cosmics/RAW/v1/000/345/755/00000/edc48b47-a61c-4a06-a2aa-872404957977.root [232,233,235,240,230,239,231,236,237,234,238]
/store/data/Commissioning2021/Cosmics/RAW/v1/000/345/755/00000/f037be2b-a38f-4fdc-8f13-ba4912839040.root [686,688,689,692,685,687,691,684,683,693,690]
/store/data/Commissioning2021/Cosmics/RAW/v1/000/345/755/00000/f29c58ed-d3ee-449e-b5b3-dcc1dadc3725.root [633,635,629,630,632,634,636,638,631,637]
/store/data/Commissioning2021/Cosmics/RAW/v1/000/345/755/00000/f5a95b1e-d47e-414d-a79c-d1af60d0f533.root [581,585,586,588,589,582,584,587,590,583]
/store/data/Commissioning2021/Cosmics/RAW/v1/000/345/755/00000/f6b99fd7-4bd3-44a9-a9a2-4318dbab9808.root [505,513,514,506,508,509,507,510,511,512,504]
/store/data/Commissioning2021/Cosmics/RAW/v1/000/345/755/00000/f9bc1271-4fc0-4799-9b28-efbc2a10c660.root [530,534,536,526,527,529,531,535,528,533,532]
