/store/data/Run2024E/BTagMu/RAW/v1/000/380/963/00000/00df821d-98d6-4707-b675-96ba7e528e42.root 380963 [491,492,490]
/store/data/Run2024E/BTagMu/RAW/v1/000/380/963/00000/00e45192-8e65-4d3e-b259-9cfc00535a02.root 380963 [937,938,940,939]
/store/data/Run2024E/BTagMu/RAW/v1/000/380/963/00000/03f0192a-8609-4d2b-b3ef-b7ef621b88e9.root 380963 [952,949,951,950]
/store/data/Run2024E/BTagMu/RAW/v1/000/380/963/00000/0431d7f6-ddbb-4f32-a428-cdbb0b9a6337.root 380963 [866,864,865,867]
/store/data/Run2024E/BTagMu/RAW/v1/000/380/963/00000/04c82fd3-29ac-4f33-9eb7-d7647825d94a.root 380963 [774,775,776]
/store/data/Run2024E/BTagMu/RAW/v1/000/380/963/00000/04deedd7-70ee-4992-aa20-5b332772ea6c.root 380963 [479,480,478]
/store/data/Run2024E/BTagMu/RAW/v1/000/380/963/00000/06445ac5-8f75-445a-8513-9e17d8d29a8e.root 380963 [933,935,934,932,936]
/store/data/Run2024E/BTagMu/RAW/v1/000/380/963/00000/0750598b-830d-4ca2-8cba-050ba8d7440f.root 380963 [206,205]
/store/data/Run2024E/BTagMu/RAW/v1/000/380/963/00000/0751e1a9-c440-4667-b7fb-3a96a9a4817e.root 380963 [806,807,804,805]
/store/data/Run2024E/BTagMu/RAW/v1/000/380/963/00000/077c6e54-5b6f-4da6-8072-027cdc03db1c.root 380963 [889,890,891,888]
/store/data/Run2024E/BTagMu/RAW/v1/000/380/963/00000/07f36fca-959f-4d0a-a86a-ee3f40bee794.root 380963 [325,326]
/store/data/Run2024E/BTagMu/RAW/v1/000/380/963/00000/0981ec15-2221-47b2-878a-a562a4aca6d1.root 380963 [787,788,789]
/store/data/Run2024E/BTagMu/RAW/v1/000/380/963/00000/0a4ceaf1-c13e-4fdb-9fec-a7aadcc93fa9.root 380963 [910,909,911,908]
/store/data/Run2024E/BTagMu/RAW/v1/000/380/963/00000/0a52bcbd-c364-46b5-900f-765fa26655fb.root 380963 [532,533,531]
/store/data/Run2024E/BTagMu/RAW/v1/000/380/963/00000/0a5572bb-4085-462b-bef0-03064d105f17.root 380963 [211,212]
/store/data/Run2024E/BTagMu/RAW/v1/000/380/963/00000/0bb023b3-928d-4bdc-bef3-b030ea6a564c.root 380963 [101,103,102,100]
/store/data/Run2024E/BTagMu/RAW/v1/000/380/963/00000/0c182a43-4fbf-4ee1-a6b3-2a7e9144b4d0.root 380963 [294,295]
/store/data/Run2024E/BTagMu/RAW/v1/000/380/963/00000/0c7ea698-c69d-47e8-9c37-a3f2b502d2a3.root 380963 [139,138]
/store/data/Run2024E/BTagMu/RAW/v1/000/380/963/00000/0cd08568-712a-4064-b77f-5265c5885087.root 380963 [453,451,452]
/store/data/Run2024E/BTagMu/RAW/v1/000/380/963/00000/0ce01c1d-8a91-4ad3-b805-9c93caf6ef66.root 380963 [317,318]
/store/data/Run2024E/BTagMu/RAW/v1/000/380/963/00000/0e4c9b5a-7fc5-47a0-b1d8-fba41ecc1278.root 380963 [456,457]
/store/data/Run2024E/BTagMu/RAW/v1/000/380/963/00000/0e77f481-115e-480c-ab54-3556c2b5eb95.root 380963 [554,553,552]
/store/data/Run2024E/BTagMu/RAW/v1/000/380/963/00000/0f284480-751d-4821-8bc1-97569e799b0b.root 380963 [521,519,520]
/store/data/Run2024E/BTagMu/RAW/v1/000/380/963/00000/0f444bc2-dd9b-4fd8-a09b-376f3b4f4288.root 380963 [380,381,382]
/store/data/Run2024E/BTagMu/RAW/v1/000/380/963/00000/0f86f7c4-9eb0-4a35-a199-c4f07970021f.root 380963 [712,713,711]
/store/data/Run2024E/BTagMu/RAW/v1/000/380/963/00000/105dbfbc-f4bf-4874-87bb-d893f455710e.root 380963 [743,742,741]
/store/data/Run2024E/BTagMu/RAW/v1/000/380/963/00000/1217ea81-88fd-4456-8be8-6bcfad318ef1.root 380963 [800,797,798,799]
/store/data/Run2024E/BTagMu/RAW/v1/000/380/963/00000/12983ac6-001e-4ef3-b2b5-12503c8966e6.root 380963 [443,442]
/store/data/Run2024E/BTagMu/RAW/v1/000/380/963/00000/129c673f-af69-47fe-8b5e-4bc425e9d01c.root 380963 [792,790,791]
/store/data/Run2024E/BTagMu/RAW/v1/000/380/963/00000/13086385-53fa-4ef6-b760-8645e0dddb36.root 380963 [737,735,736]
/store/data/Run2024E/BTagMu/RAW/v1/000/380/963/00000/13d5c30c-dea7-47a9-afaa-d63df8850a35.root 380963 [257,256]
/store/data/Run2024E/BTagMu/RAW/v1/000/380/963/00000/145d7bfc-cb90-4aac-8cd0-d22b1eb27d7d.root 380963 [413,411,412]
/store/data/Run2024E/BTagMu/RAW/v1/000/380/963/00000/15cd37e2-1af0-473c-a7c0-6979cf518cc7.root 380963 [459,458,460]
/store/data/Run2024E/BTagMu/RAW/v1/000/380/963/00000/1625b453-5562-4050-81ae-43aa1ec47afb.root 380963 [676,675,678,677,679]
/store/data/Run2024E/BTagMu/RAW/v1/000/380/963/00000/1635a8d4-98ea-472c-af69-206771a80d18.root 380963 [629,628,627]
/store/data/Run2024E/BTagMu/RAW/v1/000/380/963/00000/16ab5071-3265-4684-bd8f-1778df3cb970.root 380963 [683,684,685]
/store/data/Run2024E/BTagMu/RAW/v1/000/380/963/00000/16cc9ab4-225d-431c-9dc7-60fea2492806.root 380963 [656,655,654]
/store/data/Run2024E/BTagMu/RAW/v1/000/380/963/00000/1751c901-ddb2-4b15-aff6-91c9bde36d2b.root 380963 [953,955,954]
/store/data/Run2024E/BTagMu/RAW/v1/000/380/963/00000/17e3d1e6-58fe-4f28-bf99-a5f59ad54668.root 380963 [603,604,605]
/store/data/Run2024E/BTagMu/RAW/v1/000/380/963/00000/17f65a89-e272-41ad-9d44-cab033388727.root 380963 [926,925,927,924]
/store/data/Run2024E/BTagMu/RAW/v1/000/380/963/00000/185c26b6-dc6e-4cc5-a7b3-13ac792bcc31.root 380963 [236,237]
/store/data/Run2024E/BTagMu/RAW/v1/000/380/963/00000/1a98f5dc-40eb-4405-8e46-8bdeaab981d0.root 380963 [242,243]
/store/data/Run2024E/BTagMu/RAW/v1/000/380/963/00000/1abb8cd8-9998-4ca0-a030-5e80cd1507cf.root 380963 [407,408]
/store/data/Run2024E/BTagMu/RAW/v1/000/380/963/00000/1c1d641a-8fbc-4838-b6f6-8e5e5d843c5c.root 380963 [259,258]
/store/data/Run2024E/BTagMu/RAW/v1/000/380/963/00000/1d74137b-f37a-40af-a261-ca26684dec9c.root 380963 [431,430]
/store/data/Run2024E/BTagMu/RAW/v1/000/380/963/00000/1e88f1d2-de92-4552-8676-9332a5fec6be.root 380963 [181,182]
/store/data/Run2024E/BTagMu/RAW/v1/000/380/963/00000/1f2211a9-4251-47ff-a188-2ef1cd926449.root 380963 [906,905,907,904]
/store/data/Run2024E/BTagMu/RAW/v1/000/380/963/00000/1f358f88-4cbb-48a4-974c-ecf7b22e9227.root 380963 [815,813,812,814]
/store/data/Run2024E/BTagMu/RAW/v1/000/380/963/00000/1f66f6ac-77bc-4d4f-b0ce-e7a52c60da8b.root 380963 [733,734,731,732]
/store/data/Run2024E/BTagMu/RAW/v1/000/380/963/00000/20a065e8-7b4f-42c5-b8bc-f85dd3e1db72.root 380963 [417,416]
/store/data/Run2024E/BTagMu/RAW/v1/000/380/963/00000/221b6751-27c0-4162-bda4-8c871f8b4348.root 380963 [707,709,708,710]
/store/data/Run2024E/BTagMu/RAW/v1/000/380/963/00000/2230620c-daa8-44a0-aef1-0f3558587bed.root 380963 [630,632,631]
/store/data/Run2024E/BTagMu/RAW/v1/000/380/963/00000/2298cb44-e437-44fe-b6a8-7aafaeb804af.root 380963 [356,357]
/store/data/Run2024E/BTagMu/RAW/v1/000/380/963/00000/240f4acf-bcc4-492b-a18c-def0447d1e93.root 380963 [454,455]
/store/data/Run2024E/BTagMu/RAW/v1/000/380/963/00000/243bbcab-ffb9-40c8-a795-6d7565132919.root 380963 [600,601,602]
/store/data/Run2024E/BTagMu/RAW/v1/000/380/963/00000/24a5da01-e378-49d8-988c-daaedea06ceb.root 380963 [691,689,690]
/store/data/Run2024E/BTagMu/RAW/v1/000/380/963/00000/25e60fa9-656b-4ec5-8cae-76f5a2a9973c.root 380963 [861,863,862,860]
/store/data/Run2024E/BTagMu/RAW/v1/000/380/963/00000/26acd9e3-8bfd-46e1-bbd6-5a1f095f8cf6.root 380963 [307,306]
/store/data/Run2024E/BTagMu/RAW/v1/000/380/963/00000/26da3f62-50ba-4d02-98fc-e5d1d52a965c.root 380963 [726,725,724]
/store/data/Run2024E/BTagMu/RAW/v1/000/380/963/00000/276c782a-f63a-451b-8009-7c767bd6c3da.root 380963 [752,753,751]
/store/data/Run2024E/BTagMu/RAW/v1/000/380/963/00000/2826224a-1891-4082-9d16-4eba353c66b4.root 380963 [816,817,818,819]
/store/data/Run2024E/BTagMu/RAW/v1/000/380/963/00000/2c54e907-674b-44bd-b449-1ca574283c70.root 380963 [49,52,50,51,54,53]
/store/data/Run2024E/BTagMu/RAW/v1/000/380/963/00000/2cd17499-47b2-40e9-8d13-923602808c77.root 380963 [777,778,779]
/store/data/Run2024E/BTagMu/RAW/v1/000/380/963/00000/2d24ff35-043d-4c57-9519-d613d7f2c839.root 380963 [143,144,145]
/store/data/Run2024E/BTagMu/RAW/v1/000/380/963/00000/2e531479-37fc-4c22-8612-881976816b55.root 380963 [809,808,811,810]
/store/data/Run2024E/BTagMu/RAW/v1/000/380/963/00000/2f180da5-b5c9-477e-80cf-01ad3f0b4eb7.root 380963 [746,745,747,744]
/store/data/Run2024E/BTagMu/RAW/v1/000/380/963/00000/2f553bde-d096-481e-9e21-133fdb008b5a.root 380963 [842,843,840,841]
/store/data/Run2024E/BTagMu/RAW/v1/000/380/963/00000/2f8030d2-a07c-46b4-b4d6-cadf24b1b393.root 380963 [409,410]
/store/data/Run2024E/BTagMu/RAW/v1/000/380/963/00000/30475c9f-ba93-4416-b40c-31e36cbd0757.root 380963 [740,738,739]
/store/data/Run2024E/BTagMu/RAW/v1/000/380/963/00000/30f36b95-22f1-4f87-a9a3-f825c2d828fa.root 380963 [165,166]
/store/data/Run2024E/BTagMu/RAW/v1/000/380/963/00000/30f7d12b-cded-462b-b7a7-9d1f3dcd9e10.root 380963 [239,238]
/store/data/Run2024E/BTagMu/RAW/v1/000/380/963/00000/3126f2c5-977c-453f-8c48-84560f588ec9.root 380963 [320,319]
/store/data/Run2024E/BTagMu/RAW/v1/000/380/963/00000/31621d89-d9ff-4790-aeb6-0a899c83d760.root 380963 [760,761,759,758]
/store/data/Run2024E/BTagMu/RAW/v1/000/380/963/00000/31b5c38c-25f1-4a1a-855b-01c4c82723f8.root 380963 [349,348]
/store/data/Run2024E/BTagMu/RAW/v1/000/380/963/00000/32aa241a-c27b-4bb4-ba81-886b2794f2e1.root 380963 [449,450]
/store/data/Run2024E/BTagMu/RAW/v1/000/380/963/00000/335d9979-d43d-41c6-83d4-34e10ee66580.root 380963 [140,142,141]
/store/data/Run2024E/BTagMu/RAW/v1/000/380/963/00000/33f5cb9d-5f86-4fca-a552-0291c382b623.root 380963 [512,510,511]
/store/data/Run2024E/BTagMu/RAW/v1/000/380/963/00000/3592848a-e4e4-40f7-82ea-9addb484bdf9.root 380963 [543,544,545]
/store/data/Run2024E/BTagMu/RAW/v1/000/380/963/00000/36c3198e-042e-4ca6-be68-6d790bde58c1.root 380963 [835,834,832,833]
/store/data/Run2024E/BTagMu/RAW/v1/000/380/963/00000/382baf35-7a26-4dd9-a1e9-4c6a3d5ecf03.root 380963 [207,208]
/store/data/Run2024E/BTagMu/RAW/v1/000/380/963/00000/38e393e9-22a0-4fd7-8d10-672e1ed83b98.root 380963 [615,616,617]
/store/data/Run2024E/BTagMu/RAW/v1/000/380/963/00000/3931debd-6b78-49fb-a14a-2caffc87858d.root 380963 [586,587,585]
/store/data/Run2024E/BTagMu/RAW/v1/000/380/963/00000/3a4a85f4-5633-40c6-82ec-46d8d59e1a8b.root 380963 [681,680,682]
/store/data/Run2024E/BTagMu/RAW/v1/000/380/963/00000/3b51a2d2-cef6-48d0-a9d4-b2ca3d17b6dd.root 380963 [255,254]
/store/data/Run2024E/BTagMu/RAW/v1/000/380/963/00000/3bb18e41-443b-402d-bd66-a0c8f09a9ed1.root 380963 [358,359]
/store/data/Run2024E/BTagMu/RAW/v1/000/380/963/00000/3ea591da-ef1d-4c90-8721-af11ceda53d3.root 380963 [513,515,514]
/store/data/Run2024E/BTagMu/RAW/v1/000/380/963/00000/3f326609-8c3c-43c1-89b3-87b596be6599.root 380963 [260,261]
/store/data/Run2024E/BTagMu/RAW/v1/000/380/963/00000/3f90be9f-3a62-4c0c-9f8c-166ece11cc70.root 380963 [598,597,599]
/store/data/Run2024E/BTagMu/RAW/v1/000/380/963/00000/3fcc02e9-dd5d-40a2-ab95-6d31750947dc.root 380963 [324,323]
/store/data/Run2024E/BTagMu/RAW/v1/000/380/963/00000/405a95b8-0d61-45ea-9b8d-48c17656efc9.root 380963 [488,489]
/store/data/Run2024E/BTagMu/RAW/v1/000/380/963/00000/413017d7-24b4-498e-a8ba-d9bfb59132ae.root 380963 [281,280]
/store/data/Run2024E/BTagMu/RAW/v1/000/380/963/00000/4176845c-6156-4522-9f01-13fda81f1585.root 380963 [594,595,596]
/store/data/Run2024E/BTagMu/RAW/v1/000/380/963/00000/426c8b86-a4c2-4391-aa1e-7d5c5d6d9c34.root 380963 [8,7,6]
/store/data/Run2024E/BTagMu/RAW/v1/000/380/963/00000/42bc2e9a-bc8e-4c3b-ac40-b9bee5ef68be.root 380963 [483,484]
/store/data/Run2024E/BTagMu/RAW/v1/000/380/963/00000/43936513-ebbc-49b2-ab91-2cf289b53dc7.root 380963 [224,223]
/store/data/Run2024E/BTagMu/RAW/v1/000/380/963/00000/45161398-cbad-424a-b000-29def38e0392.root 380963 [418,419]
/store/data/Run2024E/BTagMu/RAW/v1/000/380/963/00000/4624668f-856c-4d7b-8612-7fcda6b3966a.root 380963 [518,517,516]
/store/data/Run2024E/BTagMu/RAW/v1/000/380/963/00000/464c79a2-82be-4651-b60a-a73eb0dbfd61.root 380963 [403,402]
/store/data/Run2024E/BTagMu/RAW/v1/000/380/963/00000/465c5235-c742-4f51-8ac8-02cd065a03a9.root 380963 [341,340,342]
/store/data/Run2024E/BTagMu/RAW/v1/000/380/963/00000/477d0ea6-1e62-4a74-960e-0f75fe2013d5.root 380963 [362,363]
/store/data/Run2024E/BTagMu/RAW/v1/000/380/963/00000/47b58e47-1943-4670-ba73-13755e9235c3.root 380963 [874,873,872,875]
/store/data/Run2024E/BTagMu/RAW/v1/000/380/963/00000/48e6e197-a047-42a5-ad1c-9ea901c4d951.root 380963 [622,623,621]
/store/data/Run2024E/BTagMu/RAW/v1/000/380/963/00000/498027dd-1d38-40cb-b745-01c0d79e2ffe.root 380963 [157,158,159]
/store/data/Run2024E/BTagMu/RAW/v1/000/380/963/00000/49e711f2-2767-42c6-84ae-1d7ac02925eb.root 380963 [886,887,885,884]
/store/data/Run2024E/BTagMu/RAW/v1/000/380/963/00000/4a40cf8a-ef6b-4b40-abb5-369b503ceb1a.root 380963 [702,703,701]
/store/data/Run2024E/BTagMu/RAW/v1/000/380/963/00000/4b09896c-c104-43cc-a320-95dde37cb298.root 380963 [108,110,111,109]
/store/data/Run2024E/BTagMu/RAW/v1/000/380/963/00000/4b294668-a728-4f44-ba93-e318fa0f12c9.root 380963 [593,592,591]
/store/data/Run2024E/BTagMu/RAW/v1/000/380/963/00000/4e1a98fc-73cd-456f-af6f-1c61536a1839.root 380963 [561,563,562]
/store/data/Run2024E/BTagMu/RAW/v1/000/380/963/00000/4fd45c66-9b50-4104-a720-12d0347141b1.root 380963 [161,162,160]
/store/data/Run2024E/BTagMu/RAW/v1/000/380/963/00000/4fdf9b9a-ae55-49b6-9e0d-8eb5b03e5c37.root 380963 [824,827,825,826]
/store/data/Run2024E/BTagMu/RAW/v1/000/380/963/00000/514151ab-0dc0-49e9-87ac-265a781cb421.root 380963 [173,174]
/store/data/Run2024E/BTagMu/RAW/v1/000/380/963/00000/51b7ff02-f4f3-48e1-9201-206ea23fca5c.root 380963 [321,322]
/store/data/Run2024E/BTagMu/RAW/v1/000/380/963/00000/52205b07-dd49-44cc-9352-3bccfc0e8d49.root 380963 [567,569,568]
/store/data/Run2024E/BTagMu/RAW/v1/000/380/963/00000/526c4afa-0300-44aa-9de9-a9ed60593f3d.root 380963 [58,56,59,55,57,60]
/store/data/Run2024E/BTagMu/RAW/v1/000/380/963/00000/546fdf11-94f1-4144-8104-86e74d63e012.root 380963 [669,670,671]
/store/data/Run2024E/BTagMu/RAW/v1/000/380/963/00000/547b6624-ffc8-4ce0-b53f-9b380162a9d5.root 380963 [641,640,639]
/store/data/Run2024E/BTagMu/RAW/v1/000/380/963/00000/549e02a3-f23e-4fab-baf9-4722f67ae615.root 380963 [439,438]
/store/data/Run2024E/BTagMu/RAW/v1/000/380/963/00000/560dbafe-fbe7-4918-ae67-f608a387bfc9.root 380963 [441,440]
/store/data/Run2024E/BTagMu/RAW/v1/000/380/963/00000/56b161c0-339b-47c3-ac3f-4a985d0cd0cf.root 380963 [268,269]
/store/data/Run2024E/BTagMu/RAW/v1/000/380/963/00000/57d604bf-69fb-4b0d-9a82-79e92e3df935.root 380963 [16,22,31,35,48,11,19,20,21,27,29,33,34,40,10,14,18,24,43,45,37,41,17,25,28,30,38,42,46,47,15,26,36,44,12,13,23,32,39]
/store/data/Run2024E/BTagMu/RAW/v1/000/380/963/00000/5d084e97-17bc-4d4e-9af8-2e21e8479b48.root 380963 [278,279]
/store/data/Run2024E/BTagMu/RAW/v1/000/380/963/00000/5d41ef36-f5bd-4008-983c-88e7fa10ff71.root 380963 [90,89,88,91]
/store/data/Run2024E/BTagMu/RAW/v1/000/380/963/00000/5fb326b7-a393-4cc1-a531-2915506b05ae.root 380963 [646,645,647]
/store/data/Run2024E/BTagMu/RAW/v1/000/380/963/00000/600584f1-aa0f-4690-830f-b95c5bc8fa54.root 380963 [335,334]
/store/data/Run2024E/BTagMu/RAW/v1/000/380/963/00000/606842c0-3930-4f18-8e11-e302634a64c8.root 380963 [464,465,466]
/store/data/Run2024E/BTagMu/RAW/v1/000/380/963/00000/609cee35-fce7-465a-a0a2-ecd31600aeca.root 380963 [588,590,589]
/store/data/Run2024E/BTagMu/RAW/v1/000/380/963/00000/61808a53-9685-4da0-a7d7-c6b965c4eff8.root 380963 [315,316]
/store/data/Run2024E/BTagMu/RAW/v1/000/380/963/00000/620e2d9f-e427-4108-ab7c-6e0d288c24a0.root 380963 [473,474]
/store/data/Run2024E/BTagMu/RAW/v1/000/380/963/00000/627953fd-dddd-4545-b34f-0577b715eaaf.root 380963 [404,405,406]
/store/data/Run2024E/BTagMu/RAW/v1/000/380/963/00000/63531825-038a-4fff-89be-54156d79ff13.root 380963 [313,314,312]
/store/data/Run2024E/BTagMu/RAW/v1/000/380/963/00000/64e99d19-0f5b-42e1-abda-b390718ee33f.root 380963 [292,293]
/store/data/Run2024E/BTagMu/RAW/v1/000/380/963/00000/676fe1e2-f2d0-4a8d-ab57-8e5054b9fd8a.root 380963 [943,941,944,942]
/store/data/Run2024E/BTagMu/RAW/v1/000/380/963/00000/67ec2d51-26cd-49cf-bb88-07f723050c00.root 380963 [282,283]
/store/data/Run2024E/BTagMu/RAW/v1/000/380/963/00000/69e2470d-1132-41dd-aef0-933f45889430.root 380963 [687,686,688]
/store/data/Run2024E/BTagMu/RAW/v1/000/380/963/00000/6a02e7b8-e836-480e-9db4-3dbbaddfe49e.root 380963 [250,251]
/store/data/Run2024E/BTagMu/RAW/v1/000/380/963/00000/6a676172-7779-4f56-98ad-ceea92900b31.root 380963 [61,66,63,62,65,64]
/store/data/Run2024E/BTagMu/RAW/v1/000/380/963/00000/6adf61f1-edad-4530-bfa0-907ab3decc48.root 380963 [94,95,92,93]
/store/data/Run2024E/BTagMu/RAW/v1/000/380/963/00000/6b867461-8b32-4621-ba50-5e848ec212d7.root 380963 [898,899,897,896]
/store/data/Run2024E/BTagMu/RAW/v1/000/380/963/00000/6bf41125-eec4-4d17-bf22-36984e4c7292.root 380963 [929,930,928,931]
/store/data/Run2024E/BTagMu/RAW/v1/000/380/963/00000/6c4d5ea5-2033-414c-8043-0b27b3897b85.root 380963 [74,73,78,77,76,75]
/store/data/Run2024E/BTagMu/RAW/v1/000/380/963/00000/6cf535ac-555e-4861-aca7-a1a4be4ddcba.root 380963 [2,1]
/store/data/Run2024E/BTagMu/RAW/v1/000/380/963/00000/6d2f4166-af00-44c4-9a0f-8d08b5d3fca0.root 380963 [383,384]
/store/data/Run2024E/BTagMu/RAW/v1/000/380/963/00000/6e56c80e-53f3-40c4-9be9-f0ca3d240629.root 380963 [530,528,529]
/store/data/Run2024E/BTagMu/RAW/v1/000/380/963/00000/7105cbc6-d66b-46a4-b3d3-950705db0fd2.root 380963 [203,204]
/store/data/Run2024E/BTagMu/RAW/v1/000/380/963/00000/720c6105-80b1-4c27-a5cc-3b3624eec2e8.root 380963 [226,225]
/store/data/Run2024E/BTagMu/RAW/v1/000/380/963/00000/724271be-2952-4d8b-b419-e39905ecdb9e.root 380963 [876,877,878,879]
/store/data/Run2024E/BTagMu/RAW/v1/000/380/963/00000/729977ef-efba-41a8-ad8b-12efa6b22a86.root 380963 [366,367]
/store/data/Run2024E/BTagMu/RAW/v1/000/380/963/00000/732fd506-77c3-4bb8-9e74-697ef756ce6f.root 380963 [184,183]
/store/data/Run2024E/BTagMu/RAW/v1/000/380/963/00000/754d57d0-8974-4e48-8398-f79ffb60b9f0.root 380963 [336,337]
/store/data/Run2024E/BTagMu/RAW/v1/000/380/963/00000/77187100-e74f-4bd0-bdd0-f373cbfa554a.root 380963 [209,210]
/store/data/Run2024E/BTagMu/RAW/v1/000/380/963/00000/774b7fa9-181f-4daa-a724-628f33084132.root 380963 [213,214]
/store/data/Run2024E/BTagMu/RAW/v1/000/380/963/00000/77cece25-1531-45ec-9292-80795d722919.root 380963 [546,547,548]
/store/data/Run2024E/BTagMu/RAW/v1/000/380/963/00000/79052f7b-7804-40ad-b52f-58ff5576a441.root 380963 [262,263]
/store/data/Run2024E/BTagMu/RAW/v1/000/380/963/00000/79157d23-f8b0-4f54-9ae8-54a8c655215c.root 380963 [327,328]
/store/data/Run2024E/BTagMu/RAW/v1/000/380/963/00000/7a856d02-8828-4da8-bbab-720588dc49d5.root 380963 [387,386,385]
/store/data/Run2024E/BTagMu/RAW/v1/000/380/963/00000/7a89f830-4d08-423a-84d8-8fbaee6965cb.root 380963 [722,721,723]
/store/data/Run2024E/BTagMu/RAW/v1/000/380/963/00000/7b6c3f7e-ac61-4814-88bc-7533fdd4a3e6.root 380963 [266,267]
/store/data/Run2024E/BTagMu/RAW/v1/000/380/963/00000/7be38a25-acd2-41fc-9580-03b998eadd94.root 380963 [277,276]
/store/data/Run2024E/BTagMu/RAW/v1/000/380/963/00000/7c6399ea-5369-4455-882e-aa235a8b3dc4.root 380963 [505,506,504]
/store/data/Run2024E/BTagMu/RAW/v1/000/380/963/00000/7c83afec-cbe7-4d84-bb90-b8b9674997b0.root 380963 [369,368]
/store/data/Run2024E/BTagMu/RAW/v1/000/380/963/00000/7ceeeb58-fd6f-46e2-b891-19d82eec21e7.root 380963 [308,309]
/store/data/Run2024E/BTagMu/RAW/v1/000/380/963/00000/7d4b0b7a-ac80-44b9-8844-7db929c715d4.root 380963 [576,578,577]
/store/data/Run2024E/BTagMu/RAW/v1/000/380/963/00000/7db75559-b991-4c00-b459-afa259391f4d.root 380963 [180,179]
/store/data/Run2024E/BTagMu/RAW/v1/000/380/963/00000/7e8e2fb2-166c-43ef-a33e-d52330904f41.root 380963 [370,371]
/store/data/Run2024E/BTagMu/RAW/v1/000/380/963/00000/7efe2078-2a94-452e-ab9a-b3a63247de71.root 380963 [379,378]
/store/data/Run2024E/BTagMu/RAW/v1/000/380/963/00000/7fdc8f3b-2eb5-48d1-a380-830306aa74e2.root 380963 [98,96,99,97]
/store/data/Run2024E/BTagMu/RAW/v1/000/380/963/00000/8033e478-fa44-477d-a447-b80f2e3871ee.root 380963 [122,121,120,123]
/store/data/Run2024E/BTagMu/RAW/v1/000/380/963/00000/81990136-782c-497f-85de-32fb84620b81.root 380963 [549,550,551]
/store/data/Run2024E/BTagMu/RAW/v1/000/380/963/00000/826fd803-cbe8-413a-889f-280cdb87987e.root 380963 [146,147]
/store/data/Run2024E/BTagMu/RAW/v1/000/380/963/00000/82aac842-962b-4795-be22-02064a25fd90.root 380963 [849,850,848,851]
/store/data/Run2024E/BTagMu/RAW/v1/000/380/963/00000/84d0f494-b07c-40ee-93a7-7543f8372979.root 380963 [919,918,917,916]
/store/data/Run2024E/BTagMu/RAW/v1/000/380/963/00000/84f885b5-f489-49d8-9a3f-d0acd596d735.root 380963 [253,252]
/store/data/Run2024E/BTagMu/RAW/v1/000/380/963/00000/8522269a-1948-47fb-852e-b28d01ee9364.root 380963 [608,607,606]
/store/data/Run2024E/BTagMu/RAW/v1/000/380/963/00000/853c351b-edd3-46d7-b8c7-063439e1171e.root 380963 [496,498,497]
/store/data/Run2024E/BTagMu/RAW/v1/000/380/963/00000/87a8f9ff-9a97-45d1-bfd3-70af715eacf7.root 380963 [915,912,913,914]
/store/data/Run2024E/BTagMu/RAW/v1/000/380/963/00000/87f06fc7-bcdf-468c-bf87-eba52c1cfe22.root 380963 [486,487,485]
/store/data/Run2024E/BTagMu/RAW/v1/000/380/963/00000/880d976a-4318-47ca-a4ed-51a8c0fb8ba0.root 380963 [215,216]
/store/data/Run2024E/BTagMu/RAW/v1/000/380/963/00000/88cb5397-d188-43e8-8e2e-1e5cc37da216.root 380963 [642,644,643]
/store/data/Run2024E/BTagMu/RAW/v1/000/380/963/00000/88cc2efd-d5eb-42b2-bf1e-12e36daefaa3.root 380963 [297,296]
/store/data/Run2024E/BTagMu/RAW/v1/000/380/963/00000/88e4ac8e-e53d-4b71-abac-c80d07801eb4.root 380963 [339,338]
/store/data/Run2024E/BTagMu/RAW/v1/000/380/963/00000/88f43b08-d8b7-42b9-8ee1-038ae3097695.root 380963 [195,196]
/store/data/Run2024E/BTagMu/RAW/v1/000/380/963/00000/894b98e4-70a0-4c42-bf31-aeb31219b466.root 380963 [534,536,535]
/store/data/Run2024E/BTagMu/RAW/v1/000/380/963/00000/8a13e241-e5ae-481c-9b5e-88988fcc475f.root 380963 [235,234]
/store/data/Run2024E/BTagMu/RAW/v1/000/380/963/00000/8adbb989-559c-4419-9dcc-af74e917b004.root 380963 [668,666,667]
/store/data/Run2024E/BTagMu/RAW/v1/000/380/963/00000/8b987ea6-a4fd-4899-b344-b958517e4f3b.root 380963 [393,392]
/store/data/Run2024E/BTagMu/RAW/v1/000/380/963/00000/8bd81d7b-46f0-41e4-94c2-fcd870c38168.root 380963 [579,581,580]
/store/data/Run2024E/BTagMu/RAW/v1/000/380/963/00000/8db797c1-c235-48f3-85ae-45c6ba9b7535.root 380963 [248,249]
/store/data/Run2024E/BTagMu/RAW/v1/000/380/963/00000/8e720522-1e1c-4e42-9b1f-8d55be70f59d.root 380963 [189,190]
/store/data/Run2024E/BTagMu/RAW/v1/000/380/963/00000/8e76d970-f678-4c03-9d19-f6614c6ac3dc.root 380963 [558,560,559]
/store/data/Run2024E/BTagMu/RAW/v1/000/380/963/00000/8ef1fbc2-254d-4da3-b059-3177d574de8a.root 380963 [718,720,719]
/store/data/Run2024E/BTagMu/RAW/v1/000/380/963/00000/91275122-a7f5-4743-9329-b6fab1d1e70b.root 380963 [794,793,795,796]
/store/data/Run2024E/BTagMu/RAW/v1/000/380/963/00000/915b4f0f-83fd-4f04-88a6-03014d53350e.root 380963 [199,200]
/store/data/Run2024E/BTagMu/RAW/v1/000/380/963/00000/91df94c9-026b-4354-a980-ceb3de1feecd.root 380963 [398,399]
/store/data/Run2024E/BTagMu/RAW/v1/000/380/963/00000/9399491e-4b96-469c-b418-ccbe6323007f.root 380963 [396,397]
/store/data/Run2024E/BTagMu/RAW/v1/000/380/963/00000/93ee76b4-477c-4704-ad15-5988b8f44cf8.root 380963 [716,717,715,714]
/store/data/Run2024E/BTagMu/RAW/v1/000/380/963/00000/959ed6d5-5ccc-4053-84de-e6c0581fa651.root 380963 [148,149]
/store/data/Run2024E/BTagMu/RAW/v1/000/380/963/00000/96164212-4adb-402e-a678-4f6aea9c2ed5.root 380963 [105,106,107,104]
/store/data/Run2024E/BTagMu/RAW/v1/000/380/963/00000/982e2f30-a9d2-412a-aa98-8f6f63c74fc4.root 380963 [175,176]
/store/data/Run2024E/BTagMu/RAW/v1/000/380/963/00000/99c64202-287d-48f3-b100-50e7605e37dc.root 380963 [311,310]
/store/data/Run2024E/BTagMu/RAW/v1/000/380/963/00000/9a7f5755-4732-4312-83a2-b0b8aa48454a.root 380963 [129,131,132,133,130]
/store/data/Run2024E/BTagMu/RAW/v1/000/380/963/00000/9c87cb8e-18eb-4dbc-82da-9ef2722db5e7.root 380963 [68,70,67,69,71,72]
/store/data/Run2024E/BTagMu/RAW/v1/000/380/963/00000/9d0a66c8-7418-4738-9303-75a415b82b24.root 380963 [169,170]
/store/data/Run2024E/BTagMu/RAW/v1/000/380/963/00000/9e039189-b384-4a9b-ab53-5181765b001b.root 380963 [618,619,620]
/store/data/Run2024E/BTagMu/RAW/v1/000/380/963/00000/9e395659-1c25-4c07-981f-ddbc180314a2.root 380963 [499,500]
/store/data/Run2024E/BTagMu/RAW/v1/000/380/963/00000/9ecb1cd0-d2c4-4e5c-b06c-fe65f905bf28.root 380963 [502,501,503]
/store/data/Run2024E/BTagMu/RAW/v1/000/380/963/00000/a0426b01-ae07-4d35-9af9-863a36252928.root 380963 [240,241]
/store/data/Run2024E/BTagMu/RAW/v1/000/380/963/00000/a0782d89-2ba8-4fa0-9267-6df01ccf30bb.root 380963 [350,351]
/store/data/Run2024E/BTagMu/RAW/v1/000/380/963/00000/a1dc7be9-46f1-4f66-bb41-775f91ce93ce.root 380963 [156,155]
/store/data/Run2024E/BTagMu/RAW/v1/000/380/963/00000/a2b111f3-8b78-4d71-8bdf-629e66668f9b.root 380963 [635,633,634]
/store/data/Run2024E/BTagMu/RAW/v1/000/380/963/00000/a3ff3cd6-b268-4d0c-86c9-a1f8de5b26ed.root 380963 [167,168]
/store/data/Run2024E/BTagMu/RAW/v1/000/380/963/00000/a41de3d7-93fd-44e0-af49-6494d4393300.root 380963 [84,87,86,85]
/store/data/Run2024E/BTagMu/RAW/v1/000/380/963/00000/a5d1868d-9074-4f40-8776-9900d471126d.root 380963 [461,462,463]
/store/data/Run2024E/BTagMu/RAW/v1/000/380/963/00000/a6a91ecb-cb64-4ea3-8a9d-c21651d2bc10.root 380963 [112,115,113,114]
/store/data/Run2024E/BTagMu/RAW/v1/000/380/963/00000/a6f1558f-8b1e-4bd0-a635-425ed6556304.root 380963 [571,570,572]
/store/data/Run2024E/BTagMu/RAW/v1/000/380/963/00000/a70ccc28-b137-4e1f-b3ff-c2441fb94405.root 380963 [422,423]
/store/data/Run2024E/BTagMu/RAW/v1/000/380/963/00000/a7631c4d-8ef7-4c94-b9bd-1aec68fd7eae.root 380963 [692,693,694]
/store/data/Run2024E/BTagMu/RAW/v1/000/380/963/00000/a7b90e22-93f3-4502-9b62-87a80b7073c8.root 380963 [432,433]
/store/data/Run2024E/BTagMu/RAW/v1/000/380/963/00000/a8c7cecc-73ab-48b5-994a-48e1cfeb2b62.root 380963 [347,346]
/store/data/Run2024E/BTagMu/RAW/v1/000/380/963/00000/a8d8a33c-e8d3-49a0-bd45-533750229e31.root 380963 [285,286,284]
/store/data/Run2024E/BTagMu/RAW/v1/000/380/963/00000/aa3ff9a9-4fdb-4c65-bf1f-e02c5f207d1e.root 380963 [152,153,154]
/store/data/Run2024E/BTagMu/RAW/v1/000/380/963/00000/aa5dbdbd-34cd-4fa2-b678-860401c7aef4.root 380963 [186,185]
/store/data/Run2024E/BTagMu/RAW/v1/000/380/963/00000/acb68009-a9b7-4304-8720-5f158e1b101d.root 380963 [768,770,769]
/store/data/Run2024E/BTagMu/RAW/v1/000/380/963/00000/acdd1bc7-75e8-459c-aaee-f36c148fa8e2.root 380963 [481,482]
/store/data/Run2024E/BTagMu/RAW/v1/000/380/963/00000/acfbed4a-d900-4f58-ac8d-af067ff6880d.root 380963 [436,437]
/store/data/Run2024E/BTagMu/RAW/v1/000/380/963/00000/ae33f1cf-5552-450a-8b28-79ce7e71d0fa.root 380963 [421,420]
/store/data/Run2024E/BTagMu/RAW/v1/000/380/963/00000/b06a1748-9734-4893-b155-5330a3f2809e.root 380963 [613,612,614]
/store/data/Run2024E/BTagMu/RAW/v1/000/380/963/00000/b2749d48-d383-4a18-8072-76920c98153e.root 380963 [301,300]
/store/data/Run2024E/BTagMu/RAW/v1/000/380/963/00000/b2f2ae59-38f9-4e28-ad6c-a0cf10463b41.root 380963 [288,287]
/store/data/Run2024E/BTagMu/RAW/v1/000/380/963/00000/b472f28a-5694-4a78-86c5-aa6cac280657.root 380963 [188,187]
/store/data/Run2024E/BTagMu/RAW/v1/000/380/963/00000/b4d22da6-081c-4009-8c35-1e5f81cc0326.root 380963 [400,401]
/store/data/Run2024E/BTagMu/RAW/v1/000/380/963/00000/b4f9f5ce-d205-4942-a315-c87068bf8a5c.root 380963 [755,756,754,757]
/store/data/Run2024E/BTagMu/RAW/v1/000/380/963/00000/b6377d1d-8e4c-437f-b5f7-d06613cfecc7.root 380963 [470,469]
/store/data/Run2024E/BTagMu/RAW/v1/000/380/963/00000/b7ee83d8-bd1b-4d4e-908a-b4d57f026023.root 380963 [373,372]
/store/data/Run2024E/BTagMu/RAW/v1/000/380/963/00000/b929b99f-d573-4d0b-afae-674ec24b3ace.root 380963 [355,354]
/store/data/Run2024E/BTagMu/RAW/v1/000/380/963/00000/b92d8ea6-9691-44ba-a7f6-4f0eb8476801.root 380963 [230,229]
/store/data/Run2024E/BTagMu/RAW/v1/000/380/963/00000/b94ad70c-1fa2-4176-a155-de4ef803f415.root 380963 [177,178]
/store/data/Run2024E/BTagMu/RAW/v1/000/380/963/00000/ba091261-81c1-4986-8752-1aaf001282db.root 380963 [780,782,781]
/store/data/Run2024E/BTagMu/RAW/v1/000/380/963/00000/ba17f334-eb70-475c-834d-775f1b6b4b8b.root 380963 [298,299]
/store/data/Run2024E/BTagMu/RAW/v1/000/380/963/00000/bb6d06fb-4e93-4799-9a00-e353880b7537.root 380963 [565,566,564]
/store/data/Run2024E/BTagMu/RAW/v1/000/380/963/00000/bb7d43c0-087b-4451-b72a-e99262c7d01b.root 380963 [445,444]
/store/data/Run2024E/BTagMu/RAW/v1/000/380/963/00000/bbf960d3-e2b3-44cf-ac97-a3dfe9d31b02.root 380963 [374,375]
/store/data/Run2024E/BTagMu/RAW/v1/000/380/963/00000/bd9abef8-dbd5-48fa-a5a5-25354ec6fb8e.root 380963 [231,233,232]
/store/data/Run2024E/BTagMu/RAW/v1/000/380/963/00000/be475e3e-7420-4cd4-860f-48fb0564c33e.root 380963 [584,582,583]
/store/data/Run2024E/BTagMu/RAW/v1/000/380/963/00000/be7f4560-1d22-4e37-a32e-bffcd80462cb.root 380963 [542,541,540]
/store/data/Run2024E/BTagMu/RAW/v1/000/380/963/00000/be8c393b-9ac4-4eeb-81cc-6618d9ef30f7.root 380963 [218,217]
/store/data/Run2024E/BTagMu/RAW/v1/000/380/963/00000/bf6adfde-04c3-4822-9def-44665846cda3.root 380963 [151,150]
/store/data/Run2024E/BTagMu/RAW/v1/000/380/963/00000/c053acf5-e5b0-482d-bd7d-219bc5f6cf6d.root 380963 [365,364]
/store/data/Run2024E/BTagMu/RAW/v1/000/380/963/00000/c1f3e270-6784-450e-a61c-24704d33e46e.root 380963 [948,945,946,947]
/store/data/Run2024E/BTagMu/RAW/v1/000/380/963/00000/c24b8fe4-c1ec-4089-b026-d95e86317862.root 380963 [749,748,750]
/store/data/Run2024E/BTagMu/RAW/v1/000/380/963/00000/c250172c-2eb2-43a1-9e9e-ede73f099587.root 380963 [785,786,783,784]
/store/data/Run2024E/BTagMu/RAW/v1/000/380/963/00000/c341747b-0908-4643-b3ce-45207a17b3bc.root 380963 [476,475,477]
/store/data/Run2024E/BTagMu/RAW/v1/000/380/963/00000/c3b67a0d-ca1f-49fe-aecc-285db76e8755.root 380963 [305,304]
/store/data/Run2024E/BTagMu/RAW/v1/000/380/963/00000/c51a1b94-bb80-4c06-b05c-f8c26fe78b20.root 380963 [172,171]
/store/data/Run2024E/BTagMu/RAW/v1/000/380/963/00000/c5b0dbfd-233d-4c58-a127-563892516ab7.root 380963 [900,902,901,903]
/store/data/Run2024E/BTagMu/RAW/v1/000/380/963/00000/c62ea800-10bb-4ba2-9dfa-92f429880ba5.root 380963 [471,472]
/store/data/Run2024E/BTagMu/RAW/v1/000/380/963/00000/c63fcb37-3391-4e43-a97c-e70579009200.root 380963 [651,652,653]
/store/data/Run2024E/BTagMu/RAW/v1/000/380/963/00000/c66ed4df-8bc6-4fab-b170-d657b53fa043.root 380963 [493,495,494]
/store/data/Run2024E/BTagMu/RAW/v1/000/380/963/00000/c726ae2f-3b66-4fea-bc6b-5c9e2ee81966.root 380963 [228,227]
/store/data/Run2024E/BTagMu/RAW/v1/000/380/963/00000/c72a074f-322f-4a09-b373-453e80204dd5.root 380963 [425,424]
/store/data/Run2024E/BTagMu/RAW/v1/000/380/963/00000/c89dd86f-7a3d-453d-80b5-332154eec699.root 380963 [856,858,857,859]
/store/data/Run2024E/BTagMu/RAW/v1/000/380/963/00000/c8e69b78-b79b-49c2-afb8-12702c71300f.root 380963 [624,626,625]
/store/data/Run2024E/BTagMu/RAW/v1/000/380/963/00000/c9e4d5b7-0a98-4787-98bf-ba338447e5df.root 380963 [246,247]
/store/data/Run2024E/BTagMu/RAW/v1/000/380/963/00000/cab89c2c-6e9f-49db-978a-870ad38a589e.root 380963 [4]
/store/data/Run2024E/BTagMu/RAW/v1/000/380/963/00000/cae1c931-94b5-4822-b0ee-c38b07e83529.root 380963 [376,377]
/store/data/Run2024E/BTagMu/RAW/v1/000/380/963/00000/cd623351-b7d4-42ff-9fa7-bacb70d054f8.root 380963 [414,415]
/store/data/Run2024E/BTagMu/RAW/v1/000/380/963/00000/cfcfcefb-04a5-4b3e-ab1b-e108c780e333.root 380963 [698,699,700]
/store/data/Run2024E/BTagMu/RAW/v1/000/380/963/00000/cfd98c24-1410-4cd7-85a1-4aec01fcc0cb.root 380963 [331,332,333]
/store/data/Run2024E/BTagMu/RAW/v1/000/380/963/00000/d09983be-b05c-47c1-a3ca-b16d0d6a2850.root 380963 [696,695,697]
/store/data/Run2024E/BTagMu/RAW/v1/000/380/963/00000/d0c4b3a0-4532-4d99-8199-87c8b4deb7de.root 380963 [194,193]
/store/data/Run2024E/BTagMu/RAW/v1/000/380/963/00000/d110515f-c0b1-4e67-94eb-81be3f5d3762.root 380963 [672,673,674]
/store/data/Run2024E/BTagMu/RAW/v1/000/380/963/00000/d1664c2e-16ed-48a8-b636-54508ad012a8.root 380963 [303,302]
/store/data/Run2024E/BTagMu/RAW/v1/000/380/963/00000/d28a02d1-901e-443e-9ff3-872dc3daa29c.root 380963 [448,446,447]
/store/data/Run2024E/BTagMu/RAW/v1/000/380/963/00000/d4a3e39c-8d52-487f-a764-d130a541f83f.root 380963 [79,80,81,83,82]
/store/data/Run2024E/BTagMu/RAW/v1/000/380/963/00000/d4ce2b26-03c9-40fc-a4e6-b5aded04348c.root 380963 [329,330]
/store/data/Run2024E/BTagMu/RAW/v1/000/380/963/00000/d685db05-c09d-4c6f-95dd-10f6be9415a8.root 380963 [221,222]
/store/data/Run2024E/BTagMu/RAW/v1/000/380/963/00000/d7a42318-ca55-4ab8-9ee2-5097e84cbfbd.root 380963 [923,921,922,920]
/store/data/Run2024E/BTagMu/RAW/v1/000/380/963/00000/d9bb5b9a-3bc7-4d19-ae99-59d271d4ab88.root 380963 [649,650,648]
/store/data/Run2024E/BTagMu/RAW/v1/000/380/963/00000/d9dfc782-b601-479d-ae44-d8e17ae674df.root 380963 [220,219]
/store/data/Run2024E/BTagMu/RAW/v1/000/380/963/00000/db20a56b-a184-4e0d-923a-f868f7ef84cb.root 380963 [871,868,869,870]
/store/data/Run2024E/BTagMu/RAW/v1/000/380/963/00000/db24b4a8-0214-4680-9485-96eec8329de1.root 380963 [244,245]
/store/data/Run2024E/BTagMu/RAW/v1/000/380/963/00000/dc8259d5-66b6-4a65-a045-47ac25663bac.root 380963 [264,265]
/store/data/Run2024E/BTagMu/RAW/v1/000/380/963/00000/dd0e638b-9eb7-4461-80e8-6ceafbb05232.root 380963 [801,803,802]
/store/data/Run2024E/BTagMu/RAW/v1/000/380/963/00000/dd3c2cb3-9302-4ec7-90ed-83013246e0a6.root 380963 [855,853,854,852]
/store/data/Run2024E/BTagMu/RAW/v1/000/380/963/00000/dd5efef9-9df2-4e4d-bb1e-4904e86392d1.root 380963 [290,291,289]
/store/data/Run2024E/BTagMu/RAW/v1/000/380/963/00000/de94e9f7-695d-4555-b108-e9cc7c23a15b.root 380963 [765,767,766]
/store/data/Run2024E/BTagMu/RAW/v1/000/380/963/00000/ded32b1d-f218-4d11-a919-087e2ea7da7e.root 380963 [507,509,508]
/store/data/Run2024E/BTagMu/RAW/v1/000/380/963/00000/dfff1995-0987-4f67-abd1-737b41d93e66.root 380963 [271,270]
/store/data/Run2024E/BTagMu/RAW/v1/000/380/963/00000/e1b63d7c-8c30-4924-b208-9241a3e8f159.root 380963 [728,727,730,729]
/store/data/Run2024E/BTagMu/RAW/v1/000/380/963/00000/e2c55830-5061-4786-84bc-4449bba1c1f3.root 380963 [388,389]
/store/data/Run2024E/BTagMu/RAW/v1/000/380/963/00000/e3674374-f2e7-4810-afed-6fda9ae3af4d.root 380963 [467,468]
/store/data/Run2024E/BTagMu/RAW/v1/000/380/963/00000/e433d369-252e-4754-b6da-2561038c3ad2.root 380963 [664,663,665]
/store/data/Run2024E/BTagMu/RAW/v1/000/380/963/00000/e4a64c26-0509-4444-9810-ea7e324557eb.root 380963 [522,524,523]
/store/data/Run2024E/BTagMu/RAW/v1/000/380/963/00000/e507e13d-1f08-427d-9247-1eb84a983ea3.root 380963 [526,527,525]
/store/data/Run2024E/BTagMu/RAW/v1/000/380/963/00000/e53ee518-2d7a-4be7-b7f2-33ed45c3f92a.root 380963 [828,829,831,830]
/store/data/Run2024E/BTagMu/RAW/v1/000/380/963/00000/e5967e5e-7592-40ed-ba00-756cb05ae021.root 380963 [575,573,574]
/store/data/Run2024E/BTagMu/RAW/v1/000/380/963/00000/e5ab75a7-e88a-4e83-bc76-570cf9265f9a.root 380963 [272,273]
/store/data/Run2024E/BTagMu/RAW/v1/000/380/963/00000/e5c0ebf8-379d-445d-ba23-690749eb7b7d.root 380963 [391,390]
/store/data/Run2024E/BTagMu/RAW/v1/000/380/963/00000/e6f40ca1-b883-4814-b23f-9e0364d71295.root 380963 [198,197]
/store/data/Run2024E/BTagMu/RAW/v1/000/380/963/00000/e77bee89-3c94-40d4-9eca-d5f986920953.root 380963 [201,202]
/store/data/Run2024E/BTagMu/RAW/v1/000/380/963/00000/e7ad92f5-bd95-402c-ae3a-52734c6308ea.root 380963 [846,845,844,847]
/store/data/Run2024E/BTagMu/RAW/v1/000/380/963/00000/e94f17b6-742b-42e9-81b0-4370f30ef0ff.root 380963 [658,659,657]
/store/data/Run2024E/BTagMu/RAW/v1/000/380/963/00000/ea05640d-468d-4d11-8093-3e4f821232d5.root 380963 [343,344,345]
/store/data/Run2024E/BTagMu/RAW/v1/000/380/963/00000/ea3cc699-50c8-45cf-954b-764527efbfd0.root 380963 [539,538,537]
/store/data/Run2024E/BTagMu/RAW/v1/000/380/963/00000/eba8aefa-2ef8-4096-8b37-565c8011b549.root 380963 [892,893,894,895]
/store/data/Run2024E/BTagMu/RAW/v1/000/380/963/00000/ebbff46c-e8fb-469d-984b-d4bd1d3e4e2a.root 380963 [429,428]
/store/data/Run2024E/BTagMu/RAW/v1/000/380/963/00000/eccd7ef7-e117-4c86-8e98-b6c8c08362b3.root 380963 [353,352]
/store/data/Run2024E/BTagMu/RAW/v1/000/380/963/00000/f075ac71-b2b2-445f-bb49-655f5ce25f5e.root 380963 [274,275]
/store/data/Run2024E/BTagMu/RAW/v1/000/380/963/00000/f096d2c6-c9fe-4a52-9b14-6ca72faf3e0f.root 380963 [360,361]
/store/data/Run2024E/BTagMu/RAW/v1/000/380/963/00000/f26852f2-399b-41da-8fc7-1031bbf3b9bd.root 380963 [134,136,135,137]
/store/data/Run2024E/BTagMu/RAW/v1/000/380/963/00000/f3434390-e684-4a82-97fa-372e8e9ef48a.root 380963 [124,126,125,127,128]
/store/data/Run2024E/BTagMu/RAW/v1/000/380/963/00000/f37ae44d-a359-47f3-bd68-81d93b482fd5.root 380963 [426,427]
/store/data/Run2024E/BTagMu/RAW/v1/000/380/963/00000/f38788c7-3605-446a-911f-86c3991d9202.root 380963 [820,822,821,823]
/store/data/Run2024E/BTagMu/RAW/v1/000/380/963/00000/f3e6ec29-6abe-4be0-b19e-e05eca918aef.root 380963 [636,637,638]
/store/data/Run2024E/BTagMu/RAW/v1/000/380/963/00000/f480d45c-69d0-44ad-9db1-f97dcd884bdc.root 380963 [191,192]
/store/data/Run2024E/BTagMu/RAW/v1/000/380/963/00000/f4b8cd2a-d9ca-4909-8dec-b0fdb32826c8.root 380963 [435,434]
/store/data/Run2024E/BTagMu/RAW/v1/000/380/963/00000/f55c83f8-6698-4c54-93d5-22a0d712d256.root 380963 [611,609,610]
/store/data/Run2024E/BTagMu/RAW/v1/000/380/963/00000/f5d1aadb-2190-4f4b-923b-7e0e0b284061.root 380963 [555,556,557]
/store/data/Run2024E/BTagMu/RAW/v1/000/380/963/00000/f63e605d-1fea-4c5c-92f9-07b32785682d.root 380963 [881,883,882,880]
/store/data/Run2024E/BTagMu/RAW/v1/000/380/963/00000/f7065702-8f85-43e7-b5a7-e38e2969bfdb.root 380963 [662,660,661]
/store/data/Run2024E/BTagMu/RAW/v1/000/380/963/00000/f707628e-52ab-4cf2-abb4-e782c4e9ed70.root 380963 [959]
/store/data/Run2024E/BTagMu/RAW/v1/000/380/963/00000/f7997695-7adc-444c-921f-eff9bde4f5ff.root 380963 [163,164]
/store/data/Run2024E/BTagMu/RAW/v1/000/380/963/00000/f7d9b241-f8f3-456b-9146-205bc450f4de.root 380963 [394,395]
/store/data/Run2024E/BTagMu/RAW/v1/000/380/963/00000/fb892fcc-c8a6-4d9c-9417-859854fdc089.root 380963 [836,839,837,838]
/store/data/Run2024E/BTagMu/RAW/v1/000/380/963/00000/fccf0926-f59f-474b-9124-dbdbcf24721c.root 380963 [118,119,117,116]
/store/data/Run2024E/BTagMu/RAW/v1/000/380/963/00000/fcdd6b76-3eb2-4a6e-a0a7-c453d73e70f5.root 380963 [763,764,762]
/store/data/Run2024E/BTagMu/RAW/v1/000/380/963/00000/fd8ea853-0d45-4d4e-8cda-4dae3a190a0a.root 380963 [771,772,773]
/store/data/Run2024E/BTagMu/RAW/v1/000/380/963/00000/fdd2130f-0b49-4589-8795-19b356abb951.root 380963 [704,706,705]
