/store/data/Run2018D/MuonEG/MINIAOD/UL2018_MiniAODv2-v1/240000/17C5B974-91DD-8F4C-80A2-147582B30E73.root [269,288,332,343,347,352,355,267,268,270,278,279,280,281,282,283,290,335,341,346,333,271,354,273,275,289,338,342,345,348,274,291,292,337,336,340,353,272,276,277,334,339,344,356]
/store/data/Run2018D/MuonEG/MINIAOD/UL2018_MiniAODv2-v1/240000/6A03B060-65FD-2049-A5D0-59FAC606918F.root [492,502,503,499,512,515,497,498,507,509,496,504,510,493,500,508,514,516,494,495,505,506,513,501]
/store/data/Run2018D/MuonEG/MINIAOD/UL2018_MiniAODv2-v1/240000/9A0944A7-C289-194C-9255-CD40FC85CB9F.root [519,522,517,518,521,511,520]
/store/data/Run2018D/MuonEG/MINIAOD/UL2018_MiniAODv2-v1/240000/A0093B7C-5E05-FD40-BBC5-7518503D330A.root [147,150,152,153,154,155,156,158,149,165,159,157,151,160,163,164,148,161,162]
/store/data/Run2018D/MuonEG/MINIAOD/UL2018_MiniAODv2-v1/240000/AEFCE51A-B6AA-5F4F-9540-A95B775703F8.root [33,36,48,90,93,99,171,175,177,178,199,23,25,29,45,51,92,97,101,179,184,192,198,21,22,28,31,44,105,106,182,200,27,37,40,42,43,104,166,169,176,32,38,46,49,50,108,174,193,195,196,197,201,18,24,34,47,53,91,95,100,103,107,172,173,180,20,26,35,168,183,194,19,30,39,41,52,94,96,98,102,167,170,181,185]
/store/data/Run2018D/MuonEG/MINIAOD/UL2018_MiniAODv2-v1/240000/E4F614E6-F7A9-2941-B745-7AC88B4B02AD.root [349,373,388,422,425,426,430,434,436,438,473,478,479,350,357,358,363,367,380,387,428,431,481,484,490,376,378,379,391,393,395,427,435,439,470,488,351,384,389,390,396,421,440,486,365,381,385,429,432,474,475,489,360,361,362,368,370,371,375,377,394,424,433,448,449,482,487,491,369,372,383,397,423,468,471,472,476,477,480,485,359,364,366,374,382,386,392,437,450,469,483]
/store/data/Run2018D/MuonEG/MINIAOD/UL2018_MiniAODv2-v1/240000/EF0C325B-4F10-F44F-B4B3-249E7F9147CF.root [409,410,414,415,219,407,413,416,417,213,216,217,399,404,412,220,398,400,405,408,411,418,420,214,403,406,419,218,401,215,221,402]
/store/data/Run2018D/MuonEG/MINIAOD/UL2018_MiniAODv2-v1/240000/F76533A7-16D2-0941-AAA7-37A9BDA4F9A5.root [231,243,244,250,304,309,329,187,202,235,239,249,256,263,297,316,317,318,324,331,189,232,240,241,253,261,285,287,307,320,190,191,204,234,245,246,251,298,312,314,319,327,229,257,258,266,293,300,303,305,308,188,203,230,233,242,252,254,255,260,264,286,295,301,313,315,322,326,186,205,223,228,247,259,262,265,294,296,302,306,311,321,328,330,222,236,237,238,248,284,299,310,323,325]
/store/data/Run2018D/MuonEG/MINIAOD/UL2018_MiniAODv2-v1/240001/F84455F5-4D02-9D44-8233-EEF6253DC05A.root [2,9,12,64,66,69,82,87,138,144,225,4,7,59,60,62,68,77,83,84,85,86,210,5,16,17,55,57,63,75,79,89,133,141,10,14,15,56,76,80,81,126,132,206,208,224,226,3,6,13,135,140,1,11,54,65,72,74,78,88,131,137,145,207,227,8,58,67,71,73,127,136,209,211,212,61,70,130,134,139,142,143,146]
/store/data/Run2018D/MuonEG/MINIAOD/UL2018_MiniAODv2-v1/30000/2527BACE-93B5-E148-AAD0-BF2A47FA6B04.root [112,442,452,115,116,119,122,124,113,121,128,443,444,445,455,459,461,463,114,123,453,457,460,462,110,454,109,125,129,446,451,458,467,111,441,447,456,117,118,120,464,465,466]
