/store/data/Run2024B/BTagMu/RAW/v1/000/379/238/00000/04dc65e9-aee9-4b54-981c-ae484b294298.root [209,203,204,207,208,210,211,201,202,205,206]
/store/data/Run2024B/BTagMu/RAW/v1/000/379/238/00000/156cc05a-d40e-4cbc-bc38-7d07f1991141.root [253,256,251,252,257,254,258,255,259,245,250,249,246,247,248]
/store/data/Run2024B/BTagMu/RAW/v1/000/379/238/00000/1a25217e-4f01-4ea9-9e34-45cec127453c.root [11,17,27,37,40,56,57,59,26,31,35,42,44,4,5,9,10,12,16,19,20,28,30,45,49,51,64,66,68,15,21,23,25,53,55,70,71,73,6,13,14,29,39,41,60,62,3,7,18,43,52,58,67,72,1,22,24,32,33,47,50,54,65,2,8,34,36,38,46,48,61,63,69,74]
/store/data/Run2024B/BTagMu/RAW/v1/000/379/238/00000/1fb5ff67-fb01-4006-859c-db4ec5cc8223.root [193,197,190,196,191,199,200,189,192,194,195,198]
/store/data/Run2024B/BTagMu/RAW/v1/000/379/238/00000/6099ab37-28fd-40ce-a466-e14c411795fc.root [101,100,104,108,110,113,114,115,105,109,116,99,102,106,112,103,107,111]
/store/data/Run2024B/BTagMu/RAW/v1/000/379/238/00000/6cd1c3c5-60f7-41ae-93d0-8325f5b448b3.root [180,184,172,177,185,173,174,176,182,181,171,175,183,186,187,178,179,188]
/store/data/Run2024B/BTagMu/RAW/v1/000/379/238/00000/7dbf8e66-d1be-40db-b1c9-208ddae0d1a4.root [134,146,147,148,139,145,135,136,140,143,144,149,151,137,141,138,142,150,152]
/store/data/Run2024B/BTagMu/RAW/v1/000/379/238/00000/86a4a261-13f6-4f59-ade4-6e00a58fcad6.root [267,266,269,271,272,275,264,260,262,270,273,261,265,268,263,274]
/store/data/Run2024B/BTagMu/RAW/v1/000/379/238/00000/ab7e0323-f0cd-4501-9d44-9e4bc8363dbd.root [124,125,117,120,122,123,131,132,126,127,130,119,133,118,128,121,129]
/store/data/Run2024B/BTagMu/RAW/v1/000/379/238/00000/c932ff8b-685d-4201-bb4d-806364e612b2.root [288,289,293,292,290,294,291]
/store/data/Run2024B/BTagMu/RAW/v1/000/379/238/00000/d84fc4f4-3ba9-4cca-9c68-f1a54f8c752a.root [238,241,235,239,244,228,229,230,242,243,236,233,231,237,240,232,234]
/store/data/Run2024B/BTagMu/RAW/v1/000/379/238/00000/d956b496-bcbf-4fa5-aa9b-1b3da5bb83fb.root [281,283,277,279,282,276,285,284,287,278,280,286]
/store/data/Run2024B/BTagMu/RAW/v1/000/379/238/00000/f09cad9c-44f8-4d86-88c9-2db05bf9dc45.root [213,214,221,212,219,220,222,215,226,227,224,225,216,217,218,223]
/store/data/Run2024B/BTagMu/RAW/v1/000/379/238/00000/f5e46bb5-f3ea-4c9a-b25b-d9aae10cd06a.root [83,88,89,93,97,80,95,77,79,81,82,96,98,78,84,91,75,76,85,86,90,94,87,92]
/store/data/Run2024B/BTagMu/RAW/v1/000/379/238/00000/fb23cc70-9c55-41f8-a017-db6a5d0e6b94.root [154,162,163,167,170,168,157,166,156,158,161,165,159,169,153,155,160,164]
