/store/data/Run2022B/JetHT/RAW/v1/000/355/769/00000/134ddd91-3e29-4777-a573-b3fd4a2ec30e.root [78,79,75,76,80,72,74,77,73,81]
/store/data/Run2022B/JetHT/RAW/v1/000/355/769/00000/1419b393-4574-4a6c-a915-7aa4ae713519.root [8,13,7,10,12,9,11]
/store/data/Run2022B/JetHT/RAW/v1/000/355/769/00000/14d31756-8562-4cd7-83f0-06e46fb8d825.root [468,470,469,473,471,472]
/store/data/Run2022B/JetHT/RAW/v1/000/355/769/00000/17b5a23d-897a-4155-b91a-9097b8941658.root [222,224,226,227,225,223]
/store/data/Run2022B/JetHT/RAW/v1/000/355/769/00000/19c81da0-f554-4d62-a1e4-9c3cec826efd.root [418,420,417,419,421,422]
/store/data/Run2022B/JetHT/RAW/v1/000/355/769/00000/1a26eb17-a2de-4e7a-a848-8501540ac097.root [288,289,287,285,290,286]
/store/data/Run2022B/JetHT/RAW/v1/000/355/769/00000/1c62f9b4-5ce0-4a0d-a29f-35f0f3813dbe.root [299,301,300,302,297,298]
/store/data/Run2022B/JetHT/RAW/v1/000/355/769/00000/260ff83f-53ec-4fd2-b03d-6875ab4e41b2.root [517,518,522,520,521,519]
/store/data/Run2022B/JetHT/RAW/v1/000/355/769/00000/2a8d9e54-9e42-4ebf-9e51-c7f05e27a59f.root [280,284,281,282,279,283]
/store/data/Run2022B/JetHT/RAW/v1/000/355/769/00000/32aee02c-8835-461a-803d-7fc638d61ecb.root [142,144,139,140,143,141]
/store/data/Run2022B/JetHT/RAW/v1/000/355/769/00000/335b5923-f034-46f8-a1ec-b30f5c726893.root [162,157,158,159,160,161]
/store/data/Run2022B/JetHT/RAW/v1/000/355/769/00000/361c0925-e56e-4c43-8945-6b5f3e71b9ad.root [103,102,104,105,101,100]
/store/data/Run2022B/JetHT/RAW/v1/000/355/769/00000/3f98b150-9b21-4519-9a2a-6235ed94e151.root [474,475,478,476,477,479]
/store/data/Run2022B/JetHT/RAW/v1/000/355/769/00000/40f0395e-e4f3-4853-a6a2-0f11d3b5bb2b.root [538,535,536,537,539]
/store/data/Run2022B/JetHT/RAW/v1/000/355/769/00000/4796a081-2349-427d-aa08-cb94776b7f33.root [136,133,137,138,134,135]
/store/data/Run2022B/JetHT/RAW/v1/000/355/769/00000/48029470-0263-4189-99b7-e7f42ecda171.root [360,353,359,352,355,358,361,354,356,357]
/store/data/Run2022B/JetHT/RAW/v1/000/355/769/00000/48323e86-ee6d-428e-900b-9da97bdb733d.root [20,23,25,22,24,21]
/store/data/Run2022B/JetHT/RAW/v1/000/355/769/00000/49c87072-19e1-438d-86cf-f586cb6b45ed.root [250,252,253,254,256,248,258,247,255,259,246,249,261,251,260,257,262]
/store/data/Run2022B/JetHT/RAW/v1/000/355/769/00000/57a6becc-fad2-428f-804a-3b4c92d410e3.root [409,410,405,406,407,408]
/store/data/Run2022B/JetHT/RAW/v1/000/355/769/00000/5921168e-669b-4e47-a403-6607038b34ca.root [145,146,148,149,150,147]
/store/data/Run2022B/JetHT/RAW/v1/000/355/769/00000/59d3d3f3-6b13-46a2-99c0-18bfec00d3f6.root [15,17,18,16,14,19]
/store/data/Run2022B/JetHT/RAW/v1/000/355/769/00000/5ac78594-5eca-44a7-bb01-cab04f57e2a2.root [191,190,192,194,196,193,195]
/store/data/Run2022B/JetHT/RAW/v1/000/355/769/00000/5bfe0921-88ed-49fa-9d91-8e906ecff0ed.root [274,275,276,273,278,277]
/store/data/Run2022B/JetHT/RAW/v1/000/355/769/00000/5d2194e1-724d-4494-8569-30a579d7906f.root [392,394,395,396,393,397]
/store/data/Run2022B/JetHT/RAW/v1/000/355/769/00000/5e3b7444-687e-4970-8d9a-10a0addf7384.root [437,435,436,443,441,440,438,439,442]
/store/data/Run2022B/JetHT/RAW/v1/000/355/769/00000/5e4c81a7-a645-406f-9970-7358546349c5.root [231,229,233,230,228,232]
/store/data/Run2022B/JetHT/RAW/v1/000/355/769/00000/5efc4fcb-091f-44ee-aae6-40d828c65395.root [132,131,130,128,127,129]
/store/data/Run2022B/JetHT/RAW/v1/000/355/769/00000/616bfae9-cfa7-486f-90fd-1d040c199384.root [239,235,237,234,236,238]
/store/data/Run2022B/JetHT/RAW/v1/000/355/769/00000/6394035d-0e7a-42a5-8404-6a3cfbcb8264.root [481,483,484,485,480,482]
/store/data/Run2022B/JetHT/RAW/v1/000/355/769/00000/64814c78-f9f2-4171-a590-95949a5c6515.root [528,527,523,525,524,526]
/store/data/Run2022B/JetHT/RAW/v1/000/355/769/00000/67e4a84e-a4ac-469b-a24a-4420d08af088.root [111,106,107,110,108,112,109]
/store/data/Run2022B/JetHT/RAW/v1/000/355/769/00000/6b9670a2-c595-4137-9676-a8cfd1f94b3a.root [153,154,155,152,156,151]
/store/data/Run2022B/JetHT/RAW/v1/000/355/769/00000/7f93676a-3d2b-424c-8639-75f540b8f979.root [402,404,403,399,398,400,401]
/store/data/Run2022B/JetHT/RAW/v1/000/355/769/00000/80c834d9-e3e0-486a-a470-21416d3749fe.root [50,53,48,51,52,47,49]
/store/data/Run2022B/JetHT/RAW/v1/000/355/769/00000/8558b2c4-69cc-4410-970a-37af7a0013bd.root [369,372,368,370,371,373]
/store/data/Run2022B/JetHT/RAW/v1/000/355/769/00000/8b5bc01c-322b-464a-8b4b-7fe178cbfc32.root [88,96,98,91,87,82,84,85,86,92,95,99,83,89,90,93,94,97]
/store/data/Run2022B/JetHT/RAW/v1/000/355/769/00000/9869d8e9-f622-4601-8fab-e0f9598e82f9.root [423,427,424,425,428,426]
/store/data/Run2022B/JetHT/RAW/v1/000/355/769/00000/99198471-2394-4a8c-9ceb-110160c57b74.root [293,294,291,296,292,295]
/store/data/Run2022B/JetHT/RAW/v1/000/355/769/00000/9a204dae-696a-499c-97a4-9a4a496dc4f7.root [486,491,488,489,487,490]
/store/data/Run2022B/JetHT/RAW/v1/000/355/769/00000/9b01551e-5e02-407f-bb0d-17ec8e70d187.root [325,327,326,323,324,328]
/store/data/Run2022B/JetHT/RAW/v1/000/355/769/00000/9cb5af17-6b72-40a5-83a6-38a8d2c32a11.root [315,311,312,316,310,314,313]
/store/data/Run2022B/JetHT/RAW/v1/000/355/769/00000/9f86eefa-9ed6-4901-9dd7-2d60c9d5b334.root [26,32,31,27,29,30,28]
/store/data/Run2022B/JetHT/RAW/v1/000/355/769/00000/ad9c06ea-42eb-4a91-80b6-da68a3f63d86.root [197,202,199,200,201,198]
/store/data/Run2022B/JetHT/RAW/v1/000/355/769/00000/b14fda0d-d036-4428-a6f9-74b3c575d629.root [166,172,176,167,171,173,175,163,179,164,168,178,169,170,174,177,165]
/store/data/Run2022B/JetHT/RAW/v1/000/355/769/00000/b3019a00-7529-477a-9689-749f9e2a00c3.root [40,42,46,43,44,41,45]
/store/data/Run2022B/JetHT/RAW/v1/000/355/769/00000/b590b2a1-cfe4-445a-8f5f-1890cb03b54f.root [319,322,321,317,318,320]
/store/data/Run2022B/JetHT/RAW/v1/000/355/769/00000/b5c57d3d-5231-4c38-a066-a7aab8556f5f.root [515,511,514,512,516,513]
/store/data/Run2022B/JetHT/RAW/v1/000/355/769/00000/b65a6670-e9ea-49b7-a906-635b75e66871.root [330,331,333,332,334,329]
/store/data/Run2022B/JetHT/RAW/v1/000/355/769/00000/b7a5c56e-2895-471e-8042-c9924502de32.root [212,213,209,210,215,211,214]
/store/data/Run2022B/JetHT/RAW/v1/000/355/769/00000/b8ec7a2a-9a04-48b8-b1a4-db724e3dfc1e.root [386,387,388,389,390,391]
/store/data/Run2022B/JetHT/RAW/v1/000/355/769/00000/b9c231ee-eefd-4896-b2a2-5defd10891d7.root [507,506,505,509,508,510]
/store/data/Run2022B/JetHT/RAW/v1/000/355/769/00000/bb9af2b1-e4b5-424a-b3c7-fd94844d7fa2.root [384,385,380,381,382,383]
/store/data/Run2022B/JetHT/RAW/v1/000/355/769/00000/bf700537-a2e9-4add-bdb5-e26fe359f53d.root [449,452,446,458,460,447,454,445,448,453,455,457,451,456,459,444,450]
/store/data/Run2022B/JetHT/RAW/v1/000/355/769/00000/c1e86c4c-a306-4d37-a323-484f7b8ebe20.root [540,557,548,546,543,545,556,544,549,550,542,553,555,541,547,551,552,554]
/store/data/Run2022B/JetHT/RAW/v1/000/355/769/00000/c25f90b0-8fc3-4462-b6c7-7c13ef16f75f.root [344,346,342,348,341,343,345,338,349,350,351,336,347,337,335,339,340]
/store/data/Run2022B/JetHT/RAW/v1/000/355/769/00000/c52b74d9-5c06-47d7-a05d-3745daa9f71c.root [61,63,62,64,65,60]
/store/data/Run2022B/JetHT/RAW/v1/000/355/769/00000/c60bac7f-ad0b-4d3e-9665-e35e2822528c.root [375,376,378,374,379,377]
/store/data/Run2022B/JetHT/RAW/v1/000/355/769/00000/c6134f41-0d2c-484e-908e-223ec53199a8.root [500,504,499,501,502,503]
/store/data/Run2022B/JetHT/RAW/v1/000/355/769/00000/cb1a812a-b704-466e-88dc-9e7a1a709040.root [494,497,493,495,498,492,496]
/store/data/Run2022B/JetHT/RAW/v1/000/355/769/00000/cb6c62b3-104b-42e2-93ec-6793c898edb4.root [416,411,413,414,415,412]
/store/data/Run2022B/JetHT/RAW/v1/000/355/769/00000/d02e66ef-b7ca-443a-88de-dc06d9590b08.root [121,126,122,125,123,124,120]
/store/data/Run2022B/JetHT/RAW/v1/000/355/769/00000/d0403a0b-0bad-4614-ab48-2f45a62c3001.root [220,221,216,217,218,219]
/store/data/Run2022B/JetHT/RAW/v1/000/355/769/00000/d1123af8-5f95-43b5-82b9-7bd796ede3d7.root [530,529,532,534,531,533]
/store/data/Run2022B/JetHT/RAW/v1/000/355/769/00000/d3cac4dc-480a-400c-a12a-f7d769c33626.root [182,180,183,188,187,184,189,181,186,185]
/store/data/Run2022B/JetHT/RAW/v1/000/355/769/00000/d6d00d71-2f2b-428a-b01b-b0108117ac8b.root [55,54,56,57,59,58]
/store/data/Run2022B/JetHT/RAW/v1/000/355/769/00000/d73145a5-9e66-4048-b42f-78302c6d6d16.root [240,241,243,242,244,245]
/store/data/Run2022B/JetHT/RAW/v1/000/355/769/00000/d8d762b4-6c47-4fda-824a-aaea509ff886.root [35,33,36,34,38,37,39]
/store/data/Run2022B/JetHT/RAW/v1/000/355/769/00000/dd93d97d-f5a9-453d-bc5c-6a676fc4304e.root [264,272,271,270,265,267,263,266,268,269]
/store/data/Run2022B/JetHT/RAW/v1/000/355/769/00000/ddd42073-23f7-4f61-837d-c1f2b10fd461.root [66,68,69,67,70,71]
/store/data/Run2022B/JetHT/RAW/v1/000/355/769/00000/ddebc0db-0a71-4157-93a8-2f71c193b6bc.root [204,205,208,203,207,206]
/store/data/Run2022B/JetHT/RAW/v1/000/355/769/00000/e1882478-b112-427a-8bb5-42a37bf0cd61.root [306,308,304,307,309,305,303]
/store/data/Run2022B/JetHT/RAW/v1/000/355/769/00000/e1a2908a-9116-42e3-bae2-ddd5d5aaed6c.root [4,5,1,3,6,2]
/store/data/Run2022B/JetHT/RAW/v1/000/355/769/00000/e5cce4bd-3a52-416f-9891-6fce6c66ea60.root [465,461,463,466,462,464,467]
/store/data/Run2022B/JetHT/RAW/v1/000/355/769/00000/ef389fa5-3728-44b3-a570-eefd58caeba2.root [118,114,115,119,113,116,117]
/store/data/Run2022B/JetHT/RAW/v1/000/355/769/00000/f1cafeeb-5844-4c62-8d92-871238d6351a.root [429,432,434,433,431,430]
/store/data/Run2022B/JetHT/RAW/v1/000/355/769/00000/f9f35c4f-56dd-4f3e-b019-38f6ef32c671.root [364,367,363,365,362,366]
