/store/data/Run2015C/SingleElectron/RAW/v1/000/254/790/00000/00F09353-4E48-E511-9E0A-02163E014775.root [547,546,550,548,557,549,553,551,552,556,554,555]
/store/data/Run2015C/SingleElectron/RAW/v1/000/254/790/00000/0200DCB2-3048-E511-9311-02163E011FF9.root [175,184,179,181,180,177,186,176,178,182,185,183]
/store/data/Run2015C/SingleElectron/RAW/v1/000/254/790/00000/04B0263E-4E48-E511-BAFD-02163E014567.root [418,422,423,428,429,421,424,419,425,427,420,426]
/store/data/Run2015C/SingleElectron/RAW/v1/000/254/790/00000/066F2556-4E48-E511-9D2C-02163E0142EE.root [575,585,570,572,573,578,582,584,579,580,583,581,576,577,571,574]
/store/data/Run2015C/SingleElectron/RAW/v1/000/254/790/00000/0680D9AD-2248-E511-81EF-02163E011A00.root [134,130,132,133,131,136,137,138,135]
/store/data/Run2015C/SingleElectron/RAW/v1/000/254/790/00000/06C2B752-4E48-E511-9445-02163E014219.root [299,303,305,300,302,301,298,304]
/store/data/Run2015C/SingleElectron/RAW/v1/000/254/790/00000/06CEAC56-4E48-E511-96DA-02163E0137D0.root [620,627,616,619,625,621,622,623,626,624,617,618]
/store/data/Run2015C/SingleElectron/RAW/v1/000/254/790/00000/06FCB952-4E48-E511-AA89-02163E014219.root [230,235,232,234,227,228,229,233,226,231]
/store/data/Run2015C/SingleElectron/RAW/v1/000/254/790/00000/08ACC053-4E48-E511-85F9-02163E014155.root [319,328,326,323,325,329,318,324,320,322,321,327]
/store/data/Run2015C/SingleElectron/RAW/v1/000/254/790/00000/0A3F101F-4E48-E511-8616-02163E014103.root [443,445,440,441,444,439,438,442]
/store/data/Run2015C/SingleElectron/RAW/v1/000/254/790/00000/0A71703C-4E48-E511-AEDC-02163E01440C.root [397,393,390,394,395,396,392,391]
/store/data/Run2015C/SingleElectron/RAW/v1/000/254/790/00000/0CD63362-4E48-E511-99E6-02163E01452B.root [684,685,687,680,681,682,686,677,676,678,679,683]
/store/data/Run2015C/SingleElectron/RAW/v1/000/254/790/00000/0E276CBD-3048-E511-8EA6-02163E01366D.root [209,210,211,213,206,207,208,212]
/store/data/Run2015C/SingleElectron/RAW/v1/000/254/790/00000/1058B76C-4E48-E511-A32B-02163E011CE0.root [242,238,239,243,236,240,241,237,244]
/store/data/Run2015C/SingleElectron/RAW/v1/000/254/790/00000/14650897-4E48-E511-98BA-02163E01440C.root [291,294,296,292,297,290,293,295]
/store/data/Run2015C/SingleElectron/RAW/v1/000/254/790/00000/1627BB2F-4E48-E511-800A-02163E01447C.root [374,381,377,378,379,380,376,375]
/store/data/Run2015C/SingleElectron/RAW/v1/000/254/790/00000/1861A455-4E48-E511-AAC2-02163E014243.root [629,632,636,637,628,631,634,633,635,639,630,638]
/store/data/Run2015C/SingleElectron/RAW/v1/000/254/790/00000/1AAD6A3C-2148-E511-8F6A-02163E014711.root [112,120,118,113,115,116,117,114,119]
/store/data/Run2015C/SingleElectron/RAW/v1/000/254/790/00000/20AE1C7E-4E48-E511-BD78-02163E011E54.root [461,462,465,464,468,463,467,460,459,469,458,466]
/store/data/Run2015C/SingleElectron/RAW/v1/000/254/790/00000/2496AF59-4E48-E511-B93F-02163E0145CB.root [566,568,562,567,559,569,558,560,561,565,563,564]
/store/data/Run2015C/SingleElectron/RAW/v1/000/254/790/00000/265E851E-4E48-E511-A519-02163E014366.root [356,358,361,359,357,355,360,354]
/store/data/Run2015C/SingleElectron/RAW/v1/000/254/790/00000/287C92B0-2048-E511-A212-02163E011862.root [107,110,108,105,106,104,103,109,111]
/store/data/Run2015C/SingleElectron/RAW/v1/000/254/790/00000/2A825E2C-4E48-E511-A116-02163E0135A8.root [414,416,412,415,411,413,417,410]
/store/data/Run2015C/SingleElectron/RAW/v1/000/254/790/00000/301D9D60-4E48-E511-929C-02163E011954.root [733,736,729,732,739,731,735,737,740,730,734,738]
/store/data/Run2015C/SingleElectron/RAW/v1/000/254/790/00000/3621EB6C-4E48-E511-8F07-02163E011CE0.root [667,673,669,665,671,674,670,675,668,664,672,666]
/store/data/Run2015C/SingleElectron/RAW/v1/000/254/790/00000/36D7466A-4E48-E511-AD9F-02163E0133CE.root [279,277,281,280,274,275,276,278]
/store/data/Run2015C/SingleElectron/RAW/v1/000/254/790/00000/38CA296A-4E48-E511-99CB-02163E01447C.root [484,489,485,486,482,483,487,488]
/store/data/Run2015C/SingleElectron/RAW/v1/000/254/790/00000/3CB4C6C0-3048-E511-93B1-02163E01447C.root [200,198,202,203,196,205,204,197,199,201]
/store/data/Run2015C/SingleElectron/RAW/v1/000/254/790/00000/3E163A62-4E48-E511-87B9-02163E01452B.root [338,339,341,340,344,343,345,342]
/store/data/Run2015C/SingleElectron/RAW/v1/000/254/790/00000/44B1CAD5-3048-E511-999B-02163E01432C.root [225,220,224,214,215,223,217,222,218,219,221,216]
/store/data/Run2015C/SingleElectron/RAW/v1/000/254/790/00000/4698F756-4E48-E511-A1DB-02163E0141AB.root [528,529,533,527,530,526,532,531]
/store/data/Run2015C/SingleElectron/RAW/v1/000/254/790/00000/4A41987C-4E48-E511-A864-02163E011E54.root [741,743,746,748,749,750,744,751,747,745,742,752]
/store/data/Run2015C/SingleElectron/RAW/v1/000/254/790/00000/4A5AB456-4E48-E511-B4A5-02163E0137D0.root [265,269,268,273,271,263,266,267,270,272,264]
/store/data/Run2015C/SingleElectron/RAW/v1/000/254/790/00000/54BD266D-4E48-E511-B66B-02163E013745.root [282,286,284,283,288,289,285,287]
/store/data/Run2015C/SingleElectron/RAW/v1/000/254/790/00000/56110B5B-4E48-E511-A788-02163E014567.root [588,593,594,592,590,601,597,603,587,589,596,599,586,595,602,591,598,600]
/store/data/Run2015C/SingleElectron/RAW/v1/000/254/790/00000/5AA2EEAF-3048-E511-B974-02163E014103.root [152,149,151,150,154,156,148,153,155]
/store/data/Run2015C/SingleElectron/RAW/v1/000/254/790/00000/5C86EEB0-3048-E511-9FBA-02163E0128E0.root [190,194,188,189,191,195,192,193,187]
/store/data/Run2015C/SingleElectron/RAW/v1/000/254/790/00000/6037CC5A-4E48-E511-BF47-02163E011E54.root [407,408,406,400,401,404,402,403,405,409,398,399]
/store/data/Run2015C/SingleElectron/RAW/v1/000/254/790/00000/603DB84A-4E48-E511-9F1B-02163E011CE0.root [454,447,453,455,456,448,450,451,452,457,446,449]
/store/data/Run2015C/SingleElectron/RAW/v1/000/254/790/00000/64D23C6E-4E48-E511-8F15-02163E0141FC.root [310,307,311,312,306,308,317,309,313,314,315,316]
/store/data/Run2015C/SingleElectron/RAW/v1/000/254/790/00000/863A5A5D-4E48-E511-A335-02163E014567.root [248,249,251,245,250,247,252,253,246]
/store/data/Run2015C/SingleElectron/RAW/v1/000/254/790/00000/903EA568-4E48-E511-A979-02163E0141C7.root [539,545,537,538,544,535,540,541,543,536,542,534]
/store/data/Run2015C/SingleElectron/RAW/v1/000/254/790/00000/90F67E68-4E48-E511-9FD5-02163E0141C7.root [785,789,783,779,788,791,782,792,778,780,784,777,787,786,781]
/store/data/Run2015C/SingleElectron/RAW/v1/000/254/790/00000/9AAC6855-4E48-E511-ADD3-02163E014243.root [476,473,477,480,474,481,471,472,478,470,475,479]
/store/data/Run2015C/SingleElectron/RAW/v1/000/254/790/00000/9E1D1D72-4E48-E511-B7A4-02163E011F8E.root [608,611,613,609,604,612,615,607,614,605,606,610]
/store/data/Run2015C/SingleElectron/RAW/v1/000/254/790/00000/AC72941F-4E48-E511-870A-02163E014103.root [372,362,363,366,365,370,368,373,364,367,369,371]
/store/data/Run2015C/SingleElectron/RAW/v1/000/254/790/00000/B016806D-4E48-E511-8D40-02163E013745.root [768,772,765,766,770,773,769,771,775,774,767,776]
/store/data/Run2015C/SingleElectron/RAW/v1/000/254/790/00000/B2EF868B-4E48-E511-B3F7-02163E011F8E.root [712,714,716,706,711,705,707,713,715,708,710,709]
/store/data/Run2015C/SingleElectron/RAW/v1/000/254/790/00000/B4125C1E-4E48-E511-9558-02163E014366.root [430,432,434,435,436,437,431,433]
/store/data/Run2015C/SingleElectron/RAW/v1/000/254/790/00000/B814ABDD-2048-E511-AB19-02163E01395E.root [78,95,96,99,102,4,5,10,23,24,36,51,62,81,6,13,19,22,47,55,58,60,69,86,7,16,30,33,37,42,48,65,68,70,72,76,88,101,18,25,44,63,85,3,20,29,31,34,46,54,57,66,67,71,79,94,15,26,28,32,35,39,41,43,50,52,56,74,77,80,82,84,87,90,93,97,100,8,11,12,17,27,38,40,59,61,64,73,75,83,98,1,2,9,14,21,45,49,53]
/store/data/Run2015C/SingleElectron/RAW/v1/000/254/790/00000/BEB5335D-4E48-E511-8D62-02163E01374E.root [691,694,696,692,695,697,688,690,701,702,704,689,693,703]
/store/data/Run2015C/SingleElectron/RAW/v1/000/254/790/00000/C6C3415C-4E48-E511-8951-02163E0121F3.root [336,335,331,332,330,333,334,337]
/store/data/Run2015C/SingleElectron/RAW/v1/000/254/790/00000/C8DACA5F-4E48-E511-8340-02163E014567.root [504,510,502,513,506,509,503,505,507,508,511,512]
/store/data/Run2015C/SingleElectron/RAW/v1/000/254/790/00000/CEC37FB1-3048-E511-A7B7-02163E01458B.root [169,159,166,167,173,157,162,163,171,161,158,164,165,168,172,160,170,174]
/store/data/Run2015C/SingleElectron/RAW/v1/000/254/790/00000/D053BF6C-4E48-E511-B5E8-02163E011CE0.root [514,517,522,519,521,525,516,520,523,524,515,518]
/store/data/Run2015C/SingleElectron/RAW/v1/000/254/790/00000/DC401A69-4E48-E511-A089-02163E0141C7.root [490,491,497,499,501,494,495,496,500,492,493,498]
/store/data/Run2015C/SingleElectron/RAW/v1/000/254/790/00000/DE96C466-4E48-E511-8878-02163E011D28.root [718,721,725,722,726,717,723,724,719,720,727,728]
/store/data/Run2015C/SingleElectron/RAW/v1/000/254/790/00000/DE9D8436-4E48-E511-85F9-02163E01419F.root [349,353,350,352,346,351,347,348]
/store/data/Run2015C/SingleElectron/RAW/v1/000/254/790/00000/E085215A-4E48-E511-AF2E-02163E0145CB.root [659,657,658,652,653,663,656,660,661,654,662,655]
/store/data/Run2015C/SingleElectron/RAW/v1/000/254/790/00000/E6D94B58-4E48-E511-BA6F-02163E014155.root [256,257,259,261,255,258,262,254,260]
/store/data/Run2015C/SingleElectron/RAW/v1/000/254/790/00000/E8626036-4E48-E511-A7FB-02163E01397C.root [384,387,386,382,385,388,389,383]
/store/data/Run2015C/SingleElectron/RAW/v1/000/254/790/00000/EC1D2BB6-3048-E511-A6B4-02163E011E5B.root [144,145,140,146,147,139,141,142,143]
/store/data/Run2015C/SingleElectron/RAW/v1/000/254/790/00000/F8BBD66A-4E48-E511-BC54-02163E0139A4.root [644,641,642,649,643,650,646,647,640,645,648,651]
/store/data/Run2015C/SingleElectron/RAW/v1/000/254/790/00000/FAB25057-4E48-E511-AA81-02163E0141AB.root [759,758,763,754,755,757,756,760,753,761,762,764]
/store/data/Run2015C/SingleElectron/RAW/v1/000/254/790/00000/FE3C4E44-2148-E511-A92E-02163E0146EC.root [121,123,125,122,124,126,127,128,129]
