/store/data/Run2017D/MuonEG/RAW/v1/000/302/663/00000/02590100-3198-E711-94B1-02163E01A73D.root [450,451,452,454,457,458,448,453,444,445,447,455,459,446,449,456]
/store/data/Run2017D/MuonEG/RAW/v1/000/302/663/00000/0A426FDF-2498-E711-BBCC-02163E0137FF.root [250,251,252,253,255,244,245,248,257,247,246,254,249,256]
/store/data/Run2017D/MuonEG/RAW/v1/000/302/663/00000/0A86EAE4-2898-E711-B33F-02163E013538.root [371,370,377,372,378,365,367,373,376,366,369,374,375,368,379]
/store/data/Run2017D/MuonEG/RAW/v1/000/302/663/00000/0E98D2F8-2098-E711-A9B0-02163E01473D.root [166,163,165,162,164,158,168,157,160,161,159,169,170,167]
/store/data/Run2017D/MuonEG/RAW/v1/000/302/663/00000/1495F2E3-3598-E711-81F9-02163E0142D1.root [594,599,601,603,592,600,604,595,596,598,602,605,606,597,591,593,607]
/store/data/Run2017D/MuonEG/RAW/v1/000/302/663/00000/1A44ADCF-3998-E711-8E29-02163E013717.root [699,700,685,689,696,698,683,687,692,684,691,690,693,697,686,688,695,694]
/store/data/Run2017D/MuonEG/RAW/v1/000/302/663/00000/2CD88FCE-3998-E711-9EB3-02163E019BAA.root [704,705,703,707,701,702,706]
/store/data/Run2017D/MuonEG/RAW/v1/000/302/663/00000/32932A09-2198-E711-83A1-02163E01A54C.root [180,181,171,182,176,177,178,183,184,173,172,174,175,179]
/store/data/Run2017D/MuonEG/RAW/v1/000/302/663/00000/36BBA1A7-3998-E711-921C-02163E01A686.root [657,658,659,660,661,662,650,651,664,655,656,649,652,653,654,663,648]
/store/data/Run2017D/MuonEG/RAW/v1/000/302/663/00000/38E444D6-2898-E711-BA8B-02163E0145F0.root [342,344,343,339,341,337,335,338,345,348,334,336,346,340,347]
/store/data/Run2017D/MuonEG/RAW/v1/000/302/663/00000/3A11883F-2F98-E711-9A02-02163E011A19.root [437,428,434,435,429,433,439,430,432,436,440,442,438,441,443,431]
/store/data/Run2017D/MuonEG/RAW/v1/000/302/663/00000/3ACCCF3F-3198-E711-9882-02163E011965.root [480,485,491,488,490,478,483,486,476,479,482,484,487,489,477,481,492]
/store/data/Run2017D/MuonEG/RAW/v1/000/302/663/00000/44C63E1E-2B98-E711-88C1-02163E01A221.root [411,396,398,406,401,403,407,397,399,400,402,405,408,409,410,404]
/store/data/Run2017D/MuonEG/RAW/v1/000/302/663/00000/4672281D-2198-E711-8CC2-02163E0143AD.root [15,22,24,14,23,13,16,20,19,21,17,18]
/store/data/Run2017D/MuonEG/RAW/v1/000/302/663/00000/488A7325-2298-E711-9746-02163E0141A8.root [205,201,207,210,206,211,213,203,204,202,208,209,212,214]
/store/data/Run2017D/MuonEG/RAW/v1/000/302/663/00000/50BCCBF9-2498-E711-B8CB-02163E01A6AB.root [276,279,282,273,277,285,278,281,284,286,274,280,283,287,275]
/store/data/Run2017D/MuonEG/RAW/v1/000/302/663/00000/5C52B508-2198-E711-AD6C-02163E019C9F.root [37,39,38,47,40,44,43,45,49,48,41,42,46]
/store/data/Run2017D/MuonEG/RAW/v1/000/302/663/00000/5CBDF6DB-2898-E711-938E-02163E019C9C.root [332,319,322,326,320,324,331,321,325,327,323,329,333,318,328,330]
/store/data/Run2017D/MuonEG/RAW/v1/000/302/663/00000/5CBEC9A4-3198-E711-8970-02163E01260F.root [527,533,538,526,531,529,535,532,525,530,539,541,536,537,540,528,534]
/store/data/Run2017D/MuonEG/RAW/v1/000/302/663/00000/64975222-2298-E711-A711-02163E01A1E4.root [189,190,194,197,188,196,199,192,195,198,185,187,200,186,191,193]
/store/data/Run2017D/MuonEG/RAW/v1/000/302/663/00000/64A7AB11-3398-E711-B26F-02163E0137BB.root [544,547,557,548,550,558,545,554,555,542,549,551,552,556,543,546,553]
/store/data/Run2017D/MuonEG/RAW/v1/000/302/663/00000/6A06D643-2198-E711-ADA8-02163E019E82.root [129,130,139,138,132,133,135,142,136,137,141,131,134,140]
/store/data/Run2017D/MuonEG/RAW/v1/000/302/663/00000/6A23857B-3698-E711-8773-02163E01A384.root [717,711,712,714,713,715,716]
/store/data/Run2017D/MuonEG/RAW/v1/000/302/663/00000/706B0D6E-3198-E711-B752-02163E01A733.root [495,498,504,497,499,503,502,506,507,493,494,500,501,508,496,505]
/store/data/Run2017D/MuonEG/RAW/v1/000/302/663/00000/76B28F53-3198-E711-BF0E-02163E0120EA.root [511,514,523,510,512,513,517,522,524,515,516,521,519,520,509,518]
/store/data/Run2017D/MuonEG/RAW/v1/000/302/663/00000/7C58F8DD-2898-E711-99CE-02163E011C55.root [353,360,351,352,355,359,354,356,361,362,364,350,349,357,363,358]
/store/data/Run2017D/MuonEG/RAW/v1/000/302/663/00000/7E9A3957-2598-E711-A0AC-02163E011E71.root [288,298,299,289,291,290,294,293,300,301,292,295,296,302,297]
/store/data/Run2017D/MuonEG/RAW/v1/000/302/663/00000/8228E5FF-2098-E711-94DA-02163E0141A9.root [61,51,53,58,60,62,56,57,59,50,55,52,54]
/store/data/Run2017D/MuonEG/RAW/v1/000/302/663/00000/82564311-3398-E711-BD00-02163E019BC9.root [560,567,572,574,568,559,562,563,564,570,571,566,569,561,573,565]
/store/data/Run2017D/MuonEG/RAW/v1/000/302/663/00000/943E87F4-2098-E711-BAE3-02163E011A87.root [155,148,149,154,156,146,152,150,151,143,145,144,147,153]
/store/data/Run2017D/MuonEG/RAW/v1/000/302/663/00000/94DA5D2C-3598-E711-BCDF-02163E01A360.root [584,588,589,585,575,576,577,578,586,579,580,582,583,587,581,590]
/store/data/Run2017D/MuonEG/RAW/v1/000/302/663/00000/94E130F3-2098-E711-B6B4-02163E01A377.root [106,109,110,102,104,103,108,105,107,113,114,111,112]
/store/data/Run2017D/MuonEG/RAW/v1/000/302/663/00000/9ECB5F26-1698-E711-8843-02163E01396C.root [5,11,3,9,10,6,7,12,1,2,4,8]
/store/data/Run2017D/MuonEG/RAW/v1/000/302/663/00000/A6087714-2698-E711-816B-02163E01A61A.root [305,309,311,317,304,306,308,316,310,315,307,314,303,312,313]
/store/data/Run2017D/MuonEG/RAW/v1/000/302/663/00000/B2D29A74-2B98-E711-997C-02163E0146CF.root [415,416,423,413,417,425,426,412,421,418,422,420,419,424,427,414]
/store/data/Run2017D/MuonEG/RAW/v1/000/302/663/00000/BC7284D8-2498-E711-8182-02163E01380F.root [230,234,238,239,242,231,243,232,235,240,241,233,236,237]
/store/data/Run2017D/MuonEG/RAW/v1/000/302/663/00000/C4E0541D-2198-E711-8FA2-02163E019BAC.root [90,92,94,98,99,95,101,89,97,91,100,93,96]
/store/data/Run2017D/MuonEG/RAW/v1/000/302/663/00000/C69928ED-3098-E711-8E8E-02163E014131.root [474,462,467,460,469,471,473,475,461,463,464,465,468,472,466,470]
/store/data/Run2017D/MuonEG/RAW/v1/000/302/663/00000/C81905DE-3698-E711-AF5A-02163E014165.root [636,627,638,644,628,632,640,641,646,629,642,633,634,625,626,630,631,635,637,647,639,643,645]
/store/data/Run2017D/MuonEG/RAW/v1/000/302/663/00000/CCC6CCDE-3598-E711-93CC-02163E01A360.root [619,612,608,609,613,616,617,620,623,624,610,621,611,615,622,614,618]
/store/data/Run2017D/MuonEG/RAW/v1/000/302/663/00000/D46D15A2-3998-E711-9907-02163E01418E.root [668,665,669,674,667,680,666,671,678,676,681,673,677,682,670,672,679,675]
/store/data/Run2017D/MuonEG/RAW/v1/000/302/663/00000/D8D39908-2198-E711-9C76-02163E01360E.root [123,121,117,119,127,116,122,128,120,115,125,126,118,124]
/store/data/Run2017D/MuonEG/RAW/v1/000/302/663/00000/DC1C6A30-2298-E711-AEBE-02163E011A87.root [217,220,227,226,216,218,224,225,221,223,215,219,222,228,229]
/store/data/Run2017D/MuonEG/RAW/v1/000/302/663/00000/DE9B2DDF-2498-E711-B8A9-02163E011A87.root [258,271,261,264,268,269,270,260,262,272,263,266,267,259,265]
/store/data/Run2017D/MuonEG/RAW/v1/000/302/663/00000/E0B23049-2198-E711-8B6D-02163E01391E.root [25,31,34,27,28,29,30,36,33,35,26,32]
/store/data/Run2017D/MuonEG/RAW/v1/000/302/663/00000/E8E1E313-2198-E711-AF4A-02163E019C36.root [64,67,69,70,65,68,72,71,75,63,66,73,74]
/store/data/Run2017D/MuonEG/RAW/v1/000/302/663/00000/EA86B559-2198-E711-A66A-02163E01A1C6.root [80,82,86,81,76,77,78,84,83,85,87,88,79]
/store/data/Run2017D/MuonEG/RAW/v1/000/302/663/00000/FE17A09D-2A98-E711-BDE3-02163E014506.root [387,383,389,390,392,380,395,381,382,385,388,394,384,393,386,391]
