/store/data/Run2022D/HcalNZS/RAW/v1/000/357/735/00000/0aa2fc22-8337-4460-b757-31904e73ed4a.root [54,58,64,71,73,51,70,59,68,74,56,63,65,52,53,60,55,57,69,61,62,66,67,72]
/store/data/Run2022D/HcalNZS/RAW/v1/000/357/735/00000/0ad4dd99-ad23-4d1c-9edc-b5ed84636456.root [677,690,691,693,666,679,680,661,665,694,667,681,682,663,664,669,672,673,685,687,657,660,674,675,678,683,688,659,662,670,676,684,686,689,658,668,671,692]
/store/data/Run2022D/HcalNZS/RAW/v1/000/357/735/00000/0b6bc6bf-db51-4cc0-b90a-4a544def8acf.root [158,160,165,154,166,172,173,174,155,163,179,156,170,178,162,168,169,157,164,175,176,153,159,161,167,171,177]
/store/data/Run2022D/HcalNZS/RAW/v1/000/357/735/00000/0d573e4a-768b-49b4-b1eb-a98dbc023901.root [455,456,459,477,472,475,476,480,481,448,451,464,452,457,458,462,465,470,449,471,473,479,460,463,468,474,450,454,466,467,469,453,461,478]
/store/data/Run2022D/HcalNZS/RAW/v1/000/357/735/00000/14165a32-d5c8-4c6e-8f17-316f015b01a7.root [699,717,728,729,733,701,714,720,721,727,731,708,713,718,725,734,698,703,712,723,726,730,696,707,710,722,724,695,700,715,716,702,704,705,706,719,732,697,709,711]
/store/data/Run2022D/HcalNZS/RAW/v1/000/357/735/00000/15c6993d-44e0-4dd4-a933-2541b6f34419.root [1001,1005,1008,1019,1023,1026,1033,993,1007,1014,991,1003,1010,1020,1024,994,999,1009,1017,1021,1028,998,1013,1027,1029,1030,1032,1034,1035,1036,1038,1011,1015,1018,1031,992,995,996,997,1000,1002,1004,1006,1012,1016,1022,1025,1037]
/store/data/Run2022D/HcalNZS/RAW/v1/000/357/735/00000/1811f46c-be98-4032-9c1d-40c222d99a81.root [148,149,151,133,142,147,129,132,139,140,141,144,150,127,131,126,134,143,145,146,137,128,130,135,136,138,152]
/store/data/Run2022D/HcalNZS/RAW/v1/000/357/735/00000/214a482a-dffb-489b-8bd0-f1a178c8dfbd.root [816,820,821,822,829,830,831,836,842,844,852,854,815,817,818,843,847,849,825,834,837,846,848,827,832,838,850,853,823,824,828,835,840,841,851,819,839,826,833,845]
/store/data/Run2022D/HcalNZS/RAW/v1/000/357/735/00000/22d4dc66-0c04-4bc2-a0a0-d3ed2fe09c9b.root [107,109,110,114,111,118,104,113,125,123,103,116,119,102,105,112,122,106,115,117,124,108,120,121]
/store/data/Run2022D/HcalNZS/RAW/v1/000/357/735/00000/25de18b2-a843-4c4d-bbe5-16ffa2b9928f.root [624,627,640,643,646,648,654,622,625,634,652,656,636,630,635,644,647,650,653,637,638,621,631,642,626,629,632,633,651,655,620,623,628,639,641,645,649]
/store/data/Run2022D/HcalNZS/RAW/v1/000/357/735/00000/2d789015-2ab1-48ef-a7cd-2b27de24a034.root [208,215,221,230,211,225,209,210,228,231,232,233,207,216,226,214,218,229,213,227,212,219,222,224,217,220,223]
/store/data/Run2022D/HcalNZS/RAW/v1/000/357/735/00000/31d39b88-8761-4884-af29-f2753ec12ec0.root [359,360,361,372,380,362,363,370,377,378,357,358,365,355,364,367,371,375,354,356,368,374,352,376,381,353,369,379,366,373]
/store/data/Run2022D/HcalNZS/RAW/v1/000/357/735/00000/350a3c08-f29f-433d-86e6-2fa8cee3d7c9.root [561,562,564,570,563,566,581,550,554,555,577,552,557,560,576,548,558,565,567,582,569,572,573,575,578,580,583,549,551,553,556,574,579,559,568,571]
/store/data/Run2022D/HcalNZS/RAW/v1/000/357/735/00000/3553e1cc-8c7c-4886-8951-1c8976d7ed87.root [390,395,396,399,400,401,404,391,402,382,407,412,385,388,408,410,389,398,413,414,387,393,403,384,397,406,411,383,386,392,394,405,409]
/store/data/Run2022D/HcalNZS/RAW/v1/000/357/735/00000/413ee59e-2fcc-4f45-a282-4c2703ee40f6.root [181,183,188,195,182,193,201,202,205,206,184,204,198,180,185,199,200,189,190,191,192,197,186,187,194,196,203]
/store/data/Run2022D/HcalNZS/RAW/v1/000/357/735/00000/437a4f2b-4384-470e-a0db-e52bee04e7e4.root [421,427,428,430,441,446,418,436,442,415,417,438,443,416,420,432,440,423,435,439,444,426,429,437,419,424,425,431,433,445,422,434,447]
/store/data/Run2022D/HcalNZS/RAW/v1/000/357/735/00000/46b20510-1e87-4046-890f-d3fd0d2edf7a.root [258,243,256,234,250,257,260,249,239,252,235,238,247,248,253,259,237,240,241,245,246,255,236,242,244,251,254]
/store/data/Run2022D/HcalNZS/RAW/v1/000/357/735/00000/50be9b8d-dff0-4cac-9929-7fecd8335167.root [321,324,331,333,335,323,326,349,350,332,340,327,347,325,338,339,343,346,329,330,345,348,322,336,351,328,334,337,341,342,344]
/store/data/Run2022D/HcalNZS/RAW/v1/000/357/735/00000/6cee6b9f-9580-4774-b153-a45804541039.root [906,909,910,916,917,923,936,902,915,937,942,905,921,931,933,914,940,900,911,913,920,934,938,903,918,919,924,929,941,907,912,922,925,930,932,935,939,899,901,904,908,926,927,928]
/store/data/Run2022D/HcalNZS/RAW/v1/000/357/735/00000/6d5e3b8f-ae2f-4035-8576-829b1d79c81d.root [790,791,801,802,777,788,796,778,800,809,780,781,785,795,798,808,810,776,779,783,787,797,812,775,804,806,807,814,782,784,786,789,792,793,794,803,805,813,799,811]
/store/data/Run2022D/HcalNZS/RAW/v1/000/357/735/00000/71bd40e8-3b1c-4c26-9966-6cc4e892a615.root [7,5,9,8,12,3,10,11,20,1,14,16,17,18,21,19,2,4,13,23,25,6,15,22,24]
/store/data/Run2022D/HcalNZS/RAW/v1/000/357/735/00000/7904939d-f01d-4ea2-bb6b-2b96c6300703.root [869,881,891,895,868,872,873,882,894,864,874,880,883,893,855,865,876,877,879,887,857,859,863,866,892,896,856,858,867,875,878,886,890,860,861,862,870,871,884,885,888,889,897,898]
/store/data/Run2022D/HcalNZS/RAW/v1/000/357/735/00000/87482743-3843-4758-9727-a1d38a7242b3.root [482,496,504,512,485,493,492,494,500,488,495,498,501,502,505,508,509,510,513,487,503,511,514,484,489,497,507,486,491,499,506,483,490]
/store/data/Run2022D/HcalNZS/RAW/v1/000/357/735/00000/92ab067e-d6d9-4323-bce0-c2919afce8ec.root [519,523,542,545,516,525,527,528,533,534,520,530,531,540,543,546,515,536,537,544,518,532,535,526,529,539,547,517,521,522,524,538,541]
/store/data/Run2022D/HcalNZS/RAW/v1/000/357/735/00000/963a9de1-8334-43b1-bd29-f589866dfe2a.root [75,78,84,88,96,80,81,82,83,85,91,93,79,87,92,101,76,77,94,95,100,90,99,86,89,97,98]
/store/data/Run2022D/HcalNZS/RAW/v1/000/357/735/00000/b0f22450-abf4-43c3-b1ad-312137a664e2.root [593,594,598,600,604,584,585,589,591,606,607,618,597,602,617,619,603,613,586,587,596,605,608,609,612,595,611,614,615,590,592,610,588,599,601,616]
/store/data/Run2022D/HcalNZS/RAW/v1/000/357/735/00000/bcf51a3a-cee7-4205-ab3a-447a9d36df71.root [1092,1093,1100,1130,1102,1105,1106,1108,1118,1121,1123,1089,1094,1096,1098,1099,1107,1113,1114,1115,1122,1126,1127,1136,1087,1116,1131,1097,1104,1117,1129,1134,1137,1088,1095,1103,1111,1125,1133,1090,1091,1101,1110,1119,1128,1135,1109,1112,1120,1124,1132]
/store/data/Run2022D/HcalNZS/RAW/v1/000/357/735/00000/cda5bee8-69cf-49dd-980a-accbeaefb21c.root [746,750,751,742,749,754,771,772,773,745,757,763,765,770,739,743,756,740,760,774,735,744,747,755,758,759,762,769,736,741,748,752,753,761,766,767,768,737,738,764]
/store/data/Run2022D/HcalNZS/RAW/v1/000/357/735/00000/d1da03c1-c2a9-4cd6-8155-32117056cb2c.root [1042,1045,1069,1078,1043,1053,1070,1071,1075,1039,1040,1041,1054,1061,1074,1085,1046,1056,1060,1062,1063,1064,1065,1073,1079,1081,1086,1044,1048,1055,1083,1084,1047,1049,1052,1057,1066,1067,1068,1080,1051,1059,1072,1077,1050,1058,1076,1082]
/store/data/Run2022D/HcalNZS/RAW/v1/000/357/735/00000/d51e3c9d-71a1-4e6d-bef9-0b1bca3bbe05.root [261,262,264,273,285,287,266,286,271,263,268,272,274,275,276,289,267,270,280,265,278,282,284,277,279,288,269,281,283,290]
/store/data/Run2022D/HcalNZS/RAW/v1/000/357/735/00000/df8528c6-9d8b-4618-9d18-222caf9a0712.root [944,948,956,962,975,978,986,951,971,976,977,979,989,945,949,955,973,981,984,950,953,961,964,965,969,974,985,987,988,990,947,959,968,943,946,958,960,970,983,952,954,963,966,967,972,980,957,982]
/store/data/Run2022D/HcalNZS/RAW/v1/000/357/735/00000/e7e68ac1-5927-4a05-84ac-4cdd99f3b1bf.root [300,302,303,310,317,292,316,299,301,306,307,312,295,305,291,308,311,314,320,293,294,315,318,298,304,309,313,296,297,319]
/store/data/Run2022D/HcalNZS/RAW/v1/000/357/735/00000/f0b0d267-45c7-4f53-8b3d-3ac6669be214.root [27,48,49,39,42,47,50,36,45,32,44,41,29,35,37,31,33,38,40,43,46,26,28,30,34]
