/store/data/Run2018A/MET/RAW/v1/000/315/489/00000/00FF873E-264D-E811-A6A8-02163E00CDE4.root [663,667,658,655,660,659,657,664,662,666,668,654,665,653,656,661]
/store/data/Run2018A/MET/RAW/v1/000/315/489/00000/02A719AF-064D-E811-9F0E-FA163EC8AA5A.root [394,402,403,396,399,401,397,405,404,395,400,398]
/store/data/Run2018A/MET/RAW/v1/000/315/489/00000/04F3D9FD-F44C-E811-9DA4-FA163EDA71F7.root [65,72,68,71,66,67,70,64,69]
/store/data/Run2018A/MET/RAW/v1/000/315/489/00000/0CA1AAB5-064D-E811-A6F6-FA163E2AF1D2.root [336,340,335,334,341,344,338,339,345,343,337,342]
/store/data/Run2018A/MET/RAW/v1/000/315/489/00000/0E039D18-074D-E811-A989-FA163E7FD764.root [459,461,463,465,457,455,458,464,460,454,456,462]
/store/data/Run2018A/MET/RAW/v1/000/315/489/00000/0E17C272-FB4C-E811-AA7B-FA163E92384D.root [211,217,212,216,209,208,210,214,219,213,215,218]
/store/data/Run2018A/MET/RAW/v1/000/315/489/00000/10CD4B69-F54C-E811-AE1D-FA163E331C7E.root [114,115,110,112,116,109,111,113,117]
/store/data/Run2018A/MET/RAW/v1/000/315/489/00000/1281AA5E-274D-E811-BDD0-FA163EFC365B.root [587,588,589,584,590,580,582,583,586,591,592,585,581]
/store/data/Run2018A/MET/RAW/v1/000/315/489/00000/26AC27B4-064D-E811-B534-FA163ED62B5C.root [293,289,299,291,298,297,290,294,295,292,296]
/store/data/Run2018A/MET/RAW/v1/000/315/489/00000/285324CC-F84C-E811-B129-FA163EB0AAB0.root [137,138,141,143,144,136,142,139,140]
/store/data/Run2018A/MET/RAW/v1/000/315/489/00000/285D83CE-FB4C-E811-809C-02163E012E6E.root [256,262,254,264,255,258,261,257,260,263,265,259]
/store/data/Run2018A/MET/RAW/v1/000/315/489/00000/2872AEB0-FC4C-E811-8937-02163E014E55.root [246,248,252,247,253,249,243,250,244,245,251,242]
/store/data/Run2018A/MET/RAW/v1/000/315/489/00000/2AEFF8A4-254D-E811-8303-FA163EA70283.root [708,706,709,705,707]
/store/data/Run2018A/MET/RAW/v1/000/315/489/00000/2C4F4F1D-F04C-E811-9111-FA163E2AD2E5.root [11,13,16,18,14,15,17,10,12]
/store/data/Run2018A/MET/RAW/v1/000/315/489/00000/34EFDAA5-064D-E811-90F4-02163E019F09.root [302,307,309,300,301,304,303,308,305,306,310]
/store/data/Run2018A/MET/RAW/v1/000/315/489/00000/3E413D04-264D-E811-B3E2-FA163EA222CE.root [568,572,571,573,577,579,569,570,578,574,575,576]
/store/data/Run2018A/MET/RAW/v1/000/315/489/00000/46288368-F64C-E811-909B-FA163E12FBC8.root [123,120,124,118,126,122,125,119,121]
/store/data/Run2018A/MET/RAW/v1/000/315/489/00000/46AD6B9F-064D-E811-8DE9-FA163E73FFA8.root [324,332,328,326,329,333,323,330,322,327,325,331]
/store/data/Run2018A/MET/RAW/v1/000/315/489/00000/4A25D95D-F04C-E811-B1BF-FA163E3FE3C5.root [52,48,53,51,46,54,47,49,50]
/store/data/Run2018A/MET/RAW/v1/000/315/489/00000/50584DBA-F54C-E811-A711-FA163E96C3EF.root [100,104,105,106,107,101,102,103,108]
/store/data/Run2018A/MET/RAW/v1/000/315/489/00000/526815E2-254D-E811-AD42-FA163EE53B08.root [506,513,503,504,505,511,510,512,502,507,508,509]
/store/data/Run2018A/MET/RAW/v1/000/315/489/00000/52A6ED6E-FB4C-E811-BF7E-FA163EFB74CA.root [222,223,224,225,228,229,221,226,227,220]
/store/data/Run2018A/MET/RAW/v1/000/315/489/00000/562637FF-064D-E811-B8B1-FA163E959A66.root [427,428,420,423,426,422,425,429,418,419,421,424]
/store/data/Run2018A/MET/RAW/v1/000/315/489/00000/5873F76F-EB4C-E811-9EF2-FA163E2C9432.root [6,9,1,3,8,4,5,2,7]
/store/data/Run2018A/MET/RAW/v1/000/315/489/00000/623EDBE8-FF4C-E811-AB03-FA163EEA1ABB.root [279,280,285,282,281,278,286,283,287,288,284]
/store/data/Run2018A/MET/RAW/v1/000/315/489/00000/628D50F3-F94C-E811-9256-FA163E4A7164.root [184,182,186,178,179,180,181,185,183]
/store/data/Run2018A/MET/RAW/v1/000/315/489/00000/6A3FAC33-264D-E811-86F7-FA163E1A4EF9.root [672,673,676,679,671,678,680,675,670,677,669,674]
/store/data/Run2018A/MET/RAW/v1/000/315/489/00000/6A49C200-074D-E811-B103-FA163E17CD12.root [313,320,321,315,316,319,317,318,311,312,314]
/store/data/Run2018A/MET/RAW/v1/000/315/489/00000/6E134ACC-F94C-E811-92AC-FA163EC43573.root [187,188,194,190,189,191,192,195,193]
/store/data/Run2018A/MET/RAW/v1/000/315/489/00000/72069E13-264D-E811-B668-FA163EEA4F9F.root [691,685,686,682,681,687,689,692,684,683,688,690]
/store/data/Run2018A/MET/RAW/v1/000/315/489/00000/78B97EF1-F44C-E811-B11A-FA163E17AF12.root [73,76,77,75,79,81,80,74,78]
/store/data/Run2018A/MET/RAW/v1/000/315/489/00000/7AC0ECC2-064D-E811-A95A-FA163E424E2B.root [356,355,346,347,348,350,352,353,354,357,349,351]
/store/data/Run2018A/MET/RAW/v1/000/315/489/00000/7C265CAE-254D-E811-ADB6-FA163E81C6A0.root [468,469,472,473,476,471,477,466,467,470,475,474]
/store/data/Run2018A/MET/RAW/v1/000/315/489/00000/82F1B730-264D-E811-A431-FA163E345FD4.root [607,610,611,606,612,614,615,608,613,605,609,616]
/store/data/Run2018A/MET/RAW/v1/000/315/489/00000/8460FC1F-F04C-E811-AC70-FA163E3C297E.root [33,36,35,31,29,28,30,32,34]
/store/data/Run2018A/MET/RAW/v1/000/315/489/00000/88F2A4DD-254D-E811-A44B-02163E01A0B3.root [488,486,485,483,482,487,478,480,484,489,479,481]
/store/data/Run2018A/MET/RAW/v1/000/315/489/00000/9631903B-264D-E811-A577-FA163E11E6C4.root [626,619,628,618,627,624,617,620,622,621,623,625]
/store/data/Run2018A/MET/RAW/v1/000/315/489/00000/96945D2A-074D-E811-9F9F-02163E01A0F8.root [431,435,441,432,437,440,434,433,439,436,438,430]
/store/data/Run2018A/MET/RAW/v1/000/315/489/00000/98C55D33-074D-E811-A15D-FA163E800141.root [360,366,367,368,358,361,364,369,359,362,363,365]
/store/data/Run2018A/MET/RAW/v1/000/315/489/00000/98DE9D28-F04C-E811-9F33-FA163E331C7E.root [59,58,61,63,55,62,56,57,60]
/store/data/Run2018A/MET/RAW/v1/000/315/489/00000/9ACD4863-FB4C-E811-9585-FA163E35B744.root [237,241,231,234,235,230,240,233,236,238,239,232]
/store/data/Run2018A/MET/RAW/v1/000/315/489/00000/9C4EA5BC-F94C-E811-AB50-FA163E2AD2E5.root [166,168,163,165,157,162,158,161,167,160,159,164]
/store/data/Run2018A/MET/RAW/v1/000/315/489/00000/A029FAF1-F94C-E811-8F3D-FA163EE1DFA4.root [152,153,145,146,155,147,149,148,150,151,156,154]
/store/data/Run2018A/MET/RAW/v1/000/315/489/00000/A06D9DCF-254D-E811-AD38-FA163E5CDA63.root [534,527,526,528,529,530,537,533,535,536,531,532]
/store/data/Run2018A/MET/RAW/v1/000/315/489/00000/AA923192-F54C-E811-A16C-FA163E8257B8.root [92,98,99,91,97,93,94,95,96]
/store/data/Run2018A/MET/RAW/v1/000/315/489/00000/AC46AC85-264D-E811-B6B2-FA163EE8CB47.root [698,694,701,704,693,702,699,700,703,695,696,697]
/store/data/Run2018A/MET/RAW/v1/000/315/489/00000/AC8E1AC2-064D-E811-894C-FA163E1808DE.root [382,383,392,386,389,388,390,391,393,387,384,385]
/store/data/Run2018A/MET/RAW/v1/000/315/489/00000/AEC07DF7-254D-E811-9936-FA163EA6EFC1.root [554,558,564,566,562,556,560,567,561,565,557,555,559,563]
/store/data/Run2018A/MET/RAW/v1/000/315/489/00000/B4DB46D6-254D-E811-A2D9-FA163EE06BA5.root [495,498,501,490,491,493,494,496,492,499,500,497]
/store/data/Run2018A/MET/RAW/v1/000/315/489/00000/BE22C04C-264D-E811-8CDD-FA163E63F7B3.root [641,649,642,647,648,645,646,652,644,651,643,650]
/store/data/Run2018A/MET/RAW/v1/000/315/489/00000/C0651CFD-064D-E811-AAD8-FA163E73FFA8.root [442,447,448,444,452,450,443,445,453,446,449,451]
/store/data/Run2018A/MET/RAW/v1/000/315/489/00000/C06DC01B-F64C-E811-8133-FA163E58F6C6.root [134,131,133,128,132,135,127,129,130]
/store/data/Run2018A/MET/RAW/v1/000/315/489/00000/C8B92CA0-064D-E811-88E5-FA163EDDE562.root [377,380,370,372,379,381,374,371,373,376,375,378]
/store/data/Run2018A/MET/RAW/v1/000/315/489/00000/CAEE9858-FB4C-E811-B955-FA163E4E9EA4.root [205,206,196,207,197,201,200,204,198,202,199,203]
/store/data/Run2018A/MET/RAW/v1/000/315/489/00000/CEAC7322-264D-E811-85B8-FA163E7E1CFF.root [629,633,640,632,630,631,635,637,639,634,636,638]
/store/data/Run2018A/MET/RAW/v1/000/315/489/00000/D6F7F767-FA4C-E811-9290-FA163EEE3FEF.root [172,177,171,176,169,170,173,174,175]
/store/data/Run2018A/MET/RAW/v1/000/315/489/00000/D805E43E-F04C-E811-BA69-02163E01A0BA.root [42,38,37,43,39,44,45,40,41]
/store/data/Run2018A/MET/RAW/v1/000/315/489/00000/D8EE549B-074D-E811-A8D0-FA163E9704F7.root [407,410,413,414,415,412,416,408,406,409,411,417]
/store/data/Run2018A/MET/RAW/v1/000/315/489/00000/DC5DEACE-254D-E811-8004-FA163E70D57B.root [514,519,517,524,525,522,523,515,520,516,518,521]
/store/data/Run2018A/MET/RAW/v1/000/315/489/00000/E47E897E-F44C-E811-80C2-FA163EDE7FEA.root [85,82,83,87,86,89,90,84,88]
/store/data/Run2018A/MET/RAW/v1/000/315/489/00000/EA307BEE-254D-E811-A72D-FA163E5A5C61.root [597,601,593,602,594,598,599,603,595,596,600,604]
/store/data/Run2018A/MET/RAW/v1/000/315/489/00000/F2E5BD43-264D-E811-B70F-FA163EB07619.root [552,544,539,543,538,540,541,547,550,546,548,549,542,551,553,545]
/store/data/Run2018A/MET/RAW/v1/000/315/489/00000/F49EB832-F04C-E811-BAC3-FA163E8D77F7.root [19,20,24,27,23,21,26,22,25]
/store/data/Run2018A/MET/RAW/v1/000/315/489/00000/F840E6E0-FF4C-E811-A9BB-FA163E4F1FDC.root [268,273,272,276,266,267,269,270,271,275,274,277]
