/store/data/Run2022E/BTagMu/RAW/v1/000/359/569/00000/3b694450-dbf4-4bdb-bb89-51c934b92a4d.root 359569 [1,19,20,23,24,29,35,3,4,6,7,15,36,41,43,25,31,9,14,26,16,28,32,5,11,37,42,44,8,12,18,21,22,27,30,33,34,38,40,2,10,13,17,39]
/store/data/Run2022E/BTagMu/RAW/v1/000/359/569/00000/92323cc5-6d7a-4339-843e-74ce8c6cefab.root 359569 [65,66,76,45,64,69,46,48,47,50,51,57,60,67,74,49,61,63,79,53,62,75,77,78,82,52,54,56,58,68,55,59,70,71,72,73,80,81]
/store/data/Run2022E/BTagMu/RAW/v1/000/359/571/00000/147e1bf3-c53e-414b-b711-70f193af781e.root 359571 [153,155,146,148,154,157,158,163,145,164,147,160,167,162,149,150,151,152,156,161,165,159,166]
/store/data/Run2022E/BTagMu/RAW/v1/000/359/571/00000/57b583e2-ee1a-4080-94a1-9e56e13bd9be.root 359571 [1,6,15,22,37,45,2,3,4,9,14,23,25,34,7,10,11,17,41,43,18,19,27,36,38,40,42,16,28,30,31,39,46,12,32,5,8,13,21,29,35,20,24,26,33,44,47]
/store/data/Run2022E/BTagMu/RAW/v1/000/359/571/00000/96c99f2a-7d1f-45e2-a46d-3cf61a06a391.root 359571 [100,105,106,116,138,140,141,142,143,102,127,130,134,137,101,115,125,129,132,109,112,114,117,120,123,99,103,104,107,124,128,110,111,113,122,136,144,118,97,98,108,119,121,126,131,133,135,139]
/store/data/Run2022E/BTagMu/RAW/v1/000/359/571/00000/addeb9e2-4ff6-46ab-9921-94554ec32fc0.root 359571 [60,66,67,68,73,74,80,82,84,85,87,90,96,49,52,54,55,63,69,77,86,95,50,51,53,58,72,88,92,59,61,78,79,81,91,57,62,65,71,75,83,89,56,64,70,76,93,94,48]
/store/data/Run2022E/BTagMu/RAW/v1/000/359/575/00000/11ddc30e-2f3f-46d3-b021-6e4446a5b9e8.root 359575 [2,3,66,4,12,13,18,52,59,62,19,35,36,38,42,50,57,9,11,17,20,28,29,37,44,58,61,6,7,10,16,23,33,34,39,48,51,53,56,60,21,24,25,27,32,41,43,46,47,64,65,1,5,8,31,54,14,15,22,26,30,40,45,49,55,63]
/store/data/Run2022E/BTagMu/RAW/v1/000/359/575/00000/e90fc3b0-107e-4280-ad46-b43685ee9916.root 359575 [70,76,85,86,87,67,74,77,82,73,88,72,75,78,69,79,81,84,89,68,71,80,83]
/store/data/Run2022E/BTagMu/RAW/v1/000/359/595/00000/163d9db5-39e5-4e6f-aa4e-898d1a4cff59.root 359595 [83,92,95,84,86,93,96,97,99,106,101,98,102,104,87,88,90,91,100,94,103,85,89,105]
/store/data/Run2022E/BTagMu/RAW/v1/000/359/595/00000/549cc2d5-7e83-4c76-914d-b3b79fbc0524.root 359595 [189,195,198,187,190,182,185,188,192,194,202,199,200,191,196,197,180,183,184,201,179,181,186,193]
/store/data/Run2022E/BTagMu/RAW/v1/000/359/595/00000/56517705-33b6-4636-a6fe-3384cdfe4392.root 359595 [113,115,121,125,107,112,116,109,110,111,114,119,127,130,118,122,128,108,117,120,123,124,126,129]
/store/data/Run2022E/BTagMu/RAW/v1/000/359/595/00000/5939eef1-f0f4-481c-8fd3-bf4f13db6244.root 359595 [63,76,77,78,56,65,66,79,61,67,72,59,68,55,57,74,75,82,62,58,64,69,73,81,60,70,71,80]
/store/data/Run2022E/BTagMu/RAW/v1/000/359/595/00000/639155e3-0a54-4b96-8457-ec276fa2ec45.root 359595 [251,255,264,270,274,250,252,256,272,263,271,253,258,260,267,257,259,261,266,269,273,254,262,265,268]
/store/data/Run2022E/BTagMu/RAW/v1/000/359/595/00000/9c30c58a-3cdb-4072-b637-69e86fc6e515.root 359595 [8]
/store/data/Run2022E/BTagMu/RAW/v1/000/359/595/00000/b8c78c2b-e2af-4c90-972e-b4145702f3c1.root 359595 [132,134,144,148,138,141,149,152,153,133,135,146,147,137,139,140,143,145,142,150,151,154,131,136]
/store/data/Run2022E/BTagMu/RAW/v1/000/359/595/00000/be9417ad-b02e-4441-9f19-e023bc6e0cb2.root 359595 [19,20,27,35,39,40,53,24,32,37,41,49,51,14,17,22,26,29,31,36,43,50,13,21,23,42,54,15,16,30,33,38,46,52,18,34,44,45,47,25,28,48]
/store/data/Run2022E/BTagMu/RAW/v1/000/359/595/00000/c79d589b-9bd7-4f20-840e-17b101460b17.root 359595 [207,214,223,206,211,212,222,204,216,225,210,213,217,218,221,205,209,219,224,215,220,203,208]
/store/data/Run2022E/BTagMu/RAW/v1/000/359/595/00000/cac54ef3-66ec-4616-9eed-d2b885c5dd3d.root 359595 [278,279,275,288,285,276,277,282,284,289,283,280,281,286,287]
/store/data/Run2022E/BTagMu/RAW/v1/000/359/595/00000/cb2c052c-a043-4ab1-9f76-8307d63d261e.root 359595 [6]
/store/data/Run2022E/BTagMu/RAW/v1/000/359/595/00000/f0c659e0-4907-4be0-81c8-050386b5f974.root 359595 [237,239,243,245,246,226,227,247,249,228,234,244,230,232,236,238,242,248,231,233,235,241,229,240]
/store/data/Run2022E/BTagMu/RAW/v1/000/359/595/00000/f589ae51-0bed-49ee-a0b5-166fdbc70aa5.root 359595 [178,158,160,162,167,168,170,172,159,171,166,164,177,155,157,163,165,169,174,156,161,173,175,176]
/store/data/Run2022E/BTagMu/RAW/v1/000/359/597/00000/0d90a5f0-efde-45b4-b1aa-3efee460fdaf.root 359597 [80,57,64,71,55,56,65,69,73,59,61,68,75,74,79,60,62,66,67,70,72,76,58,77,78,63,81]
/store/data/Run2022E/BTagMu/RAW/v1/000/359/597/00000/616194ba-ea80-4453-8429-6ea5d22747c8.root 359597 [103,104]
/store/data/Run2022E/BTagMu/RAW/v1/000/359/597/00000/7a7ba7ea-c1c2-4d9e-a4e8-4b8db57dbd04.root 359597 [28,46,48,54,34,47,49,36,37,39,41,29,30,31,52,53,32,33,38,42,43,51,35,40,44,45,50]
/store/data/Run2022E/BTagMu/RAW/v1/000/359/597/00000/974fd05b-3c23-451f-a370-d773f18ee038.root 359597 [87,93,85,88,90,95,82,83,84,98,99,89,94,100,86,97,91,92,96]
/store/data/Run2022E/BTagMu/RAW/v1/000/359/597/00000/edd56f81-e7d3-4856-91c8-7426ccdd1784.root 359597 [1,8,9,14,15,5,10,16,20,22,3,11,12,23,4,6,26,21,27,7,13,18,19,24,17,25,2]
/store/data/Run2022E/BTagMu/RAW/v1/000/359/602/00000/29e329db-cfaf-49f8-ac08-b3cc711ce548.root 359602 [23,27,24,29,28,30,25,26,31,32]
/store/data/Run2022E/BTagMu/RAW/v1/000/359/602/00000/2a4fb025-7c6d-4c1f-af53-3f113b536a92.root 359602 [59,54,58,53,56,60,55,57]
/store/data/Run2022E/BTagMu/RAW/v1/000/359/602/00000/3ec98b17-fc67-43f4-8807-c88fbb3919cb.root 359602 [43,47,50,45,52,46,51,44,49,48]
/store/data/Run2022E/BTagMu/RAW/v1/000/359/602/00000/48271f27-8f20-40d9-b4fc-9641b3968844.root 359602 [65,61,64,63,68,62,66,67]
/store/data/Run2022E/BTagMu/RAW/v1/000/359/602/00000/6e0f28d6-7510-408d-8f70-e37117921912.root 359602 [3,6,7,11,5,8,4,2,9,12,1,10]
/store/data/Run2022E/BTagMu/RAW/v1/000/359/602/00000/8062fbe9-f3eb-485e-b67f-19c3e91e1951.root 359602 [35,42,39,33,34,38,36,40,41,37]
/store/data/Run2022E/BTagMu/RAW/v1/000/359/602/00000/e59e1b4e-ee4b-465b-90d6-8e44bef979e0.root 359602 [20,21,16,15,18,19,22,14,13,17]
/store/data/Run2022E/BTagMu/RAW/v1/000/359/602/00000/f3048ae5-a25b-4730-ba7a-a65fd15358be.root 359602 [72,70,71,73,69]
/store/data/Run2022E/BTagMu/RAW/v1/000/359/609/00000/22d7f765-5602-4150-87ce-d7d8c07821c6.root 359609 [23,24,22,20,21]
/store/data/Run2022E/BTagMu/RAW/v1/000/359/609/00000/6f103d13-a987-45d6-b621-d22a516a3fc5.root 359609 [10,19,18,14,11,16,12,13,15,17]
/store/data/Run2022E/BTagMu/RAW/v1/000/359/609/00000/b138107d-91cd-494e-a51a-a92ee32b8fc6.root 359609 [1,3,8,6,4,5,9,2,7]
/store/data/Run2022E/BTagMu/RAW/v1/000/359/612/00000/2cf8efed-51eb-4473-84b5-c5427b281ec8.root 359612 [8,3,4,6,7,9,12,10,2,5,1,11]
/store/data/Run2022E/BTagMu/RAW/v1/000/359/661/00000/010781dc-51ab-4002-b403-46830a4d8632.root 359661 [88,87,91,90,89]
/store/data/Run2022E/BTagMu/RAW/v1/000/359/661/00000/01feea46-385c-4ffe-a080-4e54c94eaccb.root 359661 [30,42,26,29,38,27,43,46,31,33,40,44,36,35,37,39,45,24,25,28,32,34,41,47,48]
/store/data/Run2022E/BTagMu/RAW/v1/000/359/661/00000/0466df43-b0e1-4762-831a-6beb07ff8f1f.root 359661 [177,176,175]
/store/data/Run2022E/BTagMu/RAW/v1/000/359/661/00000/077cebd0-5284-408f-bd72-b18e41ae0041.root 359661 [20]
/store/data/Run2022E/BTagMu/RAW/v1/000/359/661/00000/080cf420-6a37-4db0-a634-602d36c43d23.root 359661 [159,161,160,162]
/store/data/Run2022E/BTagMu/RAW/v1/000/359/661/00000/0a7751d0-7143-42cd-bccd-6cfa2286cd54.root 359661 [214,216,215]
/store/data/Run2022E/BTagMu/RAW/v1/000/359/661/00000/0e02898e-ab32-45ae-a410-f9bd8537417e.root 359661 [230,231,229]
/store/data/Run2022E/BTagMu/RAW/v1/000/359/661/00000/105cb0dd-5980-4bf3-acfa-335ae8116dfb.root 359661 [122,123,124,121]
/store/data/Run2022E/BTagMu/RAW/v1/000/359/661/00000/12cd50e0-6443-449d-b76a-155a2acd10e6.root 359661 [195,193,194]
/store/data/Run2022E/BTagMu/RAW/v1/000/359/661/00000/142e21e9-5d50-4743-94a9-919e8c2e2249.root 359661 [146,147,148,145]
/store/data/Run2022E/BTagMu/RAW/v1/000/359/661/00000/184648d0-8ae5-42ae-9ae6-4ea172f5dd6e.root 359661 [184,186,185]
/store/data/Run2022E/BTagMu/RAW/v1/000/359/661/00000/1f75a469-a2df-496b-b271-e06535339448.root 359661 [135,134,136,133]
/store/data/Run2022E/BTagMu/RAW/v1/000/359/661/00000/24553e12-ad31-4c6e-9cde-278cc43340df.root 359661 [202,203,204]
/store/data/Run2022E/BTagMu/RAW/v1/000/359/661/00000/2646b66e-d296-452c-80d3-edae83c01737.root 359661 [53,50,52,51,54,49]
/store/data/Run2022E/BTagMu/RAW/v1/000/359/661/00000/2fbb5193-a7e7-4ba9-b86e-8179f0100d0e.root 359661 [213,212,211]
/store/data/Run2022E/BTagMu/RAW/v1/000/359/661/00000/30b31e82-4838-45e2-981f-d9c64101a9fc.root 359661 [65,67,66,62,64,63]
/store/data/Run2022E/BTagMu/RAW/v1/000/359/661/00000/31cf3f0a-4b8d-47f1-9493-03b464a3c410.root 359661 [225,223,224]
/store/data/Run2022E/BTagMu/RAW/v1/000/359/661/00000/35779212-08c1-4e01-9076-21f7488168a1.root 359661 [228,226,227]
/store/data/Run2022E/BTagMu/RAW/v1/000/359/661/00000/36a20917-da0f-4274-b9a1-6814b64926b8.root 359661 [232]
/store/data/Run2022E/BTagMu/RAW/v1/000/359/661/00000/38443c2a-0a6d-435c-8e43-035069cd6cba.root 359661 [183,181,182]
/store/data/Run2022E/BTagMu/RAW/v1/000/359/661/00000/3b585d3c-ce61-4281-aed5-5c444a77cece.root 359661 [83,86,81,84,85,82]
/store/data/Run2022E/BTagMu/RAW/v1/000/359/661/00000/3e809bc3-27da-4d70-9e1f-cdbd3dab09b1.root 359661 [129,130,131,132]
/store/data/Run2022E/BTagMu/RAW/v1/000/359/661/00000/3f8a26e5-5f98-4c9f-a2eb-7903633586ee.root 359661 [114,112,113,115]
/store/data/Run2022E/BTagMu/RAW/v1/000/359/661/00000/501086d4-9550-45ac-aa76-caed9e99fece.root 359661 [192,190,191]
/store/data/Run2022E/BTagMu/RAW/v1/000/359/661/00000/560f2d83-c9bd-4b25-b2a4-13685376d0ea.root 359661 [125,126,128,127]
/store/data/Run2022E/BTagMu/RAW/v1/000/359/661/00000/58722468-80ed-4d33-8d7a-b335cb1c076c.root 359661 [188,189,187]
/store/data/Run2022E/BTagMu/RAW/v1/000/359/661/00000/5946dd3e-7d3a-4592-920e-a734d5e29449.root 359661 [143,141,142,144]
/store/data/Run2022E/BTagMu/RAW/v1/000/359/661/00000/5fd0be4b-f90f-4aca-b607-b762e889aa24.root 359661 [150,151,149,152]
/store/data/Run2022E/BTagMu/RAW/v1/000/359/661/00000/6ee6d857-d7a9-4512-a3db-d18794d42634.root 359661 [76,77,78,79,80,75]
/store/data/Run2022E/BTagMu/RAW/v1/000/359/661/00000/778bfb63-d1dd-4709-a839-21b65ba77872.root 359661 [16,17,18]
/store/data/Run2022E/BTagMu/RAW/v1/000/359/661/00000/822e86a7-84db-4a94-8e2e-3f92d32d34a5.root 359661 [169,171,170]
/store/data/Run2022E/BTagMu/RAW/v1/000/359/661/00000/83e68e8b-d7ad-4178-bb0c-4024bd413c43.root 359661 [71,68,69,73,70,72,74]
/store/data/Run2022E/BTagMu/RAW/v1/000/359/661/00000/8d0349a8-bb05-4f3b-b766-bfb1bd61cf4a.root 359661 [206,207,205]
/store/data/Run2022E/BTagMu/RAW/v1/000/359/661/00000/9747c9fa-2ec5-4ea7-9021-cf7e25f058d2.root 359661 [201,199,200]
/store/data/Run2022E/BTagMu/RAW/v1/000/359/661/00000/980037e2-b965-4c33-a34e-122ae026f59d.root 359661 [178,180,179]
/store/data/Run2022E/BTagMu/RAW/v1/000/359/661/00000/9bcfa527-325a-42c9-b22d-cd5b6dca113c.root 359661 [172,173,174]
/store/data/Run2022E/BTagMu/RAW/v1/000/359/661/00000/9e3fed0b-9faf-4c29-bc65-1657968dea87.root 359661 [9,10]
/store/data/Run2022E/BTagMu/RAW/v1/000/359/661/00000/a0132e17-5aeb-4354-b6a7-4a85a382618b.root 359661 [4,3,6,5]
/store/data/Run2022E/BTagMu/RAW/v1/000/359/661/00000/aaf63083-ea98-4728-81a0-e45ad86186ca.root 359661 [217,218,219]
/store/data/Run2022E/BTagMu/RAW/v1/000/359/661/00000/ab078411-e75f-4462-af12-4e99fab9f5db.root 359661 [100,97,101,99,98]
/store/data/Run2022E/BTagMu/RAW/v1/000/359/661/00000/ab6fded3-0b1b-4ce7-a425-19ca4df95707.root 359661 [137,140,139,138]
/store/data/Run2022E/BTagMu/RAW/v1/000/359/661/00000/b3b26db1-5234-4fbf-8570-b07bcc44aa35.root 359661 [196,198,197]
/store/data/Run2022E/BTagMu/RAW/v1/000/359/661/00000/b4aa69be-2974-435d-aa4a-1f68755240df.root 359661 [96,94,93,95,92]
/store/data/Run2022E/BTagMu/RAW/v1/000/359/661/00000/b802c173-b152-4121-ab07-2fb22a04732b.root 359661 [154,155,153]
/store/data/Run2022E/BTagMu/RAW/v1/000/359/661/00000/b9466d2b-729f-4b9d-9d1d-13d31cabe04f.root 359661 [57,58,60,55,59,61,56]
/store/data/Run2022E/BTagMu/RAW/v1/000/359/661/00000/bee4ab32-b8bc-493c-b97e-f44a0a21b89f.root 359661 [111,107,108,109,110]
/store/data/Run2022E/BTagMu/RAW/v1/000/359/661/00000/dc8c7ad4-05dc-4106-a88a-92bb40918391.root 359661 [222,220,221]
/store/data/Run2022E/BTagMu/RAW/v1/000/359/661/00000/ecb43709-f5cb-406d-a694-59bea846928a.root 359661 [102,106,105,103,104]
/store/data/Run2022E/BTagMu/RAW/v1/000/359/661/00000/f063f32b-1626-4964-b967-4f20b14f114e.root 359661 [165,163,164]
/store/data/Run2022E/BTagMu/RAW/v1/000/359/661/00000/f5298957-b587-4123-8ccf-9cd4ca043fc0.root 359661 [209,208,210]
/store/data/Run2022E/BTagMu/RAW/v1/000/359/661/00000/f676aab6-1664-4f17-b1fd-2858e2a923ef.root 359661 [158,157,156]
/store/data/Run2022E/BTagMu/RAW/v1/000/359/661/00000/f836e38c-40c8-4dec-9f47-2a0948cfcd32.root 359661 [168,166,167]
/store/data/Run2022E/BTagMu/RAW/v1/000/359/661/00000/fe6be243-28ae-4131-9a70-c28577842ac5.root 359661 [116,117,119,120,118]
/store/data/Run2022E/BTagMu/RAW/v1/000/359/685/00000/0389277c-2606-4daa-9e0a-f643ef6590bb.root 359685 [106,108,107]
/store/data/Run2022E/BTagMu/RAW/v1/000/359/685/00000/05f52184-6291-4010-9148-ef0e30524c93.root 359685 [124,125,126]
/store/data/Run2022E/BTagMu/RAW/v1/000/359/685/00000/13a9e4b5-4b82-4a50-b9c5-3d004515a3fe.root 359685 [48,47,46]
/store/data/Run2022E/BTagMu/RAW/v1/000/359/685/00000/13f81182-9e27-492a-8342-d769c566f4c0.root 359685 [84,82,83]
/store/data/Run2022E/BTagMu/RAW/v1/000/359/685/00000/1cab67cb-1e57-4782-bd9d-72413a8c2819.root 359685 [61,63,62]
/store/data/Run2022E/BTagMu/RAW/v1/000/359/685/00000/2032fbce-b002-478e-900b-8154798d6211.root 359685 [95,96,94]
/store/data/Run2022E/BTagMu/RAW/v1/000/359/685/00000/21bf2d48-a9cc-483b-810e-61ff84f946b2.root 359685 [129,128,127]
/store/data/Run2022E/BTagMu/RAW/v1/000/359/685/00000/22cb9bee-24fa-4934-ab73-a53f5581b003.root 359685 [112,114,113]
/store/data/Run2022E/BTagMu/RAW/v1/000/359/685/00000/231c5419-c124-48fa-a4ab-249e8061fdae.root 359685 [100,101,102]
/store/data/Run2022E/BTagMu/RAW/v1/000/359/685/00000/24c1ae23-260b-4256-8ff5-9a1a668c910a.root 359685 [12,10,11]
/store/data/Run2022E/BTagMu/RAW/v1/000/359/685/00000/25502b57-08db-4f83-b84f-b490bc01f2d9.root 359685 [110,109,111]
/store/data/Run2022E/BTagMu/RAW/v1/000/359/685/00000/3ce56f9e-4172-415b-a257-fd6f3320adf5.root 359685 [66,64,65]
/store/data/Run2022E/BTagMu/RAW/v1/000/359/685/00000/3e577180-fede-422f-a13a-d904f188a27c.root 359685 [118,120,119]
/store/data/Run2022E/BTagMu/RAW/v1/000/359/685/00000/44efa108-6bf2-4c07-8d4c-a458a79a33ab.root 359685 [77,78,76]
/store/data/Run2022E/BTagMu/RAW/v1/000/359/685/00000/45d363cd-2955-4230-a0a4-dd2317aedb46.root 359685 [71,72,70]
/store/data/Run2022E/BTagMu/RAW/v1/000/359/685/00000/49392776-7468-43d2-969c-4e144d647e12.root 359685 [25,26,27]
/store/data/Run2022E/BTagMu/RAW/v1/000/359/685/00000/4b40e991-d850-4861-b911-8d2b623a5608.root 359685 [80,81,79]
/store/data/Run2022E/BTagMu/RAW/v1/000/359/685/00000/4dc7f2f4-5cd3-48fc-829c-47ddcb2a3d3e.root 359685 [16,17,18]
/store/data/Run2022E/BTagMu/RAW/v1/000/359/685/00000/523e9db9-a07d-49e8-b6cb-287991748423.root 359685 [45,43,44]
/store/data/Run2022E/BTagMu/RAW/v1/000/359/685/00000/54567740-9f2f-4c8d-97c7-3e464abbb4e3.root 359685 [9,7,8]
/store/data/Run2022E/BTagMu/RAW/v1/000/359/685/00000/5b1ae1fa-5f90-4e09-a8c5-709a1cad9d34.root 359685 [74,73,75]
/store/data/Run2022E/BTagMu/RAW/v1/000/359/685/00000/5c99b258-bc95-4477-bb0c-833996e8432d.root 359685 [20,21,19]
/store/data/Run2022E/BTagMu/RAW/v1/000/359/685/00000/5cd3e4d1-9441-44c3-93c1-71653803540b.root 359685 [23,24,22]
/store/data/Run2022E/BTagMu/RAW/v1/000/359/685/00000/6410325c-3a3d-4ff1-bee1-9ea3ddf7039a.root 359685 [1,2,3]
/store/data/Run2022E/BTagMu/RAW/v1/000/359/685/00000/6aa440b0-f761-4c9e-8d8c-c969397b8bb7.root 359685 [91,92,93]
/store/data/Run2022E/BTagMu/RAW/v1/000/359/685/00000/6ca0c41f-df58-4d04-b6e4-6db69ff2cfc1.root 359685 [87,85,86]
/store/data/Run2022E/BTagMu/RAW/v1/000/359/685/00000/71dc00b6-f8ac-40f3-9e9c-4247b1b1cae3.root 359685 [122,121,123]
/store/data/Run2022E/BTagMu/RAW/v1/000/359/685/00000/72e5671e-a971-4eae-be2d-c21fd445a96b.root 359685 [97,98,99]
/store/data/Run2022E/BTagMu/RAW/v1/000/359/685/00000/7669be97-61b0-40b1-9a30-2bfbec43d3c6.root 359685 [28,29,30]
/store/data/Run2022E/BTagMu/RAW/v1/000/359/685/00000/8d7d9813-e1b6-4744-935a-e48f86faf722.root 359685 [69,68,67]
/store/data/Run2022E/BTagMu/RAW/v1/000/359/685/00000/901a0aa2-e7b0-4708-b0dc-9f84fd339a73.root 359685 [13,15,14]
/store/data/Run2022E/BTagMu/RAW/v1/000/359/685/00000/9a7586da-9140-48b3-a495-c24d391da75e.root 359685 [88,89,90]
/store/data/Run2022E/BTagMu/RAW/v1/000/359/685/00000/a8e0f53b-6207-4288-9331-b0ccfc3a565f.root 359685 [115,116,117]
/store/data/Run2022E/BTagMu/RAW/v1/000/359/685/00000/ab32d767-aa14-4188-8422-4ee9d82e6471.root 359685 [130,131,133,132]
/store/data/Run2022E/BTagMu/RAW/v1/000/359/685/00000/b573795c-693b-472d-80f3-4dcd6996d61f.root 359685 [5,4,6]
/store/data/Run2022E/BTagMu/RAW/v1/000/359/685/00000/bacc631c-b73d-47d6-90f8-1eb70c29139e.root 359685 [57,56,55]
/store/data/Run2022E/BTagMu/RAW/v1/000/359/685/00000/c1822947-29a8-4d20-810e-e82009a8daf3.root 359685 [40,41,42]
/store/data/Run2022E/BTagMu/RAW/v1/000/359/685/00000/c630a3f6-7f9a-4c1b-b96e-7ba42b2c59db.root 359685 [34,36,35]
/store/data/Run2022E/BTagMu/RAW/v1/000/359/685/00000/cf61ec28-961c-4c56-819a-01ce5d125bd2.root 359685 [58,59,60]
/store/data/Run2022E/BTagMu/RAW/v1/000/359/685/00000/d0030185-a594-45ca-b51e-257288591a91.root 359685 [53,52,54]
/store/data/Run2022E/BTagMu/RAW/v1/000/359/685/00000/d797204a-aeaf-4f2a-9031-6d631a3856b2.root 359685 [51,49,50]
/store/data/Run2022E/BTagMu/RAW/v1/000/359/685/00000/e1f30193-5c64-4a06-8e45-0a9a3d8f4257.root 359685 [104,105,103]
/store/data/Run2022E/BTagMu/RAW/v1/000/359/685/00000/f4621b7f-ba63-4a82-822a-7dccf6592b87.root 359685 [31,33,32]
/store/data/Run2022E/BTagMu/RAW/v1/000/359/685/00000/f4ddd75b-b69c-4944-a211-bf496894ef00.root 359685 [38,37,39]
/store/data/Run2022E/BTagMu/RAW/v1/000/359/686/00000/00b591c4-73e9-4c9e-b46c-4b11cf3f38b4.root 359686 [283,284,287,285,286]
/store/data/Run2022E/BTagMu/RAW/v1/000/359/686/00000/0165e943-a7bb-4210-ac65-c22b82e1fa69.root 359686 [141,140,142,143]
/store/data/Run2022E/BTagMu/RAW/v1/000/359/686/00000/018005ff-3547-481c-851e-843364903ffa.root 359686 [781,783,785,786,787,782,784]
/store/data/Run2022E/BTagMu/RAW/v1/000/359/686/00000/02d03e0c-5b89-4010-8b30-29e21e310738.root 359686 [353,355,357,356,354]
/store/data/Run2022E/BTagMu/RAW/v1/000/359/686/00000/02fc8f55-cd2d-4395-b04e-1cbe2af478f3.root 359686 [93,95,92,94]
/store/data/Run2022E/BTagMu/RAW/v1/000/359/686/00000/068fc34c-5a6f-4d1c-8b78-bfa9622e9af5.root 359686 [172,173,174,175]
/store/data/Run2022E/BTagMu/RAW/v1/000/359/686/00000/0807930b-e579-4871-86d4-99264b8a8f1c.root 359686 [574,578,579,575,576,577]
/store/data/Run2022E/BTagMu/RAW/v1/000/359/686/00000/086cf2c9-1fe5-4a2a-9b7b-e8a1ae0346b8.root 359686 [411,409,410,408,412]
/store/data/Run2022E/BTagMu/RAW/v1/000/359/686/00000/098b05f2-afb1-4a2e-b472-2725881389e0.root 359686 [424,427,423,426,425]
/store/data/Run2022E/BTagMu/RAW/v1/000/359/686/00000/0baef433-6d3e-462f-8fef-fd93f53a862e.root 359686 [255,253,256,257,254]
/store/data/Run2022E/BTagMu/RAW/v1/000/359/686/00000/0c4af80e-849c-4c5f-aece-d3271a430486.root 359686 [288,292,289,291,290]
/store/data/Run2022E/BTagMu/RAW/v1/000/359/686/00000/0e3046a3-b575-428f-b470-7c0765518905.root 359686 [54,55,52,53]
/store/data/Run2022E/BTagMu/RAW/v1/000/359/686/00000/102ad51d-d706-4b33-95d7-ed32573d48a6.root 359686 [68,69,70,71]
/store/data/Run2022E/BTagMu/RAW/v1/000/359/686/00000/126f1e25-ab16-4f94-af9b-21bda6195d4e.root 359686 [495,492,494,490,491,493]
/store/data/Run2022E/BTagMu/RAW/v1/000/359/686/00000/13237735-f2f9-4911-b297-09e412c3e686.root 359686 [444,447,446,448,445]
/store/data/Run2022E/BTagMu/RAW/v1/000/359/686/00000/133993e2-fc10-4f79-8191-710ca2399fbe.root 359686 [441,442,439,440,443]
/store/data/Run2022E/BTagMu/RAW/v1/000/359/686/00000/154f0e36-4ac8-4bd3-a9e3-06de7d5f471a.root 359686 [38,39,37,36]
/store/data/Run2022E/BTagMu/RAW/v1/000/359/686/00000/166a30e4-94a6-4e75-be57-239a17899c7e.root 359686 [4,5,6,7]
/store/data/Run2022E/BTagMu/RAW/v1/000/359/686/00000/175a7e62-843e-4da8-86ca-7793827775d6.root 359686 [848,849,846,847,845,850,851,852]
/store/data/Run2022E/BTagMu/RAW/v1/000/359/686/00000/17fb8a69-be37-4a0c-a1de-8dfa56765b10.root 359686 [707,709,708,706,705,710,704]
/store/data/Run2022E/BTagMu/RAW/v1/000/359/686/00000/19ccf574-cbd1-446f-a11e-c10a543187b2.root 359686 [510,508,509,512,513,511]
/store/data/Run2022E/BTagMu/RAW/v1/000/359/686/00000/1a3f91ea-14ca-4502-9feb-cba467d7d0ef.root 359686 [190,189,188,191]
/store/data/Run2022E/BTagMu/RAW/v1/000/359/686/00000/1ac903cb-4aca-422b-8d9d-f0f5f5ae840b.root 359686 [138,137,139,136]
/store/data/Run2022E/BTagMu/RAW/v1/000/359/686/00000/1ba04fc5-0e7d-46c2-90a0-7ff5476ea14b.root 359686 [628,633,630,631,629,632]
/store/data/Run2022E/BTagMu/RAW/v1/000/359/686/00000/1c44ec3b-520d-4f20-bc4c-31f7a81702d2.root 359686 [620,618,619,617,616,621]
/store/data/Run2022E/BTagMu/RAW/v1/000/359/686/00000/1d0f846f-0ea0-4b0a-ad45-c6151f5f0c53.root 359686 [47,44,45,46]
/store/data/Run2022E/BTagMu/RAW/v1/000/359/686/00000/2213ea38-6c21-4525-bb2d-c93402ddd18f.root 359686 [72,75,74,73]
/store/data/Run2022E/BTagMu/RAW/v1/000/359/686/00000/2244b06b-2c39-475b-b4da-2f3ac4690fb5.root 359686 [306,307,304,305,303]
/store/data/Run2022E/BTagMu/RAW/v1/000/359/686/00000/23cf08ae-0ed7-4768-a983-9749fece75d6.root 359686 [770,768,767,771,773,772,769]
/store/data/Run2022E/BTagMu/RAW/v1/000/359/686/00000/24a1ccc3-95be-4871-8151-d025cc72014b.root 359686 [464,462,465,460,461,463]
/store/data/Run2022E/BTagMu/RAW/v1/000/359/686/00000/24bf6eda-c403-4ae6-94e4-d5b2c65c9269.root 359686 [586,588,587,591,589,590]
/store/data/Run2022E/BTagMu/RAW/v1/000/359/686/00000/25051431-cc0a-4085-91fe-a318574fbfc9.root 359686 [209,208,211,210]
/store/data/Run2022E/BTagMu/RAW/v1/000/359/686/00000/25b73218-e84d-45a5-9028-7eeca9e9bec3.root 359686 [320,319,318,321,322]
/store/data/Run2022E/BTagMu/RAW/v1/000/359/686/00000/264d4e9a-d76a-4c27-884a-c735b7afed15.root 359686 [226,228,227,225]
/store/data/Run2022E/BTagMu/RAW/v1/000/359/686/00000/27767b94-dac9-4780-b42d-1bdd79d31d92.root 359686 [79,77,76,78]
/store/data/Run2022E/BTagMu/RAW/v1/000/359/686/00000/28355c7d-9883-464b-aafb-5460a234e7e6.root 359686 [118,116,117,119]
/store/data/Run2022E/BTagMu/RAW/v1/000/359/686/00000/29e7f96b-d1ab-403c-b969-5638b9e12dd0.root 359686 [334,337,333,336,335]
/store/data/Run2022E/BTagMu/RAW/v1/000/359/686/00000/2c1344eb-4b5d-4f72-b505-170a5186cef4.root 359686 [733,734,735,732,737,736,738]
/store/data/Run2022E/BTagMu/RAW/v1/000/359/686/00000/309c70ed-72fa-40a7-b0a1-83ba43fa320e.root 359686 [57,58,56,59]
/store/data/Run2022E/BTagMu/RAW/v1/000/359/686/00000/31e006a9-b645-4b66-9734-bf0486628cd1.root 359686 [217,220,216,218,219]
/store/data/Run2022E/BTagMu/RAW/v1/000/359/686/00000/32ac2a15-d680-4f4c-be0c-9ec0c0b43fdf.root 359686 [813,809,811,812,810,814,815]
/store/data/Run2022E/BTagMu/RAW/v1/000/359/686/00000/39553a2d-3056-43a8-ac0e-5b2b4a76a4fb.root 359686 [879,880,882,884,877,881,883,878]
/store/data/Run2022E/BTagMu/RAW/v1/000/359/686/00000/39a80539-830d-4420-9c8a-9eb9e14c6da9.root 359686 [101,103,100,102]
/store/data/Run2022E/BTagMu/RAW/v1/000/359/686/00000/3a90f1b1-0178-4162-b18b-f608ddfb9f8f.root 359686 [317,315,313,316,314]
/store/data/Run2022E/BTagMu/RAW/v1/000/359/686/00000/3b6e5dc1-f812-414b-98bf-1e3b0a9351c2.root 359686 [331,328,330,329,332]
/store/data/Run2022E/BTagMu/RAW/v1/000/359/686/00000/3bdf089b-7997-4805-9f6d-9fd25ef9d964.root 359686 [234,236,235,238,237]
/store/data/Run2022E/BTagMu/RAW/v1/000/359/686/00000/3d2cbde9-3157-4b96-a2bf-b85f29cb37d7.root 359686 [195,192,193,194]
/store/data/Run2022E/BTagMu/RAW/v1/000/359/686/00000/40064b64-ecfb-4de8-b23d-319020e1cfbf.root 359686 [505,506,503,502,504,507]
/store/data/Run2022E/BTagMu/RAW/v1/000/359/686/00000/40dcdec3-27d4-44f2-9995-b95875f6586b.root 359686 [109,111,108,110]
/store/data/Run2022E/BTagMu/RAW/v1/000/359/686/00000/4188e41b-d742-4f58-b22d-7be36e313a73.root 359686 [229,233,230,231,232]
/store/data/Run2022E/BTagMu/RAW/v1/000/359/686/00000/4233a77c-4e93-43ac-9f13-00b0b2657bc0.root 359686 [49,51,48,50]
/store/data/Run2022E/BTagMu/RAW/v1/000/359/686/00000/43ca0938-5506-476f-8c47-1aa24b623a91.root 359686 [609,606,605,607,604,608]
/store/data/Run2022E/BTagMu/RAW/v1/000/359/686/00000/46b2e4bd-7d0e-4dc9-b046-6e2f1ec15ae8.root 359686 [740,743,741,739,745,742,744]
/store/data/Run2022E/BTagMu/RAW/v1/000/359/686/00000/471e4003-21a7-40de-bd30-4ce6d2e8bb41.root 359686 [676,677,679,680,681,678,682]
/store/data/Run2022E/BTagMu/RAW/v1/000/359/686/00000/4998aee3-6848-467e-b317-fbe6f8e4dc30.root 359686 [97,99,98,96]
/store/data/Run2022E/BTagMu/RAW/v1/000/359/686/00000/4c5da58d-08dd-4fd0-8479-f58af8d55b5b.root 359686 [797,795,800,799,801,798,796]
/store/data/Run2022E/BTagMu/RAW/v1/000/359/686/00000/4e999f7e-2189-4de8-948c-40fdf7ab3449.root 359686 [13,12,11]
/store/data/Run2022E/BTagMu/RAW/v1/000/359/686/00000/50f81daf-cf82-4940-88d4-facbb5e7339e.root 359686 [547,549,546,544,545,548]
/store/data/Run2022E/BTagMu/RAW/v1/000/359/686/00000/54bc240b-7745-4182-8045-a1b7fff5bff7.root 359686 [550,553,555,551,552,554]
/store/data/Run2022E/BTagMu/RAW/v1/000/359/686/00000/55387570-51f1-433f-b94e-ac021f83321f.root 359686 [641,647,643,642,645,644,646]
/store/data/Run2022E/BTagMu/RAW/v1/000/359/686/00000/55dae23b-ae89-467c-bf32-dc0f4fb24ff8.root 359686 [560,559,557,558,561,556]
/store/data/Run2022E/BTagMu/RAW/v1/000/359/686/00000/5751245c-722c-419e-b3a1-17dc53cb82f8.root 359686 [267,264,265,266,263]
/store/data/Run2022E/BTagMu/RAW/v1/000/359/686/00000/578a75e0-8d28-4cf8-926a-c16446c0858a.root 359686 [477,474,476,472,473,475]
/store/data/Run2022E/BTagMu/RAW/v1/000/359/686/00000/59c15f02-6a81-4308-ad53-87ae092ddf43.root 359686 [611,615,612,610,614,613]
/store/data/Run2022E/BTagMu/RAW/v1/000/359/686/00000/5b751589-fd35-49f6-a569-51871ebf5544.root 359686 [779,780,776,777,778,775,774]
/store/data/Run2022E/BTagMu/RAW/v1/000/359/686/00000/5ba103e4-20f9-44bc-a872-3a35da34fe9d.root 359686 [400,401,402,399,398]
/store/data/Run2022E/BTagMu/RAW/v1/000/359/686/00000/5c73c7ee-5294-418d-ae09-d9631e476748.root 359686 [429,430,431,432,428]
/store/data/Run2022E/BTagMu/RAW/v1/000/359/686/00000/5c836464-0bc9-46cb-969f-fa5172d98bd8.root 359686 [874,875,876,873,869,870,871,872]
/store/data/Run2022E/BTagMu/RAW/v1/000/359/686/00000/5c965079-36c7-4af7-9820-350e37e51136.root 359686 [379,381,382,378,380]
/store/data/Run2022E/BTagMu/RAW/v1/000/359/686/00000/5d6c7251-7fe8-4aa9-8ade-8c2dd6d31c61.root 359686 [653,648,654,650,652,651,649]
/store/data/Run2022E/BTagMu/RAW/v1/000/359/686/00000/5d9c5c4b-cfb9-411b-a8b4-eaafaf565fd1.root 359686 [156,157,158,159]
/store/data/Run2022E/BTagMu/RAW/v1/000/359/686/00000/5dc45939-8439-452b-b793-a10562a1b9d7.root 359686 [789,788,792,794,790,791,793]
/store/data/Run2022E/BTagMu/RAW/v1/000/359/686/00000/5ebc1407-3c8c-4887-8c46-1edd8f5ca692.root 359686 [149,148,151,150]
/store/data/Run2022E/BTagMu/RAW/v1/000/359/686/00000/6033c10e-fdb9-443f-96ed-cf4d5112e175.root 359686 [451,449,450,453,452,454]
/store/data/Run2022E/BTagMu/RAW/v1/000/359/686/00000/62672397-ce72-4f19-9c9d-b8447d73c036.root 359686 [28,30,31,29]
/store/data/Run2022E/BTagMu/RAW/v1/000/359/686/00000/635c9ba4-a0f8-40b2-8c76-f76798ab5fa6.root 359686 [567,565,563,562,566,564]
/store/data/Run2022E/BTagMu/RAW/v1/000/359/686/00000/6827949f-30fb-4d4d-a03b-185ba6c57006.root 359686 [711,717,714,716,713,715,712]
/store/data/Run2022E/BTagMu/RAW/v1/000/359/686/00000/6bb41d7f-9552-4875-9236-a951b570418f.root 359686 [374,375,377,376,373]
/store/data/Run2022E/BTagMu/RAW/v1/000/359/686/00000/6d4812bb-9bdb-43d7-be00-f8db4bb376c6.root 359686 [180,181,183,182]
/store/data/Run2022E/BTagMu/RAW/v1/000/359/686/00000/6ebfb5ec-aca1-4c1a-9526-75d3a0dab4cb.root 359686 [146,144,147,145]
/store/data/Run2022E/BTagMu/RAW/v1/000/359/686/00000/6f0a6a99-8f96-4d53-baa9-a2663f0d8473.root 359686 [164,166,167,165]
/store/data/Run2022E/BTagMu/RAW/v1/000/359/686/00000/6f23285c-2fa5-46ba-a59e-ddc6f6a82280.root 359686 [664,667,665,662,668,666,663]
/store/data/Run2022E/BTagMu/RAW/v1/000/359/686/00000/70796529-720b-4721-bae0-c40e22dad482.root 359686 [498,499,501,496,497,500]
/store/data/Run2022E/BTagMu/RAW/v1/000/359/686/00000/73a83485-9ad8-4e6a-b054-ad7f91734f34.root 359686 [520,521,522,523,524,525]
/store/data/Run2022E/BTagMu/RAW/v1/000/359/686/00000/75ae3541-7fdf-487f-b14d-8ecfd9fffd0d.root 359686 [15,16,14]
/store/data/Run2022E/BTagMu/RAW/v1/000/359/686/00000/7604634b-1f42-4004-b269-bf582c7aa705.root 359686 [718,720,721,723,724,719,722]
/store/data/Run2022E/BTagMu/RAW/v1/000/359/686/00000/773a31cd-f6b8-4c1a-8392-17464dc7df62.root 359686 [223,221,224,222]
/store/data/Run2022E/BTagMu/RAW/v1/000/359/686/00000/78f34ff0-cee7-4b38-9181-005e7262b065.root 359686 [152,153,154,155]
/store/data/Run2022E/BTagMu/RAW/v1/000/359/686/00000/7901faeb-0e03-4e63-8b71-743197ef296f.root 359686 [527,526,530,528,529,531]
/store/data/Run2022E/BTagMu/RAW/v1/000/359/686/00000/7a008701-790a-449d-b614-4472116b956d.root 359686 [840,844,843,838,841,837,842,839]
/store/data/Run2022E/BTagMu/RAW/v1/000/359/686/00000/7a7fe745-24fd-4994-b4c3-bbd84af62aef.root 359686 [34,35,33,32]
/store/data/Run2022E/BTagMu/RAW/v1/000/359/686/00000/7b75443f-de2d-489c-9373-dad9baa882fe.root 359686 [516,519,515,514,517,518]
/store/data/Run2022E/BTagMu/RAW/v1/000/359/686/00000/7db37d26-89c1-44d0-9569-5ba429296e6d.root 359686 [623,624,626,622,627,625]
/store/data/Run2022E/BTagMu/RAW/v1/000/359/686/00000/7eb406f2-fc5d-4298-b8ff-bb355669d149.root 359686 [360,359,361,358,362]
/store/data/Run2022E/BTagMu/RAW/v1/000/359/686/00000/7fbdb71c-554e-40f0-a3e3-24eb6deb0b23.root 359686 [702,703,698,700,699,697,701]
/store/data/Run2022E/BTagMu/RAW/v1/000/359/686/00000/846b641a-21d6-4a38-80d6-4574bc531c61.root 359686 [438,433,435,436,437,434]
/store/data/Run2022E/BTagMu/RAW/v1/000/359/686/00000/87fb9650-fd23-4c5b-8bb7-aab4acbe29c8.root 359686 [81,82,83,80]
/store/data/Run2022E/BTagMu/RAW/v1/000/359/686/00000/8b195032-21b8-4467-99b9-7c567c40d156.root 359686 [389,391,390,392,388]
/store/data/Run2022E/BTagMu/RAW/v1/000/359/686/00000/8d20ed58-b945-4551-a333-a2b9f1163886.root 359686 [196,199,198,197]
/store/data/Run2022E/BTagMu/RAW/v1/000/359/686/00000/8d2f635f-6446-4f6e-a985-0bf9da9c7aa1.root 359686 [639,634,636,635,640,637,638]
/store/data/Run2022E/BTagMu/RAW/v1/000/359/686/00000/8f1371fe-f148-4319-bb40-bef4956b8a7d.root 359686 [339,342,340,338,341]
/store/data/Run2022E/BTagMu/RAW/v1/000/359/686/00000/9004971f-0279-4c10-bc09-75c426f23045.root 359686 [417,414,415,413,416]
/store/data/Run2022E/BTagMu/RAW/v1/000/359/686/00000/9023d594-eec3-4cf9-9e07-e2506c767ea7.root 359686 [419,420,422,421,418]
/store/data/Run2022E/BTagMu/RAW/v1/000/359/686/00000/90d0dda0-7568-47ac-be88-ba9d88310fbd.root 359686 [66,64,65,67]
/store/data/Run2022E/BTagMu/RAW/v1/000/359/686/00000/935bdbd2-a94a-4ba3-a367-0182fe384f3e.root 359686 [542,539,540,541,543,538]
/store/data/Run2022E/BTagMu/RAW/v1/000/359/686/00000/94f0c0a2-cfb1-4403-9168-222c2466cb08.root 359686 [819,822,818,820,816,817,821]
/store/data/Run2022E/BTagMu/RAW/v1/000/359/686/00000/96b132c4-0f10-42ec-ad81-26a4fa3b7294.root 359686 [24,27,25,26]
/store/data/Run2022E/BTagMu/RAW/v1/000/359/686/00000/9864770e-40e2-4798-8b4a-74d9f90fd227.root 359686 [61,60,62,63]
/store/data/Run2022E/BTagMu/RAW/v1/000/359/686/00000/98b4411b-d2a6-4fb5-84a2-ec39eb45e9b9.root 359686 [924,920,923,917,921,922,918,919]
/store/data/Run2022E/BTagMu/RAW/v1/000/359/686/00000/98b5a8ab-34c7-423b-bbb4-8bade8ac6276.root 359686 [120,123,121,122]
/store/data/Run2022E/BTagMu/RAW/v1/000/359/686/00000/997d1aa5-9fb0-4328-b130-23e363b6dc67.root 359686 [21,23,22]
/store/data/Run2022E/BTagMu/RAW/v1/000/359/686/00000/9a14023b-52c1-4ba5-adbe-13b882426192.root 359686 [480,483,478,479,481,482]
/store/data/Run2022E/BTagMu/RAW/v1/000/359/686/00000/9aa82e54-7f3a-4780-9dc8-3db7ac0fcebb.root 359686 [125,126,124,127]
/store/data/Run2022E/BTagMu/RAW/v1/000/359/686/00000/9dd21d9c-a177-4223-adf9-0f12684741a1.root 359686 [372,368,370,371,369]
/store/data/Run2022E/BTagMu/RAW/v1/000/359/686/00000/a193bdfc-7e2b-466f-81e0-75e15e11ec0b.root 359686 [295,294,297,293,296]
/store/data/Run2022E/BTagMu/RAW/v1/000/359/686/00000/a273e129-204d-496d-b4d9-02718306b74c.root 359686 [242,239,243,241,240]
/store/data/Run2022E/BTagMu/RAW/v1/000/359/686/00000/a7372b44-a833-4530-9108-455e652e2f30.root 359686 [933,934]
/store/data/Run2022E/BTagMu/RAW/v1/000/359/686/00000/a8061e2b-edc0-4000-848f-c9c01e0398a8.root 359686 [246,245,244,247]
/store/data/Run2022E/BTagMu/RAW/v1/000/359/686/00000/aa37b43c-e73e-471c-bcf3-fd75b6f3f3e3.root 359686 [458,455,457,456,459]
/store/data/Run2022E/BTagMu/RAW/v1/000/359/686/00000/aa88bda6-87f3-4b3d-81dc-0e967f9a915d.root 359686 [203,201,200,202]
/store/data/Run2022E/BTagMu/RAW/v1/000/359/686/00000/abca1439-0835-4c4c-a32d-22fe7bc6a65e.root 359686 [252,248,250,251,249]
/store/data/Run2022E/BTagMu/RAW/v1/000/359/686/00000/ac12e15b-b5f3-49c0-ba4d-fab3073f77c5.root 359686 [300,302,298,301,299]
/store/data/Run2022E/BTagMu/RAW/v1/000/359/686/00000/ad5c089e-a1b4-4a70-b756-d6aa62c592e8.root 359686 [485,487,484,488,486,489]
/store/data/Run2022E/BTagMu/RAW/v1/000/359/686/00000/adb4e110-7e08-4faa-a499-abaccd7f527e.root 359686 [41,42,43,40]
/store/data/Run2022E/BTagMu/RAW/v1/000/359/686/00000/af0569b7-7a21-4f54-a246-23a76f796e7e.root 359686 [592,595,593,594,596,597]
/store/data/Run2022E/BTagMu/RAW/v1/000/359/686/00000/b043c620-4195-4c31-8bb5-759f07aa53e3.root 359686 [598,602,599,601,603,600]
/store/data/Run2022E/BTagMu/RAW/v1/000/359/686/00000/b0a90cc9-cd59-4267-bde2-6353f1d2fb49.root 359686 [89,90,91,88]
/store/data/Run2022E/BTagMu/RAW/v1/000/359/686/00000/b0dfeab7-7442-438d-9666-43e47a923545.root 359686 [107,106,105,104]
/store/data/Run2022E/BTagMu/RAW/v1/000/359/686/00000/b25148ce-0b8e-443c-92c0-b079b338ae05.root 359686 [754,758,755,756,757,759,753]
/store/data/Run2022E/BTagMu/RAW/v1/000/359/686/00000/b88fe94f-f044-48d7-8593-f6bb8274eb97.root 359686 [912,915,914,916,909,913,910,911]
/store/data/Run2022E/BTagMu/RAW/v1/000/359/686/00000/ba3d3bd4-0b6e-4948-a83d-4a6ebe795927.root 359686 [729,727,728,731,725,726,730]
/store/data/Run2022E/BTagMu/RAW/v1/000/359/686/00000/bcfe440a-16c4-45a6-9ef9-2dc13c9f72f6.root 359686 [927,926,925,932,928,930,931,929]
/store/data/Run2022E/BTagMu/RAW/v1/000/359/686/00000/c2ca3e52-8692-4cc9-ad91-d45800a44d84.root 359686 [836,832,833,834,830,831,835]
/store/data/Run2022E/BTagMu/RAW/v1/000/359/686/00000/c3ba4bcc-5949-4117-94b0-2e3d7e27251b.root 359686 [860,858,854,857,859,853,856,855]
/store/data/Run2022E/BTagMu/RAW/v1/000/359/686/00000/c3d68a80-3032-4ef9-ad72-f4e050616a2a.root 359686 [269,270,271,272,268]
/store/data/Run2022E/BTagMu/RAW/v1/000/359/686/00000/c87ebdfd-066c-47bb-a909-66b326308229.root 359686 [407,404,406,403,405]
/store/data/Run2022E/BTagMu/RAW/v1/000/359/686/00000/cdf27e05-df20-40f6-ae00-3192ac08133d.root 359686 [207,204,205,206]
/store/data/Run2022E/BTagMu/RAW/v1/000/359/686/00000/ce73fba0-f88e-4edf-a279-d4d2f0a24a55.root 359686 [396,393,394,397,395]
/store/data/Run2022E/BTagMu/RAW/v1/000/359/686/00000/ceb4024c-de84-4379-9ca9-445f61103ef7.root 359686 [171,168,169,170]
/store/data/Run2022E/BTagMu/RAW/v1/000/359/686/00000/cf044969-f86a-448d-9abd-1e182ee6f4d3.root 359686 [276,277,275,273,274]
/store/data/Run2022E/BTagMu/RAW/v1/000/359/686/00000/d0035e07-ba0f-462d-a32d-e1b23392f7f4.root 359686 [178,179,176,177]
/store/data/Run2022E/BTagMu/RAW/v1/000/359/686/00000/d352c0c5-9ecf-4e71-b2e4-560bcde39b4d.root 359686 [580,581,582,584,585,583]
/store/data/Run2022E/BTagMu/RAW/v1/000/359/686/00000/d3effe16-4089-4620-b90a-5dc3559f457a.root 359686 [890,891,887,888,892,886,889,885]
/store/data/Run2022E/BTagMu/RAW/v1/000/359/686/00000/d4356984-04de-4691-8b6f-71fa0e39ee88.root 359686 [20,19,17,18]
/store/data/Run2022E/BTagMu/RAW/v1/000/359/686/00000/d6530418-2ee6-4dd0-bae8-abf3fded3f87.root 359686 [1,2,3]
/store/data/Run2022E/BTagMu/RAW/v1/000/359/686/00000/d892c5a8-4eba-41c9-a742-c1ebd30aa9e7.root 359686 [308,309,311,310,312]
/store/data/Run2022E/BTagMu/RAW/v1/000/359/686/00000/d905fef3-cb89-4838-b044-fa9a92bb7941.root 359686 [750,748,752,746,747,749,751]
/store/data/Run2022E/BTagMu/RAW/v1/000/359/686/00000/d9a84cc9-241f-4985-8758-574ccc459791.root 359686 [766,763,760,764,765,761,762]
/store/data/Run2022E/BTagMu/RAW/v1/000/359/686/00000/daa452f5-1850-489f-a0a8-3984c4072af2.root 359686 [212,214,213,215]
/store/data/Run2022E/BTagMu/RAW/v1/000/359/686/00000/daba39a0-533c-4152-aff4-9ae3a02b0207.root 359686 [131,128,129,130]
/store/data/Run2022E/BTagMu/RAW/v1/000/359/686/00000/dbc98925-fe69-4128-81f8-8d0c6e8df69c.root 359686 [132,133,134,135]
/store/data/Run2022E/BTagMu/RAW/v1/000/359/686/00000/e16b2892-7333-4890-9c23-0a4f6d7d5d6e.root 359686 [386,383,384,385,387]
/store/data/Run2022E/BTagMu/RAW/v1/000/359/686/00000/e30a0836-8999-48f1-98f7-37d269ce8243.root 359686 [363,366,365,367,364]
/store/data/Run2022E/BTagMu/RAW/v1/000/359/686/00000/e394ddd0-1f58-4317-91fc-3b1cc4c51a15.root 359686 [803,806,808,805,804,802,807]
/store/data/Run2022E/BTagMu/RAW/v1/000/359/686/00000/e3ee1cca-3d88-4346-b270-91ca0704f38b.root 359686 [572,569,570,568,571,573]
/store/data/Run2022E/BTagMu/RAW/v1/000/359/686/00000/e54a7902-1f75-46f4-91b1-3ad487859871.root 359686 [825,827,824,829,826,823,828]
/store/data/Run2022E/BTagMu/RAW/v1/000/359/686/00000/e8123827-f21d-4f97-bf17-8fb51e1a9914.root 359686 [675,669,672,673,671,670,674]
/store/data/Run2022E/BTagMu/RAW/v1/000/359/686/00000/e87370ce-228a-472e-866e-3614919f6ced.root 359686 [160,161,163,162]
/store/data/Run2022E/BTagMu/RAW/v1/000/359/686/00000/e88ec3fb-5523-4224-ab30-8e3407ac4031.root 359686 [86,84,85,87]
/store/data/Run2022E/BTagMu/RAW/v1/000/359/686/00000/e8d8e514-f2be-4df4-a581-3d29aa1c4174.root 359686 [185,184,187,186]
/store/data/Run2022E/BTagMu/RAW/v1/000/359/686/00000/e97ae47c-59fd-4533-ae7c-4848fcf70afe.root 359686 [112,114,115,113]
/store/data/Run2022E/BTagMu/RAW/v1/000/359/686/00000/e9d9f0a4-ba10-4909-9231-aeb39410043d.root 359686 [466,469,467,468,471,470]
/store/data/Run2022E/BTagMu/RAW/v1/000/359/686/00000/ea65b6b2-4ef9-4656-b3d4-2c373595eda2.root 359686 [258,261,259,260,262]
/store/data/Run2022E/BTagMu/RAW/v1/000/359/686/00000/ecc3c669-f52c-47c4-8b20-2f369ab8d6c1.root 359686 [350,348,351,352,349]
/store/data/Run2022E/BTagMu/RAW/v1/000/359/686/00000/eda661bf-f55d-4988-926b-d5c5fa219159.root 359686 [326,325,323,324,327]
/store/data/Run2022E/BTagMu/RAW/v1/000/359/686/00000/ee642e10-1ea5-486b-9427-122ea22856e4.root 359686 [278,281,282,279,280]
/store/data/Run2022E/BTagMu/RAW/v1/000/359/686/00000/eeed2a16-5a38-4de0-84e4-cce3c0149163.root 359686 [683,684,686,688,689,685,687]
/store/data/Run2022E/BTagMu/RAW/v1/000/359/686/00000/f1fef1be-c27b-497d-9131-0e3500dddf9a.root 359686 [9,10,8]
/store/data/Run2022E/BTagMu/RAW/v1/000/359/686/00000/f46feb22-b2ad-48c7-b1f6-a36f510ba626.root 359686 [903,904,906,908,902,907,901,905]
/store/data/Run2022E/BTagMu/RAW/v1/000/359/686/00000/f6e4be63-383e-4b74-ba6b-529f05967834.root 359686 [656,658,659,655,657,660,661]
/store/data/Run2022E/BTagMu/RAW/v1/000/359/686/00000/f7356483-8b14-428e-8ce6-0e95fbcb377a.root 359686 [693,695,696,691,694,692,690]
/store/data/Run2022E/BTagMu/RAW/v1/000/359/686/00000/f8540207-3d40-4bcf-a188-8cd2fa29e4ac.root 359686 [863,864,861,862,865,866,867,868]
/store/data/Run2022E/BTagMu/RAW/v1/000/359/686/00000/fd6263ad-f972-4359-b265-4045889d3018.root 359686 [344,343,346,345,347]
/store/data/Run2022E/BTagMu/RAW/v1/000/359/686/00000/fd67e2fb-4052-4aba-877b-28a6b6e78660.root 359686 [532,534,533,535,537,536]
/store/data/Run2022E/BTagMu/RAW/v1/000/359/686/00000/fd9d0f92-56c7-4c9f-91fd-18cb1c7875af.root 359686 [899,896,900,897,898,894,893,895]
