/store/data/Run2023D/ScoutingPFMonitor/RAW/v1/000/369/978/00000/02704c70-43d3-4df9-a19c-4e55d871173b.root [226,227,230,233,238,241,229,231,237,228,232,234,239,240,243,236,242,235]
/store/data/Run2023D/ScoutingPFMonitor/RAW/v1/000/369/978/00000/0910587c-d55d-4bf4-8cf5-e176c3055dd2.root [555,567,569,566,568,570,561,564,556,563,553,554,557,559,560,552,558,562,565]
/store/data/Run2023D/ScoutingPFMonitor/RAW/v1/000/369/978/00000/158d899d-5dc2-4110-b32d-6c906c4cdf04.root [659,664,667,656,660,661,668,678,676,669,671,675,665,674,655,658,662,663,657,666,670,672,673,677]
/store/data/Run2023D/ScoutingPFMonitor/RAW/v1/000/369/978/00000/15d705c5-d82b-4c34-99d6-9938c27721a3.root [461,465,468,471,463,472,464,469,474,478,466,467,476,473,475,477,470,462]
/store/data/Run2023D/ScoutingPFMonitor/RAW/v1/000/369/978/00000/1f71806a-9175-4a64-8560-60fb650a086d.root [24,31,35,45,46,53,55,58,69,73,77,93,19,20,28,52,54,68,76,78,85,92,94,96,26,29,56,59,65,75,79,80,81,82,83,89,33,37,39,40,51,60,64,88,90,18,27,38,72,95,30,34,36,42,49,50,71,86,22,23,41,43,47,48,61,62,67,74,84,87,91,97,21,25,32,44,57,63,66,70]
/store/data/Run2023D/ScoutingPFMonitor/RAW/v1/000/369/978/00000/2373e1ef-e62a-443f-9fa1-c27695d62302.root [534,544,536,535,537,539,549,533,541,543,545,546,550,538,548,551,540,542,547]
/store/data/Run2023D/ScoutingPFMonitor/RAW/v1/000/369/978/00000/3365f150-572e-4e7b-a43d-3bec6b374a96.root [376,379,387,383,384,386,380,372,374,375,385,377,371,382,373,378,381,388]
/store/data/Run2023D/ScoutingPFMonitor/RAW/v1/000/369/978/00000/349ecdf4-640c-4cb7-b683-e5d0cb676467.root [611,614,618,620,629,617,625,619,630,631,612,613,615,626,627,616,621,622,628,623,624,632]
/store/data/Run2023D/ScoutingPFMonitor/RAW/v1/000/369/978/00000/3fe0132c-c774-43ba-8fd3-ad63c81f3784.root [765,769,771,754,760,751,756,762,767,770,749,752,757,750,755,759,763,764,758,761,766,753,768]
/store/data/Run2023D/ScoutingPFMonitor/RAW/v1/000/369/978/00000/4359e632-172b-41fc-ac25-5de91bd1dd46.root [340,346,347,349,335,344,338,336,351,352,353,339,343,350,337,342,345,348,341]
/store/data/Run2023D/ScoutingPFMonitor/RAW/v1/000/369/978/00000/43f73c35-a341-40fe-b2dd-0629fe8032e0.root [267,268,265,274,275,276,271,272,273,264,263,266,270,262,269,277,278,279]
/store/data/Run2023D/ScoutingPFMonitor/RAW/v1/000/369/978/00000/679dd738-c429-4271-ab00-95cf27d43764.root [11,13,16,12,15,7,10,8,6,14,9]
/store/data/Run2023D/ScoutingPFMonitor/RAW/v1/000/369/978/00000/68f1d9bc-a214-4e2e-a242-f584462131cb.root [303,298,300,305,306,301,304,311,313,314,310,308,309,299,302,312,307,315]
/store/data/Run2023D/ScoutingPFMonitor/RAW/v1/000/369/978/00000/6b10d361-1385-4d6c-85af-5f1cf9984d0f.root [424,427,436,441,435,439,433,438,429,425,434,437,426,428,430,431,432,440]
/store/data/Run2023D/ScoutingPFMonitor/RAW/v1/000/369/978/00000/6c57c9a4-6c7c-4e5a-b222-8deb04bcd1b7.root [390,391,401,393,398,404,389,392,397,394,396,399,405,403,395,402,400]
/store/data/Run2023D/ScoutingPFMonitor/RAW/v1/000/369/978/00000/6fa7efdd-7f4e-4cfb-abac-81a751970e7e.root [522,527,530,532,523,531,516,518,521,525,526,514,520,519,515,517,524,528,529]
/store/data/Run2023D/ScoutingPFMonitor/RAW/v1/000/369/978/00000/7402e3ef-dedf-4fe4-b1f5-8f402c6c63d7.root [420,409,410,423,418,421,407,416,408,414,415,411,412,417,422,406,413,419]
/store/data/Run2023D/ScoutingPFMonitor/RAW/v1/000/369/978/00000/75343a2c-ce42-45c7-b2e0-dfc66a861937.root [449,455,448,454,458,447,453,443,444,459,442,445,446,450,451,452,456,460,457]
/store/data/Run2023D/ScoutingPFMonitor/RAW/v1/000/369/978/00000/7ddaa813-296b-4df5-a211-12464c3a8e1e.root [203,206,195,204,189,191,192,194,196,190,193,187,202,188,197,199,200,201,205,198]
/store/data/Run2023D/ScoutingPFMonitor/RAW/v1/000/369/978/00000/8717d644-ac86-45ef-a2fc-9aea065c9730.root [99,109,111,131,119,128,100,110,122,130,133,135,136,137,106,107,113,114,116,117,126,129,132,101,102,108,118,120,127,98,103,112,115,123,125,104,105,121,124,134]
/store/data/Run2023D/ScoutingPFMonitor/RAW/v1/000/369/978/00000/926b4d18-b0eb-4af0-98ff-67f13d944746.root [139,162,142,145,138,140,144,150,158,147,152,154,159,160,161,143,146,153,155,157,141,148,149,151,156,163]
/store/data/Run2023D/ScoutingPFMonitor/RAW/v1/000/369/978/00000/93d87830-8da8-43cd-b6cb-56a35edeee1d.root [334,318,320,325,329,333,322,326,328,316,321,327,332,317,319,324,330,323,331]
/store/data/Run2023D/ScoutingPFMonitor/RAW/v1/000/369/978/00000/96f126ec-56e3-4b42-ad97-bbea004cc821.root [209,222,208,211,218,224,214,217,220,221,223,207,210,212,213,216,219,225,215]
/store/data/Run2023D/ScoutingPFMonitor/RAW/v1/000/369/978/00000/9f125616-7d13-4b68-ace1-f1b5392e851a.root [726,733,732,744,727,738,731,737,741,742,743,745,746,748,739,734,735,740,728,729,730,736,747]
/store/data/Run2023D/ScoutingPFMonitor/RAW/v1/000/369/978/00000/ac0bb0d8-fb65-439c-9f10-8b4639c487d4.root [4,2,3]
/store/data/Run2023D/ScoutingPFMonitor/RAW/v1/000/369/978/00000/ae0475c8-6abd-4fd1-962b-cea6c8cc2c28.root [777,782,795,773,776,779,780,781,783,791,772,786,787,789,794,775,785,788,790,792,778,784,793,774]
/store/data/Run2023D/ScoutingPFMonitor/RAW/v1/000/369/978/00000/aefd2d92-c4a4-4fea-9f05-80c0c8783cb3.root [489,492,495,479,491,487,488,494,486,480,481,483,490,482,484,485,493]
/store/data/Run2023D/ScoutingPFMonitor/RAW/v1/000/369/978/00000/b42abd08-6b4e-471c-ad8e-43ec3d76bf41.root [499,500,504,505,496,502,512,503,510,511,497,501,506,509,507,498,508,513]
/store/data/Run2023D/ScoutingPFMonitor/RAW/v1/000/369/978/00000/b51ff176-ccaf-4433-bdcc-b13521580d05.root [714,704,711,713,703,706,708,722,725,709,717,710,716,705,712,719,715,720,702,707,718,721,723,724]
/store/data/Run2023D/ScoutingPFMonitor/RAW/v1/000/369/978/00000/b97e8666-3531-4c1d-bdb0-24c1ee2dd2ed.root [575,589,590,572,580,571,584,583,587,588,573,576,577,578,582,581,585,586,574,579]
/store/data/Run2023D/ScoutingPFMonitor/RAW/v1/000/369/978/00000/d0bf2d30-10fa-43fd-be56-7262b38e0a00.root [593,599,600,601,595,602,603,604,591,610,594,605,607,608,609,592,596,597,598,606]
/store/data/Run2023D/ScoutingPFMonitor/RAW/v1/000/369/978/00000/d30129b6-7477-4d6b-900a-1aeb05e26579.root [289,294,291,280,282,295,296,297,292,281,284,293,283,285,286,290,287,288]
/store/data/Run2023D/ScoutingPFMonitor/RAW/v1/000/369/978/00000/e70ab082-2e01-4d13-815e-f5859bebc3c9.root [165,177,183,166,168,167,170,173,175,176,179,185,186,180,182,164,169,184,174,178,171,172,181]
/store/data/Run2023D/ScoutingPFMonitor/RAW/v1/000/369/978/00000/e982833b-990e-4e59-8225-83abc0a743de.root [637,640,641,646,650,652,636,647,635,643,645,633,639,644,649,653,654,634,648,638,651,642]
/store/data/Run2023D/ScoutingPFMonitor/RAW/v1/000/369/978/00000/ea51b729-6c80-4eb5-a03e-5f38178245a8.root [681,694,696,683,684,699,701,685,686,700,687,689,690,691,680,682,695,688,692,693,697,698,679]
/store/data/Run2023D/ScoutingPFMonitor/RAW/v1/000/369/978/00000/ebed4b09-7d8f-4b10-9296-1f10c1c54aed.root [805,812,815,814,817,801,807,813,816,802,809,810,797,800,806,796,798,799,808,811,803,804,819,818]
/store/data/Run2023D/ScoutingPFMonitor/RAW/v1/000/369/978/00000/f1fdfd43-6a29-43a3-b688-1b187544e84d.root [358,370,366,367,356,360,357,363,364,365,369,355,361,354,359,362,368]
/store/data/Run2023D/ScoutingPFMonitor/RAW/v1/000/369/978/00000/f76b9db0-f107-4e22-91c6-bc3204051790.root [259,258,245,251,260,244,247,252,254,255,261,250,249,253,256,246,248,257]
