/store/data/Run2022C/MuonEG/RAW/v1/000/355/862/00000/0d54f009-4f6d-41c2-8a0a-9a71dacf0c22.root 355862 [7,9,13,15,12,14,16,4,1,5,6,2,10,11,3,8]
/store/data/Run2022C/MuonEG/RAW/v1/000/355/862/00000/7363bb8a-65af-4de9-8e06-ccc206ff3d4b.root 355862 [21,28,35,37,43,47,48,58,66,81,85,89,93,103,110,115,124,129,133,22,23,24,34,38,39,41,57,59,83,97,105,107,113,120,123,42,56,61,68,70,84,90,91,98,112,116,117,125,126,130,25,27,40,49,51,55,60,62,64,73,79,96,101,109,26,36,44,46,54,63,74,80,88,92,104,114,128,31,53,71,77,87,94,121,29,30,45,52,69,72,75,76,78,82,86,100,106,118,119,122,32,33,50,65,67,95,99,102,108,111,127,131,132]
/store/data/Run2022C/MuonEG/RAW/v1/000/355/863/00000/7c8f050e-cd17-4a4b-8070-12264f6385ec.root 355863 [5,9,11,12,2,10,13,7,1,6,3,4,8,14]
/store/data/Run2022C/MuonEG/RAW/v1/000/355/870/00000/1b98f936-4f05-45f6-8515-c0bdc84135e2.root 355870 [6,8,10,16,19,25,40,50,51,52,2,3,4,17,22,24,34,53,56,59,60,62,63,11,39,46,47,48,54,57,64,66,1,15,38,42,44,55,61,65,18,29,33,36,41,43,12,14,21,28,30,32,37,45,23,26,27,31,35,49,58,5,7,9,13,20]
/store/data/Run2022C/MuonEG/RAW/v1/000/355/871/00000/79b9bb34-d9d0-4499-a52b-af2eafc3593a.root 355871 [3,6,10,1,2,4,12,5,11,8,9,13,7]
/store/data/Run2022C/MuonEG/RAW/v1/000/355/872/00000/01654854-36c4-4860-9af1-ae236e34a745.root 355872 [448,463,482,455,456,466,472,483,457,460,462,464,471,478,452,458,473,474,480,450,454,465,469,476,477,449,461,467,468,451,453,475,481,459,470,479,484]
/store/data/Run2022C/MuonEG/RAW/v1/000/355/872/00000/08addf7c-3c2f-4093-af62-53b214120fd2.root 355872 [395,406,377,388,389,393,404,408,378,380,384,386,400,401,403,379,382,383,398,376,387,392,396,405,407,390,397,399,402,385,409,381,391,394,410]
/store/data/Run2022C/MuonEG/RAW/v1/000/355/872/00000/0a56e900-f17f-4ce9-9a6c-3988b8a39f11.root 355872 [1160,1161,1163,1168,1170,1183,1159,1172,1175,1177,1179,1188,1194,1173,1180,1181,1182,1162,1164,1166,1171,1187,1191,1158,1169,1174,1184,1165,1167,1178,1186,1190,1195,1157,1176,1185,1189,1192,1193]
/store/data/Run2022C/MuonEG/RAW/v1/000/355/872/00000/1caf3c3a-fd9c-4e26-830b-c15d729982e3.root 355872 [874,876,885,898,879,880,882,895,897,900,904,875,884,894,901,870,877,883,887,892,896,888,893,873,886,889,891,902,903,871,872,890,899,878,881]
/store/data/Run2022C/MuonEG/RAW/v1/000/355/872/00000/1ffb3f45-f83f-4cf8-951d-50e1b4152cee.root 355872 [8,39,1,10,12,17,41,3,20,30,32,7,21,31,37,2,5,13,40,4,11,15,19,23,29,34,35,36,38,9,14,16,18,22,25,26,6,24,27,28,33]
/store/data/Run2022C/MuonEG/RAW/v1/000/355/872/00000/2baf1019-efa0-4dcf-9de5-ff0984132f91.root 355872 [198,201,227,203,211,216,234,207,212,219,226,233,208,210,215,232,209,223,225,228,199,205,220,229,230,231,197,206,214,217,221,200,202,204,213,218,222,224]
/store/data/Run2022C/MuonEG/RAW/v1/000/355/872/00000/42e539eb-850f-4973-8e94-9276dc3826d0.root 355872 [242,244,253,265,268,235,236,239,249,252,255,267,237,247,266,246,240,245,248,251,258,238,250,256,261,262,269,241,257,259,260,243,254,263,264]
/store/data/Run2022C/MuonEG/RAW/v1/000/355/872/00000/44ed4c4f-1397-4371-9310-e90ffcf30ced.root 355872 [1198,1200,1205,1211,1215,1220,1221,1231,1196,1219,1199,1203,1206,1208,1213,1222,1224,1228,1216,1202,1226,1229,1230,1210,1214,1223,1197,1207,1218,1232,1201,1204,1209,1212,1217,1225,1227]
/store/data/Run2022C/MuonEG/RAW/v1/000/355/872/00000/53908076-cccc-4be6-85c4-067f2aecd31f.root 355872 [524,544,549,521,537,538,541,555,557,559,534,535,539,543,548,560,522,527,532,540,546,547,525,528,529,531,550,551,558,526,536,545,556,533,523,530,542,552,553,554]
/store/data/Run2022C/MuonEG/RAW/v1/000/355/872/00000/57b1d782-89a3-4e26-b965-e6b118d0c474.root 355872 [916,918,919,913,914,928,930,931,934,905,907,912,922,933,909,923,924,938,911,932,936,908,920,937,906,915,921,925,929,910,917,926,927,935]
/store/data/Run2022C/MuonEG/RAW/v1/000/355/872/00000/5a12379d-367b-4721-bb88-e213044f4561.root 355872 [1017,1022,1032,1034,1014,1038,1039,1043,1045,1025,1026,1029,1030,1036,1015,1019,1021,1035,1010,1016,1023,1024,1028,1033,1040,1041,1011,1013,1018,1037,1044,1012,1020,1027,1031,1042]
/store/data/Run2022C/MuonEG/RAW/v1/000/355/872/00000/5ede2a6e-108b-4403-b0ea-c15879c9516e.root 355872 [614,616,601,603,615,627,628,630,605,607,611,612,617,619,622,623,600,613,620,625,633,634,636,606,609,610,624,629,631,608,602,604,618,635,621,626,632,637]
/store/data/Run2022C/MuonEG/RAW/v1/000/355/872/00000/601dcd1d-6279-4805-990a-bab06ba0d13c.root 355872 [125,129,137,139,140,158,130,133,138,141,143,124,126,131,142,146,153,154,127,134,156,128,136,144,147,150,132,135,149,148,151,157,145,152,155]
/store/data/Run2022C/MuonEG/RAW/v1/000/355/872/00000/6842e257-3c6a-48ac-aa2e-f6b32c20f097.root 355872 [1123,1149,1131,1138,1145,1155,1132,1137,1141,1142,1129,1133,1134,1139,1144,1146,1156,1125,1135,1143,1150,1153,1119,1122,1128,1140,1147,1121,1124,1136,1148,1151,1152,1154,1118,1120,1126,1127,1130]
/store/data/Run2022C/MuonEG/RAW/v1/000/355/872/00000/6b9b9ac5-9d2f-48b9-b78a-da049a562840.root 355872 [92,112,118,119,95,104,108,113,115,99,101,102,86,88,93,94,96,106,84,85,90,97,107,111,114,116,123,87,91,100,117,121,122,103,105,109,110,120,89,98]
/store/data/Run2022C/MuonEG/RAW/v1/000/355/872/00000/70486d09-39c7-434a-9c5e-812735463e42.root 355872 [802,805,808,825,830,833,811,816,817,819,823,806,807,809,810,818,827,831,799,801,804,813,829,820,821,800,803,815,822,826,828,834,812,814,824,832]
/store/data/Run2022C/MuonEG/RAW/v1/000/355/872/00000/78e945bd-38a6-47df-bac0-37070fd90a21.root 355872 [312,326,328,336,339,316,308,311,320,325,335,304,306,309,319,332,310,314,322,323,324,330,331,329,333,305,307,315,317,318,327,334,337,338,313,321]
/store/data/Run2022C/MuonEG/RAW/v1/000/355/872/00000/7fad4b7c-23b5-43c2-ace3-bceb1de1899d.root 355872 [428,435,438,447,445,446,422,424,432,418,431,436,443,444,411,412,414,423,427,433,416,421,426,415,419,425,430,439,440,442,413,417,420,429,434,437,441]
/store/data/Run2022C/MuonEG/RAW/v1/000/355/872/00000/82d8e40f-681f-412d-8c3d-b8869e3d759f.root 355872 [564,566,581,599,567,572,578,585,571,583,584,596,597,563,570,590,595,561,574,598,573,580,586,587,588,589,591,568,569,577,582,562,565,575,576,579,592,593,594]
/store/data/Run2022C/MuonEG/RAW/v1/000/355/872/00000/8a1465df-cd68-4de0-94de-cd76aa73474c.root 355872 [678,684,699,703,714,681,687,688,697,705,680,683,685,690,693,698,707,710,715,716,686,679,689,692,695,706,713,682,691,694,701,708,712,696,700,702,704,709,711]
/store/data/Run2022C/MuonEG/RAW/v1/000/355/872/00000/a4759f92-3798-4c10-ad74-9453f682b155.root 355872 [43,66,67,74,45,48,47,51,59,62,69,72,78,82,42,53,55,57,64,75,80,44,52,60,70,46,58,61,71,73,56,65,68,77,79,81,49,50,54,63,76,83]
/store/data/Run2022C/MuonEG/RAW/v1/000/355/872/00000/a81c038c-5080-4c35-aef1-5b9301122cae.root 355872 [718,729,740,759,719,724,727,736,756,730,733,753,755,758,763,723,725,744,747,748,754,717,726,738,742,749,757,720,734,737,741,743,750,761,762,721,722,728,739,751,752,731,732,735,745,746,760]
/store/data/Run2022C/MuonEG/RAW/v1/000/355/872/00000/ac64d931-a655-45fa-a6b6-7d92dc5eaea2.root 355872 [164,166,186,193,174,190,194,196,168,172,173,181,189,159,163,170,171,180,182,183,165,178,179,195,162,167,169,175,185,187,188,192,160,176,177,184,191,161]
/store/data/Run2022C/MuonEG/RAW/v1/000/355/872/00000/afd17fc3-3f61-4ea7-8e07-213e686f017b.root 355872 [346,350,359,361,362,366,370,345,347,357,367,375,372,374,340,341,351,355,365,344,363,352,354,360,364,369,371,373,349,353,356,358,342,343,348,368]
/store/data/Run2022C/MuonEG/RAW/v1/000/355/872/00000/ba06c4b9-f9bc-4bd8-baed-809e2958f8ca.root 355872 [975,976,977,986,1002,1005,978,981,984,985,987,988,989,992,993,997,1001,1004,995,990,994,1006,1007,980,996,974,991,1009,998,999,1008,979,982,983,1000,1003]
/store/data/Run2022C/MuonEG/RAW/v1/000/355/872/00000/bb1860b2-1a57-4017-acea-be5823e2dc33.root 355872 [1087,1089,1099,1110,1084,1086,1091,1100,1102,1103,1106,1113,1101,1107,1114,1116,1105,1090,1093,1094,1109,1115,1085,1104,1108,1083,1088,1096,1117,1082,1092,1095,1097,1098,1111,1112]
/store/data/Run2022C/MuonEG/RAW/v1/000/355/872/00000/c469b1ff-8341-4323-8b95-e3eadec523fc.root 355872 [939,942,955,963,966,941,950,957,958,961,962,968,948,952,959,965,973,945,953,956,960,971,940,943,949,951,954,969,972,944,947,946,964,967,970]
/store/data/Run2022C/MuonEG/RAW/v1/000/355/872/00000/c497df27-a356-4424-8398-0fea6ea34934.root 355872 [653,658,661,673,641,642,643,647,651,659,672,652,654,657,660,664,639,650,676,644,655,662,666,667,669,670,638,645,646,663,677,648,649,656,674,675,640,665,668,671]
/store/data/Run2022C/MuonEG/RAW/v1/000/355/872/00000/d013462e-746f-4057-a5d7-0714322dfc8e.root 355872 [1046,1051,1053,1057,1072,1079,1047,1061,1063,1066,1076,1081,1052,1054,1060,1055,1056,1069,1050,1059,1068,1073,1078,1048,1049,1065,1067,1070,1071,1075,1077,1080,1058,1062,1064,1074]
/store/data/Run2022C/MuonEG/RAW/v1/000/355/872/00000/d22d603c-1c5c-4a66-8b74-940c4808d0ce.root 355872 [837,839,845,859,862,852,858,865,835,857,838,844,846,853,854,867,849,860,841,847,855,861,836,840,842,850,863,869,843,848,851,856,864,866,868]
/store/data/Run2022C/MuonEG/RAW/v1/000/355/872/00000/e4f8bda3-29e4-452d-a493-52fc48a675c7.root 355872 [280,281,282,290,293,296,303,271,300,302,299,274,277,278,284,288,292,294,272,275,279,285,287,289,273,291,295,270,286,298,301,276,283,297]
/store/data/Run2022C/MuonEG/RAW/v1/000/355/872/00000/eb52777d-9a90-42eb-9627-26ac11f260ce.root 355872 [771,773,786,787,793,776,781,790,764,770,775,779,783,785,794,772,777,768,778,788,796,797,780,782,789,791,798,765,784,792,766,767,769,774,795]
/store/data/Run2022C/MuonEG/RAW/v1/000/355/872/00000/f73af81c-8b26-436c-9471-504cc22e36b1.root 355872 [485,502,510,497,509,511,487,492,496,501,513,515,490,506,508,486,495,507,512,516,488,499,514,520,491,493,494,505,517,519,489,498,500,503,504,518]
/store/data/Run2022C/MuonEG/RAW/v1/000/355/892/00000/038589d3-e5c3-4943-adc6-9b7c4121b981.root 355892 [129,132,133,143,144,148,151,155,123,128,135,136,149,154,130,153,124,126,131,145,125,127,139,146,150,137,141,134,138,147,152,158,140,142,156,157]
/store/data/Run2022C/MuonEG/RAW/v1/000/355/892/00000/55171f64-ef98-443f-8667-0879b749a741.root 355892 [7,8,13,18,23,25,32,35,39,46,47,6,16,19,26,45,2,12,24,27,31,10,15,28,30,44,4,33,37,41,42,43,3,5,9,11,14,17,20,22,29,34,36,40,1,38,21]
/store/data/Run2022C/MuonEG/RAW/v1/000/355/892/00000/7b476915-7fa5-4075-a969-dec65f83ad9c.root 355892 [84,109,113,90,94,96,112,91,101,107,108,114,120,88,98,100,106,118,86,99,102,103,111,115,116,119,89,92,105,85,87,95,97,121,93,104,110,117,122]
/store/data/Run2022C/MuonEG/RAW/v1/000/355/892/00000/9fb2822d-f7ee-4c42-af2e-d9be07e20400.root 355892 [54,60,68,71,81,50,52,59,73,78,83,56,69,70,77,63,64,66,49,57,74,75,53,67,76,79,48,51,58,61,62,65,72,80,55,82]
/store/data/Run2022C/MuonEG/RAW/v1/000/355/892/00000/b10e6b08-f933-42d5-bf2b-4a751395a880.root 355892 [169,163,172,180,183,189,192,198,200,167,174,190,191,201,178,194,165,181,184,187,197,159,160,162,164,170,177,199,171,175,188,196,161,166,168,173,176,179,182,185,186,193,195,202]
/store/data/Run2022C/MuonEG/RAW/v1/000/355/912/00000/1a704333-e902-4cec-a7a2-d8a627e79ee2.root 355912 [128,129,138,141,142,147,151,126,132,133,134,146,120,145,148,117,118,130,135,143,144,149,116,121,123,119,122,131,136,139,150,127,124,125,137,140]
/store/data/Run2022C/MuonEG/RAW/v1/000/355/912/00000/3364230c-35db-427e-acd3-8eb67083ddb1.root 355912 [165,170,171,173,185,186,153,163,168,169,179,181,183,187,188,157,159,178,189,190,154,174,156,152,158,160,166,167,175,184,161,172,176,182,155,162,164,177,180]
/store/data/Run2022C/MuonEG/RAW/v1/000/355/912/00000/33e137c1-65a9-45bb-90b2-d01b971d1d13.root 355912 [3,4,6,8,17,57,76,5,9,15,19,21,47,70,72,1,14,23,27,30,38,45,52,54,69,71,2,12,13,24,28,34,39,56,68,79,7,18,20,31,43,49,50,58,64,66,78,22,25,32,42,44,59,63,75,10,16,37,40,46,48,51,55,60,62,65,67,74,77,11,26,29,33,35,36,41,53,61,73]
/store/data/Run2022C/MuonEG/RAW/v1/000/355/912/00000/a4dd0472-6dac-427c-a215-74aaa667da90.root 355912 [95,102,106,108,83,88,94,82,85,87,96,114,80,100,112,84,99,115,81,90,97,103,104,107,109,113,86,93,98,110,89,91,92,101,105,111]
/store/data/Run2022C/MuonEG/RAW/v1/000/355/912/00000/aa34d6da-2e83-4315-9acb-a0ed8284b6ad.root 355912 [193,200,197,192,191,195,196,198,199,194]
/store/data/Run2022C/MuonEG/RAW/v1/000/355/913/00000/26e33351-c6a2-47c5-8064-e84df6a552b5.root 355913 [41,49,53,61,62,63,73,42,43,58,67,69,76,47,45,50,60,77,44,55,59,68,57,66,71,72,75,79,40,46,48,54,56,65,51,52,64,70,74,78]
/store/data/Run2022C/MuonEG/RAW/v1/000/355/913/00000/2a020ead-646d-4d14-b07c-c251a3adab4c.root 355913 [3,11,12,13,16,17,18,29,34,35,22,28,2,19,21,23,33,6,7,8,30,38,20,10,24,26,31,36,1,32,37,4,5,9,14,15,25,27,39]
/store/data/Run2022C/MuonEG/RAW/v1/000/355/913/00000/9bec39f5-e130-4073-9da6-53102c22cf66.root 355913 [80,83,102,104,107,84,90,91,98,99,106,108,85,95,103,109,87,96,100,88,81,82,89,92,105,86,93,94,97,101,110]
/store/data/Run2022C/MuonEG/RAW/v1/000/355/921/00000/0e3e048f-322c-4c93-9b50-6fa33ab81a16.root 355921 [383,396,406,408,384,404,389,390,398,403,411,412,417,418,380,381,401,405,382,392,397,402,409,385,388,410,394,399,400,407,414,416,386,387,391,393,395,413,415]
/store/data/Run2022C/MuonEG/RAW/v1/000/355/921/00000/17b92167-86ce-4da2-9273-419859a0ca42.root 355921 [212,222,236,250,214,216,219,230,247,248,215,229,235,239,241,246,213,221,228,238,240,243,244,225,227,233,234,237,245,217,220,226,231,232,218,223,224,242,249]
/store/data/Run2022C/MuonEG/RAW/v1/000/355/921/00000/243fd4e8-97e6-418a-8f45-dd12587aea57.root 355921 [97,100,105,85,108,75,86,89,74,76,90,93,94,96,102,104,107,79,80,81,91,95,106,82,98,99,101,83,84,87,92,109,77,78,88,103]
/store/data/Run2022C/MuonEG/RAW/v1/000/355/921/00000/447bc098-02ba-4e4e-80d6-38ca2b73972f.root 355921 [252,260,255,270,277,280,268,274,281,288,265,267,273,253,259,261,263,275,278,287,290,251,254,257,258,262,269,272,284,286,289,256,264,266,271,276,279,282,283,285]
/store/data/Run2022C/MuonEG/RAW/v1/000/355/921/00000/48c095e9-3b5c-4cc9-ae16-553c1e59fb27.root 355921 [431,424,433,436,437,439,441,443,421,419,425,426,438,423,429,430,420,427,432,435,422,434,442,428,440]
/store/data/Run2022C/MuonEG/RAW/v1/000/355/921/00000/51ca7178-4567-420b-bb30-276c55493e1f.root 355921 [185,187,196,205,193,199,201,188,191,207,202,189,192,194,195,190,206,208,209,197,198,203,204,186,200,210]
/store/data/Run2022C/MuonEG/RAW/v1/000/355/921/00000/718fe3a1-fa6e-4e6f-9cc4-d9641dd60a3c.root 355921 [22,25,34,38,45,53,57,60,68,3,7,10,12,20,23,30,31,39,58,13,28,29,32,36,37,40,52,55,63,2,8,11,16,26,44,47,49,56,66,70,6,17,24,27,33,35,41,42,43,50,62,65,4,5,18,19,46,48,59,61,64,67,14,21,51,71,9,15,54,69,72,73]
/store/data/Run2022C/MuonEG/RAW/v1/000/355/921/00000/adcd8ecd-7d74-40f8-a0d4-e7e3bb1a20f1.root 355921 [344,353,356,368,341,351,352,362,367,373,375,376,346,349,350,354,355,357,358,342,372,378,348,361,364,365,371,340,347,359,363,369,345,360,366,374,343,370,377,379]
/store/data/Run2022C/MuonEG/RAW/v1/000/355/921/00000/c35e1b6d-30ed-4b07-8ff9-9b0482ce8374.root 355921 [338,332,331,334,335,337,333,336]
/store/data/Run2022C/MuonEG/RAW/v1/000/355/921/00000/c5be51be-b4d5-440d-9fd6-582cc0128c80.root 355921 [133,139,140,143,121,136,112,115,117,125,131,135,137,142,147,114,123,129,144,111,118,119,128,130,134,138,132,141,110,120,124,146,148,113,116,122,126,127,145]
/store/data/Run2022C/MuonEG/RAW/v1/000/355/921/00000/e193bdb6-85ea-43d2-903d-d671253803a7.root 355921 [291,293,295,296,297,303,314,318,329,298,299,302,306,310,311,315,323,325,294,312,316,317,319,324,327,328,292,301,307,309,304,320,321,326,300,305,313,330,308,322]
/store/data/Run2022C/MuonEG/RAW/v1/000/355/921/00000/e87021fa-9107-4982-8728-4ddf9f1ae09c.root 355921 [165,167,169,170,173,150,151,160,174,180,181,166,176,182,164,175,149,161,168,171,178,179,156,158,172,154,155,159,162,163,177,152,153,157,183,184]
/store/data/Run2022C/MuonEG/RAW/v1/000/355/933/00000/995e4adf-b379-4b79-a462-daf7262a2041.root 355933 [13,29,30,36,37,48,4,5,9,10,12,24,49,55,23,44,45,3,15,20,21,32,53,58,11,18,19,22,25,33,41,54,16,17,31,34,38,39,40,50,52,57,61,6,7,8,26,27,42,47,51,56,60,14,28,35,43,46,59]
/store/data/Run2022C/MuonEG/RAW/v1/000/355/933/00000/c3340d95-f29b-4a4a-95b0-57332309c307.root 355933 [81,106,114,115,118,129,140,163,165,167,194,211,214,215,253,268,270,273,285,287,299,303,316,319,339,349,356,361,370,377,378,380,383,386,391,405,414,418,430,437,444,446,450,456,82,91,95,97,101,116,126,128,130,138,139,146,156,161,164,172,173,185,195,199,203,212,228,230,232,237,240,250,256,258,259,271,272,284,297,302,330,331,333,336,338,346,347,359,385,394,395,399,404,417,419,434,448,79,84,96,100,110,112,123,125,131,150,151,152,162,166,168,176,179,184,186,189,191,197,198,205,208,210,231,233,236,238,239,243,245,252,277,282,290,291,294,295,308,313,315,317,318,324,325,326,342,345,366,373,384,401,403,412,421,422,435,451,83,85,87,88,92,98,99,104,105,111,113,117,119,120,122,134,135,141,143,147,148,149,174,180,187,193,196,213,220,244,281,306,309,310,323,329,332,337,341,367,369,390,398,402,407,408,428,449,80,94,108,121,136,145,153,155,160,169,178,181,182,183,200,201,207,217,218,226,227,229,235,248,254,261,265,283,286,289,293,301,312,314,327,328,340,344,348,352,357,364,381,387,388,392,396,400,409,426,431,432,439,440,442,452,454,90,109,170,171,175,188,192,216,219,223,234,246,249,251,260,263,266,267,269,276,278,288,296,311,334,350,353,372,375,382,389,393,397,406,411,416,423,427,86,93,103,132,133,142,154,158,190,202,209,225,241,255,262,275,280,292,298,304,305,307,321,322,343,351,363,365,379,410,413,420,429,436,438,445,89,102,107,124,127,137,144,157,159,177,204,206,221,222,224,242,247,257,264,274,279,300,320,335,354,355,358,360,362,368,371,374,376,415,424,425,433,441,443,447,453,455,457]
/store/data/Run2022C/MuonEG/RAW/v1/000/355/942/00000/41d222b6-9925-4000-949c-cc3e1fec158b.root 355942 [1]
/store/data/Run2022C/MuonEG/RAW/v1/000/355/942/00000/cbbb0ee2-cb63-4a4e-8730-310a5286182c.root 355942 [160,163,170,175,180,193,196,200,221,222,33,40,50,52,53,64,70,82,84,87,95,102,115,127,131,134,141,144,145,148,153,155,159,188,195,3,7,9,16,25,34,39,45,46,54,59,61,90,94,96,101,114,130,132,136,140,152,167,178,179,201,211,213,218,6,12,22,28,29,44,47,48,69,77,80,86,98,100,105,116,120,121,124,142,147,154,162,171,172,173,174,185,189,190,192,207,209,215,217,5,10,17,20,23,36,41,42,51,55,57,58,66,68,74,91,92,109,119,126,129,137,149,150,165,168,169,182,184,194,197,198,203,205,208,219,11,13,14,26,35,38,43,49,71,75,79,83,99,103,104,133,143,151,156,158,161,164,166,202,204,214,4,8,24,31,37,56,60,63,67,78,85,89,97,106,108,123,138,139,181,186,210,212,216,220,15,19,30,65,73,81,88,93,107,110,113,117,118,122,125,128,135,146,157,176,177,183,187,191,199,206,18,21,27,32,62,72,76,111,112]
/store/data/Run2022C/MuonEG/RAW/v1/000/355/988/00000/58ed5daa-4fe3-4463-b671-74fdcbc07dbf.root 355988 [2,9,12,35,37,40,45,54,60,63,66,67,4,15,18,26,38,41,56,62,64,65,5,25,34,42,55,6,7,16,36,44,58,68,70,11,22,23,33,47,50,51,52,53,57,69,71,14,20,39,59,10,13,21,24,30,32,43,48,49,61,3,8,17,19,27,28,29,31,46]
/store/data/Run2022C/MuonEG/RAW/v1/000/355/988/00000/f487d56f-576a-4427-8705-3fab3c15905f.root 355988 [79,81,88,77,83,73,74,78,80,87,84,85,89,75,82,86,72,76,90]
/store/data/Run2022C/MuonEG/RAW/v1/000/355/989/00000/5abb5318-b010-4bc8-bb67-37b21b51f2ff.root 355989 [3,10,14,15,16,6,13,22,8,11,20,21,23,5,9,12,2,7,18,24,1,4,17,19]
/store/data/Run2022C/MuonEG/RAW/v1/000/355/998/00000/aa1d7db1-65a0-4fe8-ae6b-096b00d2eab9.root 355998 [1,5,15,6,9,18,7,8,11,13,4,12,2,3,16,14,17,21,10,19,20]
/store/data/Run2022C/MuonEG/RAW/v1/000/355/998/00000/ac0f4b5f-ba1b-4744-8066-5a946db9eba9.root 355998 [25,34,35,23,30,22,24,26,29,31,27,28,32,33]
/store/data/Run2022C/MuonEG/RAW/v1/000/355/999/00000/dbb3ebca-5d88-457c-bee0-05388153655d.root 355999 [5,6,4,7,2,1,8,3,9]
/store/data/Run2022C/MuonEG/RAW/v1/000/356/004/00000/39173652-117f-414b-91de-9a3a4907e616.root 356004 [1,9,17,8,11,3,7,10,14,15,4,16,18,19,12,20,2,13,5,6]
/store/data/Run2022C/MuonEG/RAW/v1/000/356/005/00000/36636fe5-f138-4a0e-b430-7fc7085243ab.root 356005 [185,191,198,199,196,192,201,190,200,183,193,197,194,182,184,186,187,188,189,195]
/store/data/Run2022C/MuonEG/RAW/v1/000/356/005/00000/a43221d8-5bca-4571-a0f8-c09706b295cf.root 356005 [61,70,75,69,71,76,58,59,63,64,65,72,77,82,74,83,56,57,62,79,81,66,67,78,60,73,68,80]
/store/data/Run2022C/MuonEG/RAW/v1/000/356/005/00000/a5fb5835-2f35-4893-861d-672fe01fbe4c.root 356005 [113,119,123,136,139,115,135,125,130,132,122,126,114,127,128,129,134,118,131,137,138,116,117,120,121,112,124,133]
/store/data/Run2022C/MuonEG/RAW/v1/000/356/005/00000/bb2fc402-ddbe-440d-9422-243186104727.root 356005 [153,161,162,164,172,178,179,152,156,168,170,174,141,143,144,157,159,169,180,181,140,148,176,147,150,151,160,177,149,158,163,165,166,167,173,142,146,154,175,145,155,171]
/store/data/Run2022C/MuonEG/RAW/v1/000/356/005/00000/c3e93aa8-3071-4086-a039-2d731a3fdf5b.root 356005 [2,3,9,18,1,4,13,19,20,27,5,7,14,24,26,15,16,21,8,6,10,11,17,22,12,23,25]
/store/data/Run2022C/MuonEG/RAW/v1/000/356/005/00000/dec1ec35-a66e-4f4d-b6a7-2b035f5c4338.root 356005 [41,48,30,32,35,53,39,42,45,55,36,54,28,31,33,37,50,43,51,34,38,46,49,52,29,40,44,47]
/store/data/Run2022C/MuonEG/RAW/v1/000/356/005/00000/f0a77a78-2ef8-465b-a001-b00cd366d64f.root 356005 [90,97,100,102,106,108,109,85,88,93,94,101,91,95,86,110,111,89,92,99,107,96,103,104,84,87,98,105]
/store/data/Run2022C/MuonEG/RAW/v1/000/356/043/00000/6dad6ec6-1a90-4f98-926f-408a5ea78709.root 356043 [4,8,2,3,10,12,13,22,23,14,17,1,18,20,15,16,9,5,7,11,19,21,6,24]
/store/data/Run2022C/MuonEG/RAW/v1/000/356/043/00000/ba1649da-a6ca-4878-a23d-0afac9b3709c.root 356043 [44,45,28,32,36,42,29,38,25,35,41,43,30,31,27,34,37,39,46,26,33,40]
/store/data/Run2022C/MuonEG/RAW/v1/000/356/043/00000/fb482463-d2db-4826-8c1e-62f77559bab6.root 356043 [49,51,52,61,62,47,58,63,65,48,50,57,53,54,56,55,59,60,64]
/store/data/Run2022C/MuonEG/RAW/v1/000/356/071/00000/1ac7c200-c14d-4e2a-ab46-691293951bc0.root 356071 [231,222,226,227,233,223,225,221,224,232,228,229,230]
/store/data/Run2022C/MuonEG/RAW/v1/000/356/071/00000/1db70c38-71e0-4b09-b53e-200fb72435fa.root 356071 [110,118,125,134,116,127,117,133,136,113,121,122,123,128,129,137,126,119,124,135,109,130,131,132,138,111,112,114,115,120]
/store/data/Run2022C/MuonEG/RAW/v1/000/356/071/00000/30d6c4a2-f0f3-42dd-9812-bbbdcb8361a7.root 356071 [318,319,322,332,317,328,316,323,329,321,324,327,330,331,320,325,326]
/store/data/Run2022C/MuonEG/RAW/v1/000/356/071/00000/36a47012-d245-434d-8aed-7d63f5940a90.root 356071 [342,347,334,337,345,338,344,336,340,341,348,349,335,343,333,339,346]
/store/data/Run2022C/MuonEG/RAW/v1/000/356/071/00000/4ff585ab-cd0d-499b-8525-0d08c903c35d.root 356071 [98,102,94,107,108,97,103,93,99,100,104,106,95,96,101,105]
/store/data/Run2022C/MuonEG/RAW/v1/000/356/071/00000/51bd1276-fb9e-44af-b338-95931550c590.root 356071 [208,215,216,206,213,218,211,219,217,220,209,214,207,210,212]
/store/data/Run2022C/MuonEG/RAW/v1/000/356/071/00000/5f52e0f9-4023-466f-831a-231bcfb3741a.root 356071 [234]
/store/data/Run2022C/MuonEG/RAW/v1/000/356/071/00000/6ff98571-569d-4592-8824-c0b163f40239.root 356071 [174,188,177,182,183,185,178,179,180,186,173,189,175,176,181,184,187]
/store/data/Run2022C/MuonEG/RAW/v1/000/356/071/00000/7df9681a-baf3-4c31-97f2-e8399c4e6b8f.root 356071 [288,293,284,285,287,292,294,295,296,298,289,290,291,283,286,297]
/store/data/Run2022C/MuonEG/RAW/v1/000/356/071/00000/97a31fb6-7c76-4688-b715-043a8865f810.root 356071 [372,367,368,369,371,380,366,373,377,379,381,375,376,370,374,378]
/store/data/Run2022C/MuonEG/RAW/v1/000/356/071/00000/a78b76df-a66d-4432-89f6-e0fe95087ab4.root 356071 [6,13,17,30,49,2,5,8,23,26,27,29,37,41,42,45,9,11,12,38,50,54,10,15,20,28,31,34,35,39,47,51,53,1,4,21,25,36,46,18,19,22,32,3,7,24,33,40,43,44,14,16,48,52]
/store/data/Run2022C/MuonEG/RAW/v1/000/356/071/00000/afb7ff04-616c-4dd2-8931-b41e4098ec71.root 356071 [65,66,69,71,55,56,57,63,64,72,67,61,59,62,58,60,68,70]
/store/data/Run2022C/MuonEG/RAW/v1/000/356/071/00000/bb5aae3d-2f5d-48e5-a985-ad8a4f319b92.root 356071 [162,170,156,158,159,160,163,165,164,166,171,167,169,172,154,161,155,157,168]
/store/data/Run2022C/MuonEG/RAW/v1/000/356/071/00000/befe461a-603d-4d17-81ea-04558ee2929e.root 356071 [251,250,263,252,256,254,264,253,255,258,265,259,260,262,257,261]
/store/data/Run2022C/MuonEG/RAW/v1/000/356/071/00000/bf7aa7a8-a2f7-4395-9f30-c77fadfdfebd.root 356071 [78,79,82,89,73,77,85,90,83,84,86,88,92,74,75,91,80,76,81,87]
/store/data/Run2022C/MuonEG/RAW/v1/000/356/071/00000/d70c1173-b7a7-4461-8f21-710449a53103.root 356071 [397,382,385,390,393,396,392,383,386,384,394,395,387,389,388,391]
/store/data/Run2022C/MuonEG/RAW/v1/000/356/071/00000/e14b21a0-adc7-4f85-bcf2-a727729d42be.root 356071 [195,196,198,200,193,190,191,194,204,192,199,205,197,202,201,203]
/store/data/Run2022C/MuonEG/RAW/v1/000/356/071/00000/ea19954d-c21b-4b00-81ba-1d4eb49d384a.root 356071 [268,270,276,274,279,267,282,269,275,280,271,277,266,272,273,278,281]
/store/data/Run2022C/MuonEG/RAW/v1/000/356/071/00000/ed9a37bb-203a-49ae-972a-ee61fce0168e.root 356071 [300,304,311,309,313,299,305,315,303,314,308,310,312,302,301,306,307]
/store/data/Run2022C/MuonEG/RAW/v1/000/356/071/00000/f65d2431-f9b1-447b-8470-5cfda7fc448b.root 356071 [351,352,354,355,357,360,356,359,350,361,365,353,362,363,358,364]
/store/data/Run2022C/MuonEG/RAW/v1/000/356/071/00000/f712af8f-562c-416c-bded-5cab3d679d5b.root 356071 [236,241,247,237,238,239,249,244,240,242,246,248,235,243,245]
/store/data/Run2022C/MuonEG/RAW/v1/000/356/071/00000/f7380057-5f04-4d15-b09a-2b69300db3ba.root 356071 [139,140,151,141,144,145,153,147,150,152,142,143,146,149,148]
/store/data/Run2022C/MuonEG/RAW/v1/000/356/074/00000/20982420-c75c-4056-aaa6-15b25d8c4a16.root 356074 [65,71,80,81,66,70,73,72,76,78,79,77,67,69,68,75,74]
/store/data/Run2022C/MuonEG/RAW/v1/000/356/074/00000/3bd6377b-41e9-4513-8cc5-0dce1a783fbe.root 356074 [7,9,3,2,6,10,12,1,5,11,15,16,4,8,13,14]
/store/data/Run2022C/MuonEG/RAW/v1/000/356/074/00000/75afe4b0-c839-49ea-a190-448a6bb7429a.root 356074 [25,17,18,19,21,23,30,32,22,27,20,24,26,28,29,31]
/store/data/Run2022C/MuonEG/RAW/v1/000/356/074/00000/bcf65a3b-6972-4103-ae5d-4578a0a9926c.root 356074 [36,37,43,46,42,44,48,33,45,35,39,41,47,38,40,34]
/store/data/Run2022C/MuonEG/RAW/v1/000/356/074/00000/dae34085-f526-488a-9582-d0cf33ac2a55.root 356074 [55,58,61,54,63,49,53,62,60,50,56,57,51,52,64,59]
/store/data/Run2022C/MuonEG/RAW/v1/000/356/075/00000/2ce34a5c-b82b-4e5c-b194-f6d334f31870.root 356075 [89,98,102,103,90,92,93,91,95,96,101,100,87,88,94,97,99]
/store/data/Run2022C/MuonEG/RAW/v1/000/356/075/00000/3a3cf449-5b36-4016-88fe-8e81ef42d1c0.root 356075 [76,74,79,71,77,80,84,72,83,86,81,82,85,73,75,78,70]
/store/data/Run2022C/MuonEG/RAW/v1/000/356/075/00000/473f5d39-b5cd-49ba-ada6-e972856e8aa1.root 356075 [27,25,32,34,26,33,22,21,31,28,29,20,23,24,30,35]
/store/data/Run2022C/MuonEG/RAW/v1/000/356/075/00000/78d45852-9ba7-42ad-9b28-a608aa4f229e.root 356075 [53,63,56,65,68,59,67,57,58,60,61,55,64,69,54,62,66]
/store/data/Run2022C/MuonEG/RAW/v1/000/356/075/00000/80299812-9e53-4542-bc6b-e02f375261be.root 356075 [38,49,36,39,46,40,48,51,42,45,47,37,43,44,52,41,50]
/store/data/Run2022C/MuonEG/RAW/v1/000/356/075/00000/81d58613-0875-4c87-83b4-936fd0ad22ab.root 356075 [122,121,123,125,124,126]
/store/data/Run2022C/MuonEG/RAW/v1/000/356/075/00000/ad474c0e-20df-48ce-995f-d6ac643fa526.root 356075 [5,12,15,6,8,11,13,18,1,14,10,16,4,19,2,3,7,9,17]
/store/data/Run2022C/MuonEG/RAW/v1/000/356/075/00000/ff73c554-eccb-4031-ad9e-ba9ec1edaf62.root 356075 [106,115,116,118,119,109,110,108,112,111,114,120,105,107,113,117,104]
/store/data/Run2022C/MuonEG/RAW/v1/000/356/076/00000/05c85ca2-25af-40d5-b85c-cbc24b702999.root 356076 [62,56,60,59,66,53,57,58,65,67,69,63,54,55,61,64,68]
/store/data/Run2022C/MuonEG/RAW/v1/000/356/076/00000/247958d3-0423-4eb4-abf6-acd58a519693.root 356076 [112,113,110,111,105,107,115,104,117,102,106,108,116,103,109,114]
/store/data/Run2022C/MuonEG/RAW/v1/000/356/076/00000/2a4e8b1f-2e2f-4b2a-956c-36ea38166817.root 356076 [137,140,141,142,144,147,149,139,138,145,148,146,136,134,135,143]
/store/data/Run2022C/MuonEG/RAW/v1/000/356/076/00000/409039ce-6448-4b45-b4fb-4dd22bed404b.root 356076 [121,124,123,128,130,118,126,132,133,120,125,129,119,122,127,131]
/store/data/Run2022C/MuonEG/RAW/v1/000/356/076/00000/534b47f3-eb5e-4885-ba6f-bf592516040a.root 356076 [151,150,152]
/store/data/Run2022C/MuonEG/RAW/v1/000/356/076/00000/7da07d54-6974-4a23-bc60-979b37778465.root 356076 [91,96,92,93,98,99,89,94,86,87,95,88,90,100,97,101]
/store/data/Run2022C/MuonEG/RAW/v1/000/356/076/00000/90e6be90-6918-4723-bf65-22bc0ccac2ce.root 356076 [1,7,9,15,12,13,17,3,11,18,5,6,4,8,10,16,2,14]
/store/data/Run2022C/MuonEG/RAW/v1/000/356/076/00000/97cd1b7b-1ec1-48ad-aceb-2aea42cbd176.root 356076 [81,83,70,71,75,72,78,80,79,84,82,73,74,77,85,76]
/store/data/Run2022C/MuonEG/RAW/v1/000/356/076/00000/c5420fa9-3de6-48a0-9a2d-3ed383a7c125.root 356076 [19,35,20,32,33,22,26,27,29,30,25,31,21,28,34,23,24]
/store/data/Run2022C/MuonEG/RAW/v1/000/356/076/00000/d55bb422-e1ca-4971-aaba-0cc8f8c74f9d.root 356076 [44,47,49,36,37,38,40,46,43,50,51,52,42,45,39,41,48]
/store/data/Run2022C/MuonEG/RAW/v1/000/356/077/00000/10785a32-b607-421d-8823-a0f2750a08d7.root 356077 [87,88,85,90,92,84,89,91,93,81,79,86,83,78,80,82]
/store/data/Run2022C/MuonEG/RAW/v1/000/356/077/00000/1550ce59-2e6f-4395-b62b-8bf9d11261a5.root 356077 [455,474,450,461,462,463,467,443,465,466,446,448,454,458,464,472,477,456,470,475,476,444,445,452,459,469,480,447,449,451,453,468,471,478,479,457,460,473]
/store/data/Run2022C/MuonEG/RAW/v1/000/356/077/00000/1ab56fe0-945d-4d1a-acf6-7b802b11b025.root 356077 [351,352,353,349,350,360,362,357,355,361,365,347,363,364,354,356,358,348,359]
/store/data/Run2022C/MuonEG/RAW/v1/000/356/077/00000/23984711-094e-460b-bf65-570fe409845a.root 356077 [228,231,217,218,225,219,220,222,224,226,227,229,232,233,216,221,223,230]
/store/data/Run2022C/MuonEG/RAW/v1/000/356/077/00000/38487fb4-8c86-48ae-aa65-5880e4345400.root 356077 [55,56,60,48,61,54,58,57,50,49,51,59,46,47,52,53]
/store/data/Run2022C/MuonEG/RAW/v1/000/356/077/00000/431f856c-cdb9-486f-a4d7-fc16be077b63.root 356077 [310,318,321,324,309,313,322,314,319,312,315,317,323,326,311,316,320,325,327]
/store/data/Run2022C/MuonEG/RAW/v1/000/356/077/00000/4e4272bd-1851-4a67-bf5c-cfb0ccc88ac9.root 356077 [300,293,295,296,294,298,299,308,297,306,290,291,304,292,303,301,302,305,307]
/store/data/Run2022C/MuonEG/RAW/v1/000/356/077/00000/50b09b8d-e927-42ec-915f-18f36e2e1151.root 356077 [164,165,168,167,169,172,174,173,180,170,177,178,166,175,176,163,171,179]
/store/data/Run2022C/MuonEG/RAW/v1/000/356/077/00000/5867d0a0-2cde-4b73-a0a3-5659a26f2ffa.root 356077 [113,120,122,114,115,125,111,118,123,112,126,121,128,117,124,127,116,119]
/store/data/Run2022C/MuonEG/RAW/v1/000/356/077/00000/5b78cf03-ba1e-4df8-924c-288f49c12782.root 356077 [376,379,369,377,383,370,374,367,368,371,384,373,378,380,375,382,366,372,381]
/store/data/Run2022C/MuonEG/RAW/v1/000/356/077/00000/5f5f783b-73e3-421e-81c1-bd4546e8ff37.root 356077 [131,141,144,129,133,134,142,130,140,132,143,135,137,138,145,136,139]
/store/data/Run2022C/MuonEG/RAW/v1/000/356/077/00000/72efc800-2ab6-4106-9513-3df3d42296fa.root 356077 [5,7,11,15,16,8,9,12,1,4,3,10,13,14,2,6]
/store/data/Run2022C/MuonEG/RAW/v1/000/356/077/00000/76ff8710-73a3-4e30-ad1b-4d07192a20a6.root 356077 [253,262,264,266,254,261,265,252,256,258,263,267,257,268,255,259,260,269,270]
/store/data/Run2022C/MuonEG/RAW/v1/000/356/077/00000/7ed38b8f-6a7a-4195-b2e1-5ea127a3ecb1.root 356077 [241,242,238,240,249,235,250,251,234,237,239,243,244,246,247,248,236,245]
/store/data/Run2022C/MuonEG/RAW/v1/000/356/077/00000/8bf5aeca-c439-4a84-8a81-a0578d74466c.root 356077 [207,200,204,209,212,201,208,211,213,198,205,206,202,210,214,199,203,215]
/store/data/Run2022C/MuonEG/RAW/v1/000/356/077/00000/a2af441f-29b6-4baf-97f1-2ebec33ccb16.root 356077 [345,346,340,344,333,342,328,329,330,332,337,338,343,331,335,341,334,336,339]
/store/data/Run2022C/MuonEG/RAW/v1/000/356/077/00000/aded8408-e3c6-431d-8f1c-5146fabb748b.root 356077 [389,390,391,388,394,385,395,397,398,403,387,392,393,396,399,400,401,402,386]
/store/data/Run2022C/MuonEG/RAW/v1/000/356/077/00000/ca466dfd-de29-451c-9f4d-e38ae9713b77.root 356077 [66,77,72,64,71,62,67,75,65,73,74,76,63,68,70,69]
/store/data/Run2022C/MuonEG/RAW/v1/000/356/077/00000/cbca7250-eeba-4bac-bc8e-cf365f769182.root 356077 [422,413,420,421,409,411,414,416,417,406,407,410,423,412,408,415,419,404,405,418]
/store/data/Run2022C/MuonEG/RAW/v1/000/356/077/00000/d6c8830b-264c-4a03-8e48-e5ddbf8c2fc4.root 356077 [146,148,152,156,159,161,162,154,157,153,147,150,151,155,158,149,160]
/store/data/Run2022C/MuonEG/RAW/v1/000/356/077/00000/f173e7a1-8afb-4bea-bd15-2bfb98f6c910.root 356077 [435,424,431,442,425,432,436,428,426,430,433,434,439,427,429,437,441,438,440]
/store/data/Run2022C/MuonEG/RAW/v1/000/356/077/00000/f41f5a08-bc89-4e50-bb31-0a0aae7d913a.root 356077 [186,193,184,185,191,195,181,190,197,194,187,188,182,183,189,192,196]
/store/data/Run2022C/MuonEG/RAW/v1/000/356/077/00000/f41f7883-76d3-4292-9d04-810576752eab.root 356077 [94,105,108,98,99,102,107,95,101,109,96,104,110,97,106,100,103]
/store/data/Run2022C/MuonEG/RAW/v1/000/356/077/00000/f962343e-bf61-4182-9252-bf924deff78c.root 356077 [273,275,289,281,271,280,283,286,272,282,276,278,279,284,285,287,288,274,277]
/store/data/Run2022C/MuonEG/RAW/v1/000/356/077/00000/ff966d12-e346-42ec-a714-f2b073a3a0ae.root 356077 [17,24,30,32,45,27,28,29,37,41,42,23,38,44,21,34,35,39,43,20,19,25,33,36,40,18,22,26,31]
/store/data/Run2022C/MuonEG/RAW/v1/000/356/135/00000/363f3a93-d249-423d-b768-2164b83cd53a.root 356135 [24,34,35,45,50,56,57,59,60,7,8,11,12,28,32,33,39,47,58,63,6,21,26,29,37,55,15,38,46,54,10,14,27,31,36,61,16,18,23,25,42,43,44,53,62,13,17,22,40,41,51,52,5,9,19,20,30,48,49]
/store/data/Run2022C/MuonEG/RAW/v1/000/356/135/00000/fc86bf02-eaf4-40be-b087-2f06a6e241e4.root 356135 [66,77,82,65,67,69,70,74,75,76,78,85,84,79,86,71,81,68,72,87,64,73,80,83]
/store/data/Run2022C/MuonEG/RAW/v1/000/356/309/00000/00481e13-144b-47cd-8a2a-24d004e60b40.root 356309 [5,12,13,14,15,16,20,28,35,43,45,47,55,61,62,71,10,18,40,42,69,72,76,79,4,6,8,39,52,58,63,70,73,81,1,2,9,21,23,30,32,33,38,44,46,51,57,64,67,77,36,65,66,74,78,3,11,25,27,31,48,49,54,17,19,26,37,50,59,60,75,80,7,22,24,29,34,41,53,56,68]
/store/data/Run2022C/MuonEG/RAW/v1/000/356/309/00000/3a060dcd-5404-4acb-93e7-a1e566260ac7.root 356309 [189,177,179,186,191,181,188,178,183,185,190,182,184,187,180]
/store/data/Run2022C/MuonEG/RAW/v1/000/356/309/00000/af7928ac-cae2-471a-9e4e-1fc029ce55e5.root 356309 [128,138,127,131,134,136,139,141,143,132,135,140,124,126,137,122,130,123,125,129,133,142]
/store/data/Run2022C/MuonEG/RAW/v1/000/356/309/00000/b5140cf8-1a79-4c17-8484-108666351c17.root 356309 [152,158,161,163,160,173,146,147,155,166,145,151,162,167,171,144,159,165,168,170,172,175,149,150,153,156,169,148,154,157,164,174,176]
/store/data/Run2022C/MuonEG/RAW/v1/000/356/309/00000/bbee8425-071a-4d2b-9d2c-d096ba053ee7.root 356309 [91,84,97,82,92,98,102,87,94,100,85,88,93,96,86,89,99,101,83,90,95]
/store/data/Run2022C/MuonEG/RAW/v1/000/356/309/00000/dbdc234c-aa48-4135-a77a-527175b24643.root 356309 [108,120,103,119,118,107,114,113,121,106,116,104,105,109,110,111,112,115,117]
/store/data/Run2022C/MuonEG/RAW/v1/000/356/316/00000/10cd75a0-5ce0-4136-bbfa-148754d4eec0.root 356316 [133,135,137,139,140,142,147,150,120,123,125,136,149,151,117,143,146,141,145,129,132,134,144,118,126,128,130,131,138,119,121,122,124,127,148]
/store/data/Run2022C/MuonEG/RAW/v1/000/356/316/00000/b77b1697-594e-43ca-bfaf-a7bb7e23ef86.root 356316 [100,102,107,108,116,87,88,91,94,111,112,90,106,81,92,96,98,103,113,93,104,115,82,85,84,97,99,101,109,110,83,86,89,95,105,114]
/store/data/Run2022C/MuonEG/RAW/v1/000/356/316/00000/d1ecb92f-c1db-4d9a-8aa8-b465a0648db6.root 356316 [5,17,20,32,58,64,68,12,19,34,42,50,53,63,65,66,71,75,9,10,11,14,16,18,21,24,30,35,36,40,43,47,48,57,61,73,74,77,78,79,15,31,37,41,55,56,60,69,70,76,4,22,26,33,51,52,54,13,23,25,45,49,67,2,3,6,7,27,29,44,46,59,72,1,8,28,38,39,62,80]
/store/data/Run2022C/MuonEG/RAW/v1/000/356/316/00000/d9abd6a4-ec62-49da-8a0c-7e33e7e59999.root 356316 [159,168,156,162,163,164,166,170,175,152,165,173,177,154,155,157,158,160,167,153,161,174,176,178,179,169,171,172]
/store/data/Run2022C/MuonEG/RAW/v1/000/356/316/00000/dc2e6cbb-dee8-4dea-b275-5ab7fb1bdf59.root 356316 [188,198,206,214,215,216,222,224,226,227,201,207,208,212,223,229,194,195,196,210,220,230,189,190,192,193,202,219,221,181,185,186,191,197,204,213,217,228,187,203,209,218,199,200,225,180,182,183,184,205,211]
/store/data/Run2022C/MuonEG/RAW/v1/000/356/322/00000/35013754-e489-487b-82fc-ba8a825aab19.root 356322 [9,12,13,2,7,17,3,6,11,1,4,8,15,16,10,14,5]
/store/data/Run2022C/MuonEG/RAW/v1/000/356/322/00000/699606f6-ed0b-4e9d-a54b-b6cdcfc3999e.root 356322 [18,19]
/store/data/Run2022C/MuonEG/RAW/v1/000/356/323/00000/0314d685-4932-4c85-b465-f2291215de32.root 356323 [110,120,119,105,112,114,115,116,108,106,107,104,109,111,113,117,118]
/store/data/Run2022C/MuonEG/RAW/v1/000/356/323/00000/037cbad1-44f4-41a8-affe-7f65a216c5eb.root 356323 [142,154,141,146,153,147,148,152,139,145,144,156,140,143,149,150,151,155]
/store/data/Run2022C/MuonEG/RAW/v1/000/356/323/00000/0b775ba2-4efd-4342-bd89-051eaaf49917.root 356323 [646,648,650,641,653,654,657,658,659,644,645,652,655,656,647,651,663,642,660,661,643,649,662]
/store/data/Run2022C/MuonEG/RAW/v1/000/356/323/00000/0f5213ad-0317-4d69-8d4a-3f7d9d0efb0c.root 356323 [358,350,352,360,353,355,362,364,351,356,359,365,357,363,354,361]
/store/data/Run2022C/MuonEG/RAW/v1/000/356/323/00000/23f993ae-0c87-4e0c-8d78-6da23a6c50cc.root 356323 [458,465,467,453,466,469,459,454,457,462,456,460,463,464,468,455,461]
/store/data/Run2022C/MuonEG/RAW/v1/000/356/323/00000/2a1b568f-f67b-47fa-b4fa-02045c77decf.root 356323 [158,160,163,173,174,170,165,171,172,168,157,162,166,159,161,164,169,167]
/store/data/Run2022C/MuonEG/RAW/v1/000/356/323/00000/2eaab514-afba-4916-8988-12a6e52d0093.root 356323 [474,480,481,470,471,475,483,485,473,484,478,482,486,472,476,477,479]
/store/data/Run2022C/MuonEG/RAW/v1/000/356/323/00000/35a8d901-8ac5-434e-b861-403cb5fe7f3a.root 356323 [271,276,263,270,272,264,265,275,262,267,268,278,269,273,277,279,266,274]
/store/data/Run2022C/MuonEG/RAW/v1/000/356/323/00000/38ac432c-132e-4c0c-b35e-8af40ca3bd91.root 356323 [219,222,212,215,216,225,226,211,214,227,220,223,213,217,218,221,224]
/store/data/Run2022C/MuonEG/RAW/v1/000/356/323/00000/3cdbeb03-27cb-43a8-a078-134d6e081a3f.root 356323 [233,241,228,229,231,238,243,239,240,230,234,235,237,242,232,236,244]
/store/data/Run2022C/MuonEG/RAW/v1/000/356/323/00000/4bbeb3c4-40f6-4d85-a3ba-efa67b314ca3.root 356323 [434,431,426,428,432,423,429,420,421,424,425,417,418,422,427,435,419,430,433]
/store/data/Run2022C/MuonEG/RAW/v1/000/356/323/00000/4bf7a798-f3c0-47db-9648-add59a21bdb0.root 356323 [436,444,443,437,439,445,451,452,438,449,441,440,446,447,442,448,450]
/store/data/Run2022C/MuonEG/RAW/v1/000/356/323/00000/4c0665a0-6dfe-44d0-a8d2-e50d013ba74c.root 356323 [401,404,407,408,406,410,412,413,400,402,409,415,403,414,416,411,405]
/store/data/Run2022C/MuonEG/RAW/v1/000/356/323/00000/50ec4ac9-e407-48e4-bcaa-78dd401077c8.root 356323 [5,8,2,3,7,16,12,14,15,1,10,11,13,6,9,17,4]
/store/data/Run2022C/MuonEG/RAW/v1/000/356/323/00000/5fd82d27-abd5-4b5d-9757-5bbc95185bc0.root 356323 [347,335,338,342,345,339,343,333,341,336,340,344,334,348,337,346,349]
/store/data/Run2022C/MuonEG/RAW/v1/000/356/323/00000/63855dc4-b171-42c4-8fd6-d62530451a10.root 356323 [303,299,298,305,315,309,310,300,302,308,311,312,313,314,304,301,306,307]
/store/data/Run2022C/MuonEG/RAW/v1/000/356/323/00000/6a6c47e8-772a-46c2-bc20-af08de7e9e35.root 356323 [127,128,132,125,126,136,121,131,122,133,135,124,130,134,138,123,129,137]
/store/data/Run2022C/MuonEG/RAW/v1/000/356/323/00000/6e5ee781-73d6-4110-a355-ff80d7d999e0.root 356323 [495,498,499,489,492,494,497,490,488,502,496,500,501,487,491,493,503]
/store/data/Run2022C/MuonEG/RAW/v1/000/356/323/00000/764e95b8-c90b-42f0-bac1-2705aa22ed09.root 356323 [259,260,248,249,261,246,251,252,253,245,254,250,256,257,247,255,258]
/store/data/Run2022C/MuonEG/RAW/v1/000/356/323/00000/778e14a2-8954-4adf-a7c1-a08275e58719.root 356323 [35,50,39,45,46,47,48,51,44,49,38,43,42,37,41,36,40]
/store/data/Run2022C/MuonEG/RAW/v1/000/356/323/00000/85c8b0bd-543f-48c6-bbda-a30afa7263b0.root 356323 [521,533,525,528,531,526,532,523,524,522,530,529,535,527,534,536,537,538]
/store/data/Run2022C/MuonEG/RAW/v1/000/356/323/00000/90b07738-5a58-4c5d-8557-807891a75516.root 356323 [594,605,600,597,601,606,593,595,598,599,590,591,602,603,604,592,596]
/store/data/Run2022C/MuonEG/RAW/v1/000/356/323/00000/9afd107e-266d-47c2-aebb-2f8ab41e475b.root 356323 [320,325,330,322,318,329,331,316,319,321,323,328,324,332,326,327,317]
/store/data/Run2022C/MuonEG/RAW/v1/000/356/323/00000/9d04143b-0d0f-4860-b065-2ca362981dff.root 356323 [203,196,197,198,202,205,194,195,204,210,207,208,201,200,209,193,199,206]
/store/data/Run2022C/MuonEG/RAW/v1/000/356/323/00000/a1ceca99-2905-4bff-956c-1a89224cc897.root 356323 [88,94,95,100,103,91,86,90,98,87,92,96,97,101,102,93,89,99]
/store/data/Run2022C/MuonEG/RAW/v1/000/356/323/00000/a206b9e1-f9c0-42b1-b6ed-685fd088fb2b.root 356323 [626,628,634,638,627,639,640,625,636,629,631,632,633,624,630,637,635]
/store/data/Run2022C/MuonEG/RAW/v1/000/356/323/00000/aa1c71c5-d31d-4104-af4d-437ac63340de.root 356323 [565,571,568,570,572,573,557,558,559,560,563,564,569,561,562,566,567]
/store/data/Run2022C/MuonEG/RAW/v1/000/356/323/00000/ab327744-8a06-45dd-a388-de5d4f522bb3.root 356323 [20,21,23,27,33,25,30,31,24,29,18,19,22,28,32,26,34]
/store/data/Run2022C/MuonEG/RAW/v1/000/356/323/00000/abb78779-37c5-463a-a2c0-94491d5e2d7f.root 356323 [296,283,288,289,293,294,282,291,295,286,287,284,285,290,292,280,281,297]
/store/data/Run2022C/MuonEG/RAW/v1/000/356/323/00000/ad3ad8d8-7502-4ff8-8957-0c9f60ac02f9.root 356323 [540,548,539,545,546,552,554,555,553,556,541,542,543,544,547,549,550,551]
/store/data/Run2022C/MuonEG/RAW/v1/000/356/323/00000/b5603af4-5e6f-47ba-90b9-bdaa417819d4.root 356323 [69,76,72,78,83,75,80,74,82,73,79,71,85,84,70,77,81]
/store/data/Run2022C/MuonEG/RAW/v1/000/356/323/00000/b83f1ee8-7c33-406f-bb3f-2c3998d5c1f9.root 356323 [368,369,370,374,377,375,367,380,378,376,381,372,379,382,366,371,373]
/store/data/Run2022C/MuonEG/RAW/v1/000/356/323/00000/d0af9c23-5085-4848-984f-a26cd9063dec.root 356323 [609,619,620,613,615,616,621,611,617,618,622,607,610,614,623,608,612]
/store/data/Run2022C/MuonEG/RAW/v1/000/356/323/00000/d62ec6ad-8b69-4b15-bd07-7130bcf07131.root 356323 [507,511,519,509,505,515,512,513,506,510,517,520,508,516,514,504,518]
/store/data/Run2022C/MuonEG/RAW/v1/000/356/323/00000/e6144e1b-f01e-4a7b-bb3a-21b2032ea9ea.root 356323 [190,191,179,177,180,182,183,189,176,181,188,192,178,186,187,184,185,175]
/store/data/Run2022C/MuonEG/RAW/v1/000/356/323/00000/f4c33bc1-9d91-4567-b8b1-02b641b949ca.root 356323 [66,63,65,67,57,60,55,68,53,62,54,58,59,56,61,64,52]
/store/data/Run2022C/MuonEG/RAW/v1/000/356/323/00000/f7a850c5-8bf8-4d8e-b3f6-4d0b7bdd97e4.root 356323 [575,581,588,579,576,580,584,585,577,582,586,587,589,578,574,583]
/store/data/Run2022C/MuonEG/RAW/v1/000/356/323/00000/f7d31074-0a1c-44cf-8597-3426e081217b.root 356323 [386,387,384,395,389,390,383,396,399,385,398,388,392,394,391,393,397]
