/store/data/Run2022A/ZeroBias/RAW/v1/000/353/015/00000/08ce5b51-a42c-4dbe-809e-5a64a4676045.root [53,49,54,57,50,56,52,51,55]
/store/data/Run2022A/ZeroBias/RAW/v1/000/353/015/00000/0c84f655-6a6d-467c-8a6c-ec464617b3c7.root [175,177,178,182,183,180,176,181,179]
/store/data/Run2022A/ZeroBias/RAW/v1/000/353/015/00000/10a6de71-6f19-4a60-90a4-58940d8e01f0.root [84,79,76,80,81,83,82,77,78]
/store/data/Run2022A/ZeroBias/RAW/v1/000/353/015/00000/113699e7-660e-4392-9819-cd685f3086d9.root [296,293,300,299,295,297,292,294,298]
/store/data/Run2022A/ZeroBias/RAW/v1/000/353/015/00000/1a9d78a3-0d00-4e9f-bb17-9a89abea8ea7.root [70,71,74,67,72,73,68,69,75]
/store/data/Run2022A/ZeroBias/RAW/v1/000/353/015/00000/21919a46-a7f5-47c5-b815-dcabc361a4d0.root [1,5,6,2,4,7,8,3]
/store/data/Run2022A/ZeroBias/RAW/v1/000/353/015/00000/22284c16-2940-41f8-89cf-0cf42266abb8.root [212,216,211,213,215,217,219,214,218]
/store/data/Run2022A/ZeroBias/RAW/v1/000/353/015/00000/309d942e-defd-4cca-8d43-f19d375152d9.root [59,58,62,60,63,64,61,65,66]
/store/data/Run2022A/ZeroBias/RAW/v1/000/353/015/00000/36b2d85e-d5cc-4a30-8673-b63108198d30.root [189,184,186,188,192,191,185,187,190]
/store/data/Run2022A/ZeroBias/RAW/v1/000/353/015/00000/38987b82-2ee7-4795-95f6-78f3fe5d9ee7.root [223,222,221,224,228,220,227,225,226]
/store/data/Run2022A/ZeroBias/RAW/v1/000/353/015/00000/56517440-cf28-47b9-b110-b41ecaf0566b.root [99,98,100,94,101,102,95,97,96]
/store/data/Run2022A/ZeroBias/RAW/v1/000/353/015/00000/57d79e6d-d9ad-4432-94df-f65f81b991d6.root [283,287,291,284,290,285,288,289,286]
/store/data/Run2022A/ZeroBias/RAW/v1/000/353/015/00000/5dc040ea-8b03-4ab1-8bfa-e528e2d93da1.root [193,194,198,199,200,197,196,195,201]
/store/data/Run2022A/ZeroBias/RAW/v1/000/353/015/00000/6b244763-0b27-4615-893e-4f655402aead.root [239,240,241,245,243,246,238,242,244]
/store/data/Run2022A/ZeroBias/RAW/v1/000/353/015/00000/6c26f54e-4b67-4041-a4ca-5a227bd5201b.root [251,249,250,252,254,248,253,247,255]
/store/data/Run2022A/ZeroBias/RAW/v1/000/353/015/00000/6d38c65b-ff6a-4061-9708-f8df979b8d9e.root [257,261,264,262,256,263,258,259,260]
/store/data/Run2022A/ZeroBias/RAW/v1/000/353/015/00000/7b48f325-15f1-4a79-bf58-ffef02bc5021.root [130,131,136,137,132,133,134,135,138]
/store/data/Run2022A/ZeroBias/RAW/v1/000/353/015/00000/800a798c-e9e3-4c87-a0b6-5ce841c742d9.root [282,279,274,275,280,277,278,276,281]
/store/data/Run2022A/ZeroBias/RAW/v1/000/353/015/00000/80277cff-ae40-44a8-8f7f-c10cbbe6a8eb.root [303,305,313,302,304,308,311,307,312,316,301,314,310,306,309,315]
/store/data/Run2022A/ZeroBias/RAW/v1/000/353/015/00000/85198027-a0e7-4f0f-a09c-a12ef14f699d.root [42,46,45,44,47,41,43,48]
/store/data/Run2022A/ZeroBias/RAW/v1/000/353/015/00000/8f903404-a850-4d46-b9ed-fbc1b06f1852.root [18,21,22,23,19,24,17,20]
/store/data/Run2022A/ZeroBias/RAW/v1/000/353/015/00000/95ac570d-907b-4144-ac4b-244ee060f50a.root [36,40,33,34,35,37,38,39]
/store/data/Run2022A/ZeroBias/RAW/v1/000/353/015/00000/a096db5a-70a4-4f2f-90a9-c7d00efb6539.root [112,119,117,118,120,113,116,114,115]
/store/data/Run2022A/ZeroBias/RAW/v1/000/353/015/00000/a3f27bc4-8405-46c6-878f-7d2ae8f6b4ea.root [229,230,235,232,234,231,233,236,237]
/store/data/Run2022A/ZeroBias/RAW/v1/000/353/015/00000/a84044fd-40e5-4de7-b8d1-cff66a4388dc.root [85,92,87,89,91,93,90,86,88]
/store/data/Run2022A/ZeroBias/RAW/v1/000/353/015/00000/ad6ea5af-2197-40d8-9ab4-8095136a1b65.root [13,12,14,10,15,9,11,16]
/store/data/Run2022A/ZeroBias/RAW/v1/000/353/015/00000/bb7ad142-abfd-42d7-8448-26fff0382cb6.root [147,142,144,145,146,141,143,140,139]
/store/data/Run2022A/ZeroBias/RAW/v1/000/353/015/00000/c2182c58-5434-4f08-b0f4-7ef870f3f424.root [123,124,129,122,126,121,125,127,128]
/store/data/Run2022A/ZeroBias/RAW/v1/000/353/015/00000/c2cc4b04-11d3-4257-8067-33c0f46f49a5.root [30,31,32,25,26,27,29,28]
/store/data/Run2022A/ZeroBias/RAW/v1/000/353/015/00000/d186f872-0b2f-48b5-9808-f46bac534d0e.root [149,152,154,155,150,151,148,153,156]
/store/data/Run2022A/ZeroBias/RAW/v1/000/353/015/00000/dcec2ec4-8e81-4015-8aef-ee7091c82d96.root [108,105,109,111,110,103,104,106,107]
/store/data/Run2022A/ZeroBias/RAW/v1/000/353/015/00000/deba21b1-454f-4b04-91cb-02c9889dd401.root [208,210,203,204,206,202,205,209,207]
/store/data/Run2022A/ZeroBias/RAW/v1/000/353/015/00000/eb3bb775-5d51-42b4-bb57-a2f70b0648b5.root [158,164,159,165,160,161,157,162,163]
/store/data/Run2022A/ZeroBias/RAW/v1/000/353/015/00000/f03f0feb-fa64-4693-8667-83b075acac4c.root [273,265,272,269,266,271,268,270,267]
/store/data/Run2022A/ZeroBias/RAW/v1/000/353/015/00000/ffbfffcc-2ae1-4756-a302-d066e71cf7fc.root [168,171,173,166,167,174,169,170,172]
