/store/data/Run2024C/HcalNZS/RAW/v1/000/379/416/00000/0edd2f8d-612a-4cd7-934b-974fec486dcb.root 379416 [165,168,174,176,183,167,181,191,195,169,170,187,193,173,175,194,196,171,180,184,190,185,186,172,179,166,177,178,182,188,189,192]
/store/data/Run2024C/HcalNZS/RAW/v1/000/379/416/00000/159e5b59-b460-42bb-8ea8-e39d7ea33789.root 379416 [197,208,209,210,215,221,223,232,198,213,219,201,212,222,227,229,230,205,206,211,214,216,228,233,203,217,218,220,202,204,224,226,199,200,207,225,231]
/store/data/Run2024C/HcalNZS/RAW/v1/000/379/416/00000/19613ff6-7470-491b-810b-b57438fdceb1.root 379416 [70,80,81,88,64,72,90,69,71,74,94,95,96,97,67,73,78,79,84,87,83,66,68,85,89,92,93,98,75,77,82,91,65,76,86]
/store/data/Run2024C/HcalNZS/RAW/v1/000/379/416/00000/350babc6-6f4a-46e3-b217-2334a5cbb2f7.root 379416 [7,16,34,51,60,14,30,50,61,2,27,33,39,40,41,44,49,59,8,10,13,21,22,23,26,28,31,32,46,47,54,56,1,4,6,11,20,29,42,48,12,15,18,19,35,43,53,58,3,5,9,17,25,36,37,55,62,24,38,45,52,57,63]
/store/data/Run2024C/HcalNZS/RAW/v1/000/379/416/00000/834f071d-65aa-477b-8c1a-d0ef7067aea9.root 379416 [102,105,115,116,129,100,103,104,107,109,112,131,132,99,111,130,110,118,124,128,120,126,127,101,108,113,119,121,123,106,114,117,122,125]
/store/data/Run2024C/HcalNZS/RAW/v1/000/379/416/00000/a9903c73-224e-4a6b-aab6-42c8f2453272.root 379416 [133,146,159,137,140,156,135,138,141,145,153,163,134,139,143,155,157,158,162,164,136,142,147,152,160,149,154,144,148,150,151,161]
/store/data/Run2024C/HcalNZS/RAW/v1/000/379/420/00000/14b2cfaf-ab46-43c1-82c5-d48447b760f1.root 379420 [230,238,239,241,244,246,256,229,251,226,227,242,245,253,257,228,236,237,255,259,233,234,235,243,249,250,252,231,232,240,247,254,248,258]
/store/data/Run2024C/HcalNZS/RAW/v1/000/379/420/00000/372b1459-1e99-44c6-8288-3c2c229a40dd.root 379420 [220,219,222,223,224,221]
/store/data/Run2024C/HcalNZS/RAW/v1/000/379/420/00000/4024499c-2001-4878-9cf8-1d7725e33be5.root 379420 [152,162,163,173,175,176,178,158,161,174,177,180,155,157,159,182,183,151,160,168,172,153,171,166,169,179,164,167,170,181,184,154,156,165]
/store/data/Run2024C/HcalNZS/RAW/v1/000/379/420/00000/45759838-7b97-4561-9612-e4d16f7282e8.root 379420 [431,432,435,449,453,460,429,433,436,440,457,459,434,443,445,427,438,442,446,450,455,456,428,430,437,444,447,439,451,454,458,448,452,441]
/store/data/Run2024C/HcalNZS/RAW/v1/000/379/420/00000/66bab132-14f6-4845-84c9-0974b8e91372.root 379420 [419,424,397,411,420,426,402,405,406,416,418,398,407,408,422,393,396,400,403,425,399,417,401,404,409,414,415,421,394,395,410,412,413,423]
/store/data/Run2024C/HcalNZS/RAW/v1/000/379/420/00000/69462be0-9d8e-409d-91b5-02249f98e4c7.root 379420 [1,3,8,14,19,26,29,42,47,58,60,61,62,64,77,96,106,108,18,20,24,27,41,46,56,59,73,76,87,101,102,103,110,12,15,22,36,91,97,112,2,6,9,10,31,35,37,38,39,49,53,70,71,72,86,89,95,99,107,4,11,16,34,45,52,57,5,23,25,28,54,55,68,74,78,80,81,94,104,109,17,30,33,43,44,50,63,65,66,69,75,79,82,84,90,92,93,98,105,7,13,21,32,40,48,51,67,83,85,88,100,111,113]
/store/data/Run2024C/HcalNZS/RAW/v1/000/379/420/00000/71a26ec6-9861-4537-9a94-b439bb8fa95b.root 379420 [500,509,511,519,521,501,502,504,505,508,512,513,516,528,496,499,503,507,523,529,498,514,515,522,526,495,497,520,527,510,518,525,506,517,524]
/store/data/Run2024C/HcalNZS/RAW/v1/000/379/420/00000/729cb3c9-94f3-4823-8507-ab4d1b880124.root 379420 [365,366,368,374,379,384,388,391,363,367,383,389,372,373,377,378,390,361,364,376,387,392,362,380,369,375,381,382,386,370,371,385]
/store/data/Run2024C/HcalNZS/RAW/v1/000/379/420/00000/80569738-209c-4117-9d7b-903a7c508bd8.root 379420 [472,474,479,493,465,470,473,487,488,461,475,482,468,464,466,483,484,489,469,471,477,478,480,490,494,462,463,467,476,481,486,491,485,492]
/store/data/Run2024C/HcalNZS/RAW/v1/000/379/420/00000/80835ba7-36b3-4314-a5f9-4cf43323b9a3.root 379420 [551,559,555,532,534,536,541,546,547,549,554,558,531,533,543,545,553,530,537,538,539,540,542,548,535,550,556,544,552,557]
/store/data/Run2024C/HcalNZS/RAW/v1/000/379/420/00000/9f996aca-6ac2-4a55-a202-325fc92fd828.root 379420 [261,275,291,292,263,265,271,274,276,281,289,262,264,266,283,285,286,287,267,272,282,290,260,270,277,279,268,273,278,288,269,280,284,293]
/store/data/Run2024C/HcalNZS/RAW/v1/000/379/420/00000/a6ee4821-1f02-41c4-a709-8c4126502181.root 379420 [302,306,309,316,325,300,303,305,308,319,295,296,307,322,310,312,314,297,298,299,301,304,313,318,321,323,324,327,311,317,326,315,320,294]
/store/data/Run2024C/HcalNZS/RAW/v1/000/379/420/00000/c4074bd1-6f6b-4a62-971b-03fcc15dc858.root 379420 [115,128,134,139,145,149,118,123,124,126,120,121,122,131,137,138,146,147,140,119,141,148,150,114,125,129,136,116,117,127,130,132,133,135,142,143,144]
/store/data/Run2024C/HcalNZS/RAW/v1/000/379/420/00000/dab65d93-dacb-4f23-9e3b-8e9cbfc2f316.root 379420 [332,347,328,340,345,349,355,341,344,350,337,353,354,356,359,329,331,335,339,357,358,360,333,342,343,330,334,336,352,338,346,348,351]
/store/data/Run2024C/HcalNZS/RAW/v1/000/379/420/00000/e15126eb-f2c3-4725-ad94-3d4a3dd9804d.root 379420 [187,203,214,190,192,204,206,210,213,185,191,198,205,216,218,194,196,200,201,208,209,211,212,186,195,197,199,207,188,189,193,215,202,217]
/store/data/Run2024C/HcalNZS/RAW/v1/000/379/425/00000/0357729b-ea64-4bdc-b505-ddde49403109.root 379425 [2,26,28,29,32,47,51,53,55,56,69,77,78,93,7,39,62,80,94,101,15,17,23,24,37,38,41,57,59,70,74,82,88,89,91,100,103,6,8,46,60,63,71,72,75,79,81,90,97,104,19,33,43,54,67,86,87,99,105,3,5,10,11,12,31,35,36,40,42,45,49,52,58,64,66,98,4,9,13,18,20,22,27,30,44,96,102,14,16,21,25,34,48,50,61,65,68,73,76,83,84,85,92,95]
/store/data/Run2024C/HcalNZS/RAW/v1/000/379/425/00000/0430fd92-611f-467b-ba9e-144d288bb0b2.root 379425 [179,185,187,182,189,196,202,207,188,190,208,178,184,197,198,201,203,206,176,181,191,192,193,199,200,175,183,194,195,204,205,177,180,186]
/store/data/Run2024C/HcalNZS/RAW/v1/000/379/425/00000/8b2758ed-d814-4cd8-adfb-610d74588c88.root 379425 [213,225,209,217,229,236,215,221,227,214,222,212,216,219,223,234,231,232,233,235,220,226,210,211,218,224,228,230]
/store/data/Run2024C/HcalNZS/RAW/v1/000/379/425/00000/bbb67c46-5ef4-4a82-92b3-f4682b4bb793.root 379425 [145,147,148,156,174,150,151,153,171,146,168,142,143,152,154,162,163,164,166,167,172,144,160,161,165,173,149,157,158,159,170,155,169]
/store/data/Run2024C/HcalNZS/RAW/v1/000/379/425/00000/bfb00fb6-4764-47b3-99ba-5189aad95cec.root 379425 [110,111,116,127,133,108,109,115,121,129,107,112,125,126,131,134,136,139,128,120,138,113,117,119,130,140,141,114,122,137,106,118,123,124,132,135]
/store/data/Run2024C/HcalNZS/RAW/v1/000/379/433/00000/3e211e2d-c795-481e-887d-dd7bc32e2894.root 379433 [7,13,16,39,50,52,3,15,22,36,48,20,33,38,47,49,17,25,34,42,53,1,6,9,10,11,19,26,29,37,40,23,32,35,41,46,2,14,27,28,45,4,5,8,12,18,21,24,30,31,43,44,51]
/store/data/Run2024C/HcalNZS/RAW/v1/000/379/442/00000/449d02c1-1717-45a0-a7b9-376d04b79694.root 379442 [280,284,283,287,281,286,290,288,285,291,282,289]
/store/data/Run2024C/HcalNZS/RAW/v1/000/379/442/00000/5a8a7c2b-114d-4d00-9786-32d3aaab7d2a.root 379442 [154,167,168,170,169,171,180,181,183,158,159,182,184,162,165,174,176,173,178,164,172,175,155,157,160,161,163,179,153,156,166,177]
/store/data/Run2024C/HcalNZS/RAW/v1/000/379/442/00000/64e2f2dc-5d0b-476d-a829-a9ce0306b0fe.root 379442 [248,263,270,277,279,262,272,276,252,258,266,257,260,269,274,250,253,259,267,273,256,265,268,251,255,264,271,275,249,254,261,278]
/store/data/Run2024C/HcalNZS/RAW/v1/000/379/442/00000/6a0e0567-f479-451f-8d2a-dabe590f6f6a.root 379442 [121,122,123,124,132,135,136,137,141,146,148,150,152,128,133,147,126,127,129,130,143,138,142,125,131,139,144,151,134,140,145,149]
/store/data/Run2024C/HcalNZS/RAW/v1/000/379/442/00000/853ad63b-ee4c-44bd-b9e7-80f6d1f38c86.root 379442 [91,117,118,88,94,97,101,116,96,98,111,115,89,90,93,95,104,105,108,92,99,102,103,110,114,120,100,106,107,109,112,113,119]
/store/data/Run2024C/HcalNZS/RAW/v1/000/379/442/00000/a54aff69-9dcb-4140-9b0d-e737cecd0a71.root 379442 [4,2,3,22,27,34,35,42,45,46,47,51,58,70,10,13,16,20,50,57,71,73,79,82,83,84,5,7,12,15,24,32,38,43,61,63,66,81,87,9,30,33,36,49,53,59,64,77,80,1,8,26,28,40,62,18,23,29,39,41,44,48,55,56,60,67,68,76,86,6,11,14,17,19,31,37,52,65,69,74,75,21,25,54,72,78,85]
/store/data/Run2024C/HcalNZS/RAW/v1/000/379/442/00000/f3883483-4604-4970-83a1-b627b5cbd648.root 379442 [192,195,197,190,203,204,212,194,199,210,209,213,214,187,188,196,198,206,193,208,211,215,185,189,205,186,191,200,201,202,207]
/store/data/Run2024C/HcalNZS/RAW/v1/000/379/442/00000/f51a47ad-dee0-4a8a-b589-720d4c34375c.root 379442 [219,221,235,243,246,247,216,225,232,233,237,238,239,218,223,227,229,236,240,242,220,224,226,230,244,217,222,228,234,231,241,245]
/store/data/Run2024C/HcalNZS/RAW/v1/000/379/454/00000/1b67bb8c-2989-4ec5-9d92-287b48336d41.root 379454 [444,460,467,462,443,452,457,459,470,475,447,453,455,456,461,466,478,445,448,458,474,446,463,465,469,472,473,450,451,464,471,476,449,454,468,477]
/store/data/Run2024C/HcalNZS/RAW/v1/000/379/454/00000/2adfd0b3-314c-4609-a1c9-47ebd87a30d1.root 379454 [409,415,417,421,437,410,413,424,425,429,432,435,439,418,434,423,430,442,412,419,420,431,436,440,441,416,426,427,428,438,411,414,422,433]
/store/data/Run2024C/HcalNZS/RAW/v1/000/379/454/00000/66366e32-14d3-4a4f-92d8-010199ed303a.root 379454 [277,296,303,276,293,294,305,279,287,290,298,302,304,306,275,282,283,286,297,301,308,281,299,280,284,288,285,291,307,278,289,292,300,295]
/store/data/Run2024C/HcalNZS/RAW/v1/000/379/454/00000/849b964e-d8c6-4674-8c2e-ebc890a3bef5.root 379454 [216,240,217,213,218,221,226,237,220,228,238,239,212,224,235,236,222,229,233,241,208,209,210,211,215,219,230,231,234,214,223,225,227,232]
/store/data/Run2024C/HcalNZS/RAW/v1/000/379/454/00000/8a94b09a-843e-4d4c-841d-5624db92099a.root 379454 [344,345,351,374,357,360,361,366,367,373,354,358,368,348,353,365,356,359,363,352,355,342,343,346,349,364,371,372,347,350,362,369,370]
/store/data/Run2024C/HcalNZS/RAW/v1/000/379/454/00000/8b2a5cec-7432-4938-9598-ba2934aa7868.root 379454 [6,19,33,35,39,45,46,52,59,69,73,77,81,89,91,92,104,2,3,10,12,21,24,29,37,49,51,71,85,100,108,1,30,32,34,41,58,62,63,65,75,76,79,80,86,93,95,4,5,9,13,27,31,36,38,42,56,61,67,94,98,18,20,40,53,54,60,72,83,87,102,109,8,16,17,22,47,48,50,55,68,70,90,99,101,107,7,11,15,23,26,43,64,88,96,97,103,105,14,25,28,44,57,66,74,78,82,84,106]
/store/data/Run2024C/HcalNZS/RAW/v1/000/379/454/00000/9b116430-5d08-4182-a8c3-07d14670a5d9.root 379454 [518,519,520,528,535,531,533,537,517,525,529,532,534,540,516,522,527,515,524,530,538,539,514,521,523,526,536]
/store/data/Run2024C/HcalNZS/RAW/v1/000/379/454/00000/9da3cd2a-0f06-461a-a566-bf65c1c6b337.root 379454 [248,253,254,249,251,257,259,267,270,244,245,269,247,268,271,272,242,246,252,255,263,264,273,274,262,265,266,243,250,256,258,260,261]
/store/data/Run2024C/HcalNZS/RAW/v1/000/379/454/00000/abb0ef46-26be-4926-b8d1-507418bfe213.root 379454 [176,180,185,197,206,177,182,189,201,178,181,183,184,187,188,195,199,204,186,193,196,203,190,192,198,200,179,194,202,205,207,191]
/store/data/Run2024C/HcalNZS/RAW/v1/000/379/454/00000/b9720f3c-b40a-4857-ba80-3690e48ca92c.root 379454 [334,313,314,315,326,328,341,318,319,322,335,339,310,321,323,324,330,332,336,338,312,327,331,333,340,316,320,325,329,309,311,317,337]
/store/data/Run2024C/HcalNZS/RAW/v1/000/379/454/00000/c3701210-2126-44e1-8c00-6dd9bde35c23.root 379454 [111,120,122,128,113,121,112,114,115,117,118,119,127,134,138,110,124,125,135,123,126,131,133,116,141,142,132,129,130,136,137,139,140,143]
/store/data/Run2024C/HcalNZS/RAW/v1/000/379/454/00000/c8ff1066-4e00-4ed9-97cc-7d852125097e.root 379454 [499,507,509,485,490,500,504,513,491,502,512,492,511,481,484,488,493,496,503,506,479,482,486,487,494,495,508,510,480,483,489,497,498,501,505]
/store/data/Run2024C/HcalNZS/RAW/v1/000/379/454/00000/d2be7b47-b70a-4be4-b127-93bac1177ea5.root 379454 [150,157,165,166,170,146,154,159,145,147,153,160,151,158,167,174,148,156,171,152,155,161,162,144,164,168,169,175,149,163,172,173]
/store/data/Run2024C/HcalNZS/RAW/v1/000/379/454/00000/ef88c24a-0cca-4333-90b7-ff53f96a8d75.root 379454 [377,382,401,381,389,394,375,376,388,395,396,403,406,378,379,386,387,397,404,405,383,384,390,392,385,402,391,393,398,408,380,399,400,407]
