/store/data/Run2017B/HLTPhysics/RAW/v1/000/297/557/00000/18AF5343-E55A-E711-B342-02163E0139CE.root [148,150,153,156,157,166,167,154,165,168,160,161,164,170,158,169,149,151,152,159,155,162,163,171,172]
/store/data/Run2017B/HLTPhysics/RAW/v1/000/297/557/00000/1A17E8A1-DD5A-E711-8BE2-02163E014472.root [10]
/store/data/Run2017B/HLTPhysics/RAW/v1/000/297/557/00000/1CB64B93-DD5A-E711-B3C8-02163E01A6C0.root [2,5,7,3,4,6,1]
/store/data/Run2017B/HLTPhysics/RAW/v1/000/297/557/00000/3C7CE7AD-E15A-E711-9980-02163E0124B6.root [44,48,56,40,41,59,42,43,51,47,53,54,58,50,52,55,57,39,45,46,49]
/store/data/Run2017B/HLTPhysics/RAW/v1/000/297/557/00000/50368C3C-EA5A-E711-95EE-02163E013750.root [340,344,339,341,346,357,343,353,342,345,348,350,354,355,347,349,351,356,358,352,359]
/store/data/Run2017B/HLTPhysics/RAW/v1/000/297/557/00000/5A306F6E-E55A-E711-8EB9-02163E013750.root [81,85,87,90,89,97,98,86,92,83,84,91,95,100,93,94,99,88,96,82]
/store/data/Run2017B/HLTPhysics/RAW/v1/000/297/557/00000/60BF4E18-EA5A-E711-AEC0-02163E019B52.root [288,289,297,273,293,285,294,274,284,292,296,277,280,282,286,287,290,295,275,276,278,281,291,279,283]
/store/data/Run2017B/HLTPhysics/RAW/v1/000/297/557/00000/6CAD5927-EA5A-E711-96D5-02163E01341F.root [174,179,188,189,176,178,187,197,175,182,185,192,193,194,173,191,195,180,183,196,177,181,184,186,190]
/store/data/Run2017B/HLTPhysics/RAW/v1/000/297/557/00000/7E190148-E55A-E711-BD77-02163E01A493.root [67,71,77,73,69,75,79,74,60,61,78,62,63,66,68,72,76,64,65,70,80]
/store/data/Run2017B/HLTPhysics/RAW/v1/000/297/557/00000/801A4E0C-EA5A-E711-BAB6-02163E01A6F2.root [228,236,244,232,234,235,223,226,233,239,246,225,230,241,224,231,238,242,237,240,243,245,247,227,229]
/store/data/Run2017B/HLTPhysics/RAW/v1/000/297/557/00000/8E51320B-EA5A-E711-8B4E-02163E01A5AB.root [361,379,364,365,366,370,371,373,362,367,360,376,380,363,377,378,368,369,372,374,375,381]
/store/data/Run2017B/HLTPhysics/RAW/v1/000/297/557/00000/8EA47A38-EA5A-E711-BF79-02163E0145AA.root [255,256,270,257,261,250,251,260,266,268,254,262,272,259,267,248,252,263,271,249,253,269,258,264,265]
/store/data/Run2017B/HLTPhysics/RAW/v1/000/297/557/00000/90A5D624-EA5A-E711-B075-02163E01A382.root [298,304,307,308,309,310,317,306,314,315,299,312,316,300,305,311,301,318,302,303,313]
/store/data/Run2017B/HLTPhysics/RAW/v1/000/297/557/00000/A0E83F09-EA5A-E711-BB79-02163E01A409.root [388,390,387,385,386,391,382,384,383,389]
/store/data/Run2017B/HLTPhysics/RAW/v1/000/297/557/00000/B4F98A0C-EA5A-E711-A138-02163E019C9A.root [322,337,320,328,330,325,326,335,319,324,338,321,329,334,336,332,323,327,331,333]
/store/data/Run2017B/HLTPhysics/RAW/v1/000/297/557/00000/CC087870-E55A-E711-A51C-02163E014722.root [140,124,127,137,126,134,146,136,144,147,128,129,131,125,130,132,135,141,142,123,139,145,133,138,143]
/store/data/Run2017B/HLTPhysics/RAW/v1/000/297/557/00000/CCE08C51-E55A-E711-8237-02163E011B0E.root [111,120,105,109,113,114,118,122,101,121,107,119,117,103,115,108,110,112,102,104,106,116]
/store/data/Run2017B/HLTPhysics/RAW/v1/000/297/557/00000/E66EF80B-EA5A-E711-81FB-02163E019BD7.root [199,204,207,209,222,216,203,205,211,215,217,208,213,214,201,219,220,200,202,212,198,206,210,218,221]
/store/data/Run2017B/HLTPhysics/RAW/v1/000/297/557/00000/F890D69D-E15A-E711-8818-02163E01194B.root [15,16,24,32,36,38,13,21,27,30,17,20,25,22,35,18,29,31,33,34,19,12,26,28,14,23,37]
