/store/data/Run2022D/NoBPTX/RAW/v1/000/357/538/00000/06b58457-92dc-4d6c-981a-d978a9ee1517.root 357538 [52,53,57,51,58,54,55,56]
/store/data/Run2022D/NoBPTX/RAW/v1/000/357/538/00000/3a2ba3b9-e92f-4b26-8bca-6ac5247f8a8a.root 357538 [1,7,8,26,27,15,34,40,14,21,3,17,22,41,9,10,30,39,5,11,20,23,25,29,31,37,42,12,16,19,28,36,2,4,6,13,18,24,32,33,35,38]
/store/data/Run2022D/NoBPTX/RAW/v1/000/357/538/00000/83db7c30-9e24-49ca-9133-0641fd267778.root 357538 [63,59,62,60,61,64]
/store/data/Run2022D/NoBPTX/RAW/v1/000/357/538/00000/b42fe8ec-cb87-4f3e-a4b6-f83a029a418e.root 357538 [47,50,43,45,48,49,44,46]
/store/data/Run2022D/NoBPTX/RAW/v1/000/357/542/00000/007cf17e-9d69-4021-ae29-39dac72f3733.root 357542 [234,233]
/store/data/Run2022D/NoBPTX/RAW/v1/000/357/542/00000/009242a9-7b9a-46d1-a44e-e6756b771012.root 357542 [72,73]
/store/data/Run2022D/NoBPTX/RAW/v1/000/357/542/00000/065af817-cb4f-4d80-86e0-1dd2ee97b313.root 357542 [44,43]
/store/data/Run2022D/NoBPTX/RAW/v1/000/357/542/00000/069b0dc0-0453-48fb-802a-99842aa13c67.root 357542 [101,100]
/store/data/Run2022D/NoBPTX/RAW/v1/000/357/542/00000/0e4e4de0-4fe3-4350-9ad2-6fb17a74cbff.root 357542 [33,34]
/store/data/Run2022D/NoBPTX/RAW/v1/000/357/542/00000/11102638-2785-4039-8a61-39a6e71e9a06.root 357542 [35,36]
/store/data/Run2022D/NoBPTX/RAW/v1/000/357/542/00000/15d298d1-fa38-4ecf-9312-1d1f8231e330.root 357542 [67,66]
/store/data/Run2022D/NoBPTX/RAW/v1/000/357/542/00000/1621cb66-8f91-4934-b962-31ac5aadfc05.root 357542 [148,147]
/store/data/Run2022D/NoBPTX/RAW/v1/000/357/542/00000/162a6ec9-8a5d-4ef9-b48e-4819f389d3b6.root 357542 [223,224]
/store/data/Run2022D/NoBPTX/RAW/v1/000/357/542/00000/16386ca2-03ce-44ac-8f72-cee72447c950.root 357542 [39,40]
/store/data/Run2022D/NoBPTX/RAW/v1/000/357/542/00000/16641553-71b2-4f8b-8be9-302f9fd6744f.root 357542 [184,183]
/store/data/Run2022D/NoBPTX/RAW/v1/000/357/542/00000/16be1350-d9cb-420f-8cd0-440815efeb09.root 357542 [23,24,25]
/store/data/Run2022D/NoBPTX/RAW/v1/000/357/542/00000/174aca4a-5424-48ec-aa98-af525f15f6c0.root 357542 [214,213]
/store/data/Run2022D/NoBPTX/RAW/v1/000/357/542/00000/188a8911-37a6-4d99-95f6-8e6c4d055c80.root 357542 [37,38]
/store/data/Run2022D/NoBPTX/RAW/v1/000/357/542/00000/1ada76fd-18fa-40cb-84cc-15201b88288c.root 357542 [217,218]
/store/data/Run2022D/NoBPTX/RAW/v1/000/357/542/00000/1b3f4620-83c2-4156-a563-2da55525e0b0.root 357542 [167,168]
/store/data/Run2022D/NoBPTX/RAW/v1/000/357/542/00000/1bab7c5a-d638-484e-926f-65d7741e6147.root 357542 [85,84]
/store/data/Run2022D/NoBPTX/RAW/v1/000/357/542/00000/1c9b1173-4f94-4405-8d47-63e27d08daec.root 357542 [105,104]
/store/data/Run2022D/NoBPTX/RAW/v1/000/357/542/00000/224e9827-d67f-45bd-9da5-8559f22eac79.root 357542 [205,206]
/store/data/Run2022D/NoBPTX/RAW/v1/000/357/542/00000/23322856-08b5-42b6-8280-d3aa718eade7.root 357542 [191,192]
/store/data/Run2022D/NoBPTX/RAW/v1/000/357/542/00000/26e0aaaf-d57e-4525-83b8-37bd8f93e9eb.root 357542 [179,180]
/store/data/Run2022D/NoBPTX/RAW/v1/000/357/542/00000/2a378201-7057-41e6-8b10-2021af001389.root 357542 [41,42]
/store/data/Run2022D/NoBPTX/RAW/v1/000/357/542/00000/2bc4e688-e4a9-4c78-828d-c192bcca2cff.root 357542 [245,246]
/store/data/Run2022D/NoBPTX/RAW/v1/000/357/542/00000/2e546c30-2eb5-418f-9c95-51aba2a2bba7.root 357542 [65,64]
/store/data/Run2022D/NoBPTX/RAW/v1/000/357/542/00000/319ec2fb-3211-42c0-97fe-1026fa844b6d.root 357542 [18,19]
/store/data/Run2022D/NoBPTX/RAW/v1/000/357/542/00000/32a8ccc2-8305-49fa-bd14-13cb738139c8.root 357542 [247,248]
/store/data/Run2022D/NoBPTX/RAW/v1/000/357/542/00000/355d163a-1968-4a8d-a58f-faa8db820cb6.root 357542 [62,63]
/store/data/Run2022D/NoBPTX/RAW/v1/000/357/542/00000/35b487b5-5176-485a-972e-c16c11e9cdd4.root 357542 [27,26]
/store/data/Run2022D/NoBPTX/RAW/v1/000/357/542/00000/365f808c-9cff-4b05-9130-7b2637a19faa.root 357542 [240,239]
/store/data/Run2022D/NoBPTX/RAW/v1/000/357/542/00000/39b51562-cb58-42f6-90b6-4adcc43d4d72.root 357542 [235,236]
/store/data/Run2022D/NoBPTX/RAW/v1/000/357/542/00000/39fb3c43-4c01-4837-a9b2-a4db09f40117.root 357542 [122,125,123,124,126]
/store/data/Run2022D/NoBPTX/RAW/v1/000/357/542/00000/3deaf892-e9cb-477d-8363-c997adf67946.root 357542 [156,155]
/store/data/Run2022D/NoBPTX/RAW/v1/000/357/542/00000/3e4b37b2-cd6f-459a-a22a-859726060623.root 357542 [145,146]
/store/data/Run2022D/NoBPTX/RAW/v1/000/357/542/00000/40280375-dfbf-4cda-a075-630570f9389c.root 357542 [29,28]
/store/data/Run2022D/NoBPTX/RAW/v1/000/357/542/00000/412ff93c-7308-4310-bf23-e91879533b06.root 357542 [131,137,130,135,136,129,134,132,133]
/store/data/Run2022D/NoBPTX/RAW/v1/000/357/542/00000/4440b0f9-4baf-47f4-9407-93a0b3b7a898.root 357542 [88,89]
/store/data/Run2022D/NoBPTX/RAW/v1/000/357/542/00000/4a2731ae-5c8c-45b6-820d-c2584ce3ef7e.root 357542 [20,22,21]
/store/data/Run2022D/NoBPTX/RAW/v1/000/357/542/00000/4d44af10-fc0a-4193-933f-81249f063583.root 357542 [204,203]
/store/data/Run2022D/NoBPTX/RAW/v1/000/357/542/00000/4e50742b-c101-4c8c-96e3-d03bb57e82cf.root 357542 [117,116]
/store/data/Run2022D/NoBPTX/RAW/v1/000/357/542/00000/4f46e52a-1137-455a-9208-0d8533c473a3.root 357542 [171,172]
/store/data/Run2022D/NoBPTX/RAW/v1/000/357/542/00000/504bb79f-ef47-48e7-85f5-fdab55c90fdc.root 357542 [177,178]
/store/data/Run2022D/NoBPTX/RAW/v1/000/357/542/00000/51905f3a-21c9-43bf-a04f-ef34e29abeab.root 357542 [182,181]
/store/data/Run2022D/NoBPTX/RAW/v1/000/357/542/00000/5203638c-035e-44ed-b24d-57be18d2d120.root 357542 [74,75]
/store/data/Run2022D/NoBPTX/RAW/v1/000/357/542/00000/53ab14db-a39e-4bfd-94d1-913f2a83f288.root 357542 [185,186]
/store/data/Run2022D/NoBPTX/RAW/v1/000/357/542/00000/576a190d-be4b-4bc5-bafe-7e56ab5249e0.root 357542 [162,161]
/store/data/Run2022D/NoBPTX/RAW/v1/000/357/542/00000/59de837d-3010-47df-ba4c-b282416f4e84.root 357542 [80,81]
/store/data/Run2022D/NoBPTX/RAW/v1/000/357/542/00000/5a6cb6d1-f3e4-4375-ac17-fb7f309f6455.root 357542 [107,106]
/store/data/Run2022D/NoBPTX/RAW/v1/000/357/542/00000/60496cc3-f425-447b-b265-49a80f6c6110.root 357542 [152,151]
/store/data/Run2022D/NoBPTX/RAW/v1/000/357/542/00000/6633098d-deb1-4b2f-85f8-30131438fff3.root 357542 [169,170]
/store/data/Run2022D/NoBPTX/RAW/v1/000/357/542/00000/68bcd6a2-e448-4f10-a9d9-cb27a51a9cd9.root 357542 [215,216]
/store/data/Run2022D/NoBPTX/RAW/v1/000/357/542/00000/69959819-5f51-4b67-bf2b-f377f6834fb7.root 357542 [10,11,12]
/store/data/Run2022D/NoBPTX/RAW/v1/000/357/542/00000/6c497a03-ef8b-49d9-aab0-1ffc82bd4741.root 357542 [93,92]
/store/data/Run2022D/NoBPTX/RAW/v1/000/357/542/00000/6c716d28-f450-432b-957f-16af33ec6665.root 357542 [188,187]
/store/data/Run2022D/NoBPTX/RAW/v1/000/357/542/00000/6f5833a1-0cc6-497d-93e6-8f945122dc82.root 357542 [166,165]
/store/data/Run2022D/NoBPTX/RAW/v1/000/357/542/00000/6f763d16-8c1c-4230-a6f8-de67feff329e.root 357542 [98,99]
/store/data/Run2022D/NoBPTX/RAW/v1/000/357/542/00000/72d901ab-8dfd-4614-9deb-bb7cd8e4cf25.root 357542 [232,231]
/store/data/Run2022D/NoBPTX/RAW/v1/000/357/542/00000/75201451-6341-4206-8713-de11c67fee94.root 357542 [30,31,32]
/store/data/Run2022D/NoBPTX/RAW/v1/000/357/542/00000/78e57e1d-4404-4ff9-8fcb-a24aedf3d8a9.root 357542 [211,212]
/store/data/Run2022D/NoBPTX/RAW/v1/000/357/542/00000/799633e1-c058-43f7-9747-dda45b782ea9.root 357542 [244,243]
/store/data/Run2022D/NoBPTX/RAW/v1/000/357/542/00000/7e7bbba8-e462-4aea-a6e9-8491d19e50bc.root 357542 [2,1,3]
/store/data/Run2022D/NoBPTX/RAW/v1/000/357/542/00000/7f24df84-e371-4bb7-beda-535e7f8581c2.root 357542 [68,69]
/store/data/Run2022D/NoBPTX/RAW/v1/000/357/542/00000/7f63e592-80bb-4f0b-ba59-89220a4c2324.root 357542 [201,202]
/store/data/Run2022D/NoBPTX/RAW/v1/000/357/542/00000/84177e4d-0655-4394-9802-7781b283a774.root 357542 [229,230]
/store/data/Run2022D/NoBPTX/RAW/v1/000/357/542/00000/85506f0a-4192-48c3-834b-e2e34523e4f2.root 357542 [154,153]
/store/data/Run2022D/NoBPTX/RAW/v1/000/357/542/00000/85adfd67-ccea-4877-80c2-f2e3774944b4.root 357542 [111,110]
/store/data/Run2022D/NoBPTX/RAW/v1/000/357/542/00000/8b6b114c-f69e-4cae-885c-2dc14cbc7004.root 357542 [237,238]
/store/data/Run2022D/NoBPTX/RAW/v1/000/357/542/00000/8c5811f9-018c-4708-abf1-abda2ed7da50.root 357542 [76,77]
/store/data/Run2022D/NoBPTX/RAW/v1/000/357/542/00000/8da6d05f-0223-49bd-a36e-a700efcdc8a9.root 357542 [250,249]
/store/data/Run2022D/NoBPTX/RAW/v1/000/357/542/00000/92a46b59-037d-4880-8359-2603b4e57089.root 357542 [57,56]
/store/data/Run2022D/NoBPTX/RAW/v1/000/357/542/00000/93bc5148-28e5-4f3f-ad16-aa15261ea73e.root 357542 [114,115]
/store/data/Run2022D/NoBPTX/RAW/v1/000/357/542/00000/95224c8e-35e6-41d6-99ab-a9cca25f7ddf.root 357542 [52,53]
/store/data/Run2022D/NoBPTX/RAW/v1/000/357/542/00000/97ccfab6-66b1-400c-af26-f01bda9a6837.root 357542 [50,49,51]
/store/data/Run2022D/NoBPTX/RAW/v1/000/357/542/00000/97f0b0dc-b21a-43d9-840e-17f9f9e02c6a.root 357542 [208,207]
/store/data/Run2022D/NoBPTX/RAW/v1/000/357/542/00000/9bac3bba-04e3-4dc1-ab17-af55f12ccef8.root 357542 [195,196]
/store/data/Run2022D/NoBPTX/RAW/v1/000/357/542/00000/9c135792-6e5f-42a4-a483-9bfabce85f71.root 357542 [242,241]
/store/data/Run2022D/NoBPTX/RAW/v1/000/357/542/00000/9e6f13ea-4b82-43f3-81e9-e861f32af65a.root 357542 [121,120]
/store/data/Run2022D/NoBPTX/RAW/v1/000/357/542/00000/9f0faac8-8097-4e68-aa4d-5717d2db1113.root 357542 [150,149]
/store/data/Run2022D/NoBPTX/RAW/v1/000/357/542/00000/9fce05fd-5344-4eed-9ed6-82e408f3f5ae.root 357542 [45,46]
/store/data/Run2022D/NoBPTX/RAW/v1/000/357/542/00000/a051dbe1-4cc0-42d1-9266-84e9ecf86a05.root 357542 [209,210]
/store/data/Run2022D/NoBPTX/RAW/v1/000/357/542/00000/a916d36d-8511-4345-83d4-9dde2c8d5d92.root 357542 [142,143,144,141]
/store/data/Run2022D/NoBPTX/RAW/v1/000/357/542/00000/aa47effa-ca5a-4b59-84c9-a6016a008dd9.root 357542 [14,17,15,13,16]
/store/data/Run2022D/NoBPTX/RAW/v1/000/357/542/00000/ac5effa7-15bc-43c8-97b4-f67bc74af9d0.root 357542 [86,87]
/store/data/Run2022D/NoBPTX/RAW/v1/000/357/542/00000/b2263e7f-3f05-44b7-9efa-744df82b2ed0.root 357542 [108,109]
/store/data/Run2022D/NoBPTX/RAW/v1/000/357/542/00000/b2b60994-8ddb-48b8-a58f-8af3e36a5a2d.root 357542 [139,140,138]
/store/data/Run2022D/NoBPTX/RAW/v1/000/357/542/00000/b5530ce0-94b6-4559-bb53-b156cc86aa1a.root 357542 [78,79]
/store/data/Run2022D/NoBPTX/RAW/v1/000/357/542/00000/b716a51e-c3f2-4e90-ab82-8b94991c4c4f.root 357542 [221,222]
/store/data/Run2022D/NoBPTX/RAW/v1/000/357/542/00000/b8393bfb-ca42-49ff-8d38-d1f032ad4926.root 357542 [197,198]
/store/data/Run2022D/NoBPTX/RAW/v1/000/357/542/00000/ba468fb4-2e6d-46dc-8bfd-689504659287.root 357542 [128,127]
/store/data/Run2022D/NoBPTX/RAW/v1/000/357/542/00000/bbc5b325-6aff-4b9e-b05c-1211693030a8.root 357542 [4,5,6]
/store/data/Run2022D/NoBPTX/RAW/v1/000/357/542/00000/bd686dc1-5f42-4224-b00d-b7a7d3d4a8d5.root 357542 [199,200]
/store/data/Run2022D/NoBPTX/RAW/v1/000/357/542/00000/bfd8eee5-e6f8-4e41-97d8-5123dbad526f.root 357542 [113,112]
/store/data/Run2022D/NoBPTX/RAW/v1/000/357/542/00000/c103f71f-6f29-48b2-b093-2e9a7a9585a9.root 357542 [102,103]
/store/data/Run2022D/NoBPTX/RAW/v1/000/357/542/00000/c4fc37b6-dd6c-4e02-a778-9c3a5a3317b4.root 357542 [228,227]
/store/data/Run2022D/NoBPTX/RAW/v1/000/357/542/00000/c84f433d-49b9-4f88-8296-24c64725f9bc.root 357542 [97,96]
/store/data/Run2022D/NoBPTX/RAW/v1/000/357/542/00000/caa6a490-792b-487f-b2c9-d27558ee6a77.root 357542 [7,9,8]
/store/data/Run2022D/NoBPTX/RAW/v1/000/357/542/00000/cabb7821-9124-49c9-9110-0d407f25badf.root 357542 [175,176]
/store/data/Run2022D/NoBPTX/RAW/v1/000/357/542/00000/cbdb653d-7a62-4f47-a150-f8c70bcf578a.root 357542 [163,164]
/store/data/Run2022D/NoBPTX/RAW/v1/000/357/542/00000/d341f119-9c0f-4580-8791-0739474cf548.root 357542 [55,54]
/store/data/Run2022D/NoBPTX/RAW/v1/000/357/542/00000/d5b6f724-b460-4769-b872-96e1c90aa8a2.root 357542 [220,219]
/store/data/Run2022D/NoBPTX/RAW/v1/000/357/542/00000/da7601a7-5ede-4ec2-9e18-96fb0db657e2.root 357542 [190,189]
/store/data/Run2022D/NoBPTX/RAW/v1/000/357/542/00000/dd1b96ae-b144-4620-8735-68d194f0b2b9.root 357542 [226,225]
/store/data/Run2022D/NoBPTX/RAW/v1/000/357/542/00000/de3c5718-d171-41a2-a72b-8e75efbfbe43.root 357542 [83,82]
/store/data/Run2022D/NoBPTX/RAW/v1/000/357/542/00000/e347345c-84e8-4e9c-88cc-55ecbe0c4940.root 357542 [173,174]
/store/data/Run2022D/NoBPTX/RAW/v1/000/357/542/00000/e6615d42-9c68-4570-925d-c3085a8a797f.root 357542 [47,48]
/store/data/Run2022D/NoBPTX/RAW/v1/000/357/542/00000/e8f2b691-4549-4795-baa2-768cb752659f.root 357542 [70,71]
/store/data/Run2022D/NoBPTX/RAW/v1/000/357/542/00000/ec77e5f7-a646-4310-9f64-fd3581a3c9ca.root 357542 [193,194]
/store/data/Run2022D/NoBPTX/RAW/v1/000/357/542/00000/f1183cb4-9b9e-4954-80f7-071c5640698f.root 357542 [118,119]
/store/data/Run2022D/NoBPTX/RAW/v1/000/357/542/00000/f534dfb9-bdbb-46fc-8fa9-7b74b957c59e.root 357542 [91,90]
/store/data/Run2022D/NoBPTX/RAW/v1/000/357/542/00000/f7f5a7a7-42d6-4cfb-9ad7-137ce1ad347c.root 357542 [61,60]
/store/data/Run2022D/NoBPTX/RAW/v1/000/357/542/00000/f8e48742-87b5-4cd0-ad58-5f4a3acbe994.root 357542 [159,160]
/store/data/Run2022D/NoBPTX/RAW/v1/000/357/542/00000/fba4c5d0-faad-4e92-bff5-f803037851de.root 357542 [95,94]
/store/data/Run2022D/NoBPTX/RAW/v1/000/357/542/00000/fcd46790-540f-4780-952e-a4a0e2e3d8d7.root 357542 [158,157]
/store/data/Run2022D/NoBPTX/RAW/v1/000/357/542/00000/fdbf2178-b465-4aea-9b35-1767d2f008c3.root 357542 [59,58]
/store/data/Run2022D/NoBPTX/RAW/v1/000/357/550/00000/179d91d0-67e3-4f1d-9e2c-ddfe22b6bea8.root 357550 [9,10]
/store/data/Run2022D/NoBPTX/RAW/v1/000/357/550/00000/2f8e6037-6ce5-43ef-add6-3783e6351658.root 357550 [17,18]
/store/data/Run2022D/NoBPTX/RAW/v1/000/357/550/00000/51ad7088-f189-436c-bb1b-f76e313149bc.root 357550 [5,6]
/store/data/Run2022D/NoBPTX/RAW/v1/000/357/550/00000/5e9a5085-dcfb-4794-9606-5d429d7ccffd.root 357550 [31,29,28,30]
/store/data/Run2022D/NoBPTX/RAW/v1/000/357/550/00000/88cfde50-af99-47ae-9048-8b0180496439.root 357550 [20,21,19]
/store/data/Run2022D/NoBPTX/RAW/v1/000/357/550/00000/a6821f5b-52da-4d03-9f0f-fac5c8468659.root 357550 [12,11]
/store/data/Run2022D/NoBPTX/RAW/v1/000/357/550/00000/a87ede61-1af8-4610-ab5b-d01a27b6231a.root 357550 [32,33]
/store/data/Run2022D/NoBPTX/RAW/v1/000/357/550/00000/a910b215-b401-40a4-857f-06e50e6a6b05.root 357550 [1,2]
/store/data/Run2022D/NoBPTX/RAW/v1/000/357/550/00000/b476385d-c333-4aad-9a84-8357dcfa6f09.root 357550 [26,27]
/store/data/Run2022D/NoBPTX/RAW/v1/000/357/550/00000/b6fd0135-c7ef-4c17-8ced-57364ba5d7af.root 357550 [13,14]
/store/data/Run2022D/NoBPTX/RAW/v1/000/357/550/00000/ce68e6ab-d20e-4ed0-adb1-7089bf3dedef.root 357550 [4,3]
/store/data/Run2022D/NoBPTX/RAW/v1/000/357/550/00000/eb51526b-4277-4af1-b192-f3c403698896.root 357550 [34,37,38,35,36]
/store/data/Run2022D/NoBPTX/RAW/v1/000/357/550/00000/f446beac-a13c-4e4c-a017-bbd95fb56b26.root 357550 [15,16]
/store/data/Run2022D/NoBPTX/RAW/v1/000/357/550/00000/f6f66417-1d02-4376-bf31-31a21b1e0af0.root 357550 [8,7]
/store/data/Run2022D/NoBPTX/RAW/v1/000/357/550/00000/f86d9fff-da49-4305-a4a8-c934001cc66b.root 357550 [22,23,24,25]
/store/data/Run2022D/NoBPTX/RAW/v1/000/357/610/00000/08256d48-3dfa-4019-aeac-48cb58564cd0.root 357610 [220,219]
/store/data/Run2022D/NoBPTX/RAW/v1/000/357/610/00000/08513662-59fa-4331-be1c-b32edc5a3fef.root 357610 [239,240]
/store/data/Run2022D/NoBPTX/RAW/v1/000/357/610/00000/11fca135-bfec-433e-a6cd-2ed29c0416d4.root 357610 [213,214]
/store/data/Run2022D/NoBPTX/RAW/v1/000/357/610/00000/18771eec-a32e-49d6-bfb5-d7f3a9d0a27f.root 357610 [183,185,184,186]
/store/data/Run2022D/NoBPTX/RAW/v1/000/357/610/00000/1d5d5777-ee4b-470e-8b5a-3deb5c8ccf41.root 357610 [193,194]
/store/data/Run2022D/NoBPTX/RAW/v1/000/357/610/00000/1dd9bb55-2de6-4d3a-a006-f356a42840da.root 357610 [228,227]
/store/data/Run2022D/NoBPTX/RAW/v1/000/357/610/00000/22ac946b-606b-4a51-a02c-fa4363ea66c3.root 357610 [218,217]
/store/data/Run2022D/NoBPTX/RAW/v1/000/357/610/00000/28ea86ea-21dc-44a6-b725-e8dfa4801ba2.root 357610 [236,235]
/store/data/Run2022D/NoBPTX/RAW/v1/000/357/610/00000/2c3e5de6-fb7f-4033-b974-f2052e94da54.root 357610 [157,159,158,156]
/store/data/Run2022D/NoBPTX/RAW/v1/000/357/610/00000/34cfe78d-07c0-416e-8e8a-9e0c65285b2d.root 357610 [179,177,176,178]
/store/data/Run2022D/NoBPTX/RAW/v1/000/357/610/00000/3c6eeb95-5188-49a7-9ea3-7e0f065f945b.root 357610 [140,142,138,139,141,143]
/store/data/Run2022D/NoBPTX/RAW/v1/000/357/610/00000/47494eaa-93f5-44d9-91bc-7d458451c6ac.root 357610 [93,96,99,97,92,94,95,98]
/store/data/Run2022D/NoBPTX/RAW/v1/000/357/610/00000/4b820b55-8de0-4261-9be0-6642f4254ac7.root 357610 [223,224]
/store/data/Run2022D/NoBPTX/RAW/v1/000/357/610/00000/5320c9e3-5b1b-4113-ab5e-e2540fd191e3.root 357610 [160,161,162,163]
/store/data/Run2022D/NoBPTX/RAW/v1/000/357/610/00000/58b5bfa0-2fa5-4b7a-98bb-c794a19dfba1.root 357610 [152,151,150]
/store/data/Run2022D/NoBPTX/RAW/v1/000/357/610/00000/58f56d18-8517-4293-8601-5e1200145a4c.root 357610 [7,8,19,28,30,31,42,48,55,59,10,15,21,36,38,47,53,62,66,23,25,29,33,35,41,46,49,50,60,24,51,1,3,16,17,37,44,52,67,2,6,11,20,22,32,34,61,5,9,12,14,26,39,40,43,63,4,13,18,27,45,54,56,57,58,64,65]
/store/data/Run2022D/NoBPTX/RAW/v1/000/357/610/00000/5a1bf942-edf3-4011-a5e0-a420e376647b.root 357610 [243,244]
/store/data/Run2022D/NoBPTX/RAW/v1/000/357/610/00000/5b599c30-f5f1-488c-a019-230da76f2ea7.root 357610 [241,242]
/store/data/Run2022D/NoBPTX/RAW/v1/000/357/610/00000/5f0aebd7-7549-4c7e-9e65-e7e328746b03.root 357610 [120,123,116,118,121,122,117,119]
/store/data/Run2022D/NoBPTX/RAW/v1/000/357/610/00000/5ff26e9d-f1f5-4bc3-bc25-b4fe4b27d63e.root 357610 [132,135,137,133,134,136]
/store/data/Run2022D/NoBPTX/RAW/v1/000/357/610/00000/65827013-8a83-4075-a0d6-f70429d89377.root 357610 [211,212]
/store/data/Run2022D/NoBPTX/RAW/v1/000/357/610/00000/6609e9a1-ee77-4391-9c19-98a8cf0e029f.root 357610 [114,115,110,112,109,111,113,108]
/store/data/Run2022D/NoBPTX/RAW/v1/000/357/610/00000/6e57fb77-ca72-4c7f-afcf-9ceba44f27ba.root 357610 [173,172,174,175]
/store/data/Run2022D/NoBPTX/RAW/v1/000/357/610/00000/7b84ea02-549c-4907-9e60-b381f41ff446.root 357610 [180,182,181]
/store/data/Run2022D/NoBPTX/RAW/v1/000/357/610/00000/7cb3c45e-4537-4281-ba42-8240e892a87e.root 357610 [215,216]
/store/data/Run2022D/NoBPTX/RAW/v1/000/357/610/00000/84f80be3-6a65-4e25-9c8b-77cae3290ad8.root 357610 [88,90,91,87,89,84,85,86]
/store/data/Run2022D/NoBPTX/RAW/v1/000/357/610/00000/88324d86-8bf4-4e00-9d25-1dcb02a94666.root 357610 [146,147,148,149,144,145]
/store/data/Run2022D/NoBPTX/RAW/v1/000/357/610/00000/8dd4f30d-ff10-4bed-8272-f3ce21e7fb71.root 357610 [225,226]
/store/data/Run2022D/NoBPTX/RAW/v1/000/357/610/00000/957a3f4b-b2bd-437c-b74f-bd7b439f3ba1.root 357610 [164,166,165,167]
/store/data/Run2022D/NoBPTX/RAW/v1/000/357/610/00000/95d9d9a3-8dda-40a5-a7b0-7ed85c28f678.root 357610 [196,195,197]
/store/data/Run2022D/NoBPTX/RAW/v1/000/357/610/00000/ab4bb8ed-4cfc-492e-8ad3-9a05beab24c3.root 357610 [232,234,231,233]
/store/data/Run2022D/NoBPTX/RAW/v1/000/357/610/00000/b1d1e917-9681-4f06-97bb-01ce9b7b87f2.root 357610 [253,251,252]
/store/data/Run2022D/NoBPTX/RAW/v1/000/357/610/00000/bc9aef19-0e17-4544-ad40-e69e65a4e4b8.root 357610 [245,246]
/store/data/Run2022D/NoBPTX/RAW/v1/000/357/610/00000/c27b0ddd-30d2-4b88-8e51-a6c7a016136c.root 357610 [248,250,249,247]
/store/data/Run2022D/NoBPTX/RAW/v1/000/357/610/00000/c465cc1e-6ad1-4a1d-a58d-5df6773f8329.root 357610 [229,230]
/store/data/Run2022D/NoBPTX/RAW/v1/000/357/610/00000/c50fcd58-78da-4889-a4b9-da7ef5b01133.root 357610 [188,191,190,187,189,192]
/store/data/Run2022D/NoBPTX/RAW/v1/000/357/610/00000/c7a4ec7c-92fb-4072-a813-6b301d136bb2.root 357610 [221,222]
/store/data/Run2022D/NoBPTX/RAW/v1/000/357/610/00000/d78b1582-81c5-4257-b200-e5470a1ed1fd.root 357610 [76,77,81,82,79,80,83,78]
/store/data/Run2022D/NoBPTX/RAW/v1/000/357/610/00000/db9bc957-d578-4e0b-beaf-180f0ffe7e63.root 357610 [153,154,155]
/store/data/Run2022D/NoBPTX/RAW/v1/000/357/610/00000/df1f2673-70c3-4b25-b23f-62f63aae77e8.root 357610 [208,209,207,206,210]
/store/data/Run2022D/NoBPTX/RAW/v1/000/357/610/00000/e14e8acf-ee16-45b9-9916-6df584dd490d.root 357610 [237,238]
/store/data/Run2022D/NoBPTX/RAW/v1/000/357/610/00000/e1e6b7c9-9210-46a2-b839-02e793cb00bd.root 357610 [202,198,203,199,200,201,204,205]
/store/data/Run2022D/NoBPTX/RAW/v1/000/357/610/00000/ea739a8e-0a4a-4e16-9fdb-a40d524676f6.root 357610 [70,71,68,75,69,72,74,73]
/store/data/Run2022D/NoBPTX/RAW/v1/000/357/610/00000/ebee945d-6b54-4aa1-9960-7420f789b940.root 357610 [104,103,105,106,100,101,102,107]
/store/data/Run2022D/NoBPTX/RAW/v1/000/357/610/00000/f7d5d787-96dd-4edc-bdff-719f311b30ae.root 357610 [169,171,168,170]
/store/data/Run2022D/NoBPTX/RAW/v1/000/357/610/00000/fa99ca1a-f52d-4c82-baeb-7abec3747fe4.root 357610 [127,125,128,126,130,131,124,129]
/store/data/Run2022D/NoBPTX/RAW/v1/000/357/611/00000/01a895d9-831d-44bb-9acf-7d81cd60ab96.root 357611 [267,265,266]
/store/data/Run2022D/NoBPTX/RAW/v1/000/357/611/00000/026c8fa7-2d7e-4560-9330-47264c07462b.root 357611 [242,243]
/store/data/Run2022D/NoBPTX/RAW/v1/000/357/611/00000/048f5002-a73e-4c9b-80c2-c3ac049ac4fe.root 357611 [190,187,188,189]
/store/data/Run2022D/NoBPTX/RAW/v1/000/357/611/00000/08e3e253-a9c6-4452-b38c-825830b6e6b8.root 357611 [108,107,109]
/store/data/Run2022D/NoBPTX/RAW/v1/000/357/611/00000/0af1659a-c9f8-4217-98da-f1e0d48616a5.root 357611 [268,270,269]
/store/data/Run2022D/NoBPTX/RAW/v1/000/357/611/00000/0c271725-e218-487d-a68f-fc03b9c152f2.root 357611 [284,283,285]
/store/data/Run2022D/NoBPTX/RAW/v1/000/357/611/00000/0e543541-a09f-4771-a495-6b5c451472df.root 357611 [32,31]
/store/data/Run2022D/NoBPTX/RAW/v1/000/357/611/00000/13120527-f944-458b-bf9f-f4aa8bb925c5.root 357611 [302,303,301]
/store/data/Run2022D/NoBPTX/RAW/v1/000/357/611/00000/160f8079-831a-472c-a23a-49a21b84428b.root 357611 [143,144,142,145]
/store/data/Run2022D/NoBPTX/RAW/v1/000/357/611/00000/1c4bc367-5402-4572-8ac3-d58f54a807ee.root 357611 [262,264,263]
/store/data/Run2022D/NoBPTX/RAW/v1/000/357/611/00000/1c88d06f-6102-45d8-b7ca-3f2e8bbf13e8.root 357611 [124,125,123,122]
/store/data/Run2022D/NoBPTX/RAW/v1/000/357/611/00000/1d652892-1830-4590-9bbe-e6899f8891d2.root 357611 [294,292,293]
/store/data/Run2022D/NoBPTX/RAW/v1/000/357/611/00000/1e45b5ff-1f65-4ac2-ae4a-f480c0dc7b61.root 357611 [347,346,351,348,350,349]
/store/data/Run2022D/NoBPTX/RAW/v1/000/357/611/00000/229bc05d-4e6c-4721-bc68-d3efe2a4d96a.root 357611 [251,252,250]
/store/data/Run2022D/NoBPTX/RAW/v1/000/357/611/00000/22d5c735-1a74-40e0-ac85-98acc490d1d3.root 357611 [300,298,299]
/store/data/Run2022D/NoBPTX/RAW/v1/000/357/611/00000/26c8faf0-8472-4ff7-8108-762ac3f7ec57.root 357611 [277,278,279]
/store/data/Run2022D/NoBPTX/RAW/v1/000/357/611/00000/28a0f978-7973-4586-8528-cb6ddb9efab7.root 357611 [379,377,380,381,376,378]
/store/data/Run2022D/NoBPTX/RAW/v1/000/357/611/00000/291bc518-2b1b-4480-b8bf-357f91b775d5.root 357611 [201,199,200,202]
/store/data/Run2022D/NoBPTX/RAW/v1/000/357/611/00000/2ac1d0a4-c38a-4eb0-98e5-ed78d2126b9e.root 357611 [313,314,315]
/store/data/Run2022D/NoBPTX/RAW/v1/000/357/611/00000/2c76aee5-1f1d-41a9-900c-b45000241653.root 357611 [398,397,394,399,395,396]
/store/data/Run2022D/NoBPTX/RAW/v1/000/357/611/00000/2d1e5d67-c8c2-46c6-95a2-deaeac3b265d.root 357611 [49,51,50,52]
/store/data/Run2022D/NoBPTX/RAW/v1/000/357/611/00000/2f2d54d1-4513-4b24-af8d-14e75d6aa8dd.root 357611 [158,159]
/store/data/Run2022D/NoBPTX/RAW/v1/000/357/611/00000/3002c683-10df-4b5c-ba16-f8f0b5a44f80.root 357611 [113,112,111,110]
/store/data/Run2022D/NoBPTX/RAW/v1/000/357/611/00000/35015d2e-db13-4734-aa0a-ca988fc4adc0.root 357611 [4,3]
/store/data/Run2022D/NoBPTX/RAW/v1/000/357/611/00000/38237b9e-d675-4dbf-898c-4a4fb317e1de.root 357611 [273,271,272]
/store/data/Run2022D/NoBPTX/RAW/v1/000/357/611/00000/3cdf3869-f573-4de5-a88e-8d5b42f993cc.root 357611 [151,150,153,152]
/store/data/Run2022D/NoBPTX/RAW/v1/000/357/611/00000/3ce3818e-1e38-4545-b808-f0fbeaa865be.root 357611 [247,249,248]
/store/data/Run2022D/NoBPTX/RAW/v1/000/357/611/00000/3e0404e8-63e9-471c-8307-c3d57ee0a7f7.root 357611 [6,5]
/store/data/Run2022D/NoBPTX/RAW/v1/000/357/611/00000/4058ecba-b076-42c2-a990-150efb674417.root 357611 [256,258,257]
/store/data/Run2022D/NoBPTX/RAW/v1/000/357/611/00000/42a673a7-aaaf-4360-ab26-e62da1fc46ba.root 357611 [224,225,226,223]
/store/data/Run2022D/NoBPTX/RAW/v1/000/357/611/00000/440d64a8-e806-438c-9aab-b4cde7630704.root 357611 [317,316,318]
/store/data/Run2022D/NoBPTX/RAW/v1/000/357/611/00000/4588a2c1-dd6b-449a-b96a-e0e70389a093.root 357611 [163,164]
/store/data/Run2022D/NoBPTX/RAW/v1/000/357/611/00000/45987831-7eff-488d-84de-df6d1eeb7b97.root 357611 [173,171,172,174]
/store/data/Run2022D/NoBPTX/RAW/v1/000/357/611/00000/49d2e229-6f64-4b2a-a4e8-20bccf61fcf3.root 357611 [212,213,214,211]
/store/data/Run2022D/NoBPTX/RAW/v1/000/357/611/00000/4a01843c-f7a2-46e1-b2c6-122d426fafc2.root 357611 [320,319,321]
/store/data/Run2022D/NoBPTX/RAW/v1/000/357/611/00000/4d7542b4-bd47-41bb-a43a-d8d739734200.root 357611 [182,181,180,179]
/store/data/Run2022D/NoBPTX/RAW/v1/000/357/611/00000/4fbc7823-33b0-4ffd-be2f-42ed0c613d0a.root 357611 [138,139,141,140]
/store/data/Run2022D/NoBPTX/RAW/v1/000/357/611/00000/50f58a7e-6a08-4f5a-a49b-4b98896f6a54.root 357611 [312,311,310]
/store/data/Run2022D/NoBPTX/RAW/v1/000/357/611/00000/51d3ce6c-5b5e-4e47-b696-63688c8ddaca.root 357611 [209,210,208,207]
/store/data/Run2022D/NoBPTX/RAW/v1/000/357/611/00000/530e71ac-b7b4-435a-a257-931c5d0114b3.root 357611 [89,91,92,90]
/store/data/Run2022D/NoBPTX/RAW/v1/000/357/611/00000/53d2cd41-2698-48c8-a7c5-9885d74b2a55.root 357611 [276,274,275]
/store/data/Run2022D/NoBPTX/RAW/v1/000/357/611/00000/5775cac4-6e14-4287-be4c-7e2074b87e39.root 357611 [127,129,126,128]
/store/data/Run2022D/NoBPTX/RAW/v1/000/357/611/00000/58f66623-83c6-4c7b-b654-35a553fb88d5.root 357611 [383,382,384,387,385,386]
/store/data/Run2022D/NoBPTX/RAW/v1/000/357/611/00000/5e65757b-9cc8-4881-bc02-d14d3e3f9338.root 357611 [116,114,117,115]
/store/data/Run2022D/NoBPTX/RAW/v1/000/357/611/00000/60c72195-fecb-45fc-b5a2-8e4cfa862fd4.root 357611 [34,36,35,33]
/store/data/Run2022D/NoBPTX/RAW/v1/000/357/611/00000/62d7a143-6c9d-4cf4-aa5a-f4749f531022.root 357611 [328,330,327,329,326,325]
/store/data/Run2022D/NoBPTX/RAW/v1/000/357/611/00000/66c2e3a4-365c-4b4b-be41-834c5fe6bcfe.root 357611 [24,26,23,25]
/store/data/Run2022D/NoBPTX/RAW/v1/000/357/611/00000/682e71cc-18a1-4dba-b77f-3c7e8f24dffc.root 357611 [259,260,261]
/store/data/Run2022D/NoBPTX/RAW/v1/000/357/611/00000/69643fa3-4976-4791-8bc0-1afb19437e08.root 357611 [229,231,230]
/store/data/Run2022D/NoBPTX/RAW/v1/000/357/611/00000/6bc59795-f1c2-4be7-8b1c-f350abf2d007.root 357611 [85,87,86,88]
/store/data/Run2022D/NoBPTX/RAW/v1/000/357/611/00000/77251359-cc0f-460c-8d44-c8576e3cacf4.root 357611 [60,57,59,58]
/store/data/Run2022D/NoBPTX/RAW/v1/000/357/611/00000/78a20609-691e-4243-b504-a4eecbd239b2.root 357611 [106,105]
/store/data/Run2022D/NoBPTX/RAW/v1/000/357/611/00000/7ba70aba-02f2-4160-80c9-6ef788c5cdb1.root 357611 [240,239,241]
/store/data/Run2022D/NoBPTX/RAW/v1/000/357/611/00000/7ccfb76c-5572-4a88-b8a6-50b0efd22ecd.root 357611 [41,43,44,42]
/store/data/Run2022D/NoBPTX/RAW/v1/000/357/611/00000/7d98f370-174c-45a8-9553-b1f74291f350.root 357611 [20,19]
/store/data/Run2022D/NoBPTX/RAW/v1/000/357/611/00000/889a98dd-5352-4b41-b234-8a960a6c0c22.root 357611 [93,96,94,95]
/store/data/Run2022D/NoBPTX/RAW/v1/000/357/611/00000/89663349-79b6-411a-96c7-4cc49059db56.root 357611 [97,98,99,100]
/store/data/Run2022D/NoBPTX/RAW/v1/000/357/611/00000/8ba35f98-4970-402d-99f1-ff24d541c887.root 357611 [131,132,133,130]
/store/data/Run2022D/NoBPTX/RAW/v1/000/357/611/00000/90e44b47-bcdc-451f-b499-5bc7f9804f27.root 357611 [340,345,341,343,344,342]
/store/data/Run2022D/NoBPTX/RAW/v1/000/357/611/00000/93274787-6495-4f51-82fd-e23cf12ced4e.root 357611 [146,147,149,148]
/store/data/Run2022D/NoBPTX/RAW/v1/000/357/611/00000/93488ae7-9787-4ea7-906d-4e02e2c4901f.root 357611 [227,228]
/store/data/Run2022D/NoBPTX/RAW/v1/000/357/611/00000/94a387c6-1c43-4721-bb41-f6f80a141dcc.root 357611 [165,166,167]
/store/data/Run2022D/NoBPTX/RAW/v1/000/357/611/00000/9c021a3f-38cb-4a12-9cac-29ba0f99ed0e.root 357611 [253,254,255]
/store/data/Run2022D/NoBPTX/RAW/v1/000/357/611/00000/a2526f1a-7e4b-4d61-b34a-f4fd275d742a.root 357611 [134,137,136,135]
/store/data/Run2022D/NoBPTX/RAW/v1/000/357/611/00000/a4ac37d8-b801-44ca-bf48-e36514e55da1.root 357611 [296,297,295]
/store/data/Run2022D/NoBPTX/RAW/v1/000/357/611/00000/a50f63fa-870b-4476-be8d-efb6eb69051b.root 357611 [119,120,118,121]
/store/data/Run2022D/NoBPTX/RAW/v1/000/357/611/00000/a77b04b4-e648-41f0-be3e-7a867957864f.root 357611 [215,217,216,218]
/store/data/Run2022D/NoBPTX/RAW/v1/000/357/611/00000/a91f4425-b3f6-4dd6-bc3c-184bb72dc7c3.root 357611 [332,333,331]
/store/data/Run2022D/NoBPTX/RAW/v1/000/357/611/00000/acbfa793-d2b8-4fcf-a5c9-4535588b445a.root 357611 [46,48,45,47]
/store/data/Run2022D/NoBPTX/RAW/v1/000/357/611/00000/ad02f345-350e-49bd-b4cd-2f27cedfffe9.root 357611 [198,195,197,196]
/store/data/Run2022D/NoBPTX/RAW/v1/000/357/611/00000/b5a0f5e4-6983-45bd-8543-71ee09559b19.root 357611 [389,392,393,388,391,390]
/store/data/Run2022D/NoBPTX/RAW/v1/000/357/611/00000/b7abcac9-d442-474b-b6de-236f59cbe2f5.root 357611 [306,305,304]
/store/data/Run2022D/NoBPTX/RAW/v1/000/357/611/00000/ba7cb9a2-7e7a-4283-8086-9c73d5f98213.root 357611 [323,324,322]
/store/data/Run2022D/NoBPTX/RAW/v1/000/357/611/00000/bc01e4d9-b33a-4589-a4e8-0d930126d746.root 357611 [205,203,204,206]
/store/data/Run2022D/NoBPTX/RAW/v1/000/357/611/00000/bc24d8fa-25a1-4bca-b1a2-4a1fa9123f03.root 357611 [407,410,408,406,411,409]
/store/data/Run2022D/NoBPTX/RAW/v1/000/357/611/00000/bd26d497-df8c-47dc-946f-999661081eb7.root 357611 [355,354,353,357,352,356]
/store/data/Run2022D/NoBPTX/RAW/v1/000/357/611/00000/bef0d9cc-829e-4b78-98f5-75bfd5e782f5.root 357611 [37,38,39,40]
/store/data/Run2022D/NoBPTX/RAW/v1/000/357/611/00000/c02d09b7-ddd8-41fe-b43d-80213062d5d6.root 357611 [336,339,334,335,338,337]
/store/data/Run2022D/NoBPTX/RAW/v1/000/357/611/00000/c1b6155a-225d-423c-8e29-b913d8498863.root 357611 [66,68,67,65]
/store/data/Run2022D/NoBPTX/RAW/v1/000/357/611/00000/c538c147-907f-4c23-8776-cc41e3070b25.root 357611 [2,1]
/store/data/Run2022D/NoBPTX/RAW/v1/000/357/611/00000/c57772ad-ee51-4e87-9c62-89661e329971.root 357611 [282,281,280]
/store/data/Run2022D/NoBPTX/RAW/v1/000/357/611/00000/cc1dfe68-0d41-4e97-b20a-5342de02be3e.root 357611 [73,74,75,76]
/store/data/Run2022D/NoBPTX/RAW/v1/000/357/611/00000/cde2d4fe-8063-41aa-97f6-65a5616dd4df.root 357611 [185,183,184,186]
/store/data/Run2022D/NoBPTX/RAW/v1/000/357/611/00000/cfc9eafe-2b50-4fff-a03e-45dd40a735ab.root 357611 [12,13,14,11]
/store/data/Run2022D/NoBPTX/RAW/v1/000/357/611/00000/d23b19b1-8c51-4fc9-ac66-5fc600952230.root 357611 [15]
/store/data/Run2022D/NoBPTX/RAW/v1/000/357/611/00000/d7d32171-70da-44ae-9a8e-78bc4bbdac6d.root 357611 [72,69,70,71]
/store/data/Run2022D/NoBPTX/RAW/v1/000/357/611/00000/d7fdc818-84a8-4445-9ddd-f90414ee9bb3.root 357611 [157,154,155,156]
/store/data/Run2022D/NoBPTX/RAW/v1/000/357/611/00000/d8103c4e-c810-4153-abae-08e2946ac3c7.root 357611 [78,79,80,77]
/store/data/Run2022D/NoBPTX/RAW/v1/000/357/611/00000/d9144ac5-5333-4034-9d25-77f95a4c56da.root 357611 [21,22]
/store/data/Run2022D/NoBPTX/RAW/v1/000/357/611/00000/e297a355-b930-4a59-969b-bd6ce19a05b6.root 357611 [168,170,169]
/store/data/Run2022D/NoBPTX/RAW/v1/000/357/611/00000/e6a2bb44-818b-4cb6-be9a-288bd6335697.root 357611 [400,401,403,404,405,402]
/store/data/Run2022D/NoBPTX/RAW/v1/000/357/611/00000/e773b8f3-2717-4c88-b875-d15931348391.root 357611 [375,371,373,372,374,370]
/store/data/Run2022D/NoBPTX/RAW/v1/000/357/611/00000/e7edd3ed-349b-4ca9-be2d-b15e43d60490.root 357611 [64,63,62,61]
/store/data/Run2022D/NoBPTX/RAW/v1/000/357/611/00000/e8628932-689e-4d50-844f-0dd2f09aac62.root 357611 [246,244,245]
/store/data/Run2022D/NoBPTX/RAW/v1/000/357/611/00000/e91e7322-16a8-4ded-8628-051ce7d7e79e.root 357611 [221,219,222,220]
/store/data/Run2022D/NoBPTX/RAW/v1/000/357/611/00000/e9aaca93-96fa-48cd-98e4-f6cb8755f51d.root 357611 [368,364,367,366,369,365]
/store/data/Run2022D/NoBPTX/RAW/v1/000/357/611/00000/eaf1cfcd-0e78-477d-b9a1-617988419a77.root 357611 [103,104,101,102]
/store/data/Run2022D/NoBPTX/RAW/v1/000/357/611/00000/edee082e-d414-412f-bcc5-beea55714bd0.root 357611 [161,160,162]
/store/data/Run2022D/NoBPTX/RAW/v1/000/357/611/00000/ee5789bf-759c-4f98-a4a1-e1836ded5d3d.root 357611 [235,234,233,232]
/store/data/Run2022D/NoBPTX/RAW/v1/000/357/611/00000/ee7a0d57-1985-454c-9bd7-5afc8d3692e5.root 357611 [55,54,56,53]
/store/data/Run2022D/NoBPTX/RAW/v1/000/357/611/00000/efc7dd3b-5857-4f59-bcdc-1ed8b31f410b.root 357611 [27,30,29,28]
/store/data/Run2022D/NoBPTX/RAW/v1/000/357/611/00000/efe2b6a1-2499-44ad-b93b-4ba868192572.root 357611 [236,237,238]
/store/data/Run2022D/NoBPTX/RAW/v1/000/357/611/00000/f055682a-78b4-478a-8c6f-356b45272997.root 357611 [194,191,193,192]
/store/data/Run2022D/NoBPTX/RAW/v1/000/357/611/00000/f22bf06e-cada-4f7e-a85f-08868007a1ea.root 357611 [358,360,359,361,363,362]
/store/data/Run2022D/NoBPTX/RAW/v1/000/357/611/00000/f407c3ce-b120-4c1a-be32-ab9101d8db93.root 357611 [83,82,81,84]
/store/data/Run2022D/NoBPTX/RAW/v1/000/357/611/00000/f628407c-f29b-4620-bfe5-27c20f1bf697.root 357611 [308,307,309]
/store/data/Run2022D/NoBPTX/RAW/v1/000/357/611/00000/f7d34f18-ded5-4eb6-980e-00288c75bce7.root 357611 [175,176,177,178]
/store/data/Run2022D/NoBPTX/RAW/v1/000/357/611/00000/f8019710-599a-4895-acbe-0c52f826bee3.root 357611 [289,290,291]
/store/data/Run2022D/NoBPTX/RAW/v1/000/357/611/00000/fa791d56-a952-4166-b21b-918e4d003ae3.root 357611 [286,287,288]
/store/data/Run2022D/NoBPTX/RAW/v1/000/357/611/00000/fecd7dc8-221f-4d8f-8153-b8fb8cc60634.root 357611 [7,8,9,10]
