381946
381948
381951
381957
381961
381962
381968
381970
381971
381972
381977
381979
381982
381983
381984
381987
381997
381999
382001
382002
382003
382004
382007
382008
382010
382013
382014
382015
382016
382017
382030
382036
382037
382038
382039
382040
382041
382042
382043
382044
382045
382046
382047
382048
382049
382050
382054
382057
382058
382061
382062
382063
382064
382065
382068
382069
382070
382074
382075
382081
382082
382083
382086
382088
382089
382090
382091
382092
382093
382094
382095
382097
382098
382100
382107
382108
382109
382111
382115
382116
382118
382119
382120
382121
382123
382126
382128
382129
382131
382133
382134
382135
382136
382138
382139
382140
382141
382142
382143
382146
382147
382148
382149
382150
382151
382153
382154
382155
382156
382157
382158
382159
382160
382161
382162
382164
382165
382167
382168
382169
382171
382173
382175
382178
382180
382182
382183
382184
382186
382189
382190
382191
382192
382194
382195
382197
382198
382199
382200
382203
382204
382205
382208
382209
382210
382211
382213
382214
382215
382216
382219
382220
382221
382222
382223
382229
382230
382232
382239
382240
382244
382245
382246
382247
382248
382249
382250
382251
382252
382253
382254
382255
382256
382257
382258
382259
382260
382262
382264
382272
382274
382280
382281
382287
382297
382298
382299
382300
382302
382305
382309
382312
382313
382314
382316
382317
382318
382319
382320
382322
382323
382324
382326
382328
382329
382330
382331
382332
382338
382340
382341
382342
382343
382344
382347
382350
382356
382357
382360
382362
382365
382366
382370
382372
382373
382376
382378
382379
382381
382382
382383
382384
382385
382390
382392
382393
382411
382414
382416
382417
382421
382422
382424
382425
382426
382427
382428
382429
382431
382432
382433
382434
382435
382436
382446
382448
382449
382451
382454
382455
382465
382466
382468
382469
382470
382471
382472
382474
382476
382482
382492
382493
382494
382499
382500
382501
382502
382503
382504
382505
382506
382508
382509
382511
382512
382513
382515
382516
382521
382530
382533
382544
382549
382557
382558
382562
382563
382564
382565
382567
382568
382569
382570
382574
382577
382578
382579
382580
382582
382583
382584
382585
382586
382587
382588
382591
382592
382593
382594
382595
382603
382613
382615
382617
382618
382619
382620
382621
382622
382623
382624
382625
382626
382630
382633
382638
382640
382642
382645
382646
382647
382648
382649
382650
382652
382653
382654
382655
382656
382664
382667
382669
382670
382671
382672
382673
382676
382677
382678
382679
382680
382681
382682
382683
382684
382685
382686
382689
382691
382692
382697
382699
382702
382705
382706
382709
382712
382715
382716
382717
382718
382720
382721
382722
382724
382725
382726
382727
382728
382729
382730
382733
382734
382737
382739
382748
382749
382750
382751
382752
382755
382757
382758
382760
382761
382762
382763
382764
382765
382766
382767
382768
382769
382770
382771
382774
382776
382780
382782
382783
382784
382786
382787
382788
382789
382790
382791
382792
382794
382795
382796
382798
382799
382800
382801
382804
382806
382807
382808
382809
382810
382811
382812
382813
382814
382815
382816
382818
382820
382821
382822
382825
382826
382827
382828
382829
382830
382832
382833
382834
382836
382838
382842
382844
382846
382847
382848
382849
382854
382855
382856
382858
382859
382860
382861
382864
382865
382866
382867
382868
382869
382870
382871
382872
382873
382874
382876
382877
382878
382879
382880
382881
382882
382883
382884
382885
382902
382905
382906
382907
382909
382911
382912
382913
382915
382918
382919
382921
382922
382923
382924
382926
382927
382929
382932
382933
382934
382935
382936
382937
382938
382939
382941
382943
382945
382946
382947
382948
382949
382950
382954
382955
382956
382958
382959
382960
382963
382964
382965
382966
382967
382968
382969
382971
382973
382974
382979
382980
382981
382983
382985
382990
382993
382995
382998
383001
383013
383015
383020
383021
383022
383023
383025
383026
383027
383028
383029
383030
383031
383033
383034
383035
383036
383042
383044
383045
383047
383048
383049
383052
383053
383054
383056
383057
383058
383059
383066
383067
383069
383070
383071
383072
383074
383080
383081
383087
383096
383100
383103
383104
383108
383109
383110
383112
383113
383116
383117
383118
383119
383121
383122
383123
383126
383127
383128
383131
383132
383133
383134
383135
383136
383137
383139
383140
383142
383143
383144
383147
383148
383149
383151
383152
383153
383154
383155
383158
383159
383160
383162
383163
383170
383171
383172
383173
383174
383175
383180
383181
383189
383197
383198
383201
383204
383213
383214
383215
383217
383219
383221
383222
383223
383224
383227
383228
383237
383238
383239
383243
383244
383246
383247
383249
383250
383251
383252
383253
383254
383255
383260
383263
383271
383272
383273
383275
383276
383277
383278
383279
383281
383283
383284
383285
383286
383287
383288
383289
383290
383297
383298
383299
383301
383302
383305
383308
383310
383311
383312
383314
383315
383316
383319
383321
383322
383323
383324
383325
383326
383327
383331
383332
383333
383334
383335
383336
383337
383338
383339
383345
383349
383360
383362
383363
383365
383366
383367
383368
383371
383373
383374
383377
383379
383381
383385
383386
383387
383389
383394
383399
383403
383404
383405
383406
383408
383412
383413
383414
383415
383416
383417
383418
383422
383424
383426
383432
383433
383436
383442
383443
383444
383445
383446
383447
383448
383449
383451
383453
383457
383460
383463
383464
383465
383467
383468
383470
383471
383472
383473
383477
383479
383480
383483
383484
383485
383486
383487
383489
383491
383493
383494
383496
383499
383502
383506
383510
383512
383514
383516
383520
383521
383522
383523
383524
383526
383528
383530
383532
383533
383534
383536
383537
383538
383539
383540
383541
383542
383543
383545
383560
383567
383572
383574
383580
383598
383600
383601
383603
383604
383607
383611
383612
383613
383615
383621
383623
383624
383625
383626
383628
383629
383630
383631
383632
383636
383639
383642
383643
383644
383645
383646
383647
383648
383649
383650
383651
383652
383654
383658
383659
383661
383662
383664
383665
383669
383670
383672
383674
383683
383685
383687
383688
383689
383690
383691
383692
383693
383694
383695
383697
383698
383699
383702
383704
383705
383707
383708
383712
383723
383724
383726
383729
383731
383734
383735
383737
383738
383740
383741
383743
383746
383749
383754
383756
383757
383758
383760
383761
383767
383779
