/store/data/Run2017F/SingleElectron/RAW/v1/000/305/064/00000/000A2E9D-FEB0-E711-911C-02163E014324.root [147,148]
/store/data/Run2017F/SingleElectron/RAW/v1/000/305/064/00000/001EA740-14B1-E711-8E34-02163E019BBA.root [555,553,554]
/store/data/Run2017F/SingleElectron/RAW/v1/000/305/064/00000/005AA98E-0FB1-E711-96B2-02163E01A2DD.root [472,471]
/store/data/Run2017F/SingleElectron/RAW/v1/000/305/064/00000/007B5C6A-69B1-E711-83CD-02163E019DC6.root [909,908,910,907]
/store/data/Run2017F/SingleElectron/RAW/v1/000/305/064/00000/00A6AC5D-69B1-E711-8A74-02163E0142C1.root [999,1000,1001,1002]
/store/data/Run2017F/SingleElectron/RAW/v1/000/305/064/00000/00E10E7E-10B1-E711-85B9-02163E019D7B.root [493,494]
/store/data/Run2017F/SingleElectron/RAW/v1/000/305/064/00000/02130FF5-FBB0-E711-9F46-02163E014621.root [106,105]
/store/data/Run2017F/SingleElectron/RAW/v1/000/305/064/00000/02198849-69B1-E711-9E02-02163E01A7A3.root [795,796,794]
/store/data/Run2017F/SingleElectron/RAW/v1/000/305/064/00000/0226756D-69B1-E711-8C01-02163E01A30D.root [860,862,859,861]
/store/data/Run2017F/SingleElectron/RAW/v1/000/305/064/00000/023BEFA6-F6B0-E711-871D-02163E014211.root [5,6]
/store/data/Run2017F/SingleElectron/RAW/v1/000/305/064/00000/028FE15B-69B1-E711-AF40-02163E01A5F2.root [818,820,819]
/store/data/Run2017F/SingleElectron/RAW/v1/000/305/064/00000/02DD87BD-FFB0-E711-99A8-02163E0143FC.root [171,172]
/store/data/Run2017F/SingleElectron/RAW/v1/000/305/064/00000/02EA124F-0DB1-E711-B486-02163E014729.root [434,433]
/store/data/Run2017F/SingleElectron/RAW/v1/000/305/064/00000/0455A144-17B1-E711-89F7-02163E013701.root [615,613,614]
/store/data/Run2017F/SingleElectron/RAW/v1/000/305/064/00000/0476AFE1-09B1-E711-B60B-02163E01A679.root [367,368]
/store/data/Run2017F/SingleElectron/RAW/v1/000/305/064/00000/0488807C-04B1-E711-B8BE-02163E013775.root [264,263]
/store/data/Run2017F/SingleElectron/RAW/v1/000/305/064/00000/0498FBA4-0AB1-E711-8005-02163E013456.root [383,384]
/store/data/Run2017F/SingleElectron/RAW/v1/000/305/064/00000/04CDBA14-6AB1-E711-8D91-02163E019E90.root [1937,1935,1938,1941,1939,1934,1940,1936]
/store/data/Run2017F/SingleElectron/RAW/v1/000/305/064/00000/062A7542-69B1-E711-B155-02163E019BD0.root [663,662,661]
/store/data/Run2017F/SingleElectron/RAW/v1/000/305/064/00000/06464047-69B1-E711-8C99-02163E019D8E.root [658,660,659]
/store/data/Run2017F/SingleElectron/RAW/v1/000/305/064/00000/0676E3FB-0EB1-E711-B7FE-02163E014303.root [462,461]
/store/data/Run2017F/SingleElectron/RAW/v1/000/305/064/00000/06BF04DB-06B1-E711-8C97-02163E014398.root [312,311]
/store/data/Run2017F/SingleElectron/RAW/v1/000/305/064/00000/06FF126E-02B1-E711-8DB8-02163E014750.root [224,223]
/store/data/Run2017F/SingleElectron/RAW/v1/000/305/064/00000/08103F22-0FB1-E711-A370-02163E01A1DC.root [464,463]
/store/data/Run2017F/SingleElectron/RAW/v1/000/305/064/00000/088EE444-69B1-E711-A8D7-02163E0137D4.root [963,965,966,964]
/store/data/Run2017F/SingleElectron/RAW/v1/000/305/064/00000/08F1418F-FAB0-E711-A4D3-02163E019E0F.root [85,86]
/store/data/Run2017F/SingleElectron/RAW/v1/000/305/064/00000/0A58769D-FEB0-E711-99FA-02163E01A4D8.root [146,145]
/store/data/Run2017F/SingleElectron/RAW/v1/000/305/064/00000/0A5F798C-F6B0-E711-9A18-02163E01A2DC.root [3,4]
/store/data/Run2017F/SingleElectron/RAW/v1/000/305/064/00000/0AC610F2-14B1-E711-9D55-02163E0138BE.root [571,572,573]
/store/data/Run2017F/SingleElectron/RAW/v1/000/305/064/00000/0AE20A83-04B1-E711-BC4E-02163E019D3E.root [266,265]
/store/data/Run2017F/SingleElectron/RAW/v1/000/305/064/00000/0C075ADE-69B1-E711-82C6-02163E0145EE.root [1831,1833,1835,1830,1832,1837,1836,1834]
/store/data/Run2017F/SingleElectron/RAW/v1/000/305/064/00000/0C281855-69B1-E711-89D2-02163E01A636.root [698,697,699]
/store/data/Run2017F/SingleElectron/RAW/v1/000/305/064/00000/0C50210A-06B1-E711-86DE-02163E013649.root [296,295]
/store/data/Run2017F/SingleElectron/RAW/v1/000/305/064/00000/0C6E0D94-FEB0-E711-95D2-02163E01412F.root [157,158]
/store/data/Run2017F/SingleElectron/RAW/v1/000/305/064/00000/0C916858-FDB0-E711-99BB-02163E01A459.root [130,129]
/store/data/Run2017F/SingleElectron/RAW/v1/000/305/064/00000/0CAB950A-13B1-E711-8443-02163E0140E4.root [538,537]
/store/data/Run2017F/SingleElectron/RAW/v1/000/305/064/00000/0CF4C927-69B1-E711-9361-02163E01442E.root [721,723,722]
/store/data/Run2017F/SingleElectron/RAW/v1/000/305/064/00000/0E248983-12B1-E711-8569-02163E01A297.root [524,523]
/store/data/Run2017F/SingleElectron/RAW/v1/000/305/064/00000/0E306C29-69B1-E711-B540-02163E0119D7.root [827,828,829]
/store/data/Run2017F/SingleElectron/RAW/v1/000/305/064/00000/0E6C1B2A-69B1-E711-9787-02163E0139B6.root [724,725,726]
/store/data/Run2017F/SingleElectron/RAW/v1/000/305/064/00000/0EDAAD5F-10B1-E711-B8BF-02163E011B27.root [485,486]
/store/data/Run2017F/SingleElectron/RAW/v1/000/305/064/00000/104EA9F9-09B1-E711-87EA-02163E0139B6.root [365,366]
/store/data/Run2017F/SingleElectron/RAW/v1/000/305/064/00000/1055F2B7-0FB1-E711-9063-02163E01346A.root [474,473]
/store/data/Run2017F/SingleElectron/RAW/v1/000/305/064/00000/10C69CC6-F9B0-E711-97C8-02163E01A70C.root [69,70]
/store/data/Run2017F/SingleElectron/RAW/v1/000/305/064/00000/10E6FF41-69B1-E711-A966-02163E019CDA.root [928,929,927,930]
/store/data/Run2017F/SingleElectron/RAW/v1/000/305/064/00000/10F23B59-69B1-E711-87FF-02163E01A366.root [676,678,677]
/store/data/Run2017F/SingleElectron/RAW/v1/000/305/064/00000/12008DB6-FBB0-E711-BE59-02163E01A20E.root [100,99]
/store/data/Run2017F/SingleElectron/RAW/v1/000/305/064/00000/120DE7C2-19B1-E711-9A50-02163E013734.root [649,650,651]
/store/data/Run2017F/SingleElectron/RAW/v1/000/305/064/00000/126F9D22-6AB1-E711-A03B-02163E019E75.root [1726,1723,1725,1720,1724,1721,1722]
/store/data/Run2017F/SingleElectron/RAW/v1/000/305/064/00000/1296EE50-69B1-E711-8594-02163E01A26D.root [920,922,921,919]
/store/data/Run2017F/SingleElectron/RAW/v1/000/305/064/00000/12D3FC51-FFB0-E711-B107-02163E019D7B.root [168,167]
/store/data/Run2017F/SingleElectron/RAW/v1/000/305/064/00000/12FC2EDC-69B1-E711-9187-02163E0139DA.root [1536,1532,1534,1535,1533,1531]
/store/data/Run2017F/SingleElectron/RAW/v1/000/305/064/00000/1435D64C-08B1-E711-8DE8-02163E01A6EC.root [340,339]
/store/data/Run2017F/SingleElectron/RAW/v1/000/305/064/00000/1495CAE6-00B1-E711-BAA5-02163E019BC0.root [192,191]
/store/data/Run2017F/SingleElectron/RAW/v1/000/305/064/00000/14DE2301-F9B0-E711-80F2-02163E01A4AA.root [52,51]
/store/data/Run2017F/SingleElectron/RAW/v1/000/305/064/00000/1660ECDE-69B1-E711-A258-02163E019C22.root [1213,1210,1212,1214,1211]
/store/data/Run2017F/SingleElectron/RAW/v1/000/305/064/00000/16C91155-10B1-E711-9302-02163E01386D.root [483,484]
/store/data/Run2017F/SingleElectron/RAW/v1/000/305/064/00000/1803965E-69B1-E711-9884-02163E019C8B.root [812,814,813]
/store/data/Run2017F/SingleElectron/RAW/v1/000/305/064/00000/182F09A1-FBB0-E711-B5CF-02163E014715.root [94,93]
/store/data/Run2017F/SingleElectron/RAW/v1/000/305/064/00000/18925D34-6AB1-E711-BEEE-02163E0144E6.root [1405,1410,1408,1409,1407,1406]
/store/data/Run2017F/SingleElectron/RAW/v1/000/305/064/00000/18F37B53-08B1-E711-9562-02163E013657.root [330,331]
/store/data/Run2017F/SingleElectron/RAW/v1/000/305/064/00000/18FDCFE3-69B1-E711-87D8-02163E0139A4.root [1763,1765,1768,1766,1762,1764,1767]
/store/data/Run2017F/SingleElectron/RAW/v1/000/305/064/00000/1A24B11E-11B1-E711-A31A-02163E019C78.root [497,498]
/store/data/Run2017F/SingleElectron/RAW/v1/000/305/064/00000/1A66181C-6AB1-E711-B82D-02163E019BEC.root [1979,1980,1974,1975,1977,1978,1981,1976]
/store/data/Run2017F/SingleElectron/RAW/v1/000/305/064/00000/1A761D6C-69B1-E711-B131-02163E012AD4.root [787,785,786]
/store/data/Run2017F/SingleElectron/RAW/v1/000/305/064/00000/1C034E84-F6B0-E711-916D-02163E013921.root [7,8]
/store/data/Run2017F/SingleElectron/RAW/v1/000/305/064/00000/1C10B81C-14B1-E711-B685-02163E014344.root [551,549,550,552]
/store/data/Run2017F/SingleElectron/RAW/v1/000/305/064/00000/1C5AED1A-00B1-E711-90D0-02163E01360C.root [185,186]
/store/data/Run2017F/SingleElectron/RAW/v1/000/305/064/00000/1C67E5E7-00B1-E711-82F2-02163E01A4B1.root [193,194]
/store/data/Run2017F/SingleElectron/RAW/v1/000/305/064/00000/1CA98E84-0AB1-E711-9A25-02163E01373F.root [379,380]
/store/data/Run2017F/SingleElectron/RAW/v1/000/305/064/00000/1CFA614A-16B1-E711-83B6-02163E0133BB.root [589,591,590]
/store/data/Run2017F/SingleElectron/RAW/v1/000/305/064/00000/1E825D44-14B1-E711-84F9-02163E014387.root [560,561,559]
/store/data/Run2017F/SingleElectron/RAW/v1/000/305/064/00000/1E8707E0-69B1-E711-8C06-02163E0134EF.root [1748,1754,1752,1749,1750,1751,1753]
/store/data/Run2017F/SingleElectron/RAW/v1/000/305/064/00000/1EB860F6-69B1-E711-B291-02163E0137D4.root [1619,1621,1616,1620,1618,1615,1617]
/store/data/Run2017F/SingleElectron/RAW/v1/000/305/064/00000/1EBF9CA4-69B1-E711-9A30-02163E014702.root [1087,1090,1088,1089]
/store/data/Run2017F/SingleElectron/RAW/v1/000/305/064/00000/1EDD586B-69B1-E711-9A03-02163E011D8E.root [979,981,982,980]
/store/data/Run2017F/SingleElectron/RAW/v1/000/305/064/00000/20123DE1-69B1-E711-B218-02163E011E6F.root [1822,1827,1829,1823,1826,1824,1828,1825]
/store/data/Run2017F/SingleElectron/RAW/v1/000/305/064/00000/2029E5D9-11B1-E711-8F87-02163E014758.root [513,514]
/store/data/Run2017F/SingleElectron/RAW/v1/000/305/064/00000/208B1E5F-69B1-E711-AEFE-02163E01A567.root [755,756,754]
/store/data/Run2017F/SingleElectron/RAW/v1/000/305/064/00000/20B0E25C-69B1-E711-97E9-02163E019B5C.root [889,890,887,888]
/store/data/Run2017F/SingleElectron/RAW/v1/000/305/064/00000/20D9EEFE-69B1-E711-B286-02163E0140FE.root [1373,1374,1372,1371,1375]
/store/data/Run2017F/SingleElectron/RAW/v1/000/305/064/00000/221AFE9E-35B2-E711-BD35-02163E0128ED.root [2044,2048,2050,2051,2052,2049,2047,2045,2046,2043]
/store/data/Run2017F/SingleElectron/RAW/v1/000/305/064/00000/2275C6D1-FEB0-E711-B3E8-02163E014662.root [163,164]
/store/data/Run2017F/SingleElectron/RAW/v1/000/305/064/00000/2401A5EF-69B1-E711-8497-02163E01414E.root [1341,1343,1344,1342,1345]
/store/data/Run2017F/SingleElectron/RAW/v1/000/305/064/00000/243F76F9-69B1-E711-8FC5-02163E013397.root [1965,1960,1963,1959,1961,1962,1964,1958]
/store/data/Run2017F/SingleElectron/RAW/v1/000/305/064/00000/2485D086-69B1-E711-8E98-02163E011E9F.root [1045,1044,1043,1046]
/store/data/Run2017F/SingleElectron/RAW/v1/000/305/064/00000/248D4426-17B1-E711-8615-02163E0128F4.root [602,601,603]
/store/data/Run2017F/SingleElectron/RAW/v1/000/305/064/00000/24D06389-10B1-E711-BBA0-02163E01372F.root [488,487]
/store/data/Run2017F/SingleElectron/RAW/v1/000/305/064/00000/24DAB75E-69B1-E711-A5EA-02163E01344A.root [1060,1061,1062,1059]
/store/data/Run2017F/SingleElectron/RAW/v1/000/305/064/00000/2605EC95-03B1-E711-9C54-02163E014715.root [249,250]
/store/data/Run2017F/SingleElectron/RAW/v1/000/305/064/00000/260C2E79-09B1-E711-89A4-02163E019D7D.root [354,353]
/store/data/Run2017F/SingleElectron/RAW/v1/000/305/064/00000/26260AE1-69B1-E711-8830-02163E01A417.root [1200,1201,1204,1203,1202]
/store/data/Run2017F/SingleElectron/RAW/v1/000/305/064/00000/266CC5A6-02B1-E711-BF80-02163E011BAB.root [232,231]
/store/data/Run2017F/SingleElectron/RAW/v1/000/305/064/00000/2682923E-69B1-E711-A2D0-02163E01442E.root [687,686,685]
/store/data/Run2017F/SingleElectron/RAW/v1/000/305/064/00000/269C67F9-69B1-E711-B3E1-02163E01A6A7.root [1684,1678,1682,1683,1679,1680,1681]
/store/data/Run2017F/SingleElectron/RAW/v1/000/305/064/00000/26B18979-F9B0-E711-B4B5-02163E019CB1.root [61,62]
/store/data/Run2017F/SingleElectron/RAW/v1/000/305/064/00000/26D5DDF9-69B1-E711-AD94-02163E019CFA.root [1266,1265,1267,1269,1268]
/store/data/Run2017F/SingleElectron/RAW/v1/000/305/064/00000/287737F6-F7B0-E711-A815-02163E013768.root [31,32]
/store/data/Run2017F/SingleElectron/RAW/v1/000/305/064/00000/28D41D78-05B1-E711-82D0-02163E011DD0.root [281,282]
/store/data/Run2017F/SingleElectron/RAW/v1/000/305/064/00000/28D9468F-01B1-E711-BBC3-02163E01A277.root [212,211]
/store/data/Run2017F/SingleElectron/RAW/v1/000/305/064/00000/28DF5EEF-69B1-E711-A0E8-02163E0142EF.root [1944,1949,1942,1945,1946,1947,1943,1948]
/store/data/Run2017F/SingleElectron/RAW/v1/000/305/064/00000/28E56187-69B1-E711-8784-02163E011AC5.root [1137,1139,1140,1138]
/store/data/Run2017F/SingleElectron/RAW/v1/000/305/064/00000/2A452A8D-07B1-E711-A8D1-02163E011C38.root [323,322]
/store/data/Run2017F/SingleElectron/RAW/v1/000/305/064/00000/2A474ADD-F9B0-E711-B607-02163E019CA9.root [73,74]
/store/data/Run2017F/SingleElectron/RAW/v1/000/305/064/00000/2A9D4F9D-F7B0-E711-9B26-02163E013530.root [30,29]
/store/data/Run2017F/SingleElectron/RAW/v1/000/305/064/00000/2AD6D052-69B1-E711-B96C-02163E01A426.root [936,935,937,938]
/store/data/Run2017F/SingleElectron/RAW/v1/000/305/064/00000/2AF319B4-0BB1-E711-9D15-02163E01A1CD.root [391,392]
/store/data/Run2017F/SingleElectron/RAW/v1/000/305/064/00000/2C0D965E-69B1-E711-BB29-02163E019C8B.root [758,757,759]
/store/data/Run2017F/SingleElectron/RAW/v1/000/305/064/00000/2CD17E90-FEB0-E711-952A-02163E019B3D.root [159,160]
/store/data/Run2017F/SingleElectron/RAW/v1/000/305/064/00000/2CFF84DC-69B1-E711-9B4B-02163E014251.root [1539,1540,1537,1541,1538,1542]
/store/data/Run2017F/SingleElectron/RAW/v1/000/305/064/00000/2E0253F8-0CB1-E711-ABFE-02163E019E87.root [417,418]
/store/data/Run2017F/SingleElectron/RAW/v1/000/305/064/00000/2E239169-69B1-E711-8C40-02163E019D30.root [911,912,914,913]
/store/data/Run2017F/SingleElectron/RAW/v1/000/305/064/00000/2E2906FD-69B1-E711-B91B-02163E013862.root [1290,1293,1294,1291,1292]
/store/data/Run2017F/SingleElectron/RAW/v1/000/305/064/00000/2E3CB39E-FEB0-E711-90B3-02163E014360.root [151,152]
/store/data/Run2017F/SingleElectron/RAW/v1/000/305/064/00000/2E468826-15B1-E711-AD41-02163E019D66.root [576,574,575]
/store/data/Run2017F/SingleElectron/RAW/v1/000/305/064/00000/2EBF1655-F8B0-E711-A336-02163E014252.root [40,39]
/store/data/Run2017F/SingleElectron/RAW/v1/000/305/064/00000/302062AD-FBB0-E711-8633-02163E014398.root [98,97]
/store/data/Run2017F/SingleElectron/RAW/v1/000/305/064/00000/307176BF-0BB1-E711-8A12-02163E012298.root [395,396]
/store/data/Run2017F/SingleElectron/RAW/v1/000/305/064/00000/30B85CE3-00B1-E711-89E1-02163E019D30.root [196,195]
/store/data/Run2017F/SingleElectron/RAW/v1/000/305/064/00000/30CFDEE5-69B1-E711-8B7A-02163E014197.root [2035,2042,2038,2041,2034,2039,2037,2040,2036]
/store/data/Run2017F/SingleElectron/RAW/v1/000/305/064/00000/30D22164-69B1-E711-ACC5-02163E01A725.root [1011,1014,1013,1012]
/store/data/Run2017F/SingleElectron/RAW/v1/000/305/064/00000/3202B9AD-01B1-E711-B82D-02163E013921.root [213,214]
/store/data/Run2017F/SingleElectron/RAW/v1/000/305/064/00000/321BBF12-00B1-E711-A0FE-02163E0146B1.root [181,182]
/store/data/Run2017F/SingleElectron/RAW/v1/000/305/064/00000/322898DF-06B1-E711-BDDA-02163E014246.root [303,304]
/store/data/Run2017F/SingleElectron/RAW/v1/000/305/064/00000/322CE1DE-69B1-E711-B63C-02163E0144E9.root [1440,1435,1437,1438,1436,1439]
/store/data/Run2017F/SingleElectron/RAW/v1/000/305/064/00000/323C9E9E-FBB0-E711-AB51-02163E0144E5.root [101,102]
/store/data/Run2017F/SingleElectron/RAW/v1/000/305/064/00000/32649AA2-69B1-E711-A5E3-02163E013735.root [1097,1098,1096,1099]
/store/data/Run2017F/SingleElectron/RAW/v1/000/305/064/00000/329BED98-02B1-E711-98A3-02163E01416F.root [218,217]
/store/data/Run2017F/SingleElectron/RAW/v1/000/305/064/00000/343B58E8-69B1-E711-B1FE-02163E01A251.root [1241,1243,1240,1242,1244]
/store/data/Run2017F/SingleElectron/RAW/v1/000/305/064/00000/34A5C757-12B1-E711-88B2-02163E0133DF.root [521,522]
/store/data/Run2017F/SingleElectron/RAW/v1/000/305/064/00000/34A716E1-69B1-E711-B9C3-02163E011B49.root [1524,1521,1519,1520,1522,1523]
/store/data/Run2017F/SingleElectron/RAW/v1/000/305/064/00000/34C3F0DA-06B1-E711-BB55-02163E019E56.root [306,305]
/store/data/Run2017F/SingleElectron/RAW/v1/000/305/064/00000/34F88C47-69B1-E711-A176-02163E01A593.root [745,746,747]
/store/data/Run2017F/SingleElectron/RAW/v1/000/305/064/00000/360C9D37-12B1-E711-976A-02163E019CA2.root [519,520]
/store/data/Run2017F/SingleElectron/RAW/v1/000/305/064/00000/36424220-F9B0-E711-BCBF-02163E01A794.root [58,57]
/store/data/Run2017F/SingleElectron/RAW/v1/000/305/064/00000/364357AB-FDB0-E711-B8F0-02163E011AAF.root [132,131]
/store/data/Run2017F/SingleElectron/RAW/v1/000/305/064/00000/3697A824-F8B0-E711-8A6D-02163E011F8F.root [35,36]
/store/data/Run2017F/SingleElectron/RAW/v1/000/305/064/00000/36A2EE3E-69B1-E711-B60D-02163E014431.root [811,809,810]
/store/data/Run2017F/SingleElectron/RAW/v1/000/305/064/00000/36D763F3-69B1-E711-AAB4-02163E013733.root [1950,1953,1954,1957,1956,1952,1951,1955]
/store/data/Run2017F/SingleElectron/RAW/v1/000/305/064/00000/36DC31E4-69B1-E711-954D-02163E013927.root [1566,1562,1565,1567,1563,1564,1561]
/store/data/Run2017F/SingleElectron/RAW/v1/000/305/064/00000/36EF9978-69B1-E711-8AD3-02163E011F60.root [1078,1077,1075,1076]
/store/data/Run2017F/SingleElectron/RAW/v1/000/305/064/00000/3802ED38-69B1-E711-9CBD-02163E0142C0.root [1009,1007,1008,1010]
/store/data/Run2017F/SingleElectron/RAW/v1/000/305/064/00000/382FEAFB-0DB1-E711-85A4-02163E014455.root [441,442]
/store/data/Run2017F/SingleElectron/RAW/v1/000/305/064/00000/387EDF00-6AB1-E711-A36B-02163E0146FC.root [969,967,970,968]
/store/data/Run2017F/SingleElectron/RAW/v1/000/305/064/00000/38F01EE9-FDB0-E711-9EFA-02163E011F8F.root [133,134]
/store/data/Run2017F/SingleElectron/RAW/v1/000/305/064/00000/3A234CC6-0EB1-E711-948B-02163E019C1B.root [459,460]
/store/data/Run2017F/SingleElectron/RAW/v1/000/305/064/00000/3A467F27-F8B0-E711-B567-02163E01A5D4.root [37,38]
/store/data/Run2017F/SingleElectron/RAW/v1/000/305/064/00000/3A61E471-69B1-E711-8AD3-02163E01A487.root [971,972,973,974]
/store/data/Run2017F/SingleElectron/RAW/v1/000/305/064/00000/3A8E42D9-03B1-E711-9921-02163E019E10.root [253,254]
/store/data/Run2017F/SingleElectron/RAW/v1/000/305/064/00000/3A8F7101-6AB1-E711-82A9-02163E01A4E4.root [1434,1432,1431,1430,1429,1433]
/store/data/Run2017F/SingleElectron/RAW/v1/000/305/064/00000/3AAC0FEA-16B1-E711-A891-02163E019C74.root [608,609,607]
/store/data/Run2017F/SingleElectron/RAW/v1/000/305/064/00000/3AB77DDE-F9B0-E711-B130-02163E01A732.root [75,76]
/store/data/Run2017F/SingleElectron/RAW/v1/000/305/064/00000/3ADD9FCA-0BB1-E711-9913-02163E01A27C.root [393,394]
/store/data/Run2017F/SingleElectron/RAW/v1/000/305/064/00000/3AEC0ECE-0CB1-E711-9BAE-02163E012540.root [415,416]
/store/data/Run2017F/SingleElectron/RAW/v1/000/305/064/00000/3C4D90F5-69B1-E711-89B3-02163E0133A4.root [1689,1690,1687,1691,1686,1685,1688]
/store/data/Run2017F/SingleElectron/RAW/v1/000/305/064/00000/3CF145C9-0AB1-E711-9744-02163E0133FA.root [386,385]
/store/data/Run2017F/SingleElectron/RAW/v1/000/305/064/00000/3E0B795C-69B1-E711-87CD-02163E01A567.root [824,826,825]
/store/data/Run2017F/SingleElectron/RAW/v1/000/305/064/00000/3E101C5A-69B1-E711-B306-02163E01381D.root [1005,1004,1006,1003]
/store/data/Run2017F/SingleElectron/RAW/v1/000/305/064/00000/3E2CD005-07B1-E711-B498-02163E011B94.root [310,309]
/store/data/Run2017F/SingleElectron/RAW/v1/000/305/064/00000/3E9C4556-17B1-E711-B73A-02163E01A661.root [611,610,612]
/store/data/Run2017F/SingleElectron/RAW/v1/000/305/064/00000/3EBE575C-69B1-E711-A0CF-02163E01A569.root [934,932,933,931]
/store/data/Run2017F/SingleElectron/RAW/v1/000/305/064/00000/4002B1F8-69B1-E711-81EC-02163E01A5F9.root [1591,1589,1592,1594,1590,1593]
/store/data/Run2017F/SingleElectron/RAW/v1/000/305/064/00000/402BFB9A-18B1-E711-9A5D-02163E013744.root [637,639,638]
/store/data/Run2017F/SingleElectron/RAW/v1/000/305/064/00000/4045118E-09B1-E711-A465-02163E014422.root [355,356]
/store/data/Run2017F/SingleElectron/RAW/v1/000/305/064/00000/40C0E969-02B1-E711-8DC7-02163E0119AA.root [229,230]
/store/data/Run2017F/SingleElectron/RAW/v1/000/305/064/00000/40DBBF61-69B1-E711-B9E5-02163E011E6F.root [1035,1038,1037,1036]
/store/data/Run2017F/SingleElectron/RAW/v1/000/305/064/00000/422383F4-69B1-E711-BCCE-02163E012832.root [1338,1340,1336,1337,1339]
/store/data/Run2017F/SingleElectron/RAW/v1/000/305/064/00000/42446ADE-0EB1-E711-A339-02163E013449.root [458,457]
/store/data/Run2017F/SingleElectron/RAW/v1/000/305/064/00000/427E5C2A-69B1-E711-84AD-02163E0139B6.root [788,789,790]
/store/data/Run2017F/SingleElectron/RAW/v1/000/305/064/00000/4290D94A-69B1-E711-A9D8-02163E0137F6.root [845,843,844]
/store/data/Run2017F/SingleElectron/RAW/v1/000/305/064/00000/429AAC8B-69B1-E711-8F12-02163E01A725.root [1146,1148,1147,1149]
/store/data/Run2017F/SingleElectron/RAW/v1/000/305/064/00000/42E4CAC1-0CB1-E711-8A60-02163E01A5F0.root [413,414]
/store/data/Run2017F/SingleElectron/RAW/v1/000/305/064/00000/449ABB39-69B1-E711-A487-02163E019B35.root [975,977,976,978]
/store/data/Run2017F/SingleElectron/RAW/v1/000/305/064/00000/44B4C088-69B1-E711-AB1E-02163E01A72A.root [1150,1153,1152,1151,1154]
/store/data/Run2017F/SingleElectron/RAW/v1/000/305/064/00000/462E07FD-69B1-E711-9EE2-02163E019D66.root [1236,1239,1235,1237,1238]
/store/data/Run2017F/SingleElectron/RAW/v1/000/305/064/00000/46A6DCA2-F9B0-E711-884C-02163E019BE6.root [65,66]
/store/data/Run2017F/SingleElectron/RAW/v1/000/305/064/00000/46FC5DE2-69B1-E711-A524-02163E01366D.root [1359,1357,1356,1358,1360]
/store/data/Run2017F/SingleElectron/RAW/v1/000/305/064/00000/481A8437-F7B0-E711-A55B-02163E0139AD.root [26,25]
/store/data/Run2017F/SingleElectron/RAW/v1/000/305/064/00000/486784E5-69B1-E711-B084-02163E019BE0.root [1896,1897,1900,1901,1894,1898,1895,1899]
/store/data/Run2017F/SingleElectron/RAW/v1/000/305/064/00000/486E9EDD-69B1-E711-A401-02163E01A32C.root [1376,1378,1381,1379,1380,1377]
/store/data/Run2017F/SingleElectron/RAW/v1/000/305/064/00000/48A135FA-69B1-E711-AAB1-02163E019C68.root [1759,1758,1755,1756,1761,1757,1760]
/store/data/Run2017F/SingleElectron/RAW/v1/000/305/064/00000/48A67EDE-69B1-E711-9115-02163E014664.root [1496,1500,1497,1498,1495,1499]
/store/data/Run2017F/SingleElectron/RAW/v1/000/305/064/00000/48D19641-69B1-E711-90BF-02163E01A5DE.root [765,764,763]
/store/data/Run2017F/SingleElectron/RAW/v1/000/305/064/00000/48E9C8F3-12B1-E711-8672-02163E019BEE.root [534,533]
/store/data/Run2017F/SingleElectron/RAW/v1/000/305/064/00000/4A1AB34D-69B1-E711-BF2A-02163E01A75E.root [837,838,836,839]
/store/data/Run2017F/SingleElectron/RAW/v1/000/305/064/00000/4A84E95C-69B1-E711-BA6F-02163E01A70D.root [1072,1073,1071,1074]
/store/data/Run2017F/SingleElectron/RAW/v1/000/305/064/00000/4ADA45B4-69B1-E711-AF8C-02163E0145B9.root [1173,1172,1171,1170,1174]
/store/data/Run2017F/SingleElectron/RAW/v1/000/305/064/00000/4C10802E-69B1-E711-85B3-02163E0146CD.root [851,849,850]
/store/data/Run2017F/SingleElectron/RAW/v1/000/305/064/00000/4C159E56-69B1-E711-A395-02163E0137F6.root [732,730,731]
/store/data/Run2017F/SingleElectron/RAW/v1/000/305/064/00000/4C1FAE57-08B1-E711-9853-02163E0143C3.root [337,338,336]
/store/data/Run2017F/SingleElectron/RAW/v1/000/305/064/00000/4C8563DF-69B1-E711-A0B5-02163E014201.root [1991,1999,1998,1993,1994,1996,1997,1992,1995]
/store/data/Run2017F/SingleElectron/RAW/v1/000/305/064/00000/4CABFB11-6AB1-E711-BF1D-02163E0143F3.root [1857,1861,1855,1859,1854,1856,1860,1858]
/store/data/Run2017F/SingleElectron/RAW/v1/000/305/064/00000/4CAD4D8B-01B1-E711-9996-02163E014387.root [205,206]
/store/data/Run2017F/SingleElectron/RAW/v1/000/305/064/00000/4CB6C2E5-69B1-E711-B1DA-02163E01465D.root [1677,1674,1675,1671,1673,1676,1672]
/store/data/Run2017F/SingleElectron/RAW/v1/000/305/064/00000/4ECD7498-69B1-E711-96F1-02163E013735.root [1112,1115,1114,1113]
/store/data/Run2017F/SingleElectron/RAW/v1/000/305/064/00000/4ED09E2A-69B1-E711-8A4B-02163E014416.root [791,792,793]
/store/data/Run2017F/SingleElectron/RAW/v1/000/305/064/00000/4EDFA53C-69B1-E711-9AC5-02163E019E84.root [897,898,896,895]
/store/data/Run2017F/SingleElectron/RAW/v1/000/305/064/00000/50003216-09B1-E711-B4D5-02163E0134EB.root [349,350]
/store/data/Run2017F/SingleElectron/RAW/v1/000/305/064/00000/5005B532-69B1-E711-B78C-02163E01A1C6.root [990,987,988,989]
/store/data/Run2017F/SingleElectron/RAW/v1/000/305/064/00000/503D8DBC-01B1-E711-8C43-02163E01A20E.root [209,210]
/store/data/Run2017F/SingleElectron/RAW/v1/000/305/064/00000/504CE376-69B1-E711-8D97-02163E01A681.root [710,709,711]
/store/data/Run2017F/SingleElectron/RAW/v1/000/305/064/00000/50EC1D49-08B1-E711-A870-02163E019E54.root [324,325]
/store/data/Run2017F/SingleElectron/RAW/v1/000/305/064/00000/540E6FB1-0FB1-E711-B958-02163E013728.root [476,475]
/store/data/Run2017F/SingleElectron/RAW/v1/000/305/064/00000/5443F479-69B1-E711-A5EB-02163E01A52D.root [681,679,680]
/store/data/Run2017F/SingleElectron/RAW/v1/000/305/064/00000/549A05D5-05B1-E711-8B25-02163E013910.root [293,294]
/store/data/Run2017F/SingleElectron/RAW/v1/000/305/064/00000/54BA35EE-69B1-E711-B1C9-02163E01A2D7.root [1249,1247,1246,1248,1245]
/store/data/Run2017F/SingleElectron/RAW/v1/000/305/064/00000/54D69640-09B1-E711-9487-02163E01417D.root [348,347]
/store/data/Run2017F/SingleElectron/RAW/v1/000/305/064/00000/560CA48F-01B1-E711-83CE-02163E01A512.root [216,215]
/store/data/Run2017F/SingleElectron/RAW/v1/000/305/064/00000/566E39AA-12B1-E711-BEF0-02163E013647.root [529,530]
/store/data/Run2017F/SingleElectron/RAW/v1/000/305/064/00000/580197AD-0DB1-E711-8E0D-02163E013943.root [421,422]
/store/data/Run2017F/SingleElectron/RAW/v1/000/305/064/00000/582F414E-08B1-E711-98DE-02163E01A2EB.root [334,335]
/store/data/Run2017F/SingleElectron/RAW/v1/000/305/064/00000/588F8980-69B1-E711-B55D-02163E0146D3.root [1041,1040,1042,1039]
/store/data/Run2017F/SingleElectron/RAW/v1/000/305/064/00000/58AAEE8D-13B1-E711-BB71-02163E01A5EF.root [539,540]
/store/data/Run2017F/SingleElectron/RAW/v1/000/305/064/00000/58BDB0E9-69B1-E711-A647-02163E014682.root [1632,1633,1630,1635,1634,1631,1629]
/store/data/Run2017F/SingleElectron/RAW/v1/000/305/064/00000/58D2F43B-69B1-E711-A1E1-02163E0117FE.root [985,983,986,984]
/store/data/Run2017F/SingleElectron/RAW/v1/000/305/064/00000/5A0D72F4-69B1-E711-BABA-02163E011FC5.root [1710,1711,1706,1707,1708,1709,1712]
/store/data/Run2017F/SingleElectron/RAW/v1/000/305/064/00000/5A241F80-10B1-E711-AD8D-02163E013548.root [491,492]
/store/data/Run2017F/SingleElectron/RAW/v1/000/305/064/00000/5A65DD4C-08B1-E711-8FF7-02163E01A208.root [344,343]
/store/data/Run2017F/SingleElectron/RAW/v1/000/305/064/00000/5A9AAE0C-6AB1-E711-871E-02163E011A45.root [1312,1311,1313,1315,1314]
/store/data/Run2017F/SingleElectron/RAW/v1/000/305/064/00000/5AF83EDB-FDB0-E711-97C1-02163E014103.root [142,141]
/store/data/Run2017F/SingleElectron/RAW/v1/000/305/064/00000/5C1D016E-FAB0-E711-8E02-02163E0146D7.root [82,81]
/store/data/Run2017F/SingleElectron/RAW/v1/000/305/064/00000/5C496720-6AB1-E711-B068-02163E014537.root [1775,1770,1774,1769,1771,1773,1772]
/store/data/Run2017F/SingleElectron/RAW/v1/000/305/064/00000/5C710D4B-08B1-E711-B469-02163E01A4A1.root [341,342]
/store/data/Run2017F/SingleElectron/RAW/v1/000/305/064/00000/5C905DE8-69B1-E711-8B30-02163E0146B4.root [1333,1335,1334,1332,1331]
/store/data/Run2017F/SingleElectron/RAW/v1/000/305/064/00000/5CA05AE0-69B1-E711-8E59-02163E01197D.root [2023,2026,2018,2022,2024,2028,2031,2027,2032,2019,2021,2030,2025,2033,2020,2029]
/store/data/Run2017F/SingleElectron/RAW/v1/000/305/064/00000/5CA14E27-6AB1-E711-979C-02163E012229.root [2015,2012,2014,2017,2010,2011,2009,2013,2016]
/store/data/Run2017F/SingleElectron/RAW/v1/000/305/064/00000/5CAEAAE1-69B1-E711-9487-02163E011C5E.root [1387,1385,1386,1384,1382,1383]
/store/data/Run2017F/SingleElectron/RAW/v1/000/305/064/00000/5CF00C13-03B1-E711-B69C-02163E0133F9.root [242,241]
/store/data/Run2017F/SingleElectron/RAW/v1/000/305/064/00000/5CF86645-69B1-E711-9FFD-02163E01A5DE.root [800,802,801]
/store/data/Run2017F/SingleElectron/RAW/v1/000/305/064/00000/5EA83964-02B1-E711-98F3-02163E014371.root [225,226]
/store/data/Run2017F/SingleElectron/RAW/v1/000/305/064/00000/6005F25D-00B1-E711-837F-02163E01423F.root [189,190]
/store/data/Run2017F/SingleElectron/RAW/v1/000/305/064/00000/602889C1-69B1-E711-87BA-02163E019BF6.root [1134,1135,1136,1133]
/store/data/Run2017F/SingleElectron/RAW/v1/000/305/064/00000/6093F5EE-69B1-E711-8094-02163E01467F.root [1452,1451,1450,1448,1447,1449]
/store/data/Run2017F/SingleElectron/RAW/v1/000/305/064/00000/60D4610A-6AB1-E711-A7FA-02163E011C1D.root [1713,1718,1717,1715,1716,1719,1714]
/store/data/Run2017F/SingleElectron/RAW/v1/000/305/064/00000/60F4438B-69B1-E711-BE68-02163E014266.root [1162,1163,1160,1161,1164]
/store/data/Run2017F/SingleElectron/RAW/v1/000/305/064/00000/60FD3C15-FCB0-E711-8B1F-02163E019DEB.root [112,111]
/store/data/Run2017F/SingleElectron/RAW/v1/000/305/064/00000/6203D7F7-FEB0-E711-AE95-02163E019BE9.root [161,162]
/store/data/Run2017F/SingleElectron/RAW/v1/000/305/064/00000/620E524D-05B1-E711-BF14-02163E01A760.root [278,277]
/store/data/Run2017F/SingleElectron/RAW/v1/000/305/064/00000/62758606-6AB1-E711-B8FC-02163E013582.root [1469,1470,1465,1466,1467,1468]
/store/data/Run2017F/SingleElectron/RAW/v1/000/305/064/00000/62FF4134-6AB1-E711-B04D-02163E01A2DD.root [1699,1701,1700,1702,1704,1703,1705]
/store/data/Run2017F/SingleElectron/RAW/v1/000/305/064/00000/6462E1F3-69B1-E711-BDC4-02163E014298.root [2006,2001,2003,2002,2007,2004,2005,2008,2000]
/store/data/Run2017F/SingleElectron/RAW/v1/000/305/064/00000/64B85B14-6AB1-E711-95F9-02163E01A4F6.root [1363,1361,1362,1365,1364]
/store/data/Run2017F/SingleElectron/RAW/v1/000/305/064/00000/64C0933B-03B1-E711-B4DE-02163E019DD5.root [244,243]
/store/data/Run2017F/SingleElectron/RAW/v1/000/305/064/00000/6610AFFB-F8B0-E711-9B10-02163E01A53A.root [55,56]
/store/data/Run2017F/SingleElectron/RAW/v1/000/305/064/00000/6690DF01-6AB1-E711-8B45-02163E01A26D.root [1577,1580,1575,1581,1576,1579,1578]
/store/data/Run2017F/SingleElectron/RAW/v1/000/305/064/00000/66BC169A-69B1-E711-B146-02163E011918.root [1165,1169,1168,1167,1166]
/store/data/Run2017F/SingleElectron/RAW/v1/000/305/064/00000/66D8DE93-09B1-E711-95C7-02163E014648.root [358,357]
/store/data/Run2017F/SingleElectron/RAW/v1/000/305/064/00000/6828A668-02B1-E711-99DE-02163E014664.root [221,222]
/store/data/Run2017F/SingleElectron/RAW/v1/000/305/064/00000/68391568-69B1-E711-80A3-02163E01A681.root [784,782,783]
/store/data/Run2017F/SingleElectron/RAW/v1/000/305/064/00000/6840766E-69B1-E711-978C-02163E01A641.root [683,682,684]
/store/data/Run2017F/SingleElectron/RAW/v1/000/305/064/00000/68A8CAE2-F7B0-E711-9EAB-02163E012BBC.root [33,34]
/store/data/Run2017F/SingleElectron/RAW/v1/000/305/064/00000/68E37166-69B1-E711-9D7E-02163E01A1D3.root [736,738,737]
/store/data/Run2017F/SingleElectron/RAW/v1/000/305/064/00000/6A1BC429-F7B0-E711-B619-02163E013736.root [24,23]
/store/data/Run2017F/SingleElectron/RAW/v1/000/305/064/00000/6A2B5D4F-14B1-E711-A356-02163E019D4A.root [558,557,556]
/store/data/Run2017F/SingleElectron/RAW/v1/000/305/064/00000/6A4ED265-0BB1-E711-A24F-02163E01A49B.root [389,390]
/store/data/Run2017F/SingleElectron/RAW/v1/000/305/064/00000/6A885E55-69B1-E711-8A37-02163E01A59D.root [718,719,720]
/store/data/Run2017F/SingleElectron/RAW/v1/000/305/064/00000/6ADBCFAC-11B1-E711-A108-02163E019E7D.root [508,507]
/store/data/Run2017F/SingleElectron/RAW/v1/000/305/064/00000/6C2AACE5-69B1-E711-B20B-02163E0126BD.root [1251,1250,1254,1253,1252]
/store/data/Run2017F/SingleElectron/RAW/v1/000/305/064/00000/6C94CB75-69B1-E711-A052-02163E01A5FF.root [901,899,900,902]
/store/data/Run2017F/SingleElectron/RAW/v1/000/305/064/00000/6CC191A9-10B1-E711-835F-02163E0133F1.root [495,496]
/store/data/Run2017F/SingleElectron/RAW/v1/000/305/064/00000/6CCE1B01-FFB0-E711-B66D-02163E0136EA.root [137,138]
/store/data/Run2017F/SingleElectron/RAW/v1/000/305/064/00000/6E39DE1F-6AB1-E711-99A3-02163E011800.root [1734,1736,1740,1737,1739,1735,1738]
/store/data/Run2017F/SingleElectron/RAW/v1/000/305/064/00000/6E3A8F29-04B1-E711-A6D7-02163E01298D.root [258,257]
/store/data/Run2017F/SingleElectron/RAW/v1/000/305/064/00000/6E62C30E-09B1-E711-A004-02163E0140FE.root [346,345]
/store/data/Run2017F/SingleElectron/RAW/v1/000/305/064/00000/6E8371CF-69B1-E711-95DB-02163E013823.root [1190,1193,1194,1191,1192]
/store/data/Run2017F/SingleElectron/RAW/v1/000/305/064/00000/6EA4266D-69B1-E711-A629-02163E0136B0.root [716,717,715]
/store/data/Run2017F/SingleElectron/RAW/v1/000/305/064/00000/6EABDC3A-07B1-E711-B449-02163E01A5E8.root [315,313,314]
/store/data/Run2017F/SingleElectron/RAW/v1/000/305/064/00000/6EE43D0A-07B1-E711-B464-02163E019BD1.root [299,300]
/store/data/Run2017F/SingleElectron/RAW/v1/000/305/064/00000/70123C56-69B1-E711-BAB6-02163E019B36.root [943,944,945,946]
/store/data/Run2017F/SingleElectron/RAW/v1/000/305/064/00000/70888731-0EB1-E711-88D5-02163E019C78.root [449,450]
/store/data/Run2017F/SingleElectron/RAW/v1/000/305/064/00000/708B4F76-08B1-E711-B515-02163E01A1C5.root [329,328]
/store/data/Run2017F/SingleElectron/RAW/v1/000/305/064/00000/709B5BF8-69B1-E711-8780-02163E011F03.root [1812,1807,1808,1811,1813,1806,1809,1810]
/store/data/Run2017F/SingleElectron/RAW/v1/000/305/064/00000/70AE48B2-0AB1-E711-A5EC-02163E014676.root [369,370]
/store/data/Run2017F/SingleElectron/RAW/v1/000/305/064/00000/70B8EEE9-FAB0-E711-A71E-02163E019BE6.root [89,90]
/store/data/Run2017F/SingleElectron/RAW/v1/000/305/064/00000/70BBB0FB-69B1-E711-A4C5-02163E01A5F2.root [1526,1528,1525,1529,1530,1527]
/store/data/Run2017F/SingleElectron/RAW/v1/000/305/064/00000/70EB82DB-69B1-E711-95EA-02163E0118EC.root [1400,1401,1399,1403,1404,1402]
/store/data/Run2017F/SingleElectron/RAW/v1/000/305/064/00000/70ED8531-69B1-E711-B1E9-02163E01244D.root [866,863,865,864]
/store/data/Run2017F/SingleElectron/RAW/v1/000/305/064/00000/72195FED-69B1-E711-ACE1-02163E019B8E.root [1644,1646,1648,1643,1645,1647,1649]
/store/data/Run2017F/SingleElectron/RAW/v1/000/305/064/00000/729C8822-6AB1-E711-8684-02163E01A757.root [1815,1819,1820,1821,1816,1818,1814,1817]
/store/data/Run2017F/SingleElectron/RAW/v1/000/305/064/00000/7406F7DE-69B1-E711-9911-02163E011E86.root [1488,1486,1483,1484,1485,1487]
/store/data/Run2017F/SingleElectron/RAW/v1/000/305/064/00000/7409FD91-0DB1-E711-8EC1-02163E012496.root [438,437]
/store/data/Run2017F/SingleElectron/RAW/v1/000/305/064/00000/74275FFB-69B1-E711-B663-02163E013392.root [1423,1425,1428,1426,1427,1424]
/store/data/Run2017F/SingleElectron/RAW/v1/000/305/064/00000/7472A6CD-69B1-E711-BD6F-02163E014680.root [1187,1186,1189,1188,1185]
/store/data/Run2017F/SingleElectron/RAW/v1/000/305/064/00000/74805075-69B1-E711-96C9-02163E01A48A.root [822,823,821]
/store/data/Run2017F/SingleElectron/RAW/v1/000/305/064/00000/748A7C2A-F7B0-E711-9CC5-02163E01A771.root [22,21]
/store/data/Run2017F/SingleElectron/RAW/v1/000/305/064/00000/748B42D9-03B1-E711-BA71-02163E019E10.root [255,256]
/store/data/Run2017F/SingleElectron/RAW/v1/000/305/064/00000/74CD82FA-0AB1-E711-952F-02163E0127EB.root [382,381]
/store/data/Run2017F/SingleElectron/RAW/v1/000/305/064/00000/74CE7741-69B1-E711-91B3-02163E014274.root [952,953,951,954]
/store/data/Run2017F/SingleElectron/RAW/v1/000/305/064/00000/74FCFA73-03B1-E711-8958-02163E01A4AD.root [247,248]
/store/data/Run2017F/SingleElectron/RAW/v1/000/305/064/00000/76310932-69B1-E711-B751-02163E0146CD.root [885,886,883,884]
/store/data/Run2017F/SingleElectron/RAW/v1/000/305/064/00000/7675864D-05B1-E711-9C25-02163E011C77.root [279,280]
/store/data/Run2017F/SingleElectron/RAW/v1/000/305/064/00000/767971B7-15B1-E711-B90E-02163E014377.root [585,583,584]
/store/data/Run2017F/SingleElectron/RAW/v1/000/305/064/00000/76832D57-69B1-E711-A33C-02163E01A598.root [1049,1050,1047,1048]
/store/data/Run2017F/SingleElectron/RAW/v1/000/305/064/00000/76BBEF10-6AB1-E711-BD65-02163E01A4F0.root [1349,1347,1348,1346,1350]
/store/data/Run2017F/SingleElectron/RAW/v1/000/305/064/00000/7868C833-F7B0-E711-8E0B-02163E0134B3.root [19,20]
/store/data/Run2017F/SingleElectron/RAW/v1/000/305/064/00000/787E58DA-0EB1-E711-B9B0-02163E019C97.root [455,456]
/store/data/Run2017F/SingleElectron/RAW/v1/000/305/064/00000/7A24111F-19B1-E711-8A35-02163E0138BE.root [647,646,648]
/store/data/Run2017F/SingleElectron/RAW/v1/000/305/064/00000/7ACFA1F6-69B1-E711-AEDA-02163E01A569.root [1595,1598,1600,1597,1599,1596]
/store/data/Run2017F/SingleElectron/RAW/v1/000/305/064/00000/7AD4C207-6AB1-E711-8642-02163E014377.root [1412,1413,1414,1411,1416,1415]
/store/data/Run2017F/SingleElectron/RAW/v1/000/305/064/00000/7C38E0AA-11B1-E711-B3FD-02163E013943.root [506,505]
/store/data/Run2017F/SingleElectron/RAW/v1/000/305/064/00000/7CD30A17-0DB1-E711-9B48-02163E01283F.root [429,430]
/store/data/Run2017F/SingleElectron/RAW/v1/000/305/064/00000/7CD49BE6-69B1-E711-B9ED-02163E01A70D.root [1779,1781,1778,1780,1776,1777,1782]
/store/data/Run2017F/SingleElectron/RAW/v1/000/305/064/00000/7E09B8ED-69B1-E711-ABE1-02163E01460C.root [1195,1196,1198,1199,1197]
/store/data/Run2017F/SingleElectron/RAW/v1/000/305/064/00000/7EB7AAD2-FDB0-E711-B4BE-02163E01A566.root [144,143]
/store/data/Run2017F/SingleElectron/RAW/v1/000/305/064/00000/80098344-69B1-E711-BD6B-02163E01A292.root [652,653]
/store/data/Run2017F/SingleElectron/RAW/v1/000/305/064/00000/80228D24-FDB0-E711-85DD-02163E014639.root [123,124]
/store/data/Run2017F/SingleElectron/RAW/v1/000/305/064/00000/805F893B-0CB1-E711-B12D-02163E0136A9.root [403,404]
/store/data/Run2017F/SingleElectron/RAW/v1/000/305/064/00000/80717EF2-0CB1-E711-A3FB-02163E01243F.root [424,423]
/store/data/Run2017F/SingleElectron/RAW/v1/000/305/064/00000/80795887-18B1-E711-A8C0-02163E019D4A.root [636,634,635]
/store/data/Run2017F/SingleElectron/RAW/v1/000/305/064/00000/807F3EE0-69B1-E711-88EC-02163E01389B.root [1144,1143,1145,1141,1142]
/store/data/Run2017F/SingleElectron/RAW/v1/000/305/064/00000/80C70B2B-69B1-E711-8AC0-02163E01450D.root [688,690,689]
/store/data/Run2017F/SingleElectron/RAW/v1/000/305/064/00000/80CC92E9-69B1-E711-B87C-02163E019B82.root [1325,1323,1324,1321,1322]
/store/data/Run2017F/SingleElectron/RAW/v1/000/305/064/00000/82D68E90-FCB0-E711-8942-02163E01A4AB.root [120,119]
/store/data/Run2017F/SingleElectron/RAW/v1/000/305/064/00000/82F276FB-69B1-E711-9FD7-02163E014504.root [1733,1727,1729,1732,1730,1728,1731]
/store/data/Run2017F/SingleElectron/RAW/v1/000/305/064/00000/8415D3ED-14B1-E711-84DA-02163E0141E4.root [569,568,570]
/store/data/Run2017F/SingleElectron/RAW/v1/000/305/064/00000/84312CD8-69B1-E711-B48D-02163E014445.root [1218,1219,1217,1215,1216]
/store/data/Run2017F/SingleElectron/RAW/v1/000/305/064/00000/84487DDE-69B1-E711-B296-02163E0145EE.root [1696,1697,1695,1693,1692,1694,1698]
/store/data/Run2017F/SingleElectron/RAW/v1/000/305/064/00000/849948F1-03B1-E711-BD9B-02163E01A6F8.root [251,252]
/store/data/Run2017F/SingleElectron/RAW/v1/000/305/064/00000/84E16153-18B1-E711-AFB9-02163E01A5EF.root [631,632,633]
/store/data/Run2017F/SingleElectron/RAW/v1/000/305/064/00000/860400E9-69B1-E711-9868-02163E019B5C.root [1544,1547,1545,1543,1548,1546]
/store/data/Run2017F/SingleElectron/RAW/v1/000/305/064/00000/860A70EC-09B1-E711-B82D-02163E01A33B.root [360,359]
/store/data/Run2017F/SingleElectron/RAW/v1/000/305/064/00000/8655D2C3-11B1-E711-97EF-02163E0135A2.root [512,511]
/store/data/Run2017F/SingleElectron/RAW/v1/000/305/064/00000/8658A4E4-0CB1-E711-8362-02163E0128ED.root [419,420]
/store/data/Run2017F/SingleElectron/RAW/v1/000/305/064/00000/88453436-00B1-E711-A31C-02163E011C0B.root [178,177]
/store/data/Run2017F/SingleElectron/RAW/v1/000/305/064/00000/888CE358-69B1-E711-BD41-02163E01A272.root [868,869,870,867]
/store/data/Run2017F/SingleElectron/RAW/v1/000/305/064/00000/88B084FC-69B1-E711-8EF5-02163E019C9F.root [1462,1460,1459,1461,1463,1464]
/store/data/Run2017F/SingleElectron/RAW/v1/000/305/064/00000/88B73B68-FFB0-E711-B18D-02163E0127BB.root [174,173]
/store/data/Run2017F/SingleElectron/RAW/v1/000/305/064/00000/88BDEBD3-69B1-E711-A2A7-02163E0140FA.root [1176,1178,1177,1175,1179]
/store/data/Run2017F/SingleElectron/RAW/v1/000/305/064/00000/88DB762B-69B1-E711-B48D-02163E01A456.root [700,701,702]
/store/data/Run2017F/SingleElectron/RAW/v1/000/305/064/00000/88E7128D-69B1-E711-B035-02163E0135C3.root [1092,1093,1095,1091,1094]
/store/data/Run2017F/SingleElectron/RAW/v1/000/305/064/00000/8A531AF4-69B1-E711-81F8-02163E013522.root [1221,1223,1224,1222,1220]
/store/data/Run2017F/SingleElectron/RAW/v1/000/305/064/00000/8C0746F4-69B1-E711-9182-02163E0137BC.root [1277,1279,1276,1275,1278]
/store/data/Run2017F/SingleElectron/RAW/v1/000/305/064/00000/8E1150E9-04B1-E711-8F3F-02163E01420B.root [273,274]
/store/data/Run2017F/SingleElectron/RAW/v1/000/305/064/00000/8E74E403-F8B0-E711-BED2-02163E019E56.root [41,42]
/store/data/Run2017F/SingleElectron/RAW/v1/000/305/064/00000/8EACDCFC-69B1-E711-B6D7-02163E01243F.root [1295,1296,1297,1298,1299]
/store/data/Run2017F/SingleElectron/RAW/v1/000/305/064/00000/8EC4FFBC-69B1-E711-9C5F-02163E0140E2.root [1180,1182,1183,1181,1184]
/store/data/Run2017F/SingleElectron/RAW/v1/000/305/064/00000/8EEAA933-69B1-E711-9B79-02163E014555.root [948,950,949,947]
/store/data/Run2017F/SingleElectron/RAW/v1/000/305/064/00000/8EF6F065-02B1-E711-B973-02163E0142D7.root [219,220]
/store/data/Run2017F/SingleElectron/RAW/v1/000/305/064/00000/90618A6B-69B1-E711-9AB0-02163E019B3D.root [955,958,956,957]
/store/data/Run2017F/SingleElectron/RAW/v1/000/305/064/00000/907B65E9-FBB0-E711-B6FA-02163E0133F1.root [109,110]
/store/data/Run2017F/SingleElectron/RAW/v1/000/305/064/00000/909F4EEB-69B1-E711-B227-02163E0140ED.root [1785,1788,1787,1783,1789,1784,1786]
/store/data/Run2017F/SingleElectron/RAW/v1/000/305/064/00000/92111D77-69B1-E711-AB18-02163E0134B4.root [1034,1032,1031,1033]
/store/data/Run2017F/SingleElectron/RAW/v1/000/305/064/00000/921B911D-09B1-E711-9CF1-02163E01435B.root [352,351]
/store/data/Run2017F/SingleElectron/RAW/v1/000/305/064/00000/9237AA84-17B1-E711-8341-02163E01A589.root [617,616,618]
/store/data/Run2017F/SingleElectron/RAW/v1/000/305/064/00000/9292B832-69B1-E711-8F64-02163E013761.root [961,959,960,962]
/store/data/Run2017F/SingleElectron/RAW/v1/000/305/064/00000/929653AD-04B1-E711-B03B-02163E0144FC.root [269,270]
/store/data/Run2017F/SingleElectron/RAW/v1/000/305/064/00000/94295DF7-16B1-E711-AA90-02163E01A5AD.root [600,599,598]
/store/data/Run2017F/SingleElectron/RAW/v1/000/305/064/00000/94639923-6AB1-E711-9676-02163E01A4A5.root [1863,1864,1866,1867,1868,1869,1862,1865]
/store/data/Run2017F/SingleElectron/RAW/v1/000/305/064/00000/947E8540-69B1-E711-B1BC-02163E011C98.root [692,693,691]
/store/data/Run2017F/SingleElectron/RAW/v1/000/305/064/00000/94B58ADB-69B1-E711-88E0-02163E0142C9.root [1441,1444,1443,1446,1442,1445]
/store/data/Run2017F/SingleElectron/RAW/v1/000/305/064/00000/94FD9B13-15B1-E711-B39E-02163E019BB6.root [566,567,565]
/store/data/Run2017F/SingleElectron/RAW/v1/000/305/064/00000/98087680-69B1-E711-AF4E-02163E011B49.root [729,727,728]
/store/data/Run2017F/SingleElectron/RAW/v1/000/305/064/00000/9823E239-6AB1-E711-9EB1-02163E0146FC.root [1625,1624,1627,1622,1623,1626,1628]
/store/data/Run2017F/SingleElectron/RAW/v1/000/305/064/00000/984F2FB5-11B1-E711-A7C5-02163E014579.root [510,509]
/store/data/Run2017F/SingleElectron/RAW/v1/000/305/064/00000/98957EAD-F7B0-E711-B836-02163E0118EC.root [28,27]
/store/data/Run2017F/SingleElectron/RAW/v1/000/305/064/00000/98A893A2-F8B0-E711-B19B-02163E0136D9.root [49,50]
/store/data/Run2017F/SingleElectron/RAW/v1/000/305/064/00000/98F6D983-0AB1-E711-B20C-02163E01A4D6.root [371,372]
/store/data/Run2017F/SingleElectron/RAW/v1/000/305/064/00000/9A02D967-69B1-E711-8FF8-02163E01A1D3.root [841,842,840]
/store/data/Run2017F/SingleElectron/RAW/v1/000/305/064/00000/9A1A8558-69B1-E711-BE5A-02163E01A2DB.root [1053,1054,1052,1051]
/store/data/Run2017F/SingleElectron/RAW/v1/000/305/064/00000/9A953BE0-69B1-E711-B1A6-02163E0141F1.root [1585,1582,1583,1586,1587,1584,1588]
/store/data/Run2017F/SingleElectron/RAW/v1/000/305/064/00000/9AFFDAF8-10B1-E711-A48D-02163E0134E3.root [499,500]
/store/data/Run2017F/SingleElectron/RAW/v1/000/305/064/00000/9C09506D-07B1-E711-9544-02163E011C0B.root [320,321]
/store/data/Run2017F/SingleElectron/RAW/v1/000/305/064/00000/9C0D13EE-69B1-E711-AF47-02163E0144C5.root [1234,1231,1230,1233,1232]
/store/data/Run2017F/SingleElectron/RAW/v1/000/305/064/00000/9C3014E8-69B1-E711-907C-02163E01A77B.root [1668,1666,1669,1667,1670,1664,1665]
/store/data/Run2017F/SingleElectron/RAW/v1/000/305/064/00000/9C76BC21-6AB1-E711-BD1F-02163E019E7E.root [1270,1271,1272,1273,1274]
/store/data/Run2017F/SingleElectron/RAW/v1/000/305/064/00000/9C7FB83F-6AB1-E711-88CA-02163E013485.root [1506,1505,1504,1501,1503,1502]
/store/data/Run2017F/SingleElectron/RAW/v1/000/305/064/00000/9C90878D-F6B0-E711-A33F-02163E013530.root [13,14]
/store/data/Run2017F/SingleElectron/RAW/v1/000/305/064/00000/9CC9C2AF-69B1-E711-9B2B-02163E01A477.root [1157,1155,1159,1156,1158]
/store/data/Run2017F/SingleElectron/RAW/v1/000/305/064/00000/9E1EF7E2-69B1-E711-919E-02163E01A535.root [1650,1652,1654,1656,1651,1653,1655]
/store/data/Run2017F/SingleElectron/RAW/v1/000/305/064/00000/9E916758-07B1-E711-A967-02163E011CD7.root [301,302]
/store/data/Run2017F/SingleElectron/RAW/v1/000/305/064/00000/A09130C9-F8B0-E711-83EA-02163E019BA5.root [48,47]
/store/data/Run2017F/SingleElectron/RAW/v1/000/305/064/00000/A0B5DA2C-12B1-E711-A337-02163E0135FD.root [515,516]
/store/data/Run2017F/SingleElectron/RAW/v1/000/305/064/00000/A0C4AFF0-69B1-E711-8031-02163E012BAA.root [1304,1303,1300,1301,1302]
/store/data/Run2017F/SingleElectron/RAW/v1/000/305/064/00000/A0C51893-FEB0-E711-B4D3-02163E0134E0.root [153,154]
/store/data/Run2017F/SingleElectron/RAW/v1/000/305/064/00000/A234CD34-69B1-E711-8EAE-02163E014431.root [797,798,799]
/store/data/Run2017F/SingleElectron/RAW/v1/000/305/064/00000/A2646E77-69B1-E711-8E1D-02163E0134AA.root [1020,1022,1021,1019]
/store/data/Run2017F/SingleElectron/RAW/v1/000/305/064/00000/A26C6E00-6AB1-E711-BADC-02163E01344C.root [1553,1551,1549,1550,1552,1554]
/store/data/Run2017F/SingleElectron/RAW/v1/000/305/064/00000/A2A152CE-69B1-E711-9211-02163E019E4A.root [1305,1307,1310,1306,1308,1309]
/store/data/Run2017F/SingleElectron/RAW/v1/000/305/064/00000/A456ED20-0CB1-E711-ADE3-02163E019B48.root [406,405]
/store/data/Run2017F/SingleElectron/RAW/v1/000/305/064/00000/A45BEE4E-00B1-E711-9E20-02163E0136D9.root [179,180]
/store/data/Run2017F/SingleElectron/RAW/v1/000/305/064/00000/A47DA89C-12B1-E711-8758-02163E019BE6.root [526,525]
/store/data/Run2017F/SingleElectron/RAW/v1/000/305/064/00000/A4B57329-69B1-E711-A826-02163E01442B.root [666,665,664]
/store/data/Run2017F/SingleElectron/RAW/v1/000/305/064/00000/A4D39C57-F9B0-E711-BBB3-02163E019CED.root [68,67]
/store/data/Run2017F/SingleElectron/RAW/v1/000/305/064/00000/A6A477E3-69B1-E711-9E34-02163E0146B4.root [1390,1391,1392,1388,1389]
/store/data/Run2017F/SingleElectron/RAW/v1/000/305/064/00000/A6BCEA30-69B1-E711-9670-02163E014416.root [741,739,740]
/store/data/Run2017F/SingleElectron/RAW/v1/000/305/064/00000/A6C7E2B7-11B1-E711-B2D0-02163E01A714.root [503,504]
/store/data/Run2017F/SingleElectron/RAW/v1/000/305/064/00000/A6E59569-02B1-E711-AFCF-02163E0142D7.root [233,234]
/store/data/Run2017F/SingleElectron/RAW/v1/000/305/064/00000/A806EBF7-0FB1-E711-A862-02163E01A2E7.root [479,480]
/store/data/Run2017F/SingleElectron/RAW/v1/000/305/064/00000/A86238B9-18B1-E711-A1AD-02163E012298.root [641,640,642]
/store/data/Run2017F/SingleElectron/RAW/v1/000/305/064/00000/A867EE3E-69B1-E711-8AE2-02163E0128D7.root [1069,1070,1067,1068]
/store/data/Run2017F/SingleElectron/RAW/v1/000/305/064/00000/A87643DF-69B1-E711-ACEA-02163E011EBA.root [1511,1507,1512,1508,1510,1509]
/store/data/Run2017F/SingleElectron/RAW/v1/000/305/064/00000/A87DDB67-FCB0-E711-B6A7-02163E014628.root [116,115]
/store/data/Run2017F/SingleElectron/RAW/v1/000/305/064/00000/A8E26E17-18B1-E711-91C4-02163E0146BD.root [625,626,627]
/store/data/Run2017F/SingleElectron/RAW/v1/000/305/064/00000/AC1AE465-04B1-E711-8F73-02163E01375A.root [261,262]
/store/data/Run2017F/SingleElectron/RAW/v1/000/305/064/00000/AC23F77F-0AB1-E711-8939-02163E01A672.root [375,376]
/store/data/Run2017F/SingleElectron/RAW/v1/000/305/064/00000/AC5514EA-00B1-E711-ACD8-02163E0146DD.root [201,202]
/store/data/Run2017F/SingleElectron/RAW/v1/000/305/064/00000/AE5FA147-69B1-E711-AC35-02163E01A593.root [815,816,817]
/store/data/Run2017F/SingleElectron/RAW/v1/000/305/064/00000/AEBD638D-0DB1-E711-8979-02163E014149.root [439,440]
/store/data/Run2017F/SingleElectron/RAW/v1/000/305/064/00000/B00C7D35-69B1-E711-963B-02163E0139DA.root [848,846,847]
/store/data/Run2017F/SingleElectron/RAW/v1/000/305/064/00000/B010B3E6-69B1-E711-9A86-02163E019D30.root [1573,1572,1568,1570,1574,1571,1569]
/store/data/Run2017F/SingleElectron/RAW/v1/000/305/064/00000/B07B1F5D-12B1-E711-B041-02163E0122EB.root [527,528]
/store/data/Run2017F/SingleElectron/RAW/v1/000/305/064/00000/B207CAEF-69B1-E711-863E-02163E012533.root [1398,1393,1394,1395,1397,1396]
/store/data/Run2017F/SingleElectron/RAW/v1/000/305/064/00000/B2366229-69B1-E711-9F4D-02163E013640.root [714,712,713]
/store/data/Run2017F/SingleElectron/RAW/v1/000/305/064/00000/B282F507-6AB1-E711-BFE9-02163E01A275.root [1747,1743,1742,1744,1745,1746,1741]
/store/data/Run2017F/SingleElectron/RAW/v1/000/305/064/00000/B28D9BC4-0BB1-E711-BE09-02163E01A36D.root [400,399]
/store/data/Run2017F/SingleElectron/RAW/v1/000/305/064/00000/B2ED014B-69B1-E711-AB90-02163E01A75E.root [753,751,752]
/store/data/Run2017F/SingleElectron/RAW/v1/000/305/064/00000/B4054A0B-01B1-E711-B009-02163E0126C7.root [199,200]
/store/data/Run2017F/SingleElectron/RAW/v1/000/305/064/00000/B4BD5574-FCB0-E711-B60C-02163E014387.root [121,122]
/store/data/Run2017F/SingleElectron/RAW/v1/000/305/064/00000/B4BEE0B2-13B1-E711-B281-02163E01A3E3.root [548,547]
/store/data/Run2017F/SingleElectron/RAW/v1/000/305/064/00000/B6239DCA-FBB0-E711-A0A2-02163E0146A1.root [104,103]
/store/data/Run2017F/SingleElectron/RAW/v1/000/305/064/00000/B64D9575-FCB0-E711-B0AA-02163E014148.root [118,117]
/store/data/Run2017F/SingleElectron/RAW/v1/000/305/064/00000/B693CD3E-69B1-E711-B51D-02163E013927.root [903,906,904,905]
/store/data/Run2017F/SingleElectron/RAW/v1/000/305/064/00000/B6B1AA8E-F6B0-E711-BDBD-02163E0133DE.root [15,16]
/store/data/Run2017F/SingleElectron/RAW/v1/000/305/064/00000/B80BF4D9-69B1-E711-A58D-02163E0126B6.root [1917,1911,1913,1914,1915,1916,1910,1912]
/store/data/Run2017F/SingleElectron/RAW/v1/000/305/064/00000/B8303225-FDB0-E711-9048-02163E01A758.root [128,127]
/store/data/Run2017F/SingleElectron/RAW/v1/000/305/064/00000/B898728D-05B1-E711-A77A-02163E011F8F.root [290,289]
/store/data/Run2017F/SingleElectron/RAW/v1/000/305/064/00000/B8A2B71A-6AB1-E711-A146-02163E019CD0.root [1282,1284,1281,1283,1280]
/store/data/Run2017F/SingleElectron/RAW/v1/000/305/064/00000/B8D84654-07B1-E711-BDDF-02163E0140E4.root [318,319]
/store/data/Run2017F/SingleElectron/RAW/v1/000/305/064/00000/BA883975-69B1-E711-8D15-02163E01A48A.root [743,742,744]
/store/data/Run2017F/SingleElectron/RAW/v1/000/305/064/00000/BAFF2076-69B1-E711-B80D-02163E0141EC.root [1057,1055,1056,1058]
/store/data/Run2017F/SingleElectron/RAW/v1/000/305/064/00000/BC0AB042-15B1-E711-A77D-02163E011B39.root [580,582,581]
/store/data/Run2017F/SingleElectron/RAW/v1/000/305/064/00000/BC287584-FAB0-E711-8257-02163E01A59A.root [80,79]
/store/data/Run2017F/SingleElectron/RAW/v1/000/305/064/00000/BC359D81-FAB0-E711-A3ED-02163E019E22.root [83,84]
/store/data/Run2017F/SingleElectron/RAW/v1/000/305/064/00000/BC440E3D-69B1-E711-853A-02163E0126DD.root [671,670,672]
/store/data/Run2017F/SingleElectron/RAW/v1/000/305/064/00000/BC4EF528-69B1-E711-8ED6-02163E01399E.root [855,857,856,858]
/store/data/Run2017F/SingleElectron/RAW/v1/000/305/064/00000/BCDF482F-6AB1-E711-A18B-02163E019B6A.root [1906,1907,1904,1905,1909,1902,1903,1908]
/store/data/Run2017F/SingleElectron/RAW/v1/000/305/064/00000/BE34AA00-13B1-E711-9374-02163E019CBB.root [536,535]
/store/data/Run2017F/SingleElectron/RAW/v1/000/305/064/00000/BE6F2C99-0DB1-E711-9BCB-02163E011FBE.root [436,435]
/store/data/Run2017F/SingleElectron/RAW/v1/000/305/064/00000/BE97DB51-69B1-E711-9750-02163E01A5C9.root [833,834,835]
/store/data/Run2017F/SingleElectron/RAW/v1/000/305/064/00000/BEE825E3-69B1-E711-97C0-02163E01461E.root [1476,1472,1471,1473,1474,1475]
/store/data/Run2017F/SingleElectron/RAW/v1/000/305/064/00000/C006C726-6AB1-E711-A664-02163E01A4F1.root [1366,1368,1370,1369,1367]
/store/data/Run2017F/SingleElectron/RAW/v1/000/305/064/00000/C0417B7E-69B1-E711-ABB0-02163E0136AD.root [1104,1106,1107,1105]
/store/data/Run2017F/SingleElectron/RAW/v1/000/305/064/00000/C2039951-69B1-E711-998D-02163E01A59D.root [655,657,656]
/store/data/Run2017F/SingleElectron/RAW/v1/000/305/064/00000/C20C70D6-09B1-E711-A348-02163E01A5B0.root [361,362]
/store/data/Run2017F/SingleElectron/RAW/v1/000/305/064/00000/C21C6A2B-69B1-E711-BA59-02163E01A456.root [770,771,769]
/store/data/Run2017F/SingleElectron/RAW/v1/000/305/064/00000/C2BFB12B-6AB1-E711-B6F2-02163E01A1BC.root [1928,1930,1931,1926,1932,1929,1933,1927]
/store/data/Run2017F/SingleElectron/RAW/v1/000/305/064/00000/C2E5E7F7-0FB1-E711-843C-02163E012AF0.root [478,477]
/store/data/Run2017F/SingleElectron/RAW/v1/000/305/064/00000/C442D9D0-0EB1-E711-84EA-02163E01445F.root [453,454]
/store/data/Run2017F/SingleElectron/RAW/v1/000/305/064/00000/C479E711-6AB1-E711-8269-02163E019B44.root [1846,1849,1851,1850,1853,1852,1847,1848]
/store/data/Run2017F/SingleElectron/RAW/v1/000/305/064/00000/C4FB3AE7-69B1-E711-B339-02163E01398C.root [1870,1877,1871,1875,1873,1874,1876,1872]
/store/data/Run2017F/SingleElectron/RAW/v1/000/305/064/00000/C4FFE97F-69B1-E711-A140-02163E013501.root [1110,1111,1109,1108]
/store/data/Run2017F/SingleElectron/RAW/v1/000/305/064/00000/C661F7E0-69B1-E711-90A8-02163E013645.root [1797,1794,1795,1792,1793,1791,1790,1796]
/store/data/Run2017F/SingleElectron/RAW/v1/000/305/064/00000/C66A9DAB-13B1-E711-95C1-02163E013512.root [543,542,541]
/store/data/Run2017F/SingleElectron/RAW/v1/000/305/064/00000/C66D9879-01B1-E711-B5A6-02163E0139CE.root [208,207]
/store/data/Run2017F/SingleElectron/RAW/v1/000/305/064/00000/C6C4DC7F-69B1-E711-9573-02163E019D2E.root [1101,1100,1102,1103]
/store/data/Run2017F/SingleElectron/RAW/v1/000/305/064/00000/C6F5C42F-00B1-E711-965F-02163E019B4E.root [183,184]
/store/data/Run2017F/SingleElectron/RAW/v1/000/305/064/00000/C80B4DF4-18B1-E711-A2E9-02163E011DDB.root [644,645,643]
/store/data/Run2017F/SingleElectron/RAW/v1/000/305/064/00000/C82650E4-69B1-E711-9178-02163E01A4EF.root [1421,1417,1422,1418,1419,1420]
/store/data/Run2017F/SingleElectron/RAW/v1/000/305/064/00000/C82C0856-08B1-E711-A06E-02163E012640.root [332,333]
/store/data/Run2017F/SingleElectron/RAW/v1/000/305/064/00000/C8309955-69B1-E711-A215-02163E01A5F9.root [924,925,926,923]
/store/data/Run2017F/SingleElectron/RAW/v1/000/305/064/00000/C84818F3-0CB1-E711-94C9-02163E0125B5.root [426,425]
/store/data/Run2017F/SingleElectron/RAW/v1/000/305/064/00000/C84ABF8A-FEB0-E711-80CD-02163E01A70E.root [149,150]
/store/data/Run2017F/SingleElectron/RAW/v1/000/305/064/00000/C8BC3028-69B1-E711-833F-02163E0141F1.root [916,918,915,917]
/store/data/Run2017F/SingleElectron/RAW/v1/000/305/064/00000/C8BD4C6F-69B1-E711-9B29-02163E01A30D.root [748,749,750]
/store/data/Run2017F/SingleElectron/RAW/v1/000/305/064/00000/CA1AD098-03B1-E711-BB24-02163E011FA5.root [235,236]
/store/data/Run2017F/SingleElectron/RAW/v1/000/305/064/00000/CA6DCBE3-69B1-E711-8593-02163E014771.root [1601,1603,1602,1605,1607,1606,1604]
/store/data/Run2017F/SingleElectron/RAW/v1/000/305/064/00000/CA6ECF7F-F6B0-E711-B05D-02163E013566.root [1,2]
/store/data/Run2017F/SingleElectron/RAW/v1/000/305/064/00000/CAD62628-FDB0-E711-9A21-02163E014151.root [126,125]
/store/data/Run2017F/SingleElectron/RAW/v1/000/305/064/00000/CAD98925-0DB1-E711-823F-02163E0135A2.root [427,428]
/store/data/Run2017F/SingleElectron/RAW/v1/000/305/064/00000/CADB4529-69B1-E711-9549-02163E013640.root [668,669,667]
/store/data/Run2017F/SingleElectron/RAW/v1/000/305/064/00000/CAFAF5F4-69B1-E711-B63C-02163E01A5FF.root [1559,1556,1555,1557,1558,1560]
/store/data/Run2017F/SingleElectron/RAW/v1/000/305/064/00000/CC130992-FEB0-E711-9E8C-02163E01A6D6.root [155,156]
/store/data/Run2017F/SingleElectron/RAW/v1/000/305/064/00000/CC18E351-69B1-E711-9D6C-02163E01A5C9.root [760,762,761]
/store/data/Run2017F/SingleElectron/RAW/v1/000/305/064/00000/CC6D427A-69B1-E711-B9FF-02163E0142E3.root [1079,1080,1081,1082]
/store/data/Run2017F/SingleElectron/RAW/v1/000/305/064/00000/CC72F2E7-69B1-E711-AE70-02163E0146D5.root [1513,1514,1517,1518,1515,1516]
/store/data/Run2017F/SingleElectron/RAW/v1/000/305/064/00000/CC9FC50F-6AB1-E711-A219-02163E013768.root [1884,1880,1881,1879,1883,1885,1878,1882]
/store/data/Run2017F/SingleElectron/RAW/v1/000/305/064/00000/CCBA48DF-0BB1-E711-89AC-02163E01A698.root [398,397]
/store/data/Run2017F/SingleElectron/RAW/v1/000/305/064/00000/CE44AC3E-0DB1-E711-805E-02163E01389B.root [431,432]
/store/data/Run2017F/SingleElectron/RAW/v1/000/305/064/00000/CEB86F2C-6AB1-E711-B81D-02163E01A1F9.root [1255,1256,1257,1258,1259]
/store/data/Run2017F/SingleElectron/RAW/v1/000/305/064/00000/CEC45B79-02B1-E711-A9D4-02163E013419.root [227,228]
/store/data/Run2017F/SingleElectron/RAW/v1/000/305/064/00000/CECAAD53-F8B0-E711-AF54-02163E013478.root [43,44]
/store/data/Run2017F/SingleElectron/RAW/v1/000/305/064/00000/CECF0820-03B1-E711-8BF4-02163E01A475.root [238,237]
/store/data/Run2017F/SingleElectron/RAW/v1/000/305/064/00000/CEDB528F-01B1-E711-BA6A-02163E014651.root [203,204]
/store/data/Run2017F/SingleElectron/RAW/v1/000/305/064/00000/CEF7C371-69B1-E711-9B67-02163E01A487.root [852,853,854]
/store/data/Run2017F/SingleElectron/RAW/v1/000/305/064/00000/CEFFC02A-6AB1-E711-95F1-02163E01A329.root [1316,1317,1318,1319,1320]
/store/data/Run2017F/SingleElectron/RAW/v1/000/305/064/00000/D005FAE9-69B1-E711-B88C-02163E0138EF.root [1288,1289,1287,1285,1286]
/store/data/Run2017F/SingleElectron/RAW/v1/000/305/064/00000/D01A2B4F-69B1-E711-8DB1-02163E01A683.root [776,777,775]
/store/data/Run2017F/SingleElectron/RAW/v1/000/305/064/00000/D0687926-69B1-E711-A525-02163E01399E.root [879,881,880,882]
/store/data/Run2017F/SingleElectron/RAW/v1/000/305/064/00000/D0CC536A-69B1-E711-9DB9-02163E01A6D2.root [1063,1064,1065,1066]
/store/data/Run2017F/SingleElectron/RAW/v1/000/305/064/00000/D2138FF2-0CB1-E711-B3CD-02163E019D87.root [410,409]
/store/data/Run2017F/SingleElectron/RAW/v1/000/305/064/00000/D2AA9DD0-06B1-E711-A83B-02163E014648.root [298,297]
/store/data/Run2017F/SingleElectron/RAW/v1/000/305/064/00000/D2C5E96C-F9B0-E711-BEE1-02163E01A685.root [59,60]
/store/data/Run2017F/SingleElectron/RAW/v1/000/305/064/00000/D4538A0B-0CB1-E711-A079-02163E01459B.root [407,408]
/store/data/Run2017F/SingleElectron/RAW/v1/000/305/064/00000/D60DFCED-69B1-E711-8D6E-02163E011E2B.root [1887,1892,1888,1890,1891,1886,1889,1893]
/store/data/Run2017F/SingleElectron/RAW/v1/000/305/064/00000/D640DE4C-69B1-E711-8755-02163E019B52.root [892,893,891,894]
/store/data/Run2017F/SingleElectron/RAW/v1/000/305/064/00000/D6444CCF-06B1-E711-B4AF-02163E013522.root [307,308]
/store/data/Run2017F/SingleElectron/RAW/v1/000/305/064/00000/D84541D6-0CB1-E711-A7F3-02163E013405.root [411,412]
/store/data/Run2017F/SingleElectron/RAW/v1/000/305/064/00000/D86D6E80-08B1-E711-8F80-02163E01A754.root [327,326]
/store/data/Run2017F/SingleElectron/RAW/v1/000/305/064/00000/DA2DC9EF-17B1-E711-B4BB-02163E019E20.root [628,630,629]
/store/data/Run2017F/SingleElectron/RAW/v1/000/305/064/00000/DA46E59A-FBB0-E711-9FA0-02163E013504.root [96,95]
/store/data/Run2017F/SingleElectron/RAW/v1/000/305/064/00000/DA9B2BFF-69B1-E711-9E7A-02163E01A3BE.root [1351,1352,1354,1353,1355]
/store/data/Run2017F/SingleElectron/RAW/v1/000/305/064/00000/DA9E335E-69B1-E711-BFED-02163E01194C.root [807,808,806]
/store/data/Run2017F/SingleElectron/RAW/v1/000/305/064/00000/DAA184F5-69B1-E711-82E8-02163E019B59.root [1326,1327,1329,1330,1328]
/store/data/Run2017F/SingleElectron/RAW/v1/000/305/064/00000/DABC1384-04B1-E711-B3B5-02163E014245.root [268,267]
/store/data/Run2017F/SingleElectron/RAW/v1/000/305/064/00000/DAE55EE1-00B1-E711-8CC1-02163E013910.root [198,197]
/store/data/Run2017F/SingleElectron/RAW/v1/000/305/064/00000/DAF6B376-05B1-E711-88E0-02163E01397E.root [285,286]
/store/data/Run2017F/SingleElectron/RAW/v1/000/305/064/00000/DC21142B-69B1-E711-988A-02163E01450D.root [768,767,766]
/store/data/Run2017F/SingleElectron/RAW/v1/000/305/064/00000/DC474227-FBB0-E711-ABE1-02163E01A781.root [88,87]
/store/data/Run2017F/SingleElectron/RAW/v1/000/305/064/00000/DC6B147C-69B1-E711-96E1-02163E0134CA.root [1132,1128,1130,1129,1131]
/store/data/Run2017F/SingleElectron/RAW/v1/000/305/064/00000/DC85B782-05B1-E711-97A6-02163E011F28.root [287,288]
/store/data/Run2017F/SingleElectron/RAW/v1/000/305/064/00000/DCB78681-0AB1-E711-A3B9-02163E013842.root [377,378]
/store/data/Run2017F/SingleElectron/RAW/v1/000/305/064/00000/DCCC299E-F9B0-E711-802F-02163E019D98.root [63,64]
/store/data/Run2017F/SingleElectron/RAW/v1/000/305/064/00000/DCEF782F-69B1-E711-AE3C-02163E014251.root [872,873,874,871]
/store/data/Run2017F/SingleElectron/RAW/v1/000/305/064/00000/DCF436D3-16B1-E711-A5F3-02163E01A3CB.root [595,596,597]
/store/data/Run2017F/SingleElectron/RAW/v1/000/305/064/00000/DE3CDD7F-0BB1-E711-9304-02163E011F8F.root [388,387]
/store/data/Run2017F/SingleElectron/RAW/v1/000/305/064/00000/E01EEBDE-69B1-E711-9FAA-02163E0126B6.root [1227,1225,1229,1228,1226]
/store/data/Run2017F/SingleElectron/RAW/v1/000/305/064/00000/E03B7A16-0EB1-E711-9F10-02163E0118B0.root [446,445]
/store/data/Run2017F/SingleElectron/RAW/v1/000/305/064/00000/E0FF7B58-15B1-E711-A10E-02163E01A6AE.root [577,579,578]
/store/data/Run2017F/SingleElectron/RAW/v1/000/305/064/00000/E2757E1F-6AB1-E711-8141-02163E01A56A.root [1968,1969,1966,1967,1970,1971,1972,1973]
/store/data/Run2017F/SingleElectron/RAW/v1/000/305/064/00000/E29A3A32-12B1-E711-B125-02163E0135FD.root [518,517]
/store/data/Run2017F/SingleElectron/RAW/v1/000/305/064/00000/E29FB3BB-F6B0-E711-8865-02163E01A459.root [11,12]
/store/data/Run2017F/SingleElectron/RAW/v1/000/305/064/00000/E2A33199-FBB0-E711-AAD1-02163E01A257.root [91,92]
/store/data/Run2017F/SingleElectron/RAW/v1/000/305/064/00000/E2A6D973-F8B0-E711-AD8D-02163E01A4BE.root [45,46]
/store/data/Run2017F/SingleElectron/RAW/v1/000/305/064/00000/E2C98A6A-0FB1-E711-9869-02163E0119C6.root [470,469,468]
/store/data/Run2017F/SingleElectron/RAW/v1/000/305/064/00000/E2D3329A-0FB1-E711-84BC-02163E012036.root [466,467,465]
/store/data/Run2017F/SingleElectron/RAW/v1/000/305/064/00000/E2F68CE0-69B1-E711-B386-02163E013501.root [1262,1261,1260,1263,1264]
/store/data/Run2017F/SingleElectron/RAW/v1/000/305/064/00000/E404D231-69B1-E711-8078-02163E01344C.root [878,875,876,877]
/store/data/Run2017F/SingleElectron/RAW/v1/000/305/064/00000/E4191BB6-0EB1-E711-A167-02163E011BB2.root [451,452]
/store/data/Run2017F/SingleElectron/RAW/v1/000/305/064/00000/E4BDBFE9-69B1-E711-8BE1-02163E01435B.root [1920,1918,1923,1924,1921,1922,1925,1919]
/store/data/Run2017F/SingleElectron/RAW/v1/000/305/064/00000/E636635D-69B1-E711-99D3-02163E0142C1.root [997,998,995,996]
/store/data/Run2017F/SingleElectron/RAW/v1/000/305/064/00000/E64B497A-10B1-E711-A3A0-02163E01A721.root [490,489]
/store/data/Run2017F/SingleElectron/RAW/v1/000/305/064/00000/E64C58B6-69B1-E711-8087-02163E01290C.root [1085,1084,1086,1083]
/store/data/Run2017F/SingleElectron/RAW/v1/000/305/064/00000/E6536179-69B1-E711-8412-02163E011E92.root [1116,1119,1118,1117]
/store/data/Run2017F/SingleElectron/RAW/v1/000/305/064/00000/E653C388-16B1-E711-B0F1-02163E0144E3.root [593,594,592]
/store/data/Run2017F/SingleElectron/RAW/v1/000/305/064/00000/E6853627-69B1-E711-AA4A-02163E0119AA.root [773,772,774]
/store/data/Run2017F/SingleElectron/RAW/v1/000/305/064/00000/E695D921-0CB1-E711-98A6-02163E01A3B4.root [402,401]
/store/data/Run2017F/SingleElectron/RAW/v1/000/305/064/00000/E821E543-00B1-E711-BB2E-02163E0133A4.root [187,188]
/store/data/Run2017F/SingleElectron/RAW/v1/000/305/064/00000/E84EC163-FAB0-E711-8674-02163E01A277.root [77,78]
/store/data/Run2017F/SingleElectron/RAW/v1/000/305/064/00000/E88E3F15-03B1-E711-AD99-02163E01430D.root [239,240]
/store/data/Run2017F/SingleElectron/RAW/v1/000/305/064/00000/E8AE76E4-09B1-E711-B05D-02163E01A291.root [364,363]
/store/data/Run2017F/SingleElectron/RAW/v1/000/305/064/00000/EA370A07-05B1-E711-B091-02163E01A4C8.root [272,271]
/store/data/Run2017F/SingleElectron/RAW/v1/000/305/064/00000/EA6FCB23-F9B0-E711-B846-02163E014342.root [53,54]
/store/data/Run2017F/SingleElectron/RAW/v1/000/305/064/00000/EC103EE3-69B1-E711-9C61-02163E013706.root [1636,1640,1642,1638,1637,1639,1641]
/store/data/Run2017F/SingleElectron/RAW/v1/000/305/064/00000/EC59AEAE-12B1-E711-8B2A-02163E011A03.root [531,532]
/store/data/Run2017F/SingleElectron/RAW/v1/000/305/064/00000/EC6C3D29-05B1-E711-9753-02163E019D7B.root [275,276]
/store/data/Run2017F/SingleElectron/RAW/v1/000/305/064/00000/EC765129-69B1-E711-90B4-02163E0119D7.root [735,733,734]
/store/data/Run2017F/SingleElectron/RAW/v1/000/305/064/00000/EC77CCFA-16B1-E711-B757-02163E01A4A4.root [606,605,604]
/store/data/Run2017F/SingleElectron/RAW/v1/000/305/064/00000/EC8AE903-6AB1-E711-B749-02163E014274.root [1614,1611,1610,1612,1608,1609,1613]
/store/data/Run2017F/SingleElectron/RAW/v1/000/305/064/00000/EE1351AA-17B1-E711-AB25-02163E014391.root [619,620,621]
/store/data/Run2017F/SingleElectron/RAW/v1/000/305/064/00000/EE301031-69B1-E711-AA82-02163E01396F.root [694,695,696]
/store/data/Run2017F/SingleElectron/RAW/v1/000/305/064/00000/EEAA90D1-69B1-E711-9128-02163E0136B3.root [1205,1206,1208,1209,1207]
/store/data/Run2017F/SingleElectron/RAW/v1/000/305/064/00000/EEEBA214-FCB0-E711-9563-02163E019BEC.root [107,108]
/store/data/Run2017F/SingleElectron/RAW/v1/000/305/064/00000/F0238580-69B1-E711-B919-02163E0128D7.root [1120,1121,1122,1123]
/store/data/Run2017F/SingleElectron/RAW/v1/000/305/064/00000/F0745598-03B1-E711-A40D-02163E01A758.root [246,245]
/store/data/Run2017F/SingleElectron/RAW/v1/000/305/064/00000/F0C94415-06B1-E711-BC84-02163E0127EB.root [292,291]
/store/data/Run2017F/SingleElectron/RAW/v1/000/305/064/00000/F2223327-69B1-E711-B52A-02163E0119AA.root [703,704,705]
/store/data/Run2017F/SingleElectron/RAW/v1/000/305/064/00000/F269F30C-FAB0-E711-A1DB-02163E01A54B.root [72,71]
/store/data/Run2017F/SingleElectron/RAW/v1/000/305/064/00000/F29A4305-FEB0-E711-89AD-02163E0145E8.root [136,135]
/store/data/Run2017F/SingleElectron/RAW/v1/000/305/064/00000/F29A72E9-17B1-E711-8978-02163E019BEC.root [624,622,623]
/store/data/Run2017F/SingleElectron/RAW/v1/000/305/064/00000/F2AEEE6B-69B1-E711-815B-02163E0136B0.root [778,781,780,779]
/store/data/Run2017F/SingleElectron/RAW/v1/000/305/064/00000/F2CEC604-6AB1-E711-8123-02163E01A46D.root [1494,1489,1490,1492,1491,1493]
/store/data/Run2017F/SingleElectron/RAW/v1/000/305/064/00000/F2E132EF-69B1-E711-B7A7-02163E0143E3.root [1844,1842,1841,1840,1838,1839,1843,1845]
/store/data/Run2017F/SingleElectron/RAW/v1/000/305/064/00000/F2FCBB96-0AB1-E711-B34F-02163E011F03.root [373,374]
/store/data/Run2017F/SingleElectron/RAW/v1/000/305/064/00000/F417BA76-69B1-E711-9536-02163E011C39.root [1024,1026,1023,1025]
/store/data/Run2017F/SingleElectron/RAW/v1/000/305/064/00000/F46693CB-05B1-E711-BF59-02163E011E92.root [260,259]
/store/data/Run2017F/SingleElectron/RAW/v1/000/305/064/00000/F466EB64-69B1-E711-A21C-02163E01A598.root [992,991,994,993]
/store/data/Run2017F/SingleElectron/RAW/v1/000/305/064/00000/F4AFA91D-FFB0-E711-A405-02163E019CFA.root [166,165]
/store/data/Run2017F/SingleElectron/RAW/v1/000/305/064/00000/F646823F-07B1-E711-A528-02163E01423F.root [316,317]
/store/data/Run2017F/SingleElectron/RAW/v1/000/305/064/00000/F664405C-0EB1-E711-9E0D-02163E0145E8.root [447,448]
/store/data/Run2017F/SingleElectron/RAW/v1/000/305/064/00000/F6B74C75-FFB0-E711-9847-02163E0137FF.root [169,170]
/store/data/Run2017F/SingleElectron/RAW/v1/000/305/064/00000/F83478A1-F6B0-E711-B485-02163E01423C.root [10,9]
/store/data/Run2017F/SingleElectron/RAW/v1/000/305/064/00000/F85E0021-F7B0-E711-A4F2-02163E011A67.root [18,17]
/store/data/Run2017F/SingleElectron/RAW/v1/000/305/064/00000/F886F2E3-69B1-E711-9727-02163E014621.root [1480,1478,1481,1482,1477,1479]
/store/data/Run2017F/SingleElectron/RAW/v1/000/305/064/00000/F8AF4969-69B1-E711-BC72-02163E01A34A.root [805,804,803]
/store/data/Run2017F/SingleElectron/RAW/v1/000/305/064/00000/F8FBE606-6AB1-E711-A000-02163E011A27.root [1126,1127,1125,1124]
/store/data/Run2017F/SingleElectron/RAW/v1/000/305/064/00000/FA019542-69B1-E711-98C8-02163E01A7A3.root [707,708,706]
/store/data/Run2017F/SingleElectron/RAW/v1/000/305/064/00000/FA3D25F3-69B1-E711-8BDE-02163E0137E2.root [1803,1798,1802,1805,1800,1801,1804,1799]
/store/data/Run2017F/SingleElectron/RAW/v1/000/305/064/00000/FA415D1B-6AB1-E711-A8A3-02163E0138F8.root [1657,1662,1658,1659,1660,1661,1663]
/store/data/Run2017F/SingleElectron/RAW/v1/000/305/064/00000/FA5F0C7C-69B1-E711-9C76-02163E01A552.root [939,940,941,942]
/store/data/Run2017F/SingleElectron/RAW/v1/000/305/064/00000/FA8C7A49-10B1-E711-9047-02163E019C1A.root [481,482]
/store/data/Run2017F/SingleElectron/RAW/v1/000/305/064/00000/FA955A74-FCB0-E711-8B66-02163E013405.root [113,114]
/store/data/Run2017F/SingleElectron/RAW/v1/000/305/064/00000/FA9CB7B0-15B1-E711-A506-02163E019D19.root [586,588,587]
/store/data/Run2017F/SingleElectron/RAW/v1/000/305/064/00000/FABF830E-00B1-E711-985B-02163E019B61.root [176,175]
/store/data/Run2017F/SingleElectron/RAW/v1/000/305/064/00000/FAC9A55A-69B1-E711-9DA5-02163E01A607.root [1017,1018,1015,1016]
/store/data/Run2017F/SingleElectron/RAW/v1/000/305/064/00000/FACE064A-05B1-E711-A83F-02163E0140F5.root [284,283]
/store/data/Run2017F/SingleElectron/RAW/v1/000/305/064/00000/FACF5FEF-69B1-E711-AD4A-02163E014266.root [1984,1986,1987,1989,1982,1985,1983,1988,1990]
/store/data/Run2017F/SingleElectron/RAW/v1/000/305/064/00000/FC81BE2B-11B1-E711-B503-02163E019C70.root [501,502]
/store/data/Run2017F/SingleElectron/RAW/v1/000/305/064/00000/FC85F060-69B1-E711-999A-02163E019BE7.root [1029,1027,1030,1028]
/store/data/Run2017F/SingleElectron/RAW/v1/000/305/064/00000/FCD527B7-13B1-E711-A64A-02163E01375A.root [545,546,544]
/store/data/Run2017F/SingleElectron/RAW/v1/000/305/064/00000/FE0C90D6-FDB0-E711-9DB0-02163E0142B0.root [139,140]
/store/data/Run2017F/SingleElectron/RAW/v1/000/305/064/00000/FE292A7C-14B1-E711-A94B-02163E0142E4.root [563,564,562]
/store/data/Run2017F/SingleElectron/RAW/v1/000/305/064/00000/FE31BBFB-69B1-E711-9A98-02163E014323.root [1456,1455,1457,1453,1454,1458]
/store/data/Run2017F/SingleElectron/RAW/v1/000/305/064/00000/FE644108-0EB1-E711-B6D2-02163E0140E4.root [444,443]
/store/data/Run2017F/SingleElectron/RAW/v1/000/305/064/00000/FE9C375B-69B1-E711-853E-02163E01A72C.root [673,674,675]
/store/data/Run2017F/SingleElectron/RAW/v1/000/305/064/00000/FEA0594E-69B1-E711-9526-02163E01A683.root [831,830,832]
