/store/data/Run2024D/MuonEG/RAW/v1/000/380/306/00000/05fa6f58-3be8-49f7-a81b-52598c51e339.root 380306 [142,143,140,141]
/store/data/Run2024D/MuonEG/RAW/v1/000/380/306/00000/0e260e39-6fed-4b28-a62c-d77ca93ad2e9.root 380306 [225,224,226,227]
/store/data/Run2024D/MuonEG/RAW/v1/000/380/306/00000/14992891-1639-4848-bba1-d672c1c0d8ed.root 380306 [149,148,150,151]
/store/data/Run2024D/MuonEG/RAW/v1/000/380/306/00000/188e0af5-87bf-40e7-ab08-eaeb36454d90.root 380306 [174,173,172,175]
/store/data/Run2024D/MuonEG/RAW/v1/000/380/306/00000/18a9cc32-8050-4b7f-b983-4783f0176357.root 380306 [86,85,83,87,84]
/store/data/Run2024D/MuonEG/RAW/v1/000/380/306/00000/1b38f8bc-fa23-46fa-b6f4-022450dd2f35.root 380306 [188,190,189]
/store/data/Run2024D/MuonEG/RAW/v1/000/380/306/00000/1d9c7b6b-f311-4ef4-a70a-9a5627ef0fc9.root 380306 [125,127,126]
/store/data/Run2024D/MuonEG/RAW/v1/000/380/306/00000/1f508e8d-7a77-4535-b5fe-2fc5a467587b.root 380306 [241,242,243,240]
/store/data/Run2024D/MuonEG/RAW/v1/000/380/306/00000/1f6852b1-d66a-4d4c-961a-dd12481aaf1d.root 380306 [163,160,161,162]
/store/data/Run2024D/MuonEG/RAW/v1/000/380/306/00000/20809d81-b041-49b0-8e89-66b1b6f53c1f.root 380306 [236,237,238,239]
/store/data/Run2024D/MuonEG/RAW/v1/000/380/306/00000/22bed04f-f2a5-458c-997a-97e07a590a13.root 380306 [91,90,88,89]
/store/data/Run2024D/MuonEG/RAW/v1/000/380/306/00000/286ac179-e1de-413f-8cb1-60be1cc25e99.root 380306 [93,96,92,94,95]
/store/data/Run2024D/MuonEG/RAW/v1/000/380/306/00000/2c554721-4570-46f2-8f53-11e1c2e5cb48.root 380306 [144,145,147,146]
/store/data/Run2024D/MuonEG/RAW/v1/000/380/306/00000/2d652beb-8ae4-495e-ab62-9ef0b0f31676.root 380306 [216,217,218,219]
/store/data/Run2024D/MuonEG/RAW/v1/000/380/306/00000/2df5d526-3724-4791-96a0-332f5e0927ce.root 380306 [211,209,210,208]
/store/data/Run2024D/MuonEG/RAW/v1/000/380/306/00000/3891e1bc-aa81-4994-8a2b-9d66bb9781b2.root 380306 [244,246,248,245,247]
/store/data/Run2024D/MuonEG/RAW/v1/000/380/306/00000/3d1f3685-c255-4eea-b4a7-fc759e8db456.root 380306 [212,214,213,215]
/store/data/Run2024D/MuonEG/RAW/v1/000/380/306/00000/41e76413-3140-415a-b438-75f02220f45e.root 380306 [109,112,110,111]
/store/data/Run2024D/MuonEG/RAW/v1/000/380/306/00000/42941ef9-4763-4576-b86f-3ac7c724284a.root 380306 [182,180,183,181]
/store/data/Run2024D/MuonEG/RAW/v1/000/380/306/00000/44bc72c0-6042-4823-9d58-2724778b652b.root 380306 [269,268]
/store/data/Run2024D/MuonEG/RAW/v1/000/380/306/00000/4bd7dd5a-e331-4f70-b3ab-ed4d66046ba0.root 380306 [187,186,185,184]
/store/data/Run2024D/MuonEG/RAW/v1/000/380/306/00000/4c4beb7a-10e2-430a-90ef-0e2152727354.root 380306 [154,155,152,153]
/store/data/Run2024D/MuonEG/RAW/v1/000/380/306/00000/522f0d1a-7ad9-411f-abb1-dc30cc2a63bd.root 380306 [73,68,71,70,66,69,72,67]
/store/data/Run2024D/MuonEG/RAW/v1/000/380/306/00000/53ebb513-e69e-430d-8a81-613c4550f691.root 380306 [113,115,114,116]
/store/data/Run2024D/MuonEG/RAW/v1/000/380/306/00000/548c3ba8-0a94-444b-9a86-9f0379f9083b.root 380306 [204,207,205,206]
/store/data/Run2024D/MuonEG/RAW/v1/000/380/306/00000/5c0818f9-729c-489a-889a-488faaecc090.root 380306 [193,192,191]
/store/data/Run2024D/MuonEG/RAW/v1/000/380/306/00000/5e24f987-4b7c-407c-a21d-85d1a0dae0cb.root 380306 [63,62,65,59,60,64,58,61]
/store/data/Run2024D/MuonEG/RAW/v1/000/380/306/00000/6c9798bb-d0bc-48a6-970b-ae09d42e6069.root 380306 [257,259,258]
/store/data/Run2024D/MuonEG/RAW/v1/000/380/306/00000/74ef0e24-c46c-41ea-af89-ec2ebbdeae7f.root 380306 [249,251,252,250]
/store/data/Run2024D/MuonEG/RAW/v1/000/380/306/00000/8741466a-0723-4446-88d0-d6816b3a3955.root 380306 [228,229,231,230]
/store/data/Run2024D/MuonEG/RAW/v1/000/380/306/00000/8804e71b-0ea7-4fb7-bbae-99d247f5096b.root 380306 [199,198,197,200]
/store/data/Run2024D/MuonEG/RAW/v1/000/380/306/00000/8b002cb7-79bc-41be-a453-3b37c50cc9d1.root 380306 [266,264,265,267]
/store/data/Run2024D/MuonEG/RAW/v1/000/380/306/00000/975f144d-be0f-4183-90d1-ab3453d0c7d3.root 380306 [11,9,10,8,7]
/store/data/Run2024D/MuonEG/RAW/v1/000/380/306/00000/97d0e4f7-b0dc-4565-b0b5-72e9cd4caba9.root 380306 [156,158,159,157]
/store/data/Run2024D/MuonEG/RAW/v1/000/380/306/00000/9946b27f-6319-46be-b950-94d5f8458c9c.root 380306 [52,50,54,57,53,55,51,56]
/store/data/Run2024D/MuonEG/RAW/v1/000/380/306/00000/9fae5e2e-18f3-4575-9ded-77f697b2fc6a.root 380306 [26,29,41,48,23,24,30,40,17,18,21,32,35,44,46,15,20,31,39,47,49,19,27,37,13,14,16,22,25,28,34,36,38,43,33,42,45]
/store/data/Run2024D/MuonEG/RAW/v1/000/380/306/00000/a212bd82-0e66-414a-82aa-37ff3492d187.root 380306 [128,129,130,131]
/store/data/Run2024D/MuonEG/RAW/v1/000/380/306/00000/aa88dcc8-f0c5-4459-b7b3-6ff9cd42cafc.root 380306 [99,98,100,97]
/store/data/Run2024D/MuonEG/RAW/v1/000/380/306/00000/b0c81e3f-448e-46ad-a9c0-40d2d0a9a676.root 380306 [221,223,220,222]
/store/data/Run2024D/MuonEG/RAW/v1/000/380/306/00000/b1a1b02e-f024-4f15-9632-60b821f746a7.root 380306 [176,179,178,177]
/store/data/Run2024D/MuonEG/RAW/v1/000/380/306/00000/b208be5e-614f-4a63-b5f1-ca474088fbea.root 380306 [74,77,78,76,81,75,79,80,82]
/store/data/Run2024D/MuonEG/RAW/v1/000/380/306/00000/bbc40e3d-73fc-4ca8-81ea-52a4c3887239.root 380306 [232,235,233,234]
/store/data/Run2024D/MuonEG/RAW/v1/000/380/306/00000/c74ebee2-074d-4f2d-affb-43b0d93647d9.root 380306 [255,254,256,253]
/store/data/Run2024D/MuonEG/RAW/v1/000/380/306/00000/ce13ed64-38fc-4184-9877-2819ee852a53.root 380306 [122,123,124,121]
/store/data/Run2024D/MuonEG/RAW/v1/000/380/306/00000/d5ab4a1f-3d3c-4437-8c74-2d6aadfc84c9.root 380306 [139,137,138,136]
/store/data/Run2024D/MuonEG/RAW/v1/000/380/306/00000/d5d78f6b-abcf-4851-98a1-106b97e95956.root 380306 [106,108,107,105]
/store/data/Run2024D/MuonEG/RAW/v1/000/380/306/00000/d69645e7-c952-47d9-b908-50ecda3609b4.root 380306 [203,201,202]
/store/data/Run2024D/MuonEG/RAW/v1/000/380/306/00000/d76e0d6e-4c7c-4922-89a8-1a11498234d0.root 380306 [117,119,118,120]
/store/data/Run2024D/MuonEG/RAW/v1/000/380/306/00000/d8eabc01-7b30-41a9-89dd-69e95710cdec.root 380306 [164,167,166,165]
/store/data/Run2024D/MuonEG/RAW/v1/000/380/306/00000/e183446f-5ed2-4d55-b2c6-3038be233cd6.root 380306 [194,195,196]
/store/data/Run2024D/MuonEG/RAW/v1/000/380/306/00000/e4087528-612a-4f60-9c46-1ee2ecc1b8b9.root 380306 [263,262,261,260]
/store/data/Run2024D/MuonEG/RAW/v1/000/380/306/00000/e6aec692-fb29-4db2-8512-e5d985ee5b95.root 380306 [104,102,103,101]
/store/data/Run2024D/MuonEG/RAW/v1/000/380/306/00000/e9eff609-7f52-46ff-bc6d-01e16ee9b0d6.root 380306 [169,171,170,168]
/store/data/Run2024D/MuonEG/RAW/v1/000/380/306/00000/eaffd865-5377-4d69-839e-c5307d8b57f2.root 380306 [133,132,134,135]
/store/data/Run2024D/MuonEG/RAW/v1/000/380/306/00000/efd4026a-bbd3-413d-bb49-3ed1710e7c4d.root 380306 [3,5,2,1,4]
/store/data/Run2024D/MuonEG/RAW/v1/000/380/308/00000/187985ee-7bed-438b-8e51-b07c2fa674a1.root 380308 [19,22,20,21]
/store/data/Run2024D/MuonEG/RAW/v1/000/380/308/00000/2be5b6b7-d982-4286-b06f-ed063391958e.root 380308 [33,32,31,34]
/store/data/Run2024D/MuonEG/RAW/v1/000/380/308/00000/344a0f32-6e14-4861-bbaf-9141a9ce3f4b.root 380308 [8,9,7,10]
/store/data/Run2024D/MuonEG/RAW/v1/000/380/308/00000/63cb1788-bb97-4fa8-8cc6-3a3d0c5ca524.root 380308 [35]
/store/data/Run2024D/MuonEG/RAW/v1/000/380/308/00000/749be573-e77d-4bb7-9304-12bf0b386b73.root 380308 [11,12,14,13]
/store/data/Run2024D/MuonEG/RAW/v1/000/380/308/00000/b54bae51-5a5b-4e4e-8b73-c7a4dd6a299b.root 380308 [28,29,27,30]
/store/data/Run2024D/MuonEG/RAW/v1/000/380/308/00000/b7d1a1db-b8e2-419c-83a4-140c6598514b.root 380308 [3,1,5,2,4,6]
/store/data/Run2024D/MuonEG/RAW/v1/000/380/308/00000/e085ce5f-a188-48e4-ac90-15ab6df3869c.root 380308 [24,26,23,25]
/store/data/Run2024D/MuonEG/RAW/v1/000/380/308/00000/e4fdead1-5e19-4453-bf92-03e248e07fc7.root 380308 [16,17,15,18]
