/store/data/Run2016H/SinglePhoton/RAW/v1/000/283/877/00000/001917A8-AD9B-E611-AB59-02163E011B08.root [1272,1265,1266,1269,1268,1271,1274,1267,1275,1270,1276,1273]
/store/data/Run2016H/SinglePhoton/RAW/v1/000/283/877/00000/027202B3-AC9B-E611-B72C-02163E01437D.root [636,644,639,646,638,643,647,637,640,641,645,642]
/store/data/Run2016H/SinglePhoton/RAW/v1/000/283/877/00000/042FACF8-999B-E611-8872-02163E0143D9.root [371,373,372,370,374,367,375,368,369]
/store/data/Run2016H/SinglePhoton/RAW/v1/000/283/877/00000/04A0390F-AD9B-E611-89C0-FA163EB842A1.root [1237,1239,1234,1238,1230,1231,1235,1240,1233,1236,1229,1232]
/store/data/Run2016H/SinglePhoton/RAW/v1/000/283/877/00000/06E02513-8F9B-E611-8FC4-FA163E14352B.root [9,12,15,10,13,16,11,14]
/store/data/Run2016H/SinglePhoton/RAW/v1/000/283/877/00000/0A5E7ADD-AC9B-E611-8E2E-02163E013920.root [781,774,773,777,782,767,769,776,783,768,778,780,770,772,771,775,779]
/store/data/Run2016H/SinglePhoton/RAW/v1/000/283/877/00000/0A8698C9-AC9B-E611-9666-FA163E181BDE.root [948,947,950,942,944,940,941,943,945,949,946,951]
/store/data/Run2016H/SinglePhoton/RAW/v1/000/283/877/00000/0C063CCC-AC9B-E611-83BE-02163E011879.root [740,742,743,741,744,745,747,739,746]
/store/data/Run2016H/SinglePhoton/RAW/v1/000/283/877/00000/0C17045E-AB9B-E611-8960-02163E011F82.root [467,468,466,472,473,465,471,469,470]
/store/data/Run2016H/SinglePhoton/RAW/v1/000/283/877/00000/0CF0F5A4-AD9B-E611-A957-02163E0134EB.root [1333,1338,1339,1344,1334,1340,1343,1345,1335,1341,1342,1336,1337,1346]
/store/data/Run2016H/SinglePhoton/RAW/v1/000/283/877/00000/0E0FC122-8F9B-E611-91FF-02163E0140FA.root [143,144,139,141,138,142,140,145]
/store/data/Run2016H/SinglePhoton/RAW/v1/000/283/877/00000/0E560326-8F9B-E611-A56A-02163E0143D9.root [93,94,92,95,97,90,96,91]
/store/data/Run2016H/SinglePhoton/RAW/v1/000/283/877/00000/1023EAF1-999B-E611-9802-02163E01435A.root [395,400,394,393,398,399,392,396,397]
/store/data/Run2016H/SinglePhoton/RAW/v1/000/283/877/00000/120827CF-AC9B-E611-B244-02163E014720.root [874,869,868,870,873,877,875,876,872,871,878,867]
/store/data/Run2016H/SinglePhoton/RAW/v1/000/283/877/00000/129E6CAC-8F9B-E611-8D8C-02163E0118E3.root [155,154,156,162,158,157,159,161,163,160]
/store/data/Run2016H/SinglePhoton/RAW/v1/000/283/877/00000/180075C9-AC9B-E611-9782-FA163EF049DF.root [1012,1017,1014,1023,1016,1022,1013,1020,1015,1018,1019,1021]
/store/data/Run2016H/SinglePhoton/RAW/v1/000/283/877/00000/1A8E6926-8F9B-E611-868F-02163E011D13.root [40,34,35,39,33,36,37,38]
/store/data/Run2016H/SinglePhoton/RAW/v1/000/283/877/00000/1AF9D6DA-AC9B-E611-A06D-FA163E3B0B19.root [812,814,816,818,809,813,815,817,810,811,819,808]
/store/data/Run2016H/SinglePhoton/RAW/v1/000/283/877/00000/1CF65E17-AD9B-E611-AA3C-02163E0146D6.root [1212,1214,1209,1216,1205,1213,1207,1211,1215,1206,1208,1210]
/store/data/Run2016H/SinglePhoton/RAW/v1/000/283/877/00000/1E7F0522-8F9B-E611-9122-02163E013683.root [225,220,227,221,226,222,224,228,229,223]
/store/data/Run2016H/SinglePhoton/RAW/v1/000/283/877/00000/1E834222-8F9B-E611-B15B-02163E012AA8.root [109,107,108,111,112,110,113,106]
/store/data/Run2016H/SinglePhoton/RAW/v1/000/283/877/00000/2220730F-AD9B-E611-B981-02163E01416B.root [1196,1198,1193,1199,1201,1203,1195,1202,1204,1194,1200,1197]
/store/data/Run2016H/SinglePhoton/RAW/v1/000/283/877/00000/22C63959-929B-E611-B277-02163E0142F0.root [333,340,335,339,338,336,337,334]
/store/data/Run2016H/SinglePhoton/RAW/v1/000/283/877/00000/24F7E2AD-939B-E611-9C0D-FA163E61FFF5.root [341,343,348,346,342,344,349,345,347]
/store/data/Run2016H/SinglePhoton/RAW/v1/000/283/877/00000/26E6F6CB-AC9B-E611-871F-02163E0137C8.root [885,888,879,880,881,890,886,887,884,891,882,883,889]
/store/data/Run2016H/SinglePhoton/RAW/v1/000/283/877/00000/2A6EA6A4-AC9B-E611-A92D-FA163E70A49C.root [677,681,676,678,683,684,679,680,682]
/store/data/Run2016H/SinglePhoton/RAW/v1/000/283/877/00000/2AE93BBC-AC9B-E611-8BAC-FA163E313140.root [732,737,735,734,738,736,730,731,733]
/store/data/Run2016H/SinglePhoton/RAW/v1/000/283/877/00000/2C9C0963-AB9B-E611-96AA-02163E014573.root [421,426,427,419,420,422,423,425,424]
/store/data/Run2016H/SinglePhoton/RAW/v1/000/283/877/00000/2EE43F59-AD9B-E611-AD2A-02163E013674.root [1428,1431,1434,1430,1433,1426,1429,1427,1432,1425]
/store/data/Run2016H/SinglePhoton/RAW/v1/000/283/877/00000/323CBEFC-AC9B-E611-9CD4-FA163ED82827.root [1135,1138,1139,1142,1140,1144,1134,1136,1133,1137,1141,1143]
/store/data/Run2016H/SinglePhoton/RAW/v1/000/283/877/00000/3627CD5D-AD9B-E611-84F3-FA163ECB4A03.root [1462,1460,1458,1461,1456,1457,1467,1459,1463,1465,1464,1466,1469,1470,1455,1468]
/store/data/Run2016H/SinglePhoton/RAW/v1/000/283/877/00000/36D08259-AD9B-E611-BF9A-02163E013985.root [1301,1304,1300,1297,1302,1296,1299,1293,1298,1294,1295,1303]
/store/data/Run2016H/SinglePhoton/RAW/v1/000/283/877/00000/38031024-8F9B-E611-83E0-02163E011CBE.root [62,63,61,64,65,58,60,59]
/store/data/Run2016H/SinglePhoton/RAW/v1/000/283/877/00000/3827175D-AD9B-E611-B0FF-02163E011D05.root [1307,1310,1314,1319,1306,1317,1308,1311,1316,1318,1313,1309,1315,1305,1312,1320]
/store/data/Run2016H/SinglePhoton/RAW/v1/000/283/877/00000/3CF6EA53-AB9B-E611-A231-02163E011CCE.root [490,484,483,486,488,489,491,487,485]
/store/data/Run2016H/SinglePhoton/RAW/v1/000/283/877/00000/3E18FDD5-AC9B-E611-9A84-02163E013392.root [1027,1030,1035,1024,1034,1033,1028,1032,1029,1031,1025,1026]
/store/data/Run2016H/SinglePhoton/RAW/v1/000/283/877/00000/40275744-929B-E611-B009-02163E014235.root [308,312,311,309,316,315,310,313,314]
/store/data/Run2016H/SinglePhoton/RAW/v1/000/283/877/00000/40622594-AC9B-E611-8836-02163E011FDE.root [619,620,622,623,624,625,626,618,621]
/store/data/Run2016H/SinglePhoton/RAW/v1/000/283/877/00000/40D246D5-AC9B-E611-A50C-02163E0118D2.root [902,892,903,897,901,894,898,899,895,896,893,900]
/store/data/Run2016H/SinglePhoton/RAW/v1/000/283/877/00000/42E354C8-AC9B-E611-8165-FA163E5AD84F.root [1036,1041,1046,1045,1047,1038,1039,1040,1042,1037,1043,1044]
/store/data/Run2016H/SinglePhoton/RAW/v1/000/283/877/00000/460293B6-AD9B-E611-B834-02163E014265.root [1481,1488,1487,1490,1473,1474,1479,1483,1472,1480,1489,1477,1485,1471,1482,1484,1475,1476,1478,1486]
/store/data/Run2016H/SinglePhoton/RAW/v1/000/283/877/00000/464B0803-AD9B-E611-B0B3-02163E01352F.root [1148,1152,1155,1147,1151,1154,1156,1145,1149,1150,1146,1153]
/store/data/Run2016H/SinglePhoton/RAW/v1/000/283/877/00000/48914840-929B-E611-9CD2-02163E0137C6.root [305,306,307,301,300,302,303,304]
/store/data/Run2016H/SinglePhoton/RAW/v1/000/283/877/00000/48F0F1EA-AC9B-E611-957D-02163E0145E8.root [1102,1107,1097,1098,1099,1101,1106,1108,1104,1103,1100,1105]
/store/data/Run2016H/SinglePhoton/RAW/v1/000/283/877/00000/4A133622-8F9B-E611-830E-02163E014781.root [262,258,263,265,260,264,259,261]
/store/data/Run2016H/SinglePhoton/RAW/v1/000/283/877/00000/4A611B17-8F9B-E611-9DB2-FA163EDC3CB0.root [132,133,130,131,135,137,136,134]
/store/data/Run2016H/SinglePhoton/RAW/v1/000/283/877/00000/4ACEAEFF-919B-E611-845E-02163E0139AA.root [284,289,287,288,291,285,286,290]
/store/data/Run2016H/SinglePhoton/RAW/v1/000/283/877/00000/4ADEB423-8F9B-E611-B22B-02163E01387E.root [256,252,257,253,255,254,251,250]
/store/data/Run2016H/SinglePhoton/RAW/v1/000/283/877/00000/4AFF5BC4-AD9B-E611-8ACF-02163E014452.root [1349,1354,1347,1350,1355,1352,1358,1351,1353,1357,1348,1356]
/store/data/Run2016H/SinglePhoton/RAW/v1/000/283/877/00000/4C5BFFCD-AC9B-E611-8E58-FA163E9EEF8B.root [1010,1009,1006,1011,1001,1002,1003,1004,1005,1007,1008,1000]
/store/data/Run2016H/SinglePhoton/RAW/v1/000/283/877/00000/4EA57E61-AD9B-E611-A335-02163E011CC5.root [1321,1323,1330,1325,1329,1332,1326,1324,1327,1322,1328,1331]
/store/data/Run2016H/SinglePhoton/RAW/v1/000/283/877/00000/4EF8D223-8F9B-E611-80D3-02163E012280.root [245,241,248,246,240,243,242,247,249,244]
/store/data/Run2016H/SinglePhoton/RAW/v1/000/283/877/00000/54061E9D-AC9B-E611-808F-02163E01370F.root [657,659,662,663,664,665,661,658,660]
/store/data/Run2016H/SinglePhoton/RAW/v1/000/283/877/00000/54EDED08-AD9B-E611-A6D2-02163E0141C4.root [1174,1176,1177,1171,1175,1170,1178,1172,1179,1169,1173,1180]
/store/data/Run2016H/SinglePhoton/RAW/v1/000/283/877/00000/5AEF98B5-AC9B-E611-AF02-02163E013989.root [704,710,711,703,706,708,705,709,707]
/store/data/Run2016H/SinglePhoton/RAW/v1/000/283/877/00000/5C93CB5B-AB9B-E611-A925-02163E014385.root [567,569,572,564,565,568,570,566,571]
/store/data/Run2016H/SinglePhoton/RAW/v1/000/283/877/00000/5E48DE55-AB9B-E611-BCEB-FA163ED5E6AC.root [521,526,527,522,525,520,519,524,523]
/store/data/Run2016H/SinglePhoton/RAW/v1/000/283/877/00000/620B7B22-8F9B-E611-95EF-02163E01341C.root [50,52,49,56,51,57,55,53,54]
/store/data/Run2016H/SinglePhoton/RAW/v1/000/283/877/00000/6244AC5F-AB9B-E611-91A4-02163E011B3C.root [494,496,493,497,495,492,498,499,500]
/store/data/Run2016H/SinglePhoton/RAW/v1/000/283/877/00000/64FCA30B-AD9B-E611-B7AB-02163E014119.root [1159,1165,1168,1158,1167,1157,1162,1164,1166,1160,1161,1163]
/store/data/Run2016H/SinglePhoton/RAW/v1/000/283/877/00000/662AD398-AC9B-E611-8028-FA163EC1CDC5.root [667,671,672,673,668,669,670,675,666,674]
/store/data/Run2016H/SinglePhoton/RAW/v1/000/283/877/00000/669962D6-AC9B-E611-9EEA-02163E012323.root [849,853,846,845,842,843,847,852,844,848,850,851]
/store/data/Run2016H/SinglePhoton/RAW/v1/000/283/877/00000/685FF847-AB9B-E611-B83B-FA163EE9D10E.root [447,453,448,454,446,450,451,452,449,455]
/store/data/Run2016H/SinglePhoton/RAW/v1/000/283/877/00000/68FC6C1B-8F9B-E611-A8F4-FA163ED82827.root [165,164,171,169,170,167,168,166]
/store/data/Run2016H/SinglePhoton/RAW/v1/000/283/877/00000/6AFB5324-8F9B-E611-87C0-02163E013502.root [32,31,30,28,25,26,29,27]
/store/data/Run2016H/SinglePhoton/RAW/v1/000/283/877/00000/6C3FC3B0-AC9B-E611-B943-02163E0139B0.root [720,713,717,712,714,718,715,716,719]
/store/data/Run2016H/SinglePhoton/RAW/v1/000/283/877/00000/6E19573D-929B-E611-B175-02163E014113.root [323,320,321,319,324,317,318,322]
/store/data/Run2016H/SinglePhoton/RAW/v1/000/283/877/00000/70E058D0-AC9B-E611-9F18-FA163E791BF7.root [756,748,754,751,753,755,749,750,752]
/store/data/Run2016H/SinglePhoton/RAW/v1/000/283/877/00000/7237BFCF-AC9B-E611-96F6-02163E0124AE.root [984,985,981,982,976,978,983,986,979,977,987,980]
/store/data/Run2016H/SinglePhoton/RAW/v1/000/283/877/00000/7284995E-AB9B-E611-90A1-02163E01341C.root [506,501,503,509,505,507,508,502,504]
/store/data/Run2016H/SinglePhoton/RAW/v1/000/283/877/00000/72F98C21-8F9B-E611-8A85-02163E014336.root [212,210,219,218,211,216,214,215,213,217]
/store/data/Run2016H/SinglePhoton/RAW/v1/000/283/877/00000/766FEBAC-AD9B-E611-AB04-02163E011E3F.root [1361,1364,1368,1360,1362,1365,1369,1363,1367,1370,1359,1366]
/store/data/Run2016H/SinglePhoton/RAW/v1/000/283/877/00000/769A7FD0-939B-E611-B30D-02163E011EE6.root [358,354,351,352,355,356,350,353,357]
/store/data/Run2016H/SinglePhoton/RAW/v1/000/283/877/00000/7A7652CD-AC9B-E611-9E6F-FA163EE1F1BD.root [858,864,856,857,863,861,862,866,855,854,859,860,865]
/store/data/Run2016H/SinglePhoton/RAW/v1/000/283/877/00000/7C16FA8E-AB9B-E611-974D-02163E014227.root [610,611,617,614,613,615,616,612,609]
/store/data/Run2016H/SinglePhoton/RAW/v1/000/283/877/00000/8419AE19-8F9B-E611-B6F6-02163E01355B.root [5,2,3,6,8,1,4,7]
/store/data/Run2016H/SinglePhoton/RAW/v1/000/283/877/00000/84E6F853-AB9B-E611-8580-FA163EB00487.root [536,528,530,535,529,534,532,531,533]
/store/data/Run2016H/SinglePhoton/RAW/v1/000/283/877/00000/867225E3-AC9B-E611-AB1A-FA163E9EE944.root [1090,1093,1085,1086,1087,1095,1088,1089,1091,1092,1094,1096]
/store/data/Run2016H/SinglePhoton/RAW/v1/000/283/877/00000/8A37F82A-929B-E611-A22E-FA163E8481D3.root [279,277,278,282,283,280,275,276,281]
/store/data/Run2016H/SinglePhoton/RAW/v1/000/283/877/00000/8C1D8428-8F9B-E611-9F5A-02163E0121FE.root [75,79,74,78,80,81,76,77]
/store/data/Run2016H/SinglePhoton/RAW/v1/000/283/877/00000/8C42C265-AD9B-E611-A684-02163E011C81.root [1282,1283,1288,1290,1279,1284,1287,1292,1281,1285,1291,1277,1280,1286,1289,1278]
/store/data/Run2016H/SinglePhoton/RAW/v1/000/283/877/00000/8C43238D-AB9B-E611-8CB9-02163E011D05.root [583,589,585,590,586,582,584,588,587]
/store/data/Run2016H/SinglePhoton/RAW/v1/000/283/877/00000/8CFA0A98-AC9B-E611-8816-02163E012844.root [630,634,627,633,629,635,632,628,631]
/store/data/Run2016H/SinglePhoton/RAW/v1/000/283/877/00000/92378D96-AC9B-E611-A1A8-FA163E10EAC3.root [651,652,649,650,654,648,656,653,655]
/store/data/Run2016H/SinglePhoton/RAW/v1/000/283/877/00000/940EEC21-8F9B-E611-8E84-02163E014650.root [175,176,177,174,172,173,178,179]
/store/data/Run2016H/SinglePhoton/RAW/v1/000/283/877/00000/96A449D2-AC9B-E611-95F0-02163E014573.root [1048,1052,1058,1050,1059,1051,1057,1053,1049,1054,1055,1056]
/store/data/Run2016H/SinglePhoton/RAW/v1/000/283/877/00000/981DE0AB-AD9B-E611-A7CC-02163E01387E.root [1442,1440,1438,1436,1435,1441,1437,1439,1443,1444]
/store/data/Run2016H/SinglePhoton/RAW/v1/000/283/877/00000/98642E21-8F9B-E611-819F-02163E012BC4.root [180,189,182,183,184,187,186,188,181,185]
/store/data/Run2016H/SinglePhoton/RAW/v1/000/283/877/00000/98F15F69-AB9B-E611-90D6-02163E0146D6.root [510,511,513,515,516,514,518,512,517]
/store/data/Run2016H/SinglePhoton/RAW/v1/000/283/877/00000/A0292951-929B-E611-8815-02163E013672.root [326,330,331,332,325,327,328,329]
/store/data/Run2016H/SinglePhoton/RAW/v1/000/283/877/00000/A09F56D9-AC9B-E611-B6C1-FA163ECBB0B5.root [822,827,825,820,824,823,826,821,828,829]
/store/data/Run2016H/SinglePhoton/RAW/v1/000/283/877/00000/A68BCC54-AB9B-E611-A6F5-FA163EC1CDC5.root [431,436,428,430,432,433,434,429,435]
/store/data/Run2016H/SinglePhoton/RAW/v1/000/283/877/00000/A8614B74-AD9B-E611-8DE6-02163E014320.root [1385,1391,1392,1390,1386,1389,1383,1393,1395,1396,1394,1384,1387,1388]
/store/data/Run2016H/SinglePhoton/RAW/v1/000/283/877/00000/AA50F5D9-AC9B-E611-86D1-02163E013566.root [988,995,989,997,998,990,992,996,994,991,999,993]
/store/data/Run2016H/SinglePhoton/RAW/v1/000/283/877/00000/AA5A69CA-AC9B-E611-92DD-02163E014256.root [959,960,961,962,963,953,954,955,952,957,958,956]
/store/data/Run2016H/SinglePhoton/RAW/v1/000/283/877/00000/AACA7FB6-AD9B-E611-A3CF-02163E014269.root [1253,1263,1264,1262,1255,1256,1258,1254,1259,1257,1261,1260]
/store/data/Run2016H/SinglePhoton/RAW/v1/000/283/877/00000/AC0C32D5-AC9B-E611-A294-02163E01419A.root [964,966,968,973,969,965,967,972,975,970,971,974]
/store/data/Run2016H/SinglePhoton/RAW/v1/000/283/877/00000/AC94AF5D-AB9B-E611-A34F-02163E013417.root [555,556,559,560,558,563,557,562,561]
/store/data/Run2016H/SinglePhoton/RAW/v1/000/283/877/00000/B261C10D-AD9B-E611-ADF2-02163E01354D.root [1191,1184,1186,1187,1188,1182,1190,1185,1189,1192,1181,1183]
/store/data/Run2016H/SinglePhoton/RAW/v1/000/283/877/00000/B456A50A-AD9B-E611-8BE1-02163E011D38.root [1116,1118,1114,1115,1112,1113,1109,1110,1111,1117,1119,1120]
/store/data/Run2016H/SinglePhoton/RAW/v1/000/283/877/00000/B86291D1-AD9B-E611-98D5-02163E01471B.root [1412,1417,1424,1422,1421,1418,1419,1420,1423,1413,1414,1416,1411,1415]
/store/data/Run2016H/SinglePhoton/RAW/v1/000/283/877/00000/BA0C1C5C-AB9B-E611-A603-02163E0134E4.root [576,577,578,575,573,574,581,580,579]
/store/data/Run2016H/SinglePhoton/RAW/v1/000/283/877/00000/BA54D857-AB9B-E611-9C0F-02163E0146B4.root [478,481,482,475,477,479,480,476,474]
/store/data/Run2016H/SinglePhoton/RAW/v1/000/283/877/00000/BA8EA4EF-999B-E611-99F8-02163E012844.root [378,381,383,376,379,380,382,377]
/store/data/Run2016H/SinglePhoton/RAW/v1/000/283/877/00000/BC7FB3AC-AD9B-E611-B463-02163E014543.root [1400,1406,1409,1408,1403,1404,1407,1401,1397,1402,1405,1398,1399,1410]
/store/data/Run2016H/SinglePhoton/RAW/v1/000/283/877/00000/C00DC01D-8F9B-E611-84EB-FA163EDCC9F3.root [117,116,114,119,120,121,115,118]
/store/data/Run2016H/SinglePhoton/RAW/v1/000/283/877/00000/C068DF20-8F9B-E611-87E8-02163E01369F.root [193,191,199,190,192,195,197,196,198,194]
/store/data/Run2016H/SinglePhoton/RAW/v1/000/283/877/00000/C4671FBF-AD9B-E611-A665-02163E01444A.root [1380,1381,1382,1371,1374,1376,1377,1379,1378,1373,1375,1372]
/store/data/Run2016H/SinglePhoton/RAW/v1/000/283/877/00000/C63DD6C7-AC9B-E611-BED7-FA163E7AF618.root [904,905,908,914,909,913,907,910,906,911,915,912]
/store/data/Run2016H/SinglePhoton/RAW/v1/000/283/877/00000/C6C6B3CA-AC9B-E611-8D9C-02163E0134E4.root [830,833,835,839,840,834,837,836,841,831,832,838]
/store/data/Run2016H/SinglePhoton/RAW/v1/000/283/877/00000/C81FA424-8F9B-E611-80CE-02163E0134DD.root [48,41,42,47,46,43,44,45]
/store/data/Run2016H/SinglePhoton/RAW/v1/000/283/877/00000/C8A5BFBA-AC9B-E611-B2A9-02163E0123C6.root [688,691,685,686,689,687,690,693,692]
/store/data/Run2016H/SinglePhoton/RAW/v1/000/283/877/00000/C8D659DF-AD9B-E611-A033-02163E011EDF.root [1493,1497,1499,1496,1498,1494,1491,1492,1495]
/store/data/Run2016H/SinglePhoton/RAW/v1/000/283/877/00000/CA57D7D0-AC9B-E611-841E-02163E011B08.root [786,790,792,795,793,785,789,794,784,787,788,791]
/store/data/Run2016H/SinglePhoton/RAW/v1/000/283/877/00000/CC1B0721-8F9B-E611-83C6-02163E0146A0.root [271,267,268,273,266,272,270,274,269]
/store/data/Run2016H/SinglePhoton/RAW/v1/000/283/877/00000/CCD55522-8F9B-E611-9A43-02163E011FC0.root [72,66,69,68,73,70,67,71]
/store/data/Run2016H/SinglePhoton/RAW/v1/000/283/877/00000/CCF1D517-8F9B-E611-9B18-FA163E84A41E.root [18,23,22,20,24,17,21,19]
/store/data/Run2016H/SinglePhoton/RAW/v1/000/283/877/00000/CE44E253-AB9B-E611-9424-FA163E10EAC3.root [537,539,543,540,544,542,538,545,541]
/store/data/Run2016H/SinglePhoton/RAW/v1/000/283/877/00000/CEDE751A-8F9B-E611-80EC-FA163E7CD915.root [100,99,102,104,101,105,98,103]
/store/data/Run2016H/SinglePhoton/RAW/v1/000/283/877/00000/D02BB8B5-AD9B-E611-B4B3-02163E012699.root [1452,1453,1454,1449,1451,1446,1445,1448,1447,1450]
/store/data/Run2016H/SinglePhoton/RAW/v1/000/283/877/00000/D0D06AFF-AC9B-E611-96B7-02163E011A43.root [1123,1122,1125,1129,1130,1121,1124,1126,1131,1128,1127,1132]
/store/data/Run2016H/SinglePhoton/RAW/v1/000/283/877/00000/D2149E2D-929B-E611-B410-FA163E99D9C3.root [299,294,296,295,298,292,297,293]
/store/data/Run2016H/SinglePhoton/RAW/v1/000/283/877/00000/D46491B9-AC9B-E611-8D8D-02163E0137B7.root [724,721,725,727,728,722,723,726,729]
/store/data/Run2016H/SinglePhoton/RAW/v1/000/283/877/00000/D49A59D4-AC9B-E611-A670-02163E01441B.root [1074,1075,1081,1082,1077,1083,1073,1076,1080,1078,1079,1084]
/store/data/Run2016H/SinglePhoton/RAW/v1/000/283/877/00000/D6F2B0B9-939B-E611-9283-02163E01420C.root [364,359,360,361,362,363,365,366]
/store/data/Run2016H/SinglePhoton/RAW/v1/000/283/877/00000/D824AE57-AB9B-E611-8A46-02163E011DBD.root [456,459,462,464,461,460,457,458,463]
/store/data/Run2016H/SinglePhoton/RAW/v1/000/283/877/00000/D85BC057-8F9B-E611-A50A-02163E011AA4.root [86,84,82,88,83,85,87,89]
/store/data/Run2016H/SinglePhoton/RAW/v1/000/283/877/00000/DA9CFB58-AB9B-E611-9A7B-02163E013808.root [442,444,438,439,443,445,437,441,440]
/store/data/Run2016H/SinglePhoton/RAW/v1/000/283/877/00000/DAD8676A-AB9B-E611-8B07-02163E0139B0.root [417,418,415,411,416,410,412,413,414]
/store/data/Run2016H/SinglePhoton/RAW/v1/000/283/877/00000/DCFAFED0-AC9B-E611-BF06-FA163ED5E6AC.root [1069,1063,1064,1060,1061,1068,1070,1066,1067,1071,1065,1072,1062]
/store/data/Run2016H/SinglePhoton/RAW/v1/000/283/877/00000/DE01D226-8F9B-E611-AEE3-02163E013501.root [230,235,236,239,234,238,232,237,233,231]
/store/data/Run2016H/SinglePhoton/RAW/v1/000/283/877/00000/DE21F3DB-AC9B-E611-BA2E-02163E011D42.root [918,924,927,919,921,926,916,920,922,925,917,923]
/store/data/Run2016H/SinglePhoton/RAW/v1/000/283/877/00000/DEAE1B82-AB9B-E611-AB40-FA163E6AB4AF.root [592,594,595,591,599,596,597,598,593]
/store/data/Run2016H/SinglePhoton/RAW/v1/000/283/877/00000/E082CFD3-AC9B-E611-964D-02163E011EF6.root [760,757,761,759,766,758,764,765,762,763]
/store/data/Run2016H/SinglePhoton/RAW/v1/000/283/877/00000/E0D9B563-AD9B-E611-85DC-02163E0119BB.root [1248,1250,1244,1243,1245,1251,1246,1241,1242,1247,1249,1252]
/store/data/Run2016H/SinglePhoton/RAW/v1/000/283/877/00000/E2B4E977-AB9B-E611-8C3C-FA163E4971FD.root [602,605,607,604,600,601,606,603,608]
/store/data/Run2016H/SinglePhoton/RAW/v1/000/283/877/00000/E6FAD4F9-999B-E611-99A4-02163E011E93.root [401,407,405,404,408,402,403,409,406]
/store/data/Run2016H/SinglePhoton/RAW/v1/000/283/877/00000/EE477D06-9A9B-E611-85AD-FA163EF8B6F3.root [387,389,391,384,385,386,390,388]
/store/data/Run2016H/SinglePhoton/RAW/v1/000/283/877/00000/F4DBD6D7-AC9B-E611-974A-02163E0133E9.root [934,936,929,938,928,932,939,930,931,933,935,937]
/store/data/Run2016H/SinglePhoton/RAW/v1/000/283/877/00000/F6175F4F-AB9B-E611-9C75-FA163E313140.root [547,550,546,548,549,552,554,551,553]
/store/data/Run2016H/SinglePhoton/RAW/v1/000/283/877/00000/F82F76B3-AC9B-E611-8B10-02163E01422A.root [696,700,697,702,694,698,701,695,699]
/store/data/Run2016H/SinglePhoton/RAW/v1/000/283/877/00000/F8C86A25-8F9B-E611-85DB-02163E0125FA.root [207,201,203,208,202,204,209,200,206,205]
/store/data/Run2016H/SinglePhoton/RAW/v1/000/283/877/00000/FA82CF13-AD9B-E611-81D4-02163E0127D2.root [1218,1226,1225,1228,1221,1227,1222,1217,1223,1220,1219,1224]
/store/data/Run2016H/SinglePhoton/RAW/v1/000/283/877/00000/FAE04ED7-AC9B-E611-9795-FA163EF0403F.root [804,803,805,806,798,799,801,802,800,807,796,797]
/store/data/Run2016H/SinglePhoton/RAW/v1/000/283/877/00000/FC54EA1F-8F9B-E611-AA36-FA163E2E2FA3.root [128,122,126,127,123,124,125,129]
/store/data/Run2016H/SinglePhoton/RAW/v1/000/283/877/00000/FE09F639-8F9B-E611-94D3-02163E0146C1.root [147,149,151,153,148,150,146,152]
