/store/data/Run2024C/MuonEG/RAW/v1/000/379/454/00000/052716f0-f1b6-427f-b16c-a78dc40ccdac.root [430,429,433,434,432,431]
/store/data/Run2024C/MuonEG/RAW/v1/000/379/454/00000/05e2eb0b-b313-4bdb-956f-f5cbcee0153e.root [144,147,149,148,145,146]
/store/data/Run2024C/MuonEG/RAW/v1/000/379/454/00000/0657a890-3cc5-4593-88b1-f35c0fbb4c22.root [336,342,337,339,341,340,338]
/store/data/Run2024C/MuonEG/RAW/v1/000/379/454/00000/094eb378-9873-4c36-9433-296d78044003.root [503,501,500,502,504,505]
/store/data/Run2024C/MuonEG/RAW/v1/000/379/454/00000/0e0e3d8a-113f-4b0d-a407-ed83e946a24b.root [396,397,395,399,400,398]
/store/data/Run2024C/MuonEG/RAW/v1/000/379/454/00000/0f5c1115-0b02-4b83-bad5-338ec55071d0.root [206,204,205,203,207,208]
/store/data/Run2024C/MuonEG/RAW/v1/000/379/454/00000/10863329-226f-4756-afc5-b990376ced41.root [121,123,120,124,122]
/store/data/Run2024C/MuonEG/RAW/v1/000/379/454/00000/1ebe5cd1-5af8-4679-9934-6bf8d0239556.root [191,186,188,189,185,190,187]
/store/data/Run2024C/MuonEG/RAW/v1/000/379/454/00000/1f026bca-605e-449e-87d5-4d7c29bbf432.root [13,11,12]
/store/data/Run2024C/MuonEG/RAW/v1/000/379/454/00000/2728cf40-9a71-43c6-88d4-1489734b6146.root [366,367,368,370,365,369]
/store/data/Run2024C/MuonEG/RAW/v1/000/379/454/00000/283f2f17-27d6-4e43-81d3-c05ef5a4f4a1.root [374,375,372,376,371,373]
/store/data/Run2024C/MuonEG/RAW/v1/000/379/454/00000/2d29093f-ad8b-4393-a9c9-202cdf8f346b.root [437,439,435,438,440,436]
/store/data/Run2024C/MuonEG/RAW/v1/000/379/454/00000/31c8d7a0-6149-4232-8310-c5cea4e3e9bd.root [524,521,520,523,522,525]
/store/data/Run2024C/MuonEG/RAW/v1/000/379/454/00000/38128184-7587-4615-a76a-f2564c37fd45.root [179,182,183,181,180,184]
/store/data/Run2024C/MuonEG/RAW/v1/000/379/454/00000/388d2a6a-63d8-4e65-a90d-529037d12bbb.root [96,98,95,99,102,103,100,101,97]
/store/data/Run2024C/MuonEG/RAW/v1/000/379/454/00000/388f6f79-1310-47c8-b782-8a8aedb965b9.root [263,261,267,262,264,265,266]
/store/data/Run2024C/MuonEG/RAW/v1/000/379/454/00000/39391b57-c8ee-44a3-962a-14c0833bb3a6.root [517,518,516,515,513,514,519]
/store/data/Run2024C/MuonEG/RAW/v1/000/379/454/00000/3a286919-5b0a-407c-995d-ee5a725de3f5.root [289,287,288,286,290,291]
/store/data/Run2024C/MuonEG/RAW/v1/000/379/454/00000/3beb2965-597e-4e52-a511-baeb4c2c9876.root [166,163,164,162,165]
/store/data/Run2024C/MuonEG/RAW/v1/000/379/454/00000/3cc0aab6-8c93-4346-b2e0-70721507abb8.root [167,168,172,169,170,171]
/store/data/Run2024C/MuonEG/RAW/v1/000/379/454/00000/44624050-2ce0-49f2-a37b-0a2709e4a6f5.root [229,227,231,232,228,230]
/store/data/Run2024C/MuonEG/RAW/v1/000/379/454/00000/452e276c-cbe2-4f65-94ca-afb183d605e7.root [173,176,175,177,174,178]
/store/data/Run2024C/MuonEG/RAW/v1/000/379/454/00000/46d9f460-e3dc-4215-b5c4-9b7f43d3fc6b.root [425,427,428,424,426]
/store/data/Run2024C/MuonEG/RAW/v1/000/379/454/00000/47b7ebf1-a827-43e2-8508-3979a9cf2cba.root [280,282,285,281,283,284]
/store/data/Run2024C/MuonEG/RAW/v1/000/379/454/00000/49936956-cd73-470c-a6e3-b426c3ab5380.root [306,308,310,309,311,307]
/store/data/Run2024C/MuonEG/RAW/v1/000/379/454/00000/4b1ab5e1-6445-449e-92b5-5a08303db206.root [27,35,43,44,47,48,49,57,33,37,52,24,28,30,50,53,56,59,38,41,46,51,55,29,31,54,25,34,36,40,20,21,22,23,32,39,42,58,60,26,45,61,62]
/store/data/Run2024C/MuonEG/RAW/v1/000/379/454/00000/4b51b3e7-9a8d-4734-94af-0303dac0430c.root [115,114,113,116,117,112,118,119]
/store/data/Run2024C/MuonEG/RAW/v1/000/379/454/00000/4e7d83ca-88ce-4c10-af87-6cb9c0b35d14.root [402,404,405,401,403]
/store/data/Run2024C/MuonEG/RAW/v1/000/379/454/00000/50939c16-8c72-4786-862f-a5ff11a8dd02.root [202,199,201,198,200]
/store/data/Run2024C/MuonEG/RAW/v1/000/379/454/00000/51372944-d7c8-4da0-8fd0-bafd53e4b099.root [326,327,329,330,328,325]
/store/data/Run2024C/MuonEG/RAW/v1/000/379/454/00000/56ceb756-8d53-48e6-a4ac-cee40e06db36.root [197,193,192,194,195,196]
/store/data/Run2024C/MuonEG/RAW/v1/000/379/454/00000/590eaa51-e34c-46fe-a096-c600f06535b0.root [8]
/store/data/Run2024C/MuonEG/RAW/v1/000/379/454/00000/5e366585-ef8c-4264-8e57-9522b56392c7.root [362,363,364,360,361]
/store/data/Run2024C/MuonEG/RAW/v1/000/379/454/00000/60501bf5-2f10-4200-8bd1-b1931f226bb9.root [334,332,335,333,331]
/store/data/Run2024C/MuonEG/RAW/v1/000/379/454/00000/63f33cc3-16ba-4892-8999-ac5139fe501a.root [477,474,476,478,475,479]
/store/data/Run2024C/MuonEG/RAW/v1/000/379/454/00000/6777dde4-8d91-44a7-8319-2138ee681aca.root [441,443,445,446,442,444]
/store/data/Run2024C/MuonEG/RAW/v1/000/379/454/00000/6c507423-0a42-4974-b860-066351b28933.root [391,392,389,393,390,394]
/store/data/Run2024C/MuonEG/RAW/v1/000/379/454/00000/6e7368d3-9349-40b6-9f0e-542d0b7e9c5e.root [2,3]
/store/data/Run2024C/MuonEG/RAW/v1/000/379/454/00000/724348e5-9827-4439-8225-b681feb3704c.root [507,510,512,511,506,508,509]
/store/data/Run2024C/MuonEG/RAW/v1/000/379/454/00000/78207dc4-7f3e-4293-98ad-238e9039ef21.root [157,160,161,156,158,159]
/store/data/Run2024C/MuonEG/RAW/v1/000/379/454/00000/78c8c668-7cdd-4e90-8295-52b4ee66055d.root [129,131,127,125,128,126,130]
/store/data/Run2024C/MuonEG/RAW/v1/000/379/454/00000/7b568516-b0a2-4e7c-aba3-e67668f355f4.root [531,527,526,528,529,530]
/store/data/Run2024C/MuonEG/RAW/v1/000/379/454/00000/8153af5f-ce9a-4ded-91f3-7db0d4dd7398.root [85,84,87,94,88,89,90,93,92,86,91]
/store/data/Run2024C/MuonEG/RAW/v1/000/379/454/00000/88475d85-e3dd-4c04-bba6-7c58614f258b.root [137,135,133,134,136,132]
/store/data/Run2024C/MuonEG/RAW/v1/000/379/454/00000/88617f12-7b0d-4625-86ec-49989b0598be.root [314,317,312,313,316,315,318]
/store/data/Run2024C/MuonEG/RAW/v1/000/379/454/00000/88be84ab-b2b0-4e24-80e6-a033fd18b7e7.root [377,379,382,378,380,381]
/store/data/Run2024C/MuonEG/RAW/v1/000/379/454/00000/8a686c2b-3f60-4c64-9940-637921111014.root [355,356,357,359,354,358]
/store/data/Run2024C/MuonEG/RAW/v1/000/379/454/00000/90acffa3-4cf7-4685-ba9e-f5cded4b7c51.root [497,498,493,496,499,492,495,494]
/store/data/Run2024C/MuonEG/RAW/v1/000/379/454/00000/94b2ce57-11db-4d86-8e09-7ac042b6c621.root [346,347,343,344,345]
/store/data/Run2024C/MuonEG/RAW/v1/000/379/454/00000/9a32aa49-e00a-43c2-b37c-6300cbe1100a.root [384,386,388,383,385,387]
/store/data/Run2024C/MuonEG/RAW/v1/000/379/454/00000/9ef8ed7a-82b0-49ab-8c6a-7be7ae492081.root [406,410,411,407,409,408]
/store/data/Run2024C/MuonEG/RAW/v1/000/379/454/00000/a07d7085-d511-4d48-aec9-f02eb89c86f6.root [246,245,247,244,248]
/store/data/Run2024C/MuonEG/RAW/v1/000/379/454/00000/a357265e-16ea-46f6-9fb7-5cf380cab5fe.root [6]
/store/data/Run2024C/MuonEG/RAW/v1/000/379/454/00000/a83e4924-d5dd-4646-9808-b81ee6c1dde4.root [418,420,419,423,421,422]
/store/data/Run2024C/MuonEG/RAW/v1/000/379/454/00000/a8f5e3a6-4c10-49c3-92b4-97d29dd8b32d.root [240,242,238,241,239,243]
/store/data/Run2024C/MuonEG/RAW/v1/000/379/454/00000/aaa384b3-df7e-46d5-9960-beee21b550dd.root [256,255,257,258,260,259]
/store/data/Run2024C/MuonEG/RAW/v1/000/379/454/00000/b12a2b45-4f12-48d5-8148-6ef1f38c7fb7.root [351,349,348,352,350,353]
/store/data/Run2024C/MuonEG/RAW/v1/000/379/454/00000/b6463b75-d374-4376-affb-41287509b1ae.root [218,220,215,216,217,219]
/store/data/Run2024C/MuonEG/RAW/v1/000/379/454/00000/bb34fc45-153c-4403-9e3a-2cd3f7a27794.root [213,214,209,210,211,212]
/store/data/Run2024C/MuonEG/RAW/v1/000/379/454/00000/bf3fc843-4b60-4b3e-91cf-c02871f7b8a4.root [273,271,269,270,272,268]
/store/data/Run2024C/MuonEG/RAW/v1/000/379/454/00000/c32049c9-67af-4464-988e-0268df5d7550.root [540,538,539]
/store/data/Run2024C/MuonEG/RAW/v1/000/379/454/00000/c7f40990-51a4-41a6-b460-6c7655fa9152.root [275,276,279,274,277,278]
/store/data/Run2024C/MuonEG/RAW/v1/000/379/454/00000/ca72be96-98e2-4ff0-9991-ea8af53e1246.root [225,222,223,224,226,221]
/store/data/Run2024C/MuonEG/RAW/v1/000/379/454/00000/cb3176f2-dbdb-4ef7-a650-65fd642e10a5.root [482,480,484,481,483,485]
/store/data/Run2024C/MuonEG/RAW/v1/000/379/454/00000/cf788dcd-5c45-4588-b3c7-0521274a1535.root [298,297,295,294,292,293,296]
/store/data/Run2024C/MuonEG/RAW/v1/000/379/454/00000/d35beab0-cfd0-4a42-8177-4ab7363f35de.root [235,234,237,233,236]
/store/data/Run2024C/MuonEG/RAW/v1/000/379/454/00000/d5fccfde-e1df-42b0-a070-4dddcb93ec1c.root [104,107,111,105,108,109,110,106]
/store/data/Run2024C/MuonEG/RAW/v1/000/379/454/00000/dcab9423-7ac8-4dab-bf09-c35c0082d6b0.root [249,253,252,254,250,251]
/store/data/Run2024C/MuonEG/RAW/v1/000/379/454/00000/e3d839cf-7d06-48dd-b5ff-7531c558688c.root [490,487,488,489,491,486]
/store/data/Run2024C/MuonEG/RAW/v1/000/379/454/00000/e424dee2-c8e9-4f44-922b-a6ddfc35a576.root [68,79,82,64,67,78,66,70,74,75,77,76,81,83,65,71,72,73,63,69,80]
/store/data/Run2024C/MuonEG/RAW/v1/000/379/454/00000/e6f2c9c1-00ee-4692-b57c-b5bb00e3eea2.root [447,452,449,451,450,448]
/store/data/Run2024C/MuonEG/RAW/v1/000/379/454/00000/e823d1a4-48b4-4c1e-b8fc-2cc20b4f17f6.root [323,321,320,324,322,319]
/store/data/Run2024C/MuonEG/RAW/v1/000/379/454/00000/ed4c17c8-52d7-47c3-a10b-20d53a3634c3.root [153,152,150,155,151,154]
/store/data/Run2024C/MuonEG/RAW/v1/000/379/454/00000/f2905c35-6ef2-43b6-b9a8-c5345b77d217.root [16,17]
/store/data/Run2024C/MuonEG/RAW/v1/000/379/454/00000/f3726457-377f-46dd-8902-9322410ca19c.root [473,467,469,470,468,471,472]
/store/data/Run2024C/MuonEG/RAW/v1/000/379/454/00000/f50fa4bd-29a1-476a-9802-d21adce3f253.root [466,460,462,459,465,461,463,464]
/store/data/Run2024C/MuonEG/RAW/v1/000/379/454/00000/f61d0103-c673-4381-9abb-bb19eeff8d33.root [532,536,533,534,537,535]
/store/data/Run2024C/MuonEG/RAW/v1/000/379/454/00000/f69a5e09-9068-4894-9388-00e508da481f.root [138,141,143,139,140,142]
/store/data/Run2024C/MuonEG/RAW/v1/000/379/454/00000/fb01dc89-02c4-4ba7-8b07-f0b3b3302bac.root [412,414,417,413,415,416]
/store/data/Run2024C/MuonEG/RAW/v1/000/379/454/00000/ff8410e3-c622-4a94-b4a1-f293323eda9a.root [302,299,305,300,304,301,303]
/store/data/Run2024C/MuonEG/RAW/v1/000/379/454/00000/ffe2efbd-380c-4f6c-83d1-d70c1ab65ae4.root [455,456,454,457,458,453]
