/store/data/Run2017B/JetHT/RAW/v1/000/297/557/00000/0016A3E7-D45A-E711-BC6F-02163E01A543.root [75,74]
/store/data/Run2017B/JetHT/RAW/v1/000/297/557/00000/00209B48-D65A-E711-87F9-02163E019E03.root [90,91]
/store/data/Run2017B/JetHT/RAW/v1/000/297/557/00000/00E4BF8A-E25A-E711-A141-02163E013595.root [23,24]
/store/data/Run2017B/JetHT/RAW/v1/000/297/557/00000/043F1882-D95A-E711-A550-02163E0145F6.root [220,219,221]
/store/data/Run2017B/JetHT/RAW/v1/000/297/557/00000/04A0C7AF-E15A-E711-9F54-02163E01A3B8.root [359,360,358]
/store/data/Run2017B/JetHT/RAW/v1/000/297/557/00000/084A8A5E-D65A-E711-BF67-02163E01A1F9.root [158,156,157]
/store/data/Run2017B/JetHT/RAW/v1/000/297/557/00000/08A1F3B7-DA5A-E711-92AF-02163E0146E8.root [267,269,268]
/store/data/Run2017B/JetHT/RAW/v1/000/297/557/00000/0C0C92B7-E15A-E711-96F9-02163E012492.root [305,306]
/store/data/Run2017B/JetHT/RAW/v1/000/297/557/00000/0C51222B-E45A-E711-A821-02163E014629.root [391,390,389]
/store/data/Run2017B/JetHT/RAW/v1/000/297/557/00000/0CE0A184-D65A-E711-91FF-02163E0133D6.root [108,106,107]
/store/data/Run2017B/JetHT/RAW/v1/000/297/557/00000/14FC03D8-D45A-E711-BDFD-02163E019CCE.root [72,73]
/store/data/Run2017B/JetHT/RAW/v1/000/297/557/00000/1621B94F-D65A-E711-BBC9-02163E01A382.root [93,92]
/store/data/Run2017B/JetHT/RAW/v1/000/297/557/00000/1656E3B4-DA5A-E711-B0E0-02163E014411.root [243,244,245]
/store/data/Run2017B/JetHT/RAW/v1/000/297/557/00000/1880BBEB-DB5A-E711-B103-02163E019BC7.root [285,286,287]
/store/data/Run2017B/JetHT/RAW/v1/000/297/557/00000/1C8C97B3-E15A-E711-9D95-02163E019DCE.root [327,328]
/store/data/Run2017B/JetHT/RAW/v1/000/297/557/00000/1E4D1778-DA5A-E711-9BD4-02163E01A2F3.root [254,253,252]
/store/data/Run2017B/JetHT/RAW/v1/000/297/557/00000/20463796-E25A-E711-8A65-02163E019E36.root [388,386,387]
/store/data/Run2017B/JetHT/RAW/v1/000/297/557/00000/240EFE69-D65A-E711-B9C0-02163E019C33.root [114,113,112]
/store/data/Run2017B/JetHT/RAW/v1/000/297/557/00000/24495D80-DA5A-E711-BCF5-02163E019E36.root [273,274,275]
/store/data/Run2017B/JetHT/RAW/v1/000/297/557/00000/2A0E7FAC-DA5A-E711-A69F-02163E0133E6.root [260,259,258]
/store/data/Run2017B/JetHT/RAW/v1/000/297/557/00000/2A9FDB54-D65A-E711-98B1-02163E01A354.root [105,104,103]
/store/data/Run2017B/JetHT/RAW/v1/000/297/557/00000/2AC650E5-DB5A-E711-9386-02163E019C9A.root [292,293,291]
/store/data/Run2017B/JetHT/RAW/v1/000/297/557/00000/2CD970AA-E15A-E711-A9C0-02163E01A502.root [341,342]
/store/data/Run2017B/JetHT/RAW/v1/000/297/557/00000/3043F85B-D65A-E711-80D8-02163E01A6C0.root [126,127,128]
/store/data/Run2017B/JetHT/RAW/v1/000/297/557/00000/324944A7-E15A-E711-895E-02163E01A6B4.root [351,352]
/store/data/Run2017B/JetHT/RAW/v1/000/297/557/00000/32AAFEB4-D65A-E711-A050-02163E01437F.root [163,162,164]
/store/data/Run2017B/JetHT/RAW/v1/000/297/557/00000/387A2C96-E25A-E711-9037-02163E019B94.root [13,17,12,18,15,14,16]
/store/data/Run2017B/JetHT/RAW/v1/000/297/557/00000/3AA98A77-D65A-E711-BA2D-02163E0120A0.root [141,142,143]
/store/data/Run2017B/JetHT/RAW/v1/000/297/557/00000/3AFAE8A8-E15A-E711-91A9-02163E01A5CD.root [337,338]
/store/data/Run2017B/JetHT/RAW/v1/000/297/557/00000/3AFB7ED3-D45A-E711-AF18-02163E01A2F3.root [69,68,67]
/store/data/Run2017B/JetHT/RAW/v1/000/297/557/00000/4072AB5A-D65A-E711-9B15-02163E01A543.root [144,145,146]
/store/data/Run2017B/JetHT/RAW/v1/000/297/557/00000/40A27C3D-D95A-E711-A41A-02163E01A6C1.root [216,217,218]
/store/data/Run2017B/JetHT/RAW/v1/000/297/557/00000/40D65E0D-D55A-E711-90CC-02163E01A354.root [81,80]
/store/data/Run2017B/JetHT/RAW/v1/000/297/557/00000/442C6EA6-E15A-E711-A275-02163E019B95.root [365,364]
/store/data/Run2017B/JetHT/RAW/v1/000/297/557/00000/48AE06EA-D45A-E711-902F-02163E01A1D9.root [83,82]
/store/data/Run2017B/JetHT/RAW/v1/000/297/557/00000/506872A1-D65A-E711-B3F6-02163E0143CF.root [177,179,178]
/store/data/Run2017B/JetHT/RAW/v1/000/297/557/00000/50BCBD5E-D95A-E711-AF98-02163E011F09.root [196,195,197]
/store/data/Run2017B/JetHT/RAW/v1/000/297/557/00000/544B90EC-DB5A-E711-BA07-02163E019DD6.root [299,297,298]
/store/data/Run2017B/JetHT/RAW/v1/000/297/557/00000/58A3B151-D65A-E711-BF3D-02163E01A3BE.root [101,102,100]
/store/data/Run2017B/JetHT/RAW/v1/000/297/557/00000/5A223FE8-DB5A-E711-91DA-02163E01414E.root [288,289,290]
/store/data/Run2017B/JetHT/RAW/v1/000/297/557/00000/5C1E6EAB-E15A-E711-A9F3-02163E011909.root [373,374]
/store/data/Run2017B/JetHT/RAW/v1/000/297/557/00000/5E74F5A5-DA5A-E711-9152-02163E011F09.root [239,237,238]
/store/data/Run2017B/JetHT/RAW/v1/000/297/557/00000/6204D75C-D65A-E711-8C4B-02163E019C2D.root [165,166,167]
/store/data/Run2017B/JetHT/RAW/v1/000/297/557/00000/62D5EB58-D65A-E711-98F0-02163E01A6B4.root [120,121,122]
/store/data/Run2017B/JetHT/RAW/v1/000/297/557/00000/66155983-E15A-E711-933D-02163E01A57E.root [321,322]
/store/data/Run2017B/JetHT/RAW/v1/000/297/557/00000/666BA36A-E15A-E711-95C4-02163E01A1C9.root [308,307]
/store/data/Run2017B/JetHT/RAW/v1/000/297/557/00000/6A904BF4-D65A-E711-8C72-02163E014342.root [138,140,139]
/store/data/Run2017B/JetHT/RAW/v1/000/297/557/00000/6CE27894-E25A-E711-8EC0-02163E01A450.root [26,25]
/store/data/Run2017B/JetHT/RAW/v1/000/297/557/00000/6CE83A56-D65A-E711-B223-02163E019CAF.root [132,134,133]
/store/data/Run2017B/JetHT/RAW/v1/000/297/557/00000/727682A0-E25A-E711-B3CB-02163E01A4CB.root [22,20,19,21]
/store/data/Run2017B/JetHT/RAW/v1/000/297/557/00000/72F779E0-D95A-E711-A6C0-02163E0133FE.root [228,229,230]
/store/data/Run2017B/JetHT/RAW/v1/000/297/557/00000/7489E928-D95A-E711-A497-02163E019DEC.root [202,203,201]
/store/data/Run2017B/JetHT/RAW/v1/000/297/557/00000/74B2716B-D65A-E711-BFF6-02163E01A708.root [131,130,129]
/store/data/Run2017B/JetHT/RAW/v1/000/297/557/00000/74C185EA-D45A-E711-83CE-02163E01A57E.root [79,78]
/store/data/Run2017B/JetHT/RAW/v1/000/297/557/00000/76A0BD93-D65A-E711-993C-02163E014781.root [176,175,174]
/store/data/Run2017B/JetHT/RAW/v1/000/297/557/00000/76D8F046-D65A-E711-9229-02163E01A40F.root [86,87]
/store/data/Run2017B/JetHT/RAW/v1/000/297/557/00000/78FF0826-D95A-E711-ADC7-02163E011F08.root [206,205,204]
/store/data/Run2017B/JetHT/RAW/v1/000/297/557/00000/7A8AA667-D65A-E711-8BFF-02163E019BC1.root [159,161,160]
/store/data/Run2017B/JetHT/RAW/v1/000/297/557/00000/7C0779E0-D45A-E711-ACAE-02163E01383A.root [71,70]
/store/data/Run2017B/JetHT/RAW/v1/000/297/557/00000/7C795DF5-E15A-E711-8617-02163E012150.root [367,366]
/store/data/Run2017B/JetHT/RAW/v1/000/297/557/00000/7E087744-D95A-E711-82E0-02163E01A69D.root [225,226,227]
/store/data/Run2017B/JetHT/RAW/v1/000/297/557/00000/7E49C7AA-E15A-E711-88C0-02163E01A3BE.root [368,369]
/store/data/Run2017B/JetHT/RAW/v1/000/297/557/00000/7EEC49A8-E15A-E711-A9EA-02163E019B52.root [333,334]
/store/data/Run2017B/JetHT/RAW/v1/000/297/557/00000/8083C722-E25A-E711-B56B-02163E013936.root [370,372,371]
/store/data/Run2017B/JetHT/RAW/v1/000/297/557/00000/80E1FB0E-DC5A-E711-9D4E-02163E01A760.root [301,300,302]
/store/data/Run2017B/JetHT/RAW/v1/000/297/557/00000/82BCE7C7-E15A-E711-865A-02163E011F14.root [316,317]
/store/data/Run2017B/JetHT/RAW/v1/000/297/557/00000/86E7AF7C-D65A-E711-AFE5-02163E0125AD.root [150,151,152]
/store/data/Run2017B/JetHT/RAW/v1/000/297/557/00000/8ADEAFAF-DA5A-E711-8B0A-02163E01345E.root [257,256,255]
/store/data/Run2017B/JetHT/RAW/v1/000/297/557/00000/8E1D2074-D65A-E711-9297-02163E01A3A5.root [116,115,117,118,119]
/store/data/Run2017B/JetHT/RAW/v1/000/297/557/00000/8E894FFF-E15A-E711-82CD-02163E0145F6.root [331,332]
/store/data/Run2017B/JetHT/RAW/v1/000/297/557/00000/8E94FA9E-E15A-E711-8B1B-02163E01A212.root [323,324]
/store/data/Run2017B/JetHT/RAW/v1/000/297/557/00000/8EC4FA35-D95A-E711-B262-02163E011B25.root [199,200,198]
/store/data/Run2017B/JetHT/RAW/v1/000/297/557/00000/907A05D5-D65A-E711-B7B8-02163E011E6F.root [148,147,149]
/store/data/Run2017B/JetHT/RAW/v1/000/297/557/00000/92B3BDA9-E15A-E711-AC91-02163E01A6C0.root [353,354]
/store/data/Run2017B/JetHT/RAW/v1/000/297/557/00000/98C7C4A7-D65A-E711-A5C4-02163E014188.root [168,169,170]
/store/data/Run2017B/JetHT/RAW/v1/000/297/557/00000/9E48FB7A-E15A-E711-AFBE-02163E013442.root [310,309]
/store/data/Run2017B/JetHT/RAW/v1/000/297/557/00000/9EDB1979-E15A-E711-8472-02163E01A2B0.root [319,320,318]
/store/data/Run2017B/JetHT/RAW/v1/000/297/557/00000/A02319BF-DE5A-E711-93A5-02163E01A382.root [10]
/store/data/Run2017B/JetHT/RAW/v1/000/297/557/00000/A22C9162-D65A-E711-AEC2-02163E01A1C9.root [123,124,125]
/store/data/Run2017B/JetHT/RAW/v1/000/297/557/00000/A41AA8A5-E15A-E711-8648-02163E01A3DB.root [329,330]
/store/data/Run2017B/JetHT/RAW/v1/000/297/557/00000/A4B4A052-D95A-E711-8724-02163E0144B1.root [232,231,233]
/store/data/Run2017B/JetHT/RAW/v1/000/297/557/00000/A4B64582-DA5A-E711-9128-02163E01A708.root [250,251,249]
/store/data/Run2017B/JetHT/RAW/v1/000/297/557/00000/A686C24D-D95A-E711-8321-02163E01A5E2.root [208,209,207]
/store/data/Run2017B/JetHT/RAW/v1/000/297/557/00000/A6B72375-D95A-E711-9EDB-02163E019B52.root [212,210,211]
/store/data/Run2017B/JetHT/RAW/v1/000/297/557/00000/A6CAF76E-DA5A-E711-AEF9-02163E01A5B8.root [240,241,242]
/store/data/Run2017B/JetHT/RAW/v1/000/297/557/00000/A6FB015B-D65A-E711-A3F5-02163E01A57D.root [111,110,109]
/store/data/Run2017B/JetHT/RAW/v1/000/297/557/00000/A8FCA804-E25A-E711-B0DB-02163E0144C0.root [346,345]
/store/data/Run2017B/JetHT/RAW/v1/000/297/557/00000/AA2313CF-DE5A-E711-92D1-02163E01A6ED.root [303,304]
/store/data/Run2017B/JetHT/RAW/v1/000/297/557/00000/B2D00775-DA5A-E711-9BBD-02163E01A1D9.root [246,248,247]
/store/data/Run2017B/JetHT/RAW/v1/000/297/557/00000/B2E5EC30-D95A-E711-BA1F-02163E0142C5.root [191,189,190]
/store/data/Run2017B/JetHT/RAW/v1/000/297/557/00000/B8722CE0-D45A-E711-93F2-02163E01A3A5.root [77,76]
/store/data/Run2017B/JetHT/RAW/v1/000/297/557/00000/BAB5778D-E25A-E711-A865-02163E01A307.root [383,384,385]
/store/data/Run2017B/JetHT/RAW/v1/000/297/557/00000/C0128AFA-E15A-E711-B622-02163E014310.root [325,326]
/store/data/Run2017B/JetHT/RAW/v1/000/297/557/00000/C097523D-D95A-E711-9CB8-02163E019CCE.root [214,213,215]
/store/data/Run2017B/JetHT/RAW/v1/000/297/557/00000/C0C00342-DC5A-E711-91F4-02163E014189.root [270,272,271]
/store/data/Run2017B/JetHT/RAW/v1/000/297/557/00000/C253BD33-E25A-E711-A736-02163E0146FD.root [344,343]
/store/data/Run2017B/JetHT/RAW/v1/000/297/557/00000/C29353BA-DA5A-E711-A5B3-02163E011F08.root [279,280,281]
/store/data/Run2017B/JetHT/RAW/v1/000/297/557/00000/C2FED174-E15A-E711-9501-02163E011B2B.root [311,312]
/store/data/Run2017B/JetHT/RAW/v1/000/297/557/00000/C4EE5E53-D95A-E711-A240-02163E01383B.root [236,234,235]
/store/data/Run2017B/JetHT/RAW/v1/000/297/557/00000/C60435DA-E15A-E711-82FC-02163E0137FA.root [349,350]
/store/data/Run2017B/JetHT/RAW/v1/000/297/557/00000/C88E5552-D65A-E711-B802-02163E01A5B3.root [84,85]
/store/data/Run2017B/JetHT/RAW/v1/000/297/557/00000/CA828ADF-E15A-E711-9F4C-02163E012B0C.root [381,382,380]
/store/data/Run2017B/JetHT/RAW/v1/000/297/557/00000/CA8DB154-D65A-E711-A5A1-02163E01A649.root [95,94,96]
/store/data/Run2017B/JetHT/RAW/v1/000/297/557/00000/CAADB10E-D95A-E711-8917-02163E01A642.root [183,185,184]
/store/data/Run2017B/JetHT/RAW/v1/000/297/557/00000/D027D87A-DA5A-E711-956F-02163E019C9A.root [282,284,283]
/store/data/Run2017B/JetHT/RAW/v1/000/297/557/00000/D2955067-E25A-E711-82F6-02163E01361F.root [378,377,379]
/store/data/Run2017B/JetHT/RAW/v1/000/297/557/00000/D44D6752-D65A-E711-BC3C-02163E01A70C.root [99,98,97]
/store/data/Run2017B/JetHT/RAW/v1/000/297/557/00000/D6C4A5AD-E15A-E711-B045-02163E013750.root [375,376]
/store/data/Run2017B/JetHT/RAW/v1/000/297/557/00000/D6F3CEC5-DA5A-E711-854E-02163E0138EE.root [263,261,262]
/store/data/Run2017B/JetHT/RAW/v1/000/297/557/00000/D82E2143-DD5A-E711-8EFE-02163E011B0E.root [7]
/store/data/Run2017B/JetHT/RAW/v1/000/297/557/00000/D88FD3B2-E15A-E711-A1AF-02163E019B4E.root [335,336]
/store/data/Run2017B/JetHT/RAW/v1/000/297/557/00000/DAAD8F6E-D65A-E711-A751-02163E0135C6.root [154,155,153]
/store/data/Run2017B/JetHT/RAW/v1/000/297/557/00000/DC79A8A4-E15A-E711-8416-02163E019CE6.root [362,361,363]
/store/data/Run2017B/JetHT/RAW/v1/000/297/557/00000/DCA03259-D65A-E711-B3B7-02163E019BC0.root [135,136,137]
/store/data/Run2017B/JetHT/RAW/v1/000/297/557/00000/DE0C0B11-E25A-E711-B382-02163E01382E.root [339,340]
/store/data/Run2017B/JetHT/RAW/v1/000/297/557/00000/E0B7BD7B-D65A-E711-B9D2-02163E011810.root [89,88]
/store/data/Run2017B/JetHT/RAW/v1/000/297/557/00000/E605CC9E-E25A-E711-A957-02163E0137FA.root [28,27]
/store/data/Run2017B/JetHT/RAW/v1/000/297/557/00000/E65A600F-D95A-E711-B1D9-02163E01A3EF.root [188,186,187]
/store/data/Run2017B/JetHT/RAW/v1/000/297/557/00000/E69F1F24-D95A-E711-A8EA-02163E011939.root [182,180,181]
/store/data/Run2017B/JetHT/RAW/v1/000/297/557/00000/EA94ACAE-E15A-E711-AA1F-02163E01A6F2.root [355,357,356]
/store/data/Run2017B/JetHT/RAW/v1/000/297/557/00000/ECB24C5E-D65A-E711-82F8-02163E019D02.root [171,172,173]
/store/data/Run2017B/JetHT/RAW/v1/000/297/557/00000/EE6C4B0F-D95A-E711-84EF-02163E011CE3.root [222,223,224]
/store/data/Run2017B/JetHT/RAW/v1/000/297/557/00000/EE800770-DA5A-E711-8225-02163E01A23D.root [264,265,266]
/store/data/Run2017B/JetHT/RAW/v1/000/297/557/00000/EEDC9259-DC5A-E711-A045-02163E01A45A.root [296,295,294]
/store/data/Run2017B/JetHT/RAW/v1/000/297/557/00000/F0B32AA7-E15A-E711-8A9D-02163E019E36.root [347,348]
/store/data/Run2017B/JetHT/RAW/v1/000/297/557/00000/F2787B87-DA5A-E711-BF74-02163E01A354.root [278,277,276]
/store/data/Run2017B/JetHT/RAW/v1/000/297/557/00000/F2EF1630-D95A-E711-8C1E-02163E019DD8.root [193,192,194]
/store/data/Run2017B/JetHT/RAW/v1/000/297/557/00000/FAB1DFA8-E15A-E711-A9F5-02163E011F2B.root [314,313,315]
