/store/data/Run2016H/ZeroBias/RAW/v1/000/283/877/00000/0251DCE8-C29B-E611-98CA-02163E014358.root [1499,1497,1498]
/store/data/Run2016H/ZeroBias/RAW/v1/000/283/877/00000/062853BE-879B-E611-8886-FA163E5BB73D.root [864,854,857,863,855,856,859,860,861,865,866,858,862]
/store/data/Run2016H/ZeroBias/RAW/v1/000/283/877/00000/084A14C0-879B-E611-8903-FA163EFE6BCB.root [885,887,880,884,888,890,892,883,891,882,881,886,889]
/store/data/Run2016H/ZeroBias/RAW/v1/000/283/877/00000/0851A5FC-769B-E611-88DC-02163E01470A.root [71,68,69,75,78,74,76,77,73,70,72]
/store/data/Run2016H/ZeroBias/RAW/v1/000/283/877/00000/0A3382D5-789B-E611-8FC2-02163E01345F.root [1411,1415,1407,1413,1414,1405,1409,1412,1406,1408,1410,1416]
/store/data/Run2016H/ZeroBias/RAW/v1/000/283/877/00000/0ABD5DC0-879B-E611-897A-02163E0137CF.root [444,451,448,449,445,450,454,453,443,447,446,452]
/store/data/Run2016H/ZeroBias/RAW/v1/000/283/877/00000/0C809E51-879B-E611-905E-FA163E2A0D64.root [258,263,266,264,261,262,265,257,260,256,259]
/store/data/Run2016H/ZeroBias/RAW/v1/000/283/877/00000/0E1E92FB-769B-E611-A333-02163E01435B.root [207,208,210,204,211,201,202,203,206,209,205]
/store/data/Run2016H/ZeroBias/RAW/v1/000/283/877/00000/0E1FA9C3-879B-E611-B00C-02163E01361F.root [934,938,940,943,933,939,941,937,944,935,942,936,945]
/store/data/Run2016H/ZeroBias/RAW/v1/000/283/877/00000/12079244-879B-E611-A1C1-FA163E270170.root [180,182,187,183,186,184,178,179,181,185,188]
/store/data/Run2016H/ZeroBias/RAW/v1/000/283/877/00000/122E34FA-769B-E611-9BFD-02163E013722.root [1280,1282,1273,1276,1279,1278,1272,1269,1270,1268,1271,1274,1275,1277,1281]
/store/data/Run2016H/ZeroBias/RAW/v1/000/283/877/00000/12DD0AC8-879B-E611-BF22-02163E011C8C.root [410,413,420,416,418,419,414,415,412,417,411]
/store/data/Run2016H/ZeroBias/RAW/v1/000/283/877/00000/1476A5BF-879B-E611-AAD7-02163E0140F4.root [1417,1421,1424,1427,1422,1428,1419,1426,1418,1420,1423,1425]
/store/data/Run2016H/ZeroBias/RAW/v1/000/283/877/00000/14D78DC1-879B-E611-9CBA-02163E0137F5.root [423,426,421,425,428,430,422,427,424,429,431]
/store/data/Run2016H/ZeroBias/RAW/v1/000/283/877/00000/1658F059-879B-E611-B0C8-02163E01182D.root [214,216,222,213,218,219,215,217,220,212,221]
/store/data/Run2016H/ZeroBias/RAW/v1/000/283/877/00000/16D50242-889B-E611-840B-02163E0138F1.root [1358,1361,1357,1362,1356,1360,1363,1364,1367,1359,1365,1366]
/store/data/Run2016H/ZeroBias/RAW/v1/000/283/877/00000/18FCB9AC-889B-E611-912E-FA163E627217.root [1057,1063,1064,1066,1058,1059,1061,1068,1055,1060,1067,1054,1062,1056,1065]
/store/data/Run2016H/ZeroBias/RAW/v1/000/283/877/00000/1C373112-779B-E611-9366-02163E014173.root [194,192,190,195,196,199,200,197,189,191,193,198]
/store/data/Run2016H/ZeroBias/RAW/v1/000/283/877/00000/1C477049-879B-E611-A790-FA163ED35D6A.root [277,268,273,274,267,275,272,269,270,271,276]
/store/data/Run2016H/ZeroBias/RAW/v1/000/283/877/00000/1CDE1D36-889B-E611-8338-FA163E313140.root [1159,1160,1156,1153,1155,1158,1162,1161,1164,1165,1163,1166,1154,1157]
/store/data/Run2016H/ZeroBias/RAW/v1/000/283/877/00000/1EE552C1-879B-E611-A301-02163E0143CC.root [711,715,714,719,718,721,712,713,717,722,716,720]
/store/data/Run2016H/ZeroBias/RAW/v1/000/283/877/00000/207B4BC2-879B-E611-B5BF-02163E011F00.root [815,827,820,824,817,819,822,816,826,818,823,825,821]
/store/data/Run2016H/ZeroBias/RAW/v1/000/283/877/00000/221CB853-879B-E611-A27D-02163E01381A.root [311,318,313,317,316,320,319,321,312,314,315]
/store/data/Run2016H/ZeroBias/RAW/v1/000/283/877/00000/22E4CDB6-879B-E611-BF55-FA163EB44EC1.root [674,679,683,684,686,677,678,682,675,685,676,680,681]
/store/data/Run2016H/ZeroBias/RAW/v1/000/283/877/00000/24F401C1-879B-E611-AD9E-02163E0123FD.root [643,645,639,641,642,644,646,649,648,637,638,647,640]
/store/data/Run2016H/ZeroBias/RAW/v1/000/283/877/00000/2A2C8EBF-879B-E611-8B7F-02163E014374.root [672,662,663,665,666,668,671,667,669,670,673,664]
/store/data/Run2016H/ZeroBias/RAW/v1/000/283/877/00000/2C1A10AC-889B-E611-9745-02163E01390D.root [1010,999,1000,1001,1012,1005,1006,1007,1011,1003,1004,1008,1009,1002]
/store/data/Run2016H/ZeroBias/RAW/v1/000/283/877/00000/2E97B933-889B-E611-9C25-02163E011DDE.root [608,611,603,604,602,607,605,609,612,606,610]
/store/data/Run2016H/ZeroBias/RAW/v1/000/283/877/00000/3410BDC0-879B-E611-B026-02163E011DEE.root [562,565,568,560,566,567,561,564,558,559,563]
/store/data/Run2016H/ZeroBias/RAW/v1/000/283/877/00000/341D347E-879B-E611-BC5F-02163E0139C7.root [289,291,298,292,290,295,297,299,293,294,296]
/store/data/Run2016H/ZeroBias/RAW/v1/000/283/877/00000/34BC775D-899B-E611-952A-02163E011D66.root [1237,1239,1234,1235,1236,1226,1230,1238,1228,1229,1231,1232,1227,1233]
/store/data/Run2016H/ZeroBias/RAW/v1/000/283/877/00000/36BFBEFB-769B-E611-B6C3-02163E0146EA.root [1393,1399,1403,1404,1394,1392,1400,1395,1396,1397,1398,1402,1401]
/store/data/Run2016H/ZeroBias/RAW/v1/000/283/877/00000/3855E940-889B-E611-88A0-02163E011B52.root [1283,1286,1290,1297,1292,1285,1284,1287,1295,1288,1291,1294,1296,1289,1293]
/store/data/Run2016H/ZeroBias/RAW/v1/000/283/877/00000/38D456AE-889B-E611-9C40-02163E0140FE.root [1042,1043,1049,1051,1046,1053,1047,1048,1040,1041,1044,1045,1050,1052]
/store/data/Run2016H/ZeroBias/RAW/v1/000/283/877/00000/38EC02BE-879B-E611-9FE4-FA163ED94A6B.root [464,460,463,461,465,455,459,462,457,458,456]
/store/data/Run2016H/ZeroBias/RAW/v1/000/283/877/00000/3A5BEDC1-879B-E611-9CC5-02163E011E89.root [691,696,688,689,698,694,687,695,692,690,693,697]
/store/data/Run2016H/ZeroBias/RAW/v1/000/283/877/00000/3C3D5E54-879B-E611-95FC-02163E0139A1.root [24,30,32,33,26,31,28,25,29,27,23]
/store/data/Run2016H/ZeroBias/RAW/v1/000/283/877/00000/3E6B84FA-769B-E611-BF84-02163E011A01.root [51,54,52,53,45,49,55,47,46,56,48,50]
/store/data/Run2016H/ZeroBias/RAW/v1/000/283/877/00000/40F09C44-889B-E611-BD3E-02163E011EC2.root [1026,1036,1035,1039,1029,1037,1038,1032,1027,1028,1030,1031,1033,1034]
/store/data/Run2016H/ZeroBias/RAW/v1/000/283/877/00000/42163AC1-879B-E611-8BA6-FA163E3CEAA8.root [625,626,633,627,632,636,628,630,631,634,629,635]
/store/data/Run2016H/ZeroBias/RAW/v1/000/283/877/00000/4272F653-879B-E611-8F22-02163E01343E.root [123,133,124,128,129,131,127,126,132,125,130]
/store/data/Run2016H/ZeroBias/RAW/v1/000/283/877/00000/441745C2-879B-E611-887F-02163E0129C8.root [574,579,569,570,577,578,573,572,575,576,571]
/store/data/Run2016H/ZeroBias/RAW/v1/000/283/877/00000/46F215D3-879B-E611-A08B-02163E0126B1.root [874,871,868,879,872,875,877,867,878,869,873,876,870]
/store/data/Run2016H/ZeroBias/RAW/v1/000/283/877/00000/48B4E6C0-879B-E611-ABB0-02163E01445A.root [830,831,836,840,832,833,829,834,839,837,828,835,838]
/store/data/Run2016H/ZeroBias/RAW/v1/000/283/877/00000/4CAFF6A1-889B-E611-9910-FA163E8F9AA0.root [1343,1350,1352,1353,1354,1345,1349,1346,1351,1347,1348,1355,1344]
/store/data/Run2016H/ZeroBias/RAW/v1/000/283/877/00000/4CD87540-889B-E611-9C9D-02163E011EA1.root [1144,1140,1145,1146,1139,1150,1152,1147,1141,1142,1143,1148,1149,1151]
/store/data/Run2016H/ZeroBias/RAW/v1/000/283/877/00000/4CDF8E4D-889B-E611-A751-02163E013779.root [900,901,904,903,895,902,905,893,897,894,896,898,899]
/store/data/Run2016H/ZeroBias/RAW/v1/000/283/877/00000/4EB445C0-879B-E611-964F-02163E012BB6.root [401,400,409,402,399,403,405,406,404,407,408]
/store/data/Run2016H/ZeroBias/RAW/v1/000/283/877/00000/50A4FC7B-789B-E611-95BC-FA163EF7082A.root [245,254,247,246,250,251,248,253,255,249,252]
/store/data/Run2016H/ZeroBias/RAW/v1/000/283/877/00000/54105E45-889B-E611-88A7-02163E0134F3.root [1127,1134,1137,1125,1128,1132,1138,1130,1131,1133,1135,1136,1126,1129]
/store/data/Run2016H/ZeroBias/RAW/v1/000/283/877/00000/54DAB754-879B-E611-B6ED-02163E013541.root [134,144,138,135,139,143,142,140,137,141,136]
/store/data/Run2016H/ZeroBias/RAW/v1/000/283/877/00000/5CAFAFC0-879B-E611-8192-02163E0142D2.root [581,588,589,590,583,580,585,587,582,584,586]
/store/data/Run2016H/ZeroBias/RAW/v1/000/283/877/00000/60B08356-879B-E611-BF98-02163E012190.root [35,37,42,34,40,41,44,36,38,39,43]
/store/data/Run2016H/ZeroBias/RAW/v1/000/283/877/00000/6640D491-889B-E611-B3A6-02163E014119.root [972,979,977,973,976,981,982,983,984,975,974,978,980]
/store/data/Run2016H/ZeroBias/RAW/v1/000/283/877/00000/667AFDBB-879B-E611-A669-FA163EE42728.root [556,553,557,550,547,554,551,552,555,548,549]
/store/data/Run2016H/ZeroBias/RAW/v1/000/283/877/00000/6A2D9851-879B-E611-8157-02163E014455.root [120,113,112,115,121,117,118,122,114,116,119]
/store/data/Run2016H/ZeroBias/RAW/v1/000/283/877/00000/6C1C6A42-889B-E611-BF0E-02163E01367D.root [1197,1200,1207,1204,1205,1206,1208,1210,1198,1199,1209,1201,1202,1203]
/store/data/Run2016H/ZeroBias/RAW/v1/000/283/877/00000/6C2B5EAD-889B-E611-ABB8-02163E0139A4.root [1186,1196,1183,1190,1193,1195,1184,1188,1182,1189,1191,1194,1185,1187,1192]
/store/data/Run2016H/ZeroBias/RAW/v1/000/283/877/00000/6E6D43BC-879B-E611-9C0E-FA163EF0403F.root [594,596,595,591,599,600,601,592,593,597,598]
/store/data/Run2016H/ZeroBias/RAW/v1/000/283/877/00000/704EC552-879B-E611-ABF0-02163E011E14.root [1,8,3,10,6,2,9,11,4,7,5]
/store/data/Run2016H/ZeroBias/RAW/v1/000/283/877/00000/74C908B7-889B-E611-A7B4-02163E0134E9.root [1380,1384,1385,1381,1387,1390,1391,1383,1386,1382,1388,1389]
/store/data/Run2016H/ZeroBias/RAW/v1/000/283/877/00000/76FB977C-789B-E611-AAA6-02163E0134E5.root [171,172,168,175,177,170,167,169,173,174,176]
/store/data/Run2016H/ZeroBias/RAW/v1/000/283/877/00000/7A9C144B-889B-E611-A768-02163E0144CF.root [948,951,953,954,957,955,950,952,946,956,958,947,949]
/store/data/Run2016H/ZeroBias/RAW/v1/000/283/877/00000/7AB8FAC1-879B-E611-951A-02163E011EF3.root [394,397,393,388,391,389,392,398,390,396,395]
/store/data/Run2016H/ZeroBias/RAW/v1/000/283/877/00000/7CF21E49-879B-E611-AA40-FA163E879C74.root [233,225,227,229,232,223,224,228,231,226,230]
/store/data/Run2016H/ZeroBias/RAW/v1/000/283/877/00000/7E17E3C1-879B-E611-81F5-02163E01196A.root [910,911,912,913,917,918,914,909,915,916,906,907,908]
/store/data/Run2016H/ZeroBias/RAW/v1/000/283/877/00000/82469144-889B-E611-B767-02163E0135A6.root [1169,1170,1176,1167,1180,1181,1171,1172,1173,1174,1177,1178,1179,1168,1175]
/store/data/Run2016H/ZeroBias/RAW/v1/000/283/877/00000/827032C5-879B-E611-B6E5-02163E011E46.root [344,354,352,349,351,350,353,346,347,345,348]
/store/data/Run2016H/ZeroBias/RAW/v1/000/283/877/00000/863E63B3-879B-E611-BAA4-FA163E0D264C.root [488,480,481,482,483,484,489,486,478,487,479,485]
/store/data/Run2016H/ZeroBias/RAW/v1/000/283/877/00000/86688751-879B-E611-96D2-FA163E6BB74F.root [303,306,309,302,304,307,308,310,301,305,300]
/store/data/Run2016H/ZeroBias/RAW/v1/000/283/877/00000/86881FC1-879B-E611-B1E7-02163E0133BC.root [366,373,370,367,368,371,376,372,369,374,375]
/store/data/Run2016H/ZeroBias/RAW/v1/000/283/877/00000/88AFCBC3-879B-E611-8A2F-02163E0134FC.root [334,343,338,340,341,342,335,336,339,333,337]
/store/data/Run2016H/ZeroBias/RAW/v1/000/283/877/00000/8AA6F743-889B-E611-9071-02163E01391F.root [1445,1450,1441,1442,1443,1448,1447,1453,1444,1451,1449,1446,1452]
/store/data/Run2016H/ZeroBias/RAW/v1/000/283/877/00000/8C2F50C0-879B-E611-9E88-02163E0133AD.root [623,618,622,613,614,616,624,620,621,619,615,617]
/store/data/Run2016H/ZeroBias/RAW/v1/000/283/877/00000/8C30AF56-879B-E611-940B-02163E014661.root [279,282,283,281,287,284,285,286,278,280,288]
/store/data/Run2016H/ZeroBias/RAW/v1/000/283/877/00000/92B99DC4-879B-E611-A7FD-02163E0138BA.root [846,847,849,842,844,852,841,848,843,845,850,851,853]
/store/data/Run2016H/ZeroBias/RAW/v1/000/283/877/00000/92FD2F4E-879B-E611-BCC7-FA163E7A8987.root [145,148,146,152,151,153,154,150,147,149,155]
/store/data/Run2016H/ZeroBias/RAW/v1/000/283/877/00000/94106940-889B-E611-9E8F-02163E01458F.root [1014,1016,1013,1024,1020,1022,1025,1023,1015,1018,1021,1017,1019]
/store/data/Run2016H/ZeroBias/RAW/v1/000/283/877/00000/945349AE-889B-E611-97D4-02163E0133C9.root [1334,1328,1329,1337,1338,1333,1341,1330,1339,1331,1335,1340,1332,1342,1336]
/store/data/Run2016H/ZeroBias/RAW/v1/000/283/877/00000/945EA4C1-879B-E611-BDF0-02163E0121CC.root [759,760,767,764,768,771,761,763,769,762,765,770,772,766]
/store/data/Run2016H/ZeroBias/RAW/v1/000/283/877/00000/94AAE74B-879B-E611-830B-FA163E3B0B19.root [491,499,500,501,490,492,494,493,495,496,498,497]
/store/data/Run2016H/ZeroBias/RAW/v1/000/283/877/00000/94D492C1-879B-E611-B3B8-02163E014288.root [919,921,922,920,923,931,932,926,928,929,924,927,930,925]
/store/data/Run2016H/ZeroBias/RAW/v1/000/283/877/00000/96E9B45B-879B-E611-8DFF-02163E0134E6.root [90,94,96,98,100,92,97,99,93,95,91]
/store/data/Run2016H/ZeroBias/RAW/v1/000/283/877/00000/9A230545-889B-E611-A70F-02163E0120D5.root [963,969,960,962,967,966,959,971,961,964,965,970,968]
/store/data/Run2016H/ZeroBias/RAW/v1/000/283/877/00000/9C743BE9-879B-E611-B2DA-02163E011DF0.root [755,749,751,757,758,748,752,747,750,753,754,756]
/store/data/Run2016H/ZeroBias/RAW/v1/000/283/877/00000/A260CFC2-879B-E611-888A-02163E013982.root [740,743,735,736,738,741,745,737,744,739,742,746]
/store/data/Run2016H/ZeroBias/RAW/v1/000/283/877/00000/A2D08DA7-889B-E611-8803-FA163E14352B.root [1314,1317,1320,1325,1316,1313,1321,1326,1315,1319,1327,1318,1322,1323,1324]
/store/data/Run2016H/ZeroBias/RAW/v1/000/283/877/00000/A6BEE52C-789B-E611-8E34-02163E014525.root [1257,1255,1256,1263,1265,1260,1258,1264,1267,1254,1259,1261,1262,1266]
/store/data/Run2016H/ZeroBias/RAW/v1/000/283/877/00000/ACD96DE7-879B-E611-918E-02163E0137FA.root [432,436,439,440,435,437,442,434,433,438,441]
/store/data/Run2016H/ZeroBias/RAW/v1/000/283/877/00000/AE08C4CE-879B-E611-AD14-02163E0135D1.root [530,531,532,524,525,529,534,533,526,527,528]
/store/data/Run2016H/ZeroBias/RAW/v1/000/283/877/00000/AE4A7DBF-879B-E611-A7EA-02163E014225.root [522,513,514,516,518,520,523,517,515,519,521]
/store/data/Run2016H/ZeroBias/RAW/v1/000/283/877/00000/AEA45B50-879B-E611-8A1B-FA163E5D7029.root [238,240,242,239,241,234,235,237,244,236,243]
/store/data/Run2016H/ZeroBias/RAW/v1/000/283/877/00000/AED33541-889B-E611-8D80-02163E014613.root [1211,1224,1225,1221,1215,1217,1220,1223,1218,1212,1213,1216,1214,1219,1222]
/store/data/Run2016H/ZeroBias/RAW/v1/000/283/877/00000/B0F374C2-879B-E611-ADE7-02163E013690.root [540,543,545,537,536,538,544,539,541,542,546,535]
/store/data/Run2016H/ZeroBias/RAW/v1/000/283/877/00000/BCF4D6C1-879B-E611-B670-02163E011EAC.root [502,510,509,512,506,511,508,503,505,504,507]
/store/data/Run2016H/ZeroBias/RAW/v1/000/283/877/00000/C228EEC0-879B-E611-9CAF-02163E0138D4.root [728,726,731,733,730,729,732,734,727,724,725,723]
/store/data/Run2016H/ZeroBias/RAW/v1/000/283/877/00000/C8EA29BD-879B-E611-B657-FA163E1DE70D.root [386,387,377,378,380,382,385,383,379,381,384]
/store/data/Run2016H/ZeroBias/RAW/v1/000/283/877/00000/CE8F10C2-879B-E611-A122-02163E012241.root [356,360,361,364,365,359,363,355,357,358,362]
/store/data/Run2016H/ZeroBias/RAW/v1/000/283/877/00000/D009D6AC-889B-E611-8971-02163E012747.root [1458,1465,1466,1456,1460,1457,1464,1454,1455,1459,1461,1462,1463]
/store/data/Run2016H/ZeroBias/RAW/v1/000/283/877/00000/D0D03AFC-769B-E611-8059-02163E014235.root [58,64,59,63,66,57,60,61,62,65,67]
/store/data/Run2016H/ZeroBias/RAW/v1/000/283/877/00000/D43844C1-879B-E611-A0DC-02163E0141BD.root [660,653,655,657,659,652,651,658,661,650,656,654]
/store/data/Run2016H/ZeroBias/RAW/v1/000/283/877/00000/D48316C2-879B-E611-A73F-02163E012BB9.root [791,792,793,796,797,794,789,801,798,799,795,790,800]
/store/data/Run2016H/ZeroBias/RAW/v1/000/283/877/00000/D4E1B101-779B-E611-A8D9-02163E0142A7.root [1243,1245,1246,1248,1241,1252,1253,1250,1247,1240,1249,1242,1251,1244]
/store/data/Run2016H/ZeroBias/RAW/v1/000/283/877/00000/D6323641-889B-E611-BCC7-02163E013827.root [1105,1106,1108,1104,1098,1100,1107,1110,1099,1097,1101,1102,1103,1109]
/store/data/Run2016H/ZeroBias/RAW/v1/000/283/877/00000/D6989F54-879B-E611-8A92-02163E013981.root [327,329,328,323,326,324,330,322,331,332,325]
/store/data/Run2016H/ZeroBias/RAW/v1/000/283/877/00000/D81761FA-769B-E611-9719-02163E0145DE.root [88,84,81,87,79,80,83,85,86,89,82]
/store/data/Run2016H/ZeroBias/RAW/v1/000/283/877/00000/DA07BAC1-879B-E611-B4F5-02163E01395E.root [804,812,808,809,810,811,814,805,803,807,813,802,806]
/store/data/Run2016H/ZeroBias/RAW/v1/000/283/877/00000/DA3E33AC-889B-E611-9765-02163E0143C4.root [776,782,783,778,779,775,784,773,781,780,785,774,777,786,787,788]
/store/data/Run2016H/ZeroBias/RAW/v1/000/283/877/00000/DA7F3FBF-879B-E611-B718-02163E0142B5.root [701,710,704,707,700,702,705,706,699,703,708,709]
/store/data/Run2016H/ZeroBias/RAW/v1/000/283/877/00000/DCFB0D3B-889B-E611-8B51-FA163ECACAA7.root [986,993,996,991,987,990,989,994,998,988,992,997,985,995]
/store/data/Run2016H/ZeroBias/RAW/v1/000/283/877/00000/E2593BAE-889B-E611-844F-02163E01382E.root [1368,1377,1379,1371,1375,1373,1378,1374,1376,1372,1369,1370]
/store/data/Run2016H/ZeroBias/RAW/v1/000/283/877/00000/E4A79B3F-889B-E611-9120-FA163EEA9F54.root [1489,1495,1484,1485,1488,1494,1487,1493,1486,1490,1496,1492,1491]
/store/data/Run2016H/ZeroBias/RAW/v1/000/283/877/00000/E4B2E97D-789B-E611-8A43-02163E0121CC.root [104,105,103,101,109,111,102,106,107,108,110]
/store/data/Run2016H/ZeroBias/RAW/v1/000/283/877/00000/E8BCD9AB-889B-E611-AB4E-02163E0146D1.root [1090,1095,1089,1085,1084,1083,1088,1096,1086,1087,1091,1092,1094,1093]
/store/data/Run2016H/ZeroBias/RAW/v1/000/283/877/00000/E8D71452-879B-E611-8641-02163E014270.root [1302,1305,1306,1312,1298,1309,1308,1300,1307,1310,1299,1303,1304,1301,1311]
/store/data/Run2016H/ZeroBias/RAW/v1/000/283/877/00000/EE3DFCFA-769B-E611-B4A4-02163E014148.root [156,160,163,157,158,165,161,166,162,159,164]
/store/data/Run2016H/ZeroBias/RAW/v1/000/283/877/00000/EE6795AD-889B-E611-840C-02163E01384A.root [1439,1430,1433,1436,1429,1438,1440,1435,1432,1434,1437,1431]
/store/data/Run2016H/ZeroBias/RAW/v1/000/283/877/00000/EEEBCA44-889B-E611-98D0-02163E013511.root [1468,1475,1480,1469,1473,1481,1470,1478,1482,1483,1479,1471,1467,1472,1474,1476,1477]
/store/data/Run2016H/ZeroBias/RAW/v1/000/283/877/00000/F44A51C3-879B-E611-8AC6-02163E0133EB.root [472,476,467,470,475,469,473,471,474,466,468,477]
/store/data/Run2016H/ZeroBias/RAW/v1/000/283/877/00000/F62F1DBF-889B-E611-9424-02163E013733.root [1077,1081,1082,1072,1078,1080,1071,1074,1075,1073,1076,1079,1069,1070]
/store/data/Run2016H/ZeroBias/RAW/v1/000/283/877/00000/F8F54147-879B-E611-BE5A-FA163EF8BA04.root [13,15,21,22,16,14,12,17,20,18,19]
/store/data/Run2016H/ZeroBias/RAW/v1/000/283/877/00000/FE16EB43-889B-E611-8212-02163E01369D.root [1115,1117,1113,1112,1122,1124,1116,1120,1111,1114,1119,1123,1118,1121]
