/store/data/Run2024F/EGamma0/RAW/v1/000/382/229/00000/02c33f96-bbe2-45b1-b91c-2ed2d0fb6fd0.root 382229 [64,66,63,65,67]
/store/data/Run2024F/EGamma0/RAW/v1/000/382/229/00000/06eaa93f-3b1c-4db5-86dd-9803e0906aab.root 382229 [50,49,52,48,51]
/store/data/Run2024F/EGamma0/RAW/v1/000/382/229/00000/0a6b4a00-68c9-495f-90c5-0afeccb7046c.root 382229 [60,62,61,58,59]
/store/data/Run2024F/EGamma0/RAW/v1/000/382/229/00000/0b98c14b-8dce-4122-b15a-39478cfd034d.root 382229 [53,54,56,57,55]
/store/data/Run2024F/EGamma0/RAW/v1/000/382/229/00000/0e10608b-0582-40c4-97f5-74ed3de930d0.root 382229 [216,213,215,214]
/store/data/Run2024F/EGamma0/RAW/v1/000/382/229/00000/0f023122-ce5e-4cc9-9c45-030d4c8b01e7.root 382229 [192,193,194,195]
/store/data/Run2024F/EGamma0/RAW/v1/000/382/229/00000/12322a11-df40-4481-88bb-2a24168e886e.root 382229 [204,206,207,205]
/store/data/Run2024F/EGamma0/RAW/v1/000/382/229/00000/13527843-78e5-4d05-ab31-217bcf1bc976.root 382229 [238,237,239,240]
/store/data/Run2024F/EGamma0/RAW/v1/000/382/229/00000/167b51dc-6bbd-4c30-ba92-0f0ccd89535d.root 382229 [85,88,84,87,86,83]
/store/data/Run2024F/EGamma0/RAW/v1/000/382/229/00000/1e1934c2-e800-4524-bc29-76c4af23c002.root 382229 [288,285,286,287]
/store/data/Run2024F/EGamma0/RAW/v1/000/382/229/00000/25e52155-df29-4059-b3e1-ce8672e67fc5.root 382229 [251,249,252,250]
/store/data/Run2024F/EGamma0/RAW/v1/000/382/229/00000/2a078cb1-a71e-4412-8bf7-a367290198fa.root 382229 [173,175,174,172]
/store/data/Run2024F/EGamma0/RAW/v1/000/382/229/00000/2d1cde57-4b24-47c8-9aa4-cb0106fbbc6e.root 382229 [32,33,31,30]
/store/data/Run2024F/EGamma0/RAW/v1/000/382/229/00000/2e722caf-85c6-45c8-ae2b-69f682e8ee23.root 382229 [253,255,256,254]
/store/data/Run2024F/EGamma0/RAW/v1/000/382/229/00000/2e7a750c-7dad-4db6-b807-d14c02b3bbcf.root 382229 [299,297,300,298]
/store/data/Run2024F/EGamma0/RAW/v1/000/382/229/00000/2f1ff80b-d520-433e-bf06-c0acc50f9f02.root 382229 [217,220,219,218]
/store/data/Run2024F/EGamma0/RAW/v1/000/382/229/00000/2f7359e5-876d-49ff-8564-9ef29e7a06fb.root 382229 [108,110,111,109]
/store/data/Run2024F/EGamma0/RAW/v1/000/382/229/00000/33539696-2dd8-4364-9ae2-5945b2d3e9a2.root 382229 [129,128,130,131]
/store/data/Run2024F/EGamma0/RAW/v1/000/382/229/00000/34939199-97fd-4c3c-a6b2-43738bdde767.root 382229 [196,199,197,198]
/store/data/Run2024F/EGamma0/RAW/v1/000/382/229/00000/358cd419-2a85-44cf-ac8f-f35749380207.root 382229 [188,191,189,190]
/store/data/Run2024F/EGamma0/RAW/v1/000/382/229/00000/36da4c3c-637a-4dcb-8d1a-4df58ce4e4a1.root 382229 [19,20,21,18]
/store/data/Run2024F/EGamma0/RAW/v1/000/382/229/00000/3ee3e0b6-9e88-45b8-834e-cca67e7a0ad1.root 382229 [115,114,113,112]
/store/data/Run2024F/EGamma0/RAW/v1/000/382/229/00000/41c17af4-ea52-4776-936e-e70cde66dba4.root 382229 [127,125,126,124]
/store/data/Run2024F/EGamma0/RAW/v1/000/382/229/00000/4a2ea2fd-8f75-4cec-9583-2ac07ab005ff.root 382229 [228,226,225,227]
/store/data/Run2024F/EGamma0/RAW/v1/000/382/229/00000/4dabed1b-5247-4b02-8a5e-d298082af2b5.root 382229 [180,182,183,181]
/store/data/Run2024F/EGamma0/RAW/v1/000/382/229/00000/516ca019-3960-45f5-9b4f-b531c41868a3.root 382229 [231,230,229,232]
/store/data/Run2024F/EGamma0/RAW/v1/000/382/229/00000/55a6ed1b-97ac-48d2-861e-d727498576ff.root 382229 [311,310,312,309]
/store/data/Run2024F/EGamma0/RAW/v1/000/382/229/00000/588ebf50-9215-4821-85df-5d13af91e475.root 382229 [289,292,291,290]
/store/data/Run2024F/EGamma0/RAW/v1/000/382/229/00000/5aebc52d-a572-4a86-92d5-2c42b6e15b01.root 382229 [169,168,171,170]
/store/data/Run2024F/EGamma0/RAW/v1/000/382/229/00000/5aefda2e-8d59-4955-a077-e7c7c3a5e100.root 382229 [155,152,153,154]
/store/data/Run2024F/EGamma0/RAW/v1/000/382/229/00000/5ccfd52a-ee64-4e3b-a95c-95315283dc31.root 382229 [79,81,82,80,78]
/store/data/Run2024F/EGamma0/RAW/v1/000/382/229/00000/5cf98b5e-64ce-45cb-9a0c-93339900c74e.root 382229 [304,303,302,301]
/store/data/Run2024F/EGamma0/RAW/v1/000/382/229/00000/5ead70c8-35f3-4333-9980-b19c92a03a83.root 382229 [149,151,148,150]
/store/data/Run2024F/EGamma0/RAW/v1/000/382/229/00000/5f0a1258-e858-453d-bcc2-fdf71ccd5c17.root 382229 [221,223,222,224]
/store/data/Run2024F/EGamma0/RAW/v1/000/382/229/00000/63c8e807-be58-44e7-9782-9bc6bc752917.root 382229 [159,156,157,158]
/store/data/Run2024F/EGamma0/RAW/v1/000/382/229/00000/66b5c18e-57af-409a-9ffe-0e3f0e64d742.root 382229 [37,34,36,35]
/store/data/Run2024F/EGamma0/RAW/v1/000/382/229/00000/6865af3c-4557-4709-b5f4-cace186de4ab.root 382229 [73,76,74,75,77]
/store/data/Run2024F/EGamma0/RAW/v1/000/382/229/00000/6cd219d0-a6f9-4014-85da-0329756121f0.root 382229 [187,184,186,185]
/store/data/Run2024F/EGamma0/RAW/v1/000/382/229/00000/76c103ca-8945-4104-b044-e8dee25ce327.root 382229 [307,306,308,305]
/store/data/Run2024F/EGamma0/RAW/v1/000/382/229/00000/7f3cd25a-adc9-4bdd-870e-e171f0380446.root 382229 [262,261,263,264]
/store/data/Run2024F/EGamma0/RAW/v1/000/382/229/00000/8092a119-c854-4817-b25a-914522a04294.root 382229 [8,5,6,7]
/store/data/Run2024F/EGamma0/RAW/v1/000/382/229/00000/854903a2-74b9-46fb-8e89-bf0c3413417b.root 382229 [316,317,315,318,319,313,314,320]
/store/data/Run2024F/EGamma0/RAW/v1/000/382/229/00000/867e221e-0d4c-486c-b205-9fbc8ef6c0c5.root 382229 [160,161,162,163]
/store/data/Run2024F/EGamma0/RAW/v1/000/382/229/00000/94e7d9f3-9b6d-47cb-b170-3e062fdeb774.root 382229 [24,23,22,25]
/store/data/Run2024F/EGamma0/RAW/v1/000/382/229/00000/97c0f815-6c59-4001-b909-59b0ffcea213.root 382229 [100,101,103,102]
/store/data/Run2024F/EGamma0/RAW/v1/000/382/229/00000/9f81881e-9cc7-487a-8c0d-fef48e4834b1.root 382229 [93,92,90,91,94,89]
/store/data/Run2024F/EGamma0/RAW/v1/000/382/229/00000/a63925c6-475c-4b4e-8dc7-048f1d8a5753.root 382229 [203,202,201,200]
/store/data/Run2024F/EGamma0/RAW/v1/000/382/229/00000/aa5f36ec-bb2c-4f80-b29a-048baec0bd6b.root 382229 [97,98,95,99,96]
/store/data/Run2024F/EGamma0/RAW/v1/000/382/229/00000/ab7a97f8-a823-4467-9fad-3cee0d464105.root 382229 [267,266,268,265]
/store/data/Run2024F/EGamma0/RAW/v1/000/382/229/00000/b455f63d-a8aa-4b00-9619-c61a444470b7.root 382229 [4,1,2,3]
/store/data/Run2024F/EGamma0/RAW/v1/000/382/229/00000/b724a169-9ecc-4978-b936-ea2f7b84c67d.root 382229 [136,138,139,137]
/store/data/Run2024F/EGamma0/RAW/v1/000/382/229/00000/b73ebb44-6b0b-4a1b-84a9-8b68a65581ad.root 382229 [210,212,208,209,211]
/store/data/Run2024F/EGamma0/RAW/v1/000/382/229/00000/b800a57b-8d83-47fe-94fd-bf353c0a59af.root 382229 [176,177,178,179]
/store/data/Run2024F/EGamma0/RAW/v1/000/382/229/00000/bac78e99-6f3f-4022-89dd-97771b739b95.root 382229 [27,26,28,29]
/store/data/Run2024F/EGamma0/RAW/v1/000/382/229/00000/bcfab10b-27f5-4e75-9f25-4afd978f78c5.root 382229 [166,164,165,167]
/store/data/Run2024F/EGamma0/RAW/v1/000/382/229/00000/bed35e02-2203-440c-afa7-132d103d362c.root 382229 [270,269,271,272]
/store/data/Run2024F/EGamma0/RAW/v1/000/382/229/00000/c3cb9a2e-d7c3-4e7e-bed7-cddbbe166eeb.root 382229 [107,106,105,104]
/store/data/Run2024F/EGamma0/RAW/v1/000/382/229/00000/c57fbf57-5e1d-4ce7-a1ce-f7629138c64d.root 382229 [248,247,246,245]
/store/data/Run2024F/EGamma0/RAW/v1/000/382/229/00000/c801266a-7d53-42be-9ea7-61ff98aa115e.root 382229 [144,146,145,147]
/store/data/Run2024F/EGamma0/RAW/v1/000/382/229/00000/c9e9f6de-291e-4038-a6de-8910ad08dc70.root 382229 [117,119,116,118]
/store/data/Run2024F/EGamma0/RAW/v1/000/382/229/00000/d325dd5d-e23f-478d-965e-5aecc9502343.root 382229 [134,132,135,133]
/store/data/Run2024F/EGamma0/RAW/v1/000/382/229/00000/d3836283-270a-4bcd-ae1f-a836a04638e8.root 382229 [47,45,46,43,44]
/store/data/Run2024F/EGamma0/RAW/v1/000/382/229/00000/da3aa14a-ab40-475f-ba16-4fb78f7c64c5.root 382229 [120,123,121,122]
/store/data/Run2024F/EGamma0/RAW/v1/000/382/229/00000/db18246b-7236-4237-879e-46a19d5776c5.root 382229 [293,294,296,295]
/store/data/Run2024F/EGamma0/RAW/v1/000/382/229/00000/df438f0f-3cd3-47c9-a4c1-6dc06e1cfd10.root 382229 [257,260,258,259]
/store/data/Run2024F/EGamma0/RAW/v1/000/382/229/00000/e4146685-edd5-4d50-a9bb-8f1580117c41.root 382229 [39,40,42,41,38]
/store/data/Run2024F/EGamma0/RAW/v1/000/382/229/00000/e4df2024-3a08-4f81-8fe3-c41da05c964d.root 382229 [282,283,284,281]
/store/data/Run2024F/EGamma0/RAW/v1/000/382/229/00000/e9af7918-9345-4ffc-9c4b-d2c4484ce12c.root 382229 [140,142,141,143]
/store/data/Run2024F/EGamma0/RAW/v1/000/382/229/00000/f0db06cb-9524-46f6-9723-d9f9edb93e9b.root 382229 [277,278,280,279]
/store/data/Run2024F/EGamma0/RAW/v1/000/382/229/00000/f230e1ea-85d2-4aa5-a5c0-53cfe229af84.root 382229 [274,276,275,273]
/store/data/Run2024F/EGamma0/RAW/v1/000/382/229/00000/f2596730-3cd3-4c98-a218-5369f09f617f.root 382229 [9]
/store/data/Run2024F/EGamma0/RAW/v1/000/382/229/00000/f489e7ad-366d-4967-af20-8ac689580497.root 382229 [69,72,70,68,71]
/store/data/Run2024F/EGamma0/RAW/v1/000/382/229/00000/f625c9be-2f8c-4553-8846-29406e9ca3b0.root 382229 [235,234,233,236]
/store/data/Run2024F/EGamma0/RAW/v1/000/382/229/00000/fd0bedeb-1e38-4ec8-988d-a457d924612f.root 382229 [242,244,241,243]
/store/data/Run2024F/EGamma0/RAW/v1/000/382/250/00000/0053f518-9124-444a-88ef-a4d3e7a78fd5.root 382250 [541]
/store/data/Run2024F/EGamma0/RAW/v1/000/382/250/00000/00705e19-1a84-4db7-a502-d911e9b9c2c3.root 382250 [289]
/store/data/Run2024F/EGamma0/RAW/v1/000/382/250/00000/00a4f120-ba11-4777-abad-6a6be381c47b.root 382250 [668]
/store/data/Run2024F/EGamma0/RAW/v1/000/382/250/00000/00d87ed8-9140-4e81-a46a-c734d5ef740e.root 382250 [548]
/store/data/Run2024F/EGamma0/RAW/v1/000/382/250/00000/017fd402-0579-4a27-92f4-1a0cb09f5a1e.root 382250 [212]
/store/data/Run2024F/EGamma0/RAW/v1/000/382/250/00000/01d432b8-cd95-4035-a123-66b9828ab93f.root 382250 [688,687]
/store/data/Run2024F/EGamma0/RAW/v1/000/382/250/00000/025a0ab9-d32c-4865-a21e-1dd3fd1c196f.root 382250 [173]
/store/data/Run2024F/EGamma0/RAW/v1/000/382/250/00000/0269ad54-abd2-4a43-b0ca-51ed67523a66.root 382250 [697]
/store/data/Run2024F/EGamma0/RAW/v1/000/382/250/00000/02786730-384e-4292-9915-f13de841c67e.root 382250 [622]
/store/data/Run2024F/EGamma0/RAW/v1/000/382/250/00000/02f92a7d-4afe-441c-9df7-3fea8769c538.root 382250 [599]
/store/data/Run2024F/EGamma0/RAW/v1/000/382/250/00000/03715d56-0b21-485e-ab50-6e146687ebb7.root 382250 [1,2,8,33,6,16,23,24,3,22,27,31,4,10,12,20,28,30,5,7,14,19,25,9,13,26,32,35,18,29,11,15,17,21,34]
/store/data/Run2024F/EGamma0/RAW/v1/000/382/250/00000/05f318d0-032e-4af9-920c-679b6e633ee4.root 382250 [223]
/store/data/Run2024F/EGamma0/RAW/v1/000/382/250/00000/06fd5f8f-a16e-4072-962f-7800147e99ad.root 382250 [917]
/store/data/Run2024F/EGamma0/RAW/v1/000/382/250/00000/07457f01-cad3-4cda-894f-5c4f155964e3.root 382250 [420]
/store/data/Run2024F/EGamma0/RAW/v1/000/382/250/00000/085856b2-6395-4c4a-a838-e34291dff8e3.root 382250 [837]
/store/data/Run2024F/EGamma0/RAW/v1/000/382/250/00000/08d62fc2-1107-4b81-bd77-b45deb315fcf.root 382250 [273]
/store/data/Run2024F/EGamma0/RAW/v1/000/382/250/00000/08f1a3af-c3ca-4369-80db-18861c585d9b.root 382250 [877]
/store/data/Run2024F/EGamma0/RAW/v1/000/382/250/00000/0929472e-ada3-42fb-bdad-e56339272e1c.root 382250 [354]
/store/data/Run2024F/EGamma0/RAW/v1/000/382/250/00000/092e201d-d13c-4e0c-8b79-6f78408f0c8d.root 382250 [464]
/store/data/Run2024F/EGamma0/RAW/v1/000/382/250/00000/09605998-d2dc-4473-8d37-b7251746c79c.root 382250 [907]
/store/data/Run2024F/EGamma0/RAW/v1/000/382/250/00000/09b9e5a1-1845-493d-ab73-349ddc2bd5b5.root 382250 [820]
/store/data/Run2024F/EGamma0/RAW/v1/000/382/250/00000/0a20f1a2-8675-42e3-9764-2a06fc3952da.root 382250 [292]
/store/data/Run2024F/EGamma0/RAW/v1/000/382/250/00000/0af23870-38cd-4f15-9f1e-da770f9cb47d.root 382250 [156]
/store/data/Run2024F/EGamma0/RAW/v1/000/382/250/00000/0b425009-42c0-4832-aa12-f782233daba9.root 382250 [906]
/store/data/Run2024F/EGamma0/RAW/v1/000/382/250/00000/0b55f21d-fc8a-43c8-9a28-66311270aabc.root 382250 [855]
/store/data/Run2024F/EGamma0/RAW/v1/000/382/250/00000/0b71b11d-d414-4933-8dd7-542232415caf.root 382250 [390]
/store/data/Run2024F/EGamma0/RAW/v1/000/382/250/00000/0b953517-0d04-4b3b-958d-b1541719e4c7.root 382250 [513]
/store/data/Run2024F/EGamma0/RAW/v1/000/382/250/00000/0ba27cc8-e344-4c08-b35c-013cfed38303.root 382250 [498]
/store/data/Run2024F/EGamma0/RAW/v1/000/382/250/00000/0bddd510-b3fc-41ca-96e8-7e44b8ecca28.root 382250 [825]
/store/data/Run2024F/EGamma0/RAW/v1/000/382/250/00000/0c4ef263-3e22-482d-be7b-2bc2aa502929.root 382250 [756]
/store/data/Run2024F/EGamma0/RAW/v1/000/382/250/00000/0c58d870-bd49-4f2b-a25e-43959fa4fa7d.root 382250 [572]
/store/data/Run2024F/EGamma0/RAW/v1/000/382/250/00000/0ce6fb0c-5f9e-4e1c-bddf-092a1d27275c.root 382250 [928,933,929,930,934,932,931,935,936]
/store/data/Run2024F/EGamma0/RAW/v1/000/382/250/00000/0d1bb657-18da-480b-8dbf-8008e65d78d6.root 382250 [52,53]
/store/data/Run2024F/EGamma0/RAW/v1/000/382/250/00000/0d398cc7-60f4-4725-ba56-785efe981fbb.root 382250 [762]
/store/data/Run2024F/EGamma0/RAW/v1/000/382/250/00000/0d64034a-1b29-4745-ac21-cc8150196b5c.root 382250 [605]
/store/data/Run2024F/EGamma0/RAW/v1/000/382/250/00000/0dc77258-b5b3-4c2f-ad6d-cedbb93485d0.root 382250 [359]
/store/data/Run2024F/EGamma0/RAW/v1/000/382/250/00000/0e91a02a-810b-4ab9-b90c-61c418cc5afa.root 382250 [771]
/store/data/Run2024F/EGamma0/RAW/v1/000/382/250/00000/0ef48cf6-c52a-4f2f-b7e3-2b01b754cb2a.root 382250 [749]
/store/data/Run2024F/EGamma0/RAW/v1/000/382/250/00000/0f039e4d-1c69-45ab-aaf0-b2f2783d8e8a.root 382250 [283]
/store/data/Run2024F/EGamma0/RAW/v1/000/382/250/00000/0f0b47f3-cc1f-4e94-a0d6-7d284af0872d.root 382250 [702]
/store/data/Run2024F/EGamma0/RAW/v1/000/382/250/00000/0feced48-7ffb-4f53-9b2b-bb9d3b4ab62c.root 382250 [180]
/store/data/Run2024F/EGamma0/RAW/v1/000/382/250/00000/1004ba18-3230-422c-a776-4b6ce074f338.root 382250 [189]
/store/data/Run2024F/EGamma0/RAW/v1/000/382/250/00000/10710f6d-b87b-4fab-825d-cbbc8f314db3.root 382250 [585]
/store/data/Run2024F/EGamma0/RAW/v1/000/382/250/00000/10ad4d04-8aae-4f17-99f3-e3968b04ea58.root 382250 [128,129]
/store/data/Run2024F/EGamma0/RAW/v1/000/382/250/00000/11c419e1-2107-41f3-b420-2adff969004a.root 382250 [783]
/store/data/Run2024F/EGamma0/RAW/v1/000/382/250/00000/11d7a157-95e7-4be9-bbc1-079947a354bc.root 382250 [397]
/store/data/Run2024F/EGamma0/RAW/v1/000/382/250/00000/12501e5d-94b0-43e5-9b34-a22d7e749b03.root 382250 [275]
/store/data/Run2024F/EGamma0/RAW/v1/000/382/250/00000/12798d92-989e-47cc-b09e-9d7c13e8d423.root 382250 [149]
/store/data/Run2024F/EGamma0/RAW/v1/000/382/250/00000/128af340-4375-46a8-a885-55b2ad727750.root 382250 [193]
/store/data/Run2024F/EGamma0/RAW/v1/000/382/250/00000/128dcbf6-4d93-4075-b21c-50265f7f35c4.root 382250 [842]
/store/data/Run2024F/EGamma0/RAW/v1/000/382/250/00000/12ba88f7-94f1-43e2-9b74-a41e838ad291.root 382250 [549]
/store/data/Run2024F/EGamma0/RAW/v1/000/382/250/00000/12d25de1-1b58-4e8c-b5d8-f7824a52802d.root 382250 [351]
/store/data/Run2024F/EGamma0/RAW/v1/000/382/250/00000/1312be83-d845-4a9b-8638-2c775b6d8b46.root 382250 [533]
/store/data/Run2024F/EGamma0/RAW/v1/000/382/250/00000/131d72f6-f91b-4e36-b440-5f694ca34c8f.root 382250 [606]
/store/data/Run2024F/EGamma0/RAW/v1/000/382/250/00000/134f41aa-2886-42f1-9253-669a4c64495f.root 382250 [448]
/store/data/Run2024F/EGamma0/RAW/v1/000/382/250/00000/1384ec82-8815-4f4f-b018-94d2eff261e0.root 382250 [689]
/store/data/Run2024F/EGamma0/RAW/v1/000/382/250/00000/141c712e-f78b-4df6-a671-ab09a0f1c020.root 382250 [779]
/store/data/Run2024F/EGamma0/RAW/v1/000/382/250/00000/1497c4b5-ff3a-4143-bfab-3f281a7391c6.root 382250 [249]
/store/data/Run2024F/EGamma0/RAW/v1/000/382/250/00000/14a098c9-c056-4ddb-85e6-cdd77636c28d.root 382250 [785]
/store/data/Run2024F/EGamma0/RAW/v1/000/382/250/00000/14aaf9b2-f9f0-4a4d-828e-cc36e3eebcfe.root 382250 [789]
/store/data/Run2024F/EGamma0/RAW/v1/000/382/250/00000/14d41532-c9d4-4365-b4a1-8446f12cd2d0.root 382250 [836]
/store/data/Run2024F/EGamma0/RAW/v1/000/382/250/00000/150f9a3b-71a9-4a47-af13-16319d7d4a8b.root 382250 [712]
/store/data/Run2024F/EGamma0/RAW/v1/000/382/250/00000/15885107-02c3-410d-bc9a-da353647c82a.root 382250 [381]
/store/data/Run2024F/EGamma0/RAW/v1/000/382/250/00000/16103fe8-af81-4571-a6af-b726d3f6438e.root 382250 [634]
/store/data/Run2024F/EGamma0/RAW/v1/000/382/250/00000/16318f0f-4e6c-4956-9ecb-21c988d3c2af.root 382250 [113,112]
/store/data/Run2024F/EGamma0/RAW/v1/000/382/250/00000/16d4b3e0-c2ae-414b-a92c-8bd9edec7efa.root 382250 [755]
/store/data/Run2024F/EGamma0/RAW/v1/000/382/250/00000/16d70a1a-5972-4af6-af46-1c3649554db2.root 382250 [486]
/store/data/Run2024F/EGamma0/RAW/v1/000/382/250/00000/16e7cc12-3aae-40ad-9b1f-e7ebee7850d6.root 382250 [626]
/store/data/Run2024F/EGamma0/RAW/v1/000/382/250/00000/16f747ed-b6e3-4435-8a69-57c8e7fdf6b5.root 382250 [754]
/store/data/Run2024F/EGamma0/RAW/v1/000/382/250/00000/175c336f-7bba-47f9-91de-401414626fa8.root 382250 [74,73,72]
/store/data/Run2024F/EGamma0/RAW/v1/000/382/250/00000/17cfce72-5b71-4177-8742-ddd8f1a064ae.root 382250 [336]
/store/data/Run2024F/EGamma0/RAW/v1/000/382/250/00000/182f3ef5-c4a0-4c39-9991-877f489bd2f4.root 382250 [111,110]
/store/data/Run2024F/EGamma0/RAW/v1/000/382/250/00000/1894bed2-956e-4f29-b827-e7c5405f30bf.root 382250 [835]
/store/data/Run2024F/EGamma0/RAW/v1/000/382/250/00000/1896d211-1586-4a77-96f9-a8a2b3de5014.root 382250 [386]
/store/data/Run2024F/EGamma0/RAW/v1/000/382/250/00000/18f0b4ff-91d3-4a67-b5be-0c83d55de824.root 382250 [617]
/store/data/Run2024F/EGamma0/RAW/v1/000/382/250/00000/18f38b26-9a91-4c8f-a618-4c9e461dfb71.root 382250 [357]
/store/data/Run2024F/EGamma0/RAW/v1/000/382/250/00000/1928d610-3462-475f-bf3d-dd38157e1b4e.root 382250 [392]
/store/data/Run2024F/EGamma0/RAW/v1/000/382/250/00000/1934a234-6781-40a1-86e4-92290e60bfa3.root 382250 [287]
/store/data/Run2024F/EGamma0/RAW/v1/000/382/250/00000/1988989e-c4e1-4a65-8d2b-28b12d5518c0.root 382250 [801]
/store/data/Run2024F/EGamma0/RAW/v1/000/382/250/00000/1a629ddb-5d19-4f9b-8b0a-22c0de50d67d.root 382250 [746]
/store/data/Run2024F/EGamma0/RAW/v1/000/382/250/00000/1b1f7896-058b-4a65-a6e1-6bdd743ee26e.root 382250 [600]
/store/data/Run2024F/EGamma0/RAW/v1/000/382/250/00000/1b3c8595-b09c-436f-92f7-41611eaf05a5.root 382250 [396]
/store/data/Run2024F/EGamma0/RAW/v1/000/382/250/00000/1b554f01-2d90-4615-a091-b4f88b458682.root 382250 [468]
/store/data/Run2024F/EGamma0/RAW/v1/000/382/250/00000/1b92eda0-3c06-4688-a7cd-6594b9c6093b.root 382250 [747]
/store/data/Run2024F/EGamma0/RAW/v1/000/382/250/00000/1bd422bb-19a3-4b23-a658-0b7ac99739a0.root 382250 [426]
/store/data/Run2024F/EGamma0/RAW/v1/000/382/250/00000/1be031ec-563c-46c3-aa5c-04ef81c78caa.root 382250 [839]
/store/data/Run2024F/EGamma0/RAW/v1/000/382/250/00000/1c983750-3df6-45dc-a0be-869c6efa151b.root 382250 [898]
/store/data/Run2024F/EGamma0/RAW/v1/000/382/250/00000/1cdcf68c-964e-4d85-b744-282ff198bfad.root 382250 [540]
/store/data/Run2024F/EGamma0/RAW/v1/000/382/250/00000/1d51365d-d9b3-4f59-85bd-7003c3d1748d.root 382250 [334]
/store/data/Run2024F/EGamma0/RAW/v1/000/382/250/00000/1d668f18-ebd6-4c63-80fd-8a098290f05b.root 382250 [581]
/store/data/Run2024F/EGamma0/RAW/v1/000/382/250/00000/1d7599ca-e043-47df-ab8e-1aa6736fac34.root 382250 [914]
/store/data/Run2024F/EGamma0/RAW/v1/000/382/250/00000/1dfbb36f-111f-4c32-a6ab-934cd0f670b7.root 382250 [539]
/store/data/Run2024F/EGamma0/RAW/v1/000/382/250/00000/1e612d23-0fe6-46f5-92c2-8ee34042e0e9.root 382250 [710]
/store/data/Run2024F/EGamma0/RAW/v1/000/382/250/00000/1f5b7c9f-b7d2-45e1-b3b6-d1af58bbf7dc.root 382250 [709]
/store/data/Run2024F/EGamma0/RAW/v1/000/382/250/00000/1fa7104f-743c-40b4-84d6-d9d83b3401b7.root 382250 [768]
/store/data/Run2024F/EGamma0/RAW/v1/000/382/250/00000/1fe935d0-24bf-4f3c-bc2c-67f1192e4b73.root 382250 [618]
/store/data/Run2024F/EGamma0/RAW/v1/000/382/250/00000/2012a611-6dd6-42c6-9a4f-f396a9e8f544.root 382250 [620]
/store/data/Run2024F/EGamma0/RAW/v1/000/382/250/00000/20389f4d-e1ea-4a4c-ae90-751b8fa3a808.root 382250 [557]
/store/data/Run2024F/EGamma0/RAW/v1/000/382/250/00000/20d3173c-77a4-47f9-a7f9-088b148ca1e8.root 382250 [838]
/store/data/Run2024F/EGamma0/RAW/v1/000/382/250/00000/21e0504d-461b-4517-a5e9-ecbf25c7ff08.root 382250 [891]
/store/data/Run2024F/EGamma0/RAW/v1/000/382/250/00000/21f92aae-2308-48ea-b760-ec643b8e39c8.root 382250 [884]
/store/data/Run2024F/EGamma0/RAW/v1/000/382/250/00000/22123cc7-bacb-49bd-91df-4c88258987b6.root 382250 [584]
/store/data/Run2024F/EGamma0/RAW/v1/000/382/250/00000/224ff3be-2ee1-4c6c-a286-60f34bea0c20.root 382250 [904]
/store/data/Run2024F/EGamma0/RAW/v1/000/382/250/00000/2276ab57-c687-4b3b-9924-266ed409243d.root 382250 [791]
/store/data/Run2024F/EGamma0/RAW/v1/000/382/250/00000/228d4e48-74be-49b4-993a-24215d7daf9d.root 382250 [186]
/store/data/Run2024F/EGamma0/RAW/v1/000/382/250/00000/2311c7bc-e20e-42cf-85e8-1d084cbb1003.root 382250 [424]
/store/data/Run2024F/EGamma0/RAW/v1/000/382/250/00000/23c22b79-0d78-41f9-a171-97cb874b22f7.root 382250 [232]
/store/data/Run2024F/EGamma0/RAW/v1/000/382/250/00000/24282619-c655-4462-8bf7-8e220e0c4e39.root 382250 [734]
/store/data/Run2024F/EGamma0/RAW/v1/000/382/250/00000/24f9c346-0009-4273-8610-437cf7dc3bcf.root 382250 [196]
/store/data/Run2024F/EGamma0/RAW/v1/000/382/250/00000/25366cc4-de3e-4b39-94ae-23c6db4b14d2.root 382250 [489]
/store/data/Run2024F/EGamma0/RAW/v1/000/382/250/00000/254ade2c-70d8-4aa1-9e95-2c82fdf470b7.root 382250 [472]
/store/data/Run2024F/EGamma0/RAW/v1/000/382/250/00000/2558cb25-a7b2-46c1-b5b1-b7536dbc8c6c.root 382250 [887]
/store/data/Run2024F/EGamma0/RAW/v1/000/382/250/00000/25b475ac-fe96-4abf-b6d4-189a9e119124.root 382250 [822]
/store/data/Run2024F/EGamma0/RAW/v1/000/382/250/00000/25fbf955-61ef-40b4-8fa5-2ed142203977.root 382250 [769]
/store/data/Run2024F/EGamma0/RAW/v1/000/382/250/00000/2619244f-8743-46ee-8d2e-0b0f6f012778.root 382250 [602]
/store/data/Run2024F/EGamma0/RAW/v1/000/382/250/00000/265e174e-3985-445c-8ce4-4076d1449da9.root 382250 [782]
/store/data/Run2024F/EGamma0/RAW/v1/000/382/250/00000/267b5a87-3f32-4bfd-b3fd-dc205065e42e.root 382250 [294]
/store/data/Run2024F/EGamma0/RAW/v1/000/382/250/00000/270f1a8c-1677-48e0-946c-43bf72625d44.root 382250 [902]
/store/data/Run2024F/EGamma0/RAW/v1/000/382/250/00000/277d5677-b2c0-494b-b4b4-1b0d34644d41.root 382250 [573]
/store/data/Run2024F/EGamma0/RAW/v1/000/382/250/00000/27915d0e-63ff-48af-b9a7-2c548e8cb2c8.root 382250 [95,94]
/store/data/Run2024F/EGamma0/RAW/v1/000/382/250/00000/28d60bc2-4e1e-4190-aed0-c69d4f71c12c.root 382250 [440]
/store/data/Run2024F/EGamma0/RAW/v1/000/382/250/00000/28dbbdba-6355-4094-af12-26ca05bc9c4f.root 382250 [510]
/store/data/Run2024F/EGamma0/RAW/v1/000/382/250/00000/28faa1ce-4307-45ac-8893-eba76d620d0c.root 382250 [847]
/store/data/Run2024F/EGamma0/RAW/v1/000/382/250/00000/296b5def-751c-4e9d-80b2-b3901969c3c4.root 382250 [369]
/store/data/Run2024F/EGamma0/RAW/v1/000/382/250/00000/29bec469-3a4e-4674-b296-3142c79b1e56.root 382250 [375]
/store/data/Run2024F/EGamma0/RAW/v1/000/382/250/00000/29cf8445-440c-4e65-aad9-84e29ead5063.root 382250 [155]
/store/data/Run2024F/EGamma0/RAW/v1/000/382/250/00000/2a52a4a0-1a87-4ded-9c0e-210d261fbb26.root 382250 [706]
/store/data/Run2024F/EGamma0/RAW/v1/000/382/250/00000/2a869448-c817-4dbd-93a8-7dee0a4fe8d8.root 382250 [553]
/store/data/Run2024F/EGamma0/RAW/v1/000/382/250/00000/2ad276b9-28fa-4aa0-a412-d0b49b04b35c.root 382250 [135]
/store/data/Run2024F/EGamma0/RAW/v1/000/382/250/00000/2ad57193-d4ed-4f90-a40f-e61a9668d0ed.root 382250 [311]
/store/data/Run2024F/EGamma0/RAW/v1/000/382/250/00000/2ae7fa41-8b1d-4f5e-b767-4d7fca6cf5b9.root 382250 [748]
/store/data/Run2024F/EGamma0/RAW/v1/000/382/250/00000/2b1de380-0159-4e9a-8471-dd9f38d341f8.root 382250 [574]
/store/data/Run2024F/EGamma0/RAW/v1/000/382/250/00000/2b3538eb-73f7-476d-a58b-bd99c79ff56f.root 382250 [856]
/store/data/Run2024F/EGamma0/RAW/v1/000/382/250/00000/2b38131d-8cc7-4112-b948-fb17534be73c.root 382250 [138]
/store/data/Run2024F/EGamma0/RAW/v1/000/382/250/00000/2b66d067-bd80-4be6-9888-8240ae8f1f5e.root 382250 [154]
/store/data/Run2024F/EGamma0/RAW/v1/000/382/250/00000/2c2b8bd4-d964-4e83-8d56-13d646df78b5.root 382250 [371]
/store/data/Run2024F/EGamma0/RAW/v1/000/382/250/00000/2c5a28a1-f3f6-4f76-b9a8-fbc713bb9a18.root 382250 [268]
/store/data/Run2024F/EGamma0/RAW/v1/000/382/250/00000/2c90c855-9ff6-483b-bad3-744c3d077777.root 382250 [913]
/store/data/Run2024F/EGamma0/RAW/v1/000/382/250/00000/2cb86812-60b0-44ae-9699-3f504a37d958.root 382250 [450]
/store/data/Run2024F/EGamma0/RAW/v1/000/382/250/00000/2d20f21a-4bdf-4857-962a-77f2496c2fdf.root 382250 [560]
/store/data/Run2024F/EGamma0/RAW/v1/000/382/250/00000/2d21f668-6d6d-4fa5-8401-ee3002302e7b.root 382250 [619]
/store/data/Run2024F/EGamma0/RAW/v1/000/382/250/00000/2d2b7248-e3a1-4c47-b7c5-2679801ff7e4.root 382250 [680]
/store/data/Run2024F/EGamma0/RAW/v1/000/382/250/00000/2da7f224-3137-4796-b4ee-93f92e3e8d9e.root 382250 [235]
/store/data/Run2024F/EGamma0/RAW/v1/000/382/250/00000/2db2b57b-8b1c-410d-916f-93e2c8096b5e.root 382250 [405]
/store/data/Run2024F/EGamma0/RAW/v1/000/382/250/00000/2dca3da4-7368-4924-ba24-d1ae9ae1aca8.root 382250 [850]
/store/data/Run2024F/EGamma0/RAW/v1/000/382/250/00000/2eab3e7c-cc45-46a8-8e13-307c45968a13.root 382250 [635]
/store/data/Run2024F/EGamma0/RAW/v1/000/382/250/00000/2ecc7ef1-dc19-44bf-a846-8f1938ed31dc.root 382250 [705]
/store/data/Run2024F/EGamma0/RAW/v1/000/382/250/00000/2f619316-e4e6-43a4-b097-81bc6071daf7.root 382250 [335]
/store/data/Run2024F/EGamma0/RAW/v1/000/382/250/00000/2f6ede0b-c0ee-4ea2-875e-bdf52b5a61c9.root 382250 [442]
/store/data/Run2024F/EGamma0/RAW/v1/000/382/250/00000/30c7738c-7096-46a7-84ec-ea0022b6cee3.root 382250 [340]
/store/data/Run2024F/EGamma0/RAW/v1/000/382/250/00000/31229fe9-7607-49ad-b316-723bf7276009.root 382250 [889]
/store/data/Run2024F/EGamma0/RAW/v1/000/382/250/00000/31548075-8966-4f3d-a8b6-e6ad241df630.root 382250 [216]
/store/data/Run2024F/EGamma0/RAW/v1/000/382/250/00000/3163a1e0-a47e-49cf-b2cf-da6a58a633f5.root 382250 [577]
/store/data/Run2024F/EGamma0/RAW/v1/000/382/250/00000/3192052b-3ae2-43f4-b94f-77f07ef5a187.root 382250 [447]
/store/data/Run2024F/EGamma0/RAW/v1/000/382/250/00000/31f7fe5d-11ba-4d83-bf12-58df6da823a6.root 382250 [260]
/store/data/Run2024F/EGamma0/RAW/v1/000/382/250/00000/3267e865-c5fa-4712-9fae-c518726d748a.root 382250 [578]
/store/data/Run2024F/EGamma0/RAW/v1/000/382/250/00000/336d227d-18ca-41c1-b78f-0df2e4a02d12.root 382250 [518]
/store/data/Run2024F/EGamma0/RAW/v1/000/382/250/00000/338c0165-ae70-4a2c-9aba-47fb53c99f01.root 382250 [325]
/store/data/Run2024F/EGamma0/RAW/v1/000/382/250/00000/3417f755-fd45-480c-ab5a-8bb8fb5d2e2c.root 382250 [457]
/store/data/Run2024F/EGamma0/RAW/v1/000/382/250/00000/34d437f8-9a19-45a2-a3ea-2713b9803c30.root 382250 [676]
/store/data/Run2024F/EGamma0/RAW/v1/000/382/250/00000/34d8187d-f62d-4489-b117-2aefd7789758.root 382250 [279]
/store/data/Run2024F/EGamma0/RAW/v1/000/382/250/00000/34e1e843-9dfd-4154-89ee-6ae62af964b2.root 382250 [880]
/store/data/Run2024F/EGamma0/RAW/v1/000/382/250/00000/34eac569-ad47-4fa4-ace0-a9f709cc62eb.root 382250 [590]
/store/data/Run2024F/EGamma0/RAW/v1/000/382/250/00000/34ff2e06-e497-4c93-b1a2-0f1ee6307005.root 382250 [408]
/store/data/Run2024F/EGamma0/RAW/v1/000/382/250/00000/350037b4-6e60-4938-9bf0-fb1197a0fc7d.root 382250 [349]
/store/data/Run2024F/EGamma0/RAW/v1/000/382/250/00000/35824d05-e026-46a2-9ffd-63a18d2f4a32.root 382250 [181]
/store/data/Run2024F/EGamma0/RAW/v1/000/382/250/00000/36481dcb-d384-43d4-9a5f-eb4006555148.root 382250 [724]
/store/data/Run2024F/EGamma0/RAW/v1/000/382/250/00000/366a0d25-447b-4162-9bc5-58dd6b8e2ca2.root 382250 [136]
/store/data/Run2024F/EGamma0/RAW/v1/000/382/250/00000/366f9bec-ee37-4d4e-95d5-83dc386d7415.root 382250 [317]
/store/data/Run2024F/EGamma0/RAW/v1/000/382/250/00000/36b1ae97-796e-4158-b013-bcda6f5d3a8b.root 382250 [863]
/store/data/Run2024F/EGamma0/RAW/v1/000/382/250/00000/371ce84c-dec9-4d68-b6c8-1cc9485afed0.root 382250 [866]
/store/data/Run2024F/EGamma0/RAW/v1/000/382/250/00000/372df8ed-fdfb-4f86-ac77-a79d2a7d5563.root 382250 [310]
/store/data/Run2024F/EGamma0/RAW/v1/000/382/250/00000/37c4763b-0432-4714-bdc1-3cd3b51cf035.root 382250 [922]
/store/data/Run2024F/EGamma0/RAW/v1/000/382/250/00000/3809449d-5213-4384-a0dc-c1fd6b426d45.root 382250 [230]
/store/data/Run2024F/EGamma0/RAW/v1/000/382/250/00000/38feeeef-b48a-4272-a444-853a1aceb88e.root 382250 [714]
/store/data/Run2024F/EGamma0/RAW/v1/000/382/250/00000/392f8cb7-a49b-470e-b840-5a9420d05e3c.root 382250 [452]
/store/data/Run2024F/EGamma0/RAW/v1/000/382/250/00000/39852264-2281-4545-9539-f1f44afd5c54.root 382250 [162]
/store/data/Run2024F/EGamma0/RAW/v1/000/382/250/00000/39c50821-6e95-42e8-bdcd-a50180fea422.root 382250 [338]
/store/data/Run2024F/EGamma0/RAW/v1/000/382/250/00000/3c2cc08b-9965-4ecf-a6f5-7f8a6881fcb7.root 382250 [640]
/store/data/Run2024F/EGamma0/RAW/v1/000/382/250/00000/3c5fb9dc-4066-43ce-be29-fa84314939e2.root 382250 [558]
/store/data/Run2024F/EGamma0/RAW/v1/000/382/250/00000/3c613ea5-fbe0-437a-b016-bcdf0eb8ec2b.root 382250 [277]
/store/data/Run2024F/EGamma0/RAW/v1/000/382/250/00000/3c8047f3-ecc1-4aae-b938-b717b9d7da68.root 382250 [81,82,83]
/store/data/Run2024F/EGamma0/RAW/v1/000/382/250/00000/3cc1647d-2864-4a1b-97af-9822989a6d78.root 382250 [925,924,923,927,926]
/store/data/Run2024F/EGamma0/RAW/v1/000/382/250/00000/3d00ab7a-1c1c-4932-b37d-07e26017e51a.root 382250 [658]
/store/data/Run2024F/EGamma0/RAW/v1/000/382/250/00000/3d64f3a3-4a08-410b-bca4-4511627b6a66.root 382250 [790]
/store/data/Run2024F/EGamma0/RAW/v1/000/382/250/00000/3d724877-de10-4132-9c8d-d4bebad879db.root 382250 [98]
/store/data/Run2024F/EGamma0/RAW/v1/000/382/250/00000/3db68f89-caf5-4a83-865a-b77ff0c30d6e.root 382250 [766]
/store/data/Run2024F/EGamma0/RAW/v1/000/382/250/00000/3db6ec97-d8bb-4a30-8719-0469ad129c9d.root 382250 [515]
/store/data/Run2024F/EGamma0/RAW/v1/000/382/250/00000/3dd45481-c795-4865-9204-d78cf789253c.root 382250 [831]
/store/data/Run2024F/EGamma0/RAW/v1/000/382/250/00000/3e347f24-a589-48fc-a2b3-275e1b764356.root 382250 [487]
/store/data/Run2024F/EGamma0/RAW/v1/000/382/250/00000/3e784c19-ee35-4f55-b2e9-cf10d5f4ac15.root 382250 [664]
/store/data/Run2024F/EGamma0/RAW/v1/000/382/250/00000/3e96d8ec-a4a7-4e9e-998d-a118fddbedba.root 382250 [677]
/store/data/Run2024F/EGamma0/RAW/v1/000/382/250/00000/3eaafcea-1e31-4c33-9d89-165dcb436ed9.root 382250 [657]
/store/data/Run2024F/EGamma0/RAW/v1/000/382/250/00000/3efd7bab-720a-4237-85a0-ecf73ff6fd4a.root 382250 [190]
/store/data/Run2024F/EGamma0/RAW/v1/000/382/250/00000/3f77ca0d-2c31-43e6-a148-6346768ed6a5.root 382250 [711]
/store/data/Run2024F/EGamma0/RAW/v1/000/382/250/00000/3f911588-ee2b-488d-8453-b2bd3b355160.root 382250 [436]
/store/data/Run2024F/EGamma0/RAW/v1/000/382/250/00000/40413702-3f4a-4f51-b59f-6938f558514e.root 382250 [322]
/store/data/Run2024F/EGamma0/RAW/v1/000/382/250/00000/4061cbae-c5cc-4cda-bfe9-b9a4b10b159c.root 382250 [808]
/store/data/Run2024F/EGamma0/RAW/v1/000/382/250/00000/40b0e7e0-7ade-40ef-b5e2-97625669506c.root 382250 [732]
/store/data/Run2024F/EGamma0/RAW/v1/000/382/250/00000/411214ab-9e03-4c88-a658-4a6a22312dc2.root 382250 [134]
/store/data/Run2024F/EGamma0/RAW/v1/000/382/250/00000/41738abf-7b56-429e-83e8-11f5a0d68030.root 382250 [411]
/store/data/Run2024F/EGamma0/RAW/v1/000/382/250/00000/42519e68-6167-46a4-a58f-ce3eb843c1cf.root 382250 [826]
/store/data/Run2024F/EGamma0/RAW/v1/000/382/250/00000/425a6364-9b53-4756-957b-a43def871979.root 382250 [467]
/store/data/Run2024F/EGamma0/RAW/v1/000/382/250/00000/425d6c03-0ab1-41ff-938b-d978ae2fff46.root 382250 [892]
/store/data/Run2024F/EGamma0/RAW/v1/000/382/250/00000/42a51371-028e-4733-abb8-115c2a988b4f.root 382250 [614]
/store/data/Run2024F/EGamma0/RAW/v1/000/382/250/00000/439d9d21-48fd-48d9-af09-3bf114981a98.root 382250 [674]
/store/data/Run2024F/EGamma0/RAW/v1/000/382/250/00000/43a12788-5dfd-4256-9123-58a1ca89e3aa.root 382250 [370]
/store/data/Run2024F/EGamma0/RAW/v1/000/382/250/00000/43d32c78-98dc-42da-88e3-ecc047f41a5e.root 382250 [895]
/store/data/Run2024F/EGamma0/RAW/v1/000/382/250/00000/43e5f95b-2e4c-4a4d-bdf4-c776c5ede586.root 382250 [852]
/store/data/Run2024F/EGamma0/RAW/v1/000/382/250/00000/44699767-7d72-4f33-b35c-ffc8f45f0c37.root 382250 [362]
/store/data/Run2024F/EGamma0/RAW/v1/000/382/250/00000/44b7c8e2-4503-48aa-83d2-d65cad52ef45.root 382250 [629]
/store/data/Run2024F/EGamma0/RAW/v1/000/382/250/00000/462141f4-9c61-4358-8b40-491ec9ac982e.root 382250 [777]
/store/data/Run2024F/EGamma0/RAW/v1/000/382/250/00000/46550add-a4be-4531-a845-1bd2997ddc47.root 382250 [893]
/store/data/Run2024F/EGamma0/RAW/v1/000/382/250/00000/4684dd12-5ab6-4409-8004-75f7b444ea66.root 382250 [445]
/store/data/Run2024F/EGamma0/RAW/v1/000/382/250/00000/46916453-0801-4a91-b008-0303bd3f82f0.root 382250 [529]
/store/data/Run2024F/EGamma0/RAW/v1/000/382/250/00000/46bc70d1-f9e2-4332-bebb-f4bd7367f396.root 382250 [248]
/store/data/Run2024F/EGamma0/RAW/v1/000/382/250/00000/46c57587-7295-4679-a7f0-30d813c655a4.root 382250 [147]
/store/data/Run2024F/EGamma0/RAW/v1/000/382/250/00000/48bd7667-c8d7-4742-afac-631855512862.root 382250 [552]
/store/data/Run2024F/EGamma0/RAW/v1/000/382/250/00000/490820c2-2eca-4527-89a5-59f13858e9af.root 382250 [271]
/store/data/Run2024F/EGamma0/RAW/v1/000/382/250/00000/493c1e71-124b-4a7c-8be6-49fd09d21bd4.root 382250 [853]
/store/data/Run2024F/EGamma0/RAW/v1/000/382/250/00000/4948b8ad-7f0b-4859-81db-b13da0b8185d.root 382250 [285]
/store/data/Run2024F/EGamma0/RAW/v1/000/382/250/00000/4961f289-d03e-4afe-accb-0671654ec7ec.root 382250 [123,122]
/store/data/Run2024F/EGamma0/RAW/v1/000/382/250/00000/49729baa-bdbd-436d-a3f6-6c7a8a337892.root 382250 [636]
/store/data/Run2024F/EGamma0/RAW/v1/000/382/250/00000/499240de-428e-4fd6-a358-ba80c32bdf7f.root 382250 [462]
/store/data/Run2024F/EGamma0/RAW/v1/000/382/250/00000/49cf47a4-b4a7-4758-9b51-a9b7e8cfec04.root 382250 [886]
/store/data/Run2024F/EGamma0/RAW/v1/000/382/250/00000/4a5b86a4-469d-4e99-88fc-35c6016679f6.root 382250 [352]
/store/data/Run2024F/EGamma0/RAW/v1/000/382/250/00000/4aa8159e-4e49-445a-97b9-dc48653d6a0c.root 382250 [554]
/store/data/Run2024F/EGamma0/RAW/v1/000/382/250/00000/4b10de02-d667-435b-9d7b-804eee4cd813.root 382250 [627]
/store/data/Run2024F/EGamma0/RAW/v1/000/382/250/00000/4b158e49-a089-46fe-bae5-24389e0f6218.root 382250 [815]
/store/data/Run2024F/EGamma0/RAW/v1/000/382/250/00000/4bb975fd-4288-46aa-90ba-c71515b58e86.root 382250 [183]
/store/data/Run2024F/EGamma0/RAW/v1/000/382/250/00000/4bc130d6-31cc-4d4d-8d92-970d15c9afe0.root 382250 [316]
/store/data/Run2024F/EGamma0/RAW/v1/000/382/250/00000/4bf11126-6275-4733-9ac3-758b79899acd.root 382250 [523]
/store/data/Run2024F/EGamma0/RAW/v1/000/382/250/00000/4c21418e-e3a9-4465-ab34-8b33503480c6.root 382250 [873]
/store/data/Run2024F/EGamma0/RAW/v1/000/382/250/00000/4c436f5d-af93-4f8f-9e75-d24aac15dbfb.root 382250 [220]
/store/data/Run2024F/EGamma0/RAW/v1/000/382/250/00000/4c63e579-6594-420f-9d90-3032b6657cda.root 382250 [66,67,68]
/store/data/Run2024F/EGamma0/RAW/v1/000/382/250/00000/4c94546d-9b6b-4252-8012-12a06f44a269.root 382250 [278]
/store/data/Run2024F/EGamma0/RAW/v1/000/382/250/00000/4c95037c-02ff-43ad-b288-9e11ab1bb65e.root 382250 [206]
/store/data/Run2024F/EGamma0/RAW/v1/000/382/250/00000/4ccfccc2-8177-4baf-94da-9ce688cc0337.root 382250 [64,63,65]
/store/data/Run2024F/EGamma0/RAW/v1/000/382/250/00000/4ce63938-2e4e-4c24-8afd-d44445cd5466.root 382250 [696]
/store/data/Run2024F/EGamma0/RAW/v1/000/382/250/00000/4d135b2e-3155-4387-be35-c48ad8adc28a.root 382250 [51,50]
/store/data/Run2024F/EGamma0/RAW/v1/000/382/250/00000/4d26f293-1d0e-4df4-bb18-9beb227fbf4e.root 382250 [421]
/store/data/Run2024F/EGamma0/RAW/v1/000/382/250/00000/4d6ac95f-5d1a-48c1-86ae-66fe2af16ae4.root 382250 [453]
/store/data/Run2024F/EGamma0/RAW/v1/000/382/250/00000/4d83084b-5fb9-43a4-9860-38cec9dde403.root 382250 [307]
/store/data/Run2024F/EGamma0/RAW/v1/000/382/250/00000/4da4c81d-eee0-4b00-9c42-8621c1e9e7db.root 382250 [474]
/store/data/Run2024F/EGamma0/RAW/v1/000/382/250/00000/4daf92e0-6daf-4703-b0ce-19c593b71315.root 382250 [427]
/store/data/Run2024F/EGamma0/RAW/v1/000/382/250/00000/4dffe3ac-22f6-444e-9db4-b34768e12a16.root 382250 [556]
/store/data/Run2024F/EGamma0/RAW/v1/000/382/250/00000/4e355702-6347-4a90-9c2c-813e9068b9f4.root 382250 [538]
/store/data/Run2024F/EGamma0/RAW/v1/000/382/250/00000/4e7de806-7b29-4b7d-8531-a28a72db13b0.root 382250 [854]
/store/data/Run2024F/EGamma0/RAW/v1/000/382/250/00000/4e86bd8c-f142-47aa-ab7c-140d26a6810d.root 382250 [400]
/store/data/Run2024F/EGamma0/RAW/v1/000/382/250/00000/4ee1ffa5-b646-4040-94cc-6304bf3424a2.root 382250 [106,107]
/store/data/Run2024F/EGamma0/RAW/v1/000/382/250/00000/4ef284b9-c3be-4860-aaa8-c684ce738e4f.root 382250 [750]
/store/data/Run2024F/EGamma0/RAW/v1/000/382/250/00000/4f04269f-437a-403b-b9f7-46fb9bb35cb3.root 382250 [603]
/store/data/Run2024F/EGamma0/RAW/v1/000/382/250/00000/4f3852c3-7ba2-4f8b-8fc3-f821a69df3aa.root 382250 [878]
/store/data/Run2024F/EGamma0/RAW/v1/000/382/250/00000/50a11fd2-49b5-48de-af46-3fabc329509c.root 382250 [686]
/store/data/Run2024F/EGamma0/RAW/v1/000/382/250/00000/51191836-b043-402c-a71e-2a08bec264f9.root 382250 [366]
/store/data/Run2024F/EGamma0/RAW/v1/000/382/250/00000/518bb98a-cd4d-432b-8216-0fb7bccc0c83.root 382250 [604]
/store/data/Run2024F/EGamma0/RAW/v1/000/382/250/00000/51936939-3751-44b6-beef-d739a0f6b4f2.root 382250 [691]
/store/data/Run2024F/EGamma0/RAW/v1/000/382/250/00000/5226dec5-500b-42e9-a2d0-bb9f59398ca0.root 382250 [582]
/store/data/Run2024F/EGamma0/RAW/v1/000/382/250/00000/52768c36-6343-4140-a78a-0414db845bc8.root 382250 [816]
/store/data/Run2024F/EGamma0/RAW/v1/000/382/250/00000/53c7c70a-6d38-4018-8699-5d96778b3684.root 382250 [624]
/store/data/Run2024F/EGamma0/RAW/v1/000/382/250/00000/53df0b10-5f7d-4831-88c6-91ae2f91c42a.root 382250 [202]
/store/data/Run2024F/EGamma0/RAW/v1/000/382/250/00000/5436da5e-3a6d-45b7-a506-6e11c77c04fb.root 382250 [403]
/store/data/Run2024F/EGamma0/RAW/v1/000/382/250/00000/547746df-f9c2-4d9c-b49e-05fce945bfbc.root 382250 [511]
/store/data/Run2024F/EGamma0/RAW/v1/000/382/250/00000/548af253-50b9-4d76-b329-e89b1a4de101.root 382250 [858]
/store/data/Run2024F/EGamma0/RAW/v1/000/382/250/00000/54b13813-b7e3-4819-b7a4-d6bb1e096919.root 382250 [143]
/store/data/Run2024F/EGamma0/RAW/v1/000/382/250/00000/55051090-4f1c-4dda-b037-913472c04140.root 382250 [152]
/store/data/Run2024F/EGamma0/RAW/v1/000/382/250/00000/5561d5be-74b9-4dab-bdc3-3cc1bf263ede.root 382250 [670]
/store/data/Run2024F/EGamma0/RAW/v1/000/382/250/00000/5578fe86-b009-4cb8-9cd3-b99f3a6b8c5a.root 382250 [679]
/store/data/Run2024F/EGamma0/RAW/v1/000/382/250/00000/55b5c2bb-7b09-48f2-9816-b996e9e7b6b5.root 382250 [57,56]
/store/data/Run2024F/EGamma0/RAW/v1/000/382/250/00000/55bfe1f6-650d-40b0-a153-52e8ca5d1713.root 382250 [224]
/store/data/Run2024F/EGamma0/RAW/v1/000/382/250/00000/5635ec21-f96d-4ade-99d8-aae62d5e73df.root 382250 [157]
/store/data/Run2024F/EGamma0/RAW/v1/000/382/250/00000/567c74b9-3baf-4dca-9d3f-5b038df21cba.root 382250 [175]
/store/data/Run2024F/EGamma0/RAW/v1/000/382/250/00000/57138478-de47-47a8-b49f-3951211a9de5.root 382250 [520]
/store/data/Run2024F/EGamma0/RAW/v1/000/382/250/00000/5715f677-d47d-4bd6-a19b-f7b621dc37c8.root 382250 [383]
/store/data/Run2024F/EGamma0/RAW/v1/000/382/250/00000/57877528-3254-4ebe-97ff-6fa829e0ce7a.root 382250 [345]
/store/data/Run2024F/EGamma0/RAW/v1/000/382/250/00000/579c49d2-886e-42e2-9c44-5924e649c2ec.root 382250 [707]
/store/data/Run2024F/EGamma0/RAW/v1/000/382/250/00000/57cca539-d7ac-4ed4-acbd-3255d59e38d2.root 382250 [744]
/store/data/Run2024F/EGamma0/RAW/v1/000/382/250/00000/580ddf95-6b5f-4ab6-827f-88a195bbd46e.root 382250 [159]
/store/data/Run2024F/EGamma0/RAW/v1/000/382/250/00000/581e2bbc-0894-4ae5-b92b-89004d7f7305.root 382250 [185]
/store/data/Run2024F/EGamma0/RAW/v1/000/382/250/00000/58b5fc66-657c-4367-9351-b00696d16381.root 382250 [492]
/store/data/Run2024F/EGamma0/RAW/v1/000/382/250/00000/58db564a-2391-46d1-95d2-a14281ca6ae6.root 382250 [302]
/store/data/Run2024F/EGamma0/RAW/v1/000/382/250/00000/58f02182-3d1b-4cd8-95a5-a226121f389d.root 382250 [759]
/store/data/Run2024F/EGamma0/RAW/v1/000/382/250/00000/591e2495-8252-4995-8c9f-59e04cf1463e.root 382250 [588]
/store/data/Run2024F/EGamma0/RAW/v1/000/382/250/00000/594bde21-4d64-426e-9dec-c6522676a1e3.root 382250 [312]
/store/data/Run2024F/EGamma0/RAW/v1/000/382/250/00000/59556f2a-f3da-4f3c-8b24-01b671e66c88.root 382250 [200]
/store/data/Run2024F/EGamma0/RAW/v1/000/382/250/00000/5987d344-6e2f-41d2-856f-36997c7b79ac.root 382250 [449]
/store/data/Run2024F/EGamma0/RAW/v1/000/382/250/00000/59ef9c37-66e6-4c74-94e6-44e9df4ab803.root 382250 [176]
/store/data/Run2024F/EGamma0/RAW/v1/000/382/250/00000/5a7e5856-4fda-4889-9a8c-3694ed1eca2e.root 382250 [638]
/store/data/Run2024F/EGamma0/RAW/v1/000/382/250/00000/5b1fea54-ef4b-47db-9a47-58f52924538a.root 382250 [419]
/store/data/Run2024F/EGamma0/RAW/v1/000/382/250/00000/5b36c991-9c33-4024-afe9-5f845ddadd5f.root 382250 [496]
/store/data/Run2024F/EGamma0/RAW/v1/000/382/250/00000/5bf67338-df61-44e3-b0da-81cee94ce0d8.root 382250 [727]
/store/data/Run2024F/EGamma0/RAW/v1/000/382/250/00000/5c6dd688-c489-4a79-a80c-a1cdcf4f8b51.root 382250 [225]
/store/data/Run2024F/EGamma0/RAW/v1/000/382/250/00000/5cd415b1-93ce-4a2c-9389-8110a6be18a0.root 382250 [140]
/store/data/Run2024F/EGamma0/RAW/v1/000/382/250/00000/5d261842-12ed-475b-a22e-7f9eedc1633e.root 382250 [272]
/store/data/Run2024F/EGamma0/RAW/v1/000/382/250/00000/5de87069-5ee6-4a3a-ae93-2a8317eb45c5.root 382250 [896]
/store/data/Run2024F/EGamma0/RAW/v1/000/382/250/00000/5e46b677-fb3b-4dda-9110-b836182b591f.root 382250 [418]
/store/data/Run2024F/EGamma0/RAW/v1/000/382/250/00000/5e5a3156-71ce-4262-88f4-02b529c35871.root 382250 [205]
/store/data/Run2024F/EGamma0/RAW/v1/000/382/250/00000/5eff610f-4b2c-4e8d-b3c6-454b28a1783a.root 382250 [772]
/store/data/Run2024F/EGamma0/RAW/v1/000/382/250/00000/5fd70115-334c-4fc8-bacf-049e9272a713.root 382250 [694]
/store/data/Run2024F/EGamma0/RAW/v1/000/382/250/00000/605a97d7-b255-4302-a746-89afa775bd1a.root 382250 [306]
/store/data/Run2024F/EGamma0/RAW/v1/000/382/250/00000/60af78c3-8628-48b4-ade8-add1004f824d.root 382250 [693]
/store/data/Run2024F/EGamma0/RAW/v1/000/382/250/00000/6160b734-687d-47ad-90a0-a96cb6e9a529.root 382250 [187]
/store/data/Run2024F/EGamma0/RAW/v1/000/382/250/00000/61c3c9e2-fbee-442b-92b9-ef038accaa02.root 382250 [832]
/store/data/Run2024F/EGamma0/RAW/v1/000/382/250/00000/62682e00-c6fa-4374-888e-ee5fb306e9a4.root 382250 [684]
/store/data/Run2024F/EGamma0/RAW/v1/000/382/250/00000/62a6d9c4-6d68-4b99-9135-eadb81487621.root 382250 [918]
/store/data/Run2024F/EGamma0/RAW/v1/000/382/250/00000/62ccc56f-3f2f-421c-8007-e950e7def07b.root 382250 [666]
/store/data/Run2024F/EGamma0/RAW/v1/000/382/250/00000/62d20233-5223-4295-b236-01b8f5f16abc.root 382250 [394]
/store/data/Run2024F/EGamma0/RAW/v1/000/382/250/00000/63974ec2-cbec-496d-a669-e0da9f7fa186.root 382250 [443]
/store/data/Run2024F/EGamma0/RAW/v1/000/382/250/00000/63c953d1-7284-4014-91db-80760502c78f.root 382250 [872]
/store/data/Run2024F/EGamma0/RAW/v1/000/382/250/00000/63d124b3-9bb5-4527-ac11-c8669ee946b2.root 382250 [475]
/store/data/Run2024F/EGamma0/RAW/v1/000/382/250/00000/6417722b-97e5-4619-a50a-6c23e9dfabf4.root 382250 [437]
/store/data/Run2024F/EGamma0/RAW/v1/000/382/250/00000/642c17a8-c4b7-4d57-a957-5b0e0594fb8b.root 382250 [778]
/store/data/Run2024F/EGamma0/RAW/v1/000/382/250/00000/649da403-1e9b-4d73-bb27-3598f37d3b86.root 382250 [792]
/store/data/Run2024F/EGamma0/RAW/v1/000/382/250/00000/65031c21-6276-41d3-994f-6a67c5138237.root 382250 [695]
/store/data/Run2024F/EGamma0/RAW/v1/000/382/250/00000/666ba2d5-95f4-4353-9480-3c999b642dac.root 382250 [116,117]
/store/data/Run2024F/EGamma0/RAW/v1/000/382/250/00000/67033efc-a45c-471a-8e93-099ccbf004bd.root 382250 [477]
/store/data/Run2024F/EGamma0/RAW/v1/000/382/250/00000/678192f8-5b4c-4894-a85d-9c46b9dd2ed3.root 382250 [860]
/store/data/Run2024F/EGamma0/RAW/v1/000/382/250/00000/67876fb0-505d-4958-a34f-aa52ecd358d2.root 382250 [653]
/store/data/Run2024F/EGamma0/RAW/v1/000/382/250/00000/6931bb2c-48ee-439d-9de8-a5ed20bc1e56.root 382250 [536]
/store/data/Run2024F/EGamma0/RAW/v1/000/382/250/00000/694fcf1b-ef13-409c-83c7-190ba487dcdf.root 382250 [308]
/store/data/Run2024F/EGamma0/RAW/v1/000/382/250/00000/69501ae8-86d9-4414-a065-87057399cd3b.root 382250 [587]
/store/data/Run2024F/EGamma0/RAW/v1/000/382/250/00000/699ea929-e451-4d58-a471-ade2af4b609a.root 382250 [192]
/store/data/Run2024F/EGamma0/RAW/v1/000/382/250/00000/69a68784-8761-452f-a8bd-10fc89b32d6c.root 382250 [519]
/store/data/Run2024F/EGamma0/RAW/v1/000/382/250/00000/69db731f-2390-452d-9520-821e597cbe7c.root 382250 [641]
/store/data/Run2024F/EGamma0/RAW/v1/000/382/250/00000/6a7c7a98-f49d-4129-ab5c-66c0699a63f6.root 382250 [527]
/store/data/Run2024F/EGamma0/RAW/v1/000/382/250/00000/6a91c4d2-9b57-4f5b-a77d-f67c8ba17eed.root 382250 [661]
/store/data/Run2024F/EGamma0/RAW/v1/000/382/250/00000/6a924e5d-bc6b-41d3-b670-ed1f3cb4ad46.root 382250 [473]
/store/data/Run2024F/EGamma0/RAW/v1/000/382/250/00000/6acc2604-dfa5-4b35-8e7d-501520167b7a.root 382250 [48,49]
/store/data/Run2024F/EGamma0/RAW/v1/000/382/250/00000/6ae46c8a-58d9-4d9a-810e-a566f33992c5.root 382250 [262]
/store/data/Run2024F/EGamma0/RAW/v1/000/382/250/00000/6af39068-f3a4-4e26-b855-413030e3e719.root 382250 [422]
/store/data/Run2024F/EGamma0/RAW/v1/000/382/250/00000/6b23881c-d8ec-4136-9f7b-4c82d2b688ab.root 382250 [114,115]
/store/data/Run2024F/EGamma0/RAW/v1/000/382/250/00000/6b79479b-9a6b-4d3f-97ef-955d8d5407b7.root 382250 [374]
/store/data/Run2024F/EGamma0/RAW/v1/000/382/250/00000/6ba8142b-e52e-4900-b04f-9d2692f08b30.root 382250 [460]
/store/data/Run2024F/EGamma0/RAW/v1/000/382/250/00000/6bee5975-c513-429e-b39e-adbc0aa8d954.root 382250 [652]
/store/data/Run2024F/EGamma0/RAW/v1/000/382/250/00000/6bfd50f4-b653-4470-adba-b2e429faf180.root 382250 [266]
/store/data/Run2024F/EGamma0/RAW/v1/000/382/250/00000/6c435483-05b5-40a9-b944-3002f4c826d9.root 382250 [318]
/store/data/Run2024F/EGamma0/RAW/v1/000/382/250/00000/6c8f9ba5-6d84-4193-8207-7b3c949c6c36.root 382250 [218]
/store/data/Run2024F/EGamma0/RAW/v1/000/382/250/00000/6cbd330d-01b7-400b-82c7-1888a4bdc603.root 382250 [834]
/store/data/Run2024F/EGamma0/RAW/v1/000/382/250/00000/6d21d6fb-ada6-47e9-91e6-e4eb0f87a19b.root 382250 [378]
/store/data/Run2024F/EGamma0/RAW/v1/000/382/250/00000/6dcaaae8-0f3b-4064-8640-653aaf69d511.root 382250 [481]
/store/data/Run2024F/EGamma0/RAW/v1/000/382/250/00000/6f1a0a24-9fe2-427f-9f89-6020c5cfa53f.root 382250 [897]
/store/data/Run2024F/EGamma0/RAW/v1/000/382/250/00000/6f396795-634c-40ef-8535-8c0c314f7676.root 382250 [320]
/store/data/Run2024F/EGamma0/RAW/v1/000/382/250/00000/6f7aa02c-3cd3-4bfa-8404-8bbe17a1aea7.root 382250 [797]
/store/data/Run2024F/EGamma0/RAW/v1/000/382/250/00000/6f9fcdd5-30bb-4f04-b575-0fb81d9653ff.root 382250 [326]
/store/data/Run2024F/EGamma0/RAW/v1/000/382/250/00000/70b7ad20-e39b-49fb-bd5a-8b48d36a8cfe.root 382250 [672]
/store/data/Run2024F/EGamma0/RAW/v1/000/382/250/00000/70ccbb0c-092c-424b-af95-d70a9a4d7ce6.root 382250 [363]
/store/data/Run2024F/EGamma0/RAW/v1/000/382/250/00000/7103b0d5-48bb-42de-acdb-1f8031e9a43e.root 382250 [500]
/store/data/Run2024F/EGamma0/RAW/v1/000/382/250/00000/714c853e-7219-40d5-9e19-30276e329eb8.root 382250 [885]
/store/data/Run2024F/EGamma0/RAW/v1/000/382/250/00000/715cccd6-4625-4842-ae6f-d9c26a49f96d.root 382250 [203]
/store/data/Run2024F/EGamma0/RAW/v1/000/382/250/00000/716353af-b2d7-4f58-aa6b-19c6023dbbb7.root 382250 [667]
/store/data/Run2024F/EGamma0/RAW/v1/000/382/250/00000/71899041-1955-4946-90d5-a88dd926afc5.root 382250 [148]
/store/data/Run2024F/EGamma0/RAW/v1/000/382/250/00000/718b0331-3fa6-4959-9076-df7e3e743dd2.root 382250 [867]
/store/data/Run2024F/EGamma0/RAW/v1/000/382/250/00000/71aaf433-a934-4c68-be12-1f9b4bc84acd.root 382250 [380]
/store/data/Run2024F/EGamma0/RAW/v1/000/382/250/00000/71deffc9-6c9c-4a09-9062-4625127dfd88.root 382250 [251]
/store/data/Run2024F/EGamma0/RAW/v1/000/382/250/00000/71eb66ae-755d-4a24-aa77-59e78f0ee6a7.root 382250 [191]
/store/data/Run2024F/EGamma0/RAW/v1/000/382/250/00000/72320b9c-43f5-4cc3-ab6a-03fd7316d6ec.root 382250 [132,133]
/store/data/Run2024F/EGamma0/RAW/v1/000/382/250/00000/72ae8261-4453-4d0c-8d22-1f4944e30691.root 382250 [612]
/store/data/Run2024F/EGamma0/RAW/v1/000/382/250/00000/7324297f-ee3f-4174-b7b7-e802a516753b.root 382250 [244]
/store/data/Run2024F/EGamma0/RAW/v1/000/382/250/00000/732ac536-a1ae-4f83-8cb1-f55b90b5f7aa.root 382250 [242]
/store/data/Run2024F/EGamma0/RAW/v1/000/382/250/00000/73738234-4480-4b28-b359-7b8ee7046e55.root 382250 [423]
/store/data/Run2024F/EGamma0/RAW/v1/000/382/250/00000/738af5f1-d4fc-4a4a-a856-ce2990a0f798.root 382250 [259]
/store/data/Run2024F/EGamma0/RAW/v1/000/382/250/00000/73b3c113-d8bf-4f09-96f5-642325b7d609.root 382250 [194]
/store/data/Run2024F/EGamma0/RAW/v1/000/382/250/00000/73cf0562-bd26-4842-ae68-ea17b4db6d95.root 382250 [291]
/store/data/Run2024F/EGamma0/RAW/v1/000/382/250/00000/740c3e00-4ba9-4dd5-9cb8-7a2d023a084e.root 382250 [698]
/store/data/Run2024F/EGamma0/RAW/v1/000/382/250/00000/744e6b3c-0744-4fa3-8934-caa9c4c75186.root 382250 [145]
/store/data/Run2024F/EGamma0/RAW/v1/000/382/250/00000/749ea71a-b13c-4f8e-9d3c-e1505f91dd87.root 382250 [323]
/store/data/Run2024F/EGamma0/RAW/v1/000/382/250/00000/74cd0b8a-8d30-4618-b427-928043c95ddc.root 382250 [376]
/store/data/Run2024F/EGamma0/RAW/v1/000/382/250/00000/74fce10c-3f23-450e-a482-a664543c4e86.root 382250 [198]
/store/data/Run2024F/EGamma0/RAW/v1/000/382/250/00000/752f00a1-fe67-4833-a7c8-013e4cb18280.root 382250 [253]
/store/data/Run2024F/EGamma0/RAW/v1/000/382/250/00000/754cadf6-d2ab-4b04-abd3-f300a8b25e8b.root 382250 [829]
/store/data/Run2024F/EGamma0/RAW/v1/000/382/250/00000/7555a727-02d9-42e7-bc9a-d6acf2f3f60b.root 382250 [466]
/store/data/Run2024F/EGamma0/RAW/v1/000/382/250/00000/755c455b-d466-49b1-9a84-efd11087dde6.root 382250 [319]
/store/data/Run2024F/EGamma0/RAW/v1/000/382/250/00000/761e63cc-934a-4dcf-bd18-237341861f5b.root 382250 [733]
/store/data/Run2024F/EGamma0/RAW/v1/000/382/250/00000/76b3f694-336b-4fed-ab25-58ad5f341571.root 382250 [717]
/store/data/Run2024F/EGamma0/RAW/v1/000/382/250/00000/76bb7142-b7a7-4f8f-8999-ffdd767f2ef1.root 382250 [559]
/store/data/Run2024F/EGamma0/RAW/v1/000/382/250/00000/76cfecfe-9c8d-46de-b681-5780737eaa5f.root 382250 [222]
/store/data/Run2024F/EGamma0/RAW/v1/000/382/250/00000/76d9c8d2-c88d-48e6-b831-b52a525d7cbd.root 382250 [874]
/store/data/Run2024F/EGamma0/RAW/v1/000/382/250/00000/76f7071f-7216-41c0-96f2-45f3029efef9.root 382250 [217]
/store/data/Run2024F/EGamma0/RAW/v1/000/382/250/00000/76f7dbe7-6f6e-4af2-927b-e002fa666a23.root 382250 [416]
/store/data/Run2024F/EGamma0/RAW/v1/000/382/250/00000/77bb5b52-f686-4a27-ae7e-400ab9cd2091.root 382250 [633]
/store/data/Run2024F/EGamma0/RAW/v1/000/382/250/00000/784bbd1c-2a44-4e37-a388-9c68ed61e7ed.root 382250 [846]
/store/data/Run2024F/EGamma0/RAW/v1/000/382/250/00000/796b19f9-2932-479e-b226-86d5af842178.root 382250 [282]
/store/data/Run2024F/EGamma0/RAW/v1/000/382/250/00000/79f75170-736b-45f9-b0fb-24f8a712641b.root 382250 [703]
/store/data/Run2024F/EGamma0/RAW/v1/000/382/250/00000/7a00c534-d174-4ca6-9063-8ebc6e3a5506.root 382250 [524]
/store/data/Run2024F/EGamma0/RAW/v1/000/382/250/00000/7a2a8a8d-c235-40f3-bdc6-a35d00a6075f.root 382250 [737]
/store/data/Run2024F/EGamma0/RAW/v1/000/382/250/00000/7a359917-726d-4670-97bb-284de4114848.root 382250 [804]
/store/data/Run2024F/EGamma0/RAW/v1/000/382/250/00000/7a76d085-1eda-4d14-a154-15f8bc09e110.root 382250 [507]
/store/data/Run2024F/EGamma0/RAW/v1/000/382/250/00000/7a85100c-b1f1-44c7-b01a-a915311c85a4.root 382250 [347]
/store/data/Run2024F/EGamma0/RAW/v1/000/382/250/00000/7a9fd9e6-5195-4c5c-9d41-af6be9c48b50.root 382250 [607]
/store/data/Run2024F/EGamma0/RAW/v1/000/382/250/00000/7aee12b1-b16c-40bf-8345-e373b3c241cc.root 382250 [76,75,77]
/store/data/Run2024F/EGamma0/RAW/v1/000/382/250/00000/7b9cf90d-d046-41f6-bd43-c7191daa7160.root 382250 [305]
/store/data/Run2024F/EGamma0/RAW/v1/000/382/250/00000/7ba783b8-c65c-4e22-9697-06bf3d2acd64.root 382250 [793]
/store/data/Run2024F/EGamma0/RAW/v1/000/382/250/00000/7bd31be1-4f71-411e-bc52-d9e85a98f373.root 382250 [817]
/store/data/Run2024F/EGamma0/RAW/v1/000/382/250/00000/7be6f186-cfad-42d3-b889-d6cfb471057b.root 382250 [648]
/store/data/Run2024F/EGamma0/RAW/v1/000/382/250/00000/7c36d384-d7c8-482e-b37c-d43ba10ed44e.root 382250 [298]
/store/data/Run2024F/EGamma0/RAW/v1/000/382/250/00000/7c5c70e6-4557-4d41-8cd6-678a841bc011.root 382250 [431]
/store/data/Run2024F/EGamma0/RAW/v1/000/382/250/00000/7c62576a-e087-47a4-b3f5-b09cba9a785e.root 382250 [800]
/store/data/Run2024F/EGamma0/RAW/v1/000/382/250/00000/7c70bf7e-2116-4147-8aa3-b424fedf603f.root 382250 [598]
/store/data/Run2024F/EGamma0/RAW/v1/000/382/250/00000/7d09df1e-58dc-47cc-92f9-64c9d32221b1.root 382250 [265]
/store/data/Run2024F/EGamma0/RAW/v1/000/382/250/00000/7d64c5d8-c7a9-423a-ab22-767f210b8e77.root 382250 [505]
/store/data/Run2024F/EGamma0/RAW/v1/000/382/250/00000/7dbd3287-221f-467b-af08-ed29b9d541d2.root 382250 [144]
/store/data/Run2024F/EGamma0/RAW/v1/000/382/250/00000/7dcd2786-4c4a-4736-a62c-7e7d0a7ad5ff.root 382250 [255]
/store/data/Run2024F/EGamma0/RAW/v1/000/382/250/00000/7e13591a-f2e0-453d-a3b9-906cc8f9776b.root 382250 [399]
/store/data/Run2024F/EGamma0/RAW/v1/000/382/250/00000/7ef2bb86-010f-4ce9-8c73-4914c1e5d51d.root 382250 [243]
/store/data/Run2024F/EGamma0/RAW/v1/000/382/250/00000/7f4deb9a-3dad-443d-aa4f-7a532e58caaf.root 382250 [810]
/store/data/Run2024F/EGamma0/RAW/v1/000/382/250/00000/7f5dfa26-cbca-40ce-a340-ed67c1883308.root 382250 [406]
/store/data/Run2024F/EGamma0/RAW/v1/000/382/250/00000/7fa839b9-7e76-4a96-81a5-d2d364c084e6.root 382250 [142]
/store/data/Run2024F/EGamma0/RAW/v1/000/382/250/00000/807f3f84-65c5-4d03-b0cc-b04141502c5f.root 382250 [681]
/store/data/Run2024F/EGamma0/RAW/v1/000/382/250/00000/80d7e93e-3a49-4a84-a832-71df2a6574f1.root 382250 [184]
/store/data/Run2024F/EGamma0/RAW/v1/000/382/250/00000/8105a1af-6ce7-4e02-a513-e5b88ecbca9e.root 382250 [361]
/store/data/Run2024F/EGamma0/RAW/v1/000/382/250/00000/8165e81d-a98a-421b-9f9e-b6f8a2bdb6c1.root 382250 [875]
/store/data/Run2024F/EGamma0/RAW/v1/000/382/250/00000/818bb42a-ac77-4a47-8ad1-6405a9d7dfed.root 382250 [682]
/store/data/Run2024F/EGamma0/RAW/v1/000/382/250/00000/81ace8e2-1237-4714-8354-4a621ca4d7a3.root 382250 [414]
/store/data/Run2024F/EGamma0/RAW/v1/000/382/250/00000/82a28240-db9c-41a6-ba2f-654b3850afd1.root 382250 [764]
/store/data/Run2024F/EGamma0/RAW/v1/000/382/250/00000/82f820d8-217b-4248-9078-d2362fc224ca.root 382250 [814]
/store/data/Run2024F/EGamma0/RAW/v1/000/382/250/00000/830969fa-2015-41a0-be85-53773c64bd3a.root 382250 [506]
/store/data/Run2024F/EGamma0/RAW/v1/000/382/250/00000/832aaf3c-957c-45c8-a907-fa24c6822377.root 382250 [58,59]
/store/data/Run2024F/EGamma0/RAW/v1/000/382/250/00000/83707ce2-18ff-4af3-949f-194af092003a.root 382250 [741]
/store/data/Run2024F/EGamma0/RAW/v1/000/382/250/00000/839af986-f8e4-44b5-a785-7c85819ac982.root 382250 [865]
/store/data/Run2024F/EGamma0/RAW/v1/000/382/250/00000/84d831ae-d963-462e-a552-c77e7c2138ea.root 382250 [625]
/store/data/Run2024F/EGamma0/RAW/v1/000/382/250/00000/85604d30-fb20-4169-9afd-42c1a4582b29.root 382250 [639]
/store/data/Run2024F/EGamma0/RAW/v1/000/382/250/00000/85af34c6-76ee-46a6-ad51-44c1ace1e683.root 382250 [534]
/store/data/Run2024F/EGamma0/RAW/v1/000/382/250/00000/85dcbc0c-a71b-4ad7-8e46-c490f9bd0e6e.root 382250 [461]
/store/data/Run2024F/EGamma0/RAW/v1/000/382/250/00000/8649ed7f-c785-4298-9baa-392f1c2a6f2b.root 382250 [840]
/store/data/Run2024F/EGamma0/RAW/v1/000/382/250/00000/865a64f1-261b-4a6e-9b18-d92fc5966b60.root 382250 [483]
/store/data/Run2024F/EGamma0/RAW/v1/000/382/250/00000/86b1ca49-6c94-48e6-b72c-d3002a8a9eb8.root 382250 [343]
/store/data/Run2024F/EGamma0/RAW/v1/000/382/250/00000/8749d69d-0d54-4291-b965-82d5833c74f1.root 382250 [869]
/store/data/Run2024F/EGamma0/RAW/v1/000/382/250/00000/876a8f6b-afda-4e6f-9970-afb5d8ca9f95.root 382250 [210]
/store/data/Run2024F/EGamma0/RAW/v1/000/382/250/00000/87bbef04-e5bd-4e07-84c9-080f019687cc.root 382250 [763]
/store/data/Run2024F/EGamma0/RAW/v1/000/382/250/00000/87ea8d6f-4bac-4d42-b28e-091ab814cba5.root 382250 [346]
/store/data/Run2024F/EGamma0/RAW/v1/000/382/250/00000/87f74511-1864-494d-a48b-f9d5bc1ec1ba.root 382250 [570]
/store/data/Run2024F/EGamma0/RAW/v1/000/382/250/00000/87f91119-7504-44f8-a2af-5327afdf450a.root 382250 [632]
/store/data/Run2024F/EGamma0/RAW/v1/000/382/250/00000/889332a6-5fa7-4752-9d17-7263c30bc730.root 382250 [170]
/store/data/Run2024F/EGamma0/RAW/v1/000/382/250/00000/88b4519e-2515-45fc-b555-e888fcad0198.root 382250 [912]
/store/data/Run2024F/EGamma0/RAW/v1/000/382/250/00000/8986bcae-00e4-4122-9a69-e5236006f2e3.root 382250 [295]
/store/data/Run2024F/EGamma0/RAW/v1/000/382/250/00000/89917e16-367b-4535-baac-341198e8dbe7.root 382250 [297]
/store/data/Run2024F/EGamma0/RAW/v1/000/382/250/00000/89d1a5b0-cebc-4bc2-944c-8832737aabfb.root 382250 [561]
/store/data/Run2024F/EGamma0/RAW/v1/000/382/250/00000/89e5fb13-8cce-4a14-939d-9f63ddc04948.root 382250 [258]
/store/data/Run2024F/EGamma0/RAW/v1/000/382/250/00000/8a6e9ac4-ce6e-49a8-9117-ab8117ce46b9.root 382250 [167]
/store/data/Run2024F/EGamma0/RAW/v1/000/382/250/00000/8a78a6ac-035d-4dde-a4fc-999e96728995.root 382250 [456,455]
/store/data/Run2024F/EGamma0/RAW/v1/000/382/250/00000/8a8b24a0-b179-4bed-8d37-7207699288d9.root 382250 [314]
/store/data/Run2024F/EGamma0/RAW/v1/000/382/250/00000/8aefcb97-64b4-45b2-aa48-dfb3450ea746.root 382250 [234]
/store/data/Run2024F/EGamma0/RAW/v1/000/382/250/00000/8b009fee-14fb-42ce-817d-3fd3626d4199.root 382250 [651]
/store/data/Run2024F/EGamma0/RAW/v1/000/382/250/00000/8c7fbc8c-4b3b-4e7e-ba84-0b983553398c.root 382250 [699]
/store/data/Run2024F/EGamma0/RAW/v1/000/382/250/00000/8c823a8c-db16-4481-bad1-cc9d5427c490.root 382250 [250]
/store/data/Run2024F/EGamma0/RAW/v1/000/382/250/00000/8d2e95fd-03d0-49e1-be70-3c4a63be2563.root 382250 [267]
/store/data/Run2024F/EGamma0/RAW/v1/000/382/250/00000/8dd7ce01-c2f9-4b7b-96fc-0f1ac6c20808.root 382250 [564]
/store/data/Run2024F/EGamma0/RAW/v1/000/382/250/00000/8e07408c-a454-4517-9d84-d888df7396fe.root 382250 [819]
/store/data/Run2024F/EGamma0/RAW/v1/000/382/250/00000/8ee6a1d7-9c50-42ff-90a8-cff4440801c8.root 382250 [389]
/store/data/Run2024F/EGamma0/RAW/v1/000/382/250/00000/8f39376f-4dc2-4a21-8e19-b3a26ad7968a.root 382250 [87,88,89]
/store/data/Run2024F/EGamma0/RAW/v1/000/382/250/00000/8f48933f-8aa1-4f39-9eb2-4ec5c5cf536d.root 382250 [597]
/store/data/Run2024F/EGamma0/RAW/v1/000/382/250/00000/8f5f366c-241e-4a07-8d62-4975c363f068.root 382250 [862]
/store/data/Run2024F/EGamma0/RAW/v1/000/382/250/00000/8fe9c337-f99a-40d8-abab-0e17c767090e.root 382250 [490]
/store/data/Run2024F/EGamma0/RAW/v1/000/382/250/00000/8fef18f5-7f6c-4082-b78e-61c0a49c2804.root 382250 [753]
/store/data/Run2024F/EGamma0/RAW/v1/000/382/250/00000/8ff3e0bc-8e4c-42c2-88d5-0c08a467d0d6.root 382250 [328]
/store/data/Run2024F/EGamma0/RAW/v1/000/382/250/00000/90191792-ff74-47b7-8aca-7f41d9bd7982.root 382250 [512]
/store/data/Run2024F/EGamma0/RAW/v1/000/382/250/00000/90240bd3-79ec-4b5c-ac34-c46212140db5.root 382250 [165]
/store/data/Run2024F/EGamma0/RAW/v1/000/382/250/00000/906f8aef-1228-4584-b021-3b4003e7eaa4.root 382250 [646]
/store/data/Run2024F/EGamma0/RAW/v1/000/382/250/00000/90e2b4eb-a93f-4df0-b3be-251cb1467ac4.root 382250 [503]
/store/data/Run2024F/EGamma0/RAW/v1/000/382/250/00000/9104fb62-77d7-42dc-8845-4e1072edb30b.root 382250 [803]
/store/data/Run2024F/EGamma0/RAW/v1/000/382/250/00000/914848d9-e346-4b82-bbcf-9e422e179dab.root 382250 [776]
/store/data/Run2024F/EGamma0/RAW/v1/000/382/250/00000/917fead9-01dd-4a7c-b261-1a96a96f2687.root 382250 [630]
/store/data/Run2024F/EGamma0/RAW/v1/000/382/250/00000/919199c3-3177-44cf-ae8f-f4588a4224b2.root 382250 [851]
/store/data/Run2024F/EGamma0/RAW/v1/000/382/250/00000/91ea4ed2-2f9a-49f7-a285-d63dfa5ebfe7.root 382250 [844]
/store/data/Run2024F/EGamma0/RAW/v1/000/382/250/00000/9200095b-f8ac-45e7-9d2c-ab819153292d.root 382250 [241]
/store/data/Run2024F/EGamma0/RAW/v1/000/382/250/00000/921434e5-d567-4b74-9d3e-83cee06633a3.root 382250 [736]
/store/data/Run2024F/EGamma0/RAW/v1/000/382/250/00000/92b1a2a3-b2a6-46f5-a163-eb3d49b3400c.root 382250 [493]
/store/data/Run2024F/EGamma0/RAW/v1/000/382/250/00000/930d0ec4-474a-4c52-80b1-dd324b66fb58.root 382250 [537]
/store/data/Run2024F/EGamma0/RAW/v1/000/382/250/00000/937a3408-b276-482f-bbe4-4cc744c86f62.root 382250 [569]
/store/data/Run2024F/EGamma0/RAW/v1/000/382/250/00000/9381b7ab-3d82-488a-b778-ffc9e60f7e13.root 382250 [158]
/store/data/Run2024F/EGamma0/RAW/v1/000/382/250/00000/9466b602-5175-41f2-a479-0815814c08ff.root 382250 [894]
/store/data/Run2024F/EGamma0/RAW/v1/000/382/250/00000/949e7532-ac6a-415e-b257-55d1f8a8098d.root 382250 [195]
/store/data/Run2024F/EGamma0/RAW/v1/000/382/250/00000/94ef4b7b-262d-45ba-af01-4e5757ff7b6f.root 382250 [589]
/store/data/Run2024F/EGamma0/RAW/v1/000/382/250/00000/96344f68-e552-4976-8504-c99fe812a919.root 382250 [164]
/store/data/Run2024F/EGamma0/RAW/v1/000/382/250/00000/966105ba-ebf2-4a53-8c6b-90c4d447ba28.root 382250 [300]
/store/data/Run2024F/EGamma0/RAW/v1/000/382/250/00000/9666057c-c720-4857-9d60-64fe52d4a9ad.root 382250 [177]
/store/data/Run2024F/EGamma0/RAW/v1/000/382/250/00000/9803d6a5-0a91-4ef2-9bec-f6d6914bd12b.root 382250 [401]
/store/data/Run2024F/EGamma0/RAW/v1/000/382/250/00000/980eeb32-5f2f-4f87-b050-98ec698c1d2f.root 382250 [197]
/store/data/Run2024F/EGamma0/RAW/v1/000/382/250/00000/986b14d4-797f-4df2-8717-918a32e567a7.root 382250 [103]
/store/data/Run2024F/EGamma0/RAW/v1/000/382/250/00000/986fb3a6-3e12-458c-a6ea-4729f1dfe240.root 382250 [331]
/store/data/Run2024F/EGamma0/RAW/v1/000/382/250/00000/98fc88c1-f05a-485a-9da1-d047657d3e2c.root 382250 [550]
/store/data/Run2024F/EGamma0/RAW/v1/000/382/250/00000/99491cce-cac4-4c31-9b65-f3a980efbb6e.root 382250 [263]
/store/data/Run2024F/EGamma0/RAW/v1/000/382/250/00000/99d5955e-43dc-46e1-81bd-fe0effddbf31.root 382250 [233]
/store/data/Run2024F/EGamma0/RAW/v1/000/382/250/00000/9a17d563-6205-4271-9d93-bc9befc2df85.root 382250 [555]
/store/data/Run2024F/EGamma0/RAW/v1/000/382/250/00000/9a2c64b8-5fa6-4598-a290-c59f7bf4c0c8.root 382250 [719]
/store/data/Run2024F/EGamma0/RAW/v1/000/382/250/00000/9ac1b1ee-1b92-4c3c-ad92-97f8cb56ad69.root 382250 [40,36,38,41,37,39,42]
/store/data/Run2024F/EGamma0/RAW/v1/000/382/250/00000/9b0e37d2-1dd3-47df-8d4f-a8627f8687f9.root 382250 [916]
/store/data/Run2024F/EGamma0/RAW/v1/000/382/250/00000/9b5984c2-f02a-459e-b509-387336853c17.root 382250 [508]
/store/data/Run2024F/EGamma0/RAW/v1/000/382/250/00000/9c12b19e-1e48-4842-b655-6262de72bba0.root 382250 [788]
/store/data/Run2024F/EGamma0/RAW/v1/000/382/250/00000/9c32b6f9-cda7-4a29-a514-5f785d9c400c.root 382250 [531]
/store/data/Run2024F/EGamma0/RAW/v1/000/382/250/00000/9c44c36c-8ac1-43b6-b5c1-23fb61433127.root 382250 [458]
/store/data/Run2024F/EGamma0/RAW/v1/000/382/250/00000/9c76ba70-0ddd-4d88-937b-71832e67a205.root 382250 [469]
/store/data/Run2024F/EGamma0/RAW/v1/000/382/250/00000/9cfe930d-7b31-47aa-a234-7d1dcf89bcce.root 382250 [435]
/store/data/Run2024F/EGamma0/RAW/v1/000/382/250/00000/9d09161b-1a5c-4a64-b5c4-f9bed929f744.root 382250 [563]
/store/data/Run2024F/EGamma0/RAW/v1/000/382/250/00000/9d2046a8-a1a0-465e-90fb-d86087fb4adc.root 382250 [60,62,61]
/store/data/Run2024F/EGamma0/RAW/v1/000/382/250/00000/9d816d2b-ba5f-4abf-a0d8-7ed166f4c7cc.root 382250 [517]
/store/data/Run2024F/EGamma0/RAW/v1/000/382/250/00000/9d934d2b-11b8-4eb1-ae6d-d905a0ccade9.root 382250 [857]
/store/data/Run2024F/EGamma0/RAW/v1/000/382/250/00000/9dcf4456-24a5-4879-a63a-0c6fbcb30b73.root 382250 [495]
/store/data/Run2024F/EGamma0/RAW/v1/000/382/250/00000/9e2af7db-7d10-432c-bfc7-cd5777adfb68.root 382250 [280,281]
/store/data/Run2024F/EGamma0/RAW/v1/000/382/250/00000/9e826300-26d9-44d9-8c74-b0530fb3a608.root 382250 [665]
/store/data/Run2024F/EGamma0/RAW/v1/000/382/250/00000/9eec4800-6ad3-45c0-86f8-e8bfca01e43c.root 382250 [353]
/store/data/Run2024F/EGamma0/RAW/v1/000/382/250/00000/9f5443ea-3d06-4464-b088-8474a1c41c03.root 382250 [499]
/store/data/Run2024F/EGamma0/RAW/v1/000/382/250/00000/9f943f5a-f231-4582-b188-420779af3b30.root 382250 [172]
/store/data/Run2024F/EGamma0/RAW/v1/000/382/250/00000/a09c736c-d51e-4d09-967e-ef211420d1ad.root 382250 [261]
/store/data/Run2024F/EGamma0/RAW/v1/000/382/250/00000/a0a1e648-0700-40b3-85c4-a61469eb4203.root 382250 [337]
/store/data/Run2024F/EGamma0/RAW/v1/000/382/250/00000/a0d75101-bb01-42d5-bb41-5eab58835a49.root 382250 [594]
/store/data/Run2024F/EGamma0/RAW/v1/000/382/250/00000/a0fec5f4-3963-4cfc-9c2b-4e264006bb80.root 382250 [673]
/store/data/Run2024F/EGamma0/RAW/v1/000/382/250/00000/a1115df1-ce50-4765-a09c-824dfff213bf.root 382250 [742]
/store/data/Run2024F/EGamma0/RAW/v1/000/382/250/00000/a1293e46-5775-432a-a5ae-ac5eb1ddb619.root 382250 [151]
/store/data/Run2024F/EGamma0/RAW/v1/000/382/250/00000/a15305fa-9d95-46b4-8bdb-56a2203a1eb2.root 382250 [105,104]
/store/data/Run2024F/EGamma0/RAW/v1/000/382/250/00000/a153bb7d-e23d-4899-a39b-606df6e1af62.root 382250 [372]
/store/data/Run2024F/EGamma0/RAW/v1/000/382/250/00000/a175163e-026b-4b27-ac02-b33cddd86e72.root 382250 [813]
/store/data/Run2024F/EGamma0/RAW/v1/000/382/250/00000/a1867ba3-24b3-4f64-8490-5e765b2bd7d3.root 382250 [567]
/store/data/Run2024F/EGamma0/RAW/v1/000/382/250/00000/a194059e-017b-4e90-8bbf-46c5199826e3.root 382250 [166]
/store/data/Run2024F/EGamma0/RAW/v1/000/382/250/00000/a1bcb3e8-0b6e-4d4a-82fb-54b77ac32819.root 382250 [526]
/store/data/Run2024F/EGamma0/RAW/v1/000/382/250/00000/a1bff52f-114c-4fe1-a267-d6576e387615.root 382250 [131,130]
/store/data/Run2024F/EGamma0/RAW/v1/000/382/250/00000/a1fd727f-19f7-48bc-92b3-a0e24f17c092.root 382250 [528]
/store/data/Run2024F/EGamma0/RAW/v1/000/382/250/00000/a20bca56-c137-49cd-be2a-a1bf2d5b115f.root 382250 [849]
/store/data/Run2024F/EGamma0/RAW/v1/000/382/250/00000/a22b8600-9934-403e-a42a-8bc51a2ff359.root 382250 [47,45,43,46,44]
/store/data/Run2024F/EGamma0/RAW/v1/000/382/250/00000/a2788e82-eb68-4130-b6d5-2be52db01cc3.root 382250 [655]
/store/data/Run2024F/EGamma0/RAW/v1/000/382/250/00000/a2981c61-5cf0-4747-90d9-c8d7bf56fa42.root 382250 [480]
/store/data/Run2024F/EGamma0/RAW/v1/000/382/250/00000/a2a530e2-ef1d-4e6d-af05-93054ebbe35a.root 382250 [246]
/store/data/Run2024F/EGamma0/RAW/v1/000/382/250/00000/a2d7d9b7-13c8-475a-a935-c85293223187.root 382250 [168]
/store/data/Run2024F/EGamma0/RAW/v1/000/382/250/00000/a35d74af-8767-445c-9854-802dc308e7d8.root 382250 [358]
/store/data/Run2024F/EGamma0/RAW/v1/000/382/250/00000/a38b4f5f-86c1-488e-bcb6-196c8cc20806.root 382250 [722]
/store/data/Run2024F/EGamma0/RAW/v1/000/382/250/00000/a3e34d97-bfdd-49fe-a46e-cae620c130ec.root 382250 [864]
/store/data/Run2024F/EGamma0/RAW/v1/000/382/250/00000/a3f8f00f-4113-46fe-a470-25cace2972b4.root 382250 [227]
/store/data/Run2024F/EGamma0/RAW/v1/000/382/250/00000/a422107a-5969-4025-ad09-e789509035ac.root 382250 [360]
/store/data/Run2024F/EGamma0/RAW/v1/000/382/250/00000/a454a895-92ef-4575-adc9-26951496d254.root 382250 [870]
/store/data/Run2024F/EGamma0/RAW/v1/000/382/250/00000/a48a0d27-1863-4876-b90d-15ca66a10e12.root 382250 [841]
/store/data/Run2024F/EGamma0/RAW/v1/000/382/250/00000/a54b3440-52e5-4f2a-ae02-b20dd450b29a.root 382250 [463]
/store/data/Run2024F/EGamma0/RAW/v1/000/382/250/00000/a6c5fe52-9da5-44c9-b3a1-c44bcbbdde6e.root 382250 [739]
/store/data/Run2024F/EGamma0/RAW/v1/000/382/250/00000/a6edf06e-cf16-4055-b632-e173c9c0588e.root 382250 [402]
/store/data/Run2024F/EGamma0/RAW/v1/000/382/250/00000/a77350d8-8e28-4a95-ae6e-eb3b5616a506.root 382250 [141]
/store/data/Run2024F/EGamma0/RAW/v1/000/382/250/00000/a7ebb990-3749-45f4-998b-13cc34cba465.root 382250 [451]
/store/data/Run2024F/EGamma0/RAW/v1/000/382/250/00000/a80cfc1e-1649-4779-ac53-512050b2fbd5.root 382250 [432]
/store/data/Run2024F/EGamma0/RAW/v1/000/382/250/00000/a83ada35-b5f8-4577-b102-5c13e426b42d.root 382250 [412]
/store/data/Run2024F/EGamma0/RAW/v1/000/382/250/00000/a8beddf8-8a6e-4c69-a04e-c15edca9fd2f.root 382250 [544]
/store/data/Run2024F/EGamma0/RAW/v1/000/382/250/00000/a93bdb46-87bb-4194-8bef-cfce6a4151e4.root 382250 [833]
/store/data/Run2024F/EGamma0/RAW/v1/000/382/250/00000/a9a08322-2719-47f9-b345-66764e8a7677.root 382250 [765]
/store/data/Run2024F/EGamma0/RAW/v1/000/382/250/00000/a9df2734-6f3d-4cf7-8dd6-587ef250ccca.root 382250 [254]
/store/data/Run2024F/EGamma0/RAW/v1/000/382/250/00000/aa4cf4bf-84eb-40bb-a484-49042c9bae27.root 382250 [704]
/store/data/Run2024F/EGamma0/RAW/v1/000/382/250/00000/aa790cce-110c-4ccc-905c-c85279c58a90.root 382250 [525]
/store/data/Run2024F/EGamma0/RAW/v1/000/382/250/00000/aadd0fb3-f34a-4858-bc09-90cf9ac51979.root 382250 [824]
/store/data/Run2024F/EGamma0/RAW/v1/000/382/250/00000/ab365629-d6b1-4bcb-8c8e-b789c0eb604a.root 382250 [811]
/store/data/Run2024F/EGamma0/RAW/v1/000/382/250/00000/ab3f6945-57b4-46ca-a7e8-31a1b5d0c187.root 382250 [701]
/store/data/Run2024F/EGamma0/RAW/v1/000/382/250/00000/ab4d4b63-95de-4f6d-ad17-b85b0e474a80.root 382250 [55,54]
/store/data/Run2024F/EGamma0/RAW/v1/000/382/250/00000/ab80375e-6930-4623-9925-3dd8b419ca89.root 382250 [910]
/store/data/Run2024F/EGamma0/RAW/v1/000/382/250/00000/abc98bf8-bfec-44cd-a8bb-9b4461e021b1.root 382250 [91,90]
/store/data/Run2024F/EGamma0/RAW/v1/000/382/250/00000/ac0e039e-4bfa-43b9-ab06-7b0c39a5dcb1.root 382250 [398]
/store/data/Run2024F/EGamma0/RAW/v1/000/382/250/00000/ac6ab2a6-58dd-42c6-a6d2-c95440f6485e.root 382250 [109,108]
/store/data/Run2024F/EGamma0/RAW/v1/000/382/250/00000/ac6ad03b-3857-47d9-b15f-0fc8ad88e7e8.root 382250 [522]
/store/data/Run2024F/EGamma0/RAW/v1/000/382/250/00000/acd35f87-4d36-4924-85a9-56f7bee1150a.root 382250 [321]
/store/data/Run2024F/EGamma0/RAW/v1/000/382/250/00000/acde925f-ae5e-4a7f-bb11-944d6f176643.root 382250 [543]
/store/data/Run2024F/EGamma0/RAW/v1/000/382/250/00000/acf2efb3-70c0-42df-a76a-627c5a191c6a.root 382250 [645]
/store/data/Run2024F/EGamma0/RAW/v1/000/382/250/00000/adf4097a-672f-471c-a318-5c205d5643ed.root 382250 [231]
/store/data/Run2024F/EGamma0/RAW/v1/000/382/250/00000/ae155787-5d74-468e-ba7c-c21cd5720286.root 382250 [171]
/store/data/Run2024F/EGamma0/RAW/v1/000/382/250/00000/ae58b397-bac6-4147-a0d2-98c0e1aef8e6.root 382250 [881]
/store/data/Run2024F/EGamma0/RAW/v1/000/382/250/00000/ae6d19d0-39be-4ecf-a22e-06449e3aeb9f.root 382250 [491]
/store/data/Run2024F/EGamma0/RAW/v1/000/382/250/00000/ae86f265-ed46-4aca-8c5e-c9f91204a150.root 382250 [576]
/store/data/Run2024F/EGamma0/RAW/v1/000/382/250/00000/ae9c75c3-a46d-4138-926c-62cd0c285fa0.root 382250 [385]
/store/data/Run2024F/EGamma0/RAW/v1/000/382/250/00000/aeb180e2-548d-4dc0-91a1-bb1c34ad226b.root 382250 [583]
/store/data/Run2024F/EGamma0/RAW/v1/000/382/250/00000/af2281de-f16a-4c04-8d01-af60633e07be.root 382250 [650]
/store/data/Run2024F/EGamma0/RAW/v1/000/382/250/00000/af469a8d-e1ec-47be-85f1-8d758e5bcb4c.root 382250 [720]
/store/data/Run2024F/EGamma0/RAW/v1/000/382/250/00000/af747e19-87bb-409a-aa55-bd7cb52e1c52.root 382250 [663]
/store/data/Run2024F/EGamma0/RAW/v1/000/382/250/00000/afbf0961-b440-4594-a5a6-27fe60985ea1.root 382250 [79,80,78]
/store/data/Run2024F/EGamma0/RAW/v1/000/382/250/00000/afd8c26d-78dc-4b38-9c1f-f813f1d69d39.root 382250 [446]
/store/data/Run2024F/EGamma0/RAW/v1/000/382/250/00000/b05cd1aa-c822-43e2-a514-16147a2e47d4.root 382250 [903]
/store/data/Run2024F/EGamma0/RAW/v1/000/382/250/00000/b085624f-2628-4c18-ae15-9d19e92a4674.root 382250 [304]
/store/data/Run2024F/EGamma0/RAW/v1/000/382/250/00000/b0f7cd9d-cf0d-4759-9802-aad723abcbe8.root 382250 [729]
/store/data/Run2024F/EGamma0/RAW/v1/000/382/250/00000/b122d3c6-e826-42c5-aa98-87550fe998fc.root 382250 [252]
/store/data/Run2024F/EGamma0/RAW/v1/000/382/250/00000/b13b911d-63f6-4a48-8c9f-a581b26f0d69.root 382250 [616]
/store/data/Run2024F/EGamma0/RAW/v1/000/382/250/00000/b1b30961-0da7-4732-b6b3-11fb230bda70.root 382250 [530]
/store/data/Run2024F/EGamma0/RAW/v1/000/382/250/00000/b1efe1c6-e73f-4e13-b4fe-f92d96c1b359.root 382250 [139]
/store/data/Run2024F/EGamma0/RAW/v1/000/382/250/00000/b2692184-8b0d-493d-9e6c-ac8f6a90068b.root 382250 [809]
/store/data/Run2024F/EGamma0/RAW/v1/000/382/250/00000/b2910d3a-95a1-486a-87a3-2321bebf90cd.root 382250 [608]
/store/data/Run2024F/EGamma0/RAW/v1/000/382/250/00000/b2d0095c-7435-4f99-a0f7-693dee9408fb.root 382250 [333]
/store/data/Run2024F/EGamma0/RAW/v1/000/382/250/00000/b3058d4c-550f-4745-b95f-ecb80ac9052d.root 382250 [257]
/store/data/Run2024F/EGamma0/RAW/v1/000/382/250/00000/b399fb82-bf68-4415-b992-dba935c00936.root 382250 [471]
/store/data/Run2024F/EGamma0/RAW/v1/000/382/250/00000/b424b5f1-c5a7-460b-8a59-5639462cc9e7.root 382250 [723]
/store/data/Run2024F/EGamma0/RAW/v1/000/382/250/00000/b4aa5bc2-1555-4046-8812-37b1bbead568.root 382250 [628]
/store/data/Run2024F/EGamma0/RAW/v1/000/382/250/00000/b4c01a30-f8d0-4152-8628-dacfbfefb76d.root 382250 [848]
/store/data/Run2024F/EGamma0/RAW/v1/000/382/250/00000/b4d4a69e-c4f1-4699-940c-fc3ad205f2de.root 382250 [201]
/store/data/Run2024F/EGamma0/RAW/v1/000/382/250/00000/b5586f1c-98e5-4364-8dd5-41d141f32e74.root 382250 [214]
/store/data/Run2024F/EGamma0/RAW/v1/000/382/250/00000/b569e73e-c0c9-4c15-ad43-ed59dd104e62.root 382250 [163]
/store/data/Run2024F/EGamma0/RAW/v1/000/382/250/00000/b58f1dce-9628-42dc-a0dc-f31261c0e30e.root 382250 [799]
/store/data/Run2024F/EGamma0/RAW/v1/000/382/250/00000/b594e303-2b28-4c23-a5c1-c510233f7ee5.root 382250 [373]
/store/data/Run2024F/EGamma0/RAW/v1/000/382/250/00000/b5f73676-0ab3-418a-907e-21699e85a3e0.root 382250 [178]
/store/data/Run2024F/EGamma0/RAW/v1/000/382/250/00000/b6b43712-6dfe-48fb-b464-32f9d8883595.root 382250 [236]
/store/data/Run2024F/EGamma0/RAW/v1/000/382/250/00000/b7264de8-4c74-4ed8-a9a7-545ab54fbe3f.root 382250 [745]
/store/data/Run2024F/EGamma0/RAW/v1/000/382/250/00000/b763df29-516a-408f-a745-743edf2cf0c6.root 382250 [199]
/store/data/Run2024F/EGamma0/RAW/v1/000/382/250/00000/b7f9fedd-69fa-4fd2-b42c-1f0a01534ef7.root 382250 [488]
/store/data/Run2024F/EGamma0/RAW/v1/000/382/250/00000/b83f3dc1-e7a5-4a88-9ac4-0e16ee675394.root 382250 [160]
/store/data/Run2024F/EGamma0/RAW/v1/000/382/250/00000/b85983c9-1283-43eb-a091-aa0c84d82fa7.root 382250 [501]
/store/data/Run2024F/EGamma0/RAW/v1/000/382/250/00000/b9757333-2111-400e-aea6-492125c9440f.root 382250 [728]
/store/data/Run2024F/EGamma0/RAW/v1/000/382/250/00000/b9a44c16-8941-43dc-b273-0a15fbb09abd.root 382250 [713]
/store/data/Run2024F/EGamma0/RAW/v1/000/382/250/00000/ba7b192a-8621-44a9-9ad0-6c21f1cadda2.root 382250 [407]
/store/data/Run2024F/EGamma0/RAW/v1/000/382/250/00000/baba6198-3423-4f9a-90a0-c790f579ddb1.root 382250 [441]
/store/data/Run2024F/EGamma0/RAW/v1/000/382/250/00000/bae96328-147c-40ff-96f8-fe151f370d8e.root 382250 [610]
/store/data/Run2024F/EGamma0/RAW/v1/000/382/250/00000/baf4efd3-c411-4993-b4b7-0638359554ee.root 382250 [391]
/store/data/Run2024F/EGamma0/RAW/v1/000/382/250/00000/bafe29cd-4e14-446f-9643-8a37c813bbe1.root 382250 [761]
/store/data/Run2024F/EGamma0/RAW/v1/000/382/250/00000/bb088336-ade2-423a-a479-f6c227a90cf9.root 382250 [384]
/store/data/Run2024F/EGamma0/RAW/v1/000/382/250/00000/bb7adbcd-cb11-4c97-907e-02f225d3f894.root 382250 [592]
/store/data/Run2024F/EGamma0/RAW/v1/000/382/250/00000/bb985c2d-90a3-46a1-b430-7374caae3a02.root 382250 [595]
/store/data/Run2024F/EGamma0/RAW/v1/000/382/250/00000/bbd3da1d-39a0-4bb7-bc43-7c117a071845.root 382250 [566]
/store/data/Run2024F/EGamma0/RAW/v1/000/382/250/00000/bbe1afdd-8c6f-4ab1-b1b5-60461c178a75.root 382250 [377]
/store/data/Run2024F/EGamma0/RAW/v1/000/382/250/00000/bc2ab220-61a3-4ed3-b106-bda55473d947.root 382250 [644]
/store/data/Run2024F/EGamma0/RAW/v1/000/382/250/00000/bc2b80e2-14c6-4c30-ac19-d166d30d92ee.root 382250 [330]
/store/data/Run2024F/EGamma0/RAW/v1/000/382/250/00000/bc524606-154d-45e0-b487-0aed1ee4f489.root 382250 [120,121]
/store/data/Run2024F/EGamma0/RAW/v1/000/382/250/00000/bca2607b-58c6-4b88-84a3-cb5539a48f30.root 382250 [871]
/store/data/Run2024F/EGamma0/RAW/v1/000/382/250/00000/bcacc055-3925-4e0c-b6ba-192b57a72fd6.root 382250 [324]
/store/data/Run2024F/EGamma0/RAW/v1/000/382/250/00000/bd5f01cb-0154-4111-abc2-50267314b258.root 382250 [770]
/store/data/Run2024F/EGamma0/RAW/v1/000/382/250/00000/bd82f14d-8640-4cd5-80ab-685dbea82335.root 382250 [787]
/store/data/Run2024F/EGamma0/RAW/v1/000/382/250/00000/be041b16-ce8c-4107-a2ff-19577baca12c.root 382250 [786]
/store/data/Run2024F/EGamma0/RAW/v1/000/382/250/00000/be53d3ab-5e9c-4778-bdcc-c2537634dba6.root 382250 [609]
/store/data/Run2024F/EGamma0/RAW/v1/000/382/250/00000/be96ee87-8686-4e07-964f-d1a99924f00e.root 382250 [861]
/store/data/Run2024F/EGamma0/RAW/v1/000/382/250/00000/be9d11f7-336a-4ce5-ba66-ca309063116a.root 382250 [415]
/store/data/Run2024F/EGamma0/RAW/v1/000/382/250/00000/bf504839-68cf-4dbd-8c60-20170068faf2.root 382250 [615]
/store/data/Run2024F/EGamma0/RAW/v1/000/382/250/00000/bf8f1b76-6eec-4e55-94c6-d9f4ac5de772.root 382250 [404]
/store/data/Run2024F/EGamma0/RAW/v1/000/382/250/00000/bf93c792-7cfd-4e14-a2f0-500f114403b7.root 382250 [329]
/store/data/Run2024F/EGamma0/RAW/v1/000/382/250/00000/bfb7f9c2-86a0-4c95-b1b4-219a9d140025.root 382250 [718]
/store/data/Run2024F/EGamma0/RAW/v1/000/382/250/00000/c016515a-de99-4bfc-884c-95bf0b4c3074.root 382250 [721]
/store/data/Run2024F/EGamma0/RAW/v1/000/382/250/00000/c042b63c-2fed-44ca-b95d-0ce8f8f54d56.root 382250 [256]
/store/data/Run2024F/EGamma0/RAW/v1/000/382/250/00000/c0d2f82c-5fe0-40fb-bcc8-dfacf6d54563.root 382250 [211]
/store/data/Run2024F/EGamma0/RAW/v1/000/382/250/00000/c1043618-06d1-4dd5-8476-fa5904207f6b.root 382250 [479]
/store/data/Run2024F/EGamma0/RAW/v1/000/382/250/00000/c11fc107-c046-4aab-9f6d-0b23df3ccaca.root 382250 [784]
/store/data/Run2024F/EGamma0/RAW/v1/000/382/250/00000/c1265c3b-5258-43e4-8121-db74718b0a66.root 382250 [882]
/store/data/Run2024F/EGamma0/RAW/v1/000/382/250/00000/c25368fb-796b-45c0-aedb-105d59ee08a8.root 382250 [781]
/store/data/Run2024F/EGamma0/RAW/v1/000/382/250/00000/c26246c0-3455-42db-8304-106754a82b55.root 382250 [153]
/store/data/Run2024F/EGamma0/RAW/v1/000/382/250/00000/c2883459-fbeb-452a-8f87-89e017fe3827.root 382250 [859]
/store/data/Run2024F/EGamma0/RAW/v1/000/382/250/00000/c2db8474-3b60-4bf6-bedd-dc059f2be560.root 382250 [348]
/store/data/Run2024F/EGamma0/RAW/v1/000/382/250/00000/c2e172cd-3236-4e15-a066-6fb5a5b995fc.root 382250 [796]
/store/data/Run2024F/EGamma0/RAW/v1/000/382/250/00000/c3103fc1-df3e-43c5-9aa1-4f94706aaa2a.root 382250 [726]
/store/data/Run2024F/EGamma0/RAW/v1/000/382/250/00000/c3edf34c-4a2e-4585-8f65-a1541f882ae5.root 382250 [288]
/store/data/Run2024F/EGamma0/RAW/v1/000/382/250/00000/c46abce2-5779-40be-ba3a-281397f72783.root 382250 [124,125]
/store/data/Run2024F/EGamma0/RAW/v1/000/382/250/00000/c4b78425-55c1-4f04-90ea-c58f2a9f6e2b.root 382250 [382]
/store/data/Run2024F/EGamma0/RAW/v1/000/382/250/00000/c59c18be-e0e3-4ac9-82cb-5c7bb7b8af88.root 382250 [296]
/store/data/Run2024F/EGamma0/RAW/v1/000/382/250/00000/c601e25b-d972-4b30-80ed-6991ec1dd539.root 382250 [798]
/store/data/Run2024F/EGamma0/RAW/v1/000/382/250/00000/c6e33285-5246-468c-9ad7-851103797d04.root 382250 [339]
/store/data/Run2024F/EGamma0/RAW/v1/000/382/250/00000/c70edf7d-3fd0-444f-9984-748b4b3c9ff1.root 382250 [409]
/store/data/Run2024F/EGamma0/RAW/v1/000/382/250/00000/c757b6ee-31bb-4979-b070-80b8a354052c.root 382250 [240]
/store/data/Run2024F/EGamma0/RAW/v1/000/382/250/00000/c7f9c565-57e1-4b0b-bbd2-e27eda425692.root 382250 [909]
/store/data/Run2024F/EGamma0/RAW/v1/000/382/250/00000/c80a0970-4cd5-4e2a-b973-a740ae699558.root 382250 [433]
/store/data/Run2024F/EGamma0/RAW/v1/000/382/250/00000/c940d0e9-d378-4fd9-a379-c8396895e742.root 382250 [735]
/store/data/Run2024F/EGamma0/RAW/v1/000/382/250/00000/c9acf0e5-221d-4f46-b935-dcbb5416db8b.root 382250 [270]
/store/data/Run2024F/EGamma0/RAW/v1/000/382/250/00000/c9ba8303-bf17-4e9f-aaa3-d3bdd217aafe.root 382250 [868]
/store/data/Run2024F/EGamma0/RAW/v1/000/382/250/00000/c9f91af1-655b-412f-a763-afaf33c422f0.root 382250 [751]
/store/data/Run2024F/EGamma0/RAW/v1/000/382/250/00000/ca0980f8-8d3a-4736-92df-56b40bedb370.root 382250 [551]
/store/data/Run2024F/EGamma0/RAW/v1/000/382/250/00000/ca543f77-36d0-479a-8503-def26626c44a.root 382250 [439]
/store/data/Run2024F/EGamma0/RAW/v1/000/382/250/00000/ca73c7fb-8941-427b-81ef-b716991f7ff5.root 382250 [752]
/store/data/Run2024F/EGamma0/RAW/v1/000/382/250/00000/caf90563-cebb-49a5-9a20-93f9d287d82d.root 382250 [516]
/store/data/Run2024F/EGamma0/RAW/v1/000/382/250/00000/cb0d1c11-ec04-472d-b834-91ad0eea2a09.root 382250 [459]
/store/data/Run2024F/EGamma0/RAW/v1/000/382/250/00000/cb88868d-d88c-4532-a020-774a66b823da.root 382250 [264]
/store/data/Run2024F/EGamma0/RAW/v1/000/382/250/00000/cb88cbb2-6bf8-42bc-883d-93ea48d228f8.root 382250 [623]
/store/data/Run2024F/EGamma0/RAW/v1/000/382/250/00000/cc1ff79c-4aab-44ce-8208-538bf0ca0817.root 382250 [497]
/store/data/Run2024F/EGamma0/RAW/v1/000/382/250/00000/cd4983f4-fa70-4d8a-a839-f08163ecd7ce.root 382250 [237]
/store/data/Run2024F/EGamma0/RAW/v1/000/382/250/00000/cd745fba-8b22-4182-b08d-0a15fa589628.root 382250 [228]
/store/data/Run2024F/EGamma0/RAW/v1/000/382/250/00000/cd7bd9c5-06fa-4e43-b8c0-ffa3f8fdcac6.root 382250 [671]
/store/data/Run2024F/EGamma0/RAW/v1/000/382/250/00000/ce09c010-968d-4bc9-9551-7c1d08aa6c54.root 382250 [547]
/store/data/Run2024F/EGamma0/RAW/v1/000/382/250/00000/ce2233ff-0d99-4d8a-a9ce-2630ccfbda86.root 382250 [660]
/store/data/Run2024F/EGamma0/RAW/v1/000/382/250/00000/ce621553-450c-48b6-90cd-a895eae52f97.root 382250 [879]
/store/data/Run2024F/EGamma0/RAW/v1/000/382/250/00000/ce82139c-ee58-45b8-811a-f4576e6160be.root 382250 [182]
/store/data/Run2024F/EGamma0/RAW/v1/000/382/250/00000/ce945623-6a50-43f0-b85e-d4ed02f67428.root 382250 [683]
/store/data/Run2024F/EGamma0/RAW/v1/000/382/250/00000/cefe1c02-be02-459c-b2d5-7f6353a1fc52.root 382250 [758]
/store/data/Run2024F/EGamma0/RAW/v1/000/382/250/00000/cf9c3e33-9109-4b38-a615-0f4e58dcbc10.root 382250 [425]
/store/data/Run2024F/EGamma0/RAW/v1/000/382/250/00000/cfa4a147-6518-4650-a270-bcdd49f4b3a4.root 382250 [662]
/store/data/Run2024F/EGamma0/RAW/v1/000/382/250/00000/cfe4764b-0581-4f12-ba0d-6621b5915bc0.root 382250 [101,102]
/store/data/Run2024F/EGamma0/RAW/v1/000/382/250/00000/cfe93169-f7f7-45ce-b267-d123dca4b1d8.root 382250 [484]
/store/data/Run2024F/EGamma0/RAW/v1/000/382/250/00000/d00a2a9f-c0c7-4484-a33a-650c73494b02.root 382250 [773]
/store/data/Run2024F/EGamma0/RAW/v1/000/382/250/00000/d01a716f-4a24-4149-8b8f-60a13b2ba83f.root 382250 [890]
/store/data/Run2024F/EGamma0/RAW/v1/000/382/250/00000/d01b5843-1529-41ce-92ec-da4515eb9257.root 382250 [504]
/store/data/Run2024F/EGamma0/RAW/v1/000/382/250/00000/d05f5ba8-ec5d-4d7d-8cbb-9023fd413cf2.root 382250 [332]
/store/data/Run2024F/EGamma0/RAW/v1/000/382/250/00000/d061f321-144f-4d73-bb79-389d86560046.root 382250 [85,84,86]
/store/data/Run2024F/EGamma0/RAW/v1/000/382/250/00000/d0c99729-9b50-489d-9587-8815d17a0aab.root 382250 [127,126]
/store/data/Run2024F/EGamma0/RAW/v1/000/382/250/00000/d0e74651-4588-4386-b02c-3a783b05e178.root 382250 [284]
/store/data/Run2024F/EGamma0/RAW/v1/000/382/250/00000/d10a5f8d-28b6-44a2-8b87-9ea9b7c757aa.root 382250 [876]
/store/data/Run2024F/EGamma0/RAW/v1/000/382/250/00000/d1483308-d698-4284-89fe-7ec6a93bca7b.root 382250 [395]
/store/data/Run2024F/EGamma0/RAW/v1/000/382/250/00000/d1afc032-a671-412b-89ae-d03c61bd5db3.root 382250 [601]
/store/data/Run2024F/EGamma0/RAW/v1/000/382/250/00000/d25c0908-e4f1-4822-b9b5-5a838cd9ce4d.root 382250 [204]
/store/data/Run2024F/EGamma0/RAW/v1/000/382/250/00000/d28f267f-4277-4d20-83b4-e208b254d831.root 382250 [207]
/store/data/Run2024F/EGamma0/RAW/v1/000/382/250/00000/d306239d-2476-45f5-865e-eb3dfdb70ee5.root 382250 [215]
/store/data/Run2024F/EGamma0/RAW/v1/000/382/250/00000/d32418a3-d9e8-40bf-9da5-2b9e33700de8.root 382250 [738]
/store/data/Run2024F/EGamma0/RAW/v1/000/382/250/00000/d4014794-7891-47f0-9e71-f6e43d9ee95f.root 382250 [238]
/store/data/Run2024F/EGamma0/RAW/v1/000/382/250/00000/d48c5147-6979-4d51-886c-e58885627251.root 382250 [434]
/store/data/Run2024F/EGamma0/RAW/v1/000/382/250/00000/d4b86f50-46d7-4d1a-9c07-8fffc535e375.root 382250 [313]
/store/data/Run2024F/EGamma0/RAW/v1/000/382/250/00000/d55df2f3-0f18-47c5-bfd6-5429c36a1fea.root 382250 [309]
/store/data/Run2024F/EGamma0/RAW/v1/000/382/250/00000/d589ffac-9f7d-41f3-9ddc-6cd007a600f6.root 382250 [827]
/store/data/Run2024F/EGamma0/RAW/v1/000/382/250/00000/d595d171-5a22-49ba-a75b-e907fa0a2864.root 382250 [571]
/store/data/Run2024F/EGamma0/RAW/v1/000/382/250/00000/d6e93ff3-0e4e-4b26-9005-08e6d0bb00d5.root 382250 [344]
/store/data/Run2024F/EGamma0/RAW/v1/000/382/250/00000/d6f9ac13-4c44-48e8-a5ae-db75cbf96dad.root 382250 [219]
/store/data/Run2024F/EGamma0/RAW/v1/000/382/250/00000/d7589c6e-a346-4252-a871-e51fbadbabfd.root 382250 [685]
/store/data/Run2024F/EGamma0/RAW/v1/000/382/250/00000/d787666a-2236-4095-86a9-a0d1463ea9a5.root 382250 [730]
/store/data/Run2024F/EGamma0/RAW/v1/000/382/250/00000/d7a88ade-5900-4e48-a0af-54fe3b5b0047.root 382250 [591]
/store/data/Run2024F/EGamma0/RAW/v1/000/382/250/00000/d7b1695b-c50e-4d09-be6f-0d18b00f34d6.root 382250 [760]
/store/data/Run2024F/EGamma0/RAW/v1/000/382/250/00000/d7ca3246-b01e-46b2-8fa4-d4f259676871.root 382250 [364]
/store/data/Run2024F/EGamma0/RAW/v1/000/382/250/00000/d7eb19aa-57fe-4117-bd23-62dea988eea7.root 382250 [535]
/store/data/Run2024F/EGamma0/RAW/v1/000/382/250/00000/d863ebac-e12b-4f28-8890-8978e18084ad.root 382250 [444]
/store/data/Run2024F/EGamma0/RAW/v1/000/382/250/00000/d8811886-8b7e-4f5d-aaf0-4c90706e2ccc.root 382250 [794]
/store/data/Run2024F/EGamma0/RAW/v1/000/382/250/00000/d8d9b2e8-a3b4-43bf-9f0c-8475b42b892b.root 382250 [276]
/store/data/Run2024F/EGamma0/RAW/v1/000/382/250/00000/d929ea62-8aff-4816-a382-8aaec25908bc.root 382250 [579]
/store/data/Run2024F/EGamma0/RAW/v1/000/382/250/00000/d9edc75d-3b79-4ac1-9d90-f658b2c25605.root 382250 [908]
/store/data/Run2024F/EGamma0/RAW/v1/000/382/250/00000/da2290e2-0142-418b-b230-d3670eb2be30.root 382250 [675]
/store/data/Run2024F/EGamma0/RAW/v1/000/382/250/00000/da3b5de6-e73c-4c8e-932f-6fd625f05797.root 382250 [692]
/store/data/Run2024F/EGamma0/RAW/v1/000/382/250/00000/da50eb0b-3014-4229-9504-908db0f1978d.root 382250 [146]
/store/data/Run2024F/EGamma0/RAW/v1/000/382/250/00000/da618632-cf6d-47dc-b6ac-8bb90cda53d4.root 382250 [774]
/store/data/Run2024F/EGamma0/RAW/v1/000/382/250/00000/da86d611-9f77-4fab-b871-5b327427ffa0.root 382250 [580]
/store/data/Run2024F/EGamma0/RAW/v1/000/382/250/00000/da910dd5-becc-40f7-825e-cfe9fe0a3c3c.root 382250 [430]
/store/data/Run2024F/EGamma0/RAW/v1/000/382/250/00000/daaf42e6-50eb-4f49-9c71-3e20c06af0a2.root 382250 [731]
/store/data/Run2024F/EGamma0/RAW/v1/000/382/250/00000/dacb87f1-2862-4e3b-a724-44cf055a6154.root 382250 [700]
/store/data/Run2024F/EGamma0/RAW/v1/000/382/250/00000/db615877-55c0-4d12-a9ca-7deba868b869.root 382250 [757]
/store/data/Run2024F/EGamma0/RAW/v1/000/382/250/00000/db684aea-f708-42c0-a4bd-b2239a662c0f.root 382250 [775]
/store/data/Run2024F/EGamma0/RAW/v1/000/382/250/00000/dbb15351-bea8-4d69-9b04-63c00f166c2b.root 382250 [327]
/store/data/Run2024F/EGamma0/RAW/v1/000/382/250/00000/dbf726b7-b938-4c9a-8450-2ef6b8045250.root 382250 [546]
/store/data/Run2024F/EGamma0/RAW/v1/000/382/250/00000/dc0b742c-3c14-4305-a7dc-284dc6717d0d.root 382250 [812]
/store/data/Run2024F/EGamma0/RAW/v1/000/382/250/00000/dd340219-d223-4007-be3e-8adab11be606.root 382250 [393]
/store/data/Run2024F/EGamma0/RAW/v1/000/382/250/00000/ddb04f08-0110-4af7-a5ec-624707c364c2.root 382250 [654]
/store/data/Run2024F/EGamma0/RAW/v1/000/382/250/00000/de4e21d4-d79c-4e47-a500-287bfec0a650.root 382250 [428]
/store/data/Run2024F/EGamma0/RAW/v1/000/382/250/00000/de6e3844-a2cc-432c-8c6d-5058f6c5c0ec.root 382250 [161]
/store/data/Run2024F/EGamma0/RAW/v1/000/382/250/00000/df49c751-b1b4-417c-8367-3f084c40099b.root 382250 [642]
/store/data/Run2024F/EGamma0/RAW/v1/000/382/250/00000/e002a59a-8415-473e-bd53-2d25953cec61.root 382250 [387]
/store/data/Run2024F/EGamma0/RAW/v1/000/382/250/00000/e0bd9423-0c43-41dc-a79c-0f65439b2913.root 382250 [532]
/store/data/Run2024F/EGamma0/RAW/v1/000/382/250/00000/e0d6bd2b-9108-4700-b758-1ff685fb9c8e.root 382250 [716]
/store/data/Run2024F/EGamma0/RAW/v1/000/382/250/00000/e0e67bc1-72d9-40a0-9849-0e0562883133.root 382250 [656]
/store/data/Run2024F/EGamma0/RAW/v1/000/382/250/00000/e1305172-3a4c-4799-b541-90c664f86498.root 382250 [690]
/store/data/Run2024F/EGamma0/RAW/v1/000/382/250/00000/e1a825a9-1620-4d00-ad6b-5e399a037531.root 382250 [900]
/store/data/Run2024F/EGamma0/RAW/v1/000/382/250/00000/e1bea858-4f6d-47a4-a9e7-8ccfe9792948.root 382250 [208]
/store/data/Run2024F/EGamma0/RAW/v1/000/382/250/00000/e1edf364-eca6-4d1a-97f2-7fb6d07b4e63.root 382250 [514]
/store/data/Run2024F/EGamma0/RAW/v1/000/382/250/00000/e22f116f-018e-4724-8c3f-e2c805618e8d.root 382250 [919]
/store/data/Run2024F/EGamma0/RAW/v1/000/382/250/00000/e26366c5-ef92-4ef1-a75e-b7e934e2a136.root 382250 [478]
/store/data/Run2024F/EGamma0/RAW/v1/000/382/250/00000/e26f68ce-74f6-428e-a846-8654e7638963.root 382250 [221]
/store/data/Run2024F/EGamma0/RAW/v1/000/382/250/00000/e295b365-1d76-4026-a368-89f8799f1dca.root 382250 [562]
/store/data/Run2024F/EGamma0/RAW/v1/000/382/250/00000/e2a86049-3933-4671-abe0-0c7105dbe12f.root 382250 [631]
/store/data/Run2024F/EGamma0/RAW/v1/000/382/250/00000/e3056e5c-c0b8-4f00-b9d0-923c64a89264.root 382250 [843]
/store/data/Run2024F/EGamma0/RAW/v1/000/382/250/00000/e32c5e71-ba6c-4553-a1dd-212484076fbf.root 382250 [365]
/store/data/Run2024F/EGamma0/RAW/v1/000/382/250/00000/e3d4859d-34e6-4e1f-ba44-77a4e8ca0309.root 382250 [239]
/store/data/Run2024F/EGamma0/RAW/v1/000/382/250/00000/e3f7259c-29be-487a-a734-bb841cf12f0f.root 382250 [883]
/store/data/Run2024F/EGamma0/RAW/v1/000/382/250/00000/e43dc10e-25dd-4a21-b36f-a5ff2adb1342.root 382250 [888]
/store/data/Run2024F/EGamma0/RAW/v1/000/382/250/00000/e489cb6e-9249-4843-a258-88486adcc141.root 382250 [715]
/store/data/Run2024F/EGamma0/RAW/v1/000/382/250/00000/e4f659f6-61c0-4d45-a2af-04fe4741a462.root 382250 [245]
/store/data/Run2024F/EGamma0/RAW/v1/000/382/250/00000/e5883dea-8c06-40fc-8e80-5d27eb0874eb.root 382250 [413]
/store/data/Run2024F/EGamma0/RAW/v1/000/382/250/00000/e5c343fb-89ce-46a0-8d3e-caf2aff8a62e.root 382250 [355]
/store/data/Run2024F/EGamma0/RAW/v1/000/382/250/00000/e5efacbf-6635-4dd6-b6bb-a7577a3cec12.root 382250 [649]
/store/data/Run2024F/EGamma0/RAW/v1/000/382/250/00000/e5fabed9-c1fc-44a9-99ea-e10ca3da168f.root 382250 [611]
/store/data/Run2024F/EGamma0/RAW/v1/000/382/250/00000/e626fa01-cd4b-41d4-b143-4ae04e2086cc.root 382250 [169]
/store/data/Run2024F/EGamma0/RAW/v1/000/382/250/00000/e62e71a6-d54d-49c8-bf04-e9c1aad0dda9.root 382250 [802]
/store/data/Run2024F/EGamma0/RAW/v1/000/382/250/00000/e63ec877-56ed-41cb-b467-79ad99c8f9c1.root 382250 [454]
/store/data/Run2024F/EGamma0/RAW/v1/000/382/250/00000/e696eca3-d544-4b1b-94bc-2a39133e2290.root 382250 [575]
/store/data/Run2024F/EGamma0/RAW/v1/000/382/250/00000/e69cf5f2-8c33-4424-b13a-a708132f63a9.root 382250 [596]
/store/data/Run2024F/EGamma0/RAW/v1/000/382/250/00000/e8193522-caba-402b-bb85-e226f940b456.root 382250 [659]
/store/data/Run2024F/EGamma0/RAW/v1/000/382/250/00000/e86b9236-3410-4289-ba76-828d80919b8b.root 382250 [465]
/store/data/Run2024F/EGamma0/RAW/v1/000/382/250/00000/e8984897-9f82-473c-9c6a-0a28669d7df5.root 382250 [830]
/store/data/Run2024F/EGamma0/RAW/v1/000/382/250/00000/e8a6bcf4-7bb0-4b39-9f81-df0780706c65.root 382250 [821]
/store/data/Run2024F/EGamma0/RAW/v1/000/382/250/00000/e8e519b0-7189-46bd-8fdf-06baf1cc8bda.root 382250 [303]
/store/data/Run2024F/EGamma0/RAW/v1/000/382/250/00000/e96dd132-1f5b-4e64-ba57-ac36714fb235.root 382250 [521]
/store/data/Run2024F/EGamma0/RAW/v1/000/382/250/00000/e9c631b9-f9fc-44d8-9624-32308ba1180d.root 382250 [301]
/store/data/Run2024F/EGamma0/RAW/v1/000/382/250/00000/ea08f8c9-4c58-4220-90da-5dc31ea86ae7.root 382250 [137]
/store/data/Run2024F/EGamma0/RAW/v1/000/382/250/00000/ea0caeb3-6664-46fb-81cf-aac5bb48c025.root 382250 [286]
/store/data/Run2024F/EGamma0/RAW/v1/000/382/250/00000/ea39ce3e-13a5-448c-9b0e-e3e150ca91e2.root 382250 [502]
/store/data/Run2024F/EGamma0/RAW/v1/000/382/250/00000/ea3fe42c-0ddc-4cb3-a426-d019f25e10aa.root 382250 [725]
/store/data/Run2024F/EGamma0/RAW/v1/000/382/250/00000/ea53dc4b-6c88-438c-8e0a-cfdc75152be2.root 382250 [678]
/store/data/Run2024F/EGamma0/RAW/v1/000/382/250/00000/ea878a17-31a2-450a-8dd1-79d23a0ff0c8.root 382250 [71,69,70]
/store/data/Run2024F/EGamma0/RAW/v1/000/382/250/00000/ea8ae0a2-91e0-46cf-90c6-a0a2571bde3c.root 382250 [807]
/store/data/Run2024F/EGamma0/RAW/v1/000/382/250/00000/ead4f255-4682-4f9a-aac4-f83b7be3de1d.root 382250 [290]
/store/data/Run2024F/EGamma0/RAW/v1/000/382/250/00000/eaf3c2c3-7219-467b-b8e7-f61df2523ad3.root 382250 [899]
/store/data/Run2024F/EGamma0/RAW/v1/000/382/250/00000/eb4262f2-7498-48ae-99be-a52a3fadbb8e.root 382250 [150]
/store/data/Run2024F/EGamma0/RAW/v1/000/382/250/00000/eb910cec-271f-4de9-8218-a250564116e0.root 382250 [293]
/store/data/Run2024F/EGamma0/RAW/v1/000/382/250/00000/ec192209-144e-4941-b5a2-e9af44dcf41e.root 382250 [806,805]
/store/data/Run2024F/EGamma0/RAW/v1/000/382/250/00000/ec406838-3e82-48be-9b2c-b01bc14c0f70.root 382250 [229]
/store/data/Run2024F/EGamma0/RAW/v1/000/382/250/00000/ecb5cc51-35f8-45e9-811b-811a5dc8b983.root 382250 [637]
/store/data/Run2024F/EGamma0/RAW/v1/000/382/250/00000/ece09cf8-3265-4a87-88b0-6115e9ef35aa.root 382250 [417]
/store/data/Run2024F/EGamma0/RAW/v1/000/382/250/00000/eec45894-7974-47bb-a9f3-1a1fbef38daf.root 382250 [767]
/store/data/Run2024F/EGamma0/RAW/v1/000/382/250/00000/eecbe1d3-8d3e-49f0-a697-1cb839052f0d.root 382250 [708]
/store/data/Run2024F/EGamma0/RAW/v1/000/382/250/00000/ef1372f1-36cb-448e-802d-7b1f97760464.root 382250 [669]
/store/data/Run2024F/EGamma0/RAW/v1/000/382/250/00000/ef4726af-ab62-4d53-b60f-e3e09d869b14.root 382250 [315]
/store/data/Run2024F/EGamma0/RAW/v1/000/382/250/00000/ef72ec8e-518f-4aff-af56-2246609dcb20.root 382250 [482]
/store/data/Run2024F/EGamma0/RAW/v1/000/382/250/00000/ef7e7978-7736-4523-b77f-d7cbeabaa8f7.root 382250 [509]
/store/data/Run2024F/EGamma0/RAW/v1/000/382/250/00000/efdaa20a-e0c7-40fe-8d91-3bd25502698c.root 382250 [96,97]
/store/data/Run2024F/EGamma0/RAW/v1/000/382/250/00000/f066bd1b-9b9c-4105-a137-e93ae2a4c10a.root 382250 [920,921]
/store/data/Run2024F/EGamma0/RAW/v1/000/382/250/00000/f094c9ef-256e-4fa9-a3cc-957023f4798d.root 382250 [911]
/store/data/Run2024F/EGamma0/RAW/v1/000/382/250/00000/f1093d2a-3354-4a75-94a8-a7e94e593e65.root 382250 [93,92]
/store/data/Run2024F/EGamma0/RAW/v1/000/382/250/00000/f15cf3ec-a899-4324-a19b-d6d38faed837.root 382250 [613]
/store/data/Run2024F/EGamma0/RAW/v1/000/382/250/00000/f1806faa-7eff-40fa-92d8-eee36b945a2b.root 382250 [299]
/store/data/Run2024F/EGamma0/RAW/v1/000/382/250/00000/f1a02453-d0c7-4271-b554-5488986edf78.root 382250 [247]
/store/data/Run2024F/EGamma0/RAW/v1/000/382/250/00000/f1b3201c-3023-4bcc-b380-6d098fb32f81.root 382250 [494]
/store/data/Run2024F/EGamma0/RAW/v1/000/382/250/00000/f24ce3bd-36c5-439a-bd91-bba6da2a2c7e.root 382250 [174]
/store/data/Run2024F/EGamma0/RAW/v1/000/382/250/00000/f2b1779e-0215-4e6c-b174-a439b713e20c.root 382250 [99,100]
/store/data/Run2024F/EGamma0/RAW/v1/000/382/250/00000/f33123d8-dc09-4044-a71e-64baf7d847c5.root 382250 [342]
/store/data/Run2024F/EGamma0/RAW/v1/000/382/250/00000/f4908c41-1c63-47c0-840c-8eafaf152b0d.root 382250 [388]
/store/data/Run2024F/EGamma0/RAW/v1/000/382/250/00000/f4f9838e-dfab-4df9-bdd8-9b500779b9db.root 382250 [209]
/store/data/Run2024F/EGamma0/RAW/v1/000/382/250/00000/f61d617b-5e63-4279-bfaf-3dba56790965.root 382250 [438]
/store/data/Run2024F/EGamma0/RAW/v1/000/382/250/00000/f6990784-44bc-4370-8a46-539298d7d70f.root 382250 [568]
/store/data/Run2024F/EGamma0/RAW/v1/000/382/250/00000/f7083e9b-4ce3-41ab-8b19-6345e1148978.root 382250 [350]
/store/data/Run2024F/EGamma0/RAW/v1/000/382/250/00000/f74fe018-a49b-49b5-bf96-3bbfc07f633c.root 382250 [593]
/store/data/Run2024F/EGamma0/RAW/v1/000/382/250/00000/f7866729-e6d3-4524-93df-1593714a9962.root 382250 [341]
/store/data/Run2024F/EGamma0/RAW/v1/000/382/250/00000/f79848bf-59ac-48cc-a7e0-793b0e8d33b0.root 382250 [188]
/store/data/Run2024F/EGamma0/RAW/v1/000/382/250/00000/f7d9c35d-da54-4422-a643-a1378575365e.root 382250 [828]
/store/data/Run2024F/EGamma0/RAW/v1/000/382/250/00000/f7ef3228-3db0-40eb-b0e0-b7532580e922.root 382250 [845]
/store/data/Run2024F/EGamma0/RAW/v1/000/382/250/00000/f81f55d2-d3d9-4634-a57d-1d5d2a79bd0e.root 382250 [542]
/store/data/Run2024F/EGamma0/RAW/v1/000/382/250/00000/f8585c9d-d685-4113-9b06-765a1afe638c.root 382250 [823]
/store/data/Run2024F/EGamma0/RAW/v1/000/382/250/00000/f87a6680-7eb0-4425-a5a4-90e556c83152.root 382250 [379]
/store/data/Run2024F/EGamma0/RAW/v1/000/382/250/00000/f897f351-2422-4a00-89d2-eda9cd0456ba.root 382250 [356]
/store/data/Run2024F/EGamma0/RAW/v1/000/382/250/00000/f953a73c-81a5-4180-bad6-84ec915d9d25.root 382250 [586]
/store/data/Run2024F/EGamma0/RAW/v1/000/382/250/00000/f97ca99b-b6c4-40cc-8b08-05f3a60018f4.root 382250 [740]
/store/data/Run2024F/EGamma0/RAW/v1/000/382/250/00000/f998e0e3-40a3-4cb1-ab14-e3de91c88c40.root 382250 [915]
/store/data/Run2024F/EGamma0/RAW/v1/000/382/250/00000/f9c054ca-13d4-442d-a004-186da042bdde.root 382250 [179]
/store/data/Run2024F/EGamma0/RAW/v1/000/382/250/00000/fa2a8952-4073-4a99-816b-73b016134cb2.root 382250 [621]
/store/data/Run2024F/EGamma0/RAW/v1/000/382/250/00000/fa641d9f-3e77-48b6-affe-e57937ae16bc.root 382250 [545]
/store/data/Run2024F/EGamma0/RAW/v1/000/382/250/00000/fab2b2f4-0037-446f-8ed2-be852adaacbf.root 382250 [565]
/store/data/Run2024F/EGamma0/RAW/v1/000/382/250/00000/fb200b0f-d3d7-4bab-b735-d3ab96f4033f.root 382250 [485]
/store/data/Run2024F/EGamma0/RAW/v1/000/382/250/00000/fb2e8c7b-4880-404d-863d-ebe2a5e00c90.root 382250 [795]
/store/data/Run2024F/EGamma0/RAW/v1/000/382/250/00000/fb454a6e-5a7e-473b-853d-18fedcaf55f2.root 382250 [818]
/store/data/Run2024F/EGamma0/RAW/v1/000/382/250/00000/fb539faf-38c7-4432-963f-64773e9441d9.root 382250 [410]
/store/data/Run2024F/EGamma0/RAW/v1/000/382/250/00000/fb6bcfd1-f182-43e1-b4fe-9e0ceec307ac.root 382250 [119,118]
/store/data/Run2024F/EGamma0/RAW/v1/000/382/250/00000/fbc6f7fa-11bd-4985-9915-18795dcd749c.root 382250 [213]
/store/data/Run2024F/EGamma0/RAW/v1/000/382/250/00000/fbfcb027-3fd7-4884-85d9-fe4bff6035ec.root 382250 [938,937]
/store/data/Run2024F/EGamma0/RAW/v1/000/382/250/00000/fc217447-1341-4149-a5e8-6412044ddcbd.root 382250 [901]
/store/data/Run2024F/EGamma0/RAW/v1/000/382/250/00000/fc75ba55-b9dc-4940-88b2-e91550da12db.root 382250 [780]
/store/data/Run2024F/EGamma0/RAW/v1/000/382/250/00000/fcad8798-b450-4967-bf51-d98e8490e6d9.root 382250 [743]
/store/data/Run2024F/EGamma0/RAW/v1/000/382/250/00000/fd51f60f-5b01-4e29-a374-80e14ab63920.root 382250 [647]
/store/data/Run2024F/EGamma0/RAW/v1/000/382/250/00000/fd8b107c-2257-4fc8-9b8b-255c69e15c90.root 382250 [476]
/store/data/Run2024F/EGamma0/RAW/v1/000/382/250/00000/fdf77262-a3db-4103-bcdc-3652eb786b97.root 382250 [643]
/store/data/Run2024F/EGamma0/RAW/v1/000/382/250/00000/fe060dd1-c586-4c25-b159-8a118bd03845.root 382250 [470]
/store/data/Run2024F/EGamma0/RAW/v1/000/382/250/00000/fe29c0a0-714f-42e9-b494-6235bfdbc139.root 382250 [274]
/store/data/Run2024F/EGamma0/RAW/v1/000/382/250/00000/fe97defb-a7ed-4518-ab34-e38c27c51576.root 382250 [226]
/store/data/Run2024F/EGamma0/RAW/v1/000/382/250/00000/fec7300a-37aa-4273-8fa7-2a46d39a5895.root 382250 [905]
/store/data/Run2024F/EGamma0/RAW/v1/000/382/250/00000/ffaa559d-8300-4416-afc4-0919d071eecf.root 382250 [368]
/store/data/Run2024F/EGamma0/RAW/v1/000/382/250/00000/ffe7cec4-b832-4937-832e-83cf8c1a1eda.root 382250 [367]
/store/data/Run2024F/EGamma0/RAW/v1/000/382/250/00000/fff79234-6624-4d66-a6f0-cf5ac1c6b74e.root 382250 [429]
