/store/data/Run2024B/ParkingLLP/RAW/v1/000/378/985/00000/024d43aa-dc8c-48d5-8793-a2ddaf844dd0.root 378985 [521,522,523,520,524,519]
/store/data/Run2024B/ParkingLLP/RAW/v1/000/378/985/00000/0292b8c2-a197-42d6-9396-4078ac62c723.root 378985 [454,455]
/store/data/Run2024B/ParkingLLP/RAW/v1/000/378/985/00000/02acfc03-647d-41d9-932e-91f72262685a.root 378985 [685]
/store/data/Run2024B/ParkingLLP/RAW/v1/000/378/985/00000/02bdfd6e-ef2e-4fe0-b27c-9e4f0b0f073c.root 378985 [217]
/store/data/Run2024B/ParkingLLP/RAW/v1/000/378/985/00000/0a00734b-c24d-4e3e-bd28-92292c48191c.root 378985 [733,732]
/store/data/Run2024B/ParkingLLP/RAW/v1/000/378/985/00000/0a147f20-247f-494a-8979-2f2c71c4e7ba.root 378985 [359,358]
/store/data/Run2024B/ParkingLLP/RAW/v1/000/378/985/00000/0a5dd702-6ac2-41ec-a28a-e36f3610f08b.root 378985 [430,432,431,434,429,433,435,436]
/store/data/Run2024B/ParkingLLP/RAW/v1/000/378/985/00000/0ae08da3-6ca9-4832-b5e4-8af71f9e7225.root 378985 [508,509,506,510,511,507]
/store/data/Run2024B/ParkingLLP/RAW/v1/000/378/985/00000/106fbd9c-5a8a-4dcc-98df-d845b2ecde4e.root 378985 [598]
/store/data/Run2024B/ParkingLLP/RAW/v1/000/378/985/00000/12e6b409-7020-4bd2-9d2a-07dfe9bcfa1d.root 378985 [516,514,513,515,517]
/store/data/Run2024B/ParkingLLP/RAW/v1/000/378/985/00000/14fdeb4f-82ef-4e1e-bf0f-3ad9188ba763.root 378985 [406,399,405,408,411,412,402,403,400,409,410,404,407,401]
/store/data/Run2024B/ParkingLLP/RAW/v1/000/378/985/00000/16ba9d62-ad33-45b8-8201-0b513f2100c3.root 378985 [785,784,783,786]
/store/data/Run2024B/ParkingLLP/RAW/v1/000/378/985/00000/16d46129-97d2-4ecd-a7f0-c205e23c8858.root 378985 [497]
/store/data/Run2024B/ParkingLLP/RAW/v1/000/378/985/00000/18b5bba3-f7d5-48d1-a649-da0f86ae71fa.root 378985 [283]
/store/data/Run2024B/ParkingLLP/RAW/v1/000/378/985/00000/1ba7c663-c815-427b-96f7-29da1651f904.root 378985 [185,186]
/store/data/Run2024B/ParkingLLP/RAW/v1/000/378/985/00000/1da58f68-cd53-48b4-96d0-1436aa3e5c3f.root 378985 [240]
/store/data/Run2024B/ParkingLLP/RAW/v1/000/378/985/00000/1dc2a83d-fd31-4fef-85dd-c2a073242ba1.root 378985 [150]
/store/data/Run2024B/ParkingLLP/RAW/v1/000/378/985/00000/23267198-f223-48a2-983b-c36a71c98557.root 378985 [694]
/store/data/Run2024B/ParkingLLP/RAW/v1/000/378/985/00000/23f84726-ab45-47c1-b1ec-a96bd6aa8308.root 378985 [829]
/store/data/Run2024B/ParkingLLP/RAW/v1/000/378/985/00000/241af3aa-bd9d-40d6-9b4b-4b9d1fe60ab0.root 378985 [183]
/store/data/Run2024B/ParkingLLP/RAW/v1/000/378/985/00000/246fb421-4b21-4a54-b789-d15882f240f9.root 378985 [655,656]
/store/data/Run2024B/ParkingLLP/RAW/v1/000/378/985/00000/247dc88c-42fd-46d2-9809-eb5e52d143cf.root 378985 [213]
/store/data/Run2024B/ParkingLLP/RAW/v1/000/378/985/00000/25790bee-e68e-442c-aec9-510365058e22.root 378985 [715]
/store/data/Run2024B/ParkingLLP/RAW/v1/000/378/985/00000/25c5b375-6eec-4168-b60e-8f9041e3fee0.root 378985 [146]
/store/data/Run2024B/ParkingLLP/RAW/v1/000/378/985/00000/28458f5e-5602-45df-ba58-2054901ab6ec.root 378985 [339,347,349,346,351,345,335,338,343,348,355,337,356,334,340,342,344,353,354,352,336,341,350]
/store/data/Run2024B/ParkingLLP/RAW/v1/000/378/985/00000/28c55780-7726-4920-8108-b7e3cf3dd5b7.root 378985 [647,653,652,649,650,651,646,648]
/store/data/Run2024B/ParkingLLP/RAW/v1/000/378/985/00000/2b72d099-09c7-4c3e-b5e6-a1dc5e7066a3.root 378985 [418]
/store/data/Run2024B/ParkingLLP/RAW/v1/000/378/985/00000/2cf22093-579b-481f-a9a5-df0650613b71.root 378985 [105,104]
/store/data/Run2024B/ParkingLLP/RAW/v1/000/378/985/00000/2d40fe43-f020-4454-89d7-ebf1a2315ec8.root 378985 [198,197,196]
/store/data/Run2024B/ParkingLLP/RAW/v1/000/378/985/00000/30521a50-b0a1-4139-8e96-278c4088ad12.root 378985 [215]
/store/data/Run2024B/ParkingLLP/RAW/v1/000/378/985/00000/30b0507b-1629-4aba-a8f9-d6bb48f9d840.root 378985 [605,607,606]
/store/data/Run2024B/ParkingLLP/RAW/v1/000/378/985/00000/33de2484-a2ae-476a-b079-e2e779d0533c.root 378985 [666]
/store/data/Run2024B/ParkingLLP/RAW/v1/000/378/985/00000/35d16bcf-98cc-4ca9-a574-587fda0e98e6.root 378985 [60,62,61]
/store/data/Run2024B/ParkingLLP/RAW/v1/000/378/985/00000/37fbf9ad-ce50-4b63-8cc3-3ce02f9669af.root 378985 [583,582,584,585]
/store/data/Run2024B/ParkingLLP/RAW/v1/000/378/985/00000/38e01303-d705-4202-9109-6161ceb0900e.root 378985 [414,415,416]
/store/data/Run2024B/ParkingLLP/RAW/v1/000/378/985/00000/3a42818a-51cb-41a0-a4d0-2e0beb4bc726.root 378985 [625,624,627,632,631,623,628,629,633,626,630,622]
/store/data/Run2024B/ParkingLLP/RAW/v1/000/378/985/00000/4026cf96-6905-4e6d-832e-eb729950ced8.root 378985 [326,325,324,327,328]
/store/data/Run2024B/ParkingLLP/RAW/v1/000/378/985/00000/456479e6-5ce5-475a-bc2e-b6868eef5d43.root 378985 [258]
/store/data/Run2024B/ParkingLLP/RAW/v1/000/378/985/00000/47482d53-f160-4ee5-831e-1ac38daafdbb.root 378985 [64,65]
/store/data/Run2024B/ParkingLLP/RAW/v1/000/378/985/00000/515bcfe9-ae53-40cd-a87c-cd98415b67e0.root 378985 [718]
/store/data/Run2024B/ParkingLLP/RAW/v1/000/378/985/00000/520dfb78-52a5-4929-b054-586139c6ea40.root 378985 [256]
/store/data/Run2024B/ParkingLLP/RAW/v1/000/378/985/00000/546f9d00-d7c1-4153-84c1-a59005c6ecc4.root 378985 [46,45]
/store/data/Run2024B/ParkingLLP/RAW/v1/000/378/985/00000/56fc8f7e-aa98-4bf5-987d-b748e2949c7b.root 378985 [93]
/store/data/Run2024B/ParkingLLP/RAW/v1/000/378/985/00000/57fe2b39-d492-47ed-b15e-2fdadc66137f.root 378985 [152]
/store/data/Run2024B/ParkingLLP/RAW/v1/000/378/985/00000/582968ac-7824-4da4-a6a0-ba0dfd449145.root 378985 [821,819,820]
/store/data/Run2024B/ParkingLLP/RAW/v1/000/378/985/00000/58fa4f9d-a1d1-465d-8ca1-1c9a6361bb72.root 378985 [661,662]
/store/data/Run2024B/ParkingLLP/RAW/v1/000/378/985/00000/5e551767-99b2-4e3c-ab58-6f6c4378e4d5.root 378985 [331,332]
/store/data/Run2024B/ParkingLLP/RAW/v1/000/378/985/00000/630382f9-ebcc-4075-b284-3ff0f80b172f.root 378985 [77]
/store/data/Run2024B/ParkingLLP/RAW/v1/000/378/985/00000/6427bcbe-4a20-4580-9ac9-76352f3b0e43.root 378985 [692]
/store/data/Run2024B/ParkingLLP/RAW/v1/000/378/985/00000/656f016d-e6f5-488f-b073-3d5e3a599173.root 378985 [679,682,678,683,680,681]
/store/data/Run2024B/ParkingLLP/RAW/v1/000/378/985/00000/6634dff7-1bd5-436b-8b0c-f1dc1407309e.root 378985 [811]
/store/data/Run2024B/ParkingLLP/RAW/v1/000/378/985/00000/66e66593-b71e-48f4-8e0d-6ef0c5045cc7.root 378985 [164]
/store/data/Run2024B/ParkingLLP/RAW/v1/000/378/985/00000/67308a3e-2c32-4627-8f3a-d7e4f5aa8d3d.root 378985 [222,221,223]
/store/data/Run2024B/ParkingLLP/RAW/v1/000/378/985/00000/697fe8a6-6219-4abf-a126-a3cdb10f8e7d.root 378985 [281]
/store/data/Run2024B/ParkingLLP/RAW/v1/000/378/985/00000/6c18e2eb-1813-4a8c-8342-bc7db2aa0606.root 378985 [803,801,802,804]
/store/data/Run2024B/ParkingLLP/RAW/v1/000/378/985/00000/6c5e40cc-4758-454a-b78b-ce03ac7cd7e6.root 378985 [575,578,579,580,576,577,574]
/store/data/Run2024B/ParkingLLP/RAW/v1/000/378/985/00000/6fbeed0c-18a5-4faa-8a06-a1b64cda6865.root 378985 [503,502,504,500,501]
/store/data/Run2024B/ParkingLLP/RAW/v1/000/378/985/00000/70b18e6d-ea4c-4294-9f43-2e1d4282ecdb.root 378985 [288,295,286,290,292,296,289,291,293,294,287]
/store/data/Run2024B/ParkingLLP/RAW/v1/000/378/985/00000/72ea8b9b-3eb3-4952-8e7c-da59cb511226.root 378985 [371]
/store/data/Run2024B/ParkingLLP/RAW/v1/000/378/985/00000/737ecbf3-8d84-4c64-81fe-8687fa0ad758.root 378985 [307,310,308,306,309]
/store/data/Run2024B/ParkingLLP/RAW/v1/000/378/985/00000/73ed31ab-2495-453f-b29c-0dfaf8e60f7a.root 378985 [527,529,531,526,532,530,533,528]
/store/data/Run2024B/ParkingLLP/RAW/v1/000/378/985/00000/74c185a5-6822-48d3-a12b-e6da695a61ba.root 378985 [601]
/store/data/Run2024B/ParkingLLP/RAW/v1/000/378/985/00000/74fa9818-4a6c-480d-bc72-4f86f2e25e28.root 378985 [376]
/store/data/Run2024B/ParkingLLP/RAW/v1/000/378/985/00000/776136d9-eb2c-4344-84d8-867be0d55428.root 378985 [540,541]
/store/data/Run2024B/ParkingLLP/RAW/v1/000/378/985/00000/79cd0b1e-d184-426d-98db-915ae34f70fc.root 378985 [659,658]
/store/data/Run2024B/ParkingLLP/RAW/v1/000/378/985/00000/79e98bde-6d83-4c43-9e74-79a0d3aa4b32.root 378985 [382,383,378,379,380,381]
/store/data/Run2024B/ParkingLLP/RAW/v1/000/378/985/00000/7c24ee5d-960b-410d-9d27-7fa57a0a3910.root 378985 [603]
/store/data/Run2024B/ParkingLLP/RAW/v1/000/378/985/00000/7cb1def2-ac0c-4c2b-a29a-0cec0b55d04c.root 378985 [713,709,707,708,710,711,706,712]
/store/data/Run2024B/ParkingLLP/RAW/v1/000/378/985/00000/7d0918ac-cfff-4649-bfd7-d5dca917edb0.root 378985 [826]
/store/data/Run2024B/ParkingLLP/RAW/v1/000/378/985/00000/7f44f097-e0cc-4c36-bf3b-b8cb844feb35.root 378985 [723,725,724,729,726,728,727]
/store/data/Run2024B/ParkingLLP/RAW/v1/000/378/985/00000/850bac52-3a9f-4e10-977c-55a046561fca.root 378985 [102]
/store/data/Run2024B/ParkingLLP/RAW/v1/000/378/985/00000/86265a27-e846-4177-a9d9-73b2a6b6f117.root 378985 [771,772,770]
/store/data/Run2024B/ParkingLLP/RAW/v1/000/378/985/00000/878d53e8-3abf-41c7-b158-384dc9411e14.root 378985 [788,789]
/store/data/Run2024B/ParkingLLP/RAW/v1/000/378/985/00000/87ab4e3a-7f5c-4e84-9b62-36c29579c6f4.root 378985 [97]
/store/data/Run2024B/ParkingLLP/RAW/v1/000/378/985/00000/87e24c8b-2a7e-4685-bc4b-8c7e467ed020.root 378985 [737]
/store/data/Run2024B/ParkingLLP/RAW/v1/000/378/985/00000/8c5db9dc-6e78-4efc-bcdd-d9d2814bf0c3.root 378985 [189]
/store/data/Run2024B/ParkingLLP/RAW/v1/000/378/985/00000/8cb1bb91-9da2-4993-bd76-a34b74010e84.root 378985 [148]
/store/data/Run2024B/ParkingLLP/RAW/v1/000/378/985/00000/94b3735a-3f8e-4216-a1f7-58767ff5807e.root 378985 [276]
/store/data/Run2024B/ParkingLLP/RAW/v1/000/378/985/00000/95054cb1-5153-4ad5-87d2-99e595724f4a.root 378985 [246,247]
/store/data/Run2024B/ParkingLLP/RAW/v1/000/378/985/00000/979af943-7356-4a2d-aa78-7bf55f0253e5.root 378985 [747,749,750,751,745,739,744,742,740,752,743,746,748,741]
/store/data/Run2024B/ParkingLLP/RAW/v1/000/378/985/00000/98cbde5b-e8c7-4b2d-8599-e4b8949acc7d.root 378985 [387,388,390,394,397,386,391,395,392,393,389,396]
/store/data/Run2024B/ParkingLLP/RAW/v1/000/378/985/00000/9b850007-25e2-48c7-8f0b-035843ba086e.root 378985 [227]
/store/data/Run2024B/ParkingLLP/RAW/v1/000/378/985/00000/9bc6d548-f715-45f8-b0e6-b94a1474e843.root 378985 [816,815]
/store/data/Run2024B/ParkingLLP/RAW/v1/000/378/985/00000/9cd98a17-623f-40c6-88ab-e230e9526886.root 378985 [774]
/store/data/Run2024B/ParkingLLP/RAW/v1/000/378/985/00000/9d225939-0d2c-44ca-8f91-869a471a5c03.root 378985 [590,589,588,587]
/store/data/Run2024B/ParkingLLP/RAW/v1/000/378/985/00000/9d725874-efbe-4a04-b62d-6f9d491510f8.root 378985 [312,315,314,318,320,322,317,313,316,319,321]
/store/data/Run2024B/ParkingLLP/RAW/v1/000/378/985/00000/a0040a58-9779-469f-bdfa-38baba0d14d1.root 378985 [81,79,80]
/store/data/Run2024B/ParkingLLP/RAW/v1/000/378/985/00000/a0176076-38ba-41d8-bcb9-f1f167af7f25.root 378985 [446,451,447,448,449,450]
/store/data/Run2024B/ParkingLLP/RAW/v1/000/378/985/00000/a405ee3c-fbe9-460b-9514-7763469e0f24.root 378985 [635]
/store/data/Run2024B/ParkingLLP/RAW/v1/000/378/985/00000/a52af8e5-1d58-45ab-9202-64a545e7dcac.root 378985 [272,268,269,270,271,274,273]
/store/data/Run2024B/ParkingLLP/RAW/v1/000/378/985/00000/a5f8a826-07ae-4101-8f41-00aa691b3661.root 378985 [172]
/store/data/Run2024B/ParkingLLP/RAW/v1/000/378/985/00000/a72b90c4-60dd-464d-9e39-7acc3c36036d.root 378985 [697,696]
/store/data/Run2024B/ParkingLLP/RAW/v1/000/378/985/00000/abd36c3b-d260-47c1-bc0d-6566be01014d.root 378985 [564,563,567,565,566]
/store/data/Run2024B/ParkingLLP/RAW/v1/000/378/985/00000/acb69c52-805a-4766-bf89-81aaa1442f1e.root 378985 [556,561,557,559,547,553,558,551,548,554,549,552,550,560,555]
/store/data/Run2024B/ParkingLLP/RAW/v1/000/378/985/00000/ad4e4159-aa94-401b-a67a-9bf577c0e7db.root 378985 [242,243]
/store/data/Run2024B/ParkingLLP/RAW/v1/000/378/985/00000/ae426337-00d1-4a67-afd6-d63b5c9f98f7.root 378985 [368,361,362,367,369,363,364,365,366]
/store/data/Run2024B/ParkingLLP/RAW/v1/000/378/985/00000/af6ce2d3-5cec-4fc6-8412-d544832a37bc.root 378985 [615,616]
/store/data/Run2024B/ParkingLLP/RAW/v1/000/378/985/00000/b4235ff0-111f-4a2d-b3fc-ddbd0f2fa1c4.root 378985 [74]
/store/data/Run2024B/ParkingLLP/RAW/v1/000/378/985/00000/b427affd-31a6-43b2-8c29-adfe22201774.root 378985 [641,638,639,640,637,642]
/store/data/Run2024B/ParkingLLP/RAW/v1/000/378/985/00000/b484e70e-8c3b-461e-a0e3-344082ae8f99.root 378985 [569,571,570,572]
/store/data/Run2024B/ParkingLLP/RAW/v1/000/378/985/00000/b528769d-f47d-4289-9296-6c6451468a9e.root 378985 [809,806,808,807]
/store/data/Run2024B/ParkingLLP/RAW/v1/000/378/985/00000/b5f9f1cd-37de-4106-892e-78ae25d3151c.root 378985 [689,690,688]
/store/data/Run2024B/ParkingLLP/RAW/v1/000/378/985/00000/b7dc75fc-d5d2-40b5-9828-10f22d481a5b.root 378985 [813]
/store/data/Run2024B/ParkingLLP/RAW/v1/000/378/985/00000/b999cfd6-fbcc-4ee7-b1ee-ba564bd37f58.root 378985 [168]
/store/data/Run2024B/ParkingLLP/RAW/v1/000/378/985/00000/bcc45576-2ac9-4536-85c2-e5797ba7109d.root 378985 [194]
/store/data/Run2024B/ParkingLLP/RAW/v1/000/378/985/00000/bcf0da27-a955-40dd-8fc6-22c2215d3d4c.root 378985 [155]
/store/data/Run2024B/ParkingLLP/RAW/v1/000/378/985/00000/be49efd8-55bb-4e9c-b7fd-6e081a581e11.root 378985 [735]
/store/data/Run2024B/ParkingLLP/RAW/v1/000/378/985/00000/bfdedcf7-a7d6-462b-a30b-81fb9efa2ab5.root 378985 [203,201,205,202,204,206]
/store/data/Run2024B/ParkingLLP/RAW/v1/000/378/985/00000/c1668ccf-10b8-4f5d-b7e8-aff07e75f40f.root 378985 [115]
/store/data/Run2024B/ParkingLLP/RAW/v1/000/378/985/00000/c4e5c750-621e-4df2-bc87-8f87c002908f.root 378985 [721,720]
/store/data/Run2024B/ParkingLLP/RAW/v1/000/378/985/00000/c6a163b0-7b65-4d2b-a419-b652c3758f07.root 378985 [427,426]
/store/data/Run2024B/ParkingLLP/RAW/v1/000/378/985/00000/c738569a-01bf-413a-b39b-351e86619126.root 378985 [776,777]
/store/data/Run2024B/ParkingLLP/RAW/v1/000/378/985/00000/c7d95f40-e88b-4473-86a9-9812d7bfb7bb.root 378985 [470]
/store/data/Run2024B/ParkingLLP/RAW/v1/000/378/985/00000/c8942bdf-3e8f-477f-9874-a91e104e241d.root 378985 [779,780]
/store/data/Run2024B/ParkingLLP/RAW/v1/000/378/985/00000/c8f8ea9f-566e-4100-8eb6-f30bc7c5f767.root 378985 [477,472,476,473,474,475]
/store/data/Run2024B/ParkingLLP/RAW/v1/000/378/985/00000/ca535626-e02a-4451-9eab-336b9bd5bbc6.root 378985 [492]
/store/data/Run2024B/ParkingLLP/RAW/v1/000/378/985/00000/cc1f19eb-0fb6-4de4-9e4c-52ceffa2b6fe.root 378985 [535,538,537,536]
/store/data/Run2024B/ParkingLLP/RAW/v1/000/378/985/00000/ccdaec31-9101-46d8-89ac-ee7901d7cacc.root 378985 [138]
/store/data/Run2024B/ParkingLLP/RAW/v1/000/378/985/00000/cde71f8f-930b-4941-9152-6ce031bfe17a.root 378985 [543,545,544]
/store/data/Run2024B/ParkingLLP/RAW/v1/000/378/985/00000/d4f3224e-f297-4bbf-bb94-773b577db67f.root 378985 [440,442,441,444,443]
/store/data/Run2024B/ParkingLLP/RAW/v1/000/378/985/00000/d6d15792-4536-49aa-ac16-0a1d2cd2c87f.root 378985 [210]
/store/data/Run2024B/ParkingLLP/RAW/v1/000/378/985/00000/d735126e-ca32-4266-aff8-4449ad2e0719.root 378985 [464,460,465,467,461,466,459,457,458,462,463]
/store/data/Run2024B/ParkingLLP/RAW/v1/000/378/985/00000/d924033a-683e-4491-adb9-9f57a9276180.root 378985 [278]
/store/data/Run2024B/ParkingLLP/RAW/v1/000/378/985/00000/d96671e7-1721-43ad-82d9-4371068d2ff2.root 378985 [225]
/store/data/Run2024B/ParkingLLP/RAW/v1/000/378/985/00000/db595963-92de-4325-b602-ebd6ce338aef.root 378985 [129]
/store/data/Run2024B/ParkingLLP/RAW/v1/000/378/985/00000/dec6a78a-4167-4847-9b9f-7db6aebd0f2b.root 378985 [701,702,703,704,700]
/store/data/Run2024B/ParkingLLP/RAW/v1/000/378/985/00000/df4dc3f6-e49b-4150-b77e-7bb1c1b3f86e.root 378985 [161]
/store/data/Run2024B/ParkingLLP/RAW/v1/000/378/985/00000/e186f1b8-086e-458d-a54f-bc12e9bf48c5.root 378985 [424,420,422,423,421]
/store/data/Run2024B/ParkingLLP/RAW/v1/000/378/985/00000/e3394d2b-cadb-4773-9ea8-acd454f62923.root 378985 [298,299,302,304,300,301,303]
/store/data/Run2024B/ParkingLLP/RAW/v1/000/378/985/00000/e3ccd150-c984-4500-8909-fd6162527705.root 378985 [235,236,234,232,233]
/store/data/Run2024B/ParkingLLP/RAW/v1/000/378/985/00000/e4a7f55d-b89f-46e4-8638-5f759de5eb64.root 378985 [487,489,490,488]
/store/data/Run2024B/ParkingLLP/RAW/v1/000/378/985/00000/e81bae57-37f7-4206-8c54-1fd4ed3cd2df.root 378985 [264,262,263]
/store/data/Run2024B/ParkingLLP/RAW/v1/000/378/985/00000/e90de126-223b-45ac-83c5-419f57d5b974.root 378985 [100]
/store/data/Run2024B/ParkingLLP/RAW/v1/000/378/985/00000/eac55f24-99ad-473f-b9aa-e8a2b6a03455.root 378985 [482,483,480,479,484,485,481]
/store/data/Run2024B/ParkingLLP/RAW/v1/000/378/985/00000/ec69afe8-7141-46fa-823b-784c7e36ed55.root 378985 [764,766,763,765]
/store/data/Run2024B/ParkingLLP/RAW/v1/000/378/985/00000/f0f886bb-31ce-43c5-8f2c-c82cbca294bc.root 378985 [122]
/store/data/Run2024B/ParkingLLP/RAW/v1/000/378/985/00000/f234ce6d-dc75-42de-a88d-6ebcdebd8138.root 378985 [612,613,610,611]
/store/data/Run2024B/ParkingLLP/RAW/v1/000/378/985/00000/f3213190-78a7-4a68-88fe-d76654ccb48b.root 378985 [757,755,758,759,754,756,760]
/store/data/Run2024B/ParkingLLP/RAW/v1/000/378/985/00000/f5a8554f-28e8-49ff-a70d-bd2699f66192.root 378985 [208]
/store/data/Run2024B/ParkingLLP/RAW/v1/000/378/985/00000/f84571b1-ea29-496d-955c-81feefca3770.root 378985 [669,670,672,674,671,673,675,668]
/store/data/Run2024B/ParkingLLP/RAW/v1/000/378/985/00000/f8c7dfb2-8917-413d-8b46-3dc9676358b7.root 378985 [823,824]
/store/data/Run2024B/ParkingLLP/RAW/v1/000/378/985/00000/f91c2e3d-f456-4590-a2fc-bf105183577f.root 378985 [438]
/store/data/Run2024B/ParkingLLP/RAW/v1/000/378/985/00000/fa2b61d0-19e3-42b4-8eed-a7acdf9ee97a.root 378985 [793,797,796,792,798,799,795,794,791]
/store/data/Run2024B/ParkingLLP/RAW/v1/000/378/985/00000/fb28c2d8-8a56-489f-bc66-f32f18eaf5d6.root 378985 [620,618,619]
/store/data/Run2024B/ParkingLLP/RAW/v1/000/378/985/00000/fbd773f3-1361-422e-99cd-7bed5fcd94fd.root 378985 [495]
/store/data/Run2024B/ParkingLLP/RAW/v1/000/378/985/00000/fbddab57-0f72-426d-aece-3b3424ff9b82.root 378985 [592,593,594,595]
/store/data/Run2024B/ParkingLLP/RAW/v1/000/378/985/00000/fde086ec-db4d-4107-a301-6645ccba3f8b.root 378985 [374,373]
/store/data/Run2024B/ParkingLLP/RAW/v1/000/378/993/00000/0a8d07a6-03a4-4f6b-9438-852ee5d67499.root 378993 [42,43]
/store/data/Run2024B/ParkingLLP/RAW/v1/000/378/993/00000/0b7d6889-67fa-49e5-95f7-4685f043aea6.root 378993 [160,154,157,155,159,156,158,161]
/store/data/Run2024B/ParkingLLP/RAW/v1/000/378/993/00000/16a7d507-1944-43c2-b415-e54881fa9471.root 378993 [113,114]
/store/data/Run2024B/ParkingLLP/RAW/v1/000/378/993/00000/25458b14-d876-4d70-b2a7-2f765eb3f652.root 378993 [123,125,122,126,124]
/store/data/Run2024B/ParkingLLP/RAW/v1/000/378/993/00000/290de473-fc0f-4fcd-bfdc-eed5e6f67b80.root 378993 [108,109,110,111]
/store/data/Run2024B/ParkingLLP/RAW/v1/000/378/993/00000/291a9193-5670-4e7c-811c-892515c36077.root 378993 [93,96,97,94,95,101,100,98,99]
/store/data/Run2024B/ParkingLLP/RAW/v1/000/378/993/00000/2fb8a924-d15e-481a-a711-67e90b0ce691.root 378993 [59]
/store/data/Run2024B/ParkingLLP/RAW/v1/000/378/993/00000/4605f82a-2992-45a5-898b-79f7cb8947a9.root 378993 [40]
/store/data/Run2024B/ParkingLLP/RAW/v1/000/378/993/00000/4c259ea4-33a7-46a1-8813-c7ed15017174.root 378993 [65]
/store/data/Run2024B/ParkingLLP/RAW/v1/000/378/993/00000/51fb14af-76ee-4565-8c0e-7e4a677a17cf.root 378993 [152,151]
/store/data/Run2024B/ParkingLLP/RAW/v1/000/378/993/00000/5a6e4296-8be7-458c-9745-3e5090ab06c3.root 378993 [62,61]
/store/data/Run2024B/ParkingLLP/RAW/v1/000/378/993/00000/63bcdbc0-b224-44b0-a2f2-ef53f0d4dcb5.root 378993 [54,55,56]
/store/data/Run2024B/ParkingLLP/RAW/v1/000/378/993/00000/6a25a28d-8524-41e5-9997-a2acc2bc0a0a.root 378993 [120,119]
/store/data/Run2024B/ParkingLLP/RAW/v1/000/378/993/00000/6dab1ef1-02ee-40c3-9df5-197f03af8628.root 378993 [52]
/store/data/Run2024B/ParkingLLP/RAW/v1/000/378/993/00000/72244790-5040-4bd2-acdc-ef784f708c36.root 378993 [132,136,134,128,129,130,131,133,135]
/store/data/Run2024B/ParkingLLP/RAW/v1/000/378/993/00000/818e9080-be2e-42e0-9866-1ccb8dbff2e3.root 378993 [140,147,149,141,139,142,144,138,146,145,148,143]
/store/data/Run2024B/ParkingLLP/RAW/v1/000/378/993/00000/89f37847-039f-47b7-a596-4d3376ecf4d5.root 378993 [69]
/store/data/Run2024B/ParkingLLP/RAW/v1/000/378/993/00000/9c25c068-4071-45e5-9ee2-cb34a93825c0.root 378993 [90,89]
/store/data/Run2024B/ParkingLLP/RAW/v1/000/378/993/00000/a9792e59-80b2-4afc-80d3-d37afc5ab77c.root 378993 [31,28,29,30]
/store/data/Run2024B/ParkingLLP/RAW/v1/000/378/993/00000/ae2447ed-f1c2-4589-8a07-1bcc4c704831.root 378993 [77,76]
/store/data/Run2024B/ParkingLLP/RAW/v1/000/378/993/00000/bea14d2a-d57b-480d-b5db-e8f1da915bd8.root 378993 [170,172,185,173,190,192,164,180,184,163,166,167,187,193,195,168,186,191,194,177,182,169,189,196,199,171,176,178,183,188,198,165,181,174,175,179,197]
/store/data/Run2024B/ParkingLLP/RAW/v1/000/378/993/00000/c1c275e9-9673-4d29-a5ec-45f82adda131.root 378993 [103,104]
/store/data/Run2024B/ParkingLLP/RAW/v1/000/378/993/00000/c71e21ed-fb18-4a6f-ac5f-a950af056a8d.root 378993 [87]
/store/data/Run2024B/ParkingLLP/RAW/v1/000/378/993/00000/d36a7eab-942c-43cd-b2f3-4867440ed96e.root 378993 [85]
/store/data/Run2024B/ParkingLLP/RAW/v1/000/378/993/00000/d6aad092-4858-48fc-b598-889857366d69.root 378993 [71,72,73]
/store/data/Run2024B/ParkingLLP/RAW/v1/000/378/993/00000/dca523ff-b590-4842-8b96-24f7eca66844.root 378993 [36,37,38]
/store/data/Run2024B/ParkingLLP/RAW/v1/000/378/993/00000/de249438-5234-4641-ad57-ae188c8fbc1d.root 378993 [117]
/store/data/Run2024B/ParkingLLP/RAW/v1/000/378/993/00000/e72d431f-f6a5-473f-b037-7bca1f4c566e.root 378993 [50]
/store/data/Run2024B/ParkingLLP/RAW/v1/000/378/993/00000/e818169a-17b4-4def-8b85-ba9b989e4241.root 378993 [46]
/store/data/Run2024B/ParkingLLP/RAW/v1/000/378/993/00000/f16e5b7c-0e34-44a2-b2e9-eda09e8d5a2c.root 378993 [34]
/store/data/Run2024B/ParkingLLP/RAW/v1/000/378/993/00000/f9007789-d512-4165-b9ae-3eede51ada14.root 378993 [83]
/store/data/Run2024B/ParkingLLP/RAW/v1/000/379/006/00000/94b6f0e5-c127-45a8-bbd9-476072ed1115.root 379006 [13,22,23,5,16,17,18,1,15,2,3,4,14,20,21,6,8,9,12,19,11,7,10]
/store/data/Run2024B/ParkingLLP/RAW/v1/000/379/011/00000/0785ec4c-0996-4bf6-b4b4-883e7dcf9de1.root 379011 [288,290,275,283,284,289,294,300,277,286,302,276,279,280,292,303,295,296,297,298,299,304,287,291,278,281,282,285,293,301]
/store/data/Run2024B/ParkingLLP/RAW/v1/000/379/011/00000/12638335-cfc2-41f5-a9af-6a7b98b2ce39.root 379011 [181,183,185,201,202,195,198,204,175,176,192,200,177,182,193,197,178,189,194,196,203,179,180,190,205,187,188,184,186,191,199]
/store/data/Run2024B/ParkingLLP/RAW/v1/000/379/011/00000/2e0b297e-6f4c-4374-b3c0-92c23e6c27c5.root 379011 [339,341,351,352,360,343,347,350,348,354,357,346,355,359,340,356,342,344,345,353,349,358]
/store/data/Run2024B/ParkingLLP/RAW/v1/000/379/011/00000/335d85d8-4d00-44e6-96a5-75b31376a636.root 379011 [378,372,374,377,380,382,375,376,379,373,383,381]
/store/data/Run2024B/ParkingLLP/RAW/v1/000/379/011/00000/357740f3-6d50-449a-b86c-65a72f57bb9c.root 379011 [363,364,366,368,365,367,362,369,370]
/store/data/Run2024B/ParkingLLP/RAW/v1/000/379/011/00000/46a262fa-88ae-4c74-8f2a-8e1ea8cdc84d.root 379011 [78,89,94,100,79,82,83,77,86,90,95,75,76,84,97,99,101,81,91,92,105,96,102,85,88,93,80,87,98,103,104,106]
/store/data/Run2024B/ParkingLLP/RAW/v1/000/379/011/00000/5e513bdc-882d-4415-bbf1-e444e9bd8d72.root 379011 [243,245,247,244,242,240,241,246]
/store/data/Run2024B/ParkingLLP/RAW/v1/000/379/011/00000/688dfe23-7439-4fba-a033-78cb092ada1b.root 379011 [314,307,313,311,308,309,310,312]
/store/data/Run2024B/ParkingLLP/RAW/v1/000/379/011/00000/795a0e86-b008-4e0e-8c68-525a89de51f7.root 379011 [42,46,64,67,68,71,47,53,60,72,56,57,58,61,73,52,70,45,54,55,65,66,44,48,49,62,69,43,50,59,51,63]
/store/data/Run2024B/ParkingLLP/RAW/v1/000/379/011/00000/82dbacd6-3ef6-426f-91c4-26a9b5913d20.root 379011 [253,265,266,267,268,269,249,251,256,254,250,263,260,270,252,262,255,257,258,259,261,264]
/store/data/Run2024B/ParkingLLP/RAW/v1/000/379/011/00000/8d28d706-25bf-4fb7-ba21-ebec12a53a48.root 379011 [207,213,226,235,209,212,215,216,219,214,220,208,211,227,222,229,236,237,217,218,224,225,232,233,238,210,221,228,231,234,223,230]
/store/data/Run2024B/ParkingLLP/RAW/v1/000/379/011/00000/901a3e5d-4d10-4102-93ae-88b20252e57b.root 379011 [385,390,387,389,391,386,388]
/store/data/Run2024B/ParkingLLP/RAW/v1/000/379/011/00000/a2d487c2-9b59-4d72-ac86-a391cbcc37af.root 379011 [143,144,145,147,169,170,172,149,150,155,151,156,164,148,153,157,161,163,171,141,158,166,168,154,162,142,146,152,159,160,165,167]
/store/data/Run2024B/ParkingLLP/RAW/v1/000/379/011/00000/b1bb2d07-b917-4aa0-bf4e-0cc2563c8735.root 379011 [127,135,109,120,124,125,130,137,117,119,129,133,108,110,113,115,128,139,111,116,118,121,138,114,122,123,126,131,134,136,112,132]
/store/data/Run2024B/ParkingLLP/RAW/v1/000/379/011/00000/c13cd7e8-e4e8-4a0f-b31c-5da87408e621.root 379011 [330,316,326,331,333,336,337,320,323,325,318,319,328,329,332,335,317,321,322,324,327,334]
/store/data/Run2024B/ParkingLLP/RAW/v1/000/379/011/00000/d764e85b-11a7-4510-9f04-2b7a8773e271.root 379011 [273]
/store/data/Run2024B/ParkingLLP/RAW/v1/000/379/011/00000/d7c15bf7-7d0b-4157-a9af-b105111517bf.root 379011 [3,2,5,4,6,7,1]
/store/data/Run2024B/ParkingLLP/RAW/v1/000/379/011/00000/e12381f8-d3de-4abe-8d36-6effb6bfee28.root 379011 [12,17,22,24,27,38,10,14,15,28,18,21,26,31,34,13,19,20,30,39,11,35,9,23,25,29,33,16,32,36,37,40]
/store/data/Run2024B/ParkingLLP/RAW/v1/000/379/012/00000/04a50a48-62ff-4467-95ff-ee75a368e1fa.root 379012 [378]
/store/data/Run2024B/ParkingLLP/RAW/v1/000/379/012/00000/075dfc36-5379-4729-ad5d-fc3eee6fcf3d.root 379012 [96,98,93,97,92,94,95,99]
/store/data/Run2024B/ParkingLLP/RAW/v1/000/379/012/00000/0b1eeda6-5ba2-4c2f-abee-5c2c7f65c520.root 379012 [416,417,415,418,419,421,420,422,423]
/store/data/Run2024B/ParkingLLP/RAW/v1/000/379/012/00000/0f6b5fd8-f155-4c84-9325-e63f889f80fe.root 379012 [114,112,113]
/store/data/Run2024B/ParkingLLP/RAW/v1/000/379/012/00000/15afdb28-cd17-44f8-8470-4ac960f44f45.root 379012 [219,220,221,223,222]
/store/data/Run2024B/ParkingLLP/RAW/v1/000/379/012/00000/1e33de7c-1681-4799-98bb-589ecf3bd9cd.root 379012 [355]
/store/data/Run2024B/ParkingLLP/RAW/v1/000/379/012/00000/1fb7b76d-90a5-4d19-a1b4-183f6a81fe38.root 379012 [108,107]
/store/data/Run2024B/ParkingLLP/RAW/v1/000/379/012/00000/22830141-dba6-4e6e-8530-05b3dc3f8d1a.root 379012 [441,442,440,439,443]
/store/data/Run2024B/ParkingLLP/RAW/v1/000/379/012/00000/2cdac069-94ce-4328-b5a5-69623aa9333e.root 379012 [171,172]
/store/data/Run2024B/ParkingLLP/RAW/v1/000/379/012/00000/308452e4-7c4e-432c-9a15-231f25de6440.root 379012 [297,298,299]
/store/data/Run2024B/ParkingLLP/RAW/v1/000/379/012/00000/317c2853-f0e2-4d33-90ba-08a42b5e4b52.root 379012 [143,147,142,145,149,146,148,150,144]
/store/data/Run2024B/ParkingLLP/RAW/v1/000/379/012/00000/31c0bdf8-4fdf-48f0-a602-1d77d6c48765.root 379012 [127,128,129]
/store/data/Run2024B/ParkingLLP/RAW/v1/000/379/012/00000/333052d9-26e2-4c72-973a-37972d391158.root 379012 [327,326]
/store/data/Run2024B/ParkingLLP/RAW/v1/000/379/012/00000/334af48f-aa07-498d-b868-af5fbefbb6bb.root 379012 [137,139,136,138,134,140,135]
/store/data/Run2024B/ParkingLLP/RAW/v1/000/379/012/00000/37a2cbdb-c1e6-4c50-9052-c0115c3defe8.root 379012 [426,425,427]
/store/data/Run2024B/ParkingLLP/RAW/v1/000/379/012/00000/3c34edeb-ef5c-4e2f-bf58-0a416cb46450.root 379012 [208]
/store/data/Run2024B/ParkingLLP/RAW/v1/000/379/012/00000/4a602548-ae89-40a3-8864-b8106219add4.root 379012 [255,257,253,256,254]
/store/data/Run2024B/ParkingLLP/RAW/v1/000/379/012/00000/4e045d1a-751f-478c-a621-1e06459943b2.root 379012 [320,321,318,323,322,319]
/store/data/Run2024B/ParkingLLP/RAW/v1/000/379/012/00000/569c5692-3caf-4908-acaa-1568cafc4e9d.root 379012 [79,86,87,80,81,84,88,85,83,82,89,90]
/store/data/Run2024B/ParkingLLP/RAW/v1/000/379/012/00000/5bf645d2-79ef-4711-a63c-d155a6c431b1.root 379012 [342,341,343]
/store/data/Run2024B/ParkingLLP/RAW/v1/000/379/012/00000/5c0849fb-f8eb-4a01-b8ba-a244241f671d.root 379012 [2,6,4,5,1,3]
/store/data/Run2024B/ParkingLLP/RAW/v1/000/379/012/00000/603ab61f-ed6f-4929-8078-d0a981da9e0d.root 379012 [168]
/store/data/Run2024B/ParkingLLP/RAW/v1/000/379/012/00000/6054ba10-c642-4356-894c-313a2b28ef92.root 379012 [357,358]
/store/data/Run2024B/ParkingLLP/RAW/v1/000/379/012/00000/6377e84f-a136-427a-b05a-51c1c9701081.root 379012 [430,431]
/store/data/Run2024B/ParkingLLP/RAW/v1/000/379/012/00000/63d61de0-8230-47e3-ba0c-a88f27266003.root 379012 [350,349]
/store/data/Run2024B/ParkingLLP/RAW/v1/000/379/012/00000/646fb927-4b72-4f47-ae07-836ad8b18ac2.root 379012 [293,294]
/store/data/Run2024B/ParkingLLP/RAW/v1/000/379/012/00000/6581f5a0-0ec9-44e3-a08e-b91f9161b825.root 379012 [158,156,157]
/store/data/Run2024B/ParkingLLP/RAW/v1/000/379/012/00000/67a22575-6a31-4713-93f3-a633cc958c4d.root 379012 [273,272,274]
/store/data/Run2024B/ParkingLLP/RAW/v1/000/379/012/00000/6a0f6940-60d5-4537-99fa-ab3809ccc3c0.root 379012 [382,380,381]
/store/data/Run2024B/ParkingLLP/RAW/v1/000/379/012/00000/6b14ca27-b959-4d19-866b-1b8f68e17e0e.root 379012 [347,346]
/store/data/Run2024B/ParkingLLP/RAW/v1/000/379/012/00000/70f95309-57b8-4023-96e5-e86a5266c43f.root 379012 [211,212,210]
/store/data/Run2024B/ParkingLLP/RAW/v1/000/379/012/00000/7518b9ac-7402-49bb-9469-db7b8e4322d2.root 379012 [435]
/store/data/Run2024B/ParkingLLP/RAW/v1/000/379/012/00000/84c7215e-c7f5-4734-8c18-f7f4774b3a55.root 379012 [369,370]
/store/data/Run2024B/ParkingLLP/RAW/v1/000/379/012/00000/88f81195-aaeb-4cb8-80a6-c54b57a4598d.root 379012 [175]
/store/data/Run2024B/ParkingLLP/RAW/v1/000/379/012/00000/8a6d17fa-57e7-4faf-b20a-6d83e2d464f0.root 379012 [246]
/store/data/Run2024B/ParkingLLP/RAW/v1/000/379/012/00000/8a94a24d-ea95-49f7-bd4f-a5f0abf950d1.root 379012 [301,302]
/store/data/Run2024B/ParkingLLP/RAW/v1/000/379/012/00000/8dacd661-f492-4d57-b528-40e5d6a04c2b.root 379012 [352]
/store/data/Run2024B/ParkingLLP/RAW/v1/000/379/012/00000/8ef0f69a-da54-4de4-af39-5a33e816c116.root 379012 [433]
/store/data/Run2024B/ParkingLLP/RAW/v1/000/379/012/00000/918667e9-ac32-4b69-b546-a5a882c8727f.root 379012 [282,281,283]
/store/data/Run2024B/ParkingLLP/RAW/v1/000/379/012/00000/9283f66d-53e8-4fac-b0c0-bbfec887b5f6.root 379012 [391,389,390,388]
/store/data/Run2024B/ParkingLLP/RAW/v1/000/379/012/00000/942bcda8-b9c4-4122-b7c2-25263b73557a.root 379012 [161,160]
/store/data/Run2024B/ParkingLLP/RAW/v1/000/379/012/00000/94daeb2c-4fe5-4179-89c3-75147b7f57a9.root 379012 [260]
/store/data/Run2024B/ParkingLLP/RAW/v1/000/379/012/00000/96fcdeef-8d01-480b-b688-3ae3f0386da2.root 379012 [8]
/store/data/Run2024B/ParkingLLP/RAW/v1/000/379/012/00000/96ff1d75-e581-49ba-8264-988d6af396cf.root 379012 [237,238,236,239]
/store/data/Run2024B/ParkingLLP/RAW/v1/000/379/012/00000/995ad4b8-6b1f-4d45-b8b4-43a37f4c83d4.root 379012 [405,404,406]
/store/data/Run2024B/ParkingLLP/RAW/v1/000/379/012/00000/9c7d72a0-6cab-4176-a8f7-831242c4d49f.root 379012 [366,362,364,365,361,363,367]
/store/data/Run2024B/ParkingLLP/RAW/v1/000/379/012/00000/9ca2cf19-f423-4470-ac30-398a6a286336.root 379012 [249,248,250]
/store/data/Run2024B/ParkingLLP/RAW/v1/000/379/012/00000/9f3a4f0c-4c73-4782-9765-9dc349758184.root 379012 [191,190]
/store/data/Run2024B/ParkingLLP/RAW/v1/000/379/012/00000/a28bf955-1c67-4b6e-b23e-7e4c134047b6.root 379012 [373,372,375,374]
/store/data/Run2024B/ParkingLLP/RAW/v1/000/379/012/00000/a2cfa539-f8b8-4bca-961e-06024fc8f37f.root 379012 [289]
/store/data/Run2024B/ParkingLLP/RAW/v1/000/379/012/00000/a6a65a85-cc0b-4f9d-83d9-44930088de0c.root 379012 [187,188]
/store/data/Run2024B/ParkingLLP/RAW/v1/000/379/012/00000/a7080c10-002c-4609-b00d-163bc7faa268.root 379012 [384,385]
/store/data/Run2024B/ParkingLLP/RAW/v1/000/379/012/00000/a747f894-bfa9-4230-93dc-caf33208fec5.root 379012 [230,229,232,234,233,226,227,228,225,231]
/store/data/Run2024B/ParkingLLP/RAW/v1/000/379/012/00000/a8eb3cdb-9b63-43e3-be21-227c4df1ba23.root 379012 [200]
/store/data/Run2024B/ParkingLLP/RAW/v1/000/379/012/00000/a8fdf4c9-fdce-49af-af23-09046a3f7016.root 379012 [309,307,306,308]
/store/data/Run2024B/ParkingLLP/RAW/v1/000/379/012/00000/ac188d06-f25b-48a3-ba5a-6f6728656d59.root 379012 [339]
/store/data/Run2024B/ParkingLLP/RAW/v1/000/379/012/00000/af282424-3eab-40a7-b441-a106164f614d.root 379012 [332,331]
/store/data/Run2024B/ParkingLLP/RAW/v1/000/379/012/00000/b48bec81-1da2-4883-ae1f-da4b9c6c3784.root 379012 [304]
/store/data/Run2024B/ParkingLLP/RAW/v1/000/379/012/00000/b5638b3e-8d35-4bb4-8f92-00ae72771d40.root 379012 [178,180,183,179,181,182]
/store/data/Run2024B/ParkingLLP/RAW/v1/000/379/012/00000/b5e8e745-ae84-4adb-b1b4-8e151e61209c.root 379012 [287,286,285]
/store/data/Run2024B/ParkingLLP/RAW/v1/000/379/012/00000/b69811c9-e46b-4e96-9a47-e0d3ec2a50ff.root 379012 [437]
/store/data/Run2024B/ParkingLLP/RAW/v1/000/379/012/00000/b7d2b28a-62ad-4ca4-a169-aef2d1c4b1c4.root 379012 [314,313,312,315,316]
/store/data/Run2024B/ParkingLLP/RAW/v1/000/379/012/00000/b881a6a1-7e06-4629-9e33-0f5e8d55bd72.root 379012 [336,335,334,337]
/store/data/Run2024B/ParkingLLP/RAW/v1/000/379/012/00000/bee07aae-4bdd-407f-8026-ab955e2b4734.root 379012 [453,455,456,451,452,454,457]
/store/data/Run2024B/ParkingLLP/RAW/v1/000/379/012/00000/bf6388b4-9058-4aa9-9da6-c30cfb069fa4.root 379012 [105,104]
/store/data/Run2024B/ParkingLLP/RAW/v1/000/379/012/00000/c12b623d-4550-4327-80cd-352ff5175066.root 379012 [163,164,166,165]
/store/data/Run2024B/ParkingLLP/RAW/v1/000/379/012/00000/c39ca455-735c-4423-b1ee-5abc6c65d2d9.root 379012 [279,277,278,276]
/store/data/Run2024B/ParkingLLP/RAW/v1/000/379/012/00000/c6cff56d-66ac-4eb1-84ea-db085e4d8dc6.root 379012 [412,413]
/store/data/Run2024B/ParkingLLP/RAW/v1/000/379/012/00000/ccdcc301-dc85-403d-bf7f-35971d47993d.root 379012 [153,154]
/store/data/Run2024B/ParkingLLP/RAW/v1/000/379/012/00000/cd6da322-31f1-45f3-81ff-05f964fda5c5.root 379012 [131]
/store/data/Run2024B/ParkingLLP/RAW/v1/000/379/012/00000/cfc1a1b3-7b75-4c47-b7e0-a352c74328a9.root 379012 [23,30,10,12,21,28,36,38,40,45,49,53,54,55,16,27,48,61,63,66,13,17,31,32,37,44,50,57,62,74,34,56,58,18,20,22,25,26,51,59,64,68,69,71,11,14,15,29,33,41,42,43,46,47,52,67,72,73,19,24,35,39,60,65,70]
/store/data/Run2024B/ParkingLLP/RAW/v1/000/379/012/00000/d22a8f91-3a72-4922-a988-67a6eb3fa482.root 379012 [122,123,124,120,121,125]
/store/data/Run2024B/ParkingLLP/RAW/v1/000/379/012/00000/d656d480-a55f-44cd-99e1-7e0d70d1e378.root 379012 [396,395]
/store/data/Run2024B/ParkingLLP/RAW/v1/000/379/012/00000/d97f9791-81cc-4a40-bf1f-13f60f798705.root 379012 [193,195,196,194]
/store/data/Run2024B/ParkingLLP/RAW/v1/000/379/012/00000/dc3fc6a0-2641-4357-9305-e50960a50ce0.root 379012 [110]
/store/data/Run2024B/ParkingLLP/RAW/v1/000/379/012/00000/def34dce-7f05-4540-84d9-58234de29a0c.root 379012 [409,410]
/store/data/Run2024B/ParkingLLP/RAW/v1/000/379/012/00000/e53c1cac-a976-4842-b2e5-dbb3921e2dc4.root 379012 [268,265,263,266,267,264]
/store/data/Run2024B/ParkingLLP/RAW/v1/000/379/012/00000/ec84f8b3-7948-4ee2-8e27-55541f756a58.root 379012 [243,244,241,242]
/store/data/Run2024B/ParkingLLP/RAW/v1/000/379/012/00000/ece5d6f6-1c02-4676-b244-d95f6fb53fe4.root 379012 [102,101]
/store/data/Run2024B/ParkingLLP/RAW/v1/000/379/012/00000/f50e8872-c0ec-4d26-a051-44b8c237078f.root 379012 [214,215,216,217]
/store/data/Run2024B/ParkingLLP/RAW/v1/000/379/012/00000/f7aaa3a0-f60b-48e7-b063-41695ffbc368.root 379012 [203,202,204]
/store/data/Run2024B/ParkingLLP/RAW/v1/000/379/012/00000/f9316a2d-3a1f-4d80-9658-c393ca974af1.root 379012 [447,445,446,448]
/store/data/Run2024B/ParkingLLP/RAW/v1/000/379/012/00000/fcbd53ec-482e-43b5-9626-1a20867beb87.root 379012 [291]
/store/data/Run2024B/ParkingLLP/RAW/v1/000/379/012/00000/fe98d22a-aeb9-4846-b66b-59450ef3d3d1.root 379012 [116]
/store/data/Run2024B/ParkingLLP/RAW/v1/000/379/028/00000/1354f15f-9643-432b-a0a9-c7f1c41deefc.root 379028 [45,44]
/store/data/Run2024B/ParkingLLP/RAW/v1/000/379/028/00000/46f0f6d3-afae-46bd-a0b2-a3b67f7d7895.root 379028 [130,128,129]
/store/data/Run2024B/ParkingLLP/RAW/v1/000/379/028/00000/5e935071-9631-471a-8694-62380bae5230.root 379028 [89,93,88,92,91,90,94]
/store/data/Run2024B/ParkingLLP/RAW/v1/000/379/028/00000/6636dd74-5f0c-4a33-a405-c85b82a78726.root 379028 [163,174,178,181,187,190,201,218,221,240,242,252,266,269,279,281,282,288,297,328,329,339,354,362,367,370,373,375,380,397,406,409,427,435,443,444,449,169,179,192,193,198,204,222,226,233,238,239,244,250,287,306,307,316,343,347,355,357,363,368,374,385,386,408,414,420,430,433,434,453,175,205,207,208,212,213,215,235,246,253,259,263,271,286,293,310,317,325,333,336,349,360,365,366,387,391,395,419,423,428,445,167,183,197,202,229,231,236,237,249,256,260,262,275,301,304,305,312,315,319,321,326,352,364,384,394,399,410,413,417,424,426,441,164,165,173,176,185,195,196,199,224,225,241,247,255,261,264,268,283,284,290,299,300,303,308,323,337,342,344,359,361,372,388,389,396,398,411,416,422,437,440,446,451,166,211,216,219,223,227,228,232,251,258,272,273,277,296,298,302,309,313,314,320,322,324,332,340,341,345,348,351,356,381,393,402,404,405,429,431,432,442,452,170,171,177,182,184,194,200,243,257,265,276,278,280,292,295,311,318,327,331,334,353,371,379,382,390,400,403,407,412,418,436,439,447,450,168,172,180,186,188,189,191,203,206,209,210,214,217,220,230,234,245,248,254,267,270,274,285,289,291,294,330,335,338,346,350,358,369,376,377,378,383,392,401,415,421,425,438,448]
/store/data/Run2024B/ParkingLLP/RAW/v1/000/379/028/00000/6cfa0119-2b06-46d4-9070-4aaa0b20e632.root 379028 [86]
/store/data/Run2024B/ParkingLLP/RAW/v1/000/379/028/00000/6e74958a-82f7-4b1c-ac09-b8c287678525.root 379028 [59]
/store/data/Run2024B/ParkingLLP/RAW/v1/000/379/028/00000/71809f75-3e54-4422-9ef4-1781b2d334bf.root 379028 [96]
/store/data/Run2024B/ParkingLLP/RAW/v1/000/379/028/00000/865230c6-b0ac-46be-8eae-f5b7d4f10917.root 379028 [50,51]
/store/data/Run2024B/ParkingLLP/RAW/v1/000/379/028/00000/8ad0b2ec-5189-4429-974a-f038312ddacb.root 379028 [48,47]
/store/data/Run2024B/ParkingLLP/RAW/v1/000/379/028/00000/8d6cda56-47d5-4b8f-a071-7f2f4985c053.root 379028 [68]
/store/data/Run2024B/ParkingLLP/RAW/v1/000/379/028/00000/8f12b286-f438-4ff1-a664-fa6b4ec65075.root 379028 [71,72,70]
/store/data/Run2024B/ParkingLLP/RAW/v1/000/379/028/00000/94f5a446-77f2-4693-9d3d-a1becc066118.root 379028 [159,154,155,161,149,153,157,148,152,156,160,151,158,150]
/store/data/Run2024B/ParkingLLP/RAW/v1/000/379/028/00000/98798549-1b17-415e-9a1a-70013dee88ee.root 379028 [115,117,122,119,121,118,116,120]
/store/data/Run2024B/ParkingLLP/RAW/v1/000/379/028/00000/a3e6ff49-6b14-4e81-a2c0-0b5f85c1c774.root 379028 [62,61]
/store/data/Run2024B/ParkingLLP/RAW/v1/000/379/028/00000/b25daaee-d70c-4c94-a82d-6eb947a2810b.root 379028 [54,55]
/store/data/Run2024B/ParkingLLP/RAW/v1/000/379/028/00000/b465a2de-fc94-4d0c-b45e-9fed62b0c3c2.root 379028 [136,134,133,137,135]
/store/data/Run2024B/ParkingLLP/RAW/v1/000/379/028/00000/b74c6c1d-d24d-4e9d-a01e-fd169b426c05.root 379028 [113]
/store/data/Run2024B/ParkingLLP/RAW/v1/000/379/028/00000/b762a6d9-596f-4681-9263-b9ad10161c09.root 379028 [79]
/store/data/Run2024B/ParkingLLP/RAW/v1/000/379/028/00000/b8c9be3a-3347-400a-ba95-1043850b3119.root 379028 [101,100,99,102]
/store/data/Run2024B/ParkingLLP/RAW/v1/000/379/028/00000/cfb58a7d-a094-4d57-bb51-7bc4a38d43fc.root 379028 [42]
/store/data/Run2024B/ParkingLLP/RAW/v1/000/379/028/00000/cffb76a3-74e6-418b-abbb-cff70cfa1c34.root 379028 [81,82]
/store/data/Run2024B/ParkingLLP/RAW/v1/000/379/028/00000/d0ab9c98-a4cc-4224-80d1-7e0b99a2fa08.root 379028 [111,107,105,106,108,110,109]
/store/data/Run2024B/ParkingLLP/RAW/v1/000/379/028/00000/d4d5d785-0d85-4f4d-a974-190084f2d08c.root 379028 [455,461,464,485,499,503,509,512,515,518,524,529,533,538,542,546,557,574,588,468,471,472,487,493,545,549,553,559,571,579,583,597,457,460,476,488,494,502,507,516,519,526,527,528,530,534,536,547,550,552,556,560,561,576,580,581,589,598,474,475,480,483,486,489,491,506,510,521,522,523,543,554,558,570,584,587,590,594,462,463,465,466,482,501,517,531,535,539,540,541,548,564,565,568,456,469,473,479,484,497,504,511,537,544,551,555,563,573,575,578,459,470,477,478,481,496,498,505,520,525,566,585,593,595,458,467,490,492,495,500,508,513,514,532,562,567,569,572,577,582,586,591,592,596]
/store/data/Run2024B/ParkingLLP/RAW/v1/000/379/028/00000/e2a1b050-6951-46ed-8123-50d2d8447698.root 379028 [75,74]
/store/data/Run2024B/ParkingLLP/RAW/v1/000/379/028/00000/e357b141-493e-4516-9a0f-89f2315833b3.root 379028 [140,144,141,146,145,143,139,142]
/store/data/Run2024B/ParkingLLP/RAW/v1/000/379/028/00000/ec07c7b6-7e68-4a66-9917-2791fe8bb9b5.root 379028 [64]
/store/data/Run2024B/ParkingLLP/RAW/v1/000/379/028/00000/fc61cc23-b9df-4716-af24-a30d3f5f1717.root 379028 [125,126,124]
/store/data/Run2024B/ParkingLLP/RAW/v1/000/379/031/00000/0252b609-3dd6-4303-b580-051b473cddb4.root 379031 [16,25,43,15,19,31,44,47,48,20,22,26,30,33,40,42,49,52,54,17,23,27,37,34,45,53,13,18,24,32,39,41,50,51,21,28,36,38,14,29,35,46]
/store/data/Run2024B/ParkingLLP/RAW/v1/000/379/031/00000/08435d03-5ba8-4108-a55a-c49bddab3169.root 379031 [292,293,295,294]
/store/data/Run2024B/ParkingLLP/RAW/v1/000/379/031/00000/10c767ac-44bb-45d7-b484-0208280db253.root 379031 [6,2,5,4,9,8,10,1,7,3,11]
/store/data/Run2024B/ParkingLLP/RAW/v1/000/379/031/00000/49f0b38d-39c3-458c-b87d-f9f67d0e00e4.root 379031 [150,156,160,161,169,178,189,195,196,200,223,227,244,262,274,275,284,290,148,153,164,173,181,190,191,209,211,231,237,240,249,251,255,260,267,273,167,177,201,218,228,238,248,250,254,265,268,271,281,283,285,152,155,157,158,165,168,176,180,186,204,205,206,210,213,229,234,239,256,259,263,266,282,286,287,146,174,185,187,192,198,202,203,222,241,257,258,289,149,151,162,170,172,179,182,183,184,194,199,208,212,214,215,217,224,225,226,235,236,245,246,253,269,270,277,278,279,280,288,154,188,193,207,216,219,232,264,147,159,163,166,171,175,197,220,221,230,233,242,243,247,252,261,272,276]
/store/data/Run2024B/ParkingLLP/RAW/v1/000/379/031/00000/8cc13673-e04c-41a8-8b1d-a8964128d3de.root 379031 [105,107,108,136,72,73,78,80,81,97,109,128,129,133,134,139,144,69,77,82,83,91,96,103,112,125,130,141,59,63,68,79,87,89,92,93,101,106,110,143,60,62,65,66,75,117,118,119,120,132,142,70,71,95,121,126,127,137,57,58,67,74,86,90,98,99,104,111,116,122,123,135,138,140,100,102,113,114,115,124,131,61,64,76,84,85,88,94]
/store/data/Run2024B/ParkingLLP/RAW/v1/000/379/058/00000/00f95e73-b5c0-4104-8d01-454fc46a4cc6.root 379058 [448,450,474,475,484,512,514,517,519,453,454,468,470,479,490,495,498,502,511,513,462,465,469,472,478,483,510,515,457,461,466,486,494,508,509,455,456,458,460,463,467,488,492,505,507,521,452,473,493,497,516,523,444,446,471,480,485,489,496,499,500,503,506,520,522,443,445,447,449,451,459,464,476,477,481,482,487,491,501,504,518]
/store/data/Run2024B/ParkingLLP/RAW/v1/000/379/058/00000/192174bc-d3ce-4a6b-bb35-720294ff3e09.root 379058 [22,28,34,38,40,47,49,71,72,75,88,95,98,101,102,104,114,134,26,27,33,41,45,57,58,76,94,96,113,126,129,133,141,146,147,149,24,25,29,43,53,59,65,70,105,119,123,125,132,138,152,23,42,51,55,61,63,73,83,106,108,112,139,144,151,31,39,54,60,64,74,77,84,87,89,92,97,115,120,121,130,131,136,21,37,48,52,67,68,99,103,111,116,118,122,124,128,140,143,30,32,36,46,50,56,62,69,78,85,86,90,93,117,127,135,148,153,35,44,66,79,80,81,82,91,100,107,109,110,137,142,145,150]
/store/data/Run2024B/ParkingLLP/RAW/v1/000/379/058/00000/20880ed8-0871-425d-8e46-6a883f80a163.root 379058 [524,536,556,564,581,595,597,535,539,540,543,544,563,598,599,527,529,537,538,548,558,565,568,574,587,590,593,542,550,551,553,559,560,569,578,582,584,591,592,526,530,531,532,534,546,561,566,567,571,572,583,585,586,602,604,525,528,552,555,562,570,573,577,579,580,596,603,545,549,554,557,601,606,533,541,547,575,576,588,589,594,600,605]
/store/data/Run2024B/ParkingLLP/RAW/v1/000/379/058/00000/30e4e640-f907-4adf-b257-c857b66a240d.root 379058 [364,377,382,383,395,402,404,413,418,424,430,434,366,373,381,385,389,398,399,406,407,409,415,420,425,429,368,369,391,394,412,423,427,428,439,370,371,378,405,408,414,435,436,441,372,388,397,416,433,363,365,375,376,380,386,390,396,422,432,374,379,387,400,401,419,426,431,437,438,440,442,367,384,392,393,403,410,411,417,421]
/store/data/Run2024B/ParkingLLP/RAW/v1/000/379/058/00000/73295cd3-2fa5-4d75-bd01-b1cec606c0c1.root 379058 [691,695,717,720,744,747,752,754,757,760,692,697,707,711,726,727,732,739,746,748,749,755,759,767,773,779,700,723,724,729,735,762,763,774,713,753,772,776,699,705,706,710,716,725,728,730,731,733,742,750,758,766,768,693,694,702,704,714,734,740,741,756,765,769,775,777,778,696,698,701,708,709,712,715,737,743,771,703,718,719,721,722,736,738,745,751,761,764,770]
/store/data/Run2024B/ParkingLLP/RAW/v1/000/379/058/00000/8140b59a-40f7-4bc0-b340-ebfe57079d80.root 379058 [324,326,333,334,335,338,342,344,348,360,316,328,329,331,337,349,356,358,336,346,354,318,319,327,347,317,321,323,339,315,330,332,341,343,345,350,351,355,361,314,320,352,322,325,340,353,357,359]
/store/data/Run2024B/ParkingLLP/RAW/v1/000/379/058/00000/82383984-2d25-43bb-bdf8-e8201ada6ac6.root 379058 [161,165,180,185,190,204,215,219,221,225,154,171,172,175,177,182,184,191,193,194,207,208,210,174,176,183,195,209,212,220,222,226,156,160,163,166,169,178,196,199,203,223,231,162,170,186,187,198,213,217,227,157,158,159,167,173,188,192,200,211,228,179,189,201,202,205,206,216,218,224,229,230,232,155,164,168,181,197,214]
/store/data/Run2024B/ParkingLLP/RAW/v1/000/379/058/00000/90045f38-cd58-4a21-8437-1737143debca.root 379058 [608,618,621,657,670,671,615,617,626,628,634,644,645,646,652,678,687,688,611,648,656,663,665,676,684,609,610,633,655,673,680,685,619,620,622,623,624,629,631,635,637,638,640,654,658,614,627,630,636,639,647,650,660,661,664,672,674,675,677,690,613,616,641,643,651,653,679,682,689,607,612,625,632,642,649,659,662,666,667,668,669,681,683,686]
/store/data/Run2024B/ParkingLLP/RAW/v1/000/379/058/00000/bdff484c-a416-4a94-a0b3-fe5982c9f979.root 379058 [235,239,243,244,257,263,265,268,271,291,292,293,296,234,242,252,282,298,310,311,237,246,248,250,253,264,270,280,281,283,284,290,295,313,236,251,255,256,269,272,274,289,307,233,249,254,259,262,267,278,286,299,300,303,304,306,308,309,312,238,245,260,275,279,285,287,261,266,273,288,305,240,241,247,258,276,277,294,297,301,302]
/store/data/Run2024B/ParkingLLP/RAW/v1/000/379/058/00000/cf1fa25f-9e9a-44b1-bd3c-eb52aed4f144.root 379058 [780,783,799,805,808,813,844,847,855,857,791,793,798,828,837,842,850,851,787,788,797,812,821,829,833,834,835,836,840,861,785,789,792,795,802,822,827,830,831,841,843,848,853,856,859,794,806,810,815,818,823,824,825,826,839,858,860,781,786,803,804,809,811,814,819,820,845,849,852,862,784,790,796,801,807,816,817,846,854,782,800,832,838]
/store/data/Run2024B/ParkingLLP/RAW/v1/000/379/075/00000/28c80bab-5f89-41d0-9497-1fa997425d9b.root 379075 [184,197,206,212,229,249,251,179,180,186,199,205,209,210,227,234,242,185,187,201,222,224,245,252,191,198,202,213,220,230,233,235,250,181,182,183,196,208,217,221,223,226,239,240,246,176,178,188,193,207,214,215,216,218,225,237,238,243,177,189,194,195,200,203,228,236,241,253,190,192,204,211,219,231,232,244,247,248]
/store/data/Run2024B/ParkingLLP/RAW/v1/000/379/075/00000/2fe552ea-a4f6-42ce-8449-38925106f3f7.root 379075 [17,27,24,25,16,18,21,31,32,19,20,23,30,22,29,28,26]
/store/data/Run2024B/ParkingLLP/RAW/v1/000/379/075/00000/38600df9-df5c-4dfb-b8d9-a76d4421111c.root 379075 [255,262,266,268,271,273,294,323,324,256,277,283,287,289,292,299,305,254,278,306,312,318,321,325,281,284,288,293,302,303,307,308,314,315,320,258,280,297,301,310,322,327,329,267,285,290,298,304,309,311,319,326,328,257,259,265,269,272,282,295,316,260,261,263,264,270,274,275,276,279,286,291,296,300,313,317]
/store/data/Run2024B/ParkingLLP/RAW/v1/000/379/075/00000/88cf93a4-38f0-4b84-9741-a0435cdea174.root 379075 [35,40,38,37,41,36,39]
/store/data/Run2024B/ParkingLLP/RAW/v1/000/379/075/00000/ceb5f32e-18ab-45bd-96a5-302a74504b21.root 379075 [332,340,347,350,351,361,365,367,375,392,404,344,348,352,363,398,406,335,342,346,354,358,362,370,380,381,388,407,333,336,359,383,384,385,390,399,331,345,353,360,372,373,374,378,387,389,391,394,396,400,334,337,339,341,349,357,366,368,382,405,330,338,343,355,356,371,376,379,393,395,397,401,364,369,377,386,402,403]
/store/data/Run2024B/ParkingLLP/RAW/v1/000/379/075/00000/efd415da-dbcd-4667-bd93-d2a7b9775937.root 379075 [43]
/store/data/Run2024B/ParkingLLP/RAW/v1/000/379/075/00000/f0c019f3-5ed1-44d4-842e-3f4b911c3576.root 379075 [54,59,61,63,72,80,87,88,92,95,105,112,134,138,139,141,144,162,166,168,47,50,79,91,97,102,120,127,133,143,151,153,159,160,167,172,48,56,57,77,98,99,123,135,136,142,146,158,163,164,170,174,58,71,81,82,83,84,85,90,101,104,110,111,117,125,130,137,161,171,45,60,73,93,100,106,107,122,128,129,132,49,55,68,70,89,109,114,115,121,140,148,154,155,157,165,169,175,46,52,62,65,66,67,69,74,75,76,103,108,113,145,150,156,173,51,53,64,78,86,94,96,116,118,119,124,126,131,147,149,152]
/store/data/Run2024B/ParkingLLP/RAW/v1/000/379/154/00000/11f72a4f-0c20-4b54-a9a8-af7d554274b5.root 379154 [38,35,37,34,36,33]
/store/data/Run2024B/ParkingLLP/RAW/v1/000/379/154/00000/427118b7-290c-4014-9686-239e181dd52c.root 379154 [414,419,422,425,427,429,448,467,468,499,411,426,432,433,435,438,450,453,458,473,497,500,501,408,423,428,430,437,440,451,452,454,460,470,474,477,478,481,482,488,489,410,412,442,475,476,484,486,494,495,406,439,447,449,459,485,487,490,492,407,409,443,446,456,457,461,464,465,472,483,503,415,418,421,431,434,436,445,455,466,469,471,493,502,413,416,417,420,424,441,444,462,463,479,480,491,496,498,504]
/store/data/Run2024B/ParkingLLP/RAW/v1/000/379/154/00000/49ffab2c-9d72-4909-9f5b-f6b36022f212.root 379154 [31,29,30]
/store/data/Run2024B/ParkingLLP/RAW/v1/000/379/154/00000/530104b3-c4ef-48bf-908c-fc669240a26a.root 379154 [612,613,614,624,625,628,629,642,650,654,658,664,668,689,692,695,697,700,626,643,669,686,696,605,615,616,619,622,635,636,640,648,656,674,688,608,621,647,649,655,666,673,675,676,684,693,699,609,631,667,670,672,681,682,698,611,618,620,623,637,639,644,645,651,657,659,661,662,679,683,691,604,607,610,630,632,633,646,652,665,680,687,694,606,617,627,634,638,641,653,660,663,671,677,678,685,690]
/store/data/Run2024B/ParkingLLP/RAW/v1/000/379/154/00000/5d03c594-76b7-45a8-a846-c14195e2bf17.root 379154 [44,50,70,78,85,92,104,108,120,125,144,159,164,165,169,170,175,180,193,195,205,210,57,58,61,80,97,98,113,121,124,127,129,167,179,182,188,194,202,45,63,77,99,101,103,109,114,118,123,146,151,153,154,162,172,186,204,206,208,214,42,43,59,62,83,87,90,91,107,112,116,126,130,131,134,137,138,139,142,143,145,148,150,158,160,161,163,166,171,183,187,200,209,213,41,48,64,72,76,95,106,111,119,128,133,140,149,152,156,176,185,189,191,203,40,46,54,60,65,67,68,69,79,96,105,135,141,147,174,177,184,190,199,212,49,52,53,55,71,74,75,84,86,88,89,93,94,100,155,157,173,178,198,211,215,47,51,56,66,73,81,82,102,110,115,117,122,132,136,168,181,192,196,197,201,207]
/store/data/Run2024B/ParkingLLP/RAW/v1/000/379/154/00000/67165f29-d332-47fc-a792-3b797db3b0fe.root 379154 [221,233,267,268,290,291,293,302,305,216,224,225,231,241,246,250,251,254,272,287,288,294,219,237,242,249,259,261,266,269,271,292,303,304,310,220,228,234,236,247,248,253,265,275,278,279,283,289,296,297,306,309,218,222,223,226,239,245,260,264,273,277,282,284,285,295,298,299,301,238,240,262,276,307,217,227,229,230,243,252,255,256,257,263,270,308,232,235,244,258,274,280,281,286,300]
/store/data/Run2024B/ParkingLLP/RAW/v1/000/379/154/00000/905bf713-a64a-46a6-96f3-c5189bffd7b8.root 379154 [313,314,322,329,331,335,336,337,355,357,359,372,375,380,393,403,316,320,324,326,340,358,367,368,373,378,379,381,397,327,341,343,349,351,354,361,362,383,387,389,399,404,315,317,318,333,338,344,356,384,394,396,311,328,334,347,353,360,364,365,390,400,405,312,323,369,374,382,386,388,392,398,332,342,352,363,366,370,377,385,391,395,319,321,325,330,339,345,346,348,350,371,376,401,402]
/store/data/Run2024B/ParkingLLP/RAW/v1/000/379/154/00000/a3c45014-fddf-4d80-95f3-a4ef7fec9424.root 379154 [802,814,816,818,819,841,849,863,865,872,879,881,883,809,811,815,840,842,843,850,854,855,875,878,882,887,888,801,804,821,822,825,826,831,846,847,859,862,867,870,874,876,893,799,813,817,827,829,837,838,839,857,858,860,880,884,885,889,806,808,812,823,830,832,844,868,877,891,892,800,807,810,852,856,864,873,886,890,803,805,820,824,833,834,836,845,853,871,895,828,835,848,851,861,866,869,894]
/store/data/Run2024B/ParkingLLP/RAW/v1/000/379/154/00000/aad49d26-c222-4ff6-842a-e640eb3fba66.root 379154 [5,15,23,26,1,4,6,8,11,12,19,24,10,20,22,13,16,17,18,7,9,27,21,2,3,14,25]
/store/data/Run2024B/ParkingLLP/RAW/v1/000/379/154/00000/d3bed1e8-bce2-41b0-962b-6e332af0e4af.root 379154 [708,711,714,718,726,734,737,741,751,755,758,779,784,794,707,715,721,735,746,756,773,785,790,796,717,723,738,747,753,766,775,787,793,798,710,712,719,732,743,750,759,768,770,772,774,780,792,797,701,703,705,706,727,733,739,742,745,764,765,771,786,789,709,720,729,748,752,762,767,777,778,795,702,724,728,730,731,740,744,761,763,769,776,788,791,704,713,716,722,725,736,749,754,757,760,781,782,783]
/store/data/Run2024B/ParkingLLP/RAW/v1/000/379/154/00000/dbdccc98-cfab-46ca-87ad-90a1ee5b5f57.root 379154 [1010,1027,1030,1032,1036,1040,1011,1013,1014,1016,1021,1037,1018,1020,1023,1038,1039,1019,1022,1028,1034,1035,1031,1026,1012,1015,1017,1024,1025,1029,1033]
/store/data/Run2024B/ParkingLLP/RAW/v1/000/379/154/00000/ec7f75eb-a7e3-4905-b31e-a88e879fd253.root 379154 [515,523,537,540,544,547,575,582,585,588,603,513,516,524,527,538,539,541,546,563,566,570,576,583,512,520,526,556,565,567,580,586,600,505,507,508,510,517,528,529,543,553,562,564,568,574,577,579,587,592,595,596,597,509,530,548,551,560,561,573,531,532,533,542,545,589,591,599,514,518,552,554,559,569,578,581,590,594,598,602,506,511,519,521,522,525,534,535,536,549,550,555,557,558,571,572,584,593,601]
/store/data/Run2024B/ParkingLLP/RAW/v1/000/379/154/00000/f7f91b3b-c1ba-4dc2-8012-452ca293eca5.root 379154 [1045,1056,1057,1049,1055,1062,1065,1046,1052,1053,1066,1044,1050,1060,1061,1068,1042,1043,1047,1048,1058,1059,1051,1063,1067,1071,1064,1054,1069,1070]
/store/data/Run2024B/ParkingLLP/RAW/v1/000/379/154/00000/faf28f35-8f1e-4d19-bf37-02d9e838dddb.root 379154 [912,916,924,935,959,964,972,976,990,910,917,923,925,941,943,955,957,969,982,991,1000,1002,901,902,903,918,926,927,932,934,944,952,965,966,971,980,987,992,995,998,1009,899,906,914,921,929,931,933,936,948,954,973,979,981,983,984,994,997,1001,896,897,904,905,907,915,919,928,939,960,961,963,967,968,975,988,908,937,940,945,946,949,956,958,970,977,985,993,1004,911,913,920,953,974,978,996,1003,1007,1008,898,900,909,922,930,938,942,947,950,951,962,986,989,999,1005,1006]
/store/data/Run2024B/ParkingLLP/RAW/v1/000/379/238/00000/04d4e84e-2922-495a-8490-fdec630bd8c0.root 379238 [129,133,137,140,125,131,132,128,136,130,134,124,127,141,135,126,138,139,142]
/store/data/Run2024B/ParkingLLP/RAW/v1/000/379/238/00000/0a2baa3d-f5e0-4763-b2ba-402309b18d77.root 379238 [262,263,266,271,270,274,276,277,272,268,275,264,265,267,273,269]
/store/data/Run2024B/ParkingLLP/RAW/v1/000/379/238/00000/172adde0-d54f-482b-befc-3d9aba3f0946.root 379238 [243,231,232,239,229,236,240,241,244,230,234,235,242,233,237,238,245]
/store/data/Run2024B/ParkingLLP/RAW/v1/000/379/238/00000/2e886bbd-0d5a-469c-bcfb-fcb22ec96696.root 379238 [278,288,294,279,290,280,281,286,287,289,283,284,292,285,293,282,291]
/store/data/Run2024B/ParkingLLP/RAW/v1/000/379/238/00000/3d10d835-70fe-488a-bcd9-97b144fe6cd6.root 379238 [222,214,216,228,215,213,217,219,225,221,227,220,218,226,223,224]
/store/data/Run2024B/ParkingLLP/RAW/v1/000/379/238/00000/73015cce-dfd5-401a-b00a-7c5346134364.root 379238 [198,201,208,212,203,209,211,196,199,202,204,205,200,207,197,210,206]
/store/data/Run2024B/ParkingLLP/RAW/v1/000/379/238/00000/a8d4772d-41c2-45fa-9a6e-14aaa3a76785.root 379238 [164,165,169,163,173,174,167,171,175,176,177,168,170,172,166,178,162]
/store/data/Run2024B/ParkingLLP/RAW/v1/000/379/238/00000/c4385c00-35e0-480f-89ee-7f817a8b80e3.root 379238 [183,185,188,193,191,179,184,195,181,194,180,190,186,192,182,187,189]
/store/data/Run2024B/ParkingLLP/RAW/v1/000/379/238/00000/e249b105-b7a3-4b9e-b286-85ec368fae31.root 379238 [103,114,118,109,116,96,102,97,100,112,115,119,122,94,101,105,107,106,123,95,98,99,108,110,111,113,117,121,104,120]
/store/data/Run2024B/ParkingLLP/RAW/v1/000/379/238/00000/e34b0158-ae92-4bfa-803e-b4481241c95c.root 379238 [2,8,9,20,24,33,35,39,59,60,76,90,91,5,11,13,14,15,16,17,37,48,52,53,56,63,77,79,81,19,29,30,34,36,41,47,49,50,67,71,87,6,23,28,31,45,51,61,68,92,4,10,21,25,26,27,42,44,54,55,58,65,70,72,82,83,84,85,3,7,32,40,43,62,75,78,80,89,93,12,18,22,46,69,74,38,57,64,66,73,86,88]
/store/data/Run2024B/ParkingLLP/RAW/v1/000/379/238/00000/e9720a33-b853-491e-a3a1-d7d9dabe76b9.root 379238 [145,154,157,159,160,143,149,158,153,155,148,161,146,150,151,147,144,152,156]
/store/data/Run2024B/ParkingLLP/RAW/v1/000/379/238/00000/f0f00d3f-ef4e-48c5-b889-fae578482366.root 379238 [248,259,246,249,252,261,260,251,255,247,250,253,258,254,256,257]
/store/data/Run2024B/ParkingLLP/RAW/v1/000/379/243/00000/19e9e9d4-1c41-49c7-bed4-ba47d62bc018.root 379243 [160,154,157,161,151,152,162,155,156,165,158,163,150,153,159,164,166]
/store/data/Run2024B/ParkingLLP/RAW/v1/000/379/243/00000/1e56b1ad-1254-4bf6-81fb-c18113b08608.root 379243 [320,308,315,322,321,311,316,323,307,312,314,318,319,306,317,309,310,313]
/store/data/Run2024B/ParkingLLP/RAW/v1/000/379/243/00000/4ea7e971-9b5d-4fcd-b1f8-89e24cec867d.root 379243 [260,261,262,269,266,267,268,265,253,254,256,259,257,258,264,263,255]
/store/data/Run2024B/ParkingLLP/RAW/v1/000/379/243/00000/4f88a432-d6a3-43a0-8db6-e1efcfc64a13.root 379243 [144,146,147,137,145,148,149,131,133,132,136,141,134,135,138,139,140,142,143]
/store/data/Run2024B/ParkingLLP/RAW/v1/000/379/243/00000/5498d26a-6356-4dae-aa06-2bafac3c3a6b.root 379243 [168,173,174,175,169,181,176,167,172,179,170,171,180,182,183,177,178]
/store/data/Run2024B/ParkingLLP/RAW/v1/000/379/243/00000/5b53d88a-edd0-45af-a7c4-5cb83379efb0.root 379243 [293,303,289,290,291,296,292,298,299,300,302,288,297,301,304,294,305,295]
/store/data/Run2024B/ParkingLLP/RAW/v1/000/379/243/00000/5de15806-f880-498e-a7d1-0bb5bda6f48d.root 379243 [221,222,233,227,228,230,231,219,232,220,223,225,229,234,224,226,235]
/store/data/Run2024B/ParkingLLP/RAW/v1/000/379/243/00000/916a0dd7-97ee-4c2b-bc40-54e008d01fe7.root 379243 [329,330,331,328,332,326,324,327,325]
/store/data/Run2024B/ParkingLLP/RAW/v1/000/379/243/00000/9b387c6a-1744-45f5-87f2-41c7845474e2.root 379243 [245,251,240,242,246,236,241,248,238,249,237,244,247,250,243,239,252]
/store/data/Run2024B/ParkingLLP/RAW/v1/000/379/243/00000/b3ab0731-5e5a-4e5e-af90-3c13c7b2ddf4.root 379243 [32,41,45,56,68,79,82,91,98,102,103,104,107,49,31,33,46,60,62,69,72,74,87,48,54,61,65,70,75,29,35,42,43,63,67,73,85,88,93,96,38,71,37,39,40,51,55,57,58,64,76,94,100,101,105,106,28,53,81,30,36,50,52,59,77,83,84,86,89,90,95,97,99,108,34,44,78,80,92,47,66]
/store/data/Run2024B/ParkingLLP/RAW/v1/000/379/243/00000/d6895c32-832c-44de-ac50-94a86e15a8cd.root 379243 [276,282,275,283,285,271,274,277,280,279,281,270,272,273,278,284,286,287]
/store/data/Run2024B/ParkingLLP/RAW/v1/000/379/243/00000/dd9b1b33-9962-438b-a866-1841e9b58d20.root 379243 [206,207,210,211,217,208,213,214,204,209,215,202,216,218,205,212,203]
/store/data/Run2024B/ParkingLLP/RAW/v1/000/379/243/00000/e08409d8-6a11-4f61-bd1e-68390e4a3767.root 379243 [10]
/store/data/Run2024B/ParkingLLP/RAW/v1/000/379/243/00000/e151e7d6-46d7-4e4e-a6ea-a2e6d0a69175.root 379243 [126,113,120,123,124,130,125,128,112,115,121,111,117,119,114,118,129,109,127,110,116,122]
/store/data/Run2024B/ParkingLLP/RAW/v1/000/379/243/00000/ff2f36e6-b0ba-4cf4-ba9a-0685106e0663.root 379243 [192,195,196,184,186,194,188,190,189,193,197,199,200,191,198,201,185,187]
/store/data/Run2024B/ParkingLLP/RAW/v1/000/379/252/00000/01c14b33-2b60-4015-b816-69cf3f7daca2.root 379252 [671,673,675,672,674]
/store/data/Run2024B/ParkingLLP/RAW/v1/000/379/252/00000/055f5d40-0a47-4399-94c4-cf1194f43b0d.root 379252 [502,506,507,510,496,505,509,504,497,498,501,513,514,511,499,500,503,508,512]
/store/data/Run2024B/ParkingLLP/RAW/v1/000/379/252/00000/0ed68adb-68a5-4c39-9ced-afedde46a5de.root 379252 [598,602,607,611,593,594,604,606,609,600,603,605,599,608,592,595,596,601,597,610]
/store/data/Run2024B/ParkingLLP/RAW/v1/000/379/252/00000/13cbe531-f5e7-499c-a815-08b70b1b4dcb.root 379252 [412,407,406,411,417,422,408,418,404,405,409,410,414,419,413,416,420,415,421]
/store/data/Run2024B/ParkingLLP/RAW/v1/000/379/252/00000/179f08e0-b67d-43d9-b8d4-6f4a9cb048bd.root 379252 [250,255,262,263,251,256,264,266,258,259,252,260,267,253,254,257,261,265]
/store/data/Run2024B/ParkingLLP/RAW/v1/000/379/252/00000/1d464516-2174-401e-b84b-fcbee35f6422.root 379252 [440,425,427,428,437,438,441,424,436,439,430,433,434,423,435,429,426,431,432]
/store/data/Run2024B/ParkingLLP/RAW/v1/000/379/252/00000/2599b336-df9e-4e35-a55f-70b2312ae653.root 379252 [620,624,613,614,626,627,631,612,617,618,621,622,625,630,615,619,628,616,623,629]
/store/data/Run2024B/ParkingLLP/RAW/v1/000/379/252/00000/2f34c62f-5e95-4c58-960d-33e031709db4.root 379252 [307,306,309,304,305,308,310]
/store/data/Run2024B/ParkingLLP/RAW/v1/000/379/252/00000/45efcff6-d111-414c-8f9e-86086c6c2e39.root 379252 [230,236,238,247,248,244,246,249,231,233,237,239,241,242,243,235,234,240,245,232]
/store/data/Run2024B/ParkingLLP/RAW/v1/000/379/252/00000/4a3d2fe4-5b9c-4320-a8c6-de7cd3f91ea4.root 379252 [479,482,485,492,495,487,491,484,478,481,489,483,486,488,493,480,490,494]
/store/data/Run2024B/ParkingLLP/RAW/v1/000/379/252/00000/59db458f-f6e9-49a4-8fb1-476f960a4171.root 379252 [312,320,327,321,323,314,315,316,319,326,330,313,325,317,318,324,328,322,329]
/store/data/Run2024B/ParkingLLP/RAW/v1/000/379/252/00000/5ce9572e-da9e-425f-808d-3073e7cc9ae6.root 379252 [333,332,340,341,343,334,344,346,336,337,338,342,347,331,335,339,345,348]
/store/data/Run2024B/ParkingLLP/RAW/v1/000/379/252/00000/647ae121-7d4f-4a4b-b8f2-d1c82904ddae.root 379252 [218,227,216,220,226,213,215,217,224,212,214,219,221,225,228,229,222,223]
/store/data/Run2024B/ParkingLLP/RAW/v1/000/379/252/00000/69e94915-c0a7-40e6-b882-40fd6ba12f31.root 379252 [196,199,209,202,203,211,201,198,200,204,195,206,194,205,210,197,207,208]
/store/data/Run2024B/ParkingLLP/RAW/v1/000/379/252/00000/760324b4-2628-4117-9734-01e6d8d0f008.root 379252 [577,580,583,590,586,587,574,573,578,582,584,576,585,575,581,591,579,588,589]
/store/data/Run2024B/ParkingLLP/RAW/v1/000/379/252/00000/7ab78371-cd1f-4f34-b8a1-3ec7132a21fe.root 379252 [472,460,471,461,466,468,476,477,462,463,465,470,469,464,474,467,473,475]
/store/data/Run2024B/ParkingLLP/RAW/v1/000/379/252/00000/938967fb-8bb7-4c05-a106-594f8a9d09a1.root 379252 [665,666,670,652,663,668,653,667,661,662,658,659,651,654,664,669,657,660,655,656]
/store/data/Run2024B/ParkingLLP/RAW/v1/000/379/252/00000/9d64be9f-bbd0-475b-8799-bf5408b087a1.root 379252 [118,121,134,124,128,132,115,117,119,125,133,129,138,139,122,127,135,136,116,126,130,131,123,137,120]
/store/data/Run2024B/ParkingLLP/RAW/v1/000/379/252/00000/a27092ca-3b3b-41f5-afad-7634623a16e3.root 379252 [534,540,541,536,550,551,537,539,545,549,538,544,542,547,535,543,548,546,552,553]
/store/data/Run2024B/ParkingLLP/RAW/v1/000/379/252/00000/a47753d9-7aa8-4522-a4cd-b64ef4193293.root 379252 [389,400,403,388,393,387,395,401,385,390,396,386,391,392,398,394,397,399,402]
/store/data/Run2024B/ParkingLLP/RAW/v1/000/379/252/00000/b13d16f1-9271-4c71-8b2b-a67a851a5b9a.root 379252 [632,647,650,634,635,637,638,644,645,646,633,641,636,639,640,642,643,648,649]
/store/data/Run2024B/ParkingLLP/RAW/v1/000/379/252/00000/b384b47b-553a-4983-b4fe-5043f4f668f8.root 379252 [443,448,449,457,447,444,454,456,458,450,455,445,446,451,452,453,442,459]
/store/data/Run2024B/ParkingLLP/RAW/v1/000/379/252/00000/b402a8ee-3ba8-4cfa-a555-9d15aab07424.root 379252 [182,183,188,191,176,184,185,190,180,186,189,193,179,177,181,192,178,187]
/store/data/Run2024B/ParkingLLP/RAW/v1/000/379/252/00000/b9194a31-b264-4db3-9a4b-ee8c65897a2f.root 379252 [367,369,374,375,376,380,383,370,371,381,368,373,377,384,379,372,378,382]
/store/data/Run2024B/ParkingLLP/RAW/v1/000/379/252/00000/bf451290-1c3c-4ecf-bb6b-0d65789126cf.root 379252 [364,357,355,366,350,351,356,360,362,365,352,353,358,359,363,349,361,354]
/store/data/Run2024B/ParkingLLP/RAW/v1/000/379/252/00000/c4f02eea-9f1e-40df-859f-5f631f08525e.root 379252 [520,525,519,526,527,530,532,524,531,517,529,533,516,518,522,523,515,521,528]
/store/data/Run2024B/ParkingLLP/RAW/v1/000/379/252/00000/c679afa3-6865-4924-8348-4ecea1810fc9.root 379252 [158,159,160,173,162,168,169,172,164,171,166,170,167,174,175,161,163,165]
/store/data/Run2024B/ParkingLLP/RAW/v1/000/379/252/00000/c6ce5349-ef8c-4290-bc85-5e7d4b86dc4d.root 379252 [273,282,268,270,275,277,279,283,269,271,272,276,278,280,281,285,274,284]
/store/data/Run2024B/ParkingLLP/RAW/v1/000/379/252/00000/c9974e6b-37cd-41cd-b5e2-654ae1e13c01.root 379252 [42,48,52,62,78,85,99,100,104,113,114,60,64,73,74,79,89,95,103,49,57,61,67,86,93,94,106,108,110,44,51,55,68,70,75,77,81,82,88,107,43,50,53,56,58,59,66,71,80,83,112,46,90,91,101,105,111,41,47,69,72,92,98,45,54,63,65,76,84,87,96,97,102,109]
/store/data/Run2024B/ParkingLLP/RAW/v1/000/379/252/00000/cfb6be54-3f91-4e8b-82d2-e0e78bb7f101.root 379252 [143,144,141,142,153,147,149,152,154,145,156,157,151,155,140,146,148,150]
/store/data/Run2024B/ParkingLLP/RAW/v1/000/379/252/00000/d0901417-7180-4b97-a70b-a7009804301c.root 379252 [296,297,288,301,300,294,287,291,292,299,298,289,290,286,293,295,302,303]
/store/data/Run2024B/ParkingLLP/RAW/v1/000/379/252/00000/e755f6a9-5005-42bd-aa88-e010f7f2bf00.root 379252 [562,559,566,572,558,567,570,571,555,557,556,560,563,565,568,561,564,554,569]
/store/data/Run2024B/ParkingLLP/RAW/v1/000/379/252/00000/f3048b04-1fb7-4a99-a869-cfe0cc467dcf.root 379252 [32,35,36,37,29,24,25,30,27,28,31,34,38,23,26,33,39]
