381946
382003
382004
382010
382013
382014
382036
382037
382040
382046
382047
382054
382063
382064
382070
382074
382075
382159
382160
382165
382169
382171
382180
382192
382197
382204
382209
382213
382216
382229
382250
382251
382255
382256
382257
382258
382259
382260
382261
382262
382298
382299
382300
382313
382314
382328
382329
382343
382344
382381
382392
382393
382434
382504
382568
382580
382593
382594
382595
382617
382626
382649
382650
382654
382655
382656
382679
382684
382685
382686
382720
382725
382729
382730
382749
382750
382751
382752
382769
382770
382791
382792
382794
382795
382799
382810
382811
382830
382834
382856
382878
382913
382921
382922
382923
382924
382937
382960
383028
383033
383034
383035
383036
383134
383148
383153
383154
383155
383162
383163
383173
383174
383175
383247
383254
383255
383275
383276
383277
383322
383323
383324
383325
383326
383327
383331
383332
383333
383362
383363
383365
383366
383367
383368
383377
383417
383418
383447
383448
383449
383467
383468
383485
383486
383487
383496
383512
383514
383536
383537
383538
383539
383540
383541
383628
383629
383630
383631
383647
383648
383649
383650
383661
383662
383669
383687
383692
383693
383694
383695
383712
383723
383724
383740
383741
383743
383756
383758
383767
383779
