/store/data/Run2022B/HLTPhysics/RAW/v1/000/355/456/00000/0b1fb887-c4c3-4918-9f71-7843108f9529.root [200,202,203,214,191,217,218,220,225,230,193,209,222,187,188,194,195,196,205,210,215,216,231,186,190,212,213,219,226,227,228,199,206,207,221,224,192,198,201,208,223,229,189,197,204,211]
/store/data/Run2022B/HLTPhysics/RAW/v1/000/355/456/00000/1986f9e8-0bac-47ad-832a-36b3e6bda35c.root [102,110,119,121,129,130,133,136,99,124,125,126,103,115,122,128,134,95,96,97,123,137,104,109,112,116,117,118,138,98,105,107,113,131,100,108,111,127,132,93,94,101,106,114,120,135]
/store/data/Run2022B/HLTPhysics/RAW/v1/000/355/456/00000/4b5b0735-5946-4bc2-9b60-54d28d501ace.root [332,336,349,354,361,371,341,342,343,352,360,365,370,330,338,340,356,372,331,337,350,357,362,326,327,333,335,346,368,334,339,345,348,359,364,329,344,347,351,353,363,369,328,355,358,366,367]
/store/data/Run2022B/HLTPhysics/RAW/v1/000/355/456/00000/51b2ce1b-b1b2-4bc5-aeb6-285f9525c4d2.root [234,235,242,243,246,257,259,263,273,278,266,236,249,232,239,241,245,248,250,260,265,271,276,277,244,252,253,256,268,272,274,238,254,258,275,233,240,255,261,262,264,267,237,247,251,269,270]
/store/data/Run2022B/HLTPhysics/RAW/v1/000/355/456/00000/61cea6a4-29bd-48da-ac1a-c42088e35cb2.root [148,150,151,155,159,167,170,181,182,183,143,147,152,153,164,169,174,139,140,142,146,163,178,179,180,141,145,156,162,168,172,173,149,157,176,177,185,154,160,161,144,158,165,166,171,184,175]
/store/data/Run2022B/HLTPhysics/RAW/v1/000/355/456/00000/69b26b27-4bd1-4524-bc18-45f7b9b5e076.root [421,441,444,446,462,424,430,443,445,456,457,464,465,433,434,450,451,455,461,468,427,431,432,449,454,458,467,422,426,438,442,452,428,453,459,466,425,436,439,440,448,460,423,429,435,437,447,463]
/store/data/Run2022B/HLTPhysics/RAW/v1/000/355/456/00000/7292c4db-048f-4cea-9d7c-00e9bf2542fb.root [375,379,383,385,400,401,402,406,408,409,413,373,378,382,392,393,404,407,418,419,394,397,398,405,410,417,376,377,381,388,391,399,374,412,415,384,387,395,403,386,390,396,414,420,380,389,411,416]
/store/data/Run2022B/HLTPhysics/RAW/v1/000/355/456/00000/746ee7ff-3945-416d-a96e-a24fe5cb16e5.root [47,55,69,76,78,81,83,85,92,64,71,89,67,90,48,50,53,57,58,60,77,87,54,59,61,65,68,79,86,80,49,51,62,63,66,72,73,82,84,52,56,70,74,75,88,91]
/store/data/Run2022B/HLTPhysics/RAW/v1/000/355/456/00000/d60d78bf-1c78-4241-9374-5fbc0ee78ced.root [470,484,492,501,479,481,485,495,499,472,473,487,475,478,491,469,471,480,482,486,496,497,474,476,493,498,488,489,490,494,500,502,477,483]
/store/data/Run2022B/HLTPhysics/RAW/v1/000/355/456/00000/de362d8b-f90c-48ba-ae40-4de3a0c53dbe.root [280,305,313,325,286,289,292,300,315,322,323,279,282,291,294,299,301,312,317,319,321,287,290,296,304,307,308,310,314,320,285,288,311,281,283,295,316,318,284,293,297,298,302,303,306,309,324]
/store/data/Run2022B/HLTPhysics/RAW/v1/000/355/456/00000/ec9d79d6-4946-4874-be16-acf470bb8a9d.root [5,7,14,28,39,42,3,6,10,12,13,15,22,23,27,34,4,16,20,31,40,45,8,18,19,33,37,44,46,1,2,25,26,32,36,9,11,17,21,35,38,43,24,29,30,41]
