/store/data/Run2025C/ScoutingPFMonitor/MINIAOD/PromptReco-v1/000/392/175/00000/09439014-3589-40f0-ae2a-3bf9b1669fad.root [243,308,500,504,526,527,142,244,246,263,505,506,524,144,241,245,247,306,309,502,523,146,147,305,307,145,148,262,242,525,143,265,267,268,304,264,266,310,501,503,521,522]
/store/data/Run2025C/ScoutingPFMonitor/MINIAOD/PromptReco-v1/000/392/175/00000/1da73275-f418-4d34-9d5b-540a6b5779c2.root [187,284,287,288,289,416,437,438,440,533,551,418,439,528,552,553,555,184,188,442,530,286,417,534,549,554,556,185,285,189,190,419,421,529,532,550,186,283,420,422,441,443,531]
/store/data/Run2025C/ScoutingPFMonitor/MINIAOD/PromptReco-v1/000/392/175/00000/3b1f512b-a33c-45b5-9cd4-22cf680ee930.root [134,159,320,541,132,157,158,312,324,474,476,477,318,322,323,473,311,535,128,133,156,319,478,537,538,539,160,161,162,317,475,540,130,313,314,316,129,131,315,321,472,536]
/store/data/Run2025C/ScoutingPFMonitor/MINIAOD/PromptReco-v1/000/392/175/00000/40636504-9141-44cb-a51d-9cfe8104ab24.root [2,29,55,72,76,87,215,23,40,47,49,56,58,61,67,79,101,102,214,3,18,22,31,35,36,38,46,51,52,62,63,68,70,84,219,10,11,12,16,25,34,42,45,48,64,74,78,83,103,216,8,17,19,28,37,43,50,71,73,75,77,82,91,94,98,104,213,218,9,20,33,39,41,44,53,80,85,86,90,95,100,1,5,13,24,30,60,88,92,99,105,4,6,7,14,15,21,26,27,32,54,57,59,65,66,69,81,89,93,96,97,217]
/store/data/Run2025C/ScoutingPFMonitor/MINIAOD/PromptReco-v1/000/392/175/00000/56b04db5-130c-40fb-9382-80f316105aa3.root [240,332,335,337,209,238,398,208,237,400,407,279,282,403,408,207,334,401,404,406,210,281,395,402,206,211,212,236,239,277,278,336,396,405,205,234,235,276,280,333,338,397,399]
/store/data/Run2025C/ScoutingPFMonitor/MINIAOD/PromptReco-v1/000/392/175/00000/5e98f611-90ae-4228-be96-f8fbd5cb9ad8.root [231,275,350,516,517,198,202,203,347,424,427,200,269,425,514,515,199,201,351,518,227,230,270,271,274,352,519,423,229,348,426,204,228,232,233,272,273,346,349,428,429,520]
/store/data/Run2025C/ScoutingPFMonitor/MINIAOD/PromptReco-v1/000/392/175/00000/8380b258-9051-4e08-a98d-ca293eb65eb5.root [149,150,177,298,379,433,452,455,182,183,300,303,374,378,430,178,299,435,451,456,479,484,180,301,376,431,453,377,485,179,181,297,434,151,152,154,155,380,436,454,480,482,483,153,302,375,432,457,481]
/store/data/Run2025C/ScoutingPFMonitor/MINIAOD/PromptReco-v1/000/392/175/00000/961333bc-d93d-4e24-b05a-91a026dac358.root [118,120,136,326,488,137,138,360,365,367,368,369,486,114,115,117,140,371,373,490,491,116,331,361,363,489,139,141,325,364,366,372,327,329,330,487,492,119,135,328,362,370]
/store/data/Run2025C/ScoutingPFMonitor/MINIAOD/PromptReco-v1/000/392/175/00000/9ce226f5-a10d-4520-bdc6-e4e14114a13b.root [197,221,383,387,390,509,511,222,381,391,494,223,382,195,226,386,495,507,196,220,392,496,510,191,225,385,388,497,498,508,513,193,389,393,394,493,499,512,192,194,224,384]
/store/data/Run2025C/ScoutingPFMonitor/MINIAOD/PromptReco-v1/000/392/175/00000/9dfa1b28-45c0-43c2-a565-1dc4f6b0eb13.root [357,459,254,353,358,409,463,251,340,342,355,356,359,446,448,248,339,341,411,413,445,447,253,343,345,410,444,458,461,464,252,354,414,249,344,412,415,449,460,250,450,462]
/store/data/Run2025C/ScoutingPFMonitor/MINIAOD/PromptReco-v1/000/392/175/00000/c9d2cd18-2e84-4ec1-a4e7-bf0e7408c9b2.root [256,544,545,557,126,166,169,171,559,168,170,176,258,260,542,548,259,558,561,124,172,547,163,165,173,261,122,167,175,255,257,546,562,121,123,125,127,164,174,543,560]
/store/data/Run2025C/ScoutingPFMonitor/MINIAOD/PromptReco-v1/000/392/175/00000/e7ec367e-f45e-4e19-92ea-a75f3d3bc55c.root [291,469,107,470,465,109,113,295,296,466,112,292,293,110,111,468,471,106,108,290,294,467]
