/store/data/Run2022C/MuonEG/RAW/v1/000/356/381/00000/02656a5d-6b15-451e-88fa-2bbd7eb6053e.root [257,258,260,249,254,256,248,261,252,250,251,253,255,259]
/store/data/Run2022C/MuonEG/RAW/v1/000/356/381/00000/15f0fab3-a96c-4b26-8102-5938b879d9be.root [833,839,840,843,829,835,836,832,830,834,848,831,837,844,846,838,842,845,847,828,841,849]
/store/data/Run2022C/MuonEG/RAW/v1/000/356/381/00000/1726b605-3b7c-468e-bc05-91d14d16d4b0.root [483,490,496,498,491,484,486,485,489,493,497,488,492,494,495,482,487]
/store/data/Run2022C/MuonEG/RAW/v1/000/356/381/00000/175c5af7-e8ce-4987-b50f-c3636155c93a.root [730,732,727,735,739,731,737,740,741,724,725,726,728,729,734,742,733,738,723,736]
/store/data/Run2022C/MuonEG/RAW/v1/000/356/381/00000/196168aa-916d-4016-90e6-7aa51ed00430.root [52,55,59,50,58,60,61,53,57,51,56,54]
/store/data/Run2022C/MuonEG/RAW/v1/000/356/381/00000/1ccd0deb-f388-4493-bf56-10dd27df2f85.root [307,310,313,316,319,311,314,308,309,320,317,312,306,315,318]
/store/data/Run2022C/MuonEG/RAW/v1/000/356/381/00000/1cf4b263-a8bf-4ba7-9b90-cc958e8ca4a0.root [283,285,289,290,279,287,276,282,288,281,286,277,278,280,284]
/store/data/Run2022C/MuonEG/RAW/v1/000/356/381/00000/1f5ef1cd-18a3-40ff-b6d9-16a950dc1f63.root [449,458,464,456,452,453,460,462,448,451,457,450,455,459,454,461,463]
/store/data/Run2022C/MuonEG/RAW/v1/000/356/381/00000/287dca90-8561-40f7-839c-27dc33e369b4.root [669,678,677,679,663,671,676,666,668,673,680,670,672,674,681,664,665,667,675,682]
/store/data/Run2022C/MuonEG/RAW/v1/000/356/381/00000/28a2ef33-1fd4-46f6-8945-048a40866b81.root [1117,1122,1125,1112,1116,1118,1124,1128,1132,1111,1114,1120,1127,1130,1108,1109,1113,1121,1123,1133,1119,1126,1110,1115,1129,1131]
/store/data/Run2022C/MuonEG/RAW/v1/000/356/381/00000/33a97f90-55fa-4ed5-9d97-3d0389924ad1.root [36,25,33,34,30,28,31,35,32,26,27,29]
/store/data/Run2022C/MuonEG/RAW/v1/000/356/381/00000/37408213-d1b2-4d36-ae8a-452ebd241a7c.root [824,816,822,810,814,815,812,825,807,809,811,813,819,823,826,806,817,818,820,821,808,827]
/store/data/Run2022C/MuonEG/RAW/v1/000/356/381/00000/39ff63d7-9c80-4dcd-9870-6abf41d3c22c.root [896,900,905,895,904,907,908,909,910,913,914,897,915,894,901,911,898,902,903,899,912,906,916]
/store/data/Run2022C/MuonEG/RAW/v1/000/356/381/00000/3be59e64-149b-462b-8c66-1a7536dc2bd6.root [222,230,231,228,220,223,229,224,233,221,225,226,232,227]
/store/data/Run2022C/MuonEG/RAW/v1/000/356/381/00000/3c5e44f3-4ac7-4ae3-b170-9df3fcd31eae.root [563,566,559,562,552,555,558,561,568,554,556,557,569,567,553,560,564,565]
/store/data/Run2022C/MuonEG/RAW/v1/000/356/381/00000/3f6886ef-bf3d-495a-ae77-ddb4b27fa31e.root [575,578,587,571,574,577,584,570,580,581,583,576,585,586,582,572,573,579]
/store/data/Run2022C/MuonEG/RAW/v1/000/356/381/00000/47fdf1c2-5621-4591-91e4-9e9cfc94434d.root [296,300,291,295,299,294,297,301,293,302,305,304,298,303,292]
/store/data/Run2022C/MuonEG/RAW/v1/000/356/381/00000/49f8b941-ea87-4c10-84f1-4ed547ca0c46.root [1192,1186,1190,1193,1187,1188,1191,1189]
/store/data/Run2022C/MuonEG/RAW/v1/000/356/381/00000/5192467b-95af-4215-9fef-9b9abf1e9a67.root [385,390,393,392,386,397,388,391,398,399,389,394,395,396,384,387]
/store/data/Run2022C/MuonEG/RAW/v1/000/356/381/00000/52c712d1-808e-4b49-8420-3551bf383e80.root [720,712,721,704,710,714,719,705,708,713,703,709,716,711,706,715,718,707,717,722]
/store/data/Run2022C/MuonEG/RAW/v1/000/356/381/00000/5836bdc9-9ca7-47c4-b5fb-ad0d9713d5dc.root [216,207,215,206,213,219,212,208,211,214,218,210,217,209]
/store/data/Run2022C/MuonEG/RAW/v1/000/356/381/00000/5b043df3-16ef-4acd-b835-be623fa1deac.root [205,198,200,197,201,202,199,192,196,204,195,194,193,203]
/store/data/Run2022C/MuonEG/RAW/v1/000/356/381/00000/5d9d2609-6065-4a4b-bf46-cceda0b337aa.root [625,626,629,628,639,640,641,632,633,636,627,634,635,642,637,638,643,630,631]
/store/data/Run2022C/MuonEG/RAW/v1/000/356/381/00000/61146cba-47e2-4edb-9c96-d9bdec73cb19.root [402,403,405,413,415,407,409,406,412,400,404,408,401,410,411,414]
/store/data/Run2022C/MuonEG/RAW/v1/000/356/381/00000/617dc9d3-be97-489e-8d03-478a9f11b670.root [1064,1062,1077,1081,1083,1067,1070,1073,1082,1065,1069,1072,1060,1066,1068,1074,1075,1076,1061,1063,1071,1079,1080,1078]
/store/data/Run2022C/MuonEG/RAW/v1/000/356/381/00000/660dfa69-55e6-4b25-96c5-36b01d260171.root [1135,1145,1159,1144,1152,1156,1134,1143,1146,1150,1142,1149,1158,1138,1151,1153,1157,1137,1139,1140,1141,1148,1155,1136,1147,1154]
/store/data/Run2022C/MuonEG/RAW/v1/000/356/381/00000/6cfb5dad-61dc-4295-bd9b-43fb9edff02b.root [169,170,174,176,177,165,172,166,167,171,173,168,175]
/store/data/Run2022C/MuonEG/RAW/v1/000/356/381/00000/6f6d6d26-2a96-4443-bff9-3aa6b2f52fd5.root [416,419,421,430,423,426,428,417,429,418,422,431,420,424,425,427]
/store/data/Run2022C/MuonEG/RAW/v1/000/356/381/00000/70b326e6-6008-4c32-825f-f1df7b044e30.root [773,780,784,765,771,776,779,772,775,770,774,781,782,766,769,778,768,777,783,764,767]
/store/data/Run2022C/MuonEG/RAW/v1/000/356/381/00000/73480381-de13-4e0f-91ed-3dc44310582c.root [1170,1176,1185,1164,1166,1167,1173,1179,1184,1161,1168,1177,1163,1180,1178,1162,1171,1174,1175,1181,1160,1165,1172,1182,1183,1169]
/store/data/Run2022C/MuonEG/RAW/v1/000/356/381/00000/76c57c2e-c61e-4072-b259-b3e01a1ec411.root [1022,1033,1034,1020,1025,1028,1031,1032,1012,1014,1015,1016,1019,1023,1027,1030,1029,1018,1026,1013,1017,1021,1024,1035]
/store/data/Run2022C/MuonEG/RAW/v1/000/356/381/00000/783a1bfe-8401-475a-a5c8-21638b54059b.root [1037,1040,1051,1055,1045,1048,1054,1044,1049,1041,1038,1056,1057,1046,1047,1058,1036,1039,1043,1052,1053,1059,1042,1050]
/store/data/Run2022C/MuonEG/RAW/v1/000/356/381/00000/7f61c2fc-8f18-455a-9be3-ff5619ef7028.root [15,13,16,19,14,18,20,21,22,17,23,24]
/store/data/Run2022C/MuonEG/RAW/v1/000/356/381/00000/837765b0-55a0-4d9a-8b5e-2c187f77321a.root [323,324,322,326,327,328,330,332,329,325,331,334,321,333,335]
/store/data/Run2022C/MuonEG/RAW/v1/000/356/381/00000/84c4c3eb-b5f4-476c-bf7c-5047f7539583.root [74,77,79,81,76,85,86,80,82,75,78,83,84]
/store/data/Run2022C/MuonEG/RAW/v1/000/356/381/00000/8a31fdad-25c3-4d3e-bf08-58a4dd7cce1d.root [592,597,599,589,588,591,593,600,604,594,590,595,603,605,596,598,601,602]
/store/data/Run2022C/MuonEG/RAW/v1/000/356/381/00000/8c5a324f-83c8-4103-a087-f4dc655d73fc.root [135,131,137,138,134,126,128,130,132,129,133,127,136]
/store/data/Run2022C/MuonEG/RAW/v1/000/356/381/00000/8cbce10f-656d-4d37-b154-c13e3919dc25.root [178,182,186,189,191,179,180,181,188,190,183,184,185,187]
/store/data/Run2022C/MuonEG/RAW/v1/000/356/381/00000/8ddd37e8-57bb-4cef-911d-c785e77a67b3.root [469,479,481,478,480,468,467,472,474,476,477,465,466,470,471,475,473]
/store/data/Run2022C/MuonEG/RAW/v1/000/356/381/00000/8fda9599-246e-4b85-974b-4f2bfc9b6243.root [1086,1094,1107,1084,1100,1092,1105,1093,1099,1088,1095,1096,1098,1101,1103,1085,1089,1090,1102,1087,1091,1104,1106,1097]
/store/data/Run2022C/MuonEG/RAW/v1/000/356/381/00000/95abf5b3-f4c1-4dde-8cce-d5ed6ab5f50d.root [101,105,109,111,110,107,112,103,108,104,100,102,106]
/store/data/Run2022C/MuonEG/RAW/v1/000/356/381/00000/97ba52cd-a84c-4315-92b8-a00a34b02fb9.root [63,62,66,68,65,64,67,69,71,72,70,73]
/store/data/Run2022C/MuonEG/RAW/v1/000/356/381/00000/aed22370-b680-42b5-a221-9aa9ec1dfdb4.root [113,117,118,123,125,120,121,114,115,116,122,124,119]
/store/data/Run2022C/MuonEG/RAW/v1/000/356/381/00000/b04dc139-43c3-4aa0-b5ad-24ff3cf0e87e.root [536,543,551,546,537,539,545,548,534,542,547,544,550,535,540,541,549,538]
/store/data/Run2022C/MuonEG/RAW/v1/000/356/381/00000/b25717ae-8bd6-4d28-9091-f6f965cfde2f.root [139,140,142,144,148,141,145,150,146,147,149,143,151]
/store/data/Run2022C/MuonEG/RAW/v1/000/356/381/00000/b35973ca-28a4-41df-9f0d-4d8f893bec6c.root [12,5,7,2,10,6,11,3,8,9,1,4]
/store/data/Run2022C/MuonEG/RAW/v1/000/356/381/00000/b3bb25c3-442e-409e-9dc2-45d0ddc6eae8.root [518,530,520,524,528,533,519,521,526,531,522,525,529,532,517,523,527]
/store/data/Run2022C/MuonEG/RAW/v1/000/356/381/00000/b3c95d99-2aa6-4374-92cd-79c6b2757aaf.root [154,161,153,155,159,160,162,156,163,164,158,152,157]
/store/data/Run2022C/MuonEG/RAW/v1/000/356/381/00000/b7c0e56a-0090-47c0-a945-fed074428f69.root [609,610,614,616,624,618,622,612,615,606,613,620,623,607,619,608,617,621,611]
/store/data/Run2022C/MuonEG/RAW/v1/000/356/381/00000/b80600cc-6118-4f60-83c4-5bf58653c5d8.root [340,347,336,344,338,348,341,342,345,343,337,339,346,349,350]
/store/data/Run2022C/MuonEG/RAW/v1/000/356/381/00000/c4e0e66d-0245-4d45-859c-f0f10ed98412.root [235,237,234,236,238,241,242,243,244,247,240,239,245,246]
/store/data/Run2022C/MuonEG/RAW/v1/000/356/381/00000/ca21b28e-45cd-4d7d-a074-1754c8f8aec6.root [882,873,878,883,885,884,888,890,892,893,881,875,889,872,874,879,886,876,877,880,891,887]
/store/data/Run2022C/MuonEG/RAW/v1/000/356/381/00000/d28c2a78-da3e-4499-ac71-8c733a67f918.root [89,99,91,95,90,92,93,98,96,97,87,88,94]
/store/data/Run2022C/MuonEG/RAW/v1/000/356/381/00000/d2c26601-5c1a-4f45-b856-dba774d7e8b3.root [746,756,762,753,743,751,758,760,747,749,754,759,761,745,763,744,748,750,752,757,755]
/store/data/Run2022C/MuonEG/RAW/v1/000/356/381/00000/d7c461a8-f98d-4df5-bce4-5dc68e5e6b78.root [264,269,272,265,262,267,274,275,266,270,268,271,273,263]
/store/data/Run2022C/MuonEG/RAW/v1/000/356/381/00000/d8a74981-331d-4f2b-8a13-74f4f251cc25.root [683,686,688,694,698,702,700,685,684,691,693,697,689,690,695,699,687,692,696,701]
/store/data/Run2022C/MuonEG/RAW/v1/000/356/381/00000/db70b9b2-2c8d-4dab-9439-7d3382f073c2.root [371,372,379,367,374,383,378,382,369,373,375,376,377,381,368,370,380]
/store/data/Run2022C/MuonEG/RAW/v1/000/356/381/00000/dc6c045c-f455-4ac2-9bdd-6de12edc5805.root [862,869,871,859,865,868,856,861,863,851,853,854,866,867,850,852,858,855,857,864,860,870]
/store/data/Run2022C/MuonEG/RAW/v1/000/356/381/00000/dc9b7c0f-3c50-4813-ad42-0f7b1e6f4170.root [989,999,1009,990,996,1001,1005,995,1010,988,1007,1011,993,1003,1006,1000,1002,1004,991,994,992,997,998,1008]
/store/data/Run2022C/MuonEG/RAW/v1/000/356/381/00000/dd244329-ed37-4f5d-bf2c-38adcc8cc3ea.root [37,38,39,47,42,46,45,43,40,48,41,44,49]
/store/data/Run2022C/MuonEG/RAW/v1/000/356/381/00000/dd9b3c85-811d-49dc-bdcc-7ef8da62bada.root [357,359,361,365,355,356,362,351,353,364,352,358,360,363,354,366]
/store/data/Run2022C/MuonEG/RAW/v1/000/356/381/00000/deb2c5ce-26ca-4264-96d7-74d67601d45e.root [982,986,965,966,978,983,987,984,964,969,980,981,967,968,971,973,974,975,985,970,977,972,976,979]
/store/data/Run2022C/MuonEG/RAW/v1/000/356/381/00000/e81cbc0e-0965-4fa1-a31e-215c4b5991db.root [435,438,439,443,440,442,445,441,447,437,446,433,434,444,432,436]
/store/data/Run2022C/MuonEG/RAW/v1/000/356/381/00000/ec94b26c-38e1-4c18-baa7-c38db3e86550.root [645,650,656,658,649,651,652,653,661,662,654,660,648,644,646,655,659,647,657]
/store/data/Run2022C/MuonEG/RAW/v1/000/356/381/00000/f1340ab0-8626-444e-ba1e-029af935b267.root [500,507,510,501,508,511,514,505,506,512,499,515,516,503,509,502,504,513]
/store/data/Run2022C/MuonEG/RAW/v1/000/356/381/00000/f3f0687b-4a96-4374-af76-e11bbb88c93b.root [945,952,957,953,949,951,959,961,963,960,944,955,940,943,946,947,954,956,941,942,948,950,958,962]
/store/data/Run2022C/MuonEG/RAW/v1/000/356/381/00000/f9b35e4f-e38c-4a1b-9a2b-0f38d1e94162.root [922,925,926,933,936,939,924,921,928,935,917,919,923,929,938,920,934,918,927,930,931,932,937]
/store/data/Run2022C/MuonEG/RAW/v1/000/356/381/00000/fdcb8eb0-4cb4-4fbe-879b-871f5acfad8e.root [788,793,796,797,800,802,799,785,798,801,786,790,792,791,794,787,789,795,803,804,805]
