/store/data/Run2024D/HcalNZS/RAW/v1/000/380/306/00000/056e55fe-4490-4075-8f7c-816a02a49bf6.root 380306 [257,262,265,261,269,260,263,264,266,267,268,258,259]
/store/data/Run2024D/HcalNZS/RAW/v1/000/380/306/00000/1ee20621-e3f2-4d2a-a9a4-41976f5094c5.root 380306 [242,252,255,243,247,249,251,256,245,248,254,250,240,241,244,246,253]
/store/data/Run2024D/HcalNZS/RAW/v1/000/380/306/00000/2b4e149d-dd49-4994-803e-0b249cd15aef.root 380306 [200,195,199,206,197,201,204,202,203,196,192,193,198,194,205,207]
/store/data/Run2024D/HcalNZS/RAW/v1/000/380/306/00000/5871896f-f0d2-420d-84ad-472cf6cc2147.root 380306 [11,15,16,19,24,25,28,30,33,46,59,10,17,23,38,42,47,7,12,18,29,36,49,50,56,14,32,40,45,53,70,21,22,35,43,44,51,54,55,67,8,37,48,58,64,69,71,20,31,41,63,66,9,13,26,27,34,39,52,57,60,61,62,65,68]
/store/data/Run2024D/HcalNZS/RAW/v1/000/380/306/00000/59ed6e52-cc46-47e6-8d7f-d9f4dcb180f8.root 380306 [210,215,216,212,219,208,209,220,223,213,221,222,211,217,214,218]
/store/data/Run2024D/HcalNZS/RAW/v1/000/380/306/00000/63db02e4-40b1-4d07-9ca3-4fa913177f5e.root 380306 [226,234,235,238,239,228,233,236,224,225,227,229,231,232,237,230]
/store/data/Run2024D/HcalNZS/RAW/v1/000/380/306/00000/7eee5247-42bd-4ea1-b1da-b3b7513308b6.root 380306 [148,155,159,160,146,156,157,147,150,154,151,158,149,152,153,161]
/store/data/Run2024D/HcalNZS/RAW/v1/000/380/306/00000/91693fca-6c95-4e3c-8edc-7cb5b8cf87a6.root 380306 [99,103,105,101,112,100,104,107,108,111,113,98,106,109,110,97,96,102]
/store/data/Run2024D/HcalNZS/RAW/v1/000/380/306/00000/aca9879d-3ad0-4741-947a-cc7c7d970853.root 380306 [73,76,75,86,91,72,80,82,89,77,87,94,74,79,81,83,92,95,78,93,84,85,88,90]
/store/data/Run2024D/HcalNZS/RAW/v1/000/380/306/00000/b1bc0c2c-107e-417d-a35d-81e2fc3c3715.root 380306 [167,176,165,169,175,172,173,166,171,164,163,177,168,174,162,170]
/store/data/Run2024D/HcalNZS/RAW/v1/000/380/306/00000/d740266d-4f3f-401d-a8d2-52702a94bcd8.root 380306 [5,3,4,1,2]
/store/data/Run2024D/HcalNZS/RAW/v1/000/380/306/00000/de29255f-77ac-4b22-b5f4-f3bd03b2a18f.root 380306 [184,188,187,191,185,179,190,178,180,182,189,183,181,186]
/store/data/Run2024D/HcalNZS/RAW/v1/000/380/306/00000/e75beba3-b3f9-4673-8cb3-c49e4e1f4b99.root 380306 [134,145,133,135,144,142,131,138,141,143,132,136,137,139,130,140]
/store/data/Run2024D/HcalNZS/RAW/v1/000/380/306/00000/ea78314d-c0f6-440c-9031-518117163308.root 380306 [115,116,129,120,125,123,128,118,122,114,117,126,119,121,124,127]
/store/data/Run2024D/HcalNZS/RAW/v1/000/380/308/00000/2438d7d0-8938-40d9-a2ee-fc080cbc44e5.root 380308 [2,9,10,15,16,17,5,14,3,11,18,6,7,8,12,4,13]
/store/data/Run2024D/HcalNZS/RAW/v1/000/380/308/00000/af1a160a-2dbf-498c-9d2e-4d84837d69ba.root 380308 [19,23,29,33,22,27,31,34,32,20,25,26,35,21,24,28,30]
/store/data/Run2024D/HcalNZS/RAW/v1/000/380/309/00000/03490255-36a5-4f45-b623-221797690497.root 380309 [86,90,94,81,82,85,89,93,83,95,96,87,92,88,84,91]
/store/data/Run2024D/HcalNZS/RAW/v1/000/380/309/00000/08db64bd-bc49-47d4-b2b2-443b06d70d23.root 380309 [116,113,114,118,122,115,117,120,128,125,124,119,121,123,126,127]
/store/data/Run2024D/HcalNZS/RAW/v1/000/380/309/00000/0f775561-3007-4d9c-bd8d-18e8e23fa4bf.root 380309 [58,54,62,51,55,63,64,53,57,60,49,50,52,56,59,61]
/store/data/Run2024D/HcalNZS/RAW/v1/000/380/309/00000/11c4ae80-c27b-4660-802e-6dd9b6e2cb0d.root 380309 [261,258,260,268,264,265,269,257,259,263,266,267,271,262,270,272]
/store/data/Run2024D/HcalNZS/RAW/v1/000/380/309/00000/42735d17-8206-4d35-9358-e759a951248e.root 380309 [204,194,201,196,197,198,202,203,206,208,195,193,199,205,207,200]
/store/data/Run2024D/HcalNZS/RAW/v1/000/380/309/00000/4da35b86-5850-4a66-bfb2-f5b58c1f9efc.root 380309 [147,157,151,152,148,159,145,150,155,156,149,153,154,158,160,146]
/store/data/Run2024D/HcalNZS/RAW/v1/000/380/309/00000/5d3a9a2b-69ef-408d-9d63-bb7c3934af81.root 380309 [35,40,42,45,46,38,44,47,43,48,33,41,36,34,37,39]
/store/data/Run2024D/HcalNZS/RAW/v1/000/380/309/00000/61673609-42dc-451a-adc7-f048042ed464.root 380309 [27,28,30,20,31,17,18,22,23,24,32,25,26,29,19,21]
/store/data/Run2024D/HcalNZS/RAW/v1/000/380/309/00000/69b47e17-2753-4b42-b0a4-749b3ae0214a.root 380309 [225,227,229,228,230,237,240,232,226,231,234,235,233,238,239,236]
/store/data/Run2024D/HcalNZS/RAW/v1/000/380/309/00000/7723b806-c8a4-4782-b1a3-7a4972828019.root 380309 [163,172,171,170,174,175,164,176,161,165,162,166,167,168,169,173]
/store/data/Run2024D/HcalNZS/RAW/v1/000/380/309/00000/78c7b7db-4085-4715-b438-809848a1d47a.root 380309 [328,330,331,336,326,334,321,325,329,333,323,327,322,335,324,332]
/store/data/Run2024D/HcalNZS/RAW/v1/000/380/309/00000/7db858b2-775c-4faf-a808-02aec03990e3.root 380309 [179,182,187,177,180,186,178,183,185,188,189,191,192,181,190,184]
/store/data/Run2024D/HcalNZS/RAW/v1/000/380/309/00000/91225ea7-2ffc-4107-857d-c4f1129027f4.root 380309 [65,75,79,80,74,76,78,69,67,71,77,68,72,73,66,70]
/store/data/Run2024D/HcalNZS/RAW/v1/000/380/309/00000/9d0bb496-0cce-409f-abd2-96a4ea642d91.root 380309 [309,314,316,307,315,320,311,319,305,308,313,306,310,317,312,318]
/store/data/Run2024D/HcalNZS/RAW/v1/000/380/309/00000/aa66060c-1eb3-4da4-a75c-3b01e99f7e79.root 380309 [297,299,295,301,291,298,296,303,304,290,293,300,289,292,294,302]
/store/data/Run2024D/HcalNZS/RAW/v1/000/380/309/00000/aede9c7b-18e6-4c1a-8e9f-60b030d50487.root 380309 [138,141,129,134,135,130,140,144,131,132,133,136,139,142,143,137]
/store/data/Run2024D/HcalNZS/RAW/v1/000/380/309/00000/b096a53b-141b-46b1-8dd9-3ca224bb736c.root 380309 [242,245,249,255,244,252,254,241,253,243,248,246,247,250,251,256]
/store/data/Run2024D/HcalNZS/RAW/v1/000/380/309/00000/c2bf5535-2016-43f2-9d12-c140c596b5db.root 380309 [99,102,97,101,107,104,105,98,100,111,108,109,106,112,103,110]
/store/data/Run2024D/HcalNZS/RAW/v1/000/380/309/00000/cd4cdd21-6afd-4ce8-9645-b1a64667d68f.root 380309 [339,343,337,341,345,338,344,342,340]
/store/data/Run2024D/HcalNZS/RAW/v1/000/380/309/00000/d507384a-ab37-4e9e-905a-f5e831ff1982.root 380309 [4,12,3,13,15,10,1,2,8,16,6,11,5,7,9,14]
/store/data/Run2024D/HcalNZS/RAW/v1/000/380/309/00000/d9db7e6f-ab10-4436-b7c0-2948f3d50ef7.root 380309 [275,287,278,281,284,273,279,283,280,282,285,286,288,274,276,277]
/store/data/Run2024D/HcalNZS/RAW/v1/000/380/309/00000/ff0f728e-4200-4b27-a2af-286722f68c1a.root 380309 [218,209,212,219,221,223,210,215,211,214,216,213,220,224,217,222]
/store/data/Run2024D/HcalNZS/RAW/v1/000/380/310/00000/0622b797-c77b-43b5-8865-064c54634e38.root 380310 [885,891,893,898,907,909,911,888,896,905,910,912,913,887,894,901,904,914,917,889,892,900,906,908,916,918,886,890,903,915,919,895,920,897,899,902]
/store/data/Run2024D/HcalNZS/RAW/v1/000/380/310/00000/06c45e86-88ad-44db-8dbe-113c44de3285.root 380310 [2,9,7,13,18,4,6,8,10,5,12,14,11,17,1,3,15,16]
/store/data/Run2024D/HcalNZS/RAW/v1/000/380/310/00000/0827663b-0295-49f8-b43d-a87aab8ea542.root 380310 [343,344,345,338,339,352,340,355,337,335,341,342,350,353,354,357,336,348,346,347,349,351,356]
/store/data/Run2024D/HcalNZS/RAW/v1/000/380/310/00000/08860902-5c0c-4ed5-a288-e6eb1568a4db.root 380310 [993,1000,1022,994,1016,1023,1029,1015,1019,1027,997,999,1001,1007,1010,1012,1013,1021,1025,1026,1031,1032,1003,1006,1008,1009,995,996,1017,1024,1028,998,1005,1014,1002,1004,1011,1018,1020,1030]
/store/data/Run2024D/HcalNZS/RAW/v1/000/380/310/00000/0d4b4f6a-6e22-470c-bfd4-2d58f92aa001.root 380310 [61,55,63,70,60,65,66,67,69,68,62,58,59,71,56,57,64,72]
/store/data/Run2024D/HcalNZS/RAW/v1/000/380/310/00000/0ddac7c3-b0d0-4a65-9372-7fc91bca83a9.root 380310 [83,86,76,77,73,78,81,85,79,80,82,74,75,87,84,88,89,90]
/store/data/Run2024D/HcalNZS/RAW/v1/000/380/310/00000/194094b6-6513-4b44-b19e-d1966a4f71f9.root 380310 [821,829,834,845,814,815,816,824,839,817,831,842,822,826,833,841,823,838,844,812,825,832,843,813,820,827,830,835,836,818,819,828,837,840,846]
/store/data/Run2024D/HcalNZS/RAW/v1/000/380/310/00000/1dfdbf77-21c5-4915-babd-bef4ea7bb32b.root 380310 [853,856,858,878,883,861,868,869,848,851,859,870,874,855,857,860,864,873,875,849,850,852,854,866,871,876,881,863,865,867,872,877,847,862,880,879,882]
/store/data/Run2024D/HcalNZS/RAW/v1/000/380/310/00000/337ae345-b947-49b2-b9e3-2f999f342675.root 380310 [250,253,255,260,263,249,251,252,254,248,256,264,247,257,265,244,258,259,261,245,246,262]
/store/data/Run2024D/HcalNZS/RAW/v1/000/380/310/00000/373a90e0-793b-4725-b016-67ade2b6a113.root 380310 [755,756,758,773,776,745,753,759,760,744,746,767,749,757,763,769,770,774,742,743,751,754,761,764,775,747,752,765,750,748,762,766,768,771,772]
/store/data/Run2024D/HcalNZS/RAW/v1/000/380/310/00000/3c2e35e5-2487-4998-b7cc-5b819c2b4436.root 380310 [692,694,696,698,702,705,708,681,683,687,697,676,677,691,707,680,682,699,700,704,706,679,686,688,690,701,678,684,685,689,693,703,695]
/store/data/Run2024D/HcalNZS/RAW/v1/000/380/310/00000/44115054-3836-43e7-99da-da28dbbc4b84.root 380310 [108,97,104,91,95,98,94,96,100,102,107,92,93,106,99,101,105,103]
/store/data/Run2024D/HcalNZS/RAW/v1/000/380/310/00000/471019e1-b8f1-4122-857f-a66ae04bf43f.root 380310 [315,319,327,328,311,314,320,324,334,323,330,332,333,312,316,317,318,321,326,325,313,322,329,331]
/store/data/Run2024D/HcalNZS/RAW/v1/000/380/310/00000/4cb6d9bd-7df8-4f6b-b06d-86c6c644f369.root 380310 [48,50,52,39,40,41,45,47,51,38,44,53,42,46,54,49,43,37]
/store/data/Run2024D/HcalNZS/RAW/v1/000/380/310/00000/4d08ab74-1dfc-4b83-a4f0-e57aee1a8ae4.root 380310 [455,464,466,457,458,461,469,456,459,471,476,465,472,454,460,463,468,462,467,473,475,453,470,474]
/store/data/Run2024D/HcalNZS/RAW/v1/000/380/310/00000/513762ee-a086-4070-9446-77c60dee4384.root 380310 [490,502,482,486,499,479,483,489,491,503,481,484,487,488,497,500,477,478,480,492,493,494,495,498,501,485,496]
/store/data/Run2024D/HcalNZS/RAW/v1/000/380/310/00000/53569630-3c38-4d80-a6d1-625d5cb54d2a.root 380310 [937,955,933,922,925,926,929,935,936,940,950,952,953,930,946,951,956,942,944,954,921,924,928,931,932,939,945,947,948,927,923,934,938,941,943,949]
/store/data/Run2024D/HcalNZS/RAW/v1/000/380/310/00000/59f5c4ed-e791-45ee-949d-620908de95ae.root 380310 [393,394,402,387,391,395,383,388,390,403,404,385,397,400,381,396,398,401,386,389,399,382,384,392]
/store/data/Run2024D/HcalNZS/RAW/v1/000/380/310/00000/6379d5c2-511d-4581-bf13-a4ddfb087ea8.root 380310 [711,713,714,727,732,741,722,735,736,738,715,718,724,739,728,734,717,725,729,737,709,710,719,721,723,726,740,712,716,720,730,731,733]
/store/data/Run2024D/HcalNZS/RAW/v1/000/380/310/00000/69ce71ee-d75d-4be1-9976-b87ebe4d1258.root 380310 [532,546,556,537,539,548,550,552,540,543,551,553,554,544,531,533,535,542,541,547,555,536,545,549,557,534,538]
/store/data/Run2024D/HcalNZS/RAW/v1/000/380/310/00000/89db50cf-be52-47a0-a12b-c8cba93c782b.root 380310 [779,780,781,783,786,811,787,788,789,797,807,785,793,782,796,803,804,791,792,795,801,810,784,798,800,805,809,777,790,808,778,794,799,802,806]
/store/data/Run2024D/HcalNZS/RAW/v1/000/380/310/00000/8df83f5d-cd0b-46a1-b4d0-cfca10dcb61b.root 380310 [361,363,369,370,376,373,379,366,377,358,360,362,367,375,378,380,359,365,368,372,364,371,374]
/store/data/Run2024D/HcalNZS/RAW/v1/000/380/310/00000/9abc50fb-3237-45b0-8545-38b86f328a44.root 380310 [226,228,233,242,224,234,243,231,238,239,241,236,225,235,237,230,232,227,229,240]
/store/data/Run2024D/HcalNZS/RAW/v1/000/380/310/00000/9c6716ad-de4f-4336-a8bc-883d87ed6641.root 380310 [150,153,156,160,161,152,148,147,149,158,145,157,162,151,155,159,146,154]
/store/data/Run2024D/HcalNZS/RAW/v1/000/380/310/00000/a1dbf8e5-1f62-45e3-bd86-b5fd902db2dc.root 380310 [618,623,641,644,617,620,621,629,631,632,636,637,624,628,615,622,626,635,639,643,619,640,616,625,627,630,633,634,638,642]
/store/data/Run2024D/HcalNZS/RAW/v1/000/380/310/00000/a405c6ce-0a03-4ea7-b3ba-eae92a4a6aa5.root 380310 [178,165,168,171,181,164,166,167,169,175,179,170,173,174,177,180,163,172,176,182,183]
/store/data/Run2024D/HcalNZS/RAW/v1/000/380/310/00000/a5c2ad29-67ad-4322-aab8-90f8dd5ad354.root 380310 [21,23,25,29,19,27,28,32,24,31,30,22,26,33,34,36,20,35]
/store/data/Run2024D/HcalNZS/RAW/v1/000/380/310/00000/a8fdaec1-e5e0-4b04-80f6-1aaaca63a04a.root 380310 [589,593,597,603,587,591,594,605,609,585,599,600,601,608,613,592,611,595,596,606,610,614,586,598,604,607,612,588,590,602]
/store/data/Run2024D/HcalNZS/RAW/v1/000/380/310/00000/b10037bb-6853-4721-b554-d1e481428181.root 380310 [1257,1265,1266,1269,1270,1277,1256,1262,1273,1260,1267,1271,1276,1281,1259,1278,1274,1261,1264,1268,1272,1275,1280,1258,1263,1279]
/store/data/Run2024D/HcalNZS/RAW/v1/000/380/310/00000/b1e99d93-1a9d-4c6a-87a7-5dcd4157c49b.root 380310 [647,662,673,648,664,666,650,661,667,669,671,646,654,656,651,652,653,658,660,663,672,659,665,668,674,675,649,655,657,670,645]
/store/data/Run2024D/HcalNZS/RAW/v1/000/380/310/00000/b6339e45-7aed-462f-a479-49957190bbeb.root 380310 [216,221,205,220,211,213,217,222,223,206,209,214,207,204,208,210,212,215,218,219]
/store/data/Run2024D/HcalNZS/RAW/v1/000/380/310/00000/b8f8881e-7e6d-47f0-b111-956b1de5bd37.root 380310 [432,433,440,445,447,430,434,435,441,448,452,437,442,436,438,439,450,451,444,429,431,449,443,446]
/store/data/Run2024D/HcalNZS/RAW/v1/000/380/310/00000/bbc53ee4-f3d4-4e70-a61a-88daa469422a.root 380310 [132,137,138,139,142,143,128,136,131,144,127,135,140,129,130,133,134,141]
/store/data/Run2024D/HcalNZS/RAW/v1/000/380/310/00000/c7c8a826-8fc4-414f-9916-f5edbff57000.root 380310 [304,308,303,309,288,291,296,297,299,294,300,302,307,289,305,293,295,298,290,292,301,306,310]
/store/data/Run2024D/HcalNZS/RAW/v1/000/380/310/00000/d17ed3d4-e6df-4652-98f6-0ee8c3ad1594.root 380310 [957,961,963,965,976,989,962,967,972,973,970,991,958,960,971,977,979,981,984,959,964,969,974,983,990,966,975,982,985,980,992,968,978,986,987,988]
/store/data/Run2024D/HcalNZS/RAW/v1/000/380/310/00000/d248a625-fa5e-4043-9a3d-4287a6e72ada.root 380310 [1121,1125,1126,1137,1138,1158,1169,1179,1185,1190,1195,1197,1198,1201,1207,1215,1216,1217,1218,1229,1240,1241,1243,1247,1119,1123,1130,1139,1140,1143,1145,1151,1177,1181,1205,1248,1118,1122,1127,1156,1164,1170,1172,1175,1200,1214,1228,1232,1244,1245,1129,1131,1132,1142,1154,1159,1162,1168,1182,1183,1194,1203,1208,1226,1234,1242,1249,1133,1135,1152,1163,1166,1171,1173,1174,1192,1199,1213,1224,1227,1231,1238,1117,1134,1146,1149,1155,1165,1167,1178,1180,1188,1191,1196,1204,1206,1209,1210,1212,1220,1230,1235,1255,1124,1136,1144,1148,1150,1153,1161,1187,1193,1202,1211,1221,1225,1233,1236,1237,1246,1250,1252,1120,1128,1141,1147,1157,1160,1176,1184,1186,1189,1219,1222,1223,1239,1251,1253,1254]
/store/data/Run2024D/HcalNZS/RAW/v1/000/380/310/00000/dcc91f34-46af-4c3e-ab46-5455fd75a12e.root 380310 [1044,1046,1050,1051,1056,1069,1038,1040,1067,1070,1053,1059,1063,1064,1047,1054,1062,1071,1072,1035,1039,1041,1042,1045,1061,1065,1066,1037,1055,1043,1057,1058,1033,1034,1036,1048,1049,1052,1060,1068]
/store/data/Run2024D/HcalNZS/RAW/v1/000/380/310/00000/dde728f3-53f9-4e19-87ea-77150abe690e.root 380310 [1083,1085,1095,1099,1106,1107,1115,1094,1101,1102,1105,1116,1087,1088,1093,1073,1077,1079,1080,1082,1090,1110,1075,1084,1086,1109,1113,1114,1076,1081,1091,1096,1098,1112,1074,1092,1100,1104,1078,1089,1097,1103,1108,1111]
/store/data/Run2024D/HcalNZS/RAW/v1/000/380/310/00000/e0d007e7-c715-41c1-936e-7872e9bcf977.root 380310 [188,189,191,199,200,190,193,195,192,186,202,197,196,198,201,203,184,185,187,194]
/store/data/Run2024D/HcalNZS/RAW/v1/000/380/310/00000/ea0a9747-7570-422f-90c0-83a6fa646acc.root 380310 [117,119,122,126,109,116,118,112,115,125,120,113,123,124,111,114,110,121]
/store/data/Run2024D/HcalNZS/RAW/v1/000/380/310/00000/ec57e852-9655-4b23-a06b-8435a03c296f.root 380310 [563,564,565,567,574,583,584,566,562,568,571,572,575,582,570,576,578,558,559,560,573,579,580,561,577,581,569]
/store/data/Run2024D/HcalNZS/RAW/v1/000/380/310/00000/f32018a3-257f-4add-9924-516a37419e0d.root 380310 [414,423,425,428,407,411,417,420,415,418,424,426,427,409,408,412,422,405,410,413,416,419,421,406]
/store/data/Run2024D/HcalNZS/RAW/v1/000/380/310/00000/f8049920-5ac5-4d71-8553-7c193d901a9a.root 380310 [274,280,270,272,273,286,275,282,269,271,284,266,268,277,278,281,283,285,287,276,267,279]
/store/data/Run2024D/HcalNZS/RAW/v1/000/380/310/00000/f9cce07d-12f8-45d7-98aa-6b3f1119faa3.root 380310 [527,517,529,509,510,514,515,523,508,516,519,522,525,526,530,506,511,512,520,528,504,513,518,505,507,521,524]
/store/data/Run2024D/HcalNZS/RAW/v1/000/380/346/00000/05dc01dd-7ba9-479f-a2dd-51ab819dbfc6.root 380346 [253,246,249,254,257,243,245,252,255,242,244,247,250,251,256,248]
/store/data/Run2024D/HcalNZS/RAW/v1/000/380/346/00000/0e152511-7fcf-4ca9-adbd-3ec404620e9b.root 380346 [554,555,564,565,572,553,562,570,566,558,569,571,556,561,563,568,557,559,560,567]
/store/data/Run2024D/HcalNZS/RAW/v1/000/380/346/00000/0efdb156-7d2e-4393-92c7-3072bc3276cc.root 380346 [195,198,205,197,203,204,199,209,202,206,207,194,200,196,201,208]
/store/data/Run2024D/HcalNZS/RAW/v1/000/380/346/00000/129b867c-be4d-41d9-ab7f-797d73d5ef77.root 380346 [466,462,472,467,455,456,460,468,458,465,459,463,470,457,461,464,469,471]
/store/data/Run2024D/HcalNZS/RAW/v1/000/380/346/00000/1735b637-8755-487f-b774-614a3b0cafc5.root 380346 [379,387,382,374,376,380,386,383,384,378,385,388,373,375,377,381]
/store/data/Run2024D/HcalNZS/RAW/v1/000/380/346/00000/1af8b973-1483-43f7-9610-c42fffff8f83.root 380346 [168,169,177,163,167,175,171,172,166,170,174,164,173,162,176,165]
/store/data/Run2024D/HcalNZS/RAW/v1/000/380/346/00000/1df32e85-3a70-4663-b077-b52565452eb9.root 380346 [508,514,515,519,505,511,512,513,507,516,520,509,518,506,510,517]
/store/data/Run2024D/HcalNZS/RAW/v1/000/380/346/00000/2211803d-05ac-4965-b45d-7585cb949d95.root 380346 [210,216,222,225,212,220,221,214,215,218,219,223,213,217,211,224]
/store/data/Run2024D/HcalNZS/RAW/v1/000/380/346/00000/2cd63193-7e61-405d-ae79-034740f988e6.root 380346 [179,184,181,186,180,193,178,182,183,191,187,189,185,188,190,192]
/store/data/Run2024D/HcalNZS/RAW/v1/000/380/346/00000/30788315-94db-4899-9662-b5bd7f753f36.root 380346 [581,583,577,585,586,576,582,575,588,580,578,579,584,587,573,574]
/store/data/Run2024D/HcalNZS/RAW/v1/000/380/346/00000/40bbeabc-137c-4ff4-8c39-56ba09f99767.root 380346 [540,541,544,542,549,538,543,545,548,551,537,547,539,546,550,552]
/store/data/Run2024D/HcalNZS/RAW/v1/000/380/346/00000/42e97642-a8e0-4394-816b-f8dac4426bbf.root 380346 [423,424,427,425,429,430,431,435,428,436,422,426,434,433,421,432]
/store/data/Run2024D/HcalNZS/RAW/v1/000/380/346/00000/4dec838f-70a6-4ada-8293-d0bfb727a09d.root 380346 [405,415,417,419,407,410,412,409,413,406,414,416,408,418,411,420]
/store/data/Run2024D/HcalNZS/RAW/v1/000/380/346/00000/6b6291fa-a920-49db-a342-9d8d8151d29b.root 380346 [390,395,403,393,396,397,401,391,400,392,398,402,394,399,404,389]
/store/data/Run2024D/HcalNZS/RAW/v1/000/380/346/00000/6d59ece4-55a7-4c07-be9c-6ab5bc32a384.root 380346 [364,360,369,371,358,367,370,357,365,368,359,361,362,363,366,372]
/store/data/Run2024D/HcalNZS/RAW/v1/000/380/346/00000/71a0448e-4deb-4e3e-b35a-b4d1505a39f2.root 380346 [327,334,323,326,328,322,325,333,324,332,330,329,331]
/store/data/Run2024D/HcalNZS/RAW/v1/000/380/346/00000/7b79dff6-ac59-4edd-b20e-9114cdad63b9.root 380346 [150,159,145,152,155,157,158,146,160,149,153,144,147,148,156,151,154,161]
/store/data/Run2024D/HcalNZS/RAW/v1/000/380/346/00000/836d4ce7-6af9-4423-ac50-99e781e30ed7.root 380346 [491,494,495,499,500,501,490,492,503,504,489,502,493,498,496,497]
/store/data/Run2024D/HcalNZS/RAW/v1/000/380/346/00000/9249740c-5e1c-4039-886d-15b7aa0ef35c.root 380346 [138,142,128,135,140,143,132,139,137,130,131,133,141,136,129,134]
/store/data/Run2024D/HcalNZS/RAW/v1/000/380/346/00000/92b6a35d-f08c-43c7-9651-08500ab47012.root 380346 [356,345,348,352,354,355,343,350,347,351,341,342,346,353,344,349]
/store/data/Run2024D/HcalNZS/RAW/v1/000/380/346/00000/92c54a33-1f1a-4056-bf27-570bdfad2c2d.root 380346 [593,604,601,597,594,595,590,592,598,602,603,599,589,591,596,600]
/store/data/Run2024D/HcalNZS/RAW/v1/000/380/346/00000/939d9000-2709-43bf-8aed-b278b6e14ddc.root 380346 [121,114,116,126,112,115,123,113,118,125,117,119,120,122,124,127]
/store/data/Run2024D/HcalNZS/RAW/v1/000/380/346/00000/a29b6450-f174-4a15-aac7-4e28b8297de6.root 380346 [443,451,441,448,449,438,439,442,440,445,450,454,437,452,444,446,453,447]
/store/data/Run2024D/HcalNZS/RAW/v1/000/380/346/00000/a6df3805-29b5-44c4-aeba-47cc8cfe481e.root 380346 [229,232,238,227,230,236,237,231,226,234,239,240,228,233,235,241]
/store/data/Run2024D/HcalNZS/RAW/v1/000/380/346/00000/bbc0062e-b5ed-4af7-98fe-0ffade626ac1.root 380346 [83,85,76,93,79,80,87,90,77,82,81,84,88,89,92,95,78,86,91,94]
/store/data/Run2024D/HcalNZS/RAW/v1/000/380/346/00000/c747cdd0-5d4d-4581-986e-f47ea83eb5a6.root 380346 [263,267,269,260,266,271,273,259,261,268,262,264,270,258,265,272]
/store/data/Run2024D/HcalNZS/RAW/v1/000/380/346/00000/d0c846fd-b2c8-4f85-8f1d-704187c9a16f.root 380346 [336,337]
/store/data/Run2024D/HcalNZS/RAW/v1/000/380/346/00000/d3a63476-f417-41f0-abd0-e7f441e55feb.root 380346 [281,285,288,289,276,280,284,287,274,277,278,283,275,279,282,286]
/store/data/Run2024D/HcalNZS/RAW/v1/000/380/346/00000/dbca55c7-10a8-4743-bb38-df127087f897.root 380346 [306,309,313,311,315,317,318,310,312,314,316,321,307,308,319,320]
/store/data/Run2024D/HcalNZS/RAW/v1/000/380/346/00000/dd747a5f-9fd9-4147-8111-b0f3b7149c25.root 380346 [605,606,607]
/store/data/Run2024D/HcalNZS/RAW/v1/000/380/346/00000/de5f67d4-a411-43ac-8fe4-7696199e9f23.root 380346 [2,3,16,18,23,25,26,39,40,41,42,54,61,65,75,6,11,27,28,43,48,49,56,73,13,20,29,30,34,55,72,12,19,22,24,38,45,47,50,66,71,9,14,15,17,44,52,62,63,4,7,33,46,53,70,1,5,8,10,21,31,32,35,37,51,58,64,67,68,69,36,57,59,60,74]
/store/data/Run2024D/HcalNZS/RAW/v1/000/380/346/00000/e061f239-ddee-49cd-b8cc-a3774a410479.root 380346 [292,298,301,291,293,304,299,305,297,302,294,290,295,300,303,296]
/store/data/Run2024D/HcalNZS/RAW/v1/000/380/346/00000/e6625b34-3909-43ef-b9ab-437174a492d7.root 380346 [476,478,479,484,485,477,475,480,487,482,483,486,488,474,473,481]
/store/data/Run2024D/HcalNZS/RAW/v1/000/380/346/00000/ed4b570c-78e7-4e95-b8bb-8881afec6532.root 380346 [526,533,522,534,536,525,527,532,521,535,524,530,523,529,528,531]
/store/data/Run2024D/HcalNZS/RAW/v1/000/380/346/00000/f5adc3cb-87a9-494c-aab8-69ebf3f137b3.root 380346 [102,105,100,101,106,109,97,98,110,111,96,103,104,107,108,99]
/store/data/Run2024D/HcalNZS/RAW/v1/000/380/348/00000/06697026-6a75-4f7c-bf00-8d66734c8558.root 380348 [182,187,179,183,172,173,176,181,184,177,185,188,171,175,180,189,178,186,190,191,174]
/store/data/Run2024D/HcalNZS/RAW/v1/000/380/348/00000/18804a12-efeb-45f3-b075-8d006cb2c6db.root 380348 [218,222,230,229,216,226,227,228,224,214,231,213,217,221,223,225,212,215,219,220]
/store/data/Run2024D/HcalNZS/RAW/v1/000/380/348/00000/212f95e5-e540-4989-9cbf-ca2131ac1a3f.root 380348 [41,45,51,49,54,44,50,56,39,48,53,55,40,52,42,43,46,47]
/store/data/Run2024D/HcalNZS/RAW/v1/000/380/348/00000/2534ae99-f643-4b67-9b71-12e2f98d9bbd.root 380348 [60,63,65,62,64,71,74,59,67,57,61,66,73,68,69,58,70,72]
/store/data/Run2024D/HcalNZS/RAW/v1/000/380/348/00000/33cce063-c7b2-40ef-8c94-a8ca21455339.root 380348 [145,136,142,131,132,144,146,134,147,133,137,143,148,149,130,135,138,139,140,141]
/store/data/Run2024D/HcalNZS/RAW/v1/000/380/348/00000/3754a391-a4d0-47de-b7da-a836f5644f30.root 380348 [113,124,117,125,126,118,122,129,116,127,123,112,120,115,119,121,114,128]
/store/data/Run2024D/HcalNZS/RAW/v1/000/380/348/00000/3e842c6d-3cc0-4180-a763-a3fae62ebd55.root 380348 [3,6,7,14,5,9,11,4,17,2,10,1,12,16,20,18,19,15,8,13]
/store/data/Run2024D/HcalNZS/RAW/v1/000/380/348/00000/5fbb9dca-ea30-4167-b549-9605bc9c00c5.root 380348 [239,245,250,237,238,246,232,235,249,236,243,253,233,241,242,244,234,240,247,252,251,248]
/store/data/Run2024D/HcalNZS/RAW/v1/000/380/348/00000/73b1c0da-e571-4fc3-873b-6a7270cf1103.root 380348 [95,106,110,104,107,109,100,103,108,94,96,98,99,105,111,102,97,101]
/store/data/Run2024D/HcalNZS/RAW/v1/000/380/348/00000/7637d584-b488-46ac-80fd-aed3441a505a.root 380348 [35,36,37,22,24,33,27,26,28,30,31,34,29,32,25,21,23,38]
/store/data/Run2024D/HcalNZS/RAW/v1/000/380/348/00000/7b620343-fc22-466c-873d-6bd8c1bc0a90.root 380348 [310,315,300,320,298,303,317,299,302,304,307,308,312,311,313,319,309,314,318,301,316,305,306]
/store/data/Run2024D/HcalNZS/RAW/v1/000/380/348/00000/8e7de2d2-07c9-42da-88ef-8f0848dc943b.root 380348 [159,160,170,151,158,163,164,157,168,162,167,166,155,152,154,150,153,156,161,165,169]
/store/data/Run2024D/HcalNZS/RAW/v1/000/380/348/00000/93c801b2-b24f-43dd-85a8-6d0fdbb98c28.root 380348 [209,198,200,203,210,192,202,211,199,193,204,197,201,205,207,208,194,195,196,206]
/store/data/Run2024D/HcalNZS/RAW/v1/000/380/348/00000/94582fa3-e97b-4b9d-9769-ace2589a52ec.root 380348 [76,79,83,81,89,80,91,77,82,90,93,75,78,84,88,92,85,86,87]
/store/data/Run2024D/HcalNZS/RAW/v1/000/380/348/00000/a2fd2cac-8e8a-44ab-ad8e-8a24f2062552.root 380348 [260,261,275,254,259,264,274,258,271,272,256,268,262,263,269,270,257,265,267,273,255,266]
/store/data/Run2024D/HcalNZS/RAW/v1/000/380/348/00000/efcd23ce-a74b-4eb6-a183-f3803df9cfc6.root 380348 [322,327,332,335,321,323,324,330,334,337,339,340,338,341,329,331,342,325,328,333,326,336]
/store/data/Run2024D/HcalNZS/RAW/v1/000/380/348/00000/fd60398e-a036-4643-814d-257c8a7be876.root 380348 [283,288,289,296,297,285,292,276,293,277,278,279,280,281,290,291,295,282,284,286,287,294]
/store/data/Run2024D/HcalNZS/RAW/v1/000/380/349/00000/055a519a-e6ef-4e1a-b6a3-db249e73d340.root 380349 [216,227,233,210,214,235,236,209,212,215,219,208,223,211,217,231,224,226,232,234,220,222,228,229,230,207,213,218,221,225,237]
/store/data/Run2024D/HcalNZS/RAW/v1/000/380/349/00000/086382b6-d117-4c01-9d9e-29bcca338380.root 380349 [645,667,672,651,654,666,646,655,658,661,678,640,665,643,647,648,649,660,671,673,641,642,650,656,663,669,676,679,652,659,668,670,644,653,657,662,664,674,675,677,680,681]
/store/data/Run2024D/HcalNZS/RAW/v1/000/380/349/00000/2cb70e51-358d-49ce-8f66-d2c0fed14f37.root 380349 [379,392,395,397,401,391,396,380,385,402,404,410,381,382,386,394,399,384,398,405,408,388,389,390,403,411,383,387,393,400,406,407,409]
/store/data/Run2024D/HcalNZS/RAW/v1/000/380/349/00000/3052f1c8-c8a4-4978-b70e-6f3c868cdf5e.root 380349 [130,131,146,147,151,136,137,142,143,126,139,144,148,150,128,135,132,133,149,125,129,134,138,140,145,127,141]
/store/data/Run2024D/HcalNZS/RAW/v1/000/380/349/00000/36689f74-2bfc-4381-aba2-d2c641795534.root 380349 [686,690,683,684,689,695,696,697,682,693,685,688,692,694,687,691]
/store/data/Run2024D/HcalNZS/RAW/v1/000/380/349/00000/4ccbc194-399c-4fe7-8ccb-c146def05b0d.root 380349 [52,55,56,58,61,67,68,63,69,73,53,66,70,72,54,64,65,74,62,51,59,60,57,71]
/store/data/Run2024D/HcalNZS/RAW/v1/000/380/349/00000/595bc06a-1e9f-4e32-a350-59feb83ad66e.root 380349 [109,115,117,118,121,102,108,123,111,101,103,105,106,119,116,122,124,104,113,107,110,112,100,114,120]
/store/data/Run2024D/HcalNZS/RAW/v1/000/380/349/00000/5de999f6-38fa-4775-924b-20632d93f14b.root 380349 [448,456,466,476,482,451,454,462,468,484,459,460,461,463,465,467,469,472,473,479,449,452,475,478,450,458,464,474,477,483,453,455,457,471,480,470,481]
/store/data/Run2024D/HcalNZS/RAW/v1/000/380/349/00000/7c2c047e-e6f7-4d86-88a4-4334ac181b7c.root 380349 [370,375,362,371,372,373,364,366,369,374,377,367,363,368,376,361,365]
/store/data/Run2024D/HcalNZS/RAW/v1/000/380/349/00000/7f8f6f69-fe97-432f-9fee-2cfed790f706.root 380349 [488,498,501,503,505,491,492,499,500,504,508,514,519,490,495,506,507,515,516,517,520,487,510,511,513,518,485,494,512,486,493,496,497,509,489,502]
/store/data/Run2024D/HcalNZS/RAW/v1/000/380/349/00000/82a86068-7dc8-4cec-8563-4f918163fbb5.root 380349 [152,154,155,156,162,165,173,174,176,177,158,161,164,170,159,166,178,160,167,168,172,169,175,153,157,163,171]
/store/data/Run2024D/HcalNZS/RAW/v1/000/380/349/00000/90aaf614-e779-480d-bcde-025eb2f6e287.root 380349 [282,287,288,270,272,274,276,279,281,269,284,293,294,295,296,271,278,283,289,268,273,277,292,280,285,290,275,286,291,297]
/store/data/Run2024D/HcalNZS/RAW/v1/000/380/349/00000/a4a6c0ed-af41-4806-aa61-be537337f847.root 380349 [245,247,246,248,261,253,266,238,250,252,254,255,257,263,265,240,242,244,264,239,241,258,259,262,243,260,267,249,251,256]
/store/data/Run2024D/HcalNZS/RAW/v1/000/380/349/00000/b49854f8-5ec8-497b-bfcb-45055c2c1bba.root 380349 [608,629,606,614,630,636,601,605,615,620,599,616,618,619,628,634,635,637,639,604,610,611,612,617,621,624,632,622,623,625,631,600,602,603,607,609,613,626,638,627,633]
/store/data/Run2024D/HcalNZS/RAW/v1/000/380/349/00000/b74e4ffd-bebe-4f8e-8a06-938c5cc78f1b.root 380349 [566,574,593,567,570,575,591,564,565,578,579,581,583,597,562,569,584,587,590,592,573,576,585,589,596,563,577,582,588,594,595,561,568,571,586,560,572,580,598]
/store/data/Run2024D/HcalNZS/RAW/v1/000/380/349/00000/bece65a2-259f-44fe-a93a-eb5706635c0d.root 380349 [521,523,525,528,538,553,539,544,546,548,531,543,559,527,535,541,545,547,555,556,557,524,529,542,551,522,533,554,526,530,532,552,534,536,537,540,549,550,558]
/store/data/Run2024D/HcalNZS/RAW/v1/000/380/349/00000/c6832533-c0eb-44c7-ae31-13fb4fab076f.root 380349 [310,315,327,304,308,313,319,322,302,303,306,325,299,312,326,317,318,320,301,305,307,309,321,323,300,311,316,324,298,314]
/store/data/Run2024D/HcalNZS/RAW/v1/000/380/349/00000/d1d1c6fc-5cdc-47fc-a022-c5df29852610.root 380349 [78,86,87,91,97,82,89,93,75,77,83,92,94,95,98,79,84,96,85,76,80,81,99,88,90]
/store/data/Run2024D/HcalNZS/RAW/v1/000/380/349/00000/f0a29395-704c-47ef-b2af-20448366d61d.root 380349 [330,333,339,348,349,353,329,342,351,357,328,335,343,332,338,346,350,355,331,334,344,337,341,352,345,347,354,356,358,359,336,340,360]
/store/data/Run2024D/HcalNZS/RAW/v1/000/380/349/00000/f3c613c6-2ad6-4f3a-9ebd-02d53819bc1d.root 380349 [2,4,5,14,21,3,18,23,1,7,8,12,10,6,11,13,15,9,20,22,24,16,17,19]
/store/data/Run2024D/HcalNZS/RAW/v1/000/380/349/00000/f89689f1-683c-4a8a-acab-d5644ba9ba5b.root 380349 [418,423,432,446,447,421,439,443,412,419,425,426,428,436,441,429,440,415,435,417,427,430,434,437,445,414,422,424,431,433,438,442,413,416,420,444]
/store/data/Run2024D/HcalNZS/RAW/v1/000/380/349/00000/fe93a8cc-2441-4625-b371-bbfa241d17ff.root 380349 [179,190,193,188,194,199,200,202,204,205,183,185,186,192,195,196,182,197,201,203,180,189,191,181,184,187,198,206]
/store/data/Run2024D/HcalNZS/RAW/v1/000/380/349/00000/ffe38c12-224c-49c9-b9ea-11e76292fa79.root 380349 [33,46,48,50,26,37,47,25,30,34,39,27,28,29,32,35,36,40,44,31,38,41,42,45,49,43]
/store/data/Run2024D/HcalNZS/RAW/v1/000/380/360/00000/039ed325-80f4-4ae1-8325-8491eb91b22b.root 380360 [1521,1547,1516,1520,1526,1532,1537,1535,1538,1544,1545,1517,1523,1531,1533,1534,1536,1540,1542,1548,1515,1539,1513,1524,1529,1543,1546,1518,1522,1527,1541,1514,1519,1525,1528,1530]
/store/data/Run2024D/HcalNZS/RAW/v1/000/380/360/00000/05411736-a7d9-4106-a501-289157d8edea.root 380360 [236,237,242,241,246,238,244,245,247,250,243,235,239,240,248,249]
/store/data/Run2024D/HcalNZS/RAW/v1/000/380/360/00000/0c30660f-9df9-49e1-897a-4f2ebcb049c9.root 380360 [284,285,288,296,290,293,283,287,297,289,295,294,286,292,298,291]
/store/data/Run2024D/HcalNZS/RAW/v1/000/380/360/00000/0d060985-378b-49d7-bb25-7007f9463e5d.root 380360 [1188,1192,1193,1197,1211,1185,1198,1204,1186,1187,1191,1206,1210,1212,1189,1196,1208,1213,1190,1201,1205,1184,1199,1202,1203,1207,1209,1194,1195,1200]
/store/data/Run2024D/HcalNZS/RAW/v1/000/380/360/00000/0e6a8775-b0bb-47bd-bdbb-97099fd285e9.root 380360 [763,774,781,764,765,771,773,782,768,780,777,779,767,770,778,766,775,776,769,772]
/store/data/Run2024D/HcalNZS/RAW/v1/000/380/360/00000/0ecea720-50bc-469f-afef-230fcc91a8eb.root 380360 [1643,1644,1658,1662,1665,1630,1631,1640,1641,1642,1646,1652,1663,1664,1637,1650,1659,1629,1633,1634,1648,1651,1657,1668,1635,1639,1649,1656,1666,1636,1638,1647,1654,1632,1645,1661,1667,1653,1655,1660]
/store/data/Run2024D/HcalNZS/RAW/v1/000/380/360/00000/13a5a541-ae94-4f62-90ce-d551acd07dbd.root 380360 [1214,1221,1224,1235,1239,1234,1236,1241,1216,1237,1242,1215,1219,1222,1227,1238,1225,1228,1230,1231,1217,1243,1220,1223,1226,1233,1240,1218,1229,1232]
/store/data/Run2024D/HcalNZS/RAW/v1/000/380/360/00000/1cbd1657-f7fa-4bd4-b3db-1ff809d76724.root 380360 [123,124,127,132,125,122,130,137,133,134,135,136,121,126,129,131,128,138]
/store/data/Run2024D/HcalNZS/RAW/v1/000/380/360/00000/1edecdbc-136e-495a-a012-e66e82bea8de.root 380360 [938,945,946,941,943,948,952,932,936,942,947,950,930,933,934,949,951,931,937,939,940,944,935]
/store/data/Run2024D/HcalNZS/RAW/v1/000/380/360/00000/200ee0c3-4433-4da4-a46d-424381421344.root 380360 [1158,1171,1173,1161,1160,1165,1168,1172,1180,1182,1157,1162,1163,1170,1166,1177,1179,1167,1169,1178,1181,1183,1159,1164,1174,1175,1176]
/store/data/Run2024D/HcalNZS/RAW/v1/000/380/360/00000/23d6ee1d-a35a-4e0f-b2c8-bcb66f62c4de.root 380360 [1002,1005,1008,1010,1012,1003,1014,1018,1020,1021,1001,1004,1006,1015,1017,1019,1009,1022,1023,1000,1013,1024,1007,1011,1016]
/store/data/Run2024D/HcalNZS/RAW/v1/000/380/360/00000/256f5801-c7c6-49f9-840e-7bffd92777dd.root 380360 [1346,1347,1350,1363,1344,1366,1370,1339,1341,1354,1358,1348,1361,1340,1343,1345,1349,1352,1364,1351,1359,1360,1365,1367,1371,1338,1342,1353,1357,1362,1368,1369,1355,1356]
/store/data/Run2024D/HcalNZS/RAW/v1/000/380/360/00000/268f0713-0bca-4d69-9291-b6992d22e131.root 380360 [1867,1870,1879,1894,1898,1901,1902,1866,1871,1872,1881,1884,1886,1900,1904,1913,1874,1875,1878,1880,1889,1892,1903,1915,1873,1877,1897,1899,1906,1908,1909,1916,1868,1869,1890,1893,1907,1912,1918,1882,1885,1895,1896,1905,1883,1876,1887,1888,1891,1910,1911,1914,1917]
/store/data/Run2024D/HcalNZS/RAW/v1/000/380/360/00000/270da090-f379-4801-8d54-9107ae36cbe6.root 380360 [1305,1311,1319,1331,1306,1329,1304,1308,1313,1316,1321,1332,1334,1310,1326,1335,1337,1312,1315,1323,1327,1309,1307,1314,1317,1320,1322,1333,1336,1318,1324,1325,1328,1330]
/store/data/Run2024D/HcalNZS/RAW/v1/000/380/360/00000/2a281a8a-0453-4d5d-84c8-63d9c5e70885.root 380360 [1444,1446,1450,1458,1464,1475,1443,1461,1468,1440,1452,1470,1441,1451,1454,1469,1453,1471,1447,1448,1457,1467,1472,1473,1442,1459,1460,1462,1466,1445,1449,1455,1456,1463,1465,1474]
/store/data/Run2024D/HcalNZS/RAW/v1/000/380/360/00000/2b5b8fdd-51af-43eb-9c6b-97277839e814.root 380360 [272,278,268,273,282,267,271,275,274,276,279,270,277,280,269,281]
/store/data/Run2024D/HcalNZS/RAW/v1/000/380/360/00000/2b8e5c99-834b-4677-a649-b467067ac72f.root 380360 [970,972,974,954,956,968,959,958,961,964,966,955,957,960,963,973,969,975,965,967,971,953,962]
/store/data/Run2024D/HcalNZS/RAW/v1/000/380/360/00000/3007e402-608c-405f-a2ad-4fc0d3aca748.root 380360 [337,345,333,338,343,340,339,342,331,335,347,332,336,341,344,334,346]
/store/data/Run2024D/HcalNZS/RAW/v1/000/380/360/00000/32518265-44d4-40d3-b8c7-764e52bf73bc.root 380360 [529,530,535,539,525,527,531,524,528,532,534,537,538,533,526,536]
/store/data/Run2024D/HcalNZS/RAW/v1/000/380/360/00000/325e3f4d-4ee5-43f2-a5f2-6321c93130ff.root 380360 [1589,1594,1595,1612,1620,1599,1602,1604,1622,1624,1625,1628,1592,1606,1608,1610,1615,1597,1607,1611,1613,1614,1623,1590,1609,1591,1593,1596,1598,1601,1603,1616,1617,1626,1600,1605,1618,1621,1627,1619]
/store/data/Run2024D/HcalNZS/RAW/v1/000/380/360/00000/33fb6613-df43-4701-a0ae-bf8d0d108aa5.root 380360 [364,372,377,366,375,367,368,369,371,374,378,370,373,379,365,376]
/store/data/Run2024D/HcalNZS/RAW/v1/000/380/360/00000/389d8056-7917-45b3-b1d0-b47f5fc8e9ae.root 380360 [434,437,431,442,443,429,430,436,441,428,438,439,440,433,432,435]
/store/data/Run2024D/HcalNZS/RAW/v1/000/380/360/00000/390f682c-8c61-40c6-b5b4-0053085de54a.root 380360 [1921,1923,1938,1941,1959,1964,1931,1935,1945,1947,1952,1953,1954,1957,1965,1939,1940,1942,1946,1949,1955,1968,1925,1929,1937,1969,1922,1930,1943,1956,1958,1966,1970,1920,1924,1926,1933,1944,1960,1961,1963,1971,1972,1919,1936,1951,1962,1927,1928,1932,1934,1948,1950,1967]
/store/data/Run2024D/HcalNZS/RAW/v1/000/380/360/00000/3ac2593e-f971-495d-b282-59ddc34f2f77.root 380360 [1106,1121,1104,1107,1108,1112,1129,1109,1114,1116,1117,1119,1110,1127,1105,1111,1122,1125,1126,1103,1113,1115,1118,1120,1123,1124,1128]
/store/data/Run2024D/HcalNZS/RAW/v1/000/380/360/00000/3f2e8923-8d74-4a10-b3e3-52bdbdc60c2e.root 380360 [507,495,496,502,503,505,492,497,499,501,506,493,494,504,500,498]
/store/data/Run2024D/HcalNZS/RAW/v1/000/380/360/00000/40d68132-6d09-4de0-baa1-5f85af3d8e31.root 380360 [300,303,307,311,313,314,305,299,308,309,301,306,312,302,304,310]
/store/data/Run2024D/HcalNZS/RAW/v1/000/380/360/00000/442cfcb7-1f9a-49b2-835e-d9e3f7c43fae.root 380360 [1973,1977,1982,1974,1978,1975,1976,1979,1980,1981]
/store/data/Run2024D/HcalNZS/RAW/v1/000/380/360/00000/450a8424-5c45-4b8c-8d90-d48fd431d27d.root 380360 [556,564,566,567,557,560,558,561,568,570,565,571,562,559,563,569]
/store/data/Run2024D/HcalNZS/RAW/v1/000/380/360/00000/47b01fdf-f3a0-4633-b03d-9c798829af9a.root 380360 [477,484,486,487,489,482,483,485,490,491,476,488,478,479,480,481]
/store/data/Run2024D/HcalNZS/RAW/v1/000/380/360/00000/4928fed2-fa54-48ef-bd9d-27525d30d20c.root 380360 [625,627,631,623,629,630,626,635,624,632,634,620,622,621,628,633]
/store/data/Run2024D/HcalNZS/RAW/v1/000/380/360/00000/4c9e19e0-826b-454e-8042-7693ccb437af.root 380360 [418,419,415,423,413,426,417,422,425,427,412,414,416,420,421,424]
/store/data/Run2024D/HcalNZS/RAW/v1/000/380/360/00000/5b20a8ea-889c-47ef-855a-11a30f1253ef.root 380360 [1713,1731,1734,1736,1739,1747,1750,1755,1716,1725,1726,1727,1730,1740,1751,1715,1728,1743,1745,1748,1722,1723,1735,1746,1749,1754,1717,1718,1738,1753,1756,1720,1721,1732,1733,1744,1752,1719,1724,1729,1737,1742,1714,1741]
/store/data/Run2024D/HcalNZS/RAW/v1/000/380/360/00000/63b6877e-0da0-4289-bed0-9f7625efe4a5.root 380360 [516,514,517,518,509,511,513,519,520,521,508,515,522,510,512,523]
/store/data/Run2024D/HcalNZS/RAW/v1/000/380/360/00000/66ec4574-f3bc-48bf-9b70-83f4845a1462.root 380360 [921,929,919,920,923,928,912,916,918,910,927,909,915,926,908,911,913,914,922,925,917,924]
/store/data/Run2024D/HcalNZS/RAW/v1/000/380/360/00000/698c3f56-8a77-4a0e-8bbf-8b07b353c90c.root 380360 [803,811,805,813,821,807,809,822,804,806,820,810,814,815,816,808,817,819,812,818]
/store/data/Run2024D/HcalNZS/RAW/v1/000/380/360/00000/6994737e-bbf7-4ad0-99a3-b90b98c6bfa4.root 380360 [1133,1150,1153,1155,1140,1141,1145,1152,1147,1154,1156,1131,1134,1138,1139,1130,1148,1151,1136,1132,1142,1144,1146,1149,1135,1137,1143]
/store/data/Run2024D/HcalNZS/RAW/v1/000/380/360/00000/69f1f4c4-5fb0-454c-9528-1d720f9039de.root 380360 [1825,1828,1831,1850,1853,1860,1823,1832,1836,1837,1838,1840,1841,1843,1848,1849,1854,1861,1827,1835,1842,1844,1833,1839,1847,1856,1858,1822,1826,1852,1855,1859,1846,1821,1829,1830,1834,1851,1857,1864,1820,1824,1845,1862,1863,1865]
/store/data/Run2024D/HcalNZS/RAW/v1/000/380/360/00000/6f56ca56-fbed-45d1-9884-3746dd65c771.root 380360 [1280,1285,1293,1278,1283,1301,1275,1297,1303,1282,1284,1287,1292,1302,1298,1299,1274,1276,1279,1286,1300,1288,1289,1290,1291,1295,1296,1277,1281,1294]
/store/data/Run2024D/HcalNZS/RAW/v1/000/380/360/00000/6f60de64-73ac-4e45-84c7-f90b1b051131.root 380360 [383,384,386,392,388,380,393,391,394,382,385,387,381,389,390,395]
/store/data/Run2024D/HcalNZS/RAW/v1/000/380/360/00000/742cfe20-f3e0-4951-aafe-3f2ce7185db5.root 380360 [866,870,874,880,883,871,872,878,867,868,881,864,869,875,877,882,865,873,879,876,884]
/store/data/Run2024D/HcalNZS/RAW/v1/000/380/360/00000/74f9b439-a626-4801-a24e-e7d01ae175f8.root 380360 [546,540,550,554,555,547,553,542,548,552,544,545,549,541,543,551]
/store/data/Run2024D/HcalNZS/RAW/v1/000/380/360/00000/76f70cb5-5e1f-4e64-9aa3-bbca590f6623.root 380360 [251,253,257,252,258,259,254,256,263,264,255,265,266,260,261,262]
/store/data/Run2024D/HcalNZS/RAW/v1/000/380/360/00000/770d93f7-6a61-47f5-8a16-2b83631baffe.root 380360 [11,16,18,22,31,48,54,72,26,34,67,73,6,20,21,28,37,41,49,50,55,58,59,60,62,1,13,14,43,44,47,53,63,65,4,5,9,12,24,33,36,38,57,71,74,75,17,19,29,32,40,56,68,69,2,8,10,15,30,39,42,45,51,70,3,7,23,25,27,35,46,52,61,64,66]
/store/data/Run2024D/HcalNZS/RAW/v1/000/380/360/00000/7761dc29-eca4-4f09-ba4d-50d826442c68.root 380360 [157,162,166,158,163,169,156,164,161,165,160,167,170,168,155,159]
/store/data/Run2024D/HcalNZS/RAW/v1/000/380/360/00000/7bbd6048-b8b6-4f99-a417-16a62f502dac.root 380360 [984,993,995,997,985,977,980,983,992,999,989,996,978,982,990,994,979,986,991,976,981,987,988,998]
/store/data/Run2024D/HcalNZS/RAW/v1/000/380/360/00000/7cf1f169-09db-4574-bd34-f8fd8eb43ecd.root 380360 [1053,1054,1058,1071,1057,1062,1069,1075,1052,1055,1059,1074,1051,1072,1063,1050,1061,1068,1056,1060,1064,1065,1067,1073,1049,1066,1070]
/store/data/Run2024D/HcalNZS/RAW/v1/000/380/360/00000/8673dcbe-d3db-4ab6-99c9-a2d24b801c58.root 380360 [580,582,587,575,579,584,586,577,578,585,572,574,581,573,576,583]
/store/data/Run2024D/HcalNZS/RAW/v1/000/380/360/00000/86ab8f2e-d1d1-4d40-a10f-6827d52b5810.root 380360 [638,642,648,650,640,646,649,651,643,637,639,641,644,645,636,647]
/store/data/Run2024D/HcalNZS/RAW/v1/000/380/360/00000/87a9166f-e957-4e1a-aeaf-d50f4c1103a8.root 380360 [173,177,179,180,175,183,186,172,171,174,176,178,181,182,184,185]
/store/data/Run2024D/HcalNZS/RAW/v1/000/380/360/00000/894f1579-04fa-4850-8117-3800b86b98a1.root 380360 [460,462,467,473,474,472,466,465,471,461,469,470,475,463,464,468]
/store/data/Run2024D/HcalNZS/RAW/v1/000/380/360/00000/89622bb7-0ccf-4cd9-b37f-ca0f3b724783.root 380360 [615,616,617,608,612,618,604,605,613,619,606,609,611,607,610,614]
/store/data/Run2024D/HcalNZS/RAW/v1/000/380/360/00000/896edb15-7032-463a-a43c-cf60527f5a3f.root 380360 [844,845,848,855,859,862,858,863,851,846,847,849,853,857,843,850,852,854,856,860,861]
/store/data/Run2024D/HcalNZS/RAW/v1/000/380/360/00000/8a0bea37-2cd9-483a-b0d1-f070e238cd9d.root 380360 [1481,1482,1484,1504,1478,1491,1497,1508,1511,1483,1501,1506,1507,1479,1489,1492,1496,1499,1502,1480,1493,1498,1505,1510,1476,1477,1486,1503,1485,1487,1490,1494,1512,1488,1495,1500,1509]
/store/data/Run2024D/HcalNZS/RAW/v1/000/380/360/00000/8b41f638-0863-4014-8ca9-5e15d1000fe9.root 380360 [831,839,829,842,828,840,837,838,823,830,832,833,834,824,825,826,827,835,836,841]
/store/data/Run2024D/HcalNZS/RAW/v1/000/380/360/00000/9015f824-e207-4d29-8d5e-a581b502e2bc.root 380360 [317,320,324,315,325,323,318,327,321,328,319,322,329,326,330,316]
/store/data/Run2024D/HcalNZS/RAW/v1/000/380/360/00000/98f74ab4-a509-4804-8c9e-f3762624e224.root 380360 [792,793,794,799,784,788,796,798,783,787,801,791,795,785,786,790,797,800,789,802]
/store/data/Run2024D/HcalNZS/RAW/v1/000/380/360/00000/9c243146-ee0e-4065-a54d-991baca15436.root 380360 [730,731,732,734,740,742,733,738,741,726,727,735,737,725,728,729,739,736]
/store/data/Run2024D/HcalNZS/RAW/v1/000/380/360/00000/9fb40525-9fab-439a-91fc-77b35b1cfb1a.root 380360 [690,694,696,703,697,689,693,700,691,705,695,698,699,702,704,706,701,692]
/store/data/Run2024D/HcalNZS/RAW/v1/000/380/360/00000/a0f7d718-4b07-4386-ae6d-786a3c2b43c7.root 380360 [1764,1770,1757,1766,1761,1767,1760,1765,1758,1763,1768,1769,1759,1762]
/store/data/Run2024D/HcalNZS/RAW/v1/000/380/360/00000/a5614304-887b-46bd-b3e6-a0654dabf8f8.root 380360 [107,109,116,101,103,104,110,113,114,117,105,111,120,118,106,108,119,102,112,115]
/store/data/Run2024D/HcalNZS/RAW/v1/000/380/360/00000/ab879318-1e01-4746-9104-6e3316508547.root 380360 [191,197,195,198,192,193,194,188,199,201,190,196,187,189,200,202]
/store/data/Run2024D/HcalNZS/RAW/v1/000/380/360/00000/afe830df-a18f-4875-9c63-b71a4d881a0a.root 380360 [152,142,145,149,140,146,148,154,143,144,147,150,153,139,141,151]
/store/data/Run2024D/HcalNZS/RAW/v1/000/380/360/00000/b235cf5b-6e68-4f79-8ad1-43bfaff03164.root 380360 [401,407,408,409,404,396,402,405,398,400,403,397,399,406,410,411]
/store/data/Run2024D/HcalNZS/RAW/v1/000/380/360/00000/b3d50e3a-1f1f-431d-9c49-c78bc9632732.root 380360 [711,710,712,707,709,718,719,723,708,714,721,724,716,713,715,717,720,722]
/store/data/Run2024D/HcalNZS/RAW/v1/000/380/360/00000/b5568856-1fa3-4f86-b2b7-fccf2cd70641.root 380360 [665,668,660,662,652,654,664,666,653,663,670,656,659,661,669,655,657,658,667]
/store/data/Run2024D/HcalNZS/RAW/v1/000/380/360/00000/b680784b-eebe-4205-87b6-895d8071dad6.root 380360 [672,683,675,681,687,688,678,679,677,680,684,671,673,682,674,676,685,686]
/store/data/Run2024D/HcalNZS/RAW/v1/000/380/360/00000/b9a99302-a862-4ef0-9bed-bb1fdbb87256.root 380360 [1029,1035,1036,1039,1025,1032,1034,1048,1026,1041,1031,1027,1030,1044,1046,1037,1042,1045,1028,1033,1040,1043,1047,1038]
/store/data/Run2024D/HcalNZS/RAW/v1/000/380/360/00000/bab2285c-94ff-48d0-b9fc-ce54656dccf6.root 380360 [82,96,97,99,78,80,81,93,98,84,87,91,92,94,77,89,90,100,86,79,88,76,83,85,95]
/store/data/Run2024D/HcalNZS/RAW/v1/000/380/360/00000/bc2b8584-a799-408a-9d7b-3f672c9e9810.root 380360 [209,203,208,216,212,210,204,215,206,214,217,213,218,205,207,211]
/store/data/Run2024D/HcalNZS/RAW/v1/000/380/360/00000/cb7b1006-d4c6-4263-beb4-6ce9f6e3c2f4.root 380360 [1245,1255,1257,1254,1261,1263,1266,1270,1272,1244,1246,1247,1248,1259,1260,1250,1251,1253,1262,1271,1249,1258,1264,1265,1267,1269,1273,1252,1256,1268]
/store/data/Run2024D/HcalNZS/RAW/v1/000/380/360/00000/d5c0e691-34ab-44cb-8d8c-75b4661e5486.root 380360 [746,754,756,745,747,753,757,762,743,761,750,751,752,755,758,759,744,748,749,760]
/store/data/Run2024D/HcalNZS/RAW/v1/000/380/360/00000/d89ce61b-910b-49c8-a460-e083cebf5fb8.root 380360 [1702,1709,1691,1701,1708,1686,1705,1672,1675,1692,1699,1700,1681,1682,1703,1704,1707,1711,1670,1678,1684,1688,1690,1710,1679,1680,1687,1689,1693,1694,1697,1698,1671,1676,1677,1683,1685,1706,1712,1669,1673,1674,1695,1696]
/store/data/Run2024D/HcalNZS/RAW/v1/000/380/360/00000/d8cf1e7c-6c79-4663-8bc2-b7e8148b43cd.root 380360 [1429,1416,1425,1431,1411,1414,1419,1420,1437,1439,1413,1434,1406,1407,1417,1435,1438,1409,1415,1418,1421,1427,1430,1405,1422,1423,1426,1436,1408,1410,1412,1424,1428,1432,1433]
/store/data/Run2024D/HcalNZS/RAW/v1/000/380/360/00000/da09dfda-09c0-4baf-8119-9fb55e42a5ae.root 380360 [1383,1385,1394,1402,1378,1401,1403,1376,1380,1387,1388,1373,1391,1392,1395,1397,1400,1381,1382,1389,1398,1404,1379,1399,1374,1377,1386,1390,1372,1375,1384,1393,1396]
/store/data/Run2024D/HcalNZS/RAW/v1/000/380/360/00000/e04254f5-8460-4609-ac33-05fc05525da5.root 380360 [228,232,222,229,221,231,233,234,220,225,226,224,230,219,223,227]
/store/data/Run2024D/HcalNZS/RAW/v1/000/380/360/00000/e8ec1b16-cc74-42e2-a252-85ec84608a96.root 380360 [1091,1095,1079,1082,1089,1080,1081,1085,1092,1099,1077,1083,1084,1086,1093,1096,1097,1087,1088,1094,1098,1101,1102,1100,1076,1078,1090]
/store/data/Run2024D/HcalNZS/RAW/v1/000/380/360/00000/ea1d61c2-68c1-41e7-b654-7e036c16426f.root 380360 [1564,1571,1579,1585,1555,1557,1566,1573,1574,1582,1586,1554,1556,1576,1577,1560,1561,1572,1549,1553,1559,1570,1583,1588,1552,1558,1567,1584,1550,1562,1565,1578,1551,1563,1568,1569,1575,1580,1581,1587]
/store/data/Run2024D/HcalNZS/RAW/v1/000/380/360/00000/eaa5e7fc-67ad-4400-a223-17b6a30174bb.root 380360 [592,593,600,599,594,596,588,589,595,591,597,590,601,602,598,603]
/store/data/Run2024D/HcalNZS/RAW/v1/000/380/360/00000/eb48d967-e306-4314-b4ec-eef431d09fd3.root 380360 [1778,1794,1797,1811,1772,1784,1787,1789,1795,1798,1773,1790,1792,1780,1785,1802,1803,1807,1809,1819,1777,1782,1788,1793,1801,1817,1796,1806,1816,1774,1786,1791,1805,1808,1812,1813,1815,1818,1775,1776,1779,1781,1783,1799,1800,1804,1810,1814]
/store/data/Run2024D/HcalNZS/RAW/v1/000/380/360/00000/f25299a7-bc18-49b3-bd75-532f95dcd623.root 380360 [449,457,444,451,453,455,459,450,456,445,447,448,452,446,454,458]
/store/data/Run2024D/HcalNZS/RAW/v1/000/380/360/00000/fa89ccaf-bed1-4574-a2ac-4a8c4c14b673.root 380360 [894,899,904,885,890,892,901,900,895,887,889,898,888,891,902,893,896,903,906,886,897,905,907]
/store/data/Run2024D/HcalNZS/RAW/v1/000/380/360/00000/ffccc2fe-e931-41f4-bd5a-5a841e5e41e4.root 380360 [351,352,362,360,348,354,356,359,355,357,358,361,353,349,350,363]
