/store/data/Run2016E/MuOnia/RAW/v2/000/277/069/00000/00605A9C-D74D-E611-80FB-FA163E83034A.root [15,16]
/store/data/Run2016E/MuOnia/RAW/v2/000/277/069/00000/02ABC40C-D84D-E611-BD23-02163E01370C.root [28]
/store/data/Run2016E/MuOnia/RAW/v2/000/277/069/00000/06D5ABBF-D84D-E611-A17A-FA163E77B2C1.root [37,34,36,35,38]
/store/data/Run2016E/MuOnia/RAW/v2/000/277/069/00000/0AE5BE07-D84D-E611-AC1A-02163E011D70.root [21]
/store/data/Run2016E/MuOnia/RAW/v2/000/277/069/00000/0C8B6193-D94D-E611-8029-FA163E2E1BFA.root [53]
/store/data/Run2016E/MuOnia/RAW/v2/000/277/069/00000/162CF807-D84D-E611-93F8-02163E0133F4.root [24]
/store/data/Run2016E/MuOnia/RAW/v2/000/277/069/00000/164DD4F9-104E-E611-AD9A-02163E0144C7.root [188,189,186,193,187,182,192,183,184,185,190,191,194]
/store/data/Run2016E/MuOnia/RAW/v2/000/277/069/00000/18E87395-D94D-E611-870D-02163E014414.root [55]
/store/data/Run2016E/MuOnia/RAW/v2/000/277/069/00000/28F0067E-D74D-E611-B1CD-FA163EA6A085.root [9]
/store/data/Run2016E/MuOnia/RAW/v2/000/277/069/00000/2C925B2E-D74D-E611-8077-FA163EAB4C77.root [7]
/store/data/Run2016E/MuOnia/RAW/v2/000/277/069/00000/2E8EBDA5-184E-E611-BC09-FA163E52D499.root [251,261,250,252,253,258,257,259,256,248,249,254,255,260]
/store/data/Run2016E/MuOnia/RAW/v2/000/277/069/00000/3C7B27A5-184E-E611-8494-02163E014260.root [262,265,264,263]
/store/data/Run2016E/MuOnia/RAW/v2/000/277/069/00000/3E796524-064E-E611-B014-FA163E652810.root [180,170,171,174,169,172,178,175,173,181,177,179,176]
/store/data/Run2016E/MuOnia/RAW/v2/000/277/069/00000/4E0B6D03-D84D-E611-9511-FA163E2E1BFA.root [30]
/store/data/Run2016E/MuOnia/RAW/v2/000/277/069/00000/500B91F5-D84D-E611-B73D-02163E011E06.root [45,44]
/store/data/Run2016E/MuOnia/RAW/v2/000/277/069/00000/54CC9745-214E-E611-8F32-02163E014531.root [353,360,362,357,363,352,358,359,356,351,355,364,354,361]
/store/data/Run2016E/MuOnia/RAW/v2/000/277/069/00000/58026D00-114E-E611-839B-FA163E50BF62.root [196,202,197,198,205,195,199,201,206,200,203,204,207]
/store/data/Run2016E/MuOnia/RAW/v2/000/277/069/00000/58E65622-214E-E611-970A-02163E01351C.root [329,323,336,333,324,325,331,332,334,335,326,327,328,330]
/store/data/Run2016E/MuOnia/RAW/v2/000/277/069/00000/5EA58AAF-184E-E611-9747-02163E011CDC.root [246,238,241,243,245,239,242,247,235,240,236,237,244]
/store/data/Run2016E/MuOnia/RAW/v2/000/277/069/00000/66E757A8-034E-E611-BBC5-02163E0140D5.root [116,119,122,117,110,112,114,121,118,111,113,120,115]
/store/data/Run2016E/MuOnia/RAW/v2/000/277/069/00000/6EF3AAFC-1A4E-E611-9991-02163E014612.root [309,310,311,312,321,320,319,315,316,317,313,314,318,322]
/store/data/Run2016E/MuOnia/RAW/v2/000/277/069/00000/7466E32A-D74D-E611-8F28-FA163E9E84E3.root [3]
/store/data/Run2016E/MuOnia/RAW/v2/000/277/069/00000/76327E88-1A4E-E611-8CBA-02163E0135E8.root [296,304,305,306,308,299,301,302,303,298,295,307,297,300]
/store/data/Run2016E/MuOnia/RAW/v2/000/277/069/00000/821520F7-104E-E611-9EEE-FA163ED036CC.root [219,208,210,217,212,220,209,213,218,221,216,211,214,215]
/store/data/Run2016E/MuOnia/RAW/v2/000/277/069/00000/84B727F7-D84D-E611-A13B-02163E011BF5.root [47,48]
/store/data/Run2016E/MuOnia/RAW/v2/000/277/069/00000/883368CF-214E-E611-8B1B-02163E011A3C.root [389,383,386,380,382,390,385,387,388,381,384]
/store/data/Run2016E/MuOnia/RAW/v2/000/277/069/00000/98CBF2B6-164E-E611-9AD8-02163E0134FB.root [267,269,270,276,278,268,271,279,280,275,272,273,274,277]
/store/data/Run2016E/MuOnia/RAW/v2/000/277/069/00000/9C320D1F-064E-E611-82F1-FA163E110010.root [157,158,167,168,156,159,162,163,166,161,164,165,160]
/store/data/Run2016E/MuOnia/RAW/v2/000/277/069/00000/A0F5867B-F54D-E611-95ED-FA163EDD08C4.root [100,105,104,107,108,109,98,106,101,97,99,102,103]
/store/data/Run2016E/MuOnia/RAW/v2/000/277/069/00000/A4377332-F34D-E611-B5DD-02163E0144A5.root [62,63,69,89,95,61,76,77,81,91,93,70,73,88,94,65,67,72,78,96,66,71,79,87,90,64,74,75,80,82,83,84,68,85,86,92]
/store/data/Run2016E/MuOnia/RAW/v2/000/277/069/00000/AEFD88C6-D84D-E611-AE17-FA163E2607D7.root [40,41]
/store/data/Run2016E/MuOnia/RAW/v2/000/277/069/00000/B6A08757-114E-E611-BACB-FA163E8E0841.root [228,222,224,232,233,223,234,231,229,225,226,227,230]
/store/data/Run2016E/MuOnia/RAW/v2/000/277/069/00000/B874F616-214E-E611-BE79-02163E014724.root [369,370,375,366,371,372,373,378,367,368,376,377,365,374,379]
/store/data/Run2016E/MuOnia/RAW/v2/000/277/069/00000/BA061EB8-054E-E611-93C4-FA163E588F75.root [148,149,151,154,146,140,144,155,138,147,153,145,150,139,141,142,137,143,152]
/store/data/Run2016E/MuOnia/RAW/v2/000/277/069/00000/C6DF1EC6-164E-E611-AC97-02163E011994.root [283,285,287,281,286,288,289,290,294,284,292,282,291,293]
/store/data/Run2016E/MuOnia/RAW/v2/000/277/069/00000/D0C1C658-D74D-E611-9CE7-FA163EE79F12.root [18,19]
/store/data/Run2016E/MuOnia/RAW/v2/000/277/069/00000/D2C72231-D74D-E611-8C35-FA163EC5EF3E.root [11]
/store/data/Run2016E/MuOnia/RAW/v2/000/277/069/00000/D6862134-214E-E611-A09D-02163E0141F2.root [350,337,342,344,348,349,341,343,347,346,345,338,340,339]
/store/data/Run2016E/MuOnia/RAW/v2/000/277/069/00000/D6ECFDCF-D94D-E611-8BD6-FA163ED57BE5.root [57,59,58]
/store/data/Run2016E/MuOnia/RAW/v2/000/277/069/00000/E28FA9AF-034E-E611-8288-FA163E8B5C54.root [125,130,126,127,135,124,128,131,134,129,132,123,133,136]
