/store/data/Run2023D/JetMET0/RAW/v1/000/369/927/00000/153034be-2a68-4c45-ace9-8db156c43d59.root 369927 [264,266,273,277,274,276,265,267,275,278,279,268,269,271,270,272]
/store/data/Run2023D/JetMET0/RAW/v1/000/369/927/00000/20daf18a-564f-4d9e-bbf3-27f9283d0707.root 369927 [185,198,205,188,192,194,203,210,207,186,190,202,204,211,195,197,199,209,189,206,187,191,196,201,208,184,193,200]
/store/data/Run2023D/JetMET0/RAW/v1/000/369/927/00000/3c237b5d-e5ae-4909-bdd5-75cb9cc16fc5.root 369927 [139,143,145,152,154,156,171,175,140,146,167,182,176,138,157,162,164,165,169,177,179,183,149,153,159,163,166,174,180,181,170,142,141,144,147,148,151,155,150,158,160,161,168,172,178,173]
/store/data/Run2023D/JetMET0/RAW/v1/000/369/927/00000/480ca6ba-8b1d-4b7b-a928-2fea5b28ce0a.root 369927 [379,363,375,378,383,362,374,381,361,365,369,372,373,376,370,380,366,368,377,364,367,382,371]
/store/data/Run2023D/JetMET0/RAW/v1/000/369/927/00000/48c766b1-7c2c-44b2-adfb-9fe03956e529.root 369927 [286,294,281,296,283,293,288,295,282,284,285,287,291,292,280,289,290]
/store/data/Run2023D/JetMET0/RAW/v1/000/369/927/00000/4d0dcc3b-b2bc-46cd-9363-22f9095ab006.root 369927 [298,300,303,310,299,308,305,309,312,304,307,297,301,306,302,311]
/store/data/Run2023D/JetMET0/RAW/v1/000/369/927/00000/89d65bd6-01a9-4902-98c4-dccc69fa5e7f.root 369927 [13]
/store/data/Run2023D/JetMET0/RAW/v1/000/369/927/00000/8a897f4c-36d9-40fe-a653-b43a2ae0eba4.root 369927 [353,354,344,352,345,351,346,349,356,358,347,350,357,359,348,355,360]
/store/data/Run2023D/JetMET0/RAW/v1/000/369/927/00000/9cf10de6-315b-43f5-8108-20843753bdf9.root 369927 [343,333,332,331,338,339,336,328,329,330,334,337,341,340,342,335]
/store/data/Run2023D/JetMET0/RAW/v1/000/369/927/00000/bd1b2c2d-4ef6-456e-bf4c-a63426f7447e.root 369927 [23,24]
/store/data/Run2023D/JetMET0/RAW/v1/000/369/927/00000/cd7f150a-0ba7-4f0a-9e85-7ffb633bcc2c.root 369927 [220,221,222,224,225,230,212,213,216,217,231,218,219,229,215,223,228,214,226,227]
/store/data/Run2023D/JetMET0/RAW/v1/000/369/927/00000/ef714af8-8e05-46f3-89ad-9feee1433972.root 369927 [27,29,31,39,47,53,59,66,79,97,98,106,110,119,120,122,126,129,136,115,37,41,44,45,48,50,54,55,57,63,69,85,105,125,36,40,42,73,75,83,88,90,92,100,109,116,134,43,28,38,51,65,77,86,89,111,30,58,67,72,80,81,82,84,93,108,112,114,130,131,132,135,32,33,35,87,91,99,102,107,117,137,101,34,46,56,61,70,76,78,96,104,123,127,128,49,52,60,62,64,68,71,74,94,95,103,113,118,124,133,121]
/store/data/Run2023D/JetMET0/RAW/v1/000/369/927/00000/f5635dfc-7d94-4ced-9918-ed895014bf1a.root 369927 [317,319,322,325,326,318,315,320,324,323,313,314,316,327,321]
/store/data/Run2023D/JetMET0/RAW/v1/000/369/927/00000/f60b93ca-7a6f-417d-aa04-4632d20f3766.root 369927 [234,245,237,232,233,235,242,236,240,244,247,239,246,238,241,243]
/store/data/Run2023D/JetMET0/RAW/v1/000/369/927/00000/fce6e220-fbbd-4d5f-9a0b-039da2b96ee2.root 369927 [248,251,263,252,258,250,257,253,255,256,262,254,261,249,259,260]
/store/data/Run2023D/JetMET0/RAW/v1/000/369/927/00000/fd260ebe-58fa-4e21-958d-7e6916b63bda.root 369927 [3,2,1]
/store/data/Run2023D/JetMET0/RAW/v1/000/369/943/00000/021964f7-58db-4919-90a7-b3a7579fdd0a.root 369943 [302,306,304,305,301,300,299,303]
/store/data/Run2023D/JetMET0/RAW/v1/000/369/943/00000/04afb322-5284-4e2d-837b-470278138929.root 369943 [236,237,238,232,233,234,235]
/store/data/Run2023D/JetMET0/RAW/v1/000/369/943/00000/09653669-278f-42e2-b847-1af01fe94335.root 369943 [228,225,226,230,231,227,229]
/store/data/Run2023D/JetMET0/RAW/v1/000/369/943/00000/0fa37091-34e6-4cd1-a5d5-8d49678d36fc.root 369943 [315,316,319,320,317,321,322,318]
/store/data/Run2023D/JetMET0/RAW/v1/000/369/943/00000/14b60b35-27c2-4a3c-b0a4-73dca8377f30.root 369943 [17,23,16,20,19,21,22,18]
/store/data/Run2023D/JetMET0/RAW/v1/000/369/943/00000/215fb408-baf8-41b4-bba2-5f342ad5bdaf.root 369943 [176,170,173,174,169,172,175,171]
/store/data/Run2023D/JetMET0/RAW/v1/000/369/943/00000/23834908-fa27-4b34-92ef-a41e5255b589.root 369943 [253,258,255,257,254,256,259]
/store/data/Run2023D/JetMET0/RAW/v1/000/369/943/00000/2cbb0c5b-7ace-4843-b69c-6839befabc32.root 369943 [294,293,296,291,297,295,298,292]
/store/data/Run2023D/JetMET0/RAW/v1/000/369/943/00000/2f9fff49-6e59-40c8-ba1d-16144a566e12.root 369943 [106,108,112,107,109,110,111]
/store/data/Run2023D/JetMET0/RAW/v1/000/369/943/00000/347f39e3-1f5c-4f18-a083-30db5cb0d9a7.root 369943 [137,140,144,141,143,138,142,136,139]
/store/data/Run2023D/JetMET0/RAW/v1/000/369/943/00000/37580d51-16cd-4838-8a3f-1e772a87fcb6.root 369943 [277,275,278,281,276,280,282,279]
/store/data/Run2023D/JetMET0/RAW/v1/000/369/943/00000/3977454a-3c8f-4e66-83ef-3c74db1f179b.root 369943 [42,41,43,47,46,45,44,40]
/store/data/Run2023D/JetMET0/RAW/v1/000/369/943/00000/3e2bad44-c359-4d38-83f0-92392c2800c0.root 369943 [95,96,92,94,97,93,98]
/store/data/Run2023D/JetMET0/RAW/v1/000/369/943/00000/3efc71af-c81d-42cb-82c0-2ace903e9fd5.root 369943 [264,261,262,265,266,260,263]
/store/data/Run2023D/JetMET0/RAW/v1/000/369/943/00000/43920fcd-27c5-43ac-ad44-1ec705579fb9.root 369943 [215,216,213,212,214,210,209,211]
/store/data/Run2023D/JetMET0/RAW/v1/000/369/943/00000/46564725-b7d6-431c-bdbf-89a8d5fa17bc.root 369943 [184,179,180,178,177,182,181,183]
/store/data/Run2023D/JetMET0/RAW/v1/000/369/943/00000/4b699bd5-290c-4d8e-b8ab-ce8dc0f5ecb7.root 369943 [284,289,283,290,285,288,286,287]
/store/data/Run2023D/JetMET0/RAW/v1/000/369/943/00000/61e3f6fc-7f53-431a-b1a5-ff43ca84bfbf.root 369943 [121,120,124,126,127,123,125,122]
/store/data/Run2023D/JetMET0/RAW/v1/000/369/943/00000/692c9fdf-e2e8-4e06-b03f-e52bfe6e35f9.root 369943 [99,100,101,103,104,102,105]
/store/data/Run2023D/JetMET0/RAW/v1/000/369/943/00000/7397f654-4d50-4de3-893f-62ca61fa4526.root 369943 [360,365,356,359,358,361,364,363,357,362]
/store/data/Run2023D/JetMET0/RAW/v1/000/369/943/00000/80d4bff6-8f86-4e06-ac83-537e96ed93fa.root 369943 [346,342,343,339,345,344,340,341]
/store/data/Run2023D/JetMET0/RAW/v1/000/369/943/00000/8240c013-53f7-4e14-9c4c-bbe24770ff3a.root 369943 [33,38,35,32,39,34,36,37]
/store/data/Run2023D/JetMET0/RAW/v1/000/369/943/00000/8a721cc6-44fe-41db-8ecb-9bfc9fe44713.root 369943 [86,88,90,89,91,87,85]
/store/data/Run2023D/JetMET0/RAW/v1/000/369/943/00000/904f07c7-284b-4366-92ce-f876ca560d8e.root 369943 [154,155,157,159,160,153,158,156]
/store/data/Run2023D/JetMET0/RAW/v1/000/369/943/00000/91be600e-db18-42f1-9382-d3609ddefaeb.root 369943 [131,129,128,130,132,135,133,134]
/store/data/Run2023D/JetMET0/RAW/v1/000/369/943/00000/92a026d5-26fa-4250-b0be-387c929a8edb.root 369943 [49,54,55,48,50,51,52,53]
/store/data/Run2023D/JetMET0/RAW/v1/000/369/943/00000/9683b813-4f65-4835-b3ef-c8c06090e38b.root 369943 [241,239,245,242,243,244,240]
/store/data/Run2023D/JetMET0/RAW/v1/000/369/943/00000/9c1e5d0f-e6ad-42be-9ab6-348980687ddc.root 369943 [65,64,68,69,70,66,67]
/store/data/Run2023D/JetMET0/RAW/v1/000/369/943/00000/9f586576-fa98-4aa5-ade3-cc0f670e0495.root 369943 [113,115,119,117,114,118,116]
/store/data/Run2023D/JetMET0/RAW/v1/000/369/943/00000/a0537b74-ea0c-43d2-a03f-aeafe08d4327.root 369943 [13,11,15,10,14,8,12,9]
/store/data/Run2023D/JetMET0/RAW/v1/000/369/943/00000/a287c189-4520-4e24-b542-3d442eb39c75.root 369943 [203,205,208,201,202,206,207,204]
/store/data/Run2023D/JetMET0/RAW/v1/000/369/943/00000/a62c7abc-088b-4e15-9f0a-5857118f6768.root 369943 [56,59,61,58,60,62,63,57]
/store/data/Run2023D/JetMET0/RAW/v1/000/369/943/00000/a77554f9-48f3-4fbe-ad83-34767b20d91e.root 369943 [331,334,335,336,337,338,332,333]
/store/data/Run2023D/JetMET0/RAW/v1/000/369/943/00000/a906c560-57b4-4fcb-9964-6548569eaef7.root 369943 [6,1,4,7,2,3,5]
/store/data/Run2023D/JetMET0/RAW/v1/000/369/943/00000/b412d403-378a-4782-a18d-ed4835501ee0.root 369943 [372,373,375,371,374,367,368,370,369,366]
/store/data/Run2023D/JetMET0/RAW/v1/000/369/943/00000/b9f06d58-ab98-46b8-a0fb-a45f33401d10.root 369943 [310,312,311,307,314,309,313,308]
/store/data/Run2023D/JetMET0/RAW/v1/000/369/943/00000/ba0c989b-7153-4983-87a0-97fe81fdda8f.root 369943 [272,267,274,271,268,273,269,270]
/store/data/Run2023D/JetMET0/RAW/v1/000/369/943/00000/bf35a05f-9a2d-405b-9fe7-0180040ef42e.root 369943 [26,30,29,31,25,27,24,28]
/store/data/Run2023D/JetMET0/RAW/v1/000/369/943/00000/bfe89ce3-2bab-4c02-a369-fd5898990ebb.root 369943 [75,71,77,72,74,76,73]
/store/data/Run2023D/JetMET0/RAW/v1/000/369/943/00000/cef54a08-19b4-4b41-b8d2-15dac9fc7bb2.root 369943 [351,352,354,353,348,349,355,347,350]
/store/data/Run2023D/JetMET0/RAW/v1/000/369/943/00000/d7fe3795-f9ba-401c-813a-fc5c404a959c.root 369943 [249,251,248,252,250,247,246]
/store/data/Run2023D/JetMET0/RAW/v1/000/369/943/00000/dde8e104-1060-4fc9-aba2-ca2d811f2ae6.root 369943 [168,161,165,166,164,167,162,163]
/store/data/Run2023D/JetMET0/RAW/v1/000/369/943/00000/e5e23e14-65d8-4cc1-bced-54be566a4673.root 369943 [186,190,192,187,188,191,185,189]
/store/data/Run2023D/JetMET0/RAW/v1/000/369/943/00000/e5ebc96c-0aea-4841-9bbd-d363bdc85f3b.root 369943 [198,199,195,194,197,200,193,196]
/store/data/Run2023D/JetMET0/RAW/v1/000/369/943/00000/e798255d-736b-4b0f-b7a0-2bd80fde5016.root 369943 [82,79,80,81,83,78,84]
/store/data/Run2023D/JetMET0/RAW/v1/000/369/943/00000/ecbd3421-fdea-44ae-a08a-ca8136c28757.root 369943 [149,152,146,145,147,151,148,150]
/store/data/Run2023D/JetMET0/RAW/v1/000/369/943/00000/efb596cf-bc4c-4b68-a2b9-05da6b741b77.root 369943 [217,219,221,222,220,223,224,218]
/store/data/Run2023D/JetMET0/RAW/v1/000/369/943/00000/f0cde301-44d2-4f2d-ac7c-633473048b69.root 369943 [381,382,387,383,385,376,378,380,384,386,377,379]
/store/data/Run2023D/JetMET0/RAW/v1/000/369/943/00000/f18822c8-76ee-4cf3-8c41-dbb6ffeab357.root 369943 [329,326,323,330,324,325,327,328]
/store/data/Run2023D/JetMET0/RAW/v1/000/369/943/00000/f284b9b4-8bae-4f53-aaa7-bf42edd6fb7f.root 369943 [389,391,390,388]
/store/data/Run2023D/JetMET0/RAW/v1/000/369/956/00000/00fbdafb-a918-4029-bc4c-d3332f0afb29.root 369956 [415,416,419,422,404,405,411,413,417,420,427,431,434,406,426,412,418,421,424,425,433,407,408,432,410,414,429,430,409,423,428,435]
/store/data/Run2023D/JetMET0/RAW/v1/000/369/956/00000/05e6b7e1-2b95-44b5-9c13-7a4f61ca1d40.root 369956 [943,944,945,942]
/store/data/Run2023D/JetMET0/RAW/v1/000/369/956/00000/0676d0e7-0e1c-45c2-a5fa-b8445f695741.root 369956 [910,907,911,908,909]
/store/data/Run2023D/JetMET0/RAW/v1/000/369/956/00000/0820fada-9142-42f9-943d-e9f2ed587cb1.root 369956 [728,725,729,727,726]
/store/data/Run2023D/JetMET0/RAW/v1/000/369/956/00000/0d0bb2da-25c5-4924-beab-c761b2ad56c8.root 369956 [956,957,954,955]
/store/data/Run2023D/JetMET0/RAW/v1/000/369/956/00000/1081fba6-b4e6-4c6a-8f50-36422dd5de2b.root 369956 [966,968,969,967]
/store/data/Run2023D/JetMET0/RAW/v1/000/369/956/00000/11922eec-f8da-45be-ba34-0b8d3db5bc08.root 369956 [363,365,366,361,370,349,352,357,360,344,358,342,343,347,353,354,355,369,371,348,350,364,367,339,340,368,341,345,346,351,356,359,362]
/store/data/Run2023D/JetMET0/RAW/v1/000/369/956/00000/12acd99e-ace1-4aee-831a-c191257b2922.root 369956 [136,137,133,131,132,134,135]
/store/data/Run2023D/JetMET0/RAW/v1/000/369/956/00000/14b314f4-9f6a-4ec5-a11d-94fb818b5369.root 369956 [223,220,222,224,221]
/store/data/Run2023D/JetMET0/RAW/v1/000/369/956/00000/165b00fd-717a-4b78-90a5-06effe044bf4.root 369956 [935,937,936,933,934]
/store/data/Run2023D/JetMET0/RAW/v1/000/369/956/00000/1b2d77c4-d34c-4fe3-a862-43e1ed8e8974.root 369956 [475,478,488,489,497,474,490,499,472,473,479,491,500,470,471,477,484,493,468,485,496,469,480,482,487,494,495,498,476,481,483,486,492]
/store/data/Run2023D/JetMET0/RAW/v1/000/369/956/00000/1b7cb892-f9a3-430e-8f4a-6d40fb08407c.root 369956 [952,953,950,951]
/store/data/Run2023D/JetMET0/RAW/v1/000/369/956/00000/1b81223f-99f4-429f-a58b-82338f0112d9.root 369956 [997,995,996,998,999]
/store/data/Run2023D/JetMET0/RAW/v1/000/369/956/00000/1c189962-c5aa-4d9c-bf28-90ad46fe2bb2.root 369956 [783,784,782,781,785]
/store/data/Run2023D/JetMET0/RAW/v1/000/369/956/00000/203d29f3-94b9-499b-9401-42aa5c7a5351.root 369956 [502,523,524,526,512,516,518,521,530,522,531,506,507,510,528,513,501,503,504,508,509,515,520,527,514,517,519,532,505,511,525,529]
/store/data/Run2023D/JetMET0/RAW/v1/000/369/956/00000/2709ba94-49e5-4515-b44f-0d204c45d43a.root 369956 [803,802,800,801]
/store/data/Run2023D/JetMET0/RAW/v1/000/369/956/00000/28fa8786-3fc3-4f3a-abf5-ab0cf4ec7ff2.root 369956 [988,989,990,986,987]
/store/data/Run2023D/JetMET0/RAW/v1/000/369/956/00000/29c42dd4-ec12-4b79-8510-4cb0a7b49a22.root 369956 [72,73,75,77,78,79,74,76,80,81]
/store/data/Run2023D/JetMET0/RAW/v1/000/369/956/00000/2a8e9327-524d-4bbf-a93b-9bbb17294eca.root 369956 [895,892,894,896,893]
/store/data/Run2023D/JetMET0/RAW/v1/000/369/956/00000/2e6aaa45-158a-4c36-bb0f-107dfae0c96c.root 369956 [807,806,804,805]
/store/data/Run2023D/JetMET0/RAW/v1/000/369/956/00000/2f8710f8-a888-4138-a174-d324a266f69b.root 369956 [960,959,961,958]
/store/data/Run2023D/JetMET0/RAW/v1/000/369/956/00000/310e33bd-2cb6-4c59-885a-53383a50061f.root 369956 [991,992,994,993]
/store/data/Run2023D/JetMET0/RAW/v1/000/369/956/00000/3140f68c-6d00-4865-b4c1-e8e641acb353.root 369956 [752,755,756,754,753]
/store/data/Run2023D/JetMET0/RAW/v1/000/369/956/00000/34295d6c-f66d-4423-a836-dd76b943695c.root 369956 [865,868,864,867,866]
/store/data/Run2023D/JetMET0/RAW/v1/000/369/956/00000/375bd0b3-7bc9-4e9e-942c-e81c38fc2215.root 369956 [974,977,975,976]
/store/data/Run2023D/JetMET0/RAW/v1/000/369/956/00000/377e33b6-1fa4-407a-bfe1-9beee2a5a547.root 369956 [161,163,162,165,160,159,164]
/store/data/Run2023D/JetMET0/RAW/v1/000/369/956/00000/390fa366-f8b4-4760-9179-4213d5ac906a.root 369956 [856,857,858,859]
/store/data/Run2023D/JetMET0/RAW/v1/000/369/956/00000/399f8e03-4154-4f9a-b422-b1190758b4f3.root 369956 [108,115,110,112,113,109,114,111]
/store/data/Run2023D/JetMET0/RAW/v1/000/369/956/00000/3fbb428c-59b6-47cd-b266-87a967cee997.root 369956 [878,880,881,879]
/store/data/Run2023D/JetMET0/RAW/v1/000/369/956/00000/418b6341-80a8-426c-b737-517589f9db4f.root 369956 [127,129,125,128,124,126,130]
/store/data/Run2023D/JetMET0/RAW/v1/000/369/956/00000/42973f9d-7c07-4c2c-8e03-8546dd420bb4.root 369956 [663,666,669,676,677,683,687,689,692,693,694,664,671,672,675,686,688,681,682,665,691,695,680,684,690,667,685,668,673,678,679,670,674]
/store/data/Run2023D/JetMET0/RAW/v1/000/369/956/00000/42adc1e1-924b-4e9e-ac77-baa61b9b33e3.root 369956 [64,61,63,68,70,71,66,67,69,62,65]
/store/data/Run2023D/JetMET0/RAW/v1/000/369/956/00000/45c7b1bc-537f-470b-ae66-1c53b8d8f5a2.root 369956 [877,874,873,876,875]
/store/data/Run2023D/JetMET0/RAW/v1/000/369/956/00000/46682893-8caf-43a0-bdd3-501b98a1c6bd.root 369956 [179,184,183,180,181,182]
/store/data/Run2023D/JetMET0/RAW/v1/000/369/956/00000/4802e2e2-67cd-46df-936a-b5e34bf6f4ce.root 369956 [832,833,834,835]
/store/data/Run2023D/JetMET0/RAW/v1/000/369/956/00000/4a06906c-85b8-4419-be30-0a990b53de01.root 369956 [1044,1045,1048,1047,1046]
/store/data/Run2023D/JetMET0/RAW/v1/000/369/956/00000/4aa7bfe5-4364-46f3-a425-6590fb976ab7.root 369956 [888,890,889,887,891]
/store/data/Run2023D/JetMET0/RAW/v1/000/369/956/00000/4ab9e37a-ca56-41a0-a352-8ffcce2a0865.root 369956 [855,852,853,854]
/store/data/Run2023D/JetMET0/RAW/v1/000/369/956/00000/4ca2c656-6493-458f-ad7a-dfd83395fdc6.root 369956 [1021,1022,1023,1020,1019]
/store/data/Run2023D/JetMET0/RAW/v1/000/369/956/00000/4ec9cddb-e334-4fe0-be4f-368f4715b511.root 369956 [1049,1053,1050,1051,1052]
/store/data/Run2023D/JetMET0/RAW/v1/000/369/956/00000/4f60ab20-c860-4ec3-8bc4-b82d7f5944c3.root 369956 [939,938,941,940]
/store/data/Run2023D/JetMET0/RAW/v1/000/369/956/00000/512d786a-5954-4499-9605-a59c8b1aade8.root 369956 [150,151,146,145,147,148,149]
/store/data/Run2023D/JetMET0/RAW/v1/000/369/956/00000/542428bd-38ff-4bd6-accf-63e8561a4181.root 369956 [1024,1026,1028,1027,1025]
/store/data/Run2023D/JetMET0/RAW/v1/000/369/956/00000/54e7eeab-bfda-48e9-922f-e879b7c063c8.root 369956 [216,219,218,215,217]
/store/data/Run2023D/JetMET0/RAW/v1/000/369/956/00000/5cdeea63-2e0a-47b8-b4f7-fba6c059f9c8.root 369956 [308,312,313,321,322,323,328,333,318,320,334,336,317,310,319,332,337,315,324,330,316,325,326,327,329,338,307,314,309,311,331,335]
/store/data/Run2023D/JetMET0/RAW/v1/000/369/956/00000/5f8da694-97d3-488d-8099-358d4fdcb421.root 369956 [1078,1076,1077,1082,1074,1075,1079,1080,1081,1083]
/store/data/Run2023D/JetMET0/RAW/v1/000/369/956/00000/5fb38cf1-ffc6-44b9-bbf6-9610232126ed.root 369956 [932,931,929,930]
/store/data/Run2023D/JetMET0/RAW/v1/000/369/956/00000/610c8608-b990-4220-a5be-d4825e251bf0.root 369956 [915,916,913,914,912]
/store/data/Run2023D/JetMET0/RAW/v1/000/369/956/00000/67f5b31c-8f6d-403c-a4db-8008037eae54.root 369956 [962,963,964,965]
/store/data/Run2023D/JetMET0/RAW/v1/000/369/956/00000/68832bb4-d7f1-477d-9316-414ccae189ed.root 369956 [106,99,104,100,107,105,102,101,103]
/store/data/Run2023D/JetMET0/RAW/v1/000/369/956/00000/6ce10134-f2d1-4d86-905c-6a5569a6a917.root 369956 [206,207,210,209,208]
/store/data/Run2023D/JetMET0/RAW/v1/000/369/956/00000/7189df1a-7633-4a48-b210-d892bd1bfa9f.root 369956 [982,984,985,983]
/store/data/Run2023D/JetMET0/RAW/v1/000/369/956/00000/730e7b6a-6482-4893-a435-83b42c5825c8.root 369956 [201,205,203,204,202]
/store/data/Run2023D/JetMET0/RAW/v1/000/369/956/00000/745a64ca-2ce3-4117-8ccc-bc1c742584ca.root 369956 [923,922,921,924]
/store/data/Run2023D/JetMET0/RAW/v1/000/369/956/00000/7650a07a-bfbb-4119-884a-79ac375b388a.root 369956 [750,748,751,749]
/store/data/Run2023D/JetMET0/RAW/v1/000/369/956/00000/7929eb32-0065-46fe-ab4b-9b338cabef14.root 369956 [533,548,553,555,538,563,565,542,547,551,554,557,559,540,541,544,564,535,536,537,545,546,552,556,558,543,550,560,561,534,539,549,562]
/store/data/Run2023D/JetMET0/RAW/v1/000/369/956/00000/79391dfa-b0c3-4456-8e0d-93a321f36ee7.root 369956 [1017,1018,1016,1014,1015]
/store/data/Run2023D/JetMET0/RAW/v1/000/369/956/00000/799bf90b-456a-47e1-b4ca-14d7871d089c.root 369956 [845,846,847,844]
/store/data/Run2023D/JetMET0/RAW/v1/000/369/956/00000/7d273a7d-83e8-4f2b-a917-263a41b060d5.root 369956 [634,635,640,644,647,648,656,651,655,660,637,641,650,653,657,631,643,642,649,659,661,632,633,636,639,652,646,654,658,638,645,662]
/store/data/Run2023D/JetMET0/RAW/v1/000/369/956/00000/7d52c673-7086-49c6-8186-ad079b15c767.root 369956 [139,140,142,144,143,138,141]
/store/data/Run2023D/JetMET0/RAW/v1/000/369/956/00000/7f87bc15-8780-44a3-980e-60530cdc66ad.root 369956 [437,438,443,444,446,450,454,463,436,447,458,464,453,461,465,467,440,445,449,459,448,452,457,466,441,451,439,442,455,456,460,462]
/store/data/Run2023D/JetMET0/RAW/v1/000/369/956/00000/8237cbd5-1ca4-4247-be3b-8d7e2ca5bb7c.root 369956 [825,827,824,826]
/store/data/Run2023D/JetMET0/RAW/v1/000/369/956/00000/8374af15-edd8-46ac-861c-e47ddb357d5f.root 369956 [776,777,779,780,778]
/store/data/Run2023D/JetMET0/RAW/v1/000/369/956/00000/83e32fe9-c90f-4507-9c89-aa67f45d5ae9.root 369956 [927,926,925,928]
/store/data/Run2023D/JetMET0/RAW/v1/000/369/956/00000/879c86ed-bffe-4973-b65e-8b2e87191925.root 369956 [949,948,946,947]
/store/data/Run2023D/JetMET0/RAW/v1/000/369/956/00000/8b4e8c70-ab25-4624-ac1c-a3b134533f63.root 369956 [1035,1034,1037,1038,1036]
/store/data/Run2023D/JetMET0/RAW/v1/000/369/956/00000/8ef49bcc-7c41-42fe-a940-ba17328787d6.root 369956 [4,16,23,40,43,2,3,9,11,22,31,33,36,39,42,7,19,26,29,37,5,6,25,34,44,47,20,35,41,48,8,12,17,30,1,10,13,15,27,32,14,18,21,24,28,38,45,46]
/store/data/Run2023D/JetMET0/RAW/v1/000/369/956/00000/8f281d3d-943a-45fb-802e-94fca8a2357d.root 369956 [212,213,211,214]
/store/data/Run2023D/JetMET0/RAW/v1/000/369/956/00000/925e78a9-5853-44c0-8f14-91fe10fedd3f.root 369956 [860,861,863,862]
/store/data/Run2023D/JetMET0/RAW/v1/000/369/956/00000/92c84e06-1ebd-425b-8ebc-9545d36b439b.root 369956 [1059,1060,1062,1061,1063]
/store/data/Run2023D/JetMET0/RAW/v1/000/369/956/00000/93446fdd-9036-4809-934d-326783bad9da.root 369956 [1008,1006,1005,1007]
/store/data/Run2023D/JetMET0/RAW/v1/000/369/956/00000/95f0c54c-16e8-42dd-869f-9eff9b475d5e.root 369956 [898,899,900,897,901]
/store/data/Run2023D/JetMET0/RAW/v1/000/369/956/00000/975ed3ce-170d-49a6-827d-137558edee58.root 369956 [1029,1031,1030,1032,1033]
/store/data/Run2023D/JetMET0/RAW/v1/000/369/956/00000/9a44e09b-7cf9-4b34-8483-62c88577ff11.root 369956 [117,116,119,121,118,120,123,122]
/store/data/Run2023D/JetMET0/RAW/v1/000/369/956/00000/9b9e2faa-c110-431b-99ef-2bb2fbf53ee2.root 369956 [768,769,767,770]
/store/data/Run2023D/JetMET0/RAW/v1/000/369/956/00000/9fab19c1-900b-4276-b097-573a507ab3d1.root 369956 [919,917,918,920]
/store/data/Run2023D/JetMET0/RAW/v1/000/369/956/00000/a204dcf3-de9d-436c-ad17-7d2daf361378.root 369956 [761,758,757,760,759]
/store/data/Run2023D/JetMET0/RAW/v1/000/369/956/00000/a2a31a25-28e2-47f8-b305-ffab3c756cbc.root 369956 [243,245,252,253,262,266,268,272,274,261,265,273,246,256,270,244,248,250,254,258,269,255,263,264,251,257,247,249,259,260,267,271]
/store/data/Run2023D/JetMET0/RAW/v1/000/369/956/00000/a4bc99ea-1dbc-44b5-ac16-db1779cf43dd.root 369956 [972,970,971,973]
/store/data/Run2023D/JetMET0/RAW/v1/000/369/956/00000/a5859d45-7197-4bed-a0eb-06487e808c07.root 369956 [234,239,230,231,241,228,235,225,229,233,232,226,237,242,227,236,238,240]
/store/data/Run2023D/JetMET0/RAW/v1/000/369/956/00000/a9128450-4243-453b-9a36-5afb67a8ad36.root 369956 [906,902,905,904,903]
/store/data/Run2023D/JetMET0/RAW/v1/000/369/956/00000/b2ff71dc-37af-4ce2-b9d2-7e81bb5cc1bd.root 369956 [374,376,381,385,372,389,392,398,400,402,378,384,377,379,388,393,373,382,387,401,383,390,395,399,403,375,394,397,380,386,391,396]
/store/data/Run2023D/JetMET0/RAW/v1/000/369/956/00000/b35d7b1a-5ddb-4544-89ac-72021d553099.root 369956 [797,796,798,799]
/store/data/Run2023D/JetMET0/RAW/v1/000/369/956/00000/b44bfd52-2d39-4821-9177-630d80d75432.root 369956 [762,764,763,766,765]
/store/data/Run2023D/JetMET0/RAW/v1/000/369/956/00000/b9ffa618-b1f6-43a9-b605-02153aaedde3.root 369956 [849,850,848,851]
/store/data/Run2023D/JetMET0/RAW/v1/000/369/956/00000/bd40870b-adfc-4568-b32b-d470dd89abdd.root 369956 [813,814,815,812]
/store/data/Run2023D/JetMET0/RAW/v1/000/369/956/00000/bf7d65bf-d787-4fe7-a4bb-042a6eb5fedd.root 369956 [698,705,713,724,712,721,720,704,707,710,722,696,697,701,708,715,718,699,702,716,709,711,714,700,703,706,717,719,723]
/store/data/Run2023D/JetMET0/RAW/v1/000/369/956/00000/c01e79e4-d4cf-431e-91ff-f1a83791b0b1.root 369956 [176,173,174,175,178,177]
/store/data/Run2023D/JetMET0/RAW/v1/000/369/956/00000/c08fdbc8-2541-4316-a501-6933e49425c0.root 369956 [289,301,303,304,290,291,276,277,282,287,294,302,281,285,297,278,279,288,295,299,275,283,284,286,292,293,298,296,305,306,280,300]
/store/data/Run2023D/JetMET0/RAW/v1/000/369/956/00000/c0f5f916-f253-4718-90b8-e7e117628bdb.root 369956 [773,772,771,774,775]
/store/data/Run2023D/JetMET0/RAW/v1/000/369/956/00000/c2405d76-e9f2-4633-aef6-7a9edcc94398.root 369956 [837,836,838,839]
/store/data/Run2023D/JetMET0/RAW/v1/000/369/956/00000/c3d8c0d1-96a1-4cbe-81f9-5127fca879ce.root 369956 [736,737,735,733,734,739,732,730,731,738,740]
/store/data/Run2023D/JetMET0/RAW/v1/000/369/956/00000/c5d51b14-71f8-4a9a-8cdf-949348eb07bb.root 369956 [1041,1042,1039,1040,1043]
/store/data/Run2023D/JetMET0/RAW/v1/000/369/956/00000/c86776dd-b1b6-460c-befb-a3f59fe39915.root 369956 [57,59,53,54,55,50,52,58,60,51,56,49]
/store/data/Run2023D/JetMET0/RAW/v1/000/369/956/00000/c8c46181-4c28-4ab1-8156-6a4b173fd927.root 369956 [601,607,622,629,611,614,615,608,621,624,602,604,610,625,627,600,613,617,623,626,599,618,628,609,619,620,603,605,606,612,616,630]
/store/data/Run2023D/JetMET0/RAW/v1/000/369/956/00000/cf10091f-0376-4e6f-b0a1-4d0d31e4b633.root 369956 [1054,1057,1056,1058,1055]
/store/data/Run2023D/JetMET0/RAW/v1/000/369/956/00000/d1069245-3971-4297-95a3-f7ab3cafa0c1.root 369956 [794,792,791,793,795]
/store/data/Run2023D/JetMET0/RAW/v1/000/369/956/00000/d13d0829-cc46-4773-84a8-a8c2f405f0d2.root 369956 [156,154,153,155,157,158,152]
/store/data/Run2023D/JetMET0/RAW/v1/000/369/956/00000/d3583f35-967f-487e-b7fd-922ecf3a242b.root 369956 [1009,1012,1011,1010,1013]
/store/data/Run2023D/JetMET0/RAW/v1/000/369/956/00000/dcf4e06b-4cb4-4af5-a5c4-0828cdb5ab87.root 369956 [88,87,90,83,84,86,82,85,89]
/store/data/Run2023D/JetMET0/RAW/v1/000/369/956/00000/de8b6b9b-6145-49b4-a88e-7d0a7429dba9.root 369956 [884,882,885,886,883]
/store/data/Run2023D/JetMET0/RAW/v1/000/369/956/00000/df6938fd-1a24-4c7b-a4d3-39581432097d.root 369956 [190,187,188,189,185,186]
/store/data/Run2023D/JetMET0/RAW/v1/000/369/956/00000/dfd3d00c-09ea-4a7b-bfe5-6b9583e63d79.root 369956 [841,843,840,842]
/store/data/Run2023D/JetMET0/RAW/v1/000/369/956/00000/dfd91bca-387f-4018-a7db-e21084ea1b54.root 369956 [191,192,194,195,193]
/store/data/Run2023D/JetMET0/RAW/v1/000/369/956/00000/dffac708-b0f1-4440-b33e-fb0bf249e794.root 369956 [790,789,787,786,788]
/store/data/Run2023D/JetMET0/RAW/v1/000/369/956/00000/e044390a-dd43-4008-a8d5-19a4bca7bf28.root 369956 [819,817,818,816]
/store/data/Run2023D/JetMET0/RAW/v1/000/369/956/00000/e2c599bf-d223-4d99-9b14-9ed439450ae6.root 369956 [98,97,95,92,96,91,93,94]
/store/data/Run2023D/JetMET0/RAW/v1/000/369/956/00000/e304f08c-39ab-482e-b693-3981f4bc6e7e.root 369956 [980,978,981,979]
/store/data/Run2023D/JetMET0/RAW/v1/000/369/956/00000/e30bce7d-c9c1-4fab-a03a-33d65ffced21.root 369956 [200,197,198,196,199]
/store/data/Run2023D/JetMET0/RAW/v1/000/369/956/00000/eba2a507-edae-4278-a44e-a52a8d49f13b.root 369956 [1002,1004,1000,1001,1003]
/store/data/Run2023D/JetMET0/RAW/v1/000/369/956/00000/eca1393b-3450-4e7e-ba90-8d310f2bd48f.root 369956 [169,166,168,171,167,170,172]
/store/data/Run2023D/JetMET0/RAW/v1/000/369/956/00000/ef7a5137-bf32-4bcc-a79b-e62066bf668f.root 369956 [822,821,823,820]
/store/data/Run2023D/JetMET0/RAW/v1/000/369/956/00000/f1f1a247-6881-4592-bb0e-12806b2c75c6.root 369956 [810,809,811,808]
/store/data/Run2023D/JetMET0/RAW/v1/000/369/956/00000/f79d271e-827b-4087-b3e4-697980f956d8.root 369956 [742,747,744,745,746,741,743]
/store/data/Run2023D/JetMET0/RAW/v1/000/369/956/00000/f96b356a-6e14-47d0-8efe-c9d5f88c13ff.root 369956 [1066,1067,1068,1064,1065]
/store/data/Run2023D/JetMET0/RAW/v1/000/369/956/00000/f9ae3fb7-7bd7-4edf-9804-26090cfdd527.root 369956 [582,595,597,574,583,585,568,572,575,579,584,589,591,571,594,596,598,566,569,570,581,586,587,590,592,577,580,593,567,573,576,578,588]
/store/data/Run2023D/JetMET0/RAW/v1/000/369/956/00000/fa9a06d6-ff64-4b88-9f0a-46fb8140c3ab.root 369956 [872,871,869,870]
/store/data/Run2023D/JetMET0/RAW/v1/000/369/956/00000/fc60ab69-033a-44b7-9430-080e2a867835.root 369956 [829,830,828,831]
/store/data/Run2023D/JetMET0/RAW/v1/000/369/956/00000/fccda853-6033-49a7-9bc5-0618010453d8.root 369956 [1069,1071,1072,1070,1073]
