/store/data/Run2022D/Tau/RAW/v1/000/357/538/00000/0f370274-002a-4d19-87c6-1bc778e4db93.root 357538 [62,64,60,63,61]
/store/data/Run2022D/Tau/RAW/v1/000/357/538/00000/4653b737-49de-4b44-8b01-dbc914e60f08.root 357538 [47,49,46,45,48]
/store/data/Run2022D/Tau/RAW/v1/000/357/538/00000/4f0d6843-f49e-452d-ae74-85ebccfacef8.root 357538 [59,58,57,56,55]
/store/data/Run2022D/Tau/RAW/v1/000/357/538/00000/93fb1eec-0bd1-43ad-ac0c-3f11aaa1ffe4.root 357538 [9,10,24,25,33,3,5,7,12,14,20,22,28,37,41,42,8,19,30,32,40,1,16,17,21,31,43,2,6,23,27,39,13,35,36,38,4,26,29,34,44,11,15,18]
/store/data/Run2022D/Tau/RAW/v1/000/357/538/00000/feb06545-37a1-4acb-bd13-103268f8ec45.root 357538 [50,51,53,52,54]
/store/data/Run2022D/Tau/RAW/v1/000/357/542/00000/0149394e-5e87-437d-b93c-57fd418f8eb3.root 357542 [5,6,4]
/store/data/Run2022D/Tau/RAW/v1/000/357/542/00000/04901534-5dcb-48f8-9e5f-651de00a977e.root 357542 [63,64]
/store/data/Run2022D/Tau/RAW/v1/000/357/542/00000/08b652e5-28b7-4c5d-b674-c2f59d399bc0.root 357542 [74]
/store/data/Run2022D/Tau/RAW/v1/000/357/542/00000/0fce773f-4de3-4251-a5a4-7311db1c2a62.root 357542 [135,131,136,132,130,133,134]
/store/data/Run2022D/Tau/RAW/v1/000/357/542/00000/1045cc2d-aebe-4dc8-9799-96e77ee79cd3.root 357542 [28,29]
/store/data/Run2022D/Tau/RAW/v1/000/357/542/00000/14be7ffd-75b1-49a8-9bce-b89d928340d6.root 357542 [143,139,140,142,141]
/store/data/Run2022D/Tau/RAW/v1/000/357/542/00000/1587e30d-2850-44ca-83ef-9e0596931ee1.root 357542 [102,101]
/store/data/Run2022D/Tau/RAW/v1/000/357/542/00000/170f670d-7a8f-40b7-bc7e-331e0f926341.root 357542 [216,217]
/store/data/Run2022D/Tau/RAW/v1/000/357/542/00000/1929f3de-8ce6-4bf2-a201-b2ee0f426524.root 357542 [56,57]
/store/data/Run2022D/Tau/RAW/v1/000/357/542/00000/1ac64b26-1c2f-4c6b-a78b-ba4d431ad591.root 357542 [202,203]
/store/data/Run2022D/Tau/RAW/v1/000/357/542/00000/23668bf4-a8c2-40c5-b318-27b007ec7854.root 357542 [65]
/store/data/Run2022D/Tau/RAW/v1/000/357/542/00000/24fd6948-35d7-4384-bcd9-af78136ca03f.root 357542 [197,196]
/store/data/Run2022D/Tau/RAW/v1/000/357/542/00000/24ff9fe7-e159-4ec4-9a03-0a55e9cebc0d.root 357542 [60]
/store/data/Run2022D/Tau/RAW/v1/000/357/542/00000/2569a172-9e4e-4482-8777-8eaff4747d1a.root 357542 [121,122]
/store/data/Run2022D/Tau/RAW/v1/000/357/542/00000/2a07c3aa-388d-48ce-b4be-fa369ef6a304.root 357542 [166,167]
/store/data/Run2022D/Tau/RAW/v1/000/357/542/00000/2b575b69-49b1-4ddd-8f7e-7d2d58d55fc2.root 357542 [125,126,123,124,127]
/store/data/Run2022D/Tau/RAW/v1/000/357/542/00000/2c5977a1-4e8c-4bac-959d-85f474889f29.root 357542 [241,240]
/store/data/Run2022D/Tau/RAW/v1/000/357/542/00000/2edb3876-979a-4287-b1ca-f2d1b9ace786.root 357542 [158,159]
/store/data/Run2022D/Tau/RAW/v1/000/357/542/00000/3051c147-aaa2-4d34-ab2d-4f229e95411e.root 357542 [175,174]
/store/data/Run2022D/Tau/RAW/v1/000/357/542/00000/334ede62-9e44-4ea0-bc15-7bc959d90115.root 357542 [48,49,47]
/store/data/Run2022D/Tau/RAW/v1/000/357/542/00000/34f3856f-860d-4212-a291-fb651ed6b7d5.root 357542 [225,224]
/store/data/Run2022D/Tau/RAW/v1/000/357/542/00000/358fa9c1-0c86-4d78-b6cb-20362341e453.root 357542 [215,214]
/store/data/Run2022D/Tau/RAW/v1/000/357/542/00000/37d5c487-fe8c-437e-a89a-a08276f46027.root 357542 [53]
/store/data/Run2022D/Tau/RAW/v1/000/357/542/00000/3888a1f7-3816-45b6-83fc-c4d4c215c131.root 357542 [67]
/store/data/Run2022D/Tau/RAW/v1/000/357/542/00000/3986e2bb-fb96-4ea8-8f90-bbaf8269c1c4.root 357542 [10,11,12]
/store/data/Run2022D/Tau/RAW/v1/000/357/542/00000/3b04344c-24c2-4418-9859-ba4889c11d8d.root 357542 [172,173]
/store/data/Run2022D/Tau/RAW/v1/000/357/542/00000/3b0d3541-4c72-4045-b9cd-92914d63f0fc.root 357542 [106,105]
/store/data/Run2022D/Tau/RAW/v1/000/357/542/00000/3c520d7e-bef0-46c0-a76b-08d1ff6cfa84.root 357542 [77]
/store/data/Run2022D/Tau/RAW/v1/000/357/542/00000/3c8544b0-e835-4457-a81d-61d30b651acd.root 357542 [153,152]
/store/data/Run2022D/Tau/RAW/v1/000/357/542/00000/3d3889d8-006e-4e6e-8d96-dad318c809ab.root 357542 [148,149]
/store/data/Run2022D/Tau/RAW/v1/000/357/542/00000/3da5d0c2-724a-48f4-b8ce-22769bd96a46.root 357542 [78]
/store/data/Run2022D/Tau/RAW/v1/000/357/542/00000/3def5b25-6071-4949-9345-a63bd6ad00f4.root 357542 [13,15,14]
/store/data/Run2022D/Tau/RAW/v1/000/357/542/00000/3fa7ebd5-09bd-4bd7-9730-12c13dca7b04.root 357542 [199,198]
/store/data/Run2022D/Tau/RAW/v1/000/357/542/00000/412cf4bd-ace6-404a-a69f-38b5e2de838d.root 357542 [19,21,20]
/store/data/Run2022D/Tau/RAW/v1/000/357/542/00000/4281dde7-2669-4cbf-b9b0-d4d3a3185866.root 357542 [244,245]
/store/data/Run2022D/Tau/RAW/v1/000/357/542/00000/4634f7d4-46df-47bb-a6e0-1fd5cfcc63e5.root 357542 [25,26,27]
/store/data/Run2022D/Tau/RAW/v1/000/357/542/00000/4681f068-58c4-437d-b46c-030dcc97fd7c.root 357542 [111,112]
/store/data/Run2022D/Tau/RAW/v1/000/357/542/00000/49dd5423-c887-43a6-9895-4d9510fafd1d.root 357542 [108,107]
/store/data/Run2022D/Tau/RAW/v1/000/357/542/00000/4b147eb0-d01e-4bf3-a608-5961f0375340.root 357542 [219,218]
/store/data/Run2022D/Tau/RAW/v1/000/357/542/00000/4bd86001-929f-494c-92a8-82a6203a796e.root 357542 [61]
/store/data/Run2022D/Tau/RAW/v1/000/357/542/00000/5019732e-1d3d-430e-a2a6-3b45c7493956.root 357542 [97,98]
/store/data/Run2022D/Tau/RAW/v1/000/357/542/00000/5173e34a-07b9-4847-be52-54c955db07c7.root 357542 [162,163]
/store/data/Run2022D/Tau/RAW/v1/000/357/542/00000/56f0f6d1-a966-4670-a6ef-cbad92e4d171.root 357542 [24,23,22]
/store/data/Run2022D/Tau/RAW/v1/000/357/542/00000/5a6e5f65-08f2-45f4-b241-b56bf7998c96.root 357542 [221,220]
/store/data/Run2022D/Tau/RAW/v1/000/357/542/00000/5b849984-5cf7-4eac-998c-9b8140ee0b09.root 357542 [177,176]
/store/data/Run2022D/Tau/RAW/v1/000/357/542/00000/5cb53dde-25f7-4ed1-a6d3-c0de49b2e747.root 357542 [75]
/store/data/Run2022D/Tau/RAW/v1/000/357/542/00000/5dd4552e-aeea-466f-87f9-9f26328ff88d.root 357542 [99,100]
/store/data/Run2022D/Tau/RAW/v1/000/357/542/00000/5ef8008e-0229-4ca2-9cb6-0541f176e532.root 357542 [247,246]
/store/data/Run2022D/Tau/RAW/v1/000/357/542/00000/63552f68-a318-42e7-926b-3d232cfd6351.root 357542 [233,232]
/store/data/Run2022D/Tau/RAW/v1/000/357/542/00000/6778f35b-0fa2-44f7-85b3-20c661a43920.root 357542 [186,187]
/store/data/Run2022D/Tau/RAW/v1/000/357/542/00000/68a8b5e2-e717-4ed1-84a7-ba4cba94d00d.root 357542 [43,44]
/store/data/Run2022D/Tau/RAW/v1/000/357/542/00000/6a14af1c-f684-44da-bc0a-defa04ffb247.root 357542 [147,146]
/store/data/Run2022D/Tau/RAW/v1/000/357/542/00000/701a80bb-305b-47b3-86ba-6cf6006407e8.root 357542 [150,151]
/store/data/Run2022D/Tau/RAW/v1/000/357/542/00000/74176853-eca6-46f1-891f-ecd209301991.root 357542 [46,45]
/store/data/Run2022D/Tau/RAW/v1/000/357/542/00000/747e0933-76a8-444d-b61e-9dcf32c1f660.root 357542 [39,40]
/store/data/Run2022D/Tau/RAW/v1/000/357/542/00000/765d80bb-11a1-4165-9e96-2c01d37d0684.root 357542 [168,169]
/store/data/Run2022D/Tau/RAW/v1/000/357/542/00000/7817fe2d-93ce-4d50-a624-d05b7a6cace2.root 357542 [76]
/store/data/Run2022D/Tau/RAW/v1/000/357/542/00000/79453d8d-5799-4219-a546-8c88d51c4926.root 357542 [238,239]
/store/data/Run2022D/Tau/RAW/v1/000/357/542/00000/7ea6edb0-bde2-4ad1-89bc-288e78b573f2.root 357542 [55,54]
/store/data/Run2022D/Tau/RAW/v1/000/357/542/00000/81e8259f-1aff-45ea-9353-e2723d9cf0da.root 357542 [189,188]
/store/data/Run2022D/Tau/RAW/v1/000/357/542/00000/835f9532-d08d-4fb5-b901-b4322bca9762.root 357542 [52]
/store/data/Run2022D/Tau/RAW/v1/000/357/542/00000/844a490a-edf5-44d3-8f6c-7c5a38ca43b3.root 357542 [33,34]
/store/data/Run2022D/Tau/RAW/v1/000/357/542/00000/880891f1-6a0d-402b-aff4-3ac0cd64388c.root 357542 [94,93]
/store/data/Run2022D/Tau/RAW/v1/000/357/542/00000/8ad1ec86-35bc-481a-a349-e116ccaefdb0.root 357542 [70]
/store/data/Run2022D/Tau/RAW/v1/000/357/542/00000/8bf0ba0f-1793-4716-ae10-82ebf8d2581a.root 357542 [87,88]
/store/data/Run2022D/Tau/RAW/v1/000/357/542/00000/92054286-d42e-42b8-b940-da947888dcf1.root 357542 [185,184]
/store/data/Run2022D/Tau/RAW/v1/000/357/542/00000/9321a133-2356-4483-be45-2e54447c216f.root 357542 [234,235]
/store/data/Run2022D/Tau/RAW/v1/000/357/542/00000/94581589-4aaa-4dc4-a19f-edae6bc1350f.root 357542 [72,73]
/store/data/Run2022D/Tau/RAW/v1/000/357/542/00000/95358df9-1362-452e-8d57-fe329fa7d3fb.root 357542 [129,128]
/store/data/Run2022D/Tau/RAW/v1/000/357/542/00000/9a5fd8f9-32b8-46ce-8a95-6325a1561613.root 357542 [8,9,7]
/store/data/Run2022D/Tau/RAW/v1/000/357/542/00000/9be232e5-64f0-4544-9403-b6cd8bf3558b.root 357542 [157,156]
/store/data/Run2022D/Tau/RAW/v1/000/357/542/00000/9e9cd867-be3a-495e-a181-1e5947379157.root 357542 [228,229]
/store/data/Run2022D/Tau/RAW/v1/000/357/542/00000/9f9dec95-6a41-4fa6-8bbd-3ba83af32425.root 357542 [179,178]
/store/data/Run2022D/Tau/RAW/v1/000/357/542/00000/a19a43a8-3ee1-44ea-89e6-85fff8253147.root 357542 [236,237]
/store/data/Run2022D/Tau/RAW/v1/000/357/542/00000/a1a80ab0-fe27-415d-b3e1-a8334c491c52.root 357542 [205,204]
/store/data/Run2022D/Tau/RAW/v1/000/357/542/00000/a388744a-29d5-47ee-8a23-7bc7dfa1ad8c.root 357542 [222,223]
/store/data/Run2022D/Tau/RAW/v1/000/357/542/00000/a47ede24-2957-4e13-a2ea-6b537cb2e0f4.root 357542 [71]
/store/data/Run2022D/Tau/RAW/v1/000/357/542/00000/a590e7b7-073f-4c88-b509-6adad8c08888.root 357542 [249,248]
/store/data/Run2022D/Tau/RAW/v1/000/357/542/00000/a9163a96-6fa4-44e1-a524-7d8869d8b5d9.root 357542 [154,155]
/store/data/Run2022D/Tau/RAW/v1/000/357/542/00000/b59d3c81-ed6d-4a9f-9eb5-e6aa4e7754cc.root 357542 [182,183]
/store/data/Run2022D/Tau/RAW/v1/000/357/542/00000/b88f9a6c-a8a3-4367-beda-c236b7cba01e.root 357542 [160,161]
/store/data/Run2022D/Tau/RAW/v1/000/357/542/00000/bb9b16cf-ec6a-41a7-ba0d-3702915f622e.root 357542 [190,191]
/store/data/Run2022D/Tau/RAW/v1/000/357/542/00000/bbfc6db0-a412-49d0-9b1d-23e091534ebc.root 357542 [242,243]
/store/data/Run2022D/Tau/RAW/v1/000/357/542/00000/be637810-e467-4369-a8b8-e6d466f40773.root 357542 [137,138]
/store/data/Run2022D/Tau/RAW/v1/000/357/542/00000/bff1a98f-2810-4dc4-a3a8-5fb6efc5be58.root 357542 [209,208]
/store/data/Run2022D/Tau/RAW/v1/000/357/542/00000/c05c6e37-fd07-45d2-aee1-ec360651d5a3.root 357542 [68,69]
/store/data/Run2022D/Tau/RAW/v1/000/357/542/00000/c2f7234e-0eee-46a4-965d-b588d6acb63c.root 357542 [62]
/store/data/Run2022D/Tau/RAW/v1/000/357/542/00000/c31cd325-e8e8-40c3-95ed-9100a62f73d0.root 357542 [36,35]
/store/data/Run2022D/Tau/RAW/v1/000/357/542/00000/c34f2427-7339-4ac0-bbec-cb65d5ccb56c.root 357542 [95,96]
/store/data/Run2022D/Tau/RAW/v1/000/357/542/00000/c3b98fe5-41b1-42ce-b761-77cfa398e849.root 357542 [66]
/store/data/Run2022D/Tau/RAW/v1/000/357/542/00000/c547d952-72fd-4f11-ac31-0fa95ac4f714.root 357542 [51,50]
/store/data/Run2022D/Tau/RAW/v1/000/357/542/00000/ca3c8004-ae12-4819-be4b-44e1888240c6.root 357542 [58]
/store/data/Run2022D/Tau/RAW/v1/000/357/542/00000/cac11794-a1df-468b-904d-af24b40440d3.root 357542 [170,171]
/store/data/Run2022D/Tau/RAW/v1/000/357/542/00000/cb12bfd9-3bed-4804-bb29-c9599aa7911a.root 357542 [206,207]
/store/data/Run2022D/Tau/RAW/v1/000/357/542/00000/ccbe8211-8de9-4899-893b-cac653d28e27.root 357542 [194,195]
/store/data/Run2022D/Tau/RAW/v1/000/357/542/00000/ce65f5d9-e0ee-4120-9eca-8c4b006208bb.root 357542 [119,120]
/store/data/Run2022D/Tau/RAW/v1/000/357/542/00000/d1dd2755-6fe6-4e79-b964-072bb0edd960.root 357542 [91,92]
/store/data/Run2022D/Tau/RAW/v1/000/357/542/00000/d27744e0-890b-45a5-ae9f-8f75a68b5e2a.root 357542 [114,113]
/store/data/Run2022D/Tau/RAW/v1/000/357/542/00000/d3768c19-afd7-4a6c-a57e-ccdff516c0d3.root 357542 [180,181]
/store/data/Run2022D/Tau/RAW/v1/000/357/542/00000/d6c8d956-47b0-4cc9-8f44-6780f9e74c02.root 357542 [227,226]
/store/data/Run2022D/Tau/RAW/v1/000/357/542/00000/db5835bc-7c79-4415-8d75-0e9b166af480.root 357542 [250]
/store/data/Run2022D/Tau/RAW/v1/000/357/542/00000/db8cd88e-7273-4dac-91f3-666973ec4226.root 357542 [42,41]
/store/data/Run2022D/Tau/RAW/v1/000/357/542/00000/dd0fa2a6-8cda-4e30-9296-4eb59a3308c2.root 357542 [85,86]
/store/data/Run2022D/Tau/RAW/v1/000/357/542/00000/dd262e38-43de-45e9-b483-4d451916d27c.root 357542 [230,231]
/store/data/Run2022D/Tau/RAW/v1/000/357/542/00000/dd6ace1b-1ae6-4a53-b4d1-a6e1d2feaf59.root 357542 [103,104]
/store/data/Run2022D/Tau/RAW/v1/000/357/542/00000/dfd872e9-1af2-4007-be5e-82c2bdd26fd5.root 357542 [59]
/store/data/Run2022D/Tau/RAW/v1/000/357/542/00000/e1956ad0-173d-428d-8980-a2c927bd85d4.root 357542 [115,116]
/store/data/Run2022D/Tau/RAW/v1/000/357/542/00000/e279f3c3-218e-41b2-84d1-5850c8ee49ae.root 357542 [38,37]
/store/data/Run2022D/Tau/RAW/v1/000/357/542/00000/e402b48f-5469-4a2a-ad10-3fbc3cc00819.root 357542 [213,212]
/store/data/Run2022D/Tau/RAW/v1/000/357/542/00000/e51468ac-09c9-427d-96e8-8971a5a21ac9.root 357542 [201,200]
/store/data/Run2022D/Tau/RAW/v1/000/357/542/00000/e9536397-631e-4c46-831d-6398567bf52d.root 357542 [84,83]
/store/data/Run2022D/Tau/RAW/v1/000/357/542/00000/ec7e7385-a340-40c0-afbf-4c09dbbb2c21.root 357542 [211,210]
/store/data/Run2022D/Tau/RAW/v1/000/357/542/00000/eda5dd41-1de7-46e0-8cd0-0433d7ed2e6e.root 357542 [79,80]
/store/data/Run2022D/Tau/RAW/v1/000/357/542/00000/eff26156-7949-42c8-a06d-481e41c1ec49.root 357542 [118,117]
/store/data/Run2022D/Tau/RAW/v1/000/357/542/00000/f241ae8c-3b2f-4f6a-b62b-51bacfb4a373.root 357542 [16,17,18]
/store/data/Run2022D/Tau/RAW/v1/000/357/542/00000/f50164ef-3cec-4ee8-a5ac-933ae14405d6.root 357542 [110,109]
/store/data/Run2022D/Tau/RAW/v1/000/357/542/00000/f62450e6-c5ea-4d6d-8236-1dfccaf849f3.root 357542 [89,90]
/store/data/Run2022D/Tau/RAW/v1/000/357/542/00000/fb8851ad-73a1-4154-8c9f-d5aa17e9f291.root 357542 [30,31,32]
/store/data/Run2022D/Tau/RAW/v1/000/357/542/00000/fc920aec-9302-4734-9ff0-b8c33e6e6eef.root 357542 [82,81]
/store/data/Run2022D/Tau/RAW/v1/000/357/542/00000/fd233a09-f786-4ae6-9a88-a176b66f2b19.root 357542 [164,165]
/store/data/Run2022D/Tau/RAW/v1/000/357/542/00000/fd9f6f93-942d-44ab-95a2-409b37061ed0.root 357542 [1,2,3]
/store/data/Run2022D/Tau/RAW/v1/000/357/542/00000/fdb241e5-5a70-47e4-9ed2-8f3e71c08c80.root 357542 [193,192]
/store/data/Run2022D/Tau/RAW/v1/000/357/542/00000/fe2dc11e-445f-4578-8d22-9596abd26e04.root 357542 [145,144]
/store/data/Run2022D/Tau/RAW/v1/000/357/550/00000/04c2223b-f54f-453f-aa4a-383e1bb391c1.root 357550 [9,10]
/store/data/Run2022D/Tau/RAW/v1/000/357/550/00000/0f771e82-310a-43f3-bb33-0cc13d289dcd.root 357550 [4,3]
/store/data/Run2022D/Tau/RAW/v1/000/357/550/00000/4044121e-68fe-480f-aba6-ca26fd8601e9.root 357550 [22,23]
/store/data/Run2022D/Tau/RAW/v1/000/357/550/00000/50cd77da-0063-4ce0-9bd5-feb77a74ba60.root 357550 [30,31]
/store/data/Run2022D/Tau/RAW/v1/000/357/550/00000/56080076-e75f-4eca-8d45-fe058282d56f.root 357550 [11,12]
/store/data/Run2022D/Tau/RAW/v1/000/357/550/00000/72e6eb29-8937-4233-a048-38caf836a4be.root 357550 [33,32]
/store/data/Run2022D/Tau/RAW/v1/000/357/550/00000/93ac3e5f-b8ed-4dfd-a225-0fa99d1f6b9e.root 357550 [29,28]
/store/data/Run2022D/Tau/RAW/v1/000/357/550/00000/9a969e04-836a-4ffa-baf1-872ca99c9068.root 357550 [25,24]
/store/data/Run2022D/Tau/RAW/v1/000/357/550/00000/a3062dc2-143f-4337-a31d-955b73af3e9f.root 357550 [16,15]
/store/data/Run2022D/Tau/RAW/v1/000/357/550/00000/a34ea9e2-3c3a-4acc-b72e-f752cc44ce24.root 357550 [7,8]
/store/data/Run2022D/Tau/RAW/v1/000/357/550/00000/afb646c6-0433-4ad3-89f2-0a1536a946fd.root 357550 [26,27]
/store/data/Run2022D/Tau/RAW/v1/000/357/550/00000/b73a2790-d242-41bc-b6d2-40f921178919.root 357550 [13,14]
/store/data/Run2022D/Tau/RAW/v1/000/357/550/00000/bc82e31d-4369-403c-9382-9ab5b923dfcd.root 357550 [17,18]
/store/data/Run2022D/Tau/RAW/v1/000/357/550/00000/cd12e712-b461-46a7-a2e8-bb65203b3fa3.root 357550 [1,2]
/store/data/Run2022D/Tau/RAW/v1/000/357/550/00000/e7084028-f453-4187-9c97-d4547c9fd7e5.root 357550 [20,21,19]
/store/data/Run2022D/Tau/RAW/v1/000/357/550/00000/ec829c15-5820-44f6-b2b9-7d817d0773e4.root 357550 [34,35,36]
/store/data/Run2022D/Tau/RAW/v1/000/357/550/00000/ff34f73e-72fc-4e7c-9dd5-e29bb7409bf9.root 357550 [6,5]
