/store/data/Run2022C/DisplacedJet/RAW/v1/000/355/862/00000/850731fc-11da-4e29-a62a-c96599b1adb2.root 355862 [1,5,8,13,14,9,15,2,3,4,10,12,7,11,16,6]
/store/data/Run2022C/DisplacedJet/RAW/v1/000/355/862/00000/8e9cb353-3472-4dc8-b04e-9981901cdf8b.root 355862 [22,60,63,66,69,90,114,29,40,44,58,65,75,78,79,83,111,112,117,119,129,130,25,26,31,37,52,64,86,88,89,106,107,110,115,123,131,132,28,32,35,47,49,51,61,67,77,80,91,96,99,100,118,24,30,42,48,50,53,56,85,95,97,108,113,116,121,125,133,21,36,41,45,76,81,92,104,124,23,34,43,57,62,68,71,73,74,82,93,94,98,101,102,105,109,127,27,33,38,39,46,54,55,59,70,72,84,87,103,120,122,126,128]
/store/data/Run2022C/DisplacedJet/RAW/v1/000/355/863/00000/2972842a-c1b4-4213-8e66-b973aca321eb.root 355863 [1,4,7,9,8,10,5,2,11,13,3,6,14,12]
/store/data/Run2022C/DisplacedJet/RAW/v1/000/355/870/00000/2b8c0973-0e7c-4b61-981f-cba95b58c18a.root 355870 [8,11,22,23,29,44,49,51,59,62,66,4,5,13,15,34,37,61,10,25,32,35,36,54,60,1,24,30,33,47,52,53,65,14,16,17,20,38,43,50,12,18,21,26,27,28,48,55,56,63,3,6,9,19,45,57,64,2,7,31,39,40,41,42,46,58]
/store/data/Run2022C/DisplacedJet/RAW/v1/000/355/871/00000/7c96ffb3-153d-4390-bee2-f2f8772e2ab6.root 355871 [3,9,13,5,12,4,11,10,6,8,1,2,7]
/store/data/Run2022C/DisplacedJet/RAW/v1/000/355/872/00000/0a586b70-cc78-42d6-b8a1-bfbe7dce98f5.root 355872 [498,508,510,512,518,491,493,502,511,519,495,499,501,503,492,494,497,506,514,500,504,507,509,516,505,515,496,513,517]
/store/data/Run2022C/DisplacedJet/RAW/v1/000/355/872/00000/128cff25-34d2-4510-b2e7-3c300cc723bf.root 355872 [882,887,889,900,905,906,877,890,901,902,876,884,886,891,896,879,894,895,897,898,903,880,888,893,883,885,892,878,881,899,904,907]
/store/data/Run2022C/DisplacedJet/RAW/v1/000/355/872/00000/15b92006-2973-45ba-b56c-81ecf0c7c26d.root 355872 [559,568,571,572,586,557,564,573,566,578,554,555,556,567,576,581,558,570,574,579,580,585,560,577,587,561,563,565,575,583,584,553,562,569,582]
/store/data/Run2022C/DisplacedJet/RAW/v1/000/355/872/00000/1890e374-a12f-451f-88f8-d0405d733a80.root 355872 [279,284,286,288,293,298,299,304,278,289,290,291,295,296,302,280,282,294,301,303,300,277,281,297,305,275,276,283,285,292,287]
/store/data/Run2022C/DisplacedJet/RAW/v1/000/355/872/00000/1b1d11a9-21b3-4a5d-9dfb-63040da16ddb.root 355872 [406,407,409,421,401,420,396,411,415,417,419,425,426,400,402,410,398,404,408,414,416,418,427,405,422,397,399,403,413,424,412,423]
/store/data/Run2022C/DisplacedJet/RAW/v1/000/355/872/00000/222d7e15-a5b4-4f86-b43f-c0d9c7753644.root 355872 [1074,1083,1089,1090,1097,1098,1101,1073,1078,1080,1082,1091,1092,1094,1095,1096,1099,1069,1084,1068,1071,1079,1088,1102,1076,1077,1085,1086,1100,1070,1075,1093,1072,1081,1087,1103]
/store/data/Run2022C/DisplacedJet/RAW/v1/000/355/872/00000/26540dc1-b96a-4d33-9cdd-917bc185acb6.root 355872 [96,98,100,106,117,92,99,101,87,94,103,104,84,86,107,108,112,113,88,89,102,105,91,95,110,114,115,85,116,90,93,97,109,111]
/store/data/Run2022C/DisplacedJet/RAW/v1/000/355/872/00000/29130cc6-732a-4174-b5dd-e9e4843596a7.root 355872 [1191,1197,1200,1201,1210,1193,1211,1213,1214,1195,1196,1206,1208,1209,1183,1184,1186,1216,1220,1188,1194,1198,1202,1204,1207,1215,1189,1190,1218,1219,1180,1181,1199,1205,1212,1182,1185,1187,1192,1203,1217]
/store/data/Run2022C/DisplacedJet/RAW/v1/000/355/872/00000/291bcf49-292c-40e8-9862-1248d78032c0.root 355872 [44,54,65,70,46,55,80,45,50,57,71,73,42,43,47,63,64,72,75,66,67,69,52,58,59,60,74,83,51,53,56,62,68,77,82,48,49,61,76,78,79,81]
/store/data/Run2022C/DisplacedJet/RAW/v1/000/355/872/00000/2eb60714-46d2-42f4-92de-2b2759c133f4.root 355872 [521,523,532,540,549,530,535,542,529,531,533,543,551,522,528,548,552,524,526,546,520,525,527,536,537,539,541,545,538,547,534,544,550]
/store/data/Run2022C/DisplacedJet/RAW/v1/000/355/872/00000/319e1f14-3bac-45a3-8866-acaab1a9f854.root 355872 [972,969,971,979,982,984,986,991,995,976,983,993,968,973,974,975,988,990,996,997,970,980,985,998,977,978,981,987,989,992,994,999]
/store/data/Run2022C/DisplacedJet/RAW/v1/000/355/872/00000/34e75b50-6239-49e6-9469-2a43651f4572.root 355872 [606,609,610,596,611,590,593,594,601,618,620,599,602,605,608,613,588,612,614,615,617,619,595,600,604,616,589,592,603,607,591,597,598]
/store/data/Run2022C/DisplacedJet/RAW/v1/000/355/872/00000/4ac478dd-7fa5-4af4-9b1a-7e67889070cc.root 355872 [226,245,246,216,217,219,234,241,242,220,222,225,235,215,223,236,229,238,244,224,231,232,233,237,243,218,221,227,228,230,239,240]
/store/data/Run2022C/DisplacedJet/RAW/v1/000/355/872/00000/4bf6ae8e-bd0d-4a28-94aa-66b3c9c292a9.root 355872 [441,446,428,437,440,442,443,445,456,429,433,434,450,438,452,430,431,432,444,454,439,447,448,449,451,435,436,453,455,457]
/store/data/Run2022C/DisplacedJet/RAW/v1/000/355/872/00000/5baa3017-1c71-4d6c-9905-44cc82d2de52.root 355872 [677,655,657,666,670,678,680,681,660,665,676,679,687,689,658,663,684,688,654,659,671,674,675,656,672,686,664,682,683,690,661,662,667,668,669,673,685]
/store/data/Run2022C/DisplacedJet/RAW/v1/000/355/872/00000/5bff63a8-b332-47e0-9163-01c17ddcc91d.root 355872 [738,742,745,746,749,728,752,753,755,760,768,727,734,737,739,744,759,735,743,751,754,758,773,729,733,748,757,765,767,770,736,747,750,756,762,766,772,731,761,764,769,730,732,740,741,763,771]
/store/data/Run2022C/DisplacedJet/RAW/v1/000/355/872/00000/5f1886b2-1109-44e8-9354-16d603ef0618.root 355872 [349,357,358,360,345,359,365,366,340,341,342,355,344,346,352,362,363,348,350,353,364,367,354,356,343,347,351,361,368]
/store/data/Run2022C/DisplacedJet/RAW/v1/000/355/872/00000/65e23521-1194-4d6f-a5e0-a1bcb712891b.root 355872 [458,467,469,471,474,460,470,472,479,477,480,488,465,468,478,481,486,459,463,466,475,490,461,489,462,464,473,485,476,482,483,484,487]
/store/data/Run2022C/DisplacedJet/RAW/v1/000/355/872/00000/81e0c084-b9a9-48a2-8b28-7e1606c2d227.root 355872 [945,951,955,960,961,963,949,946,958,941,950,954,956,962,938,939,944,959,965,966,967,940,942,952,964,943,947,948,953,957]
/store/data/Run2022C/DisplacedJet/RAW/v1/000/355/872/00000/893026f0-e68f-43ec-a1b8-baea49c50763.root 355872 [1229]
/store/data/Run2022C/DisplacedJet/RAW/v1/000/355/872/00000/9a4b4c6b-8c08-49b9-87c3-d924052f696c.root 355872 [621,633,634,638,639,652,622,624,635,642,649,626,636,637,648,623,627,628,630,640,643,632,644,645,646,625,647,631,629,641,650,651,653]
/store/data/Run2022C/DisplacedJet/RAW/v1/000/355/872/00000/a5d1af1d-5913-4062-8420-6de8430b2e5a.root 355872 [187,190,196,197,204,205,191,202,203,208,214,184,201,186,207,209,194,195,200,211,213,185,198,210,188,189,193,206,212,192,199]
/store/data/Run2022C/DisplacedJet/RAW/v1/000/355/872/00000/b8ad4c2d-329a-4db7-8c99-fe523b0aafec.root 355872 [120,125,144,146,148,141,132,133,136,119,121,134,135,142,151,123,126,140,122,124,128,137,138,149,150,127,131,143,145,147,118,129,130,139]
/store/data/Run2022C/DisplacedJet/RAW/v1/000/355/872/00000/b9a17f61-dd05-4a15-ab41-8b4118f3fa2c.root 355872 [5,29,31,41,3,7,9,21,25,32,22,30,34,36,37,40,11,12,13,15,24,38,17,19,20,26,27,4,8,14,16,23,28,35,39,1,10,2,6,18,33]
/store/data/Run2022C/DisplacedJet/RAW/v1/000/355/872/00000/bf8e729e-2430-4a17-baec-c2074b845ec4.root 355872 [850,855,860,861,863,873,847,851,871,864,865,846,849,854,862,867,853,859,856,857,870,872,875,848,858,869,874,852,866,868]
/store/data/Run2022C/DisplacedJet/RAW/v1/000/355/872/00000/c0a9d3bf-ebbe-47df-9c6f-0ef5251d048d.root 355872 [156,158,163,169,175,153,176,162,166,182,155,173,177,161,167,168,170,152,159,165,178,179,154,157,164,171,172,174,181,183,160,180]
/store/data/Run2022C/DisplacedJet/RAW/v1/000/355/872/00000/c4184ff4-85f2-45fa-90cb-a2aedfd23fa7.root 355872 [376,381,382,385,395,370,371,372,380,386,389,392,374,377,390,394,378,383,391,393,369,373,375,384,379,387,388]
/store/data/Run2022C/DisplacedJet/RAW/v1/000/355/872/00000/c53f781f-0134-4ef5-9529-451910204b98.root 355872 [1006,1010,1014,1005,1007,1013,1017,1019,1022,1027,1016,1018,1025,1028,1029,1001,1003,1009,1023,1026,1002,1011,1030,1031,1004,1020,1021,1024,1008,1000,1012,1015]
/store/data/Run2022C/DisplacedJet/RAW/v1/000/355/872/00000/c7a67d30-b6f5-46af-a588-62b70e1ef732.root 355872 [1150,1156,1165,1167,1171,1152,1161,1172,1178,1159,1144,1146,1149,1153,1157,1160,1175,1145,1154,1158,1162,1166,1169,1174,1179,1148,1163,1170,1147,1164,1176,1177,1151,1155,1168,1173]
/store/data/Run2022C/DisplacedJet/RAW/v1/000/355/872/00000/ceb118b9-04a1-4e6c-9ad8-aa4df5846af8.root 355872 [774,777,779,794,797,807,808,787,789,804,795,801,786,792,793,809,780,781,783,785,806,775,778,782,784,790,796,802,776,788,791,798,799,800,803,805]
/store/data/Run2022C/DisplacedJet/RAW/v1/000/355/872/00000/cfeb36ee-f8b3-45b4-9d2f-332c85e7985d.root 355872 [691,704,706,711,716,698,707,709,692,693,701,708,694,700,710,713,718,723,695,705,717,719,720,722,725,702,712,724,697,699,714,715,726,696,703,721]
/store/data/Run2022C/DisplacedJet/RAW/v1/000/355/872/00000/dd3365e1-a966-452b-9936-3e187ae6fd5c.root 355872 [322,316,320,321,325,327,333,338,315,329,306,313,317,331,319,330,332,334,336,337,307,309,310,312,323,326,328,339,318,308,311,314,324,335]
/store/data/Run2022C/DisplacedJet/RAW/v1/000/355/872/00000/ec04d734-4527-4c2b-b66d-dc4acc2cc599.root 355872 [908,911,919,924,928,909,910,922,926,929,913,914,915,923,935,937,931,912,917,933,934,936,916,918,927,920,921,925,930,932]
/store/data/Run2022C/DisplacedJet/RAW/v1/000/355/872/00000/f00942b3-fa04-4599-add4-01f2cf197835.root 355872 [1044,1048,1061,1038,1041,1046,1050,1055,1039,1043,1052,1058,1036,1037,1051,1056,1057,1065,1066,1067,1033,1034,1047,1049,1059,1060,1063,1032,1035,1040,1045,1053,1062,1064,1042,1054]
/store/data/Run2022C/DisplacedJet/RAW/v1/000/355/872/00000/f6ee8cb4-6efd-46df-847d-8cd095ac531c.root 355872 [810,814,819,820,823,842,818,828,833,841,816,821,824,825,826,817,831,813,827,834,836,839,840,845,812,829,837,811,822,830,835,844,815,832,838,843]
/store/data/Run2022C/DisplacedJet/RAW/v1/000/355/872/00000/f8dacb99-4bd3-4566-9dfa-47d47b629dcc.root 355872 [1110,1111,1119,1125,1131,1139,1114,1116,1136,1104,1106,1107,1108,1133,1115,1117,1124,1127,1128,1130,1138,1109,1123,1129,1135,1141,1105,1118,1137,1140,1142,1112,1120,1126,1132,1143,1113,1121,1122,1134]
/store/data/Run2022C/DisplacedJet/RAW/v1/000/355/872/00000/febd3bca-6521-439f-93da-db2123acf863.root 355872 [258,269,247,250,264,252,254,256,265,268,253,260,263,266,255,259,267,274,257,262,272,248,249,251,270,271,261,273]
/store/data/Run2022C/DisplacedJet/RAW/v1/000/355/892/00000/0a2611df-9848-4517-aa9a-0be881c074e2.root 355892 [50,49,51]
/store/data/Run2022C/DisplacedJet/RAW/v1/000/355/892/00000/0a2c88ed-e959-46d3-9ee5-6979e57f7dee.root 355892 [167,166,165]
/store/data/Run2022C/DisplacedJet/RAW/v1/000/355/892/00000/0a4b1cae-e1c3-4d4e-b611-7f6a47bd99f7.root 355892 [138,139,140]
/store/data/Run2022C/DisplacedJet/RAW/v1/000/355/892/00000/0c412915-4d95-485f-b13e-be7c117a35e7.root 355892 [104,102,103]
/store/data/Run2022C/DisplacedJet/RAW/v1/000/355/892/00000/18fcaa19-269d-4684-89dd-c49627861eb2.root 355892 [145,146,144]
/store/data/Run2022C/DisplacedJet/RAW/v1/000/355/892/00000/1b8d7842-5810-4e15-b0af-bd824fd1b081.root 355892 [183,184,185]
/store/data/Run2022C/DisplacedJet/RAW/v1/000/355/892/00000/21b4f3f9-9547-4390-bc39-c34a74898786.root 355892 [150,151,152]
/store/data/Run2022C/DisplacedJet/RAW/v1/000/355/892/00000/29d4dc36-679a-4608-8c25-03bd6415c9f9.root 355892 [83,81,82]
/store/data/Run2022C/DisplacedJet/RAW/v1/000/355/892/00000/2ab7e96c-aa93-4e02-bfd2-84cd228ea6e1.root 355892 [163,162,164]
/store/data/Run2022C/DisplacedJet/RAW/v1/000/355/892/00000/2af7ff75-beda-4b7c-b7ab-3ee3639ca302.root 355892 [154,153,155]
/store/data/Run2022C/DisplacedJet/RAW/v1/000/355/892/00000/2bbffde9-54c9-469f-8ee8-f4027cc0fa02.root 355892 [168,169,170]
/store/data/Run2022C/DisplacedJet/RAW/v1/000/355/892/00000/2dbc8ca3-c08d-4419-9306-4efd07c59dfa.root 355892 [195,196,197,193,192,194]
/store/data/Run2022C/DisplacedJet/RAW/v1/000/355/892/00000/300025f5-dcb2-4d04-80d1-d39487e7e7ab.root 355892 [135,137,136]
/store/data/Run2022C/DisplacedJet/RAW/v1/000/355/892/00000/394dea95-aea9-40d3-8dde-ec1553c90ab8.root 355892 [187,186,188]
/store/data/Run2022C/DisplacedJet/RAW/v1/000/355/892/00000/3f4982d1-b252-4e07-a974-a3ba96ac865a.root 355892 [44,43,45,46]
/store/data/Run2022C/DisplacedJet/RAW/v1/000/355/892/00000/40a8b9a3-2123-4699-955c-cec637db91c8.root 355892 [130,131,129]
/store/data/Run2022C/DisplacedJet/RAW/v1/000/355/892/00000/44268612-e190-42bd-a0bb-52e245153296.root 355892 [97,96,98]
/store/data/Run2022C/DisplacedJet/RAW/v1/000/355/892/00000/44fb921f-0902-49f5-819e-d2c103139925.root 355892 [76,75,77]
/store/data/Run2022C/DisplacedJet/RAW/v1/000/355/892/00000/4a66b4f4-412e-4747-acc8-e7c2822db4b3.root 355892 [78,79,80]
/store/data/Run2022C/DisplacedJet/RAW/v1/000/355/892/00000/4bf3d303-ba62-43f9-9331-1780dc68326e.root 355892 [38,35,37,36]
/store/data/Run2022C/DisplacedJet/RAW/v1/000/355/892/00000/4fa5afea-40a3-4921-b34d-1d004f9a3fb6.root 355892 [107,106,105]
/store/data/Run2022C/DisplacedJet/RAW/v1/000/355/892/00000/50ee9813-c4a5-4446-8d08-94c5be2cf1ec.root 355892 [161,160,159]
/store/data/Run2022C/DisplacedJet/RAW/v1/000/355/892/00000/51e45e16-1f8e-4a0a-977e-f2c98cf9610f.root 355892 [29,28,27,30]
/store/data/Run2022C/DisplacedJet/RAW/v1/000/355/892/00000/578bc144-afe4-4e29-af4f-d30465860295.root 355892 [125,124,123]
/store/data/Run2022C/DisplacedJet/RAW/v1/000/355/892/00000/58cf057e-ab7e-40a1-b364-0d579a07c143.root 355892 [87,88,89]
/store/data/Run2022C/DisplacedJet/RAW/v1/000/355/892/00000/598c977a-722e-404d-a1d6-4c366f3a95cc.root 355892 [149,147,148]
/store/data/Run2022C/DisplacedJet/RAW/v1/000/355/892/00000/62dcae8f-fc0c-4241-be81-60017dd3a6f7.root 355892 [70,69,71]
/store/data/Run2022C/DisplacedJet/RAW/v1/000/355/892/00000/640d6d41-cb91-4ffe-bca9-b2f6eafcbbfd.root 355892 [56,57,58,59]
/store/data/Run2022C/DisplacedJet/RAW/v1/000/355/892/00000/728ee459-2fdf-4916-965b-a887d06d6eb6.root 355892 [112,111,113]
/store/data/Run2022C/DisplacedJet/RAW/v1/000/355/892/00000/76794f89-61af-4a5c-a8bb-2513b907ae53.root 355892 [127,126,128]
/store/data/Run2022C/DisplacedJet/RAW/v1/000/355/892/00000/7904a04b-88ab-4ec8-b7e0-55dc12f40963.root 355892 [110,108,109]
/store/data/Run2022C/DisplacedJet/RAW/v1/000/355/892/00000/869581f7-bfa7-44b9-b599-b7f3e85ad3a7.root 355892 [189,190,191]
/store/data/Run2022C/DisplacedJet/RAW/v1/000/355/892/00000/870f5893-b1d5-4816-b4f7-1a3ebd7036e7.root 355892 [34,31,32,33]
/store/data/Run2022C/DisplacedJet/RAW/v1/000/355/892/00000/8d6c6e1a-5d5f-4605-8b68-4c267a7c469c.root 355892 [66,68,67]
/store/data/Run2022C/DisplacedJet/RAW/v1/000/355/892/00000/8f7d5c08-69cd-4fd3-81b3-d7e580dd9b2f.root 355892 [172,173,171]
/store/data/Run2022C/DisplacedJet/RAW/v1/000/355/892/00000/99453d87-d457-497b-a0a0-110697c1a0a5.root 355892 [17,5,6,10,13,15,1,18,8,2,3,7,11,14,4,9,16,12]
/store/data/Run2022C/DisplacedJet/RAW/v1/000/355/892/00000/9d4bd354-beb5-434e-a7cd-8da3f8dfa50b.root 355892 [114,115,116]
/store/data/Run2022C/DisplacedJet/RAW/v1/000/355/892/00000/9e00e129-232f-42aa-ad5b-686be5557552.root 355892 [117,118,119]
/store/data/Run2022C/DisplacedJet/RAW/v1/000/355/892/00000/9e0f9cf9-0f9f-415e-83cb-86fb72897488.root 355892 [21,22,19,20]
/store/data/Run2022C/DisplacedJet/RAW/v1/000/355/892/00000/a24e368b-1bc9-4625-8df6-267d5f16f9da.root 355892 [142,143,141]
/store/data/Run2022C/DisplacedJet/RAW/v1/000/355/892/00000/aefca702-0872-4e53-a8a5-ad809128b695.root 355892 [90,92,91]
/store/data/Run2022C/DisplacedJet/RAW/v1/000/355/892/00000/bc2ae15f-4c25-4e4b-96fb-2bf1da1615b8.root 355892 [47,48]
/store/data/Run2022C/DisplacedJet/RAW/v1/000/355/892/00000/be1c05c6-9fb5-468a-990b-2a3b9e1535cc.root 355892 [41,42,40,39]
/store/data/Run2022C/DisplacedJet/RAW/v1/000/355/892/00000/c46925db-12c3-451e-9f3a-b8d50b2c5967.root 355892 [73,74,72]
/store/data/Run2022C/DisplacedJet/RAW/v1/000/355/892/00000/cb83a472-8e0f-4b98-a487-0dabc71507e0.root 355892 [65,63,64]
/store/data/Run2022C/DisplacedJet/RAW/v1/000/355/892/00000/cc1d072c-9827-4be4-a2d4-6a6fbf596c99.root 355892 [100,101,99]
/store/data/Run2022C/DisplacedJet/RAW/v1/000/355/892/00000/d0e890a1-1e69-44bc-9fdc-d1a7a0736117.root 355892 [25,23,26,24]
/store/data/Run2022C/DisplacedJet/RAW/v1/000/355/892/00000/d3c41779-1550-47ae-a4b7-eb9bdc126443.root 355892 [86,84,85]
/store/data/Run2022C/DisplacedJet/RAW/v1/000/355/892/00000/d5551f14-4048-48a7-9e20-6130910aeea1.root 355892 [175,174,176]
/store/data/Run2022C/DisplacedJet/RAW/v1/000/355/892/00000/e055d3f2-cd01-4b5d-897a-ab55e22656d1.root 355892 [156,157,158]
/store/data/Run2022C/DisplacedJet/RAW/v1/000/355/892/00000/e2aeb7ac-5414-417e-bb31-6d5b707ab5b8.root 355892 [180,182,181]
/store/data/Run2022C/DisplacedJet/RAW/v1/000/355/892/00000/e5fe6abb-6a08-429a-ae50-63e010f8ba6d.root 355892 [62,61,60]
/store/data/Run2022C/DisplacedJet/RAW/v1/000/355/892/00000/ecd2bc2a-8b98-4512-8147-d7337ccd48a6.root 355892 [177,178,179]
/store/data/Run2022C/DisplacedJet/RAW/v1/000/355/892/00000/f7768e70-6157-4729-8816-5db0359dfe96.root 355892 [94,93,95]
/store/data/Run2022C/DisplacedJet/RAW/v1/000/355/892/00000/fc6584b9-9aa7-4f80-93ad-dd1ebfa8e19f.root 355892 [52,55,53,54]
/store/data/Run2022C/DisplacedJet/RAW/v1/000/355/892/00000/ff287b33-dd13-40e6-a575-d36e56857de6.root 355892 [134,133,132]
/store/data/Run2022C/DisplacedJet/RAW/v1/000/355/892/00000/ff9ce72d-f95d-4f91-a4d5-9d5037bb3968.root 355892 [122,120,121]
/store/data/Run2022C/DisplacedJet/RAW/v1/000/355/912/00000/00387baf-dfb9-44e6-a8d0-53b1669933da.root 355912 [78,79,80]
/store/data/Run2022C/DisplacedJet/RAW/v1/000/355/912/00000/006b0100-14c4-442b-8714-7eed945a67c8.root 355912 [53,51,52,54]
/store/data/Run2022C/DisplacedJet/RAW/v1/000/355/912/00000/02f2de7f-1591-4680-b1b0-2411075e4251.root 355912 [154,155,153]
/store/data/Run2022C/DisplacedJet/RAW/v1/000/355/912/00000/031e5913-50b2-4848-834d-21883928021f.root 355912 [148,147,146,149]
/store/data/Run2022C/DisplacedJet/RAW/v1/000/355/912/00000/0461764e-5b00-42f2-bca6-82ecfec19142.root 355912 [91,90,88,89]
/store/data/Run2022C/DisplacedJet/RAW/v1/000/355/912/00000/084a33ad-1051-4bdd-a4d0-484cd1183c9d.root 355912 [120,121]
/store/data/Run2022C/DisplacedJet/RAW/v1/000/355/912/00000/0d4e2c79-434f-4f7c-8a27-a15db2c5028a.root 355912 [128,131,130,129]
/store/data/Run2022C/DisplacedJet/RAW/v1/000/355/912/00000/0ec03334-760b-41a8-980e-fa4d0d105500.root 355912 [70,69,71]
/store/data/Run2022C/DisplacedJet/RAW/v1/000/355/912/00000/0ef8adf3-0547-4ee6-b7a8-169bd04508ad.root 355912 [115,113,114]
/store/data/Run2022C/DisplacedJet/RAW/v1/000/355/912/00000/164ff332-7213-4ef7-8b7b-d29c15706a15.root 355912 [138,137,136]
/store/data/Run2022C/DisplacedJet/RAW/v1/000/355/912/00000/1d28a1c0-39d9-4adf-a985-97a6586f0f19.root 355912 [198,200,199,197]
/store/data/Run2022C/DisplacedJet/RAW/v1/000/355/912/00000/1ef0b279-c1c1-4c6a-880a-c9e11881db89.root 355912 [55,57,58,56]
/store/data/Run2022C/DisplacedJet/RAW/v1/000/355/912/00000/21fdb8f4-c909-48b5-ba38-661a0845b3b1.root 355912 [118,117,119,116]
/store/data/Run2022C/DisplacedJet/RAW/v1/000/355/912/00000/449029e6-087c-4b5c-99c7-8ae8f06a48d4.root 355912 [122,123,124]
/store/data/Run2022C/DisplacedJet/RAW/v1/000/355/912/00000/45fb5fb8-6ced-4b16-a135-49f5b4a0c54e.root 355912 [75,76,77]
/store/data/Run2022C/DisplacedJet/RAW/v1/000/355/912/00000/47cc9a61-a782-454f-9408-4a46ce6b2bbe.root 355912 [96,97,98]
/store/data/Run2022C/DisplacedJet/RAW/v1/000/355/912/00000/4983825c-ba91-4329-8bb9-fc1a338c52bb.root 355912 [171,170,172]
/store/data/Run2022C/DisplacedJet/RAW/v1/000/355/912/00000/5124a1ab-cc18-48c3-b5e2-584b15d2ad23.root 355912 [178,180,179]
/store/data/Run2022C/DisplacedJet/RAW/v1/000/355/912/00000/57d0ad32-185f-4ec7-881d-d5267ea9a920.root 355912 [85,86,87]
/store/data/Run2022C/DisplacedJet/RAW/v1/000/355/912/00000/5f8baee5-148c-460b-a26d-fd633ec435f4.root 355912 [64,63,65,66]
/store/data/Run2022C/DisplacedJet/RAW/v1/000/355/912/00000/6b428e64-c7b5-46ca-82aa-de288baa8793.root 355912 [185,184,186]
/store/data/Run2022C/DisplacedJet/RAW/v1/000/355/912/00000/715dbdb2-62da-41ac-9631-0300d35e11ef.root 355912 [159,160,161,162]
/store/data/Run2022C/DisplacedJet/RAW/v1/000/355/912/00000/755da8e0-f6fa-4f97-9be5-0167469c1af5.root 355912 [191,190,192]
/store/data/Run2022C/DisplacedJet/RAW/v1/000/355/912/00000/8785f2a4-7592-41b8-8c9e-bb430578885e.root 355912 [125,126,127]
/store/data/Run2022C/DisplacedJet/RAW/v1/000/355/912/00000/888ef731-3150-40f0-ad98-1dc4d3f6b08e.root 355912 [176,177]
/store/data/Run2022C/DisplacedJet/RAW/v1/000/355/912/00000/968ba39d-bf40-41d6-be78-559eb24085be.root 355912 [45,44,46]
/store/data/Run2022C/DisplacedJet/RAW/v1/000/355/912/00000/9710fb6f-86dd-4d0a-a618-ad8c8ef2f99d.root 355912 [150,151,152]
/store/data/Run2022C/DisplacedJet/RAW/v1/000/355/912/00000/99724a32-92db-45f6-9d7f-76352096e77e.root 355912 [103,105,104]
/store/data/Run2022C/DisplacedJet/RAW/v1/000/355/912/00000/9c811987-c857-4834-b26b-8dbca62177e8.root 355912 [132,135,133,134]
/store/data/Run2022C/DisplacedJet/RAW/v1/000/355/912/00000/9f725ec2-d4eb-4004-bdea-e228aa203351.root 355912 [193,194,195,196]
/store/data/Run2022C/DisplacedJet/RAW/v1/000/355/912/00000/a12ac8c5-c455-4eb4-93ef-166fb1af6e69.root 355912 [141,140,139]
/store/data/Run2022C/DisplacedJet/RAW/v1/000/355/912/00000/a60d44de-544a-43ae-ba31-4b5d3abac9e3.root 355912 [173,174,175]
/store/data/Run2022C/DisplacedJet/RAW/v1/000/355/912/00000/a934ae32-ad41-442e-a092-bc4c1273230d.root 355912 [188,187,189]
/store/data/Run2022C/DisplacedJet/RAW/v1/000/355/912/00000/b0533615-3453-45a1-a426-3fe41c82e48f.root 355912 [183,182,181]
/store/data/Run2022C/DisplacedJet/RAW/v1/000/355/912/00000/b7fe8d91-e7c4-463b-9f1f-83f469c91ac4.root 355912 [167,166,165]
/store/data/Run2022C/DisplacedJet/RAW/v1/000/355/912/00000/be6cdc46-f259-49a6-9a74-b1466fb64573.root 355912 [72,73,74]
/store/data/Run2022C/DisplacedJet/RAW/v1/000/355/912/00000/bf824fe6-223e-4c54-b7cc-eb398349c499.root 355912 [163,164]
/store/data/Run2022C/DisplacedJet/RAW/v1/000/355/912/00000/c5707d03-c608-4c41-9e04-c9c24f0d81e9.root 355912 [82,81,83,84]
/store/data/Run2022C/DisplacedJet/RAW/v1/000/355/912/00000/cc20081f-9bc5-470c-a88c-1ebd9e3a7616.root 355912 [61,59,62,60]
/store/data/Run2022C/DisplacedJet/RAW/v1/000/355/912/00000/cf71cc64-f32c-4501-8004-884e238b9855.root 355912 [12,21,22,27,29,33,39,14,8,17,23,25,31,6,9,37,4,7,24,36,2,13,19,30,38,5,10,16,26,32,40,41,43,1,3,11,15,18,20,28,34,35,42]
/store/data/Run2022C/DisplacedJet/RAW/v1/000/355/912/00000/dbaed86b-c25e-4ea3-899a-c693129dfc24.root 355912 [109,108,106,107]
/store/data/Run2022C/DisplacedJet/RAW/v1/000/355/912/00000/df8aff3a-7413-49d1-ae9d-d478db32fad5.root 355912 [168,169]
/store/data/Run2022C/DisplacedJet/RAW/v1/000/355/912/00000/e6518d1e-7a82-4ccd-8037-bfd9f42b5102.root 355912 [47,50,48,49]
/store/data/Run2022C/DisplacedJet/RAW/v1/000/355/912/00000/edf68fa5-78ec-470b-98c9-2ed8ce1a3d29.root 355912 [157,158,156]
/store/data/Run2022C/DisplacedJet/RAW/v1/000/355/912/00000/efedd826-1734-42b6-9cd2-f497f090aa4c.root 355912 [93,94,92,95]
/store/data/Run2022C/DisplacedJet/RAW/v1/000/355/912/00000/f0aa6f4b-2609-444e-9fbc-d025e5fd94b6.root 355912 [143,144,145,142]
/store/data/Run2022C/DisplacedJet/RAW/v1/000/355/912/00000/f2ae13c4-df95-4073-a76c-9e94bb113671.root 355912 [67,68]
/store/data/Run2022C/DisplacedJet/RAW/v1/000/355/912/00000/fad93b41-ac78-4425-abb2-fb87506b0489.root 355912 [110,112,111]
/store/data/Run2022C/DisplacedJet/RAW/v1/000/355/912/00000/fe3d9c07-8ad7-4e9c-95e5-1c86e5ecf06b.root 355912 [100,99,102,101]
/store/data/Run2022C/DisplacedJet/RAW/v1/000/355/913/00000/10174924-40ec-4a31-974e-84eee84c7436.root 355913 [109]
/store/data/Run2022C/DisplacedJet/RAW/v1/000/355/913/00000/118efa6b-0fa6-440e-be48-4a32fcd8222b.root 355913 [24,23,22]
/store/data/Run2022C/DisplacedJet/RAW/v1/000/355/913/00000/1220e801-397f-4110-a946-ae564604e6b9.root 355913 [43,45,44]
/store/data/Run2022C/DisplacedJet/RAW/v1/000/355/913/00000/1266cd8d-6536-4e51-95b4-07d95c6b12ea.root 355913 [74,76,75]
/store/data/Run2022C/DisplacedJet/RAW/v1/000/355/913/00000/1cb3be70-676a-43e4-b8d9-c64f62e3bd2d.root 355913 [53,52,54]
/store/data/Run2022C/DisplacedJet/RAW/v1/000/355/913/00000/1ef7e02c-c4f2-4fd3-977f-217a660dead0.root 355913 [46,47,48,49,50,51]
/store/data/Run2022C/DisplacedJet/RAW/v1/000/355/913/00000/22aaaf3b-5863-42e5-bfd8-ecb1fa591de2.root 355913 [66,65,67]
/store/data/Run2022C/DisplacedJet/RAW/v1/000/355/913/00000/2ffc6a80-4c55-47be-a19f-8f032d586bba.root 355913 [106,105,104]
/store/data/Run2022C/DisplacedJet/RAW/v1/000/355/913/00000/371dc693-117f-4b14-8071-8a51cb70e7c1.root 355913 [59,60,58,61]
/store/data/Run2022C/DisplacedJet/RAW/v1/000/355/913/00000/47110c3b-ab59-4875-a5b6-6cec0ae65d2a.root 355913 [86,87,88]
/store/data/Run2022C/DisplacedJet/RAW/v1/000/355/913/00000/5cc0c6c6-1b43-4377-9df2-57e63ab8f4ac.root 355913 [13,15,14]
/store/data/Run2022C/DisplacedJet/RAW/v1/000/355/913/00000/60491765-fc49-498f-b910-e49c6f4ce672.root 355913 [55,56,57]
/store/data/Run2022C/DisplacedJet/RAW/v1/000/355/913/00000/62248aee-f065-4382-83eb-a92b032149de.root 355913 [84,85,82,83,81,80]
/store/data/Run2022C/DisplacedJet/RAW/v1/000/355/913/00000/663bf668-ebab-492e-9d8d-18464f4e1ac9.root 355913 [100,101,103,98,99,102]
/store/data/Run2022C/DisplacedJet/RAW/v1/000/355/913/00000/8d3a1566-6b3b-4762-81f0-1a6428c8b540.root 355913 [7,8,9]
/store/data/Run2022C/DisplacedJet/RAW/v1/000/355/913/00000/96ae94f3-a5a5-4c67-8ee2-3cf4de051ba5.root 355913 [18,17,16]
/store/data/Run2022C/DisplacedJet/RAW/v1/000/355/913/00000/ab6e9c8f-6187-4eae-9f3e-d031ed7ac8c1.root 355913 [90,93,94,92,89,91]
/store/data/Run2022C/DisplacedJet/RAW/v1/000/355/913/00000/af4ebbfc-d855-47d9-b528-f90d556f71b6.root 355913 [20,19,21]
/store/data/Run2022C/DisplacedJet/RAW/v1/000/355/913/00000/b07aac94-aadd-4c74-99f6-36d1f4d094d4.root 355913 [25,27,26]
/store/data/Run2022C/DisplacedJet/RAW/v1/000/355/913/00000/b589e47f-a85f-4dc5-9fe2-efd0fff3664f.root 355913 [35,34,36]
/store/data/Run2022C/DisplacedJet/RAW/v1/000/355/913/00000/b5b3d71b-c3e3-4e0e-930e-2fae6f4aba00.root 355913 [72,71,73]
/store/data/Run2022C/DisplacedJet/RAW/v1/000/355/913/00000/c8dfb309-5e05-438d-822a-4145cc10d98b.root 355913 [64,62,63]
/store/data/Run2022C/DisplacedJet/RAW/v1/000/355/913/00000/d4db4c7a-3533-4322-a014-2c6b1862eed8.root 355913 [1,5,6,2,3,4]
/store/data/Run2022C/DisplacedJet/RAW/v1/000/355/913/00000/d57b7bb1-0943-4563-a471-e1a96267eea9.root 355913 [68,69,70]
/store/data/Run2022C/DisplacedJet/RAW/v1/000/355/913/00000/d84adbee-978c-4fea-bca2-93191ed0c751.root 355913 [32,33,31]
/store/data/Run2022C/DisplacedJet/RAW/v1/000/355/913/00000/ef62567e-9673-4716-afd4-b5d47dd2adaf.root 355913 [97,95,96]
/store/data/Run2022C/DisplacedJet/RAW/v1/000/355/913/00000/f25c8407-9350-4035-bc5d-efb574b068b6.root 355913 [12,10,11]
/store/data/Run2022C/DisplacedJet/RAW/v1/000/355/913/00000/f7193151-1438-4c13-922a-595f9f6005d9.root 355913 [30,29,28]
/store/data/Run2022C/DisplacedJet/RAW/v1/000/355/913/00000/fa04d2aa-bca4-43aa-923d-860523ee7574.root 355913 [77,78,79]
/store/data/Run2022C/DisplacedJet/RAW/v1/000/355/913/00000/fd032393-d31f-481f-94a4-974ff4966d00.root 355913 [37,40,39,41,38,42]
/store/data/Run2022C/DisplacedJet/RAW/v1/000/355/921/00000/05aaae5c-b723-4c31-8eb7-24611bd0c240.root 355921 [175,173,174]
/store/data/Run2022C/DisplacedJet/RAW/v1/000/355/921/00000/06820774-bf71-4321-85ae-1d73e680676e.root 355921 [73,75,74,72]
/store/data/Run2022C/DisplacedJet/RAW/v1/000/355/921/00000/083e54c9-e6b8-44b9-a2f1-6d357d9fa35b.root 355921 [105,107,106,108]
/store/data/Run2022C/DisplacedJet/RAW/v1/000/355/921/00000/097c4a15-32a4-4f98-bf66-b985460814f3.root 355921 [347,346,348]
/store/data/Run2022C/DisplacedJet/RAW/v1/000/355/921/00000/0cf51ec7-4c37-48f2-98d3-314631926358.root 355921 [248,249,250]
/store/data/Run2022C/DisplacedJet/RAW/v1/000/355/921/00000/0e191ef2-ed36-4580-8cbf-53b408301cd0.root 355921 [66,67,68]
/store/data/Run2022C/DisplacedJet/RAW/v1/000/355/921/00000/0e887a41-ca5d-41f1-837d-02252398aad1.root 355921 [183,184,182]
/store/data/Run2022C/DisplacedJet/RAW/v1/000/355/921/00000/1265ee1a-e89a-44cb-bf80-c004fa22e69a.root 355921 [271,266,268,270,269,267]
/store/data/Run2022C/DisplacedJet/RAW/v1/000/355/921/00000/1391b5f1-de7b-41f1-8b9e-f3a3ecc78b92.root 355921 [393,391,392]
/store/data/Run2022C/DisplacedJet/RAW/v1/000/355/921/00000/18f84029-91f7-491d-b206-e9769c32fa59.root 355921 [50,52,51]
/store/data/Run2022C/DisplacedJet/RAW/v1/000/355/921/00000/1914fec6-aad5-43ab-8119-00e9846316b8.root 355921 [365,366,364]
/store/data/Run2022C/DisplacedJet/RAW/v1/000/355/921/00000/1c8dc9f3-fb9d-4929-a1fe-9c7109ca1f68.root 355921 [98,96,97]
/store/data/Run2022C/DisplacedJet/RAW/v1/000/355/921/00000/1d0c03ab-bad2-4849-9ffc-20b40e5fbc7d.root 355921 [147,146,148]
/store/data/Run2022C/DisplacedJet/RAW/v1/000/355/921/00000/223079bf-5c09-45da-bc62-016101617e52.root 355921 [342,340,341]
/store/data/Run2022C/DisplacedJet/RAW/v1/000/355/921/00000/2296774b-f190-49f4-8e58-ba967a6cfcdb.root 355921 [70,71,69]
/store/data/Run2022C/DisplacedJet/RAW/v1/000/355/921/00000/22e12f2b-54ca-466c-87e6-fb0b3ad992cb.root 355921 [281,283,282]
/store/data/Run2022C/DisplacedJet/RAW/v1/000/355/921/00000/256e2118-a936-42f8-9943-0709ebe2f22e.root 355921 [322,323,324,325]
/store/data/Run2022C/DisplacedJet/RAW/v1/000/355/921/00000/25d9b3ea-6c83-4806-b9f5-a57c726ae409.root 355921 [204,205,203]
/store/data/Run2022C/DisplacedJet/RAW/v1/000/355/921/00000/25e8068e-834f-4f44-9fc7-686e76b67ad4.root 355921 [343,345,344]
/store/data/Run2022C/DisplacedJet/RAW/v1/000/355/921/00000/2831d071-ac5e-4db5-86e3-8b6fa73da7bd.root 355921 [133,132,134]
/store/data/Run2022C/DisplacedJet/RAW/v1/000/355/921/00000/29251c18-ef02-42f1-8ded-4defe8c05b0f.root 355921 [221,222,223]
/store/data/Run2022C/DisplacedJet/RAW/v1/000/355/921/00000/2b34ff53-f3ed-4bb8-a384-b7253a2e4332.root 355921 [185,186,187]
/store/data/Run2022C/DisplacedJet/RAW/v1/000/355/921/00000/2c3441f4-60b0-44a3-9dbb-7a4f2435f0b6.root 355921 [150,149,151]
/store/data/Run2022C/DisplacedJet/RAW/v1/000/355/921/00000/2f11adcd-3f58-4231-a11c-8b377d029c21.root 355921 [441,442,439,440]
/store/data/Run2022C/DisplacedJet/RAW/v1/000/355/921/00000/31a0c1c8-f81c-40cf-8d1a-0f0bebf1953b.root 355921 [376,381,380,377,378,379]
/store/data/Run2022C/DisplacedJet/RAW/v1/000/355/921/00000/3548ff6a-532e-4db6-ba19-c7647205f686.root 355921 [372,371,370]
/store/data/Run2022C/DisplacedJet/RAW/v1/000/355/921/00000/35898f41-10cb-4a7d-82ca-7395d80dd769.root 355921 [253,251,252]
/store/data/Run2022C/DisplacedJet/RAW/v1/000/355/921/00000/36baca4a-3d8f-4913-a3aa-0994d1fa9e82.root 355921 [158,159,160]
/store/data/Run2022C/DisplacedJet/RAW/v1/000/355/921/00000/36cea95b-3867-4ca0-b09f-485a35ab9a38.root 355921 [413,412,416,414,415,417]
/store/data/Run2022C/DisplacedJet/RAW/v1/000/355/921/00000/3b5a3e5b-5435-40fd-a1bb-fac1176fe1cb.root 355921 [224,225,226]
/store/data/Run2022C/DisplacedJet/RAW/v1/000/355/921/00000/3c68328c-7236-479c-b2dc-1fdc2d2e258e.root 355921 [258,262,261,257,259,260]
/store/data/Run2022C/DisplacedJet/RAW/v1/000/355/921/00000/3e66592f-3c8f-40bb-82fc-9251f6c8f09f.root 355921 [113,114,112]
/store/data/Run2022C/DisplacedJet/RAW/v1/000/355/921/00000/437b06d7-ed6d-4a6a-9a7b-bc6215ed024d.root 355921 [111,110,109]
/store/data/Run2022C/DisplacedJet/RAW/v1/000/355/921/00000/43d3c455-68b3-47b5-84fb-ef428e31790b.root 355921 [315,314,313]
/store/data/Run2022C/DisplacedJet/RAW/v1/000/355/921/00000/44111f0c-d6f1-4b35-a154-91ce18016eee.root 355921 [308,309,307]
/store/data/Run2022C/DisplacedJet/RAW/v1/000/355/921/00000/44ca5de8-2d85-4b60-a90c-c7f548fa2557.root 355921 [420,419,418]
/store/data/Run2022C/DisplacedJet/RAW/v1/000/355/921/00000/487c24ec-d647-46d5-8d95-c297d915cc9b.root 355921 [240,239,241]
/store/data/Run2022C/DisplacedJet/RAW/v1/000/355/921/00000/48d781af-61a8-477f-8ffb-cc7ebac675d4.root 355921 [427,428,429]
/store/data/Run2022C/DisplacedJet/RAW/v1/000/355/921/00000/4943c04b-6e35-4f1a-a961-1e6ff3e01396.root 355921 [356,357,355]
/store/data/Run2022C/DisplacedJet/RAW/v1/000/355/921/00000/4b46f0a1-8816-4bd0-b476-f38c84b7cc30.root 355921 [101,99,100]
/store/data/Run2022C/DisplacedJet/RAW/v1/000/355/921/00000/4b5f6065-71a9-4108-a5c6-43b777dc9eed.root 355921 [138,139,140]
/store/data/Run2022C/DisplacedJet/RAW/v1/000/355/921/00000/4fec132b-ff48-4755-93a1-b6ac4a78f8e4.root 355921 [20,23,30,33,40,3,6,25,28,37,1,27,29,31,38,39,5,9,13,4,14,21,22,24,34,35,36,7,15,12,18,26,32,2,8,10,11,16,17,19,41]
/store/data/Run2022C/DisplacedJet/RAW/v1/000/355/921/00000/4ff73861-6c84-480f-b983-edc9147e4ded.root 355921 [385,386,387]
/store/data/Run2022C/DisplacedJet/RAW/v1/000/355/921/00000/50ae0ff5-dd54-47ab-b59e-cf71ebe8c9c5.root 355921 [162,163,161]
/store/data/Run2022C/DisplacedJet/RAW/v1/000/355/921/00000/57ce75c0-01b7-4bf7-bbaa-6f234a1bdf88.root 355921 [215,216,217]
/store/data/Run2022C/DisplacedJet/RAW/v1/000/355/921/00000/5adf4ec4-1e43-478c-96f0-1ff321d9f733.root 355921 [78,76,79,77]
/store/data/Run2022C/DisplacedJet/RAW/v1/000/355/921/00000/5fb173ff-46db-4eb7-a356-ed294ecd416a.root 355921 [276,277,279,278,275,280]
/store/data/Run2022C/DisplacedJet/RAW/v1/000/355/921/00000/6213b8f7-4879-4f22-8d20-37e66fb38902.root 355921 [247,245,246]
/store/data/Run2022C/DisplacedJet/RAW/v1/000/355/921/00000/63d88c01-3828-4cca-8726-62e3202c9392.root 355921 [409,410,411]
/store/data/Run2022C/DisplacedJet/RAW/v1/000/355/921/00000/64905c23-9aca-4838-9c56-3225efc4bcc0.root 355921 [289,288,290]
/store/data/Run2022C/DisplacedJet/RAW/v1/000/355/921/00000/64d774cf-8ad7-40e3-976e-6f818a0913a3.root 355921 [332,335,337,336,334,333]
/store/data/Run2022C/DisplacedJet/RAW/v1/000/355/921/00000/66ce7f77-025f-40c9-969f-d5d7708d1c72.root 355921 [144,143,145]
/store/data/Run2022C/DisplacedJet/RAW/v1/000/355/921/00000/673d698b-2c95-4273-8ae3-102581b1c825.root 355921 [426,424,425]
/store/data/Run2022C/DisplacedJet/RAW/v1/000/355/921/00000/689896e5-47d5-40b4-9634-66dceafe85f5.root 355921 [169,167,168]
/store/data/Run2022C/DisplacedJet/RAW/v1/000/355/921/00000/6aacf3d7-5803-4df2-9d5f-a4eb66ff2ce3.root 355921 [359,358,360]
/store/data/Run2022C/DisplacedJet/RAW/v1/000/355/921/00000/6d0f8132-29b1-4aad-8c2b-d5e4d0db2bf9.root 355921 [212,213,214]
/store/data/Run2022C/DisplacedJet/RAW/v1/000/355/921/00000/711a1705-b7aa-417b-a7d7-5d5a072ddf68.root 355921 [120,121,118,119]
/store/data/Run2022C/DisplacedJet/RAW/v1/000/355/921/00000/712000c2-ed49-49e8-8735-f5bb5d94afbd.root 355921 [389,388,390]
/store/data/Run2022C/DisplacedJet/RAW/v1/000/355/921/00000/71c7d870-013d-4f96-89b3-7cce9a09a841.root 355921 [192,191,193]
/store/data/Run2022C/DisplacedJet/RAW/v1/000/355/921/00000/71fb1e66-8c4e-4d02-bcd8-2feb367c3e2c.root 355921 [317,318,316]
/store/data/Run2022C/DisplacedJet/RAW/v1/000/355/921/00000/72dc0e55-f7af-4730-85b1-acce22f61611.root 355921 [293,291,292]
/store/data/Run2022C/DisplacedJet/RAW/v1/000/355/921/00000/765ae14b-25f7-4d99-8bcd-7acd56f62661.root 355921 [236,237,238]
/store/data/Run2022C/DisplacedJet/RAW/v1/000/355/921/00000/77da8b91-a1b9-41ab-bd56-8ddd59a50a44.root 355921 [126,124,125,122,123]
/store/data/Run2022C/DisplacedJet/RAW/v1/000/355/921/00000/78dfc87a-bf67-436d-8489-c4fa1bb9287e.root 355921 [256,254,255]
/store/data/Run2022C/DisplacedJet/RAW/v1/000/355/921/00000/797d868d-7ee6-4d28-853a-e557e8cd6ed6.root 355921 [91,93,92]
/store/data/Run2022C/DisplacedJet/RAW/v1/000/355/921/00000/8068be5e-6d49-456e-81a8-0059f9223296.root 355921 [54,55,56,53]
/store/data/Run2022C/DisplacedJet/RAW/v1/000/355/921/00000/81d97635-617f-4c68-873e-030e5926c5a1.root 355921 [227,228,229]
/store/data/Run2022C/DisplacedJet/RAW/v1/000/355/921/00000/82e53b92-ac99-4666-a781-b9a29b4c7c0b.root 355921 [94,95]
/store/data/Run2022C/DisplacedJet/RAW/v1/000/355/921/00000/83d11976-d8eb-42b8-ac9b-a77624cd44eb.root 355921 [177,178,176]
/store/data/Run2022C/DisplacedJet/RAW/v1/000/355/921/00000/8ba61651-8767-4bd6-bc2e-80e55d469196.root 355921 [156,155,157]
/store/data/Run2022C/DisplacedJet/RAW/v1/000/355/921/00000/8d617fe6-167b-4206-9472-29daceadbc79.root 355921 [199,197,198]
/store/data/Run2022C/DisplacedJet/RAW/v1/000/355/921/00000/8d8af358-3cad-400f-a950-bb8dd830930b.root 355921 [353,352,354]
/store/data/Run2022C/DisplacedJet/RAW/v1/000/355/921/00000/8e28766c-6a70-46bd-a3f6-446b746cf65e.root 355921 [331,329,330]
/store/data/Run2022C/DisplacedJet/RAW/v1/000/355/921/00000/92fa7e23-b7c7-447b-aae6-6059bcc43214.root 355921 [128,127]
/store/data/Run2022C/DisplacedJet/RAW/v1/000/355/921/00000/930fde9f-d1dc-4e45-88a3-75724aa05e9f.root 355921 [170,172,171]
/store/data/Run2022C/DisplacedJet/RAW/v1/000/355/921/00000/954031ff-50eb-495b-bd52-a33b17140f8e.root 355921 [235,233,234]
/store/data/Run2022C/DisplacedJet/RAW/v1/000/355/921/00000/979dcaad-1b1e-42d7-945e-c76a1bec8a2f.root 355921 [59,61,60]
/store/data/Run2022C/DisplacedJet/RAW/v1/000/355/921/00000/9ab205d8-1e20-4da8-99a2-2bfe58ba2055.root 355921 [142,141]
/store/data/Run2022C/DisplacedJet/RAW/v1/000/355/921/00000/9c28832b-a8c3-414a-9706-79364fdb7443.root 355921 [328,327,326]
/store/data/Run2022C/DisplacedJet/RAW/v1/000/355/921/00000/9cdd2900-5612-4170-b042-f3af82ce414d.root 355921 [438,436,437]
/store/data/Run2022C/DisplacedJet/RAW/v1/000/355/921/00000/a1817855-eb5c-45a7-acab-924395bdd10f.root 355921 [232,231,230]
/store/data/Run2022C/DisplacedJet/RAW/v1/000/355/921/00000/a4b3dff9-d975-4008-a071-3946f05d6e14.root 355921 [210,209]
/store/data/Run2022C/DisplacedJet/RAW/v1/000/355/921/00000/a6855699-7411-46ae-868c-64503330a7d6.root 355921 [287,284,285,286]
/store/data/Run2022C/DisplacedJet/RAW/v1/000/355/921/00000/a6e4a5c3-56ec-407a-bd35-39a86f6f32f3.root 355921 [129,130,131]
/store/data/Run2022C/DisplacedJet/RAW/v1/000/355/921/00000/a7e0533b-9f29-4176-bfdf-23298893372c.root 355921 [88,89,90,87]
/store/data/Run2022C/DisplacedJet/RAW/v1/000/355/921/00000/ac9f1119-e978-4d06-873f-8fb5719d861e.root 355921 [300,301,302]
/store/data/Run2022C/DisplacedJet/RAW/v1/000/355/921/00000/aec09c3f-851d-4582-9e2d-e7b9553298ef.root 355921 [201,202,200]
/store/data/Run2022C/DisplacedJet/RAW/v1/000/355/921/00000/b23722f3-5856-49b5-9b00-4ad108a33113.root 355921 [116,117,115]
/store/data/Run2022C/DisplacedJet/RAW/v1/000/355/921/00000/b849fa56-9364-4848-ad67-d34b8755628e.root 355921 [63,65,64,62]
/store/data/Run2022C/DisplacedJet/RAW/v1/000/355/921/00000/b8524e5a-95c3-4add-ab45-18ec72ffbf84.root 355921 [367,368,369]
/store/data/Run2022C/DisplacedJet/RAW/v1/000/355/921/00000/b89c5dad-1227-4bdf-8d92-bfdaffc896e0.root 355921 [406,408,407]
/store/data/Run2022C/DisplacedJet/RAW/v1/000/355/921/00000/b95faa67-483b-4fd9-8ae3-a5d4d0c1183f.root 355921 [403,404,405]
/store/data/Run2022C/DisplacedJet/RAW/v1/000/355/921/00000/bf88f510-6ead-45aa-836d-b3e09b2f7dc0.root 355921 [218,219,220]
/store/data/Run2022C/DisplacedJet/RAW/v1/000/355/921/00000/c0f92b3f-b75d-468d-aa8b-475b60990e56.root 355921 [296,295,298,299,297,294]
/store/data/Run2022C/DisplacedJet/RAW/v1/000/355/921/00000/c20c85de-1935-4273-8eb3-b25f0c669df7.root 355921 [42,44,43]
/store/data/Run2022C/DisplacedJet/RAW/v1/000/355/921/00000/c32e487e-66a0-4ddf-a36f-30c81fa97bc4.root 355921 [310,311,312]
/store/data/Run2022C/DisplacedJet/RAW/v1/000/355/921/00000/c8703f6e-245c-4a2f-ab77-915fc37cdbda.root 355921 [80,82,81]
/store/data/Run2022C/DisplacedJet/RAW/v1/000/355/921/00000/caf2da60-5fc8-4867-9df4-bfe4b89db5d2.root 355921 [421,422,423]
/store/data/Run2022C/DisplacedJet/RAW/v1/000/355/921/00000/d10d5746-9471-4860-910d-e26a1cf877d1.root 355921 [242,244,243]
/store/data/Run2022C/DisplacedJet/RAW/v1/000/355/921/00000/d1ba9e5b-f0f9-44d9-9a7a-d180f2624318.root 355921 [136,137,135]
/store/data/Run2022C/DisplacedJet/RAW/v1/000/355/921/00000/d2558da3-0588-4896-b499-5ced850f2905.root 355921 [48,49,47]
/store/data/Run2022C/DisplacedJet/RAW/v1/000/355/921/00000/d3ff7350-c2f3-48cc-b99e-54f05f790f2d.root 355921 [58,57]
/store/data/Run2022C/DisplacedJet/RAW/v1/000/355/921/00000/d48d03a0-53f1-4fd1-8a00-bc8c3e5c2220.root 355921 [165,164,166]
/store/data/Run2022C/DisplacedJet/RAW/v1/000/355/921/00000/da5d01ac-3e61-443b-b84b-d618a586a8c0.root 355921 [188,190,189]
/store/data/Run2022C/DisplacedJet/RAW/v1/000/355/921/00000/de93b2b0-2bb7-4376-aead-64585b73d903.root 355921 [349,350,351]
/store/data/Run2022C/DisplacedJet/RAW/v1/000/355/921/00000/dea8a8d5-1820-4485-b4ee-d516053b91c0.root 355921 [84,83,86,85]
/store/data/Run2022C/DisplacedJet/RAW/v1/000/355/921/00000/e263904d-b012-4565-87e7-82e9d6c87e67.root 355921 [263,264,265]
/store/data/Run2022C/DisplacedJet/RAW/v1/000/355/921/00000/e29164d9-a57f-41dd-80b2-8309c9294fca.root 355921 [430,432,433,434,435,431]
/store/data/Run2022C/DisplacedJet/RAW/v1/000/355/921/00000/e29335db-6ee7-4196-b999-dd6b63060d41.root 355921 [179,180,181]
/store/data/Run2022C/DisplacedJet/RAW/v1/000/355/921/00000/e3e213b7-32ca-475d-9b3b-c68d45e8a7ec.root 355921 [153,154,152]
/store/data/Run2022C/DisplacedJet/RAW/v1/000/355/921/00000/e6d533b4-2086-40b1-ad53-8f8673a0afed.root 355921 [338]
/store/data/Run2022C/DisplacedJet/RAW/v1/000/355/921/00000/ea2bcc35-2d62-4541-800e-0295f20621b6.root 355921 [362,363,361]
/store/data/Run2022C/DisplacedJet/RAW/v1/000/355/921/00000/ea7b81d7-b1ac-4070-b3d7-9a1c105c40de.root 355921 [374,373,375]
/store/data/Run2022C/DisplacedJet/RAW/v1/000/355/921/00000/ed58a144-f810-4eb2-a311-c506e30b74e6.root 355921 [46,45]
/store/data/Run2022C/DisplacedJet/RAW/v1/000/355/921/00000/ed99f814-27e1-440c-a88e-752dabfb8372.root 355921 [102,104,103]
/store/data/Run2022C/DisplacedJet/RAW/v1/000/355/921/00000/ef355320-5f95-47a1-9dd6-2609de6c1c19.root 355921 [402,400,401]
/store/data/Run2022C/DisplacedJet/RAW/v1/000/355/921/00000/f51d7619-a9d1-4998-8fa3-c077afd2fa40.root 355921 [382,384,383]
/store/data/Run2022C/DisplacedJet/RAW/v1/000/355/921/00000/f61af829-06c8-408d-a1dd-dac4d81ef43f.root 355921 [206,207,208]
/store/data/Run2022C/DisplacedJet/RAW/v1/000/355/921/00000/fa75d4b7-b919-45b8-8aa2-8231a6b1b6ea.root 355921 [196,194,195]
/store/data/Run2022C/DisplacedJet/RAW/v1/000/355/921/00000/fce8ba88-fcf4-4052-8182-a8e0e30035e1.root 355921 [303,304,305,306]
/store/data/Run2022C/DisplacedJet/RAW/v1/000/355/921/00000/fd2bf93b-3534-4e14-8e3b-f8fdbac18061.root 355921 [396,394,397,398,399,395]
/store/data/Run2022C/DisplacedJet/RAW/v1/000/355/921/00000/fe46b5c6-f3b5-4d55-8c47-1101a809eaaa.root 355921 [272,274,273]
/store/data/Run2022C/DisplacedJet/RAW/v1/000/355/921/00000/ffcffdce-7184-41cb-840c-aadfeb86646a.root 355921 [321,319,320]
