/store/data/Run2024B/ZeroBias/RAW/v1/000/378/985/00000/033f1a92-0188-42b9-995f-b84ed0ac1336.root 378985 [315,317,318,316]
/store/data/Run2024B/ZeroBias/RAW/v1/000/378/985/00000/063b5b7f-057e-4a46-891f-f7b475e55e94.root 378985 [388,391,389,390]
/store/data/Run2024B/ZeroBias/RAW/v1/000/378/985/00000/06f77e68-806c-46d6-b594-74372d462f5e.root 378985 [194,188,193,192,190,195,189,191,187]
/store/data/Run2024B/ZeroBias/RAW/v1/000/378/985/00000/0ec93dbd-4f90-46d3-adf8-9d246166bfcd.root 378985 [769,770,771,768,767]
/store/data/Run2024B/ZeroBias/RAW/v1/000/378/985/00000/0ed8515b-7363-41a3-9608-56bca7c2c556.root 378985 [601,604,605,602,603]
/store/data/Run2024B/ZeroBias/RAW/v1/000/378/985/00000/11294e89-f91b-4899-959e-3818ec5253f1.root 378985 [376,378,377,379]
/store/data/Run2024B/ZeroBias/RAW/v1/000/378/985/00000/11681899-5f48-4e26-949d-30e452ae1ba6.root 378985 [256,259,257,255,258]
/store/data/Run2024B/ZeroBias/RAW/v1/000/378/985/00000/1bee562a-3163-4f1a-a983-c1bd44ecf5a2.root 378985 [801,799,797,798,800]
/store/data/Run2024B/ZeroBias/RAW/v1/000/378/985/00000/1c000677-e469-4ade-8a11-c2abc66c55cd.root 378985 [791,789,790,787,788]
/store/data/Run2024B/ZeroBias/RAW/v1/000/378/985/00000/1ee7d260-f5d4-4c63-91aa-199b8b34020a.root 378985 [307,309,310,308]
/store/data/Run2024B/ZeroBias/RAW/v1/000/378/985/00000/1f3e9625-f62b-487e-80d5-b844e8b18127.root 378985 [403,400,401,402]
/store/data/Run2024B/ZeroBias/RAW/v1/000/378/985/00000/206b84c4-b493-40c4-aed1-ef731d795c1f.root 378985 [573,575,571,572,574]
/store/data/Run2024B/ZeroBias/RAW/v1/000/378/985/00000/22e0061a-4fe8-40fb-b053-084cb50a3677.root 378985 [396,399,397,398]
/store/data/Run2024B/ZeroBias/RAW/v1/000/378/985/00000/241b0d27-071d-4ade-96f7-d6a3af3f8946.root 378985 [314,312,311,313]
/store/data/Run2024B/ZeroBias/RAW/v1/000/378/985/00000/24a7a80a-1d0b-4847-9b34-08f07283dabf.root 378985 [578,576,580,579,577]
/store/data/Run2024B/ZeroBias/RAW/v1/000/378/985/00000/24b75f95-6fc3-48f1-8d37-b8fea30a03c6.root 378985 [154,152,156,151,155,157,158,159,153]
/store/data/Run2024B/ZeroBias/RAW/v1/000/378/985/00000/263c4120-6836-4af7-bd4c-5704d3757ee4.root 378985 [662,663,664,661,665]
/store/data/Run2024B/ZeroBias/RAW/v1/000/378/985/00000/269d4f27-f64b-41eb-9bd8-f1bc7792dbc4.root 378985 [382,381,383,380]
/store/data/Run2024B/ZeroBias/RAW/v1/000/378/985/00000/2733bc3f-1562-49e1-8342-0b2da83c875a.root 378985 [785,782,783,786,784]
/store/data/Run2024B/ZeroBias/RAW/v1/000/378/985/00000/2bc6dacb-757b-4658-b3a2-5750a0efb3c6.root 378985 [135,140,133,139,136,141,137,134,138]
/store/data/Run2024B/ZeroBias/RAW/v1/000/378/985/00000/2d8d4560-a6f9-4bbd-b09e-a75c66b48373.root 378985 [501,502,503,505,504]
/store/data/Run2024B/ZeroBias/RAW/v1/000/378/985/00000/3020127b-331d-41f6-8d62-6580877411d5.root 378985 [830,822,824,825,829,826,827,831,823,828,832]
/store/data/Run2024B/ZeroBias/RAW/v1/000/378/985/00000/313103c5-2e49-4d23-916f-90f1516ce40d.root 378985 [354,351,352,353]
/store/data/Run2024B/ZeroBias/RAW/v1/000/378/985/00000/326e8926-084d-4792-aec4-8a532559fef5.root 378985 [737,740,738,739,741]
/store/data/Run2024B/ZeroBias/RAW/v1/000/378/985/00000/37310dcb-6a75-4eb4-a37a-9a9547cbd90f.root 378985 [734,736,732,733,735]
/store/data/Run2024B/ZeroBias/RAW/v1/000/378/985/00000/383722f9-646b-4f8c-9cb1-a7128a2f17a6.root 378985 [434,433,436,435]
/store/data/Run2024B/ZeroBias/RAW/v1/000/378/985/00000/38976d39-5fbb-41f9-b8fa-4492a053c2a4.root 378985 [722,723,726,724,725]
/store/data/Run2024B/ZeroBias/RAW/v1/000/378/985/00000/38a584f0-1044-4a78-95b1-67c89c998594.root 378985 [8,10,16,21,22,23,19,24,35,36,11,32,9,15,20,31,3,6,14,17,27,28,29,34,37,38,5,13,18,2,4,12,30,33,1,7,25,26]
/store/data/Run2024B/ZeroBias/RAW/v1/000/378/985/00000/38c67b56-971e-4332-bd51-e1c3fa3ff4c9.root 378985 [606,609,610,608,607]
/store/data/Run2024B/ZeroBias/RAW/v1/000/378/985/00000/39091e8c-cf02-411c-b8c1-c41892816258.root 378985 [366,365,363,364]
/store/data/Run2024B/ZeroBias/RAW/v1/000/378/985/00000/396cc633-590b-4cc7-9379-dfa8d789237b.root 378985 [341,339,342,340]
/store/data/Run2024B/ZeroBias/RAW/v1/000/378/985/00000/398ad050-5b08-4b6b-9084-d768e09b64db.root 378985 [172,173,174,171,177,175,169,176,170]
/store/data/Run2024B/ZeroBias/RAW/v1/000/378/985/00000/3b974425-3e64-4d14-a3ed-9d7605e0259b.root 378985 [538,540,536,537,539]
/store/data/Run2024B/ZeroBias/RAW/v1/000/378/985/00000/401c5d58-6a60-48c1-ab3f-e89f420c068e.root 378985 [506,507,509,510,508]
/store/data/Run2024B/ZeroBias/RAW/v1/000/378/985/00000/44d1c4bb-5fbf-4afb-9773-d1a19558c916.root 378985 [491,495,494,492,493]
/store/data/Run2024B/ZeroBias/RAW/v1/000/378/985/00000/462b5ebb-319c-471d-9aa9-a11a3bb84a81.root 378985 [728,730,731,729,727]
/store/data/Run2024B/ZeroBias/RAW/v1/000/378/985/00000/47eb3fb7-72c3-4705-a050-9ca2927d75b4.root 378985 [230,228,229,226,225,227]
/store/data/Run2024B/ZeroBias/RAW/v1/000/378/985/00000/48ac54a4-1c67-44f7-9081-4706c0f33ba4.root 378985 [291,294,290,293,292]
/store/data/Run2024B/ZeroBias/RAW/v1/000/378/985/00000/4a9d65af-d511-41e0-b9da-4a6a31210766.root 378985 [447,449,450,451,448]
/store/data/Run2024B/ZeroBias/RAW/v1/000/378/985/00000/4be249b6-8cd6-4273-92bc-67a3125e4d1b.root 378985 [760,757,758,759,761]
/store/data/Run2024B/ZeroBias/RAW/v1/000/378/985/00000/4df999fa-a341-4da7-b60a-bc1dc52d6e8f.root 378985 [752,754,753,755,756]
/store/data/Run2024B/ZeroBias/RAW/v1/000/378/985/00000/4fecc16b-52bd-43e0-9e5b-585272fedc57.root 378985 [142,146,149,145,147,143,144,148,150]
/store/data/Run2024B/ZeroBias/RAW/v1/000/378/985/00000/4ff467d1-711f-4ac7-99e2-522eb88f2838.root 378985 [320,322,319,321]
/store/data/Run2024B/ZeroBias/RAW/v1/000/378/985/00000/50fa7e13-516b-4dbb-b29e-2943c90a27a1.root 378985 [395,394,392,393]
/store/data/Run2024B/ZeroBias/RAW/v1/000/378/985/00000/52d6ed7c-698e-4c3e-b155-e26fdb794ec4.root 378985 [440,439,437,438,441]
/store/data/Run2024B/ZeroBias/RAW/v1/000/378/985/00000/5554e383-a448-4f3c-8686-add97b3e42ad.root 378985 [639,640,637,636,638]
/store/data/Run2024B/ZeroBias/RAW/v1/000/378/985/00000/55d09183-c49d-4fb2-9ff7-df1979a48f46.root 378985 [669,667,666,668,670]
/store/data/Run2024B/ZeroBias/RAW/v1/000/378/985/00000/571050ed-c43b-4ed2-a535-7dbcf7974031.root 378985 [297,296,298,295]
/store/data/Run2024B/ZeroBias/RAW/v1/000/378/985/00000/5794c25d-10e0-436e-9a30-c154154aeed4.root 378985 [478,480,477,476,479]
/store/data/Run2024B/ZeroBias/RAW/v1/000/378/985/00000/5cd87c74-3fb5-478e-928d-1263a0ac914a.root 378985 [690,689,686,687,688]
/store/data/Run2024B/ZeroBias/RAW/v1/000/378/985/00000/5ce6a5eb-4972-4119-8842-38dd417c2c9f.root 378985 [811,809,808,807,810]
/store/data/Run2024B/ZeroBias/RAW/v1/000/378/985/00000/5eabaeab-be98-4ff0-aa90-2c36286cdcfd.root 378985 [702,705,706,703,704]
/store/data/Run2024B/ZeroBias/RAW/v1/000/378/985/00000/60bbf0d1-dde1-4271-af67-259a1e37c2fc.root 378985 [384,386,387,385]
/store/data/Run2024B/ZeroBias/RAW/v1/000/378/985/00000/64050d1b-5715-4b64-b82f-10b095f98c03.root 378985 [220,223,219,221,222,224]
/store/data/Run2024B/ZeroBias/RAW/v1/000/378/985/00000/66d2e8da-848a-4b01-8db0-fa56e9b0d2cb.root 378985 [327,328,329,330]
/store/data/Run2024B/ZeroBias/RAW/v1/000/378/985/00000/68bdb4c1-7d0b-4be9-8085-3f61a4e5a15c.root 378985 [775,774,773,772,776]
/store/data/Run2024B/ZeroBias/RAW/v1/000/378/985/00000/6b313a19-69c4-4868-ae7f-ca5736161b2e.root 378985 [526,528,527,530,529]
/store/data/Run2024B/ZeroBias/RAW/v1/000/378/985/00000/6b5c6ad1-5635-43a8-a3e9-83228cbaa24c.root 378985 [588,587,590,586,589]
/store/data/Run2024B/ZeroBias/RAW/v1/000/378/985/00000/6f1b563d-8e03-4734-aa58-2e0ec4971669.root 378985 [524,523,521,522,525]
/store/data/Run2024B/ZeroBias/RAW/v1/000/378/985/00000/6fb98bfd-1ab0-469c-aaff-2a5f4fe85747.root 378985 [408,409,411,410]
/store/data/Run2024B/ZeroBias/RAW/v1/000/378/985/00000/71f590d8-9633-4c62-9ca1-e99225f5756a.root 378985 [615,612,613,614,611]
/store/data/Run2024B/ZeroBias/RAW/v1/000/378/985/00000/7414ac04-b521-4db2-b3f1-ecf5fc9c39ff.root 378985 [338,335,337,336]
/store/data/Run2024B/ZeroBias/RAW/v1/000/378/985/00000/767d3ecb-414f-49b6-b3e0-50052fb1fe77.root 378985 [582,585,584,581,583]
/store/data/Run2024B/ZeroBias/RAW/v1/000/378/985/00000/7d410436-4228-469f-b81c-d235f81de6f5.root 378985 [355,357,356,358]
/store/data/Run2024B/ZeroBias/RAW/v1/000/378/985/00000/818352d1-ba73-40ec-bf1b-0fde23963ada.root 378985 [300,301,302,299]
/store/data/Run2024B/ZeroBias/RAW/v1/000/378/985/00000/8299389f-1e1d-4d8a-8909-f298769e150f.root 378985 [764,762,765,766,763]
/store/data/Run2024B/ZeroBias/RAW/v1/000/378/985/00000/873d5faa-a3d9-498f-94cc-74ba24080541.root 378985 [642,644,641,643,645]
/store/data/Run2024B/ZeroBias/RAW/v1/000/378/985/00000/89fe9c51-d2eb-439a-862e-8a8299db0580.root 378985 [515,514,512,511,513]
/store/data/Run2024B/ZeroBias/RAW/v1/000/378/985/00000/8a9f876b-f7dd-4adf-98f7-604337a767db.root 378985 [681,682,683,684,685]
/store/data/Run2024B/ZeroBias/RAW/v1/000/378/985/00000/8b2a3ec0-46db-4e7b-85a8-5f4c6ad85c54.root 378985 [803,802,804,806,805]
/store/data/Run2024B/ZeroBias/RAW/v1/000/378/985/00000/8bb752a8-d3ac-416b-9c48-1e41bd5eaadc.root 378985 [332,334,331,333]
/store/data/Run2024B/ZeroBias/RAW/v1/000/378/985/00000/8e963313-4643-4cec-a2ed-da8090d13019.root 378985 [288,289,285,286,287]
/store/data/Run2024B/ZeroBias/RAW/v1/000/378/985/00000/9684c0a9-0c7f-4277-923c-e34fb17d2193.root 378985 [649,648,650,646,647]
/store/data/Run2024B/ZeroBias/RAW/v1/000/378/985/00000/98279a4f-8ac7-4756-96bc-95e31b2978f1.root 378985 [71,79,76,72,73,74,77,78,75]
/store/data/Run2024B/ZeroBias/RAW/v1/000/378/985/00000/98b719e0-d39c-4a47-a4e2-cf217f59397b.root 378985 [486,490,488,487,489]
/store/data/Run2024B/ZeroBias/RAW/v1/000/378/985/00000/99032a89-fb5b-45d3-ab3f-7f0a8c80cb84.root 378985 [426,427,424,425]
/store/data/Run2024B/ZeroBias/RAW/v1/000/378/985/00000/9bc0c355-f334-4893-bacd-9ccde9bf583f.root 378985 [818,819,821,820,817]
/store/data/Run2024B/ZeroBias/RAW/v1/000/378/985/00000/9c77cf43-81e9-4420-8e53-aceb7a17d0e7.root 378985 [198,202,197,199,203,196,204,200,201]
/store/data/Run2024B/ZeroBias/RAW/v1/000/378/985/00000/9cb85e73-0ca2-45d3-9007-a7ab5c23d918.root 378985 [694,692,693,691,695]
/store/data/Run2024B/ZeroBias/RAW/v1/000/378/985/00000/9d1dff79-8834-4778-83ed-7986ee5237b3.root 378985 [454,453,455,456,452]
/store/data/Run2024B/ZeroBias/RAW/v1/000/378/985/00000/9d3a852e-24dd-4220-a984-d951988d2d81.root 378985 [432,430,431,429,428]
/store/data/Run2024B/ZeroBias/RAW/v1/000/378/985/00000/9d55665a-84d3-48e1-9f73-6737d6f6703f.root 378985 [475,471,474,473,472]
/store/data/Run2024B/ZeroBias/RAW/v1/000/378/985/00000/9e3ccb5c-1bc0-4a95-a982-598342cb015b.root 378985 [469,470,467,468]
/store/data/Run2024B/ZeroBias/RAW/v1/000/378/985/00000/9f6e9206-772d-4102-9f58-45d50eec3f71.root 378985 [212,213,218,217,216,215,214]
/store/data/Run2024B/ZeroBias/RAW/v1/000/378/985/00000/9f9d4851-2bce-44dd-bb76-56bec15e4c54.root 378985 [181,180,184,178,182,183,186,185,179]
/store/data/Run2024B/ZeroBias/RAW/v1/000/378/985/00000/a0d64218-efac-40af-9925-b47b210a75e3.root 378985 [744,743,742,745,746]
/store/data/Run2024B/ZeroBias/RAW/v1/000/378/985/00000/a136af09-f719-4767-97cd-89532fa64fa4.root 378985 [715,712,713,714,716]
/store/data/Run2024B/ZeroBias/RAW/v1/000/378/985/00000/a42cc015-f46d-4b26-af79-632a51dac33f.root 378985 [347,350,348,349]
/store/data/Run2024B/ZeroBias/RAW/v1/000/378/985/00000/a4e92343-ebb6-4efd-8ec6-df73a43662ea.root 378985 [651,654,653,655,652]
/store/data/Run2024B/ZeroBias/RAW/v1/000/378/985/00000/a642dbfc-43be-48ca-a253-08a2da3300f8.root 378985 [621,622,625,623,624]
/store/data/Run2024B/ZeroBias/RAW/v1/000/378/985/00000/a7280c1d-7c84-4f45-8aba-5ea55c918aa0.root 378985 [160,163,162,168,167,164,165,161,166]
/store/data/Run2024B/ZeroBias/RAW/v1/000/378/985/00000/a8369e25-6467-4783-a703-14511c7c0b00.root 378985 [698,701,696,697,699,700]
/store/data/Run2024B/ZeroBias/RAW/v1/000/378/985/00000/a93da6d3-3841-4bf6-8b2d-15a73d873a57.root 378985 [553,551,554,552,555]
/store/data/Run2024B/ZeroBias/RAW/v1/000/378/985/00000/a9dd3801-ef19-4106-9d75-4eaddac74efe.root 378985 [675,671,673,672,674]
/store/data/Run2024B/ZeroBias/RAW/v1/000/378/985/00000/aafdbfd0-b484-4e0e-b13b-b112408b0a39.root 378985 [325,326,324,323]
/store/data/Run2024B/ZeroBias/RAW/v1/000/378/985/00000/ab1fcf18-3413-4b64-8ad3-edf93b81feac.root 378985 [120,119,115,123,117,118,116,121,122]
/store/data/Run2024B/ZeroBias/RAW/v1/000/378/985/00000/ab78775e-4d28-41fd-ab47-2dd38a5c9b1b.root 378985 [109,108,110,112,107,104,106,114,105,111,113]
/store/data/Run2024B/ZeroBias/RAW/v1/000/378/985/00000/ac37f545-2a75-4971-befc-42b3aaabbc9e.root 378985 [543,542,544,545,541]
/store/data/Run2024B/ZeroBias/RAW/v1/000/378/985/00000/ad15d0b5-6d96-4547-8f74-29cde325fa1b.root 378985 [207,208,206,210,209,205,211]
/store/data/Run2024B/ZeroBias/RAW/v1/000/378/985/00000/ae2c8caa-d46c-47ab-b109-62f343fc2077.root 378985 [346,343,344,345]
/store/data/Run2024B/ZeroBias/RAW/v1/000/378/985/00000/b098d1d6-d96c-4916-b055-2c2f1f785767.root 378985 [373,371,372,374]
/store/data/Run2024B/ZeroBias/RAW/v1/000/378/985/00000/b45b7986-b68d-457b-9205-c58fb264d5ae.root 378985 [415,412,413,414]
/store/data/Run2024B/ZeroBias/RAW/v1/000/378/985/00000/b5e5dd11-28e5-4d6f-9fd2-3702c1dfe649.root 378985 [132,131,126,127,128,130,129,125,124]
/store/data/Run2024B/ZeroBias/RAW/v1/000/378/985/00000/ba8a8beb-bcbf-4cbe-b36b-ceaa77d83c86.root 378985 [462,466,463,464,465]
/store/data/Run2024B/ZeroBias/RAW/v1/000/378/985/00000/bbd3b89b-2f94-4df0-a0be-ea0fe703bc3c.root 378985 [718,720,721,717,719]
/store/data/Run2024B/ZeroBias/RAW/v1/000/378/985/00000/bd0aedc2-42a8-43ad-83cc-613a71b40c9a.root 378985 [406,404,405,407]
/store/data/Run2024B/ZeroBias/RAW/v1/000/378/985/00000/bf806cc9-4313-4c3a-8738-e16c57b533b5.root 378985 [306,303,304,305]
/store/data/Run2024B/ZeroBias/RAW/v1/000/378/985/00000/bf9c6105-1d31-4968-8587-a15b84a9c553.root 378985 [237,242,240,238,241,239]
/store/data/Run2024B/ZeroBias/RAW/v1/000/378/985/00000/bfe8c969-4d6e-4c7e-952a-fc87a239a841.root 378985 [516,519,518,520,517]
/store/data/Run2024B/ZeroBias/RAW/v1/000/378/985/00000/c699b4a8-e50f-4d1e-a99b-c366a37ac6dd.root 378985 [232,233,236,231,234,235]
/store/data/Run2024B/ZeroBias/RAW/v1/000/378/985/00000/c7849180-7dc1-4574-bf3c-e8efa06ec1b5.root 378985 [750,749,751,747,748]
/store/data/Run2024B/ZeroBias/RAW/v1/000/378/985/00000/c8515bb9-0120-47e9-8cac-b6f34e8ac676.root 378985 [570,568,569,566,567]
/store/data/Run2024B/ZeroBias/RAW/v1/000/378/985/00000/cc67d0eb-c02a-4aee-9d14-6fd3418f29b4.root 378985 [264,262,260,261,263]
/store/data/Run2024B/ZeroBias/RAW/v1/000/378/985/00000/cce85b1c-0ff3-4a75-929c-124565e9b905.root 378985 [100,94,96,99,101,103,91,102,92,95,93,98,97]
/store/data/Run2024B/ZeroBias/RAW/v1/000/378/985/00000/ccecbe4c-6119-42ca-9e68-e0bedc43128f.root 378985 [547,550,546,548,549]
/store/data/Run2024B/ZeroBias/RAW/v1/000/378/985/00000/cda0957b-0ff4-4dc1-b7f2-2a8a7bf74ec1.root 378985 [281,283,280,284,282]
/store/data/Run2024B/ZeroBias/RAW/v1/000/378/985/00000/cf35eabd-3e52-4de5-86b0-b4c5db4c1142.root 378985 [446,443,445,442,444]
/store/data/Run2024B/ZeroBias/RAW/v1/000/378/985/00000/d04b79da-7070-429e-b2ac-14e0defb4074.root 378985 [419,417,416,418]
/store/data/Run2024B/ZeroBias/RAW/v1/000/378/985/00000/d05e360a-7119-4e34-bc7e-77f7bdd87451.root 378985 [276,275,279,278,277]
/store/data/Run2024B/ZeroBias/RAW/v1/000/378/985/00000/d1049fe5-0dd0-4833-bdef-2a2569a6b1ef.root 378985 [243,244,245,246,248,247]
/store/data/Run2024B/ZeroBias/RAW/v1/000/378/985/00000/d126db8f-7034-48e6-93a5-b5035d1eca0a.root 378985 [89,90,83,81,84,86,87,88,82,85,80]
/store/data/Run2024B/ZeroBias/RAW/v1/000/378/985/00000/d410ad61-801b-49dc-a8de-e8d0b69a8c96.root 378985 [556,557,560,558,559]
/store/data/Run2024B/ZeroBias/RAW/v1/000/378/985/00000/d4e8bc29-67b6-4d6c-b2b0-03b223577838.root 378985 [626,630,627,629,628]
/store/data/Run2024B/ZeroBias/RAW/v1/000/378/985/00000/d5609ded-d402-4c0b-928e-363e7508369e.root 378985 [535,531,532,533,534]
/store/data/Run2024B/ZeroBias/RAW/v1/000/378/985/00000/d60e4b47-0c3f-46e8-890e-bd03425b5db4.root 378985 [421,420,422,423]
/store/data/Run2024B/ZeroBias/RAW/v1/000/378/985/00000/d6dd410f-05b3-4594-a09a-94ff9b27a5e3.root 378985 [677,680,676,678,679]
/store/data/Run2024B/ZeroBias/RAW/v1/000/378/985/00000/d7ab1431-16a9-4ce5-a668-bad17549d261.root 378985 [777,779,778,781,780]
/store/data/Run2024B/ZeroBias/RAW/v1/000/378/985/00000/d7b1a7e4-c382-49c6-8d02-f7e905d1918c.root 378985 [266,268,267,269,265]
/store/data/Run2024B/ZeroBias/RAW/v1/000/378/985/00000/daa15247-8b40-499c-bcaa-6c75781f8edb.root 378985 [595,591,592,594,593]
/store/data/Run2024B/ZeroBias/RAW/v1/000/378/985/00000/dde02f5a-d319-4f89-a1f4-e6db56e69df6.root 378985 [251,252,249,254,250,253]
/store/data/Run2024B/ZeroBias/RAW/v1/000/378/985/00000/e023a741-751f-4963-bdbc-e9f4842567ab.root 378985 [561,564,562,565,563]
/store/data/Run2024B/ZeroBias/RAW/v1/000/378/985/00000/e0fd2fc8-909b-463b-a0b3-c33ba0ff4ab8.root 378985 [459,457,458,460,461]
/store/data/Run2024B/ZeroBias/RAW/v1/000/378/985/00000/e1b1ba25-b31c-494b-9b55-aa2a19a21743.root 378985 [360,359,362,361]
/store/data/Run2024B/ZeroBias/RAW/v1/000/378/985/00000/e36fab44-fbb6-43e6-ae39-ba75b15b580c.root 378985 [709,710,708,707,711]
/store/data/Run2024B/ZeroBias/RAW/v1/000/378/985/00000/e7ed7a1c-1605-4f11-ba77-33f477cd54a4.root 378985 [368,370,367,369]
/store/data/Run2024B/ZeroBias/RAW/v1/000/378/985/00000/e8dee56c-d79c-42b8-a20f-b13514417a8d.root 378985 [498,497,499,496,500]
/store/data/Run2024B/ZeroBias/RAW/v1/000/378/985/00000/ed2922b5-5c9d-440d-a24b-122bdd07f3f3.root 378985 [483,481,485,482,484]
/store/data/Run2024B/ZeroBias/RAW/v1/000/378/985/00000/f03b0824-c28e-429a-883b-c66f558da1d2.root 378985 [64,63,66,70,62,69,65,67,68]
/store/data/Run2024B/ZeroBias/RAW/v1/000/378/985/00000/f281fed7-f43d-49f6-bcd7-30713d1ae8bb.root 378985 [616,620,617,618,619]
/store/data/Run2024B/ZeroBias/RAW/v1/000/378/985/00000/f71083d0-a9bf-45e9-a248-a74ad3cb2e46.root 378985 [270,273,271,272,274]
/store/data/Run2024B/ZeroBias/RAW/v1/000/378/985/00000/f8aa6ce9-7908-4f42-a5dc-82ab9fc4d3ca.root 378985 [596,599,597,598,600]
/store/data/Run2024B/ZeroBias/RAW/v1/000/378/985/00000/fa78235e-f51b-48cb-852f-c5d6e918e0d9.root 378985 [39,47,50,60,45,52,55,44,57,43,58,40,46,51,56,41,49,42,48,53,54,59,61]
/store/data/Run2024B/ZeroBias/RAW/v1/000/378/985/00000/fec70f48-c31d-40c7-a918-84f3117b0cc7.root 378985 [814,815,812,816,813]
/store/data/Run2024B/ZeroBias/RAW/v1/000/378/985/00000/fefa43bf-4ef7-47f8-9106-6482b2d2f1b3.root 378985 [795,793,794,792,796]
/store/data/Run2024B/ZeroBias/RAW/v1/000/378/985/00000/ff45d2f9-c863-48b2-922c-432d43050a3a.root 378985 [634,632,635,631,633]
/store/data/Run2024B/ZeroBias/RAW/v1/000/378/985/00000/ff61f183-5a34-4908-9ee7-1f11f4270fcb.root 378985 [658,657,660,656,659]
