/store/data/Run2022E/Muon/RAW/v1/000/359/569/00000/14403120-cd8f-4e28-8f98-ebe86925ad93.root 359569 [67,73,75,81,68,70,71,74,79,76,82,72,78,69,77,80]
/store/data/Run2022E/Muon/RAW/v1/000/359/569/00000/6ca05a3c-4001-4257-a990-1131ffe7a8d0.root 359569 [1,3,6,7,29,12,14,20,23,26,31,8,2,10,17,18,19,9,11,21,32,5,13,15,22,24,28,27,4,16,25,30,33]
/store/data/Run2022E/Muon/RAW/v1/000/359/569/00000/e666a8fa-ca88-476d-a140-c1091016f4ab.root 359569 [36,55,57,35,44,46,47,65,38,50,56,60,37,41,58,66,40,45,53,64,39,54,61,62,63,42,48,51,34,43,49,52,59]
/store/data/Run2022E/Muon/RAW/v1/000/359/571/00000/7471a2ff-d2b8-4a47-85cb-39af89911a1a.root 359571 [50,53,63,64,66,72,37,42,47,48,58,69,70,38,43,46,55,57,61,65,51,68,71,41,52,56,54,60,39,49,59,67,40,44,45,62]
/store/data/Run2022E/Muon/RAW/v1/000/359/571/00000/8efc11dd-35ea-411c-83c5-941a04542850.root 359571 [4,17,23,24,35,1,5,6,10,13,14,26,30,32,36,12,22,25,29,11,16,9,15,19,21,31,33,3,8,18,20,34,7,27,28,2]
/store/data/Run2022E/Muon/RAW/v1/000/359/571/00000/c507e3b2-5328-488c-85a4-d059352dac27.root 359571 [150,157,163,165,167,156,158,159,162,152,153,154,161,166,151,155,164,148,146,147,149,160]
/store/data/Run2022E/Muon/RAW/v1/000/359/571/00000/c60ec3f8-28e5-42bb-9802-81c5c868259f.root 359571 [73,77,92,97,100,102,89,101,86,88,94,108,80,90,91,95,96,98,99,74,76,82,83,85,75,87,106,79,93,104,105,107,78,81,84,103,109]
/store/data/Run2022E/Muon/RAW/v1/000/359/571/00000/df0eccae-41ad-4c5b-8f7b-672b3b065a3a.root 359571 [110,111,117,118,120,126,136,141,142,112,119,128,144,116,129,130,124,127,138,139,113,122,125,135,131,137,145,114,121,115,123,132,133,134,140,143]
/store/data/Run2022E/Muon/RAW/v1/000/359/575/00000/6ab138f8-b6d0-482c-98f5-fa8d3814b9cc.root 359575 [35,37,3,10,24,26,28,33,34,9,12,20,29,6,18,22,4,13,16,32,2,8,11,15,25,30,31,5,17,19,21,23,1,7,14,27,36]
/store/data/Run2022E/Muon/RAW/v1/000/359/575/00000/78ab8522-e6bb-4486-ae7d-1d33966415c3.root 359575 [88,86,76,83,89,82,81,84,85,78,79,80,75,87,77]
/store/data/Run2022E/Muon/RAW/v1/000/359/575/00000/cea3c78a-8b37-4757-8e12-bad760c6be14.root 359575 [46,60,69,71,38,55,56,59,66,72,74,39,40,43,45,47,58,49,61,70,42,44,48,57,73,51,52,67,62,63,68,41,50,53,54,64,65]
/store/data/Run2022E/Muon/RAW/v1/000/359/595/00000/0e3725be-a43e-4de2-a06c-2b9730b95c55.root 359595 [220,218,216,217,222,223,225,219,224,227,221,226]
/store/data/Run2022E/Muon/RAW/v1/000/359/595/00000/0ee0a2c3-43bc-44e8-a061-e9bf8c301f54.root 359595 [40,45,38,41,44,50,48,52,56,46,47,51,42,43,54,57,39,49,53,55]
/store/data/Run2022E/Muon/RAW/v1/000/359/595/00000/125a6d19-1372-491f-8c4a-f12b38f301d0.root 359595 [243,244,242,250,246,249,251,248,253,245,252,241,247]
/store/data/Run2022E/Muon/RAW/v1/000/359/595/00000/17c806c2-7484-452e-85bc-b18ed9026e85.root 359595 [154,158,164,155,156,157,159,161,153,160,162,163]
/store/data/Run2022E/Muon/RAW/v1/000/359/595/00000/18a5dab6-e9a6-42e4-bccb-959caa1c7cec.root 359595 [197,190,194,199,193,202,191,198,192,195,196,200,201]
/store/data/Run2022E/Muon/RAW/v1/000/359/595/00000/26f1fd0b-345d-40d8-b367-da5a434d9b0b.root 359595 [122,114,115,118,120,123,119,116,117,124,121,125,126]
/store/data/Run2022E/Muon/RAW/v1/000/359/595/00000/3ac55ecc-5f73-488b-b327-bd4b5340e43e.root 359595 [232,234,237,229,239,240,231,235,238,228,236,230,233]
/store/data/Run2022E/Muon/RAW/v1/000/359/595/00000/57853b6a-7bfb-4b4a-b228-e3f94b674dff.root 359595 [81,83,85,82,84,75,76,80,77,86,87,78,79]
/store/data/Run2022E/Muon/RAW/v1/000/359/595/00000/67d86beb-d58a-4603-a72f-7109394d719a.root 359595 [166,165,169,170,173,175,167,168,171,174,176,172]
/store/data/Run2022E/Muon/RAW/v1/000/359/595/00000/84af2887-bc88-40c1-96ac-4c14b33e5d25.root 359595 [66,64,69,73,60,61,70,74,72,58,65,62,63,67,68,59,71]
/store/data/Run2022E/Muon/RAW/v1/000/359/595/00000/862edeb7-aea8-4c6a-b0ce-e9319446923b.root 359595 [107,111,104,108,110,113,102,105,109,112,101,103,106]
/store/data/Run2022E/Muon/RAW/v1/000/359/595/00000/923bfcdb-6c56-4a06-b1da-4b29681f351c.root 359595 [269,272,274,276,279,271,280,268,273,275,277,278,270]
/store/data/Run2022E/Muon/RAW/v1/000/359/595/00000/9336f1e4-4291-4147-baea-666d1920aa08.root 359595 [287,282,285,286,283,289,284,281,288]
/store/data/Run2022E/Muon/RAW/v1/000/359/595/00000/968c9454-a547-42da-8462-25034be89858.root 359595 [128,133,134,138,132,127,130,139,131,135,129,136,137]
/store/data/Run2022E/Muon/RAW/v1/000/359/595/00000/9dda8cd7-2bda-4fc2-a6eb-4d5e88876a12.root 359595 [177,179,180,182,188,178,183,185,186,181,187,189,184]
/store/data/Run2022E/Muon/RAW/v1/000/359/595/00000/afa33acf-2e7b-458b-bfa4-3ca368819848.root 359595 [9,18,20,21,32,17,24,27,30,34,23,1,3,8,12,5,6,7,11,13,35,4,10,15,25,28,29,36,2,14,16,26,33,37,19,22,31]
/store/data/Run2022E/Muon/RAW/v1/000/359/595/00000/b9286b31-0762-46e1-abbf-e82a7283a96e.root 359595 [140,142,145,141,144,146,149,151,152,150,143,147,148]
/store/data/Run2022E/Muon/RAW/v1/000/359/595/00000/ba08280c-12af-432e-88ca-65468ac55701.root 359595 [255,261,263,267,256,257,258,262,259,266,254,260,265,264]
/store/data/Run2022E/Muon/RAW/v1/000/359/595/00000/d71a549b-dff5-4cb1-b7b1-ebc514aa6cb0.root 359595 [204,208,212,207,203,206,209,211,214,205,210,215,213]
/store/data/Run2022E/Muon/RAW/v1/000/359/595/00000/e778ba6a-4b61-41d4-958e-b252c3d29ce2.root 359595 [90,95,88,94,96,98,97,89,91,99,100,92,93]
