/store/data/Run2023B/EGamma0/RAW/v1/000/366/727/00000/09696c26-876b-4664-b33d-e94eece45eb7.root 366727 [134,133,132]
/store/data/Run2023B/EGamma0/RAW/v1/000/366/727/00000/34fc45bb-4f2f-44f1-b0d3-2b4e11886b25.root 366727 [55,54,57,53,56,58]
/store/data/Run2023B/EGamma0/RAW/v1/000/366/727/00000/39461de5-6326-4c00-aebc-5c2fbddbd33d.root 366727 [42,38,41,45,39,44,43,40]
/store/data/Run2023B/EGamma0/RAW/v1/000/366/727/00000/43100496-6fef-4f23-b426-9af99d9e0d3d.root 366727 [72,71,75,74,73]
/store/data/Run2023B/EGamma0/RAW/v1/000/366/727/00000/4d011cec-1530-42e3-a354-373ed6e527db.root 366727 [104,103,102]
/store/data/Run2023B/EGamma0/RAW/v1/000/366/727/00000/543974d9-4aec-4808-bbc5-acab7175a8fb.root 366727 [95,97,96,94]
/store/data/Run2023B/EGamma0/RAW/v1/000/366/727/00000/546e81ab-b87c-400f-8079-46b1b00c9a01.root 366727 [65,70,66,67,68,69]
/store/data/Run2023B/EGamma0/RAW/v1/000/366/727/00000/62e82e30-b4ed-478c-a341-b8d61903f2cf.root 366727 [33,30,31,36,35,32,37,34]
/store/data/Run2023B/EGamma0/RAW/v1/000/366/727/00000/643e700f-bb0d-4af1-9e36-671d7578ca10.root 366727 [47,48,49,46,50,51,52]
/store/data/Run2023B/EGamma0/RAW/v1/000/366/727/00000/6bc19e22-f9c8-47be-9850-84f3c97bc24c.root 366727 [81,82,83,85,84]
/store/data/Run2023B/EGamma0/RAW/v1/000/366/727/00000/70de4a7e-b800-42b6-b025-cfbd49644b42.root 366727 [105,107,106]
/store/data/Run2023B/EGamma0/RAW/v1/000/366/727/00000/73cd03b0-934b-4386-bd87-3f8d8fca2582.root 366727 [110,109,108]
/store/data/Run2023B/EGamma0/RAW/v1/000/366/727/00000/7cf8f6e4-0a60-4df4-8848-72ccbcbd3334.root 366727 [99,101,98,100]
/store/data/Run2023B/EGamma0/RAW/v1/000/366/727/00000/9c752953-beee-4419-b078-11a34db9761a.root 366727 [131,129,130]
/store/data/Run2023B/EGamma0/RAW/v1/000/366/727/00000/a814a654-72ec-46e6-9506-11c7249e2bab.root 366727 [76,78,80,77,79]
/store/data/Run2023B/EGamma0/RAW/v1/000/366/727/00000/c8583e2b-4f63-40a4-affb-9c781171c95d.root 366727 [59,63,64,60,62,61]
/store/data/Run2023B/EGamma0/RAW/v1/000/366/727/00000/c91ba07a-5717-4bc3-ab05-dfd61683b7e0.root 366727 [114,116,115]
/store/data/Run2023B/EGamma0/RAW/v1/000/366/727/00000/d21ffb0c-cda7-4774-ac1b-8b5b3eaa44e2.root 366727 [120,122,121]
/store/data/Run2023B/EGamma0/RAW/v1/000/366/727/00000/dbb70fda-64c6-4ee0-94e2-eb208facff2c.root 366727 [123,125,124]
/store/data/Run2023B/EGamma0/RAW/v1/000/366/727/00000/e838e45b-03be-4269-b370-ea592956ca2e.root 366727 [111,112,113]
/store/data/Run2023B/EGamma0/RAW/v1/000/366/727/00000/ebb0b21e-66bb-45d7-ae80-f07e85f52310.root 366727 [127,128,126]
/store/data/Run2023B/EGamma0/RAW/v1/000/366/727/00000/ecdbfe15-c155-4057-8148-3bbfa730550f.root 366727 [86,87,89,88]
/store/data/Run2023B/EGamma0/RAW/v1/000/366/727/00000/ed447953-aa56-414e-b2ff-ad148d2bb182.root 366727 [118,119,117]
/store/data/Run2023B/EGamma0/RAW/v1/000/366/727/00000/f7ddc4a2-287e-4c93-9a0d-9475111c7d6c.root 366727 [136,135]
/store/data/Run2023B/EGamma0/RAW/v1/000/366/727/00000/f9f4a72e-f98c-4f85-8546-fff94383d9ff.root 366727 [93,90,91,92]
