/store/data/Run2016B/SingleMuon/RAW-RECO/ZMu-PromptReco-v2/000/274/199/00000/02B1C097-B227-E611-90BA-02163E01352A.root [6,66,37,124,257,38,52,65,5,51,258,123]
/store/data/Run2016B/SingleMuon/RAW-RECO/ZMu-PromptReco-v2/000/274/199/00000/06E620D3-E227-E611-8136-02163E01344A.root [24,141,197,198,73,74,23,142,115,116]
/store/data/Run2016B/SingleMuon/RAW-RECO/ZMu-PromptReco-v2/000/274/199/00000/081F0EE3-D227-E611-941D-02163E0142D8.root [213,288,442,47,166,214,287,441,165,48]
/store/data/Run2016B/SingleMuon/RAW-RECO/ZMu-PromptReco-v2/000/274/199/00000/08B02821-C127-E611-89F1-02163E012713.root [578,235,154,577,153,236,503,509,504,510,590,589]
/store/data/Run2016B/SingleMuon/RAW-RECO/ZMu-PromptReco-v2/000/274/199/00000/0A004606-DB27-E611-8D29-02163E014603.root [437,471,497,216,425,426,438,472,215,498]
/store/data/Run2016B/SingleMuon/RAW-RECO/ZMu-PromptReco-v2/000/274/199/00000/0A64DB36-4C28-E611-ADEC-02163E014742.root [508,349,507,350]
/store/data/Run2016B/SingleMuon/RAW-RECO/ZMu-PromptReco-v2/000/274/199/00000/0E7DDFF8-DC27-E611-B831-02163E01357F.root [145,421,422,528,119,445,567,120,446,519,527,531,532,568,146,520]
/store/data/Run2016B/SingleMuon/RAW-RECO/ZMu-PromptReco-v2/000/274/199/00000/1090C2E8-CC27-E611-9A81-02163E01432D.root [424,347,252,423,97,98,348,84,251,83]
/store/data/Run2016B/SingleMuon/RAW-RECO/ZMu-PromptReco-v2/000/274/199/00000/142642B3-D927-E611-B833-02163E0134D8.root [324,354,12,323,536,529,530,571,353,184,572,11,545,546,579,580,183,535]
/store/data/Run2016B/SingleMuon/RAW-RECO/ZMu-PromptReco-v2/000/274/199/00000/1E5E9BFC-A927-E611-A467-02163E01194B.root [297,298,618,387,440,523,524,296,295,617,388,439]
/store/data/Run2016B/SingleMuon/RAW-RECO/ZMu-PromptReco-v2/000/274/199/00000/1EEAAE7D-C027-E611-B000-02163E012691.root [598,566,583,612,449,584,243,537,565,611,450,484,538,597,244,483]
/store/data/Run2016B/SingleMuon/RAW-RECO/ZMu-PromptReco-v2/000/274/199/00000/24EF5B32-C727-E611-AC9E-02163E013891.root [365,366,404,253,280,254,403,25,26,279,306,305]
/store/data/Run2016B/SingleMuon/RAW-RECO/ZMu-PromptReco-v2/000/274/199/00000/24FD5F1C-C127-E611-B51D-02163E01421C.root [407,495,34,525,15,16,460,515,516,479,408,480,496,526,33,459,489,490]
/store/data/Run2016B/SingleMuon/RAW-RECO/ZMu-PromptReco-v2/000/274/199/00000/32DABB3E-B227-E611-B92E-02163E0143A0.root [1,237,367,111,433,3,112,238,4,368,434,2,81,82]
/store/data/Run2016B/SingleMuon/RAW-RECO/ZMu-PromptReco-v2/000/274/199/00000/34AA24FF-C527-E611-AA7D-02163E014340.root [86,308,344,409,85,343,169,359,327,227,170,228,328,307,360,410]
/store/data/Run2016B/SingleMuon/RAW-RECO/ZMu-PromptReco-v2/000/274/199/00000/3E328336-C127-E611-84E2-02163E012474.root [499,593,560,513,539,514,594,500,540,371,559,372]
/store/data/Run2016B/SingleMuon/RAW-RECO/ZMu-PromptReco-v2/000/274/199/00000/400699DA-A927-E611-B760-02163E012429.root [118,575,45,126,117,30,125,607,302,301,608,29,46,576]
/store/data/Run2016B/SingleMuon/RAW-RECO/ZMu-PromptReco-v2/000/274/199/00000/524335D6-C227-E611-B035-02163E012933.root [220,456,64,364,385,455,63,379,380,428,517,518,219,363,386,427]
/store/data/Run2016B/SingleMuon/RAW-RECO/ZMu-PromptReco-v2/000/274/199/00000/62716D90-F127-E611-873B-02163E014211.root [171,355,179,180,356,162,158,172,157,161]
/store/data/Run2016B/SingleMuon/RAW-RECO/ZMu-PromptReco-v2/000/274/199/00000/68A29CBD-E027-E611-BEBC-02163E011B90.root [173,193,521,432,573,104,194,522,431,103,574,174]
/store/data/Run2016B/SingleMuon/RAW-RECO/ZMu-PromptReco-v2/000/274/199/00000/72F3F9D9-D427-E611-8DAF-02163E011C63.root [137,332,361,369,416,138,400,90,370,415,89,105,488,331,362,399,487,106]
/store/data/Run2016B/SingleMuon/RAW-RECO/ZMu-PromptReco-v2/000/274/199/00000/807213CF-DE27-E611-92AA-02163E01412D.root [485,494,281,592,59,420,457,458,603,60,282,493,591,322,419,604,321,486]
/store/data/Run2016B/SingleMuon/RAW-RECO/ZMu-PromptReco-v2/000/274/199/00000/82422056-C927-E611-B056-02163E011FBB.root [249,250,290,337,338,289,339,310,340,309]
/store/data/Run2016B/SingleMuon/RAW-RECO/ZMu-PromptReco-v2/000/274/199/00000/84DC02D7-C427-E611-AB28-02163E013527.root [335,336,41,317,318,93,94,186,42,185]
/store/data/Run2016B/SingleMuon/RAW-RECO/ZMu-PromptReco-v2/000/274/199/00000/884451AC-D527-E611-B171-02163E014192.root [613,605,558,606,569,614,557,561,562,570]
/store/data/Run2016B/SingleMuon/RAW-RECO/ZMu-PromptReco-v2/000/274/199/00000/8EB0679D-D927-E611-9BE6-02163E013747.root [69,313,463,285,397,435,376,398,436,464,491,492,314,375,70,447,286,448]
/store/data/Run2016B/SingleMuon/RAW-RECO/ZMu-PromptReco-v2/000/274/199/00000/9A36B023-C427-E611-A254-02163E01354B.root [274,76,130,75,147,148,18,129,273,17]
/store/data/Run2016B/SingleMuon/RAW-RECO/ZMu-PromptReco-v2/000/274/199/00000/9CFD70EB-DB27-E611-ADDE-02163E011FC9.root [20,261,101,262,402,466,35,381,465,468,102,382,19,36,401,467]
/store/data/Run2016B/SingleMuon/RAW-RECO/ZMu-PromptReco-v2/000/274/199/00000/A23C8293-A627-E611-B7D5-02163E0122FC.root [49,56,221,21,55,217,22,272,222,271,87,92,50,88,91,218]
/store/data/Run2016B/SingleMuon/RAW-RECO/ZMu-PromptReco-v2/000/274/199/00000/A4C0D1B4-D727-E611-9DE4-02163E01232F.root [7,31,32,122,396,121,8,128,418,341,127,199,200,395,342,417]
/store/data/Run2016B/SingleMuon/RAW-RECO/ZMu-PromptReco-v2/000/274/199/00000/AA0CAA9E-A527-E611-81B3-02163E0143F3.root [619,620,99,263,208,585,264,207,586,100]
/store/data/Run2016B/SingleMuon/RAW-RECO/ZMu-PromptReco-v2/000/274/199/00000/AC82F35B-C727-E611-ADE9-02163E011DF4.root [255,291,292,275,300,378,384,256,299,383,276,389,390,377]
/store/data/Run2016B/SingleMuon/RAW-RECO/ZMu-PromptReco-v2/000/274/199/00000/B0D571D3-E827-E611-A137-02163E012ADF.root [40,134,139,224,39,223,140,205,133,206]
/store/data/Run2016B/SingleMuon/RAW-RECO/ZMu-PromptReco-v2/000/274/199/00000/B89B5EF8-A427-E611-BC1E-02163E011A8D.root [57,511,610,58,333,334,151,152,175,512,609,176]
/store/data/Run2016B/SingleMuon/RAW-RECO/ZMu-PromptReco-v2/000/274/199/00000/C0D88375-D627-E611-AF91-02163E0135DB.root [412,326,358,563,357,564,325,351,411,414,352,413]
/store/data/Run2016B/SingleMuon/RAW-RECO/ZMu-PromptReco-v2/000/274/199/00000/C69474EC-D927-E611-814B-02163E012605.root [135,160,505,159,451,587,107,108,506,316,588,246,452,136,245,315]
/store/data/Run2016B/SingleMuon/RAW-RECO/ZMu-PromptReco-v2/000/274/199/00000/C697990D-CD27-E611-B49A-02163E0141A4.root [230,229,247,312,320,248,293,294,481,311,319,482]
/store/data/Run2016B/SingleMuon/RAW-RECO/ZMu-PromptReco-v2/000/274/199/00000/D4944094-C127-E611-A408-02163E0146FC.root [189,469,391,533,534,190,345,346,470,210,392,462,209,461]
/store/data/Run2016B/SingleMuon/RAW-RECO/ZMu-PromptReco-v2/000/274/199/00000/D64BC346-C427-E611-91BD-02163E01474E.root [132,150,196,548,553,131,195,542,178,541,554,149,177,547]
/store/data/Run2016B/SingleMuon/RAW-RECO/ZMu-PromptReco-v2/000/274/199/00000/DE15E63F-BD27-E611-BB3D-02163E0143B3.root [283,284,549,550,551,581,552,212,211,582,600,599]
/store/data/Run2016B/SingleMuon/RAW-RECO/ZMu-PromptReco-v2/000/274/199/00000/DEF1F59E-A927-E611-AE64-02163E01378C.root [226,203,9,241,242,43,204,44,225,10]
/store/data/Run2016B/SingleMuon/RAW-RECO/ZMu-PromptReco-v2/000/274/199/00000/E66228B5-DD27-E611-9D6A-02163E012474.root [113,187,192,61,62,143,168,95,96,144,156,114,155,191,167,188]
/store/data/Run2016B/SingleMuon/RAW-RECO/ZMu-PromptReco-v2/000/274/199/00000/E8946E98-D527-E611-B0B1-02163E011DEE.root [444,453,265,454,269,478,556,405,543,544,266,406,443,71,477,555,72,270]
/store/data/Run2016B/SingleMuon/RAW-RECO/ZMu-PromptReco-v2/000/274/199/00000/F21C13CF-A927-E611-883C-02163E011EE2.root [27,28,621,234,622,163,623,77,164,78,233]
/store/data/Run2016B/SingleMuon/RAW-RECO/ZMu-PromptReco-v2/000/274/199/00000/F241A4D7-D627-E611-97DE-02163E014609.root [231,259,260,303,267,268,53,79,80,278,304,13,14,54,232,277]
/store/data/Run2016B/SingleMuon/RAW-RECO/ZMu-PromptReco-v2/000/274/199/00000/F254A380-DA27-E611-9588-02163E013888.root [596,239,601,595,602,615,201,68,202,501,502,67,240,616]
/store/data/Run2016B/SingleMuon/RAW-RECO/ZMu-PromptReco-v2/000/274/199/00000/F8470338-C527-E611-8C65-02163E0144E8.root [374,429,473,430,474,110,394,181,373,475,182,330,393,476,109,329]
