/store/data/Run2023B/Muon0/RAW/v1/000/366/727/00000/49624ec6-593c-41bd-884e-4958ff2877f0.root [84,88,87,86,85,83]
/store/data/Run2023B/Muon0/RAW/v1/000/366/727/00000/4da92e9e-10b6-4866-b724-6d0669c74d15.root [91,90,92,93,89]
/store/data/Run2023B/Muon0/RAW/v1/000/366/727/00000/5ab5135a-0573-477b-8ac6-891eed5492b0.root [134,132,133]
/store/data/Run2023B/Muon0/RAW/v1/000/366/727/00000/652774ff-c01b-4343-9a75-87cafbfb6e51.root [45,41,40,43,46,48,44,47,42]
/store/data/Run2023B/Muon0/RAW/v1/000/366/727/00000/65af73bd-d303-409e-8083-85317c53dffe.root [95,97,98,94,96]
/store/data/Run2023B/Muon0/RAW/v1/000/366/727/00000/8184fdbb-d62a-4990-b994-4e64bc5eaac1.root [108,109,110,111]
/store/data/Run2023B/Muon0/RAW/v1/000/366/727/00000/8abacf5d-f072-415c-870b-99fc8b6a216f.root [51,53,49,55,50,56,52,54]
/store/data/Run2023B/Muon0/RAW/v1/000/366/727/00000/97f556d2-0d08-47b1-ba72-5e575457fb0d.root [128,126,127]
/store/data/Run2023B/Muon0/RAW/v1/000/366/727/00000/a427a94e-9340-40a2-9109-73e6d763721d.root [73,72,76,74,75,71]
/store/data/Run2023B/Muon0/RAW/v1/000/366/727/00000/a82bff5b-f5b6-4c3b-ba6d-01a633a1eb70.root [105,106,104,107]
/store/data/Run2023B/Muon0/RAW/v1/000/366/727/00000/ae40ab92-c65a-4f0d-838c-b15a47c8c63c.root [121,122,120]
/store/data/Run2023B/Muon0/RAW/v1/000/366/727/00000/b0946415-62eb-494e-8c55-1552823ddca4.root [112,113,115,114]
/store/data/Run2023B/Muon0/RAW/v1/000/366/727/00000/bbd04ed8-d82b-4415-92f3-1601b3b339ca.root [66,69,67,68,64,65,70]
/store/data/Run2023B/Muon0/RAW/v1/000/366/727/00000/c5896e03-f132-46c3-8a6d-08dc92f53ccd.root [129,131,130]
/store/data/Run2023B/Muon0/RAW/v1/000/366/727/00000/d56cf5d7-c15d-4ec8-9513-4f5ded722d56.root [136,135]
/store/data/Run2023B/Muon0/RAW/v1/000/366/727/00000/d7cdfee8-d749-4c9f-8644-37f73da14c82.root [116,117,118,119]
/store/data/Run2023B/Muon0/RAW/v1/000/366/727/00000/db66a984-5bfe-4927-8348-55ae6cbe57c2.root [60,57,58,59,61,63,62]
/store/data/Run2023B/Muon0/RAW/v1/000/366/727/00000/e73b6750-1db3-4bef-8c4a-0ca4d261fb26.root [79,82,78,77,80,81]
/store/data/Run2023B/Muon0/RAW/v1/000/366/727/00000/e811187d-828b-4baf-9cb4-890e707bba70.root [99,103,101,100,102]
/store/data/Run2023B/Muon0/RAW/v1/000/366/727/00000/ee4d4861-cb8a-4451-b66c-9b672a4333e6.root [39,30,33,38,34,37,31,35,32,36]
/store/data/Run2023B/Muon0/RAW/v1/000/366/727/00000/f5182fbb-9057-4c10-b460-305607010488.root [125,124,123]
