/store/data/Run2016E/MuonEG/MINIAOD/21Feb2020_UL2016_HIPM-v1/20000/02FFFAE6-5B2D-F146-9B4D-4DE31B3C8190.root [102,103,98,100,104,116,117,94,96,93,95,97,118,120,121,101,99]
/store/data/Run2016E/MuonEG/MINIAOD/21Feb2020_UL2016_HIPM-v1/20000/09CE9148-1A03-F847-8B05-61EFE1682EAB.root [155,158,222,223,161,221,151,156,198,199,201,220,157,218,226,227,204,153,202,205,208,154,160,200,203,206,225,219,224]
/store/data/Run2016E/MuonEG/MINIAOD/21Feb2020_UL2016_HIPM-v1/20000/181DA368-60AE-8A46-AB26-AD3A2397691B.root [455,298,456,292,293,294,296,299,453,297,304,451,300,445,452,447,449,454,295,446,450,448]
/store/data/Run2016E/MuonEG/MINIAOD/21Feb2020_UL2016_HIPM-v1/20000/1D45E7C2-BAEE-C740-933C-9A1548517870.root [179,184,186,188,183,185,187,180,181,182]
/store/data/Run2016E/MuonEG/MINIAOD/21Feb2020_UL2016_HIPM-v1/20000/319387E5-B196-C44D-910D-F386518CA01A.root [286,312,308,309,282,301,283,285,289,303,307,287,302,305,284,290,306,310,288,291]
/store/data/Run2016E/MuonEG/MINIAOD/21Feb2020_UL2016_HIPM-v1/20000/3526E7C3-C8C9-FF49-8BAA-9FF180D2F8B2.root [327,324,329,326,330,328,331,332,322,323,325]
/store/data/Run2016E/MuonEG/MINIAOD/21Feb2020_UL2016_HIPM-v1/20000/409807A6-4D39-B048-AAAA-09E5175BFBF5.root [245,246,243,244,241,238,242,239,240,248]
/store/data/Run2016E/MuonEG/MINIAOD/21Feb2020_UL2016_HIPM-v1/20000/512EAD2F-7374-4F4E-B903-26D1725B3912.root [261,265,268,259,260,267,263,272,264,262,270,266,269]
/store/data/Run2016E/MuonEG/MINIAOD/21Feb2020_UL2016_HIPM-v1/20000/53CE3C0B-5E85-E340-A557-F1D3831ADE94.root [460,467,337,340,344,334,465,333,462,338,341,458,335,336,339,342,459,461,464,457,463,466,468]
/store/data/Run2016E/MuonEG/MINIAOD/21Feb2020_UL2016_HIPM-v1/20000/61B10F13-FC4F-304C-A50B-D68BD4C83B09.root [386,387,388,380,383,382,385,381,384,377,378,379]
/store/data/Run2016E/MuonEG/MINIAOD/21Feb2020_UL2016_HIPM-v1/20000/6F52BFE9-7619-4A48-873C-5272FD4A78AF.root [494,497,495,493,496]
/store/data/Run2016E/MuonEG/MINIAOD/21Feb2020_UL2016_HIPM-v1/20000/757C033E-97EC-FC4F-AB1E-4FCDDC54120F.root [355,357,360,363,356,364,368,361,358,359,362]
/store/data/Run2016E/MuonEG/MINIAOD/21Feb2020_UL2016_HIPM-v1/20000/803ED964-572B-014D-87AD-6CA477F6441F.root [170,178,171,175,172,177,173,174,176]
/store/data/Run2016E/MuonEG/MINIAOD/21Feb2020_UL2016_HIPM-v1/20000/96CC39DE-8292-F546-A983-6E09C2335C45.root [415,420,421,412,419,416,418,411,413,414,417]
/store/data/Run2016E/MuonEG/MINIAOD/21Feb2020_UL2016_HIPM-v1/20000/BEA5E7C6-E71C-D746-BC11-7F1EA4C0C65B.root [491,487,486,489,481,482,484,485,483,488,490,492]
/store/data/Run2016E/MuonEG/MINIAOD/21Feb2020_UL2016_HIPM-v1/20000/CF545A10-47F8-D14F-8DF5-502D1C395166.root [129,423,425,433,128,127,432,124,424,426,119,126,429,430,122,123,125,422,427,130,428]
/store/data/Run2016E/MuonEG/MINIAOD/21Feb2020_UL2016_HIPM-v1/20000/D7647423-87FC-B74C-B77F-AF1FA30BF820.root [317,313,316,315,318,321,311,319,314,320]
/store/data/Run2016E/MuonEG/MINIAOD/21Feb2020_UL2016_HIPM-v1/20000/D78B4E51-E978-774F-BA25-77D379685795.root [254,257,247,252,255,256,249,250,258,251,253]
/store/data/Run2016E/MuonEG/MINIAOD/21Feb2020_UL2016_HIPM-v1/20000/DB9E6244-5C35-4A48-AF8B-BFDDEA125D76.root [399,407,402,403,408,398,404,405,406,410,409]
/store/data/Run2016E/MuonEG/MINIAOD/21Feb2020_UL2016_HIPM-v1/20000/E8931DF3-41E3-3645-9853-FB2CA809EBE9.root [346,349,374,348,352,367,372,373,343,351,365,369,376,345,350,353,354,371,347,366,370,375]
/store/data/Run2016E/MuonEG/MINIAOD/21Feb2020_UL2016_HIPM-v1/20000/EABFC967-28B3-F447-A94D-C1CA01BD9A34.root [135,138,132,137,140,142,275,276,277,280,133,134,271,274,279,136,278,131,141,139,273,281]
/store/data/Run2016E/MuonEG/MINIAOD/21Feb2020_UL2016_HIPM-v1/20000/F239A51A-F0BF-5B48-A024-70BBC3E73A7D.root [237,231,236,234,230,228,229,233,232,235]
/store/data/Run2016E/MuonEG/MINIAOD/21Feb2020_UL2016_HIPM-v1/20000/F3C01A13-E848-0047-BCB0-A416B397EC6E.root [396,389,393,395,400,401,391,392,394,397,390]
/store/data/Run2016E/MuonEG/MINIAOD/21Feb2020_UL2016_HIPM-v1/20000/FC90ACBD-4AF4-734F-A2B2-6C06A8555825.root [194,195,145,193,189,190,147,148,152,192,143,146,150,191,196,149,144,197]
/store/data/Run2016E/MuonEG/MINIAOD/21Feb2020_UL2016_HIPM-v1/20000/FCDE8D65-5E48-FF49-8D24-614903FC1121.root [217,431,442,212,213,434,435,436,472,164,439,159,210,215,438,441,443,479,167,169,211,214,474,478,163,165,469,480,166,168,209,440,444,471,475,476,477,162,207,216,437,470,473]
/store/data/Run2016E/MuonEG/MINIAOD/21Feb2020_UL2016_HIPM-v1/40000/0320102E-64DB-E840-83B1-0700E7F8D76C.root [524,525,530,536,544,713,718,720,735,736,739,820,821,837,861,880,529,546,548,551,554,558,714,734,828,845,848,850,851,858,864,866,870,876,531,534,535,537,539,547,550,557,731,732,836,841,843,849,853,859,867,875,527,528,542,559,715,834,846,847,856,869,871,532,533,540,549,717,733,824,831,835,842,855,857,873,526,541,552,555,556,721,737,838,840,844,852,874,877,538,711,716,822,823,825,827,829,839,854,860,863,868,872,543,545,553,738,826,830,832,833,862,865,878]
/store/data/Run2016E/MuonEG/MINIAOD/21Feb2020_UL2016_HIPM-v1/40000/1B62BFD0-1628-5540-91B4-AEDA97DBA3DF.root [1993,2007,2011,2014,2048,2049,2059,1981,1995,1997,2002,2021,2029,2034,2063,2066,1989,1991,2000,2027,2050,2051,2056,2071,1980,1992,1994,1998,2015,2022,2024,2028,2030,2033,2039,2040,2041,1982,1990,2001,2003,2004,2006,2010,2012,2017,2019,2026,2031,2046,2062,2064,2070,2013,2018,2020,2025,2037,2045,2047,2054,1983,1988,1999,2005,2008,2009,2023,2038,2042,2043,2044,2053,2055,2057,2065,2067,1996,2016,2032,2035,2036,2052,2058,2060,2061]
/store/data/Run2016E/MuonEG/MINIAOD/21Feb2020_UL2016_HIPM-v1/40000/1CC4ACFB-535D-4546-8E17-5DA4D9CD533D.root [1146,1150,1777,1780,1784,1147,1152,1779,1781,1789,1149,1778,1783,1144,1145,1782,1785,1148,1776,1143,1151,1786,1788,1153,1154,1787,1792]
/store/data/Run2016E/MuonEG/MINIAOD/21Feb2020_UL2016_HIPM-v1/40000/231E09B2-E794-7642-84E7-B03E050DEC56.root [702,708,723,726,727,728,729,743,745,747,753,773,775,577,703,705,710,730,746,754,757,758,759,771,776,575,579,700,741,749,750,764,778,573,581,582,699,701,709,740,748,751,766,772,777,752,762,774,576,578,580,707,719,725,755,763,770,572,574,584,712,722,724,742,756,760,765,767,583,704,706,744,761,768,769,779]
/store/data/Run2016E/MuonEG/MINIAOD/21Feb2020_UL2016_HIPM-v1/40000/2D174644-B120-8F44-991D-77C3F84E00F8.root [898,933,939,1406,1412,1434,1439,1440,1443,1446,1490,1499,1919,1926,1927,1929,1934,1968,1971,1972,1978,936,938,944,1435,1437,1438,1444,1500,1505,1925,1932,1973,1987,894,900,1410,1419,1441,1442,1498,1924,1974,1976,1979,937,1407,1418,1436,1917,1923,892,1411,1492,1497,1930,1969,1975,891,897,899,932,934,940,1445,1489,1495,1504,1918,1931,1935,1970,1984,1985,896,1413,1415,1416,1488,1496,1933,1977,893,895,935,1409,1414,1417,1491,1493,1494,1928,1986]
/store/data/Run2016E/MuonEG/MINIAOD/21Feb2020_UL2016_HIPM-v1/40000/2E83CB8F-3176-AC4C-9822-8554EFC79BA5.root [509,590,613,616,633,643,677,505,586,587,594,614,618,625,628,636,645,675,500,501,503,593,622,623,674,678,681,504,585,592,596,626,639,644,671,676,682,685,508,589,619,627,635,637,648,683,502,506,512,588,611,621,629,630,631,640,641,507,591,595,612,615,617,634,684,513,620,624,632,638,642,679,680]
/store/data/Run2016E/MuonEG/MINIAOD/21Feb2020_UL2016_HIPM-v1/40000/3A38B07E-6B21-374C-A2F3-FBF7F47CF97F.root [1030,1036,1056,1059,1479,1518,1519,1529,1612,1662,1678,1058,1471,1520,1526,1614,1617,1667,1676,1679,1040,1483,1527,1605,1610,1611,1669,1037,1047,1060,1477,1481,1484,1523,1524,1613,1670,1029,1051,1485,1487,1616,1663,1675,1031,1033,1053,1057,1480,1522,1528,1604,1607,1618,1673,1034,1055,1475,1476,1478,1482,1486,1517,1530,1615,1672,1674,1028,1032,1035,1052,1054,1521,1525,1606,1608,1609,1668,1671,1677]
/store/data/Run2016E/MuonEG/MINIAOD/21Feb2020_UL2016_HIPM-v1/40000/44F407A5-1551-A44E-B942-ED687B6C00E6.root [1039,1186,1192,1221,1243,1250,1358,1426,1430,1042,1046,1182,1190,1219,1225,1237,1245,1350,1351,1360,1427,1429,1050,1218,1224,1227,1233,1236,1247,1249,1356,1431,1044,1235,1238,1240,1244,1354,1359,1424,1049,1181,1183,1220,1222,1228,1234,1239,1242,1355,1357,1421,1422,1185,1232,1251,1349,1361,1420,1433,1038,1041,1043,1048,1180,1217,1223,1226,1246,1248,1353,1423,1425,1428,1045,1184,1187,1188,1189,1216,1229,1230,1231,1241,1252,1352,1432]
/store/data/Run2016E/MuonEG/MINIAOD/21Feb2020_UL2016_HIPM-v1/40000/5977FB9C-9D3F-EB49-B11A-60782F1CD42E.root [606,607,608,610,646,652,693,600,690,691,692,599,604,656,666,686,687,603,647,655,664,665,668,669,689,698,597,602,605,609,662,650,653,658,660,688,694,695,696,598,649,651,654,659,663,670,673,697,601,657,661,667,672]
/store/data/Run2016E/MuonEG/MINIAOD/21Feb2020_UL2016_HIPM-v1/40000/62BE5B52-628A-DB4E-A8DF-BD77321C8071.root [1155,1168,1266,1312,1273,1274,1306,1310,1157,1159,1160,1162,1164,1280,1307,1311,1320,1271,1304,1309,1158,1163,1267,1269,1272,1161,1268,1270,1275,1303,1308,1321,1322,1169,1156,1165,1265,1305]
/store/data/Run2016E/MuonEG/MINIAOD/21Feb2020_UL2016_HIPM-v1/40000/6EB34CED-BF01-834A-A38E-52F3F60F4083.root [114,115]
/store/data/Run2016E/MuonEG/MINIAOD/21Feb2020_UL2016_HIPM-v1/40000/81BD021B-D86C-394D-8342-58FF668F6365.root [1575,1584,1586,1589,1622,1623,1624,1650,1687,1689,1690,1692,1694,1698,1701,1710,1715,1716,1719,1724,1730,1741,1742,1743,1744,1747,1759,1760,1821,1824,1872,1877,1891,1583,1587,1621,1628,1666,1695,1699,1700,1704,1711,1712,1721,1734,1739,1754,1791,1804,1816,1817,1818,1879,1889,1890,1895,1901,1585,1588,1620,1626,1651,1665,1681,1683,1705,1706,1717,1794,1806,1873,1885,1886,1894,1619,1649,1657,1659,1682,1684,1686,1709,1722,1728,1733,1756,1790,1796,1799,1802,1809,1812,1815,1820,1874,1876,1881,1887,1892,1893,1896,1897,1903,1579,1580,1629,1630,1631,1660,1680,1691,1693,1708,1725,1726,1731,1736,1745,1748,1749,1757,1758,1795,1801,1807,1883,1884,1576,1582,1627,1653,1654,1688,1697,1703,1718,1727,1735,1797,1800,1810,1875,1888,1898,1902,1578,1625,1632,1633,1648,1652,1656,1685,1696,1707,1720,1723,1740,1793,1803,1805,1811,1814,1880,1577,1581,1655,1658,1661,1664,1702,1713,1714,1729,1732,1737,1738,1746,1755,1798,1808,1813,1819,1871,1878,1882,1899,1900]
/store/data/Run2016E/MuonEG/MINIAOD/21Feb2020_UL2016_HIPM-v1/40000/AAA13320-4293-2D40-ACD8-BA03F34D7BD2.root [1556,1597,1636,1637,1762,1774,1826,1830,1844,1847,1850,1859,1862,1866,1904,1961,1962,1966,1546,1601,1634,1828,1834,1836,1846,1905,1907,1910,1911,1914,1920,1936,1937,1953,1967,1602,1638,1644,1769,1770,1829,1841,1845,1853,1860,1913,1921,1939,1941,1945,1947,1951,1954,1955,1545,1551,1558,1559,1590,1591,1641,1767,1768,1772,1825,1831,1832,1854,1856,1857,1858,1861,1869,1906,1915,1946,1948,1950,1952,1957,1549,1554,1594,1599,1600,1640,1761,1775,1822,1827,1842,1848,1916,1922,1943,1956,1959,1964,1547,1552,1557,1592,1595,1643,1645,1771,1773,1833,1843,1864,1938,1942,1949,1958,1963,1965,1550,1553,1596,1603,1635,1639,1646,1647,1763,1764,1766,1823,1835,1837,1839,1855,1863,1865,1909,1940,1960,1548,1555,1593,1598,1642,1765,1838,1840,1849,1851,1852,1867,1868,1870,1908,1912,1944]
/store/data/Run2016E/MuonEG/MINIAOD/21Feb2020_UL2016_HIPM-v1/40000/AAFB6551-12FD-064C-8745-5B4308A3704A.root [953,957,961,959,955,956,951,954,958,960]
/store/data/Run2016E/MuonEG/MINIAOD/21Feb2020_UL2016_HIPM-v1/40000/B3F55F51-D139-B840-AB6F-886CBC301E70.root [24,38,44,83,87,90,1103,1121,21,40,58,60,61,66,73,77,91,1111,1131,1140,14,88,92,105,108,1110,12,37,46,67,69,70,71,86,110,1108,1120,1133,1137,16,17,43,51,63,72,109,1115,1141,15,18,23,29,32,42,59,62,76,78,79,81,112,1132,1134,1135,1138,1139,1142,47,49,80,84,1106,1107,1113,1136,11,22,25,26,28,56,64,68,74,75,82,85,89,106,107,111,113,1109,1112,1114]
/store/data/Run2016E/MuonEG/MINIAOD/21Feb2020_UL2016_HIPM-v1/40000/C3058648-4CC9-EB4A-BC15-BD64627543A3.root [1007,1009,1010,1016,1020,1203,1213,1281,1287,1289,1295,1296,1337,1346,1388,1395,1403,1460,1461,1512,1565,1574,1013,1021,1025,1191,1198,1200,1201,1215,1279,1285,1339,1394,1402,1404,1468,1502,1509,1566,1567,1019,1197,1210,1212,1302,1338,1343,1392,1396,1463,1465,1510,1516,1570,1012,1014,1015,1023,1024,1026,1027,1206,1211,1277,1284,1286,1291,1301,1336,1393,1397,1405,1462,1474,1513,1562,1564,1568,1017,1283,1293,1341,1345,1408,1515,1573,1195,1196,1202,1208,1209,1214,1282,1294,1297,1298,1399,1466,1469,1473,1507,1561,1006,1008,1018,1022,1193,1199,1204,1207,1276,1278,1288,1290,1292,1299,1340,1344,1347,1348,1398,1401,1464,1470,1472,1501,1503,1511,1563,1569,1571,1572,1011,1194,1205,1300,1342,1389,1390,1391,1400,1467,1506,1508,1514,1560]
/store/data/Run2016E/MuonEG/MINIAOD/21Feb2020_UL2016_HIPM-v1/40000/D6FE2732-D749-164E-8343-4DC79965E5C7.root [782,784,800,803,804,806,810,818,883,913,916,921,964,965,972,977,987,992,993,999,1001,785,797,799,808,879,889,966,978,991,788,793,812,815,911,967,968,973,980,1000,1002,780,786,798,802,819,885,887,912,914,970,975,983,994,783,789,792,805,811,890,917,919,920,971,979,981,985,795,807,884,962,974,982,986,988,787,790,791,794,801,809,813,814,882,886,888,915,918,984,989,990,995,996,997,998,1003,1004,1005,781,796,816,817,881,963,969,976]
/store/data/Run2016E/MuonEG/MINIAOD/21Feb2020_UL2016_HIPM-v1/40000/DD857203-8450-384F-A8A6-BCEBB18CBDDA.root [942,945,1061,1062,1069,1167,1176,1254,1256,1260,1264,1367,1450,1451,1458,1541,901,1065,1072,1166,1171,1253,1258,1261,1263,1324,1333,1334,1363,1376,1381,1383,1384,1385,1447,1452,1453,1532,1542,905,910,924,927,928,1067,1070,1173,1174,1255,1326,1328,1330,1364,1368,1371,1373,1379,1534,1537,1539,902,904,908,909,922,925,1066,1068,1172,1177,1323,1365,1366,1369,1377,1457,1459,1531,930,950,1064,1175,1179,1325,1327,1329,1335,1374,1380,1382,1386,1454,1540,903,943,948,1170,1262,1370,1449,1535,1536,907,923,926,949,1178,1331,1332,1387,1448,1455,1533,1543,906,929,931,941,946,947,952,1063,1257,1259,1362,1372,1375,1378,1456,1538,1544]
/store/data/Run2016E/MuonEG/MINIAOD/21Feb2020_UL2016_HIPM-v1/40000/EF268311-CD96-B84F-B390-6E49FC13A18C.root [1073,1078,1079,1087,1118,1128,1130,566,571,1075,1076,1083,1086,1090,1119,1126,514,564,567,1080,1093,1099,1127,561,1074,1082,1089,1092,1122,1123,515,517,518,521,560,565,568,569,570,1071,1077,1081,1097,1101,1104,1105,511,520,563,1088,1098,1100,1117,1129,516,1084,1085,1094,1095,1102,1125,510,519,522,523,562,1091,1096,1124]
