/store/data/Run2017C/MET/RAW/v1/000/301/998/00000/00209EEF-DB8C-E711-898E-02163E013482.root [1174,1176,1175,1177]
/store/data/Run2017C/MET/RAW/v1/000/301/998/00000/00454D63-C68C-E711-9491-02163E01A5C6.root [781,783,782]
/store/data/Run2017C/MET/RAW/v1/000/301/998/00000/006E3148-B68C-E711-98DB-02163E019C59.root [13,14]
/store/data/Run2017C/MET/RAW/v1/000/301/998/00000/009EEBA3-BB8C-E711-9013-02163E019B7D.root [331,330]
/store/data/Run2017C/MET/RAW/v1/000/301/998/00000/00BE6ED3-B68C-E711-8876-02163E014291.root [194,195]
/store/data/Run2017C/MET/RAW/v1/000/301/998/00000/00E5EF79-CC8C-E711-BD44-02163E01440E.root [890,889,891,892]
/store/data/Run2017C/MET/RAW/v1/000/301/998/00000/02442BF9-DD8C-E711-BF2D-02163E0145C5.root [1080,1084,1082,1083,1081,1079]
/store/data/Run2017C/MET/RAW/v1/000/301/998/00000/025B4893-C98C-E711-8271-02163E014353.root [838,840,839]
/store/data/Run2017C/MET/RAW/v1/000/301/998/00000/02D57144-B68C-E711-9190-02163E01A630.root [27,28]
/store/data/Run2017C/MET/RAW/v1/000/301/998/00000/04352EF9-C48C-E711-94A6-02163E012772.root [756,754,755]
/store/data/Run2017C/MET/RAW/v1/000/301/998/00000/04E40C7B-E28C-E711-A986-02163E019B52.root [1297,1296,1298,1295]
/store/data/Run2017C/MET/RAW/v1/000/301/998/00000/0600BD47-B68C-E711-82FF-02163E01A6AD.root [270,271]
/store/data/Run2017C/MET/RAW/v1/000/301/998/00000/061797F4-E58C-E711-B83C-02163E0118B6.root [1226,1228,1225,1224,1227,1229]
/store/data/Run2017C/MET/RAW/v1/000/301/998/00000/068A58A9-B68C-E711-A70B-02163E0119E0.root [236,237]
/store/data/Run2017C/MET/RAW/v1/000/301/998/00000/06A2CA28-CB8C-E711-82A0-02163E0144B9.root [867,866,865]
/store/data/Run2017C/MET/RAW/v1/000/301/998/00000/06B39AF3-DD8C-E711-9382-02163E01A3F0.root [1046,1048,1044,1045,1043,1047]
/store/data/Run2017C/MET/RAW/v1/000/301/998/00000/06BF8D44-B68C-E711-B6AE-02163E01A6FE.root [120,121]
/store/data/Run2017C/MET/RAW/v1/000/301/998/00000/089ABB4D-B68C-E711-BC5C-02163E019E42.root [322,323]
/store/data/Run2017C/MET/RAW/v1/000/301/998/00000/0A06DE7A-FD8C-E711-BFA0-02163E011E6F.root [1605,1606,1611,1609,1607,1612,1608,1610]
/store/data/Run2017C/MET/RAW/v1/000/301/998/00000/0A12AA44-B68C-E711-9973-02163E01A1BD.root [43,42]
/store/data/Run2017C/MET/RAW/v1/000/301/998/00000/0A55EA4D-B68C-E711-8563-02163E0144CA.root [29,30]
/store/data/Run2017C/MET/RAW/v1/000/301/998/00000/0AAAA69B-B68C-E711-A6E3-02163E01A3C7.root [454,455,453]
/store/data/Run2017C/MET/RAW/v1/000/301/998/00000/0AB73645-B68C-E711-82DB-02163E01A32C.root [184,185]
/store/data/Run2017C/MET/RAW/v1/000/301/998/00000/0AD84238-B98C-E711-90D1-02163E01A6B1.root [161,160]
/store/data/Run2017C/MET/RAW/v1/000/301/998/00000/0C404EA0-B88C-E711-A94F-02163E01474E.root [513,512,514]
/store/data/Run2017C/MET/RAW/v1/000/301/998/00000/0C41BA16-BC8C-E711-BE19-02163E01A5E7.root [422,424,425,423]
/store/data/Run2017C/MET/RAW/v1/000/301/998/00000/0C6E8948-B68C-E711-AEF2-02163E01A5F7.root [280,281]
/store/data/Run2017C/MET/RAW/v1/000/301/998/00000/0CD5D996-E78C-E711-82A7-02163E01A5E0.root [1394,1391,1392,1393]
/store/data/Run2017C/MET/RAW/v1/000/301/998/00000/0E391446-B68C-E711-91BE-02163E01A572.root [144,145]
/store/data/Run2017C/MET/RAW/v1/000/301/998/00000/0E555845-B68C-E711-8C6D-02163E019B84.root [140,141]
/store/data/Run2017C/MET/RAW/v1/000/301/998/00000/0E6EB683-E28C-E711-9E70-02163E0142EC.root [1299,1301,1300,1302]
/store/data/Run2017C/MET/RAW/v1/000/301/998/00000/0E6FB74E-B68C-E711-A107-02163E01A4E5.root [177,176]
/store/data/Run2017C/MET/RAW/v1/000/301/998/00000/0E8916B0-E58C-E711-AF19-02163E0146BE.root [1362,1360,1361,1359]
/store/data/Run2017C/MET/RAW/v1/000/301/998/00000/1015B92B-F38C-E711-9CC5-02163E0137F6.root [1601,1603,1600,1602,1604]
/store/data/Run2017C/MET/RAW/v1/000/301/998/00000/106D6328-BD8C-E711-AA03-02163E0141B9.root [443,444,442,445]
/store/data/Run2017C/MET/RAW/v1/000/301/998/00000/10F5F447-B68C-E711-9902-02163E011804.root [40,41]
/store/data/Run2017C/MET/RAW/v1/000/301/998/00000/10F6792D-0E8D-E711-8A57-02163E011A0F.root [1576,1577,1572,1574,1573,1575,1578,1571]
/store/data/Run2017C/MET/RAW/v1/000/301/998/00000/120D2862-CC8C-E711-B0C6-02163E01A659.root [895,894,893]
/store/data/Run2017C/MET/RAW/v1/000/301/998/00000/12495CA2-CB8C-E711-B23D-02163E012A10.root [872,873,871]
/store/data/Run2017C/MET/RAW/v1/000/301/998/00000/140EBA42-B68C-E711-8D2A-02163E019DF5.root [16,15]
/store/data/Run2017C/MET/RAW/v1/000/301/998/00000/14504E91-B98C-E711-A5C0-02163E014161.root [547,546,545]
/store/data/Run2017C/MET/RAW/v1/000/301/998/00000/145EAA5A-D18C-E711-B49B-02163E01A1D3.root [985,983,984]
/store/data/Run2017C/MET/RAW/v1/000/301/998/00000/14B214D9-C68C-E711-9C96-02163E0142A3.root [789,787,788]
/store/data/Run2017C/MET/RAW/v1/000/301/998/00000/1606FA49-B68C-E711-9943-02163E011949.root [305,304]
/store/data/Run2017C/MET/RAW/v1/000/301/998/00000/164771C1-F48C-E711-B4DA-02163E014217.root [1489,1486,1487,1488,1483,1485,1484,1490]
/store/data/Run2017C/MET/RAW/v1/000/301/998/00000/164AEBE2-C98C-E711-AD7A-02163E01A602.root [847,848,849]
/store/data/Run2017C/MET/RAW/v1/000/301/998/00000/18283C37-E08C-E711-B02F-02163E01448A.root [1109,1113,1111,1112,1114,1110]
/store/data/Run2017C/MET/RAW/v1/000/301/998/00000/18663572-E68C-E711-A6C2-02163E01461B.root [1372,1373,1374,1371]
/store/data/Run2017C/MET/RAW/v1/000/301/998/00000/188E0960-B68C-E711-BDD1-02163E0146D6.root [344,345]
/store/data/Run2017C/MET/RAW/v1/000/301/998/00000/18B86226-DB8C-E711-B0ED-02163E014783.root [1033,1032,1035,1036,1031,1034]
/store/data/Run2017C/MET/RAW/v1/000/301/998/00000/1A12D652-BC8C-E711-B15C-02163E01A39B.root [479,478,476,477]
/store/data/Run2017C/MET/RAW/v1/000/301/998/00000/1A2781E1-F48C-E711-A414-02163E019B6F.root [1493,1496,1491,1492,1494,1495,1498,1497]
/store/data/Run2017C/MET/RAW/v1/000/301/998/00000/1A3544D1-BB8C-E711-9D1E-02163E013932.root [578,579,580]
/store/data/Run2017C/MET/RAW/v1/000/301/998/00000/1A55C297-BB8C-E711-A200-02163E019C94.root [391,392,390,393]
/store/data/Run2017C/MET/RAW/v1/000/301/998/00000/1A5BF825-F18C-E711-A833-02163E01A479.root [1433,1435,1438,1432,1437,1431,1434,1436]
/store/data/Run2017C/MET/RAW/v1/000/301/998/00000/1A97BB39-BB8C-E711-A12E-02163E019D0B.root [469,470,471,468]
/store/data/Run2017C/MET/RAW/v1/000/301/998/00000/1A99BDB0-C78C-E711-B424-02163E01A2EC.root [646,649,647,648]
/store/data/Run2017C/MET/RAW/v1/000/301/998/00000/1C10BB64-B68C-E711-9D0E-02163E0138DC.root [188,189]
/store/data/Run2017C/MET/RAW/v1/000/301/998/00000/1C1B3044-B68C-E711-9FD7-02163E01A686.root [45,44]
/store/data/Run2017C/MET/RAW/v1/000/301/998/00000/1E0B70A3-DE8C-E711-B34B-02163E01A6FE.root [1087,1088,1089,1085,1086,1090]
/store/data/Run2017C/MET/RAW/v1/000/301/998/00000/1E1951B1-B98C-E711-9BDB-02163E0146B1.root [208,209]
/store/data/Run2017C/MET/RAW/v1/000/301/998/00000/1E8F0736-E08C-E711-A0D2-02163E01A4AC.root [1253,1251,1252,1254]
/store/data/Run2017C/MET/RAW/v1/000/301/998/00000/1EC3A349-B68C-E711-B61D-02163E01391F.root [247,246]
/store/data/Run2017C/MET/RAW/v1/000/301/998/00000/20255CCB-E08C-E711-8E9D-02163E019CB3.root [1104,1107,1103,1108,1105,1106]
/store/data/Run2017C/MET/RAW/v1/000/301/998/00000/20B81261-B68C-E711-AE74-02163E0139B8.root [388,389]
/store/data/Run2017C/MET/RAW/v1/000/301/998/00000/20F10E96-C48C-E711-9F34-02163E014408.root [747,746,748]
/store/data/Run2017C/MET/RAW/v1/000/301/998/00000/226E0B47-B68C-E711-929B-02163E01A369.root [2,1]
/store/data/Run2017C/MET/RAW/v1/000/301/998/00000/2279A745-B68C-E711-8F2C-02163E01419A.root [181,180]
/store/data/Run2017C/MET/RAW/v1/000/301/998/00000/227B8A20-F18C-E711-8C7D-02163E01A409.root [1449,1450,1446,1447,1443,1445,1444,1448]
/store/data/Run2017C/MET/RAW/v1/000/301/998/00000/2294CE58-B68C-E711-86AB-02163E019CC7.root [382,383]
/store/data/Run2017C/MET/RAW/v1/000/301/998/00000/2297E647-B68C-E711-9540-02163E011FC5.root [23,24]
/store/data/Run2017C/MET/RAW/v1/000/301/998/00000/229D1400-E38C-E711-9BDB-02163E013459.root [1141,1142,1139,1140,1144,1143]
/store/data/Run2017C/MET/RAW/v1/000/301/998/00000/22D5C717-BD8C-E711-93A9-02163E01A379.root [615,614,616]
/store/data/Run2017C/MET/RAW/v1/000/301/998/00000/24532299-BB8C-E711-8C1D-02163E019B7D.root [583,581,582]
/store/data/Run2017C/MET/RAW/v1/000/301/998/00000/2464DD20-D18C-E711-BFBA-02163E014761.root [982,980,981]
/store/data/Run2017C/MET/RAW/v1/000/301/998/00000/26076B71-B78C-E711-8A62-02163E0141F1.root [77,76]
/store/data/Run2017C/MET/RAW/v1/000/301/998/00000/264518BC-BD8C-E711-9E0C-02163E01A5D2.root [625,624,623]
/store/data/Run2017C/MET/RAW/v1/000/301/998/00000/265F3343-B68C-E711-BC2A-02163E019CA0.root [36,37]
/store/data/Run2017C/MET/RAW/v1/000/301/998/00000/28E1C87A-D38C-E711-B6E1-02163E0141D2.root [1030,1029,1028]
/store/data/Run2017C/MET/RAW/v1/000/301/998/00000/28ED240A-E68C-E711-830C-02163E0143E4.root [1364,1363,1365,1366]
/store/data/Run2017C/MET/RAW/v1/000/301/998/00000/2A234E47-B68C-E711-8CF8-02163E019BAC.root [243,242]
/store/data/Run2017C/MET/RAW/v1/000/301/998/00000/2CD4F301-E48C-E711-A372-02163E01A269.root [1326,1323,1325,1324]
/store/data/Run2017C/MET/RAW/v1/000/301/998/00000/2CDD2946-B68C-E711-86E9-02163E019B4A.root [203,202]
/store/data/Run2017C/MET/RAW/v1/000/301/998/00000/2E5A1847-B68C-E711-936B-02163E0118FB.root [213,212]
/store/data/Run2017C/MET/RAW/v1/000/301/998/00000/2E7F9D55-BC8C-E711-AD83-02163E014351.root [601,599,600]
/store/data/Run2017C/MET/RAW/v1/000/301/998/00000/2E8FE7AA-FD8C-E711-851A-02163E0146B5.root [1614,1618,1620,1619,1615,1613,1616,1617]
/store/data/Run2017C/MET/RAW/v1/000/301/998/00000/2EB45D32-E08C-E711-B2A8-02163E01A461.root [1115,1118,1116,1119,1120,1117]
/store/data/Run2017C/MET/RAW/v1/000/301/998/00000/30596049-B68C-E711-98C1-02163E01A2E7.root [358,359]
/store/data/Run2017C/MET/RAW/v1/000/301/998/00000/3096AC2D-BC8C-E711-AE96-02163E019E53.root [426,429,427,428]
/store/data/Run2017C/MET/RAW/v1/000/301/998/00000/30CBC087-C38C-E711-B55E-02163E0126FD.root [730,732,731]
/store/data/Run2017C/MET/RAW/v1/000/301/998/00000/30DB13D2-B68C-E711-AA1E-02163E014783.root [98,99]
/store/data/Run2017C/MET/RAW/v1/000/301/998/00000/320E0F42-D08C-E711-9FBF-02163E0125F5.root [960,959,961]
/store/data/Run2017C/MET/RAW/v1/000/301/998/00000/322CE0F5-E18C-E711-9022-02163E0146D6.root [1288,1287,1289,1290]
/store/data/Run2017C/MET/RAW/v1/000/301/998/00000/325667D4-BB8C-E711-9029-02163E019E14.root [418,421,419,420]
/store/data/Run2017C/MET/RAW/v1/000/301/998/00000/348FD863-E48C-E711-9A93-02163E019CB5.root [1337,1338,1336,1335]
/store/data/Run2017C/MET/RAW/v1/000/301/998/00000/34AE2614-CC8C-E711-9841-02163E01A3B7.root [888,887,886]
/store/data/Run2017C/MET/RAW/v1/000/301/998/00000/36204541-D08C-E711-8D62-02163E019DBE.root [963,964,962]
/store/data/Run2017C/MET/RAW/v1/000/301/998/00000/366C114D-B68C-E711-A0F7-02163E01A709.root [266,267]
/store/data/Run2017C/MET/RAW/v1/000/301/998/00000/3697416B-C98C-E711-AF6C-02163E01A602.root [705,702,703,704]
/store/data/Run2017C/MET/RAW/v1/000/301/998/00000/36AC5C49-B68C-E711-83D5-02163E01A5CE.root [153,152]
/store/data/Run2017C/MET/RAW/v1/000/301/998/00000/36E9E456-B68C-E711-ABD7-02163E01A2E1.root [84,85]
/store/data/Run2017C/MET/RAW/v1/000/301/998/00000/36F86167-F68C-E711-8103-02163E01366D.root [1663,1661,1664,1665,1662]
/store/data/Run2017C/MET/RAW/v1/000/301/998/00000/3847E5C5-C88C-E711-BF4B-02163E01391F.root [820,821,822]
/store/data/Run2017C/MET/RAW/v1/000/301/998/00000/385BC548-B68C-E711-A956-02163E01344B.root [52,53]
/store/data/Run2017C/MET/RAW/v1/000/301/998/00000/38C1F99C-BD8C-E711-9FD4-02163E014505.root [618,617,619]
/store/data/Run2017C/MET/RAW/v1/000/301/998/00000/38CF6543-B68C-E711-B0A5-02163E01A1EE.root [82,83]
/store/data/Run2017C/MET/RAW/v1/000/301/998/00000/38E6EDC3-E18C-E711-99B3-02163E0141AC.root [1121,1123,1124,1122,1125,1126]
/store/data/Run2017C/MET/RAW/v1/000/301/998/00000/3A524543-B68C-E711-AA22-02163E019D4D.root [80,81]
/store/data/Run2017C/MET/RAW/v1/000/301/998/00000/3A5EB2BB-F68C-E711-AD42-02163E01A6B7.root [1676,1680,1679,1677,1678]
/store/data/Run2017C/MET/RAW/v1/000/301/998/00000/3C25147B-CB8C-E711-95D2-02163E014722.root [878,877,879]
/store/data/Run2017C/MET/RAW/v1/000/301/998/00000/3C37B261-B78C-E711-A660-02163E01420A.root [264,265]
/store/data/Run2017C/MET/RAW/v1/000/301/998/00000/3C7BF067-D98C-E711-9247-02163E014783.root [992,997,996,994,993,995]
/store/data/Run2017C/MET/RAW/v1/000/301/998/00000/3CC33AA8-B68C-E711-AB5F-02163E0144E5.root [279,278]
/store/data/Run2017C/MET/RAW/v1/000/301/998/00000/3CEBE241-B68C-E711-A616-02163E01A4D4.root [17,18]
/store/data/Run2017C/MET/RAW/v1/000/301/998/00000/3E1640AF-E68C-E711-862E-02163E01A60E.root [1379,1381,1382,1380]
/store/data/Run2017C/MET/RAW/v1/000/301/998/00000/3E2DECAC-BC8C-E711-B7A0-02163E019DD0.root [606,605,607]
/store/data/Run2017C/MET/RAW/v1/000/301/998/00000/40589B4A-B68C-E711-9FD4-02163E019D96.root [61,60]
/store/data/Run2017C/MET/RAW/v1/000/301/998/00000/40626FE5-DD8C-E711-9EF1-02163E019E56.root [1075,1076,1077,1078,1073,1074]
/store/data/Run2017C/MET/RAW/v1/000/301/998/00000/406D0CEB-E48C-E711-83D4-02163E014138.root [1217,1215,1216,1214,1212,1213]
/store/data/Run2017C/MET/RAW/v1/000/301/998/00000/40D6475C-B68C-E711-83C7-02163E01200E.root [332,333]
/store/data/Run2017C/MET/RAW/v1/000/301/998/00000/42079144-B68C-E711-B789-02163E019D71.root [108,109]
/store/data/Run2017C/MET/RAW/v1/000/301/998/00000/423BDC47-B68C-E711-AE34-02163E01A464.root [8,7]
/store/data/Run2017C/MET/RAW/v1/000/301/998/00000/426B353A-E58C-E711-9F99-02163E01A4E0.root [1353,1351,1352,1354]
/store/data/Run2017C/MET/RAW/v1/000/301/998/00000/4431EB3A-E98C-E711-BB79-02163E01446B.root [1419,1422,1421,1420]
/store/data/Run2017C/MET/RAW/v1/000/301/998/00000/447B398D-B88C-E711-BD87-02163E0143E5.root [35,34,33]
/store/data/Run2017C/MET/RAW/v1/000/301/998/00000/44A270F4-F28C-E711-A415-02163E0133BA.root [1461,1464,1465,1459,1460,1462,1463,1466]
/store/data/Run2017C/MET/RAW/v1/000/301/998/00000/4665F2B6-C68C-E711-8A89-02163E013590.root [790,791,792]
/store/data/Run2017C/MET/RAW/v1/000/301/998/00000/48D0954D-B68C-E711-91E7-02163E014318.root [249,248]
/store/data/Run2017C/MET/RAW/v1/000/301/998/00000/4A38DDA5-E38C-E711-91C8-02163E012A42.root [1159,1160,1162,1161,1158,1163]
/store/data/Run2017C/MET/RAW/v1/000/301/998/00000/4A61CBFE-048D-E711-8354-02163E0135F6.root [1632,1633,1634,1631]
/store/data/Run2017C/MET/RAW/v1/000/301/998/00000/4A6A7FC3-F68C-E711-9A25-02163E0134DD.root [1512,1508,1507,1509,1511,1514,1510,1513]
/store/data/Run2017C/MET/RAW/v1/000/301/998/00000/4AA572B5-C78C-E711-AAC6-02163E0142B1.root [693,690,692,691]
/store/data/Run2017C/MET/RAW/v1/000/301/998/00000/4AB8184A-B68C-E711-AAF6-02163E01198E.root [94,95]
/store/data/Run2017C/MET/RAW/v1/000/301/998/00000/4AF5214A-B68C-E711-B6CF-02163E011854.root [316,317]
/store/data/Run2017C/MET/RAW/v1/000/301/998/00000/4CAA73AB-E28C-E711-BE31-02163E01425C.root [1136,1133,1137,1135,1134,1138]
/store/data/Run2017C/MET/RAW/v1/000/301/998/00000/4CB8293C-CA8C-E711-AA36-02163E011A94.root [719,721,718,720]
/store/data/Run2017C/MET/RAW/v1/000/301/998/00000/4E12419A-B78C-E711-9BE3-02163E011BD5.root [156,157]
/store/data/Run2017C/MET/RAW/v1/000/301/998/00000/4E61B2A5-BE8C-E711-9A18-02163E01A6C0.root [510,511,508,509]
/store/data/Run2017C/MET/RAW/v1/000/301/998/00000/4E6669C7-B88C-E711-80BA-02163E011F37.root [535,533,534]
/store/data/Run2017C/MET/RAW/v1/000/301/998/00000/4EB83943-B68C-E711-9489-02163E019C14.root [66,67]
/store/data/Run2017C/MET/RAW/v1/000/301/998/00000/4EFE1346-B68C-E711-B90F-02163E01437E.root [20,19]
/store/data/Run2017C/MET/RAW/v1/000/301/998/00000/500FFF95-7B8D-E711-B8A1-02163E01440D.root [1712,1715,1721,1710,1717,1728,1730,1731,1734,1709,1716,1722,1738,1727,1732,1736,1737,1739,1708,1713,1723,1725,1726,1729,1724,1733,1711,1714,1718,1719,1720,1735]
/store/data/Run2017C/MET/RAW/v1/000/301/998/00000/5047F2A7-B78C-E711-9CA9-02163E0141E2.root [351,350]
/store/data/Run2017C/MET/RAW/v1/000/301/998/00000/50DED452-B68C-E711-BB74-02163E01374A.root [250,251]
/store/data/Run2017C/MET/RAW/v1/000/301/998/00000/520B1285-C78C-E711-8E41-02163E01A4A2.root [683,685,682,684]
/store/data/Run2017C/MET/RAW/v1/000/301/998/00000/52B58C7B-F28C-E711-8076-02163E019BFD.root [1589,1591,1588,1590,1587]
/store/data/Run2017C/MET/RAW/v1/000/301/998/00000/52C14548-B68C-E711-9211-02163E0118F7.root [173,172]
/store/data/Run2017C/MET/RAW/v1/000/301/998/00000/52D94AB0-BD8C-E711-8232-02163E011A15.root [374,377,375,376]
/store/data/Run2017C/MET/RAW/v1/000/301/998/00000/52F6E847-B68C-E711-8298-02163E0137DF.root [288,289]
/store/data/Run2017C/MET/RAW/v1/000/301/998/00000/546E318B-DD8C-E711-AC95-02163E01A665.root [1050,1051,1054,1053,1049,1052]
/store/data/Run2017C/MET/RAW/v1/000/301/998/00000/547B65CB-BB8C-E711-99D6-02163E01A27A.root [300,301]
/store/data/Run2017C/MET/RAW/v1/000/301/998/00000/54881DCF-F78C-E711-9F12-02163E01A332.root [1691,1693,1695,1692,1694]
/store/data/Run2017C/MET/RAW/v1/000/301/998/00000/549AEED9-C88C-E711-B9F7-02163E01352A.root [654,655,656,657]
/store/data/Run2017C/MET/RAW/v1/000/301/998/00000/54E3BF75-C78C-E711-91DD-02163E019B41.root [796,797,798]
/store/data/Run2017C/MET/RAW/v1/000/301/998/00000/54EE60D5-E88C-E711-9391-02163E013431.root [1418,1415,1417,1416]
/store/data/Run2017C/MET/RAW/v1/000/301/998/00000/54FA19E0-CD8C-E711-A984-02163E0137BC.root [917,919,918]
/store/data/Run2017C/MET/RAW/v1/000/301/998/00000/56010981-BC8C-E711-A2AC-02163E01419A.root [446,448,447,449]
/store/data/Run2017C/MET/RAW/v1/000/301/998/00000/56222BC6-BB8C-E711-902D-02163E0144CB.root [458,457,459,456]
/store/data/Run2017C/MET/RAW/v1/000/301/998/00000/5678DE71-B68C-E711-AE7E-02163E01471C.root [101,100]
/store/data/Run2017C/MET/RAW/v1/000/301/998/00000/56911043-BD8C-E711-9505-02163E01A36A.root [507,505,504,506]
/store/data/Run2017C/MET/RAW/v1/000/301/998/00000/56AEEFA0-C78C-E711-97E3-02163E01A3D1.root [640,638,641,639]
/store/data/Run2017C/MET/RAW/v1/000/301/998/00000/56CA35D0-C78C-E711-A6E6-02163E01422A.root [688,686,689,687]
/store/data/Run2017C/MET/RAW/v1/000/301/998/00000/56F27998-BB8C-E711-9BE0-02163E019DD0.root [408,406,407,409]
/store/data/Run2017C/MET/RAW/v1/000/301/998/00000/586330A3-D28C-E711-8F3A-02163E01A1EE.root [1008,1007,1009]
/store/data/Run2017C/MET/RAW/v1/000/301/998/00000/58819B45-B68C-E711-A7BD-02163E01A6A5.root [261,260]
/store/data/Run2017C/MET/RAW/v1/000/301/998/00000/58C593BD-CF8C-E711-BC6F-02163E01A6CA.root [947,948,949]
/store/data/Run2017C/MET/RAW/v1/000/301/998/00000/58DCB647-B68C-E711-B307-02163E01A3DE.root [353,352]
/store/data/Run2017C/MET/RAW/v1/000/301/998/00000/5A45CFB6-E68C-E711-9E51-02163E011AC5.root [1383,1385,1384,1386]
/store/data/Run2017C/MET/RAW/v1/000/301/998/00000/5AD909B7-C78C-E711-9DC4-02163E01A3A8.root [663,664,662,665]
/store/data/Run2017C/MET/RAW/v1/000/301/998/00000/5C5D9353-DF8C-E711-A116-02163E019E57.root [1239,1241,1240,1242]
/store/data/Run2017C/MET/RAW/v1/000/301/998/00000/5C7F8B34-E48C-E711-98F5-02163E014744.root [1166,1168,1169,1165,1164,1167]
/store/data/Run2017C/MET/RAW/v1/000/301/998/00000/5E00AE7C-E28C-E711-9193-02163E01A69D.root [1291,1294,1293,1292]
/store/data/Run2017C/MET/RAW/v1/000/301/998/00000/5E0B9BCF-F68C-E711-B2EC-02163E0146C2.root [1505,1502,1503,1504,1501,1499,1500,1506]
/store/data/Run2017C/MET/RAW/v1/000/301/998/00000/5EB89D0D-E68C-E711-B0AE-02163E019B48.root [1368,1369,1367,1370]
/store/data/Run2017C/MET/RAW/v1/000/301/998/00000/60001D21-BE8C-E711-AFE7-02163E01A4AD.root [627,628,626]
/store/data/Run2017C/MET/RAW/v1/000/301/998/00000/600487E5-DB8C-E711-80EB-02163E0146D6.root [1178,1181,1179,1180]
/store/data/Run2017C/MET/RAW/v1/000/301/998/00000/603E7598-CE8C-E711-BA89-02163E01A6DD.root [933,932,934]
/store/data/Run2017C/MET/RAW/v1/000/301/998/00000/6058E148-B68C-E711-AA00-02163E014667.root [62,63]
/store/data/Run2017C/MET/RAW/v1/000/301/998/00000/60D1A6DB-F38C-E711-A6BD-02163E019E54.root [1467,1469,1474,1473,1470,1471,1472,1468]
/store/data/Run2017C/MET/RAW/v1/000/301/998/00000/60E03305-CA8C-E711-963F-02163E01471F.root [715,716,717,714]
/store/data/Run2017C/MET/RAW/v1/000/301/998/00000/62902F52-B68C-E711-AEE9-02163E011F37.root [334,335]
/store/data/Run2017C/MET/RAW/v1/000/301/998/00000/62F2E74B-B68C-E711-AA4C-02163E01386F.root [259,258]
/store/data/Run2017C/MET/RAW/v1/000/301/998/00000/62F3F39B-B88C-E711-B9E6-02163E019E14.root [530,532,531]
/store/data/Run2017C/MET/RAW/v1/000/301/998/00000/643DE646-B68C-E711-A2A6-02163E019B60.root [262,263]
/store/data/Run2017C/MET/RAW/v1/000/301/998/00000/647729CD-E48C-E711-A193-02163E01A3A8.root [1189,1190,1192,1193,1191,1188]
/store/data/Run2017C/MET/RAW/v1/000/301/998/00000/6487F55B-B68C-E711-ADFA-02163E011E55.root [163,162]
/store/data/Run2017C/MET/RAW/v1/000/301/998/00000/64B5AFBF-C98C-E711-91F6-02163E01A2EC.root [694,695,696,697]
/store/data/Run2017C/MET/RAW/v1/000/301/998/00000/6659B356-B68C-E711-8D0F-02163E014126.root [92,93]
/store/data/Run2017C/MET/RAW/v1/000/301/998/00000/66862131-098D-E711-B004-02163E01A1DD.root [1560,1558,1555,1557,1556,1559,1561,1562]
/store/data/Run2017C/MET/RAW/v1/000/301/998/00000/6695D92E-D18C-E711-A2D4-02163E01A6BB.root [979,977,978]
/store/data/Run2017C/MET/RAW/v1/000/301/998/00000/66A4BB44-B68C-E711-AABE-02163E01A526.root [70,71]
/store/data/Run2017C/MET/RAW/v1/000/301/998/00000/66DF3D0D-E58C-E711-8F64-02163E01A744.root [1197,1199,1196,1198,1195,1194]
/store/data/Run2017C/MET/RAW/v1/000/301/998/00000/68039627-BB8C-E711-9475-02163E019D62.root [370,371]
/store/data/Run2017C/MET/RAW/v1/000/301/998/00000/68285147-B68C-E711-9FCE-02163E019BE1.root [369,368]
/store/data/Run2017C/MET/RAW/v1/000/301/998/00000/68DA8A64-E98C-E711-841B-02163E01A4B0.root [1430,1428,1429,1427]
/store/data/Run2017C/MET/RAW/v1/000/301/998/00000/6A10DD05-B98C-E711-B632-02163E01A2AB.root [538,536,537]
/store/data/Run2017C/MET/RAW/v1/000/301/998/00000/6A3F3581-B68C-E711-82A8-02163E0141D2.root [303,302]
/store/data/Run2017C/MET/RAW/v1/000/301/998/00000/6A8ACC49-B68C-E711-80D1-02163E0144EA.root [75,74]
/store/data/Run2017C/MET/RAW/v1/000/301/998/00000/6AA1F9B7-C78C-E711-B8DC-02163E01A705.root [666,667,669,668]
/store/data/Run2017C/MET/RAW/v1/000/301/998/00000/6AACCD49-B68C-E711-84A9-02163E013478.root [315,314]
/store/data/Run2017C/MET/RAW/v1/000/301/998/00000/6AC3323A-E58C-E711-8103-02163E01A4E0.root [1349,1347,1348,1350]
/store/data/Run2017C/MET/RAW/v1/000/301/998/00000/6AD6980F-BA8C-E711-B2B9-02163E014318.root [551,552,553]
/store/data/Run2017C/MET/RAW/v1/000/301/998/00000/6C18FC48-B68C-E711-B94B-02163E01455E.root [151,150]
/store/data/Run2017C/MET/RAW/v1/000/301/998/00000/6C1F0845-E38C-E711-90D7-02163E01420B.root [1307,1308,1310,1309]
/store/data/Run2017C/MET/RAW/v1/000/301/998/00000/6CA870A6-E08C-E711-B2F6-02163E019D24.root [1261,1260,1262,1259]
/store/data/Run2017C/MET/RAW/v1/000/301/998/00000/6CC3FD13-B78C-E711-9E3E-02163E0134E0.root [59,58]
/store/data/Run2017C/MET/RAW/v1/000/301/998/00000/6E2881C3-CC8C-E711-A8BC-02163E01450D.root [899,901,900]
/store/data/Run2017C/MET/RAW/v1/000/301/998/00000/6E634B82-C78C-E711-AFAC-02163E01A3C2.root [653,650,652,651]
/store/data/Run2017C/MET/RAW/v1/000/301/998/00000/6E8684E7-E28C-E711-BE19-02163E01A37C.root [1182,1184,1187,1186,1183,1185]
/store/data/Run2017C/MET/RAW/v1/000/301/998/00000/6EC9284B-B68C-E711-ACA9-02163E01A487.root [292,293]
/store/data/Run2017C/MET/RAW/v1/000/301/998/00000/6ECFA7CB-C98C-E711-9031-02163E01459A.root [710,711,712,713]
/store/data/Run2017C/MET/RAW/v1/000/301/998/00000/70FDBB5E-BB8C-E711-A9BB-02163E011825.root [473,475,474,472]
/store/data/Run2017C/MET/RAW/v1/000/301/998/00000/721E6202-E08C-E711-A5BA-02163E019CD7.root [1249,1247,1250,1248]
/store/data/Run2017C/MET/RAW/v1/000/301/998/00000/72A46D45-B68C-E711-AE2E-02163E013829.root [90,91]
/store/data/Run2017C/MET/RAW/v1/000/301/998/00000/72C40245-B68C-E711-8DB1-02163E01A335.root [149,148]
/store/data/Run2017C/MET/RAW/v1/000/301/998/00000/72CBFA82-E28C-E711-8314-02163E013431.root [1148,1147,1150,1145,1146,1149]
/store/data/Run2017C/MET/RAW/v1/000/301/998/00000/72ECBB13-838D-E711-A808-02163E011904.root [1740,1741,1747,1748,1752,1751,1750,1742,1744,1746,1749,1743,1745,1754,1753]
/store/data/Run2017C/MET/RAW/v1/000/301/998/00000/740E9548-B68C-E711-8884-02163E01A706.root [385,384]
/store/data/Run2017C/MET/RAW/v1/000/301/998/00000/7475F62B-E78C-E711-93C5-02163E0133E0.root [1390,1387,1388,1389]
/store/data/Run2017C/MET/RAW/v1/000/301/998/00000/74A0DF94-C98C-E711-82A2-02163E019DDD.root [841,843,842]
/store/data/Run2017C/MET/RAW/v1/000/301/998/00000/74FAFD48-B68C-E711-9FE5-02163E0136F1.root [232,233]
/store/data/Run2017C/MET/RAW/v1/000/301/998/00000/76091DBB-C88C-E711-BB51-02163E01A4BB.root [814,815,816]
/store/data/Run2017C/MET/RAW/v1/000/301/998/00000/76250FB0-DE8C-E711-8065-02163E01A3E5.root [1097,1102,1099,1101,1098,1100]
/store/data/Run2017C/MET/RAW/v1/000/301/998/00000/766A616A-BA8C-E711-9D0C-02163E01A6FF.root [564,563,565]
/store/data/Run2017C/MET/RAW/v1/000/301/998/00000/76DE9449-B68C-E711-A756-02163E01A6F8.root [361,360]
/store/data/Run2017C/MET/RAW/v1/000/301/998/00000/76EADD9A-CE8C-E711-8A1E-02163E019BAB.root [930,931,929]
/store/data/Run2017C/MET/RAW/v1/000/301/998/00000/789234AB-CC8C-E711-81CC-02163E019E57.root [897,898,896]
/store/data/Run2017C/MET/RAW/v1/000/301/998/00000/78EB7210-C68C-E711-9B89-02163E0118D9.root [774,772,773]
/store/data/Run2017C/MET/RAW/v1/000/301/998/00000/7A0DB843-B68C-E711-A129-02163E01A742.root [21,22]
/store/data/Run2017C/MET/RAW/v1/000/301/998/00000/7A142565-CB8C-E711-9D07-02163E0144FB.root [736,733,734,735]
/store/data/Run2017C/MET/RAW/v1/000/301/998/00000/7A47109D-BB8C-E711-A3C2-02163E01A32C.root [412,413,411,410]
/store/data/Run2017C/MET/RAW/v1/000/301/998/00000/7A66BC6C-BC8C-E711-AB80-02163E01A5E8.root [480,482,481,483]
/store/data/Run2017C/MET/RAW/v1/000/301/998/00000/7A7BCC2C-D28C-E711-8716-02163E011AA4.root [998,999,1000]
/store/data/Run2017C/MET/RAW/v1/000/301/998/00000/7AA44448-B68C-E711-B6A7-02163E01A22D.root [126,127]
/store/data/Run2017C/MET/RAW/v1/000/301/998/00000/7AE5DC64-CF8C-E711-B94A-02163E01366D.root [944,946,945]
/store/data/Run2017C/MET/RAW/v1/000/301/998/00000/7C686953-B68C-E711-AA3A-02163E01343A.root [341,340]
/store/data/Run2017C/MET/RAW/v1/000/301/998/00000/7CF7B9BF-E28C-E711-B86C-02163E011CF5.root [1305,1306,1303,1304]
/store/data/Run2017C/MET/RAW/v1/000/301/998/00000/7E05E5CA-E28C-E711-833F-02163E01A640.root [1152,1151,1153]
/store/data/Run2017C/MET/RAW/v1/000/301/998/00000/7E06DD80-F78C-E711-A557-02163E01A42C.root [1529,1523,1526,1530,1525,1527,1528,1524]
/store/data/Run2017C/MET/RAW/v1/000/301/998/00000/7E21FB9D-F18C-E711-BE5F-02163E019BC0.root [1458,1455,1457,1454,1453,1451,1456,1452]
/store/data/Run2017C/MET/RAW/v1/000/301/998/00000/7EF327CB-C58C-E711-A250-02163E01448A.root [771,770,769]
/store/data/Run2017C/MET/RAW/v1/000/301/998/00000/803C0961-BD8C-E711-8798-02163E0146E7.root [486,484,487,485]
/store/data/Run2017C/MET/RAW/v1/000/301/998/00000/8093CE4B-B68C-E711-A2B2-02163E01A513.root [124,125]
/store/data/Run2017C/MET/RAW/v1/000/301/998/00000/80A20291-C98C-E711-879A-02163E013480.root [846,844,845]
/store/data/Run2017C/MET/RAW/v1/000/301/998/00000/80D13213-CF8C-E711-97D4-02163E014424.root [940,938,939]
/store/data/Run2017C/MET/RAW/v1/000/301/998/00000/827923D8-F68C-E711-AA17-02163E0146B6.root [1521,1522,1516,1520,1515,1517,1518,1519]
/store/data/Run2017C/MET/RAW/v1/000/301/998/00000/844EB200-B98C-E711-96F0-02163E01470F.root [544,542,543]
/store/data/Run2017C/MET/RAW/v1/000/301/998/00000/8470D657-D08C-E711-BAF6-02163E013631.root [956,957,958]
/store/data/Run2017C/MET/RAW/v1/000/301/998/00000/84B60F28-BD8C-E711-A8D5-02163E011C19.root [494,493,492,495]
/store/data/Run2017C/MET/RAW/v1/000/301/998/00000/84BD9B31-CB8C-E711-890C-02163E019B3D.root [741,742]
/store/data/Run2017C/MET/RAW/v1/000/301/998/00000/84DF5287-BA8C-E711-BC9A-02163E012332.root [365,364]
/store/data/Run2017C/MET/RAW/v1/000/301/998/00000/84F2475B-B68C-E711-87DA-02163E01283B.root [306,307]
/store/data/Run2017C/MET/RAW/v1/000/301/998/00000/84FA090D-BD8C-E711-9C1F-02163E01A5FC.root [609,610,608]
/store/data/Run2017C/MET/RAW/v1/000/301/998/00000/84FF4A46-B68C-E711-B4C2-02163E019C51.root [253,252]
/store/data/Run2017C/MET/RAW/v1/000/301/998/00000/8632F922-E78C-E711-B25F-02163E019D67.root [1233,1234,1232,1230,1235,1231]
/store/data/Run2017C/MET/RAW/v1/000/301/998/00000/863F8A47-B68C-E711-BC59-02163E014192.root [97,96]
/store/data/Run2017C/MET/RAW/v1/000/301/998/00000/86A3D92F-C58C-E711-B2C1-02163E0143DC.root [764,763,765]
/store/data/Run2017C/MET/RAW/v1/000/301/998/00000/86A6260D-CF8C-E711-8BB2-02163E01A3FC.root [942,943,941]
/store/data/Run2017C/MET/RAW/v1/000/301/998/00000/86B635FC-BB8C-E711-A581-02163E01A3DE.root [593,594,595]
/store/data/Run2017C/MET/RAW/v1/000/301/998/00000/8833C647-B68C-E711-BDED-02163E01A2B7.root [367,366]
/store/data/Run2017C/MET/RAW/v1/000/301/998/00000/888AF832-BA8C-E711-B2BF-02163E01A5EC.root [555,554,556]
/store/data/Run2017C/MET/RAW/v1/000/301/998/00000/88B61F42-BC8C-E711-833A-02163E011F05.root [401,400,399,398]
/store/data/Run2017C/MET/RAW/v1/000/301/998/00000/8A12A046-B68C-E711-A3F4-02163E019B70.root [217,216]
/store/data/Run2017C/MET/RAW/v1/000/301/998/00000/8A4F7864-DD8C-E711-A468-02163E019BFD.root [1040,1037,1038,1041,1042,1039]
/store/data/Run2017C/MET/RAW/v1/000/301/998/00000/8A51BE99-BA8C-E711-9FB5-02163E01359A.root [566,567,568]
/store/data/Run2017C/MET/RAW/v1/000/301/998/00000/8A61B645-B68C-E711-849A-02163E019DB7.root [204,205]
/store/data/Run2017C/MET/RAW/v1/000/301/998/00000/8C592085-E08C-E711-83B5-02163E0145BD.root [1263,1265,1266,1264]
/store/data/Run2017C/MET/RAW/v1/000/301/998/00000/8C6B1CFB-F78C-E711-B79C-02163E0142E4.root [1697,1700,1696,1698,1699]
/store/data/Run2017C/MET/RAW/v1/000/301/998/00000/8C6E9DF7-C78C-E711-A574-02163E019CB5.root [811,812,813]
/store/data/Run2017C/MET/RAW/v1/000/301/998/00000/8C7C1ABC-E68C-E711-B463-02163E011F5B.root [1377,1378,1376,1375]
/store/data/Run2017C/MET/RAW/v1/000/301/998/00000/8CCCCC49-B68C-E711-9209-02163E019CD5.root [158,159]
/store/data/Run2017C/MET/RAW/v1/000/301/998/00000/8CD34A60-B68C-E711-B1BE-02163E01A73B.root [170,171]
/store/data/Run2017C/MET/RAW/v1/000/301/998/00000/8CED6152-B68C-E711-B2A5-02163E0134F0.root [64,65]
/store/data/Run2017C/MET/RAW/v1/000/301/998/00000/8CFBA2D5-CA8C-E711-A519-02163E019DB7.root [857,858,856]
/store/data/Run2017C/MET/RAW/v1/000/301/998/00000/8E0AB0F6-C78C-E711-BDC9-02163E01A650.root [808,809,810]
/store/data/Run2017C/MET/RAW/v1/000/301/998/00000/8E3F8148-B68C-E711-9200-02163E011BEC.root [166,167]
/store/data/Run2017C/MET/RAW/v1/000/301/998/00000/8E9A7B56-CB8C-E711-B6C6-02163E019C51.root [870,868,869]
/store/data/Run2017C/MET/RAW/v1/000/301/998/00000/8EA6F3B5-CE8C-E711-89AC-02163E019E59.root [935,936,937]
/store/data/Run2017C/MET/RAW/v1/000/301/998/00000/8ED41457-B68C-E711-AF03-02163E0124F5.root [277,276]
/store/data/Run2017C/MET/RAW/v1/000/301/998/00000/8EF5D631-DA8C-E711-9217-02163E011CF5.root [1017,1021,1016,1019,1018,1020]
/store/data/Run2017C/MET/RAW/v1/000/301/998/00000/90199747-B68C-E711-A20E-02163E01A4EC.root [355,354]
/store/data/Run2017C/MET/RAW/v1/000/301/998/00000/90227849-B68C-E711-A9FA-02163E01465C.root [3,4]
/store/data/Run2017C/MET/RAW/v1/000/301/998/00000/906D010E-B98C-E711-8885-02163E01389A.root [539,540,541]
/store/data/Run2017C/MET/RAW/v1/000/301/998/00000/90AB9EC6-BB8C-E711-B9E3-02163E013932.root [394,395,396,397]
/store/data/Run2017C/MET/RAW/v1/000/301/998/00000/90B2B277-BD8C-E711-852E-02163E019D0B.root [502,503,501,500]
/store/data/Run2017C/MET/RAW/v1/000/301/998/00000/90B2BB2A-E88C-E711-BD4E-02163E0144A7.root [1406,1403,1404,1405]
/store/data/Run2017C/MET/RAW/v1/000/301/998/00000/90E26947-B68C-E711-9CD4-02163E0121F2.root [186,187]
/store/data/Run2017C/MET/RAW/v1/000/301/998/00000/920C876C-E88C-E711-B59D-02163E014764.root [1412,1414,1411,1413]
/store/data/Run2017C/MET/RAW/v1/000/301/998/00000/9224A648-D08C-E711-B193-02163E019BEE.root [966,967,965]
/store/data/Run2017C/MET/RAW/v1/000/301/998/00000/92B915F4-BB8C-E711-89E8-02163E011EBA.root [589,587,588]
/store/data/Run2017C/MET/RAW/v1/000/301/998/00000/94165922-CD8C-E711-A441-02163E01A1F8.root [904,903,902]
/store/data/Run2017C/MET/RAW/v1/000/301/998/00000/947B56BB-C78C-E711-A827-02163E01A2C3.root [674,676,675,677]
/store/data/Run2017C/MET/RAW/v1/000/301/998/00000/94A66771-DA8C-E711-9C09-02163E01A6D1.root [1154,1157,1156,1155]
/store/data/Run2017C/MET/RAW/v1/000/301/998/00000/94DC79DC-BD8C-E711-B68C-02163E0121EB.root [621,622,620]
/store/data/Run2017C/MET/RAW/v1/000/301/998/00000/961D409C-C78C-E711-A79A-02163E019CF6.root [800,799,801]
/store/data/Run2017C/MET/RAW/v1/000/301/998/00000/96892048-B68C-E711-BD40-02163E011EBA.root [221,220]
/store/data/Run2017C/MET/RAW/v1/000/301/998/00000/9689D349-B68C-E711-A43B-02163E01449B.root [357,356]
/store/data/Run2017C/MET/RAW/v1/000/301/998/00000/96ABED7B-C58C-E711-8BAA-02163E0145D8.root [757,759,758]
/store/data/Run2017C/MET/RAW/v1/000/301/998/00000/986E8DAF-F58C-E711-B471-02163E01A3FA.root [1648,1645,1646,1649,1647]
/store/data/Run2017C/MET/RAW/v1/000/301/998/00000/9A37DEAF-F78C-E711-A8AA-02163E0145BB.root [1686,1690,1688,1687,1689]
/store/data/Run2017C/MET/RAW/v1/000/301/998/00000/9A755A46-B68C-E711-A5D4-02163E01A4BE.root [207,206]
/store/data/Run2017C/MET/RAW/v1/000/301/998/00000/9A93E146-B68C-E711-9C56-02163E019D68.root [105,104]
/store/data/Run2017C/MET/RAW/v1/000/301/998/00000/9C550639-BD8C-E711-9288-02163E013932.root [491,488,490,489]
/store/data/Run2017C/MET/RAW/v1/000/301/998/00000/9C7B0023-BD8C-E711-8807-02163E011AF4.root [598,596,597]
/store/data/Run2017C/MET/RAW/v1/000/301/998/00000/9C8EDF61-BE8C-E711-B06D-02163E01A6F1.root [632,633,634]
/store/data/Run2017C/MET/RAW/v1/000/301/998/00000/9CADC362-F68C-E711-AB8B-02163E01A304.root [1670,1666,1667,1669,1668]
/store/data/Run2017C/MET/RAW/v1/000/301/998/00000/9E315102-E48C-E711-9F95-02163E01A205.root [1329,1328,1330,1327]
/store/data/Run2017C/MET/RAW/v1/000/301/998/00000/9E684F46-B68C-E711-84C5-02163E01A418.root [238,239]
/store/data/Run2017C/MET/RAW/v1/000/301/998/00000/9E701947-B68C-E711-A51B-02163E0146BE.root [48,49]
/store/data/Run2017C/MET/RAW/v1/000/301/998/00000/9E7C86CC-CB8C-E711-805A-02163E011AFE.root [885,883,884]
/store/data/Run2017C/MET/RAW/v1/000/301/998/00000/A01CA247-B68C-E711-ADC5-02163E0144B4.root [244,245]
/store/data/Run2017C/MET/RAW/v1/000/301/998/00000/A025AA45-B68C-E711-A18A-02163E01A45D.root [179,178]
/store/data/Run2017C/MET/RAW/v1/000/301/998/00000/A05D4252-B68C-E711-8087-02163E013956.root [168,169]
/store/data/Run2017C/MET/RAW/v1/000/301/998/00000/A07A3F5E-B88C-E711-994B-02163E012A36.root [528,527,529]
/store/data/Run2017C/MET/RAW/v1/000/301/998/00000/A09764B1-C88C-E711-B48E-02163E01201B.root [825,824,823]
/store/data/Run2017C/MET/RAW/v1/000/301/998/00000/A2666146-B68C-E711-BFFC-02163E0146AD.root [298,299]
/store/data/Run2017C/MET/RAW/v1/000/301/998/00000/A26D2044-B68C-E711-BF13-02163E019CD2.root [211,210]
/store/data/Run2017C/MET/RAW/v1/000/301/998/00000/A283D174-CD8C-E711-96DE-02163E0145C5.root [916,914,915]
/store/data/Run2017C/MET/RAW/v1/000/301/998/00000/A2920217-E18C-E711-9C1F-02163E013897.root [1274,1271,1272,1273]
/store/data/Run2017C/MET/RAW/v1/000/301/998/00000/A2CAA73C-BB8C-E711-9C37-02163E01A606.root [463,460,461,462]
/store/data/Run2017C/MET/RAW/v1/000/301/998/00000/A2D138D7-DD8C-E711-98D4-02163E01A2B7.root [1065,1066,1062,1061,1064,1063]
/store/data/Run2017C/MET/RAW/v1/000/301/998/00000/A4542B35-E58C-E711-97E9-02163E019BEF.root [1355,1356,1358,1357]
/store/data/Run2017C/MET/RAW/v1/000/301/998/00000/A461D9BD-DD8C-E711-A382-02163E01A6F8.root [1059,1060,1055,1056,1057,1058]
/store/data/Run2017C/MET/RAW/v1/000/301/998/00000/A6A110DF-CA8C-E711-A36A-02163E01374F.root [861,859,860]
/store/data/Run2017C/MET/RAW/v1/000/301/998/00000/A6B642DF-C98C-E711-A80A-02163E014493.root [706,707,709,708]
/store/data/Run2017C/MET/RAW/v1/000/301/998/00000/A6DC5D92-CB8C-E711-930F-02163E01213E.root [737,739,740,738]
/store/data/Run2017C/MET/RAW/v1/000/301/998/00000/A89909B3-D18C-E711-9228-02163E014146.root [990,989,991]
/store/data/Run2017C/MET/RAW/v1/000/301/998/00000/A8D98B3C-BD8C-E711-9804-02163E013631.root [611,613,612]
/store/data/Run2017C/MET/RAW/v1/000/301/998/00000/AA457055-B68C-E711-B4DD-02163E014675.root [336,337]
/store/data/Run2017C/MET/RAW/v1/000/301/998/00000/AAED187D-E88C-E711-9291-02163E011F8F.root [1407,1409,1410,1408]
/store/data/Run2017C/MET/RAW/v1/000/301/998/00000/AAF92A46-B68C-E711-9B81-02163E01A509.root [273,272]
/store/data/Run2017C/MET/RAW/v1/000/301/998/00000/AC0B1D4F-B68C-E711-BCFE-02163E01359A.root [51,50]
/store/data/Run2017C/MET/RAW/v1/000/301/998/00000/AC6E3F82-BC8C-E711-B057-02163E0145F5.root [437,434,435,436]
/store/data/Run2017C/MET/RAW/v1/000/301/998/00000/ACB2E84A-B68C-E711-873E-02163E01392A.root [146,147]
/store/data/Run2017C/MET/RAW/v1/000/301/998/00000/AE8496A5-BB8C-E711-BE1F-02163E01A4E8.root [414,416,415,417]
/store/data/Run2017C/MET/RAW/v1/000/301/998/00000/AE9AAF49-B68C-E711-A558-02163E0118D2.root [47,46]
/store/data/Run2017C/MET/RAW/v1/000/301/998/00000/B029FC49-C98C-E711-8830-02163E01374B.root [834,833,832]
/store/data/Run2017C/MET/RAW/v1/000/301/998/00000/B04E9E5C-B88C-E711-848D-02163E01A1D3.root [521,522,523]
/store/data/Run2017C/MET/RAW/v1/000/301/998/00000/B07DF50F-D48C-E711-965C-02163E01457D.root [969,970,968]
/store/data/Run2017C/MET/RAW/v1/000/301/998/00000/B080B60B-E78C-E711-8CD6-02163E014150.root [1236,1237,1238]
/store/data/Run2017C/MET/RAW/v1/000/301/998/00000/B090D747-B68C-E711-8C45-02163E01A34F.root [363,362]
/store/data/Run2017C/MET/RAW/v1/000/301/998/00000/B0B8072A-BD8C-E711-BA04-02163E014538.root [378,381,379,380]
/store/data/Run2017C/MET/RAW/v1/000/301/998/00000/B20EB945-B68C-E711-8B39-02163E01A5A3.root [128,129]
/store/data/Run2017C/MET/RAW/v1/000/301/998/00000/B231C034-BB8C-E711-9C3E-02163E0144B1.root [287,286]
/store/data/Run2017C/MET/RAW/v1/000/301/998/00000/B26E595E-E38C-E711-BE09-02163E01A6B2.root [1313,1314,1311,1312]
/store/data/Run2017C/MET/RAW/v1/000/301/998/00000/B2B03946-B68C-E711-88B2-02163E013592.root [155,154]
/store/data/Run2017C/MET/RAW/v1/000/301/998/00000/B45FA6A3-C78C-E711-B298-02163E011A0F.root [644,643,642,645]
/store/data/Run2017C/MET/RAW/v1/000/301/998/00000/B4AFB2B8-F68C-E711-8B4B-02163E012116.root [1673,1671,1672,1675,1674]
/store/data/Run2017C/MET/RAW/v1/000/301/998/00000/B4D79165-B68C-E711-8A86-02163E011AC9.root [134,135]
/store/data/Run2017C/MET/RAW/v1/000/301/998/00000/B4F3FE4A-B68C-E711-8E4B-02163E01A4D5.root [122,123]
/store/data/Run2017C/MET/RAW/v1/000/301/998/00000/B645489C-C78C-E711-AFAC-02163E01A26A.root [804,802,803]
/store/data/Run2017C/MET/RAW/v1/000/301/998/00000/B64D533C-BA8C-E711-938A-02163E0142C6.root [559,558,557]
/store/data/Run2017C/MET/RAW/v1/000/301/998/00000/B65BC146-B68C-E711-A15C-02163E01A5E0.root [79,78]
/store/data/Run2017C/MET/RAW/v1/000/301/998/00000/B66A19D1-DD8C-E711-90C9-02163E019B52.root [1069,1067,1070,1072,1071,1068]
/store/data/Run2017C/MET/RAW/v1/000/301/998/00000/B6A44BB7-C78C-E711-A4FA-02163E012987.root [672,671,670,673]
/store/data/Run2017C/MET/RAW/v1/000/301/998/00000/B6FF277A-B98C-E711-9316-02163E014764.root [548,550,549]
/store/data/Run2017C/MET/RAW/v1/000/301/998/00000/B8674112-C68C-E711-8A13-02163E01A3F0.root [777,775,776]
/store/data/Run2017C/MET/RAW/v1/000/301/998/00000/B87A7559-C98C-E711-B5B2-02163E01A355.root [835,836,837]
/store/data/Run2017C/MET/RAW/v1/000/301/998/00000/B892789C-D98C-E711-8C1A-02163E01A416.root [923,924,925]
/store/data/Run2017C/MET/RAW/v1/000/301/998/00000/B897DC55-F38C-E711-A45B-02163E01A674.root [1480,1476,1477,1481,1479,1478,1475,1482]
/store/data/Run2017C/MET/RAW/v1/000/301/998/00000/BA37474F-B68C-E711-B5FB-02163E014556.root [339,338]
/store/data/Run2017C/MET/RAW/v1/000/301/998/00000/BA65B0CB-DE8C-E711-9652-02163E01A423.root [749,750]
/store/data/Run2017C/MET/RAW/v1/000/301/998/00000/BC4DC187-E18C-E711-B4F9-02163E0137F6.root [1279,1282,1280,1281]
/store/data/Run2017C/MET/RAW/v1/000/301/998/00000/BC75E059-BE8C-E711-B419-02163E01472C.root [636,637,635]
/store/data/Run2017C/MET/RAW/v1/000/301/998/00000/BCBCA69A-BB8C-E711-90C6-02163E01376C.root [576,577,575]
/store/data/Run2017C/MET/RAW/v1/000/301/998/00000/BCC7FF45-B68C-E711-A1A2-02163E019C4F.root [254,255]
/store/data/Run2017C/MET/RAW/v1/000/301/998/00000/BCEA8047-B68C-E711-B302-02163E01A20B.root [274,275]
/store/data/Run2017C/MET/RAW/v1/000/301/998/00000/BE1CFE53-DF8C-E711-96F5-02163E014319.root [1243,1245,1244,1246]
/store/data/Run2017C/MET/RAW/v1/000/301/998/00000/BE253B91-B68C-E711-B0C6-02163E0138BB.root [165,164]
/store/data/Run2017C/MET/RAW/v1/000/301/998/00000/BE8E999C-BB8C-E711-B020-02163E01A6CB.root [386,387]
/store/data/Run2017C/MET/RAW/v1/000/301/998/00000/BE929E4D-B68C-E711-BCAB-02163E0142BF.root [138,139]
/store/data/Run2017C/MET/RAW/v1/000/301/998/00000/BEA190FE-C78C-E711-A3F5-02163E01A640.root [807,805,806]
/store/data/Run2017C/MET/RAW/v1/000/301/998/00000/BED1EB43-B68C-E711-97F3-02163E01A505.root [87,86]
/store/data/Run2017C/MET/RAW/v1/000/301/998/00000/C02B368E-DE8C-E711-A0D2-02163E01A59A.root [1096,1094,1095,1091,1092,1093]
/store/data/Run2017C/MET/RAW/v1/000/301/998/00000/C05DA452-B68C-E711-9DF2-02163E01419C.root [310,311]
/store/data/Run2017C/MET/RAW/v1/000/301/998/00000/C065CB88-BA8C-E711-8A8E-02163E01419E.root [321,320]
/store/data/Run2017C/MET/RAW/v1/000/301/998/00000/C0864B46-B68C-E711-9EDA-02163E01A3D2.root [268,269]
/store/data/Run2017C/MET/RAW/v1/000/301/998/00000/C08DACDD-CA8C-E711-AE92-02163E019E7B.root [862,864,863]
/store/data/Run2017C/MET/RAW/v1/000/301/998/00000/C0CBF866-C68C-E711-BDA3-02163E011EBA.root [786,785,784]
/store/data/Run2017C/MET/RAW/v1/000/301/998/00000/C0F207F5-BB8C-E711-85A2-02163E013631.root [591,592,590]
/store/data/Run2017C/MET/RAW/v1/000/301/998/00000/C0F94547-B68C-E711-8AEC-02163E012649.root [6,5]
/store/data/Run2017C/MET/RAW/v1/000/301/998/00000/C0FBDA16-E18C-E711-8388-02163E01422A.root [1267,1270,1268,1269]
/store/data/Run2017C/MET/RAW/v1/000/301/998/00000/C23D74C7-B78C-E711-BFC8-02163E01419D.root [516,515,517]
/store/data/Run2017C/MET/RAW/v1/000/301/998/00000/C2B005FE-BD8C-E711-827F-02163E012420.root [629,631,630]
/store/data/Run2017C/MET/RAW/v1/000/301/998/00000/C2B42EBE-BC8C-E711-BE37-02163E0141B9.root [602,603,604]
/store/data/Run2017C/MET/RAW/v1/000/301/998/00000/C2CB1794-CD8C-E711-A394-02163E01A5C4.root [910,908,909]
/store/data/Run2017C/MET/RAW/v1/000/301/998/00000/C2CE744B-B68C-E711-9354-02163E011B92.root [256,257]
/store/data/Run2017C/MET/RAW/v1/000/301/998/00000/C43A7645-B68C-E711-BC5C-02163E019D0A.root [225,224]
/store/data/Run2017C/MET/RAW/v1/000/301/998/00000/C459BD8B-CD8C-E711-BB5C-02163E01A3A8.root [912,913,911]
/store/data/Run2017C/MET/RAW/v1/000/301/998/00000/C4AB56D7-E18C-E711-9B1F-02163E01A377.root [1284,1285,1283,1286]
/store/data/Run2017C/MET/RAW/v1/000/301/998/00000/C4CDAC25-C68C-E711-B8DD-02163E01A33D.root [779,778,780]
/store/data/Run2017C/MET/RAW/v1/000/301/998/00000/C6634E47-B68C-E711-A684-02163E019E14.root [372,373]
/store/data/Run2017C/MET/RAW/v1/000/301/998/00000/C66E4789-F78C-E711-B2F3-02163E019BFD.root [1539,1542,1541,1540,1544,1545,1546,1543]
/store/data/Run2017C/MET/RAW/v1/000/301/998/00000/C6BB1C94-BB8C-E711-A630-02163E014674.root [574,573,572]
/store/data/Run2017C/MET/RAW/v1/000/301/998/00000/C6FF6800-CE8C-E711-9E46-02163E011D0A.root [921,920,922]
/store/data/Run2017C/MET/RAW/v1/000/301/998/00000/C8307844-B68C-E711-9E80-02163E019E0F.root [55,54]
/store/data/Run2017C/MET/RAW/v1/000/301/998/00000/C858EF73-D38C-E711-A753-02163E01449B.root [1022,1023,1024]
/store/data/Run2017C/MET/RAW/v1/000/301/998/00000/C8CE0F68-B78C-E711-8703-02163E01190B.root [57,56]
/store/data/Run2017C/MET/RAW/v1/000/301/998/00000/CA4E3137-E08C-E711-B8E0-02163E012510.root [1255,1257,1256,1258]
/store/data/Run2017C/MET/RAW/v1/000/301/998/00000/CA60E948-F58C-E711-A780-02163E019E53.root [1641,1643,1644,1640,1642]
/store/data/Run2017C/MET/RAW/v1/000/301/998/00000/CAB316DD-F48C-E711-A91F-02163E01A4CF.root [1639,1635,1638,1636,1637]
/store/data/Run2017C/MET/RAW/v1/000/301/998/00000/CAE5C846-B68C-E711-9170-02163E01A28D.root [297,296]
/store/data/Run2017C/MET/RAW/v1/000/301/998/00000/CC027C1F-C58C-E711-A8EF-02163E0144D1.root [762,760,761]
/store/data/Run2017C/MET/RAW/v1/000/301/998/00000/CCA63072-F18C-E711-A943-02163E01A1E4.root [1425,1423,1424,1426]
/store/data/Run2017C/MET/RAW/v1/000/301/998/00000/CCEAC042-B68C-E711-9F05-02163E019DAF.root [10,9]
/store/data/Run2017C/MET/RAW/v1/000/301/998/00000/CCFE7AF7-C98C-E711-8220-02163E019BC9.root [850,851,852]
/store/data/Run2017C/MET/RAW/v1/000/301/998/00000/CE037FF6-C48C-E711-AC16-02163E01A541.root [751,753,752]
/store/data/Run2017C/MET/RAW/v1/000/301/998/00000/CE6D93A4-CF8C-E711-98C7-02163E01A74A.root [952,951,950]
/store/data/Run2017C/MET/RAW/v1/000/301/998/00000/CE8DA84C-B68C-E711-848E-02163E0142C6.root [115,114]
/store/data/Run2017C/MET/RAW/v1/000/301/998/00000/CE963262-B88C-E711-A42F-02163E012A36.root [519,520,518]
/store/data/Run2017C/MET/RAW/v1/000/301/998/00000/CEA3ED55-F78C-E711-A912-02163E012528.root [1681,1685,1684,1682,1683]
/store/data/Run2017C/MET/RAW/v1/000/301/998/00000/CED21E46-B68C-E711-AE62-02163E01A3FA.root [183,182]
/store/data/Run2017C/MET/RAW/v1/000/301/998/00000/CEF56D83-B68C-E711-97C2-02163E01430D.root [452,450,451]
/store/data/Run2017C/MET/RAW/v1/000/301/998/00000/D060B6C1-C78C-E711-A960-02163E019CE1.root [681,678,680,679]
/store/data/Run2017C/MET/RAW/v1/000/301/998/00000/D0752DF9-E58C-E711-ACE3-02163E019CD0.root [1223,1221,1219,1222,1218,1220]
/store/data/Run2017C/MET/RAW/v1/000/301/998/00000/D08A2D35-EA8C-E711-9E19-02163E0144F9.root [1440,1439,1441,1442]
/store/data/Run2017C/MET/RAW/v1/000/301/998/00000/D0A263C5-B68C-E711-8EE3-02163E0138AE.root [73,72]
/store/data/Run2017C/MET/RAW/v1/000/301/998/00000/D0F25245-B68C-E711-BA8E-02163E01A56E.root [240,241]
/store/data/Run2017C/MET/RAW/v1/000/301/998/00000/D205A844-B68C-E711-A075-02163E019CCD.root [130,131]
/store/data/Run2017C/MET/RAW/v1/000/301/998/00000/D2080DF9-EE8C-E711-907C-02163E011E31.root [1399,1402,1400,1401]
/store/data/Run2017C/MET/RAW/v1/000/301/998/00000/D20E5FD4-CF8C-E711-BC9C-02163E011805.root [954,953,955]
/store/data/Run2017C/MET/RAW/v1/000/301/998/00000/D28D1EA9-E48C-E711-BCE2-02163E01A513.root [1341,1340,1339,1342]
/store/data/Run2017C/MET/RAW/v1/000/301/998/00000/D2EF4B39-BB8C-E711-BCD6-02163E0133B7.root [570,569,571]
/store/data/Run2017C/MET/RAW/v1/000/301/998/00000/D46F0846-B68C-E711-B0C9-02163E01A556.root [226,227]
/store/data/Run2017C/MET/RAW/v1/000/301/998/00000/D47A7B32-BF8C-E711-A75B-02163E01A37A.root [309,308]
/store/data/Run2017C/MET/RAW/v1/000/301/998/00000/D4CE744D-B68C-E711-BD3C-02163E019D87.root [290,291]
/store/data/Run2017C/MET/RAW/v1/000/301/998/00000/D4EB6747-B68C-E711-92BA-02163E01296D.root [68,69]
/store/data/Run2017C/MET/RAW/v1/000/301/998/00000/D4F3CE46-B68C-E711-8E9A-02163E019D56.root [201,200]
/store/data/Run2017C/MET/RAW/v1/000/301/998/00000/D61AC347-B68C-E711-BAE2-02163E0123C9.root [133,132]
/store/data/Run2017C/MET/RAW/v1/000/301/998/00000/D61E6C59-B68C-E711-9D62-02163E014223.root [198,199]
/store/data/Run2017C/MET/RAW/v1/000/301/998/00000/D6AAC46F-E38C-E711-9DED-02163E014493.root [1127,1129,1130,1131,1128,1132]
/store/data/Run2017C/MET/RAW/v1/000/301/998/00000/D6B41604-BC8C-E711-95A0-02163E014674.root [327,329,326,328]
/store/data/Run2017C/MET/RAW/v1/000/301/998/00000/D6BD6DD8-C88C-E711-8DDE-02163E014458.root [829,831,830]
/store/data/Run2017C/MET/RAW/v1/000/301/998/00000/D881B8BA-D08C-E711-B9B6-02163E019DAB.root [972,973,971]
/store/data/Run2017C/MET/RAW/v1/000/301/998/00000/D8BB9785-C98C-E711-AE59-02163E01A541.root [659,658,661,660]
/store/data/Run2017C/MET/RAW/v1/000/301/998/00000/D8D58D74-C58C-E711-BD7A-02163E01A5C4.root [766,767,768]
/store/data/Run2017C/MET/RAW/v1/000/301/998/00000/D8D9FF49-B68C-E711-97BB-02163E011A37.root [324,325]
/store/data/Run2017C/MET/RAW/v1/000/301/998/00000/D8F45F14-FD8C-E711-9BEB-02163E0126FD.root [1595,1599,1592,1598,1596,1593,1594,1597]
/store/data/Run2017C/MET/RAW/v1/000/301/998/00000/D8F5E37F-CB8C-E711-A69B-02163E013533.root [726,728,727,729]
/store/data/Run2017C/MET/RAW/v1/000/301/998/00000/DA0FF9DF-B78C-E711-B355-02163E01399E.root [342,343]
/store/data/Run2017C/MET/RAW/v1/000/301/998/00000/DA561EB0-B78C-E711-8475-02163E013548.root [192,193]
/store/data/Run2017C/MET/RAW/v1/000/301/998/00000/DAD7364A-B68C-E711-8ED8-02163E011EF6.root [106,107]
/store/data/Run2017C/MET/RAW/v1/000/301/998/00000/DC06EC8F-DA8C-E711-88E7-02163E01A2C3.root [1026,1025,1027]
/store/data/Run2017C/MET/RAW/v1/000/301/998/00000/DCA58DA9-E48C-E711-99AA-02163E01A6CA.root [1208,1206,1209,1207,1210,1211]
/store/data/Run2017C/MET/RAW/v1/000/301/998/00000/DCD89D44-B68C-E711-9694-02163E01A4FD.root [111,110]
/store/data/Run2017C/MET/RAW/v1/000/301/998/00000/DCF484FE-F38C-E711-B11F-02163E01A2B9.root [1621,1625,1622,1624,1623]
/store/data/Run2017C/MET/RAW/v1/000/301/998/00000/DE92FC47-B68C-E711-B2E8-02163E011D31.root [219,218]
/store/data/Run2017C/MET/RAW/v1/000/301/998/00000/DEC8E8AE-D78C-E711-808F-02163E019CD0.root [986,987,988]
/store/data/Run2017C/MET/RAW/v1/000/301/998/00000/DEE0874B-B68C-E711-97EF-02163E0133E9.root [11,12]
/store/data/Run2017C/MET/RAW/v1/000/301/998/00000/E007AD48-B68C-E711-A593-02163E019C3B.root [143,142]
/store/data/Run2017C/MET/RAW/v1/000/301/998/00000/E0EACF47-B68C-E711-BD31-02163E01A20C.root [284,285]
/store/data/Run2017C/MET/RAW/v1/000/301/998/00000/E433544E-B68C-E711-A9CD-02163E0145E1.root [25,26]
/store/data/Run2017C/MET/RAW/v1/000/301/998/00000/E4660448-B68C-E711-8189-02163E011A48.root [175,174]
/store/data/Run2017C/MET/RAW/v1/000/301/998/00000/E46FAC46-B68C-E711-AEEF-02163E019C30.root [38,39]
/store/data/Run2017C/MET/RAW/v1/000/301/998/00000/E4EC709F-DA8C-E711-A1DD-02163E01A5B0.root [1012,1011,1013,1014,1010,1015]
/store/data/Run2017C/MET/RAW/v1/000/301/998/00000/E617688D-E18C-E711-A7CE-02163E019B77.root [1275,1277,1278,1276]
/store/data/Run2017C/MET/RAW/v1/000/301/998/00000/E6370387-0E8D-E711-AC81-02163E01420D.root [1580,1581,1579,1583,1586,1585,1582,1584]
/store/data/Run2017C/MET/RAW/v1/000/301/998/00000/E6E3FEF9-E48C-E711-BD92-02163E013621.root [1202,1203,1201,1200,1204,1205]
/store/data/Run2017C/MET/RAW/v1/000/301/998/00000/E6F01D6C-C98C-E711-B371-02163E01A4B2.root [700,698,699,701]
/store/data/Run2017C/MET/RAW/v1/000/301/998/00000/E6FBF14B-C48C-E711-91D4-02163E01200E.root [745,744,743]
/store/data/Run2017C/MET/RAW/v1/000/301/998/00000/E81526F1-C98C-E711-A94C-02163E01A3AB.root [725,722,724,723]
/store/data/Run2017C/MET/RAW/v1/000/301/998/00000/E81A2060-B68C-E711-AC9B-02163E0140F4.root [313,312]
/store/data/Run2017C/MET/RAW/v1/000/301/998/00000/E81D2ADC-C88C-E711-B77A-02163E019D5F.root [817,819,818]
/store/data/Run2017C/MET/RAW/v1/000/301/998/00000/E83BAE9B-BC8C-E711-B9ED-02163E011B51.root [440,439,441,438]
/store/data/Run2017C/MET/RAW/v1/000/301/998/00000/E8536145-B68C-E711-B2EB-02163E019DF3.root [215,214]
/store/data/Run2017C/MET/RAW/v1/000/301/998/00000/E876834B-B68C-E711-B74A-02163E013683.root [119,118]
/store/data/Run2017C/MET/RAW/v1/000/301/998/00000/E87DFD47-B68C-E711-872D-02163E01A49B.root [283,282]
/store/data/Run2017C/MET/RAW/v1/000/301/998/00000/E8BB0DF4-BB8C-E711-9426-02163E01366D.root [405,403,402,404]
/store/data/Run2017C/MET/RAW/v1/000/301/998/00000/E8C15547-B68C-E711-A542-02163E01A21D.root [318,319]
/store/data/Run2017C/MET/RAW/v1/000/301/998/00000/E8F591AD-BC8C-E711-B40A-02163E019D9E.root [432,433,430,431]
/store/data/Run2017C/MET/RAW/v1/000/301/998/00000/EA1AD445-B68C-E711-A590-02163E013614.root [103,102]
/store/data/Run2017C/MET/RAW/v1/000/301/998/00000/EA2E48B8-E38C-E711-8DB7-02163E019DD0.root [1317,1318,1316,1315]
/store/data/Run2017C/MET/RAW/v1/000/301/998/00000/EA74EB98-D88C-E711-915F-02163E01446B.root [975,974,976]
/store/data/Run2017C/MET/RAW/v1/000/301/998/00000/EC1E11E9-D98C-E711-9FA2-02163E01190B.root [1002,1001,1004,1006,1003,1005]
/store/data/Run2017C/MET/RAW/v1/000/301/998/00000/EC227F94-848D-E711-941B-02163E012A42.root [1704,1701,1705,1702,1703]
/store/data/Run2017C/MET/RAW/v1/000/301/998/00000/EC64D845-B68C-E711-845D-02163E01A355.root [222,223]
/store/data/Run2017C/MET/RAW/v1/000/301/998/00000/EC702D8A-BB8C-E711-8081-02163E019C94.root [584,586,585]
/store/data/Run2017C/MET/RAW/v1/000/301/998/00000/EC87E245-B68C-E711-B898-02163E01A5A5.root [191,190]
/store/data/Run2017C/MET/RAW/v1/000/301/998/00000/ECDFBB46-B68C-E711-83ED-02163E01A273.root [346,347]
/store/data/Run2017C/MET/RAW/v1/000/301/998/00000/ECF13769-CE8C-E711-A12C-02163E01A416.root [927,926,928]
/store/data/Run2017C/MET/RAW/v1/000/301/998/00000/EE273A47-B68C-E711-8345-02163E019BA7.root [31,32]
/store/data/Run2017C/MET/RAW/v1/000/301/998/00000/EE50F022-F68C-E711-A26A-02163E0135E6.root [1650,1653,1659,1651,1652,1657,1654,1655,1656,1658,1660]
/store/data/Run2017C/MET/RAW/v1/000/301/998/00000/EE648C8A-B68C-E711-A92E-02163E0146D8.root [229,228]
/store/data/Run2017C/MET/RAW/v1/000/301/998/00000/EEAC8648-B68C-E711-8EFB-02163E014554.root [89,88]
/store/data/Run2017C/MET/RAW/v1/000/301/998/00000/EEFF2BF4-E48C-E711-9DFB-02163E013932.root [1343,1345,1346,1344]
/store/data/Run2017C/MET/RAW/v1/000/301/998/00000/F030579C-E38C-E711-90DF-02163E014138.root [1319,1321,1322,1320]
/store/data/Run2017C/MET/RAW/v1/000/301/998/00000/F04A89DD-F68C-E711-8ABA-02163E019E53.root [1532,1533,1536,1534,1531,1537,1535,1538]
/store/data/Run2017C/MET/RAW/v1/000/301/998/00000/F0C72AC5-C88C-E711-8398-02163E01A3D2.root [826,828,827]
/store/data/Run2017C/MET/RAW/v1/000/301/998/00000/F2FEAF5E-BC8C-E711-A529-02163E0143F0.root [466,465,464,467]
/store/data/Run2017C/MET/RAW/v1/000/301/998/00000/F40E8B20-C78C-E711-9E15-02163E01A5E7.root [795,794,793]
/store/data/Run2017C/MET/RAW/v1/000/301/998/00000/F4688D87-F98C-E711-8745-02163E011E5C.root [1551,1552,1553,1549,1554,1547,1548,1550]
/store/data/Run2017C/MET/RAW/v1/000/301/998/00000/F61C8F45-CA8C-E711-A8EC-02163E01A305.root [854,853,855]
/store/data/Run2017C/MET/RAW/v1/000/301/998/00000/F64A9389-DB8C-E711-ABE0-02163E01A1C6.root [1172,1170,1173,1171]
/store/data/Run2017C/MET/RAW/v1/000/301/998/00000/F6872B4D-B68C-E711-B7C4-02163E012A34.root [234,235]
/store/data/Run2017C/MET/RAW/v1/000/301/998/00000/F8219245-B68C-E711-8A1C-02163E01A3B9.root [112,113]
/store/data/Run2017C/MET/RAW/v1/000/301/998/00000/F87E5B51-B68C-E711-8C89-02163E0124D4.root [231,230]
/store/data/Run2017C/MET/RAW/v1/000/301/998/00000/F8E5EC4E-B68C-E711-BF28-02163E011A02.root [294,295]
/store/data/Run2017C/MET/RAW/v1/000/301/998/00000/FA18220F-098D-E711-96C9-02163E019BDF.root [1566,1565,1564,1567,1563,1568,1569,1570]
/store/data/Run2017C/MET/RAW/v1/000/301/998/00000/FA76BE65-F48C-E711-80AB-02163E01A59D.root [1630,1629,1627,1626,1628]
/store/data/Run2017C/MET/RAW/v1/000/301/998/00000/FA79472A-BD8C-E711-BC95-02163E019E14.root [496,499,498,497]
/store/data/Run2017C/MET/RAW/v1/000/301/998/00000/FA91E34A-B68C-E711-8233-02163E019E59.root [348,349]
/store/data/Run2017C/MET/RAW/v1/000/301/998/00000/FA985FCA-B88C-E711-88BB-02163E01420A.root [526,524,525]
/store/data/Run2017C/MET/RAW/v1/000/301/998/00000/FC0E8C45-E48C-E711-BEE9-02163E01A589.root [1334,1332,1331,1333]
/store/data/Run2017C/MET/RAW/v1/000/301/998/00000/FC1ED3CA-CB8C-E711-B02F-02163E0146D8.root [881,880,882]
/store/data/Run2017C/MET/RAW/v1/000/301/998/00000/FC66549D-CB8C-E711-9F47-02163E011CF5.root [874,875,876]
/store/data/Run2017C/MET/RAW/v1/000/301/998/00000/FC8ED541-BA8C-E711-9192-02163E0134F0.root [560,561,562]
/store/data/Run2017C/MET/RAW/v1/000/301/998/00000/FC9DBF51-B68C-E711-B7D0-02163E013897.root [136,137]
/store/data/Run2017C/MET/RAW/v1/000/301/998/00000/FCA25117-CD8C-E711-A057-02163E012748.root [907,906,905]
/store/data/Run2017C/MET/RAW/v1/000/301/998/00000/FCB2BCF9-E78C-E711-AE88-02163E0138AE.root [1395,1397,1396,1398]
/store/data/Run2017C/MET/RAW/v1/000/301/998/00000/FE55B948-B68C-E711-83A0-02163E0145F3.root [116,117]
/store/data/Run2017C/MET/RAW/v1/000/301/998/00000/FEF80847-B68C-E711-81AB-02163E0141EA.root [197,196]
