/store/data/Run2023B/JetMET0/RAW/v1/000/366/727/00000/13c01f70-3236-4648-800a-f100303a59b9.root 366727 [134,133,135,131,132]
/store/data/Run2023B/JetMET0/RAW/v1/000/366/727/00000/20c44e09-016b-4c8e-907f-efdcc7824ba4.root 366727 [113,115,110,112,111,114]
/store/data/Run2023B/JetMET0/RAW/v1/000/366/727/00000/44b081e0-c60d-44f4-a78d-157a77c98aa5.root 366727 [136]
/store/data/Run2023B/JetMET0/RAW/v1/000/366/727/00000/6b2c188f-391a-413f-b7f6-3df03ecd5aa5.root 366727 [116,118,119,120,117]
/store/data/Run2023B/JetMET0/RAW/v1/000/366/727/00000/711fb216-062c-4851-b074-c975ee80b9b8.root 366727 [3,1,2]
/store/data/Run2023B/JetMET0/RAW/v1/000/366/727/00000/86d7d808-dd0b-4617-8ad9-9006ce97308e.root 366727 [127,126,130,128,129]
/store/data/Run2023B/JetMET0/RAW/v1/000/366/727/00000/8f23b134-3ae5-40c6-9b38-765a647b695c.root 366727 [33,35,39,34,45,37,42,32,38,43,30,36,40,41,31,44]
/store/data/Run2023B/JetMET0/RAW/v1/000/366/727/00000/98cf8d4f-9f9e-4b48-8fcb-79da36d42662.root 366727 [124,123,121,122,125]
/store/data/Run2023B/JetMET0/RAW/v1/000/366/727/00000/9a7d6d55-0346-4e2f-8833-bb41962dca13.root 366727 [72,75,74,79,71,70,76,78,77,73]
/store/data/Run2023B/JetMET0/RAW/v1/000/366/727/00000/a5e26797-9b07-4da9-bbd2-1695335b9320.root 366727 [95,96,89,90,91,93,94,92]
/store/data/Run2023B/JetMET0/RAW/v1/000/366/727/00000/a805c166-f4a8-493c-b664-0c01c301bae2.root 366727 [102,100,101,98,97,99,103]
/store/data/Run2023B/JetMET0/RAW/v1/000/366/727/00000/c54f3c03-08f6-43ec-b68b-ad115d6a6a6f.root 366727 [61,64,68,59,60,65,66,67,69,62,63]
/store/data/Run2023B/JetMET0/RAW/v1/000/366/727/00000/c5de9c1f-e5d0-478b-857b-451b16144c91.root 366727 [105,106,107,104,109,108]
/store/data/Run2023B/JetMET0/RAW/v1/000/366/727/00000/e13ed24a-263d-45d7-8014-cc165a6fd15c.root 366727 [84,83,86,80,82,85,87,88,81]
/store/data/Run2023B/JetMET0/RAW/v1/000/366/727/00000/fd57e019-5865-4265-ae4c-c9fe809561be.root 366727 [57,51,56,54,52,53,55,58,46,48,47,49,50]
/store/data/Run2023B/JetMET0/RAW/v1/000/366/729/00000/003ab367-e254-448e-a7a3-2a429f0fad4e.root 366729 [292,295,293,290,291,294,297,296]
/store/data/Run2023B/JetMET0/RAW/v1/000/366/729/00000/0346f9b2-691e-4505-9b4b-8a9fcdce905e.root 366729 [53,55,58,57,56,54]
/store/data/Run2023B/JetMET0/RAW/v1/000/366/729/00000/046ae287-a2cd-4ea5-9c83-03f5dae05663.root 366729 [394,387,393,390,391,386,388,389,392]
/store/data/Run2023B/JetMET0/RAW/v1/000/366/729/00000/067a316c-4a69-475a-afd9-97b8b2e73988.root 366729 [65,67,70,66,69,68]
/store/data/Run2023B/JetMET0/RAW/v1/000/366/729/00000/0ec9a1d2-37cd-4a89-b79e-2e67c7e31ddb.root 366729 [316,315,318,321,320,314,317,319]
/store/data/Run2023B/JetMET0/RAW/v1/000/366/729/00000/1cda7934-e0e6-45ac-939b-13196a37799c.root 366729 [98,100,95,96,97,99]
/store/data/Run2023B/JetMET0/RAW/v1/000/366/729/00000/1e030762-90dd-45e8-a0bb-bd96032bd440.root 366729 [125,126,127,130,128,129]
/store/data/Run2023B/JetMET0/RAW/v1/000/366/729/00000/21c0928c-3342-43d2-80c0-fcf3e1efd6f5.root 366729 [364,366,362,363,365,367,368,369]
/store/data/Run2023B/JetMET0/RAW/v1/000/366/729/00000/25e0acb0-bd89-49bb-9d15-a3cdeb75261b.root 366729 [182,181,176,178,179,180,177]
/store/data/Run2023B/JetMET0/RAW/v1/000/366/729/00000/2686a8e5-168d-4a8b-810b-691cbb0ff807.root 366729 [118,113,116,115,117,114]
/store/data/Run2023B/JetMET0/RAW/v1/000/366/729/00000/2df716de-70aa-416c-9c72-b33b053bbc79.root 366729 [218,220,223,219,221,222,224]
/store/data/Run2023B/JetMET0/RAW/v1/000/366/729/00000/3043c8ef-9b9d-47e8-b50a-59c431c7da9d.root 366729 [39,38,40,41,37]
/store/data/Run2023B/JetMET0/RAW/v1/000/366/729/00000/390acf1d-2a1f-4cdb-a9f5-acee20b2b5bb.root 366729 [227,226,225,230,229,231,228]
/store/data/Run2023B/JetMET0/RAW/v1/000/366/729/00000/3fa1527d-b61f-4dfd-a388-f3de9bef1124.root 366729 [120,123,122,121,119,124]
/store/data/Run2023B/JetMET0/RAW/v1/000/366/729/00000/4b1ed387-974b-4ec2-8957-5b87486d24f8.root 366729 [158,159,155,161,157,160,156]
/store/data/Run2023B/JetMET0/RAW/v1/000/366/729/00000/4beae3a3-9205-41f1-9021-cea340281fea.root 366729 [279,280,274,276,277,278,275,281]
/store/data/Run2023B/JetMET0/RAW/v1/000/366/729/00000/50cd9aa2-537e-46a9-b865-84189baa1287.root 366729 [142,141,138,140,137,139]
/store/data/Run2023B/JetMET0/RAW/v1/000/366/729/00000/56d098b3-d538-4bee-b522-0d8b393e766e.root 366729 [204,206,210,207,205,208,209]
/store/data/Run2023B/JetMET0/RAW/v1/000/366/729/00000/585a6f3f-83c8-4f63-81fc-f8caf584abd9.root 366729 [359,360,358,356,354,355,357,361]
/store/data/Run2023B/JetMET0/RAW/v1/000/366/729/00000/65d2b543-2773-47c4-a097-bd3924564a67.root 366729 [245,241,243,244,239,240,242]
/store/data/Run2023B/JetMET0/RAW/v1/000/366/729/00000/66bd8e5a-5a03-4d55-b8b3-5313f04bb140.root 366729 [185,184,186,189,183,187,188]
/store/data/Run2023B/JetMET0/RAW/v1/000/366/729/00000/66c88e55-ffec-44c9-9df9-0f1da4ca003c.root 366729 [339,341,343,342,340,344,345,338]
/store/data/Run2023B/JetMET0/RAW/v1/000/366/729/00000/6ec19d16-274a-482d-b688-d0169bfc9b30.root 366729 [49,48,50,52,47,51]
/store/data/Run2023B/JetMET0/RAW/v1/000/366/729/00000/7496842d-b233-4355-a714-3c9360cbf246.root 366729 [2,3,1,4]
/store/data/Run2023B/JetMET0/RAW/v1/000/366/729/00000/74979e9a-8ac8-4b58-ab25-658d5fd77d8f.root 366729 [261,262,263,264,265,260,266]
/store/data/Run2023B/JetMET0/RAW/v1/000/366/729/00000/74bb1a3d-35d4-4434-9b31-7410822da6e8.root 366729 [91,94,89,92,90,93]
/store/data/Run2023B/JetMET0/RAW/v1/000/366/729/00000/76b26681-5312-473c-b335-b5a49ae42387.root 366729 [109,108,107,111,112,110]
/store/data/Run2023B/JetMET0/RAW/v1/000/366/729/00000/787d0a31-0c37-48ef-af22-d1aa3d6d376f.root 366729 [42,44,45,43,46]
/store/data/Run2023B/JetMET0/RAW/v1/000/366/729/00000/7bbe42a2-8102-40e5-9494-b955997df1a8.root 366729 [413,414,415]
/store/data/Run2023B/JetMET0/RAW/v1/000/366/729/00000/81d593ce-a10d-490f-b434-935480873a53.root 366729 [164,166,163,168,162,165,167]
/store/data/Run2023B/JetMET0/RAW/v1/000/366/729/00000/8bda7f48-8758-48ef-849e-067b7ec56a88.root 366729 [250,247,249,251,248,252,246]
/store/data/Run2023B/JetMET0/RAW/v1/000/366/729/00000/967ad299-ddda-4fe6-a6fc-8e5ecf6c6064.root 366729 [101,106,103,102,104,105]
/store/data/Run2023B/JetMET0/RAW/v1/000/366/729/00000/9b3e1a6e-47bd-44f3-a464-83cf3a4810cf.root 366729 [399,401,395,398,402,403,397,396,400]
/store/data/Run2023B/JetMET0/RAW/v1/000/366/729/00000/a6d12e55-17e8-4e57-b6ed-c5fcfff1533c.root 366729 [143,144,145,146,147,148]
/store/data/Run2023B/JetMET0/RAW/v1/000/366/729/00000/a95d4d70-eb07-435c-8147-b7b28f76997e.root 366729 [83,87,84,86,88,85]
/store/data/Run2023B/JetMET0/RAW/v1/000/366/729/00000/a9a45ac5-996d-46f6-88ed-0b6a0348f19c.root 366729 [408,404,405,407,412,409,411,406,410]
/store/data/Run2023B/JetMET0/RAW/v1/000/366/729/00000/aa3a7257-a200-4fb2-a4d0-2120b2e206e0.root 366729 [322,329,327,326,328,323,325,324]
/store/data/Run2023B/JetMET0/RAW/v1/000/366/729/00000/abe1b6d4-099a-40df-b30a-7e0feafa0dae.root 366729 [169,172,175,173,174,170,171]
/store/data/Run2023B/JetMET0/RAW/v1/000/366/729/00000/ad281720-435c-445f-bb38-5a635845e231.root 366729 [32,34,35,33,36]
/store/data/Run2023B/JetMET0/RAW/v1/000/366/729/00000/ae0e2033-fb38-4924-bccc-ba2389b3f3a5.root 366729 [268,269,270,272,267,271,273]
/store/data/Run2023B/JetMET0/RAW/v1/000/366/729/00000/b5b65741-f520-4f81-975e-54a337dbb7b8.root 366729 [311,308,312,313,306,310,307,309]
/store/data/Run2023B/JetMET0/RAW/v1/000/366/729/00000/b5fb1d72-c405-484e-b340-4a72d2cddd57.root 366729 [149,150,151,152,153,154]
/store/data/Run2023B/JetMET0/RAW/v1/000/366/729/00000/b6952603-0630-40b6-b672-4d9c7522ba6f.root 366729 [378,382,385,381,379,383,380,384]
/store/data/Run2023B/JetMET0/RAW/v1/000/366/729/00000/b95ae60a-32ce-407a-bd34-271b83e48bb0.root 366729 [132,133,135,131,134,136]
/store/data/Run2023B/JetMET0/RAW/v1/000/366/729/00000/c1efad8b-07b0-42b4-b0c9-c583684b97f9.root 366729 [31,27,28,30,29]
/store/data/Run2023B/JetMET0/RAW/v1/000/366/729/00000/c1f2dfee-0d04-47cb-aba4-dc578b7a41f5.root 366729 [335,333,337,336,331,330,334,332]
/store/data/Run2023B/JetMET0/RAW/v1/000/366/729/00000/c64afcbf-cad0-40b9-9f0e-d3d7f7624ca6.root 366729 [376,371,372,377,370,375,374,373]
/store/data/Run2023B/JetMET0/RAW/v1/000/366/729/00000/d2b34b21-cf74-4902-a959-d2681d2cf645.root 366729 [233,234,237,238,235,232,236]
/store/data/Run2023B/JetMET0/RAW/v1/000/366/729/00000/d32fb538-33db-4aed-b16a-6453f15f7849.root 366729 [301,305,298,304,303,299,302,300]
/store/data/Run2023B/JetMET0/RAW/v1/000/366/729/00000/d3f19d44-018d-47c7-9e12-7c165f11af77.root 366729 [82,79,81,77,78,80]
/store/data/Run2023B/JetMET0/RAW/v1/000/366/729/00000/db31b1b2-474e-4b14-a9f6-8950325fcfb4.root 366729 [60,61,62,63,59,64]
/store/data/Run2023B/JetMET0/RAW/v1/000/366/729/00000/e1b465f7-9d23-4559-98e3-88f5a25d1a09.root 366729 [253,256,259,258,254,255,257]
/store/data/Run2023B/JetMET0/RAW/v1/000/366/729/00000/ebc327a8-a408-4eed-8569-d356e03a01c0.root 366729 [200,198,197,203,202,199,201]
/store/data/Run2023B/JetMET0/RAW/v1/000/366/729/00000/ec215d33-4711-46eb-8ddf-bc3470aae2d6.root 366729 [72,73,74,76,71,75]
/store/data/Run2023B/JetMET0/RAW/v1/000/366/729/00000/ed1abe88-b977-4122-8264-4ed702375ee7.root 366729 [191,192,193,195,196,190,194]
/store/data/Run2023B/JetMET0/RAW/v1/000/366/729/00000/ee56e166-514d-44c5-a49c-bcf03c1eaff9.root 366729 [214,216,217,212,211,213,215]
/store/data/Run2023B/JetMET0/RAW/v1/000/366/729/00000/f37d7682-3b77-4cb0-8f96-ab40ea393838.root 366729 [282,289,286,287,288,283,284,285]
/store/data/Run2023B/JetMET0/RAW/v1/000/366/729/00000/f41da9cd-d46d-442d-b125-5260ed32e858.root 366729 [347,352,346,348,349,353,350,351]
/store/data/Run2023B/JetMET0/RAW/v1/000/366/801/00000/000ea4d1-6f03-430e-b95d-0ceca8577fa3.root 366801 [59,55,58,57,56,61,62,60]
/store/data/Run2023B/JetMET0/RAW/v1/000/366/801/00000/079e4477-be18-4fd7-8177-5c4f85669d9c.root 366801 [408,410,414,415,407,409,412,416,406,411,413]
/store/data/Run2023B/JetMET0/RAW/v1/000/366/801/00000/1076a439-5d46-42f3-bc36-6bba454c4223.root 366801 [255,256,249,253,254,248,250,247,251,252]
/store/data/Run2023B/JetMET0/RAW/v1/000/366/801/00000/14cb94de-a832-44bd-80dc-02aa08726609.root 366801 [145,149,147,146,150,151,152,144,148]
/store/data/Run2023B/JetMET0/RAW/v1/000/366/801/00000/17a4df73-081f-4345-8c25-c3ee42258054.root 366801 [261,257,258,264,259,260,262,265,266,263]
/store/data/Run2023B/JetMET0/RAW/v1/000/366/801/00000/1ad69ae2-99dd-4783-82a5-276d411d1fe2.root 366801 [228,230,229,233,227,234,236,231,235,232]
/store/data/Run2023B/JetMET0/RAW/v1/000/366/801/00000/1d68ae1e-19ec-4d65-bddb-726e117d9862.root 366801 [314,311,313,315,319,320,316,317,321,318,312]
/store/data/Run2023B/JetMET0/RAW/v1/000/366/801/00000/267b9372-d463-43ec-9a39-f77cf6110486.root 366801 [160,158,159,157,153,156,161,155,154]
/store/data/Run2023B/JetMET0/RAW/v1/000/366/801/00000/362b4ea7-fcf4-4aec-815b-2fd23c4be533.root 366801 [294,290,291,296,293,295,289,297,292,298,299]
/store/data/Run2023B/JetMET0/RAW/v1/000/366/801/00000/435ab592-21af-4910-bdbc-6704ab18f32b.root 366801 [396,402,400,394,401,403,404,397,398,395,399,405]
/store/data/Run2023B/JetMET0/RAW/v1/000/366/801/00000/4f203030-92b2-4cf4-a2b3-a20b5b398872.root 366801 [39,42,43,44,40,45,46,41]
/store/data/Run2023B/JetMET0/RAW/v1/000/366/801/00000/4f5965f3-89ce-480b-9f6f-2d8a9d4ae4cf.root 366801 [359,362,363,361,358,365,367,366,368,360,364,369]
/store/data/Run2023B/JetMET0/RAW/v1/000/366/801/00000/5afaaca4-5212-4dea-a498-52d77602153c.root 366801 [176,173,174,175,171,172,177,178,179]
/store/data/Run2023B/JetMET0/RAW/v1/000/366/801/00000/5b114c55-f798-4ced-b42c-0c1a541e20f3.root 366801 [129,130,126,132,134,127,128,133,131]
/store/data/Run2023B/JetMET0/RAW/v1/000/366/801/00000/5ea4c91d-147b-4531-91e2-93c809d0c1a4.root 366801 [34,31,32,33,36,38,35,37]
/store/data/Run2023B/JetMET0/RAW/v1/000/366/801/00000/5f4548a8-0200-4a58-bbc3-1ef4cb0c0fbf.root 366801 [25,24,27,28,30,23,26,29]
/store/data/Run2023B/JetMET0/RAW/v1/000/366/801/00000/6c89cf23-c281-48d5-9d09-5f4dcf5502f2.root 366801 [15,19,17,18,20,22,16,21]
/store/data/Run2023B/JetMET0/RAW/v1/000/366/801/00000/6fd6d78f-da88-471b-8b85-5e7fc37a6a72.root 366801 [190,194,191,192,197,193,196,198,195]
/store/data/Run2023B/JetMET0/RAW/v1/000/366/801/00000/741bae56-6cb7-40c1-8d3c-6bff5e843080.root 366801 [117,119,121,125,123,118,120,122,124]
/store/data/Run2023B/JetMET0/RAW/v1/000/366/801/00000/76c5b27d-551d-4bcd-80b3-4187b0d1bcec.root 366801 [374,375,378,377,380,376,372,373,381,370,371,379]
/store/data/Run2023B/JetMET0/RAW/v1/000/366/801/00000/83399e04-60c3-4132-b7f0-a83b0db1a952.root 366801 [348,349,352,354,353,351,355,356,357,346,350,347]
/store/data/Run2023B/JetMET0/RAW/v1/000/366/801/00000/8b38251f-bbbc-4c95-bcf5-3629ec16f4ef.root 366801 [208,209,210,211,215,216,214,217,212,213]
/store/data/Run2023B/JetMET0/RAW/v1/000/366/801/00000/9a1dfb15-59e5-4086-a2f0-62c48e8c6266.root 366801 [201,200,202,203,204,206,207,199,205]
/store/data/Run2023B/JetMET0/RAW/v1/000/366/801/00000/9dd20ce1-b115-4bf8-b9b3-a782def91567.root 366801 [90,94,96,97,91,98,92,93,95]
/store/data/Run2023B/JetMET0/RAW/v1/000/366/801/00000/9f09f9d1-58b9-4042-924f-a2a7d265f749.root 366801 [111,114,115,109,110,113,116,108,112]
/store/data/Run2023B/JetMET0/RAW/v1/000/366/801/00000/9f80c571-db49-454f-840f-03bb380e5b8e.root 366801 [135,136,137,139,142,143,138,140,141]
/store/data/Run2023B/JetMET0/RAW/v1/000/366/801/00000/a8a0fa61-a912-4cfc-bda6-46eaedd86ea3.root 366801 [168,162,170,164,166,163,167,169,165]
/store/data/Run2023B/JetMET0/RAW/v1/000/366/801/00000/be7fd3cc-6395-4792-8b47-2295ab7b52bd.root 366801 [426,420,421,422,417,425,419,423,424,418,427]
/store/data/Run2023B/JetMET0/RAW/v1/000/366/801/00000/c1660313-7890-43c3-8dde-1a86b34529e9.root 366801 [269,270,271,275,277,274,272,276,267,268,273]
/store/data/Run2023B/JetMET0/RAW/v1/000/366/801/00000/c1a9efd9-bf65-4ab4-9ef5-1f98730e2949.root 366801 [87,89,84,82,83,88,85,86,81]
/store/data/Run2023B/JetMET0/RAW/v1/000/366/801/00000/cba23aaa-593c-4d9c-aace-155ae3f5c678.root 366801 [184,183,186,181,182,189,180,185,187,188]
/store/data/Run2023B/JetMET0/RAW/v1/000/366/801/00000/d7b4de32-8789-4eaf-aae4-2da0b0ec43ce.root 366801 [100,102,104,99,103,105,101,106,107]
/store/data/Run2023B/JetMET0/RAW/v1/000/366/801/00000/d8391e74-1731-44b0-8366-fec8010bc1f2.root 366801 [326,327,323,328,330,331,333,324,322,329,332,325]
/store/data/Run2023B/JetMET0/RAW/v1/000/366/801/00000/da6d97a1-3026-4ed3-a9cf-7191a5890a7a.root 366801 [284,278,279,281,282,283,286,288,285,280,287]
/store/data/Run2023B/JetMET0/RAW/v1/000/366/801/00000/dad0a433-71a9-4930-925f-2a74110818f5.root 366801 [80,73,74,72,75,78,79,76,77]
/store/data/Run2023B/JetMET0/RAW/v1/000/366/801/00000/dca0b084-ca5e-4864-8de2-75e41321c22f.root 366801 [67,66,63,64,69,70,65,71,68]
/store/data/Run2023B/JetMET0/RAW/v1/000/366/801/00000/df25138c-2dbd-4537-8924-b811e6c4fc15.root 366801 [300,301,308,304,310,307,303,305,309,302,306]
/store/data/Run2023B/JetMET0/RAW/v1/000/366/801/00000/dfccadec-ad31-47ed-83d4-301227b15a96.root 366801 [47,49,50,48,54,51,52,53]
/store/data/Run2023B/JetMET0/RAW/v1/000/366/801/00000/e05dbd92-6602-47df-ba86-45490679c61e.root 366801 [392,393,383,382,389,388,385,387,390,391,384,386]
/store/data/Run2023B/JetMET0/RAW/v1/000/366/801/00000/eb62dff0-043e-4ea6-af01-f327c62da4fd.root 366801 [341,340,345,339,342,334,335,338,343,337,344,336]
/store/data/Run2023B/JetMET0/RAW/v1/000/366/801/00000/eea3eb0a-442b-44a6-bc05-96f5bec60ade.root 366801 [225,219,224,221,220,226,222,218,223]
/store/data/Run2023B/JetMET0/RAW/v1/000/366/801/00000/f38d3ea5-609f-4912-82c6-af01788cff9d.root 366801 [242,238,240,241,243,244,237,246,245,239]
