391531
391546
391548
391549
391550
391551
391553
391556
391560
391561
391563
391564
391565
391566
391568
391572
391573
391576
391577
391580
391581
391584
391585
391586
391587
391588
391590
391591
391595
391596
391597
391599
391600
391601
391602
391603
391604
391609
391613
391616
391617
391620
391622
391626
391627
391629
391631
391635
391637
391644
391645
391646
391647
391648
391650
391652
391653
391654
391655
391657
391658
391660
391661
391662
391664
391668
391670
391671
391672
391673
391674
391675
391676
391677
391678
391679
391682
391683
391684
391685
391686
391687
391688
391690
391691
391692
391693
391695
391697
391698
391699
391700
391702
391703
391705
391707
391710
391711
391713
391716
391717
391720
391724
391725
391726
391727
391730
391732
391733
391735
391736
391737
391738
391739
391740
391742
391743
391745
391749
391754
391755
391760
391762
391763
391765
391769
391770
391771
391774
391775
391776
391778
391779
391780
391781
391782
391784
391785
391786
391787
391789
391790
391792
391793
391794
391796
391798
391799
391800
391804
391805
391806
391807
391809
391810
391819
391820
391821
391822
391823
391824
391825
391826
391839
391844
391847
391848
391853
391854
391855
391856
391857
391858
391860
391861
391862
391863
391865
391866
391868
391869
391870
391871
391873
391874
391883
391884
391891
391892
391893
391894
391895
391896
391900
391906
391907
391908
391909
391910
391912
391915
391916
391917
391918
391924
391925
391931
391933
391934
391943
391945
391947
391949
391950
391951
391952
391953
391956
391957
391964
391967
391971
391974
391976
391979
391981
391982
391983
391986
391987
391988
391989
391990
391992
391994
391995
391996
391997
392000
392001
392004
392009
392013
392014
392015
392017
392021
392022
392023
392025
392029
392030
392046
392052
392067
392071
392072
392073
392075
392077
392079
392080
392086
392088
392089
392090
392091
392092
392094
392095
392096
392098
392099
392100
392102
392103
392104
392106
392107
392108
392109
392110
392111
392112
392113
392134
392136
392137
392138
392140
392142
392143
392147
392152
392156
392157
392158
