/store/data/Run2017E/ZeroBias/RAW/v1/000/304/125/00000/0018014A-91A4-E711-868C-02163E01A6D4.root [978,976,977,975,974]
/store/data/Run2017E/ZeroBias/RAW/v1/000/304/125/00000/0051D44F-61A4-E711-8EFF-02163E01A254.root [34,36,35]
/store/data/Run2017E/ZeroBias/RAW/v1/000/304/125/00000/00624308-6AA4-E711-AA27-02163E011EC7.root [266,267,265,269,268]
/store/data/Run2017E/ZeroBias/RAW/v1/000/304/125/00000/0078A596-9FA4-E711-BE5B-02163E012242.root [1248,1249,1246,1250,1251,1247]
/store/data/Run2017E/ZeroBias/RAW/v1/000/304/125/00000/0097B1C1-8AA4-E711-8DC0-02163E019C95.root [864,866,868,865,867]
/store/data/Run2017E/ZeroBias/RAW/v1/000/304/125/00000/00E7A579-6BA4-E711-BD34-02163E011DB6.root [286,287,288,289]
/store/data/Run2017E/ZeroBias/RAW/v1/000/304/125/00000/00E943E2-ADA4-E711-B341-02163E019C03.root [1504,1505,1502,1503,1508,1506,1507]
/store/data/Run2017E/ZeroBias/RAW/v1/000/304/125/00000/022A8097-92A4-E711-B9C5-02163E01A5AA.root [1010,1012,1011,1013,1009]
/store/data/Run2017E/ZeroBias/RAW/v1/000/304/125/00000/022BDEEB-75A4-E711-8D41-02163E019CD5.root [480,482,481,479]
/store/data/Run2017E/ZeroBias/RAW/v1/000/304/125/00000/025B1E99-62A4-E711-A936-02163E01354C.root [129,131,130,132]
/store/data/Run2017E/ZeroBias/RAW/v1/000/304/125/00000/0260FA24-69A4-E711-ABF6-02163E01199A.root [242,243,241,244]
/store/data/Run2017E/ZeroBias/RAW/v1/000/304/125/00000/027C43BF-69A4-E711-A2BB-02163E011885.root [257,260,258,259]
/store/data/Run2017E/ZeroBias/RAW/v1/000/304/125/00000/0450E517-67A4-E711-9E3F-02163E01369D.root [204,206,205,207]
/store/data/Run2017E/ZeroBias/RAW/v1/000/304/125/00000/04871AE1-81A4-E711-BA2D-02163E01A5BC.root [695,696,697,698,694]
/store/data/Run2017E/ZeroBias/RAW/v1/000/304/125/00000/048EEF66-61A4-E711-85F4-02163E0141A3.root [15,14,13]
/store/data/Run2017E/ZeroBias/RAW/v1/000/304/125/00000/04D4FBAB-9CA4-E711-B3C9-02163E013746.root [1202,1201,1203,1199,1200,1198]
/store/data/Run2017E/ZeroBias/RAW/v1/000/304/125/00000/0814DF21-87A4-E711-8158-02163E0143D8.root [795,798,794,796,797]
/store/data/Run2017E/ZeroBias/RAW/v1/000/304/125/00000/0897E638-6DA4-E711-8FA4-02163E0141EF.root [322,323,324,325]
/store/data/Run2017E/ZeroBias/RAW/v1/000/304/125/00000/0899B92D-76A4-E711-96A1-02163E014640.root [484,486,483,485]
/store/data/Run2017E/ZeroBias/RAW/v1/000/304/125/00000/0A413B2D-B4A4-E711-8973-02163E0133E0.root [1625,1628,1629,1630,1626,1627]
/store/data/Run2017E/ZeroBias/RAW/v1/000/304/125/00000/0AAA18DF-BBA4-E711-A115-02163E011ADA.root [1751,1746,1748,1747,1749,1750,1745]
/store/data/Run2017E/ZeroBias/RAW/v1/000/304/125/00000/0C4C6759-86A4-E711-A432-02163E011BA6.root [774,776,775,778,777]
/store/data/Run2017E/ZeroBias/RAW/v1/000/304/125/00000/0C5BB17A-61A4-E711-B55D-02163E01A398.root [18,17,16]
/store/data/Run2017E/ZeroBias/RAW/v1/000/304/125/00000/0C644462-65A4-E711-A307-02163E0145CC.root [180,181,183,182]
/store/data/Run2017E/ZeroBias/RAW/v1/000/304/125/00000/0C8D7F34-66A4-E711-BF09-02163E013750.root [188,190,191,189]
/store/data/Run2017E/ZeroBias/RAW/v1/000/304/125/00000/0CA93E62-A3A4-E711-8FCE-02163E0136B4.root [1316,1313,1314,1315,1312,1317]
/store/data/Run2017E/ZeroBias/RAW/v1/000/304/125/00000/0E523666-61A4-E711-8006-02163E013443.root [82,83,84]
/store/data/Run2017E/ZeroBias/RAW/v1/000/304/125/00000/0E7957BD-8AA4-E711-9F3B-02163E019BAA.root [869,870,871,873,872]
/store/data/Run2017E/ZeroBias/RAW/v1/000/304/125/00000/0EBF344B-61A4-E711-8906-02163E01261A.root [86,87,85]
/store/data/Run2017E/ZeroBias/RAW/v1/000/304/125/00000/107D4B6B-7EA4-E711-A178-02163E01A3B5.root [639,640,641,642,643]
/store/data/Run2017E/ZeroBias/RAW/v1/000/304/125/00000/107E69E9-63A4-E711-8AF5-02163E019C02.root [151,150,148,149]
/store/data/Run2017E/ZeroBias/RAW/v1/000/304/125/00000/10F62544-8EA4-E711-AA54-02163E019E60.root [930,932,933,929,931]
/store/data/Run2017E/ZeroBias/RAW/v1/000/304/125/00000/1220139D-85A4-E711-A539-02163E0135A6.root [770,772,771,769,773]
/store/data/Run2017E/ZeroBias/RAW/v1/000/304/125/00000/12B60421-A2A4-E711-A789-02163E01A3E5.root [1299,1297,1296,1295,1298,1294]
/store/data/Run2017E/ZeroBias/RAW/v1/000/304/125/00000/142200C8-73A4-E711-9CD6-02163E01A56B.root [435,436,437,438]
/store/data/Run2017E/ZeroBias/RAW/v1/000/304/125/00000/14267BCE-84A4-E711-9CD7-02163E01A663.root [760,759,761,763,762]
/store/data/Run2017E/ZeroBias/RAW/v1/000/304/125/00000/14670F06-78A4-E711-A2B7-02163E0136D9.root [520,521,522,519]
/store/data/Run2017E/ZeroBias/RAW/v1/000/304/125/00000/14749889-8BA4-E711-AD2A-02163E0141A3.root [881,880,883,879,882]
/store/data/Run2017E/ZeroBias/RAW/v1/000/304/125/00000/148AF145-83A4-E711-B850-02163E0133D9.root [728,724,725,726,727]
/store/data/Run2017E/ZeroBias/RAW/v1/000/304/125/00000/14920495-AFA4-E711-876F-02163E0146DC.root [1537,1538,1540,1541,1543,1539,1542]
/store/data/Run2017E/ZeroBias/RAW/v1/000/304/125/00000/14A3EB75-90A4-E711-AD82-02163E019C3D.root [968,964,965,967,966]
/store/data/Run2017E/ZeroBias/RAW/v1/000/304/125/00000/160C6172-90A4-E711-848B-02163E019D2F.root [971,973,972,969,970]
/store/data/Run2017E/ZeroBias/RAW/v1/000/304/125/00000/1633225A-61A4-E711-B310-02163E01A587.root [41,42,40]
/store/data/Run2017E/ZeroBias/RAW/v1/000/304/125/00000/16B9EC9F-61A4-E711-A4DC-02163E013611.root [101,100,102]
/store/data/Run2017E/ZeroBias/RAW/v1/000/304/125/00000/18B13F62-61A4-E711-A678-02163E019C06.root [76,77,78]
/store/data/Run2017E/ZeroBias/RAW/v1/000/304/125/00000/18D352C0-AAA4-E711-9432-02163E013746.root [1455,1453,1454,1456,1457,1458,1459]
/store/data/Run2017E/ZeroBias/RAW/v1/000/304/125/00000/1A76BA97-A8A4-E711-B1B5-02163E01226D.root [1409,1410,1413,1411,1412,1408]
/store/data/Run2017E/ZeroBias/RAW/v1/000/304/125/00000/1C09C6AC-A2A4-E711-8BCD-02163E01A2F9.root [1307,1309,1306,1310,1308,1311]
/store/data/Run2017E/ZeroBias/RAW/v1/000/304/125/00000/1E2EB876-97A4-E711-81B9-02163E01A437.root [1085,1088,1086,1087,1089,1084]
/store/data/Run2017E/ZeroBias/RAW/v1/000/304/125/00000/1E849478-9AA4-E711-94DF-02163E01A57F.root [1151,1150,1153,1152,1154,1155]
/store/data/Run2017E/ZeroBias/RAW/v1/000/304/125/00000/20601868-A3A4-E711-8318-02163E011E17.root [1319,1321,1323,1318,1320,1322]
/store/data/Run2017E/ZeroBias/RAW/v1/000/304/125/00000/220F7A4D-A6A4-E711-B162-02163E011CC9.root [1374,1375,1377,1372,1373,1376]
/store/data/Run2017E/ZeroBias/RAW/v1/000/304/125/00000/24954677-6EA4-E711-863D-02163E019D05.root [346,347,348,349]
/store/data/Run2017E/ZeroBias/RAW/v1/000/304/125/00000/24D05744-91A4-E711-96EB-02163E011DAD.root [985,986,987,984,988]
/store/data/Run2017E/ZeroBias/RAW/v1/000/304/125/00000/26734D70-89A4-E711-88EB-02163E011C63.root [847,848,846,845,844]
/store/data/Run2017E/ZeroBias/RAW/v1/000/304/125/00000/26E862F1-9BA4-E711-B37F-02163E01A3D5.root [1183,1181,1182,1180,1184,1185]
/store/data/Run2017E/ZeroBias/RAW/v1/000/304/125/00000/281D713F-63A4-E711-B0D3-02163E014266.root [138,139,136,137]
/store/data/Run2017E/ZeroBias/RAW/v1/000/304/125/00000/28ABEF2C-6EA4-E711-A0CD-02163E01A228.root [339,341,338,340]
/store/data/Run2017E/ZeroBias/RAW/v1/000/304/125/00000/28FD5F3E-81A4-E711-A90B-02163E014254.root [687,688,685,684,686]
/store/data/Run2017E/ZeroBias/RAW/v1/000/304/125/00000/2AC6AB60-61A4-E711-8F38-02163E01A617.root [28,29,30]
/store/data/Run2017E/ZeroBias/RAW/v1/000/304/125/00000/2C524E1D-74A4-E711-8851-02163E014439.root [452,454,451,453]
/store/data/Run2017E/ZeroBias/RAW/v1/000/304/125/00000/2C79B854-BAA4-E711-B506-02163E011FD8.root [1730,1737,1734,1731,1729,1732,1735,1736,1733]
/store/data/Run2017E/ZeroBias/RAW/v1/000/304/125/00000/2CC8CA6F-61A4-E711-8FDB-02163E019D25.root [64,65,66]
/store/data/Run2017E/ZeroBias/RAW/v1/000/304/125/00000/3028FC57-61A4-E711-B3BE-02163E01A467.root [72,70,71]
/store/data/Run2017E/ZeroBias/RAW/v1/000/304/125/00000/308E0173-67A4-E711-BD27-02163E01A73D.root [210,211,209,208]
/store/data/Run2017E/ZeroBias/RAW/v1/000/304/125/00000/322A9306-B3A4-E711-ACD4-02163E011888.root [1601,1604,1605,1602,1603,1600,1606]
/store/data/Run2017E/ZeroBias/RAW/v1/000/304/125/00000/32BC3BCE-8DA4-E711-BA0C-02163E013857.root [922,920,919,921,923]
/store/data/Run2017E/ZeroBias/RAW/v1/000/304/125/00000/364FC958-61A4-E711-8DAB-02163E0143B9.root [52,53,54]
/store/data/Run2017E/ZeroBias/RAW/v1/000/304/125/00000/364FD4F6-9EA4-E711-B543-02163E019B6E.root [1243,1240,1242,1245,1241,1244]
/store/data/Run2017E/ZeroBias/RAW/v1/000/304/125/00000/3698838B-94A4-E711-9CEE-02163E019E7C.root [1047,1042,1045,1046,1044,1043]
/store/data/Run2017E/ZeroBias/RAW/v1/000/304/125/00000/36C1C93F-B2A4-E711-81C5-02163E01A2CF.root [1587,1586,1589,1590,1591,1588,1592]
/store/data/Run2017E/ZeroBias/RAW/v1/000/304/125/00000/38428F7A-7AA4-E711-95CB-02163E0137A8.root [567,571,568,569,570]
/store/data/Run2017E/ZeroBias/RAW/v1/000/304/125/00000/38B4ED24-78A4-E711-9DB8-02163E0134EF.root [530,529,528,527]
/store/data/Run2017E/ZeroBias/RAW/v1/000/304/125/00000/38D7D380-9AA4-E711-B87A-02163E013728.root [1158,1160,1161,1157,1159,1156]
/store/data/Run2017E/ZeroBias/RAW/v1/000/304/125/00000/3A0536BF-79A4-E711-BF34-02163E01A315.root [551,549,553,552,550]
/store/data/Run2017E/ZeroBias/RAW/v1/000/304/125/00000/3AB14510-A9A4-E711-870B-02163E014470.root [1424,1423,1420,1422,1421,1425]
/store/data/Run2017E/ZeroBias/RAW/v1/000/304/125/00000/3AFAC647-61A4-E711-B7AF-02163E013517.root [4,6,5]
/store/data/Run2017E/ZeroBias/RAW/v1/000/304/125/00000/3C17D5B7-7DA4-E711-B46A-02163E0141B6.root [620,618,621,617,619]
/store/data/Run2017E/ZeroBias/RAW/v1/000/304/125/00000/3CB0AC9C-78A4-E711-A8F2-02163E011AA2.root [531,534,533,532]
/store/data/Run2017E/ZeroBias/RAW/v1/000/304/125/00000/3EBFD27F-AEA4-E711-BAD9-02163E01A791.root [1519,1516,1521,1517,1518,1520,1522]
/store/data/Run2017E/ZeroBias/RAW/v1/000/304/125/00000/402B2D54-80A4-E711-80A2-02163E0133DF.root [673,669,672,671,670]
/store/data/Run2017E/ZeroBias/RAW/v1/000/304/125/00000/405668C8-73A4-E711-9428-02163E01348A.root [445,443,444,446]
/store/data/Run2017E/ZeroBias/RAW/v1/000/304/125/00000/40A74167-69A4-E711-90CA-02163E0123B2.root [250,251,249,252]
/store/data/Run2017E/ZeroBias/RAW/v1/000/304/125/00000/40BF39DA-AEA4-E711-9FA0-02163E01A2B7.root [1533,1531,1530,1532,1535,1534,1536]
/store/data/Run2017E/ZeroBias/RAW/v1/000/304/125/00000/40E156DD-9EA4-E711-B2F8-02163E01440B.root [1239,1234,1237,1235,1238,1236]
/store/data/Run2017E/ZeroBias/RAW/v1/000/304/125/00000/42401A4E-8CA4-E711-A6E9-02163E01A223.root [889,893,891,892,890]
/store/data/Run2017E/ZeroBias/RAW/v1/000/304/125/00000/429FCE45-7CA4-E711-94D5-02163E019DDA.root [601,598,599,600,597]
/store/data/Run2017E/ZeroBias/RAW/v1/000/304/125/00000/42AFF34A-92A4-E711-A6FF-02163E0143AD.root [1002,1000,1003,1001,999]
/store/data/Run2017E/ZeroBias/RAW/v1/000/304/125/00000/42F3942A-7DA4-E711-86F0-02163E019CFB.root [614,616,612,613,615]
/store/data/Run2017E/ZeroBias/RAW/v1/000/304/125/00000/4418BDFA-76A4-E711-859D-02163E01257E.root [499,500,502,501]
/store/data/Run2017E/ZeroBias/RAW/v1/000/304/125/00000/44255E29-7CA4-E711-992A-02163E01A56B.root [594,593,596,595,592]
/store/data/Run2017E/ZeroBias/RAW/v1/000/304/125/00000/4431E311-ADA4-E711-9794-02163E01433D.root [1483,1486,1484,1485,1487,1481,1482]
/store/data/Run2017E/ZeroBias/RAW/v1/000/304/125/00000/445E445F-B3A4-E711-980A-02163E0119F3.root [1614,1615,1618,1617,1613,1616]
/store/data/Run2017E/ZeroBias/RAW/v1/000/304/125/00000/44951DD1-6DA4-E711-8755-02163E014528.root [328,327,326,329]
/store/data/Run2017E/ZeroBias/RAW/v1/000/304/125/00000/44C350C6-6CA4-E711-83A1-02163E01A6AF.root [311,310,313,312]
/store/data/Run2017E/ZeroBias/RAW/v1/000/304/125/00000/44C86BC2-73A4-E711-BD41-02163E019C6C.root [441,439,440,442]
/store/data/Run2017E/ZeroBias/RAW/v1/000/304/125/00000/44F6A6E9-74A4-E711-B65F-02163E01A312.root [463,465,466,464]
/store/data/Run2017E/ZeroBias/RAW/v1/000/304/125/00000/44F7CD44-83A4-E711-A573-02163E011FB8.root [731,732,729,730,733]
/store/data/Run2017E/ZeroBias/RAW/v1/000/304/125/00000/464586AE-61A4-E711-80B4-02163E01A69C.root [99,98,97]
/store/data/Run2017E/ZeroBias/RAW/v1/000/304/125/00000/467EBCF4-A1A4-E711-A579-02163E019BD4.root [1288,1289,1290,1293,1291,1292]
/store/data/Run2017E/ZeroBias/RAW/v1/000/304/125/00000/46B29E67-87A4-E711-87EB-02163E01A2F4.root [791,789,792,793,790]
/store/data/Run2017E/ZeroBias/RAW/v1/000/304/125/00000/46DAEC5A-A0A4-E711-8B5A-02163E014716.root [1259,1261,1263,1258,1260,1262]
/store/data/Run2017E/ZeroBias/RAW/v1/000/304/125/00000/481EAEF1-93A4-E711-B3BC-02163E019BA3.root [1039,1036,1037,1038,1041,1040]
/store/data/Run2017E/ZeroBias/RAW/v1/000/304/125/00000/48268E3B-ADA4-E711-8D51-02163E011D93.root [1488,1494,1490,1492,1493,1489,1491]
/store/data/Run2017E/ZeroBias/RAW/v1/000/304/125/00000/48FDEF3F-98A4-E711-87DE-02163E0141FB.root [1098,1096,1099,1101,1097,1100]
/store/data/Run2017E/ZeroBias/RAW/v1/000/304/125/00000/4A25CCB4-7CA4-E711-A717-02163E0142B1.root [603,604,602,606,605]
/store/data/Run2017E/ZeroBias/RAW/v1/000/304/125/00000/4A28D4E9-82A4-E711-9A4B-02163E01433E.root [720,719,723,721,722]
/store/data/Run2017E/ZeroBias/RAW/v1/000/304/125/00000/4A98F9D1-82A4-E711-9DFD-02163E0141B6.root [714,716,717,715,718]
/store/data/Run2017E/ZeroBias/RAW/v1/000/304/125/00000/4A9C9A3D-81A4-E711-81C7-02163E01412F.root [691,693,689,690,692]
/store/data/Run2017E/ZeroBias/RAW/v1/000/304/125/00000/4C2A7F96-77A4-E711-AFCD-02163E019E02.root [518,515,516,517]
/store/data/Run2017E/ZeroBias/RAW/v1/000/304/125/00000/4C48CE89-7BA4-E711-BC83-02163E01256D.root [585,586,584,582,583]
/store/data/Run2017E/ZeroBias/RAW/v1/000/304/125/00000/4C68D3B2-96A4-E711-AED0-02163E011B0A.root [1080,1082,1078,1081,1079,1083]
/store/data/Run2017E/ZeroBias/RAW/v1/000/304/125/00000/4C92C5D4-76A4-E711-8CA7-02163E014640.root [496,495,497,498]
/store/data/Run2017E/ZeroBias/RAW/v1/000/304/125/00000/4C960298-B3A4-E711-AB09-02163E014714.root [1623,1620,1619,1622,1621,1624]
/store/data/Run2017E/ZeroBias/RAW/v1/000/304/125/00000/4CCDAE17-6AA4-E711-B4CD-02163E01472C.root [261,262,264,263]
/store/data/Run2017E/ZeroBias/RAW/v1/000/304/125/00000/4CD122B3-6FA4-E711-8A86-02163E01450D.root [362,365,363,364]
/store/data/Run2017E/ZeroBias/RAW/v1/000/304/125/00000/4CED6C0A-6CA4-E711-A485-02163E01A20D.root [304,302,305,303]
/store/data/Run2017E/ZeroBias/RAW/v1/000/304/125/00000/4EF9D38C-83A4-E711-A5BF-02163E01472B.root [735,736,734,737,738]
/store/data/Run2017E/ZeroBias/RAW/v1/000/304/125/00000/509C5871-89A4-E711-8855-02163E01191A.root [839,841,842,843,840]
/store/data/Run2017E/ZeroBias/RAW/v1/000/304/125/00000/50A8D221-9EA4-E711-82A3-02163E01A350.root [1226,1222,1225,1223,1224,1227]
/store/data/Run2017E/ZeroBias/RAW/v1/000/304/125/00000/52D6BE87-BCA4-E711-A78F-02163E013800.root [1770,1773,1778,1769,1776,1766,1767,1768,1771,1775,1774,1777,1779,1772,1780]
/store/data/Run2017E/ZeroBias/RAW/v1/000/304/125/00000/52DB6FEC-83A4-E711-A78A-02163E019C33.root [739,741,742,743,740]
/store/data/Run2017E/ZeroBias/RAW/v1/000/304/125/00000/52F3FB29-8EA4-E711-8E3B-02163E013968.root [924,927,928,926,925]
/store/data/Run2017E/ZeroBias/RAW/v1/000/304/125/00000/5613FC8F-77A4-E711-8F9E-02163E0134E0.root [511,514,512,513]
/store/data/Run2017E/ZeroBias/RAW/v1/000/304/125/00000/5676040D-71A4-E711-A0B6-02163E011FCB.root [398,394,395,397,396]
/store/data/Run2017E/ZeroBias/RAW/v1/000/304/125/00000/56AF1F2E-B5A4-E711-9651-02163E01A581.root [1646,1647,1643,1645,1644,1648]
/store/data/Run2017E/ZeroBias/RAW/v1/000/304/125/00000/583EB6B5-9CA4-E711-B2C5-02163E01A56B.root [1193,1195,1196,1192,1194,1197]
/store/data/Run2017E/ZeroBias/RAW/v1/000/304/125/00000/58E9EE62-61A4-E711-9FF0-02163E011C3A.root [45,43,44]
/store/data/Run2017E/ZeroBias/RAW/v1/000/304/125/00000/5A258D90-8EA4-E711-8EF3-02163E01A5C9.root [934,935,936,938,937]
/store/data/Run2017E/ZeroBias/RAW/v1/000/304/125/00000/5A4A1C53-77A4-E711-A2A4-02163E01431B.root [509,507,510,508]
/store/data/Run2017E/ZeroBias/RAW/v1/000/304/125/00000/5A7E72ED-93A4-E711-86A1-02163E0141F2.root [1032,1033,1034,1030,1031,1035]
/store/data/Run2017E/ZeroBias/RAW/v1/000/304/125/00000/5AA6E36D-61A4-E711-86F2-02163E019D46.root [37,39,38]
/store/data/Run2017E/ZeroBias/RAW/v1/000/304/125/00000/5AB0AC30-B7A4-E711-A717-02163E014506.root [1681,1682,1686,1683,1685,1684,1680]
/store/data/Run2017E/ZeroBias/RAW/v1/000/304/125/00000/5EC64E41-81A4-E711-9BF4-02163E014345.root [678,675,674,677,676]
/store/data/Run2017E/ZeroBias/RAW/v1/000/304/125/00000/60BF03E7-76A4-E711-8D7B-02163E0146EF.root [505,504,503,506]
/store/data/Run2017E/ZeroBias/RAW/v1/000/304/125/00000/62046F45-61A4-E711-9320-02163E011BAB.root [9,7,8]
/store/data/Run2017E/ZeroBias/RAW/v1/000/304/125/00000/62F90BA4-B1A4-E711-B3C8-02163E01A6D8.root [1573,1577,1574,1576,1575,1572,1578]
/store/data/Run2017E/ZeroBias/RAW/v1/000/304/125/00000/648616BC-A0A4-E711-9497-02163E011B4D.root [1266,1269,1264,1265,1268,1267]
/store/data/Run2017E/ZeroBias/RAW/v1/000/304/125/00000/64B9A005-72A4-E711-8647-02163E014155.root [406,404,405,403]
/store/data/Run2017E/ZeroBias/RAW/v1/000/304/125/00000/64C036CE-84A4-E711-9DB1-02163E0146CF.root [751,749,752,750,753]
/store/data/Run2017E/ZeroBias/RAW/v1/000/304/125/00000/64E929FE-ABA4-E711-A406-02163E012242.root [1474,1477,1478,1479,1480,1475,1476]
/store/data/Run2017E/ZeroBias/RAW/v1/000/304/125/00000/669BAE60-61A4-E711-8F0C-02163E019D04.root [19,21,20]
/store/data/Run2017E/ZeroBias/RAW/v1/000/304/125/00000/66CFB8F6-64A4-E711-90C3-02163E01226D.root [175,173,174,172]
/store/data/Run2017E/ZeroBias/RAW/v1/000/304/125/00000/66D95D0B-A6A4-E711-8E69-02163E01A232.root [1371,1366,1367,1368,1370,1369]
/store/data/Run2017E/ZeroBias/RAW/v1/000/304/125/00000/6884C844-8CA4-E711-A535-02163E0141A7.root [886,885,888,884,887]
/store/data/Run2017E/ZeroBias/RAW/v1/000/304/125/00000/68935655-84A4-E711-A229-02163E019DD8.root [748,745,746,744,747]
/store/data/Run2017E/ZeroBias/RAW/v1/000/304/125/00000/68A8EA72-95A4-E711-9F29-02163E01191A.root [1055,1057,1056,1054,1058,1059]
/store/data/Run2017E/ZeroBias/RAW/v1/000/304/125/00000/68AF2F5E-A4A4-E711-A573-02163E0145CF.root [1336,1338,1337,1340,1341,1339]
/store/data/Run2017E/ZeroBias/RAW/v1/000/304/125/00000/68E5DB64-A7A4-E711-92F2-02163E0136D9.root [1391,1393,1394,1392,1395,1390]
/store/data/Run2017E/ZeroBias/RAW/v1/000/304/125/00000/6A417212-6FA4-E711-B37B-02163E01A519.root [356,357,354,355]
/store/data/Run2017E/ZeroBias/RAW/v1/000/304/125/00000/6AC03858-89A4-E711-910A-02163E0138DD.root [835,838,834,837,836]
/store/data/Run2017E/ZeroBias/RAW/v1/000/304/125/00000/6AC90357-61A4-E711-9224-02163E01A4FE.root [26,27,25]
/store/data/Run2017E/ZeroBias/RAW/v1/000/304/125/00000/6AEA407E-95A4-E711-9E93-02163E019E6C.root [1053,1051,1050,1052,1048,1049]
/store/data/Run2017E/ZeroBias/RAW/v1/000/304/125/00000/6C1795D9-98A4-E711-97AF-02163E019E6E.root [1120,1122,1121,1123,1125,1124]
/store/data/Run2017E/ZeroBias/RAW/v1/000/304/125/00000/6C9EC4EE-A4A4-E711-AA6F-02163E01444F.root [1353,1351,1352,1350,1348,1349]
/store/data/Run2017E/ZeroBias/RAW/v1/000/304/125/00000/6CC32D3C-7EA4-E711-897D-02163E01452B.root [634,635,636,638,637]
/store/data/Run2017E/ZeroBias/RAW/v1/000/304/125/00000/6E06574E-8FA4-E711-B5F6-02163E014767.root [948,945,944,946,947]
/store/data/Run2017E/ZeroBias/RAW/v1/000/304/125/00000/6EE9CED7-7DA4-E711-B2FF-02163E0141ED.root [629,628,627,626]
/store/data/Run2017E/ZeroBias/RAW/v1/000/304/125/00000/721F3953-72A4-E711-8225-02163E01A29D.root [415,417,416,418]
/store/data/Run2017E/ZeroBias/RAW/v1/000/304/125/00000/723FBDDC-8AA4-E711-8910-02163E0125F9.root [860,861,862,863,859]
/store/data/Run2017E/ZeroBias/RAW/v1/000/304/125/00000/72C2EB44-9EA4-E711-A3D2-02163E01A29A.root [1229,1232,1230,1231,1228,1233]
/store/data/Run2017E/ZeroBias/RAW/v1/000/304/125/00000/72FED76D-9DA4-E711-B3E3-02163E0120D1.root [1210,1211,1213,1212,1214,1215]
/store/data/Run2017E/ZeroBias/RAW/v1/000/304/125/00000/748D1B71-9DA4-E711-94DF-02163E0135C6.root [1206,1208,1205,1207,1204,1209]
/store/data/Run2017E/ZeroBias/RAW/v1/000/304/125/00000/748E4EF8-8CA4-E711-8D51-02163E019B81.root [907,906,905,904,908]
/store/data/Run2017E/ZeroBias/RAW/v1/000/304/125/00000/74C681DF-8FA4-E711-9FB3-02163E013562.root [963,959,962,960,961]
/store/data/Run2017E/ZeroBias/RAW/v1/000/304/125/00000/74E1D759-86A4-E711-B257-02163E01A41D.root [781,780,782,779,783]
/store/data/Run2017E/ZeroBias/RAW/v1/000/304/125/00000/74F5D438-64A4-E711-A0F1-02163E0145B6.root [154,153,155,152]
/store/data/Run2017E/ZeroBias/RAW/v1/000/304/125/00000/765C612F-78A4-E711-BB24-02163E01380F.root [525,524,523,526]
/store/data/Run2017E/ZeroBias/RAW/v1/000/304/125/00000/76CA6901-80A4-E711-B482-02163E01A315.root [663,661,662,659,660]
/store/data/Run2017E/ZeroBias/RAW/v1/000/304/125/00000/7842FFA8-B4A4-E711-AFAA-02163E011FC7.root [1635,1634,1636,1632,1631,1633]
/store/data/Run2017E/ZeroBias/RAW/v1/000/304/125/00000/7847B635-8AA4-E711-9F56-02163E014498.root [855,854,857,858,856]
/store/data/Run2017E/ZeroBias/RAW/v1/000/304/125/00000/78A31B58-A6A4-E711-B31A-02163E011F7D.root [1379,1378,1382,1380,1381,1383]
/store/data/Run2017E/ZeroBias/RAW/v1/000/304/125/00000/78E66DC0-67A4-E711-92B5-02163E011E8C.root [221,223,222,224]
/store/data/Run2017E/ZeroBias/RAW/v1/000/304/125/00000/78F2250E-8DA4-E711-83F5-02163E019DF4.root [902,900,903,899,901]
/store/data/Run2017E/ZeroBias/RAW/v1/000/304/125/00000/7AD16A83-74A4-E711-BE54-02163E01A795.root [455,457,458,456]
/store/data/Run2017E/ZeroBias/RAW/v1/000/304/125/00000/7AE2ABD7-78A4-E711-B5B8-02163E012543.root [543,542,539,541,540]
/store/data/Run2017E/ZeroBias/RAW/v1/000/304/125/00000/7C2D55B8-6FA4-E711-8F9B-02163E01A600.root [372,371,373,370]
/store/data/Run2017E/ZeroBias/RAW/v1/000/304/125/00000/7C4D6EB9-7BA4-E711-AFBD-02163E019DD6.root [588,591,589,587,590]
/store/data/Run2017E/ZeroBias/RAW/v1/000/304/125/00000/7C8021FF-A9A4-E711-8FEB-02163E01A3E5.root [1442,1444,1440,1443,1445,1439,1441]
/store/data/Run2017E/ZeroBias/RAW/v1/000/304/125/00000/7CBAD7EF-AFA4-E711-92EE-02163E0119F3.root [1544,1548,1549,1550,1545,1546,1547]
/store/data/Run2017E/ZeroBias/RAW/v1/000/304/125/00000/7CE346A8-A0A4-E711-BCFE-02163E01A232.root [1274,1270,1275,1273,1272,1271]
/store/data/Run2017E/ZeroBias/RAW/v1/000/304/125/00000/7CEB1AE3-61A4-E711-B61B-02163E01A3DE.root [104,105,103]
/store/data/Run2017E/ZeroBias/RAW/v1/000/304/125/00000/7CF42D5E-61A4-E711-938F-02163E01436D.root [73,74,75]
/store/data/Run2017E/ZeroBias/RAW/v1/000/304/125/00000/7E11A039-A9A4-E711-B6D3-02163E01A234.root [1426,1431,1427,1430,1429,1428]
/store/data/Run2017E/ZeroBias/RAW/v1/000/304/125/00000/7EB9C351-66A4-E711-A634-02163E0138BB.root [192,193,195,194]
/store/data/Run2017E/ZeroBias/RAW/v1/000/304/125/00000/80F69959-85A4-E711-A6A3-02163E019E7A.root [765,764,766,767,768]
/store/data/Run2017E/ZeroBias/RAW/v1/000/304/125/00000/82107EC9-B0A4-E711-9399-02163E01A6C3.root [1570,1566,1568,1569,1571,1565,1567]
/store/data/Run2017E/ZeroBias/RAW/v1/000/304/125/00000/827C591A-7DA4-E711-BC8F-02163E011EE1.root [607,608,610,609,611]
/store/data/Run2017E/ZeroBias/RAW/v1/000/304/125/00000/82FDDD3D-B8A4-E711-AB75-02163E01A6B7.root [1694,1696,1695,1698,1693,1697,1699]
/store/data/Run2017E/ZeroBias/RAW/v1/000/304/125/00000/848B3A06-68A4-E711-B54D-02163E01A68A.root [228,225,227,226]
/store/data/Run2017E/ZeroBias/RAW/v1/000/304/125/00000/848E5B84-6BA4-E711-BFF6-02163E014186.root [291,293,292,290]
/store/data/Run2017E/ZeroBias/RAW/v1/000/304/125/00000/84956225-9EA4-E711-8AE2-02163E011BB4.root [1217,1219,1221,1220,1216,1218]
/store/data/Run2017E/ZeroBias/RAW/v1/000/304/125/00000/863CD834-98A4-E711-8696-02163E01354C.root [1118,1115,1116,1119,1117,1114]
/store/data/Run2017E/ZeroBias/RAW/v1/000/304/125/00000/86CD74DB-87A4-E711-A788-02163E0146CD.root [811,810,812,813,809]
/store/data/Run2017E/ZeroBias/RAW/v1/000/304/125/00000/88126664-6CA4-E711-9229-02163E012839.root [309,306,307,308]
/store/data/Run2017E/ZeroBias/RAW/v1/000/304/125/00000/886E969D-ABA4-E711-BD13-02163E01A349.root [1460,1462,1464,1463,1465,1461,1466]
/store/data/Run2017E/ZeroBias/RAW/v1/000/304/125/00000/88D5F364-A7A4-E711-A1C0-02163E01A1BD.root [1398,1399,1397,1396,1400,1401]
/store/data/Run2017E/ZeroBias/RAW/v1/000/304/125/00000/88E01A6F-70A4-E711-944C-02163E012839.root [384,382,385,383]
/store/data/Run2017E/ZeroBias/RAW/v1/000/304/125/00000/88E6B374-67A4-E711-AA53-02163E011D5B.root [218,220,219,217,216]
/store/data/Run2017E/ZeroBias/RAW/v1/000/304/125/00000/8A213C56-61A4-E711-AADF-02163E013459.root [49,50,51]
/store/data/Run2017E/ZeroBias/RAW/v1/000/304/125/00000/8A273FFE-9BA4-E711-A7F1-02163E01A673.root [1177,1175,1174,1176,1178,1179]
/store/data/Run2017E/ZeroBias/RAW/v1/000/304/125/00000/8A4B76BB-7EA4-E711-9C43-02163E019E0B.root [648,647,644,645,646]
/store/data/Run2017E/ZeroBias/RAW/v1/000/304/125/00000/8AC4432A-88A4-E711-B5AF-02163E0143E4.root [818,815,816,814,817]
/store/data/Run2017E/ZeroBias/RAW/v1/000/304/125/00000/8AEFFD61-61A4-E711-9203-02163E019D15.root [93,91,92]
/store/data/Run2017E/ZeroBias/RAW/v1/000/304/125/00000/8C1C1803-81A4-E711-9341-02163E019E55.root [679,681,680,682,683]
/store/data/Run2017E/ZeroBias/RAW/v1/000/304/125/00000/8C3E80C5-7FA4-E711-8FD6-02163E01A380.root [656,655,657,658,654]
/store/data/Run2017E/ZeroBias/RAW/v1/000/304/125/00000/8CFE3C3A-7AA4-E711-A250-02163E014334.root [561,560,558,559]
/store/data/Run2017E/ZeroBias/RAW/v1/000/304/125/00000/8EF4B149-62A4-E711-B41E-02163E0134FF.root [112,113,114]
/store/data/Run2017E/ZeroBias/RAW/v1/000/304/125/00000/8EF8E51E-6EA4-E711-835D-02163E014375.root [335,337,334,336]
/store/data/Run2017E/ZeroBias/RAW/v1/000/304/125/00000/8EFD3771-97A4-E711-B200-02163E0142DA.root [1092,1095,1094,1091,1093,1090]
/store/data/Run2017E/ZeroBias/RAW/v1/000/304/125/00000/922E044E-8CA4-E711-9980-02163E01394C.root [896,897,894,895,898]
/store/data/Run2017E/ZeroBias/RAW/v1/000/304/125/00000/94C43569-61A4-E711-A35D-02163E01A255.root [81,79,80]
/store/data/Run2017E/ZeroBias/RAW/v1/000/304/125/00000/96511ACD-61A4-E711-98E7-02163E01425E.root [59,58,60]
/store/data/Run2017E/ZeroBias/RAW/v1/000/304/125/00000/96A76A19-79A4-E711-A777-02163E019E8F.root [535,537,538,536]
/store/data/Run2017E/ZeroBias/RAW/v1/000/304/125/00000/96DE119B-82A4-E711-9D68-02163E011D40.root [713,711,710,712,709]
/store/data/Run2017E/ZeroBias/RAW/v1/000/304/125/00000/9816FA53-61A4-E711-A121-02163E013779.root [47,46,48]
/store/data/Run2017E/ZeroBias/RAW/v1/000/304/125/00000/9A090F81-61A4-E711-8EB4-02163E01A220.root [57,56,55]
/store/data/Run2017E/ZeroBias/RAW/v1/000/304/125/00000/9A672B3B-69A4-E711-AB2A-02163E014765.root [246,247,248,245]
/store/data/Run2017E/ZeroBias/RAW/v1/000/304/125/00000/9A993DC4-91A4-E711-B992-02163E011C94.root [998,995,994,997,996]
/store/data/Run2017E/ZeroBias/RAW/v1/000/304/125/00000/9CACC08C-A4A4-E711-A4AF-02163E0139AD.root [1345,1347,1344,1346,1342,1343]
/store/data/Run2017E/ZeroBias/RAW/v1/000/304/125/00000/9CB36B19-7AA4-E711-AEB5-02163E01A630.root [555,556,554,557]
/store/data/Run2017E/ZeroBias/RAW/v1/000/304/125/00000/9E20A734-9BA4-E711-B793-02163E019BF3.root [1169,1171,1170,1173,1172,1168]
/store/data/Run2017E/ZeroBias/RAW/v1/000/304/125/00000/9E7CE87B-B6A4-E711-BF01-02163E012250.root [1671,1672,1667,1668,1673,1669,1670]
/store/data/Run2017E/ZeroBias/RAW/v1/000/304/125/00000/9EA3993E-62A4-E711-8238-02163E019DA0.root [117,116,115]
/store/data/Run2017E/ZeroBias/RAW/v1/000/304/125/00000/A2061F4E-61A4-E711-A7E0-02163E01A67A.root [90,88,89]
/store/data/Run2017E/ZeroBias/RAW/v1/000/304/125/00000/A2092E7F-B9A4-E711-BB25-02163E01A407.root [1723,1724,1726,1728,1721,1722,1725,1727]
/store/data/Run2017E/ZeroBias/RAW/v1/000/304/125/00000/A21CAD12-71A4-E711-B272-02163E01416D.root [390,391,392,393]
/store/data/Run2017E/ZeroBias/RAW/v1/000/304/125/00000/A2229F49-8DA4-E711-B3BF-02163E0136D9.root [909,911,910,913,912]
/store/data/Run2017E/ZeroBias/RAW/v1/000/304/125/00000/A2504004-63A4-E711-AF4C-02163E0142E2.root [133,135,134]
/store/data/Run2017E/ZeroBias/RAW/v1/000/304/125/00000/A427F545-98A4-E711-B508-02163E01A2F3.root [1110,1113,1109,1112,1108,1111]
/store/data/Run2017E/ZeroBias/RAW/v1/000/304/125/00000/A4371769-61A4-E711-999F-02163E01A63F.root [67,68,69]
/store/data/Run2017E/ZeroBias/RAW/v1/000/304/125/00000/A458B9D7-A7A4-E711-9CFE-02163E014219.root [1406,1402,1404,1403,1405,1407]
/store/data/Run2017E/ZeroBias/RAW/v1/000/304/125/00000/A468FF13-A7A4-E711-BD1E-02163E0145C5.root [1384,1385,1386,1389,1387,1388]
/store/data/Run2017E/ZeroBias/RAW/v1/000/304/125/00000/A472A0B0-B4A4-E711-B186-02163E011CE4.root [1642,1641,1639,1637,1638,1640]
/store/data/Run2017E/ZeroBias/RAW/v1/000/304/125/00000/A47E997F-63A4-E711-B63B-02163E01387D.root [140,141,142,143]
/store/data/Run2017E/ZeroBias/RAW/v1/000/304/125/00000/A640458E-99A4-E711-B1E1-02163E01A1EF.root [1133,1136,1137,1135,1134,1132]
/store/data/Run2017E/ZeroBias/RAW/v1/000/304/125/00000/A64A13F4-74A4-E711-ACC7-02163E01A60D.root [460,461,462,459]
/store/data/Run2017E/ZeroBias/RAW/v1/000/304/125/00000/A6CE37EA-99A4-E711-A8EE-02163E014539.root [1146,1148,1145,1147,1144,1149]
/store/data/Run2017E/ZeroBias/RAW/v1/000/304/125/00000/A6F333DF-A1A4-E711-8C89-02163E019D6A.root [1284,1286,1287,1282,1285,1283]
/store/data/Run2017E/ZeroBias/RAW/v1/000/304/125/00000/A8056B57-61A4-E711-B08A-02163E012AEA.root [10,11,12]
/store/data/Run2017E/ZeroBias/RAW/v1/000/304/125/00000/A88B03F1-ADA4-E711-BA54-02163E01A305.root [1512,1510,1514,1515,1509,1511,1513]
/store/data/Run2017E/ZeroBias/RAW/v1/000/304/125/00000/A8C9E915-65A4-E711-9B04-02163E019DD5.root [179,176,178,177]
/store/data/Run2017E/ZeroBias/RAW/v1/000/304/125/00000/AA637CD2-B0A4-E711-8C36-02163E01461E.root [1560,1561,1562,1563,1559,1558,1564]
/store/data/Run2017E/ZeroBias/RAW/v1/000/304/125/00000/AAB46DE9-B6A4-E711-B2A6-02163E019C95.root [1676,1679,1677,1675,1674,1678]
/store/data/Run2017E/ZeroBias/RAW/v1/000/304/125/00000/AAB6B864-8FA4-E711-91BE-02163E0138E0.root [949,952,950,951,953]
/store/data/Run2017E/ZeroBias/RAW/v1/000/304/125/00000/AAE25A1D-6DA4-E711-B61B-02163E01A546.root [315,314,317,316]
/store/data/Run2017E/ZeroBias/RAW/v1/000/304/125/00000/AC1FE762-70A4-E711-8194-02163E014642.root [381,379,380,378]
/store/data/Run2017E/ZeroBias/RAW/v1/000/304/125/00000/AC9D8853-6FA4-E711-91C6-02163E014186.root [358,359,360,361]
/store/data/Run2017E/ZeroBias/RAW/v1/000/304/125/00000/ACF8AEEA-6AA4-E711-ABD8-02163E01A26A.root [273,270,272,271]
/store/data/Run2017E/ZeroBias/RAW/v1/000/304/125/00000/AE141E41-96A4-E711-A09F-02163E0120B7.root [1075,1077,1076,1074,1072,1073]
/store/data/Run2017E/ZeroBias/RAW/v1/000/304/125/00000/AE14EC0E-B9A4-E711-9BE9-02163E01290A.root [1720,1717,1715,1719,1716,1718,1714]
/store/data/Run2017E/ZeroBias/RAW/v1/000/304/125/00000/AE500688-62A4-E711-B117-02163E01360C.root [121,123,122,124]
/store/data/Run2017E/ZeroBias/RAW/v1/000/304/125/00000/B09BEFC6-B0A4-E711-A252-02163E0134F1.root [1554,1551,1557,1553,1552,1555,1556]
/store/data/Run2017E/ZeroBias/RAW/v1/000/304/125/00000/B21AD7D9-71A4-E711-B5C9-02163E01470A.root [407,409,410,408]
/store/data/Run2017E/ZeroBias/RAW/v1/000/304/125/00000/B2362836-ADA4-E711-8A0A-02163E01417E.root [1498,1501,1495,1499,1500,1497,1496]
/store/data/Run2017E/ZeroBias/RAW/v1/000/304/125/00000/B25A2471-75A4-E711-B764-02163E01414D.root [467,469,470,468]
/store/data/Run2017E/ZeroBias/RAW/v1/000/304/125/00000/B406D8A6-97A4-E711-B59A-02163E0137BC.root [1105,1106,1107,1102,1104,1103]
/store/data/Run2017E/ZeroBias/RAW/v1/000/304/125/00000/B4DB34F6-8EA4-E711-92FC-02163E01A3FD.root [943,939,940,941,942]
/store/data/Run2017E/ZeroBias/RAW/v1/000/304/125/00000/B4E99A74-92A4-E711-A782-02163E01A3D5.root [1007,1005,1006,1004,1008]
/store/data/Run2017E/ZeroBias/RAW/v1/000/304/125/00000/B4F91B31-B8A4-E711-A546-02163E014307.root [1707,1709,1713,1710,1708,1711,1712]
/store/data/Run2017E/ZeroBias/RAW/v1/000/304/125/00000/B61619B9-7DA4-E711-8887-02163E01474D.root [630,633,631,632]
/store/data/Run2017E/ZeroBias/RAW/v1/000/304/125/00000/B8F7A3D3-6DA4-E711-8078-02163E019DF7.root [330,332,331,333]
/store/data/Run2017E/ZeroBias/RAW/v1/000/304/125/00000/B8FEFEE1-70A4-E711-A684-02163E0124EE.root [388,387,389,386]
/store/data/Run2017E/ZeroBias/RAW/v1/000/304/125/00000/BA1B2F54-AAA4-E711-A7E6-02163E013720.root [1451,1446,1448,1447,1449,1450,1452]
/store/data/Run2017E/ZeroBias/RAW/v1/000/304/125/00000/BA9A10B3-72A4-E711-9D99-02163E019C6D.root [424,426,423,425]
/store/data/Run2017E/ZeroBias/RAW/v1/000/304/125/00000/BAA44B8E-B1A4-E711-B522-02163E0140DF.root [1581,1582,1585,1580,1584,1579,1583]
/store/data/Run2017E/ZeroBias/RAW/v1/000/304/125/00000/BAB8A610-B6A4-E711-A661-02163E0145C5.root [1666,1663,1661,1662,1665,1664]
/store/data/Run2017E/ZeroBias/RAW/v1/000/304/125/00000/BC32502C-75A4-E711-A9E3-02163E01A25E.root [471,472,474,473]
/store/data/Run2017E/ZeroBias/RAW/v1/000/304/125/00000/BCB7B6A7-86A4-E711-942F-02163E01A3BE.root [786,787,788,784,785]
/store/data/Run2017E/ZeroBias/RAW/v1/000/304/125/00000/BE13D988-75A4-E711-AB56-02163E01341D.root [476,478,475,477]
/store/data/Run2017E/ZeroBias/RAW/v1/000/304/125/00000/BE55E382-61A4-E711-ABA8-02163E011E20.root [107,106,108]
/store/data/Run2017E/ZeroBias/RAW/v1/000/304/125/00000/BED0DF8B-AEA4-E711-970C-02163E0146BF.root [1528,1525,1527,1523,1524,1526,1529]
/store/data/Run2017E/ZeroBias/RAW/v1/000/304/125/00000/C068F773-BAA4-E711-A0A5-02163E01A4D1.root [1739,1742,1743,1740,1738,1741,1744]
/store/data/Run2017E/ZeroBias/RAW/v1/000/304/125/00000/C07BBBE2-B5A4-E711-998C-02163E011E71.root [1657,1659,1656,1660,1655,1658]
/store/data/Run2017E/ZeroBias/RAW/v1/000/304/125/00000/C08A9D96-61A4-E711-9F3A-02163E0136F8.root [94,96,95]
/store/data/Run2017E/ZeroBias/RAW/v1/000/304/125/00000/C2C31C0F-7FA4-E711-843E-02163E011C53.root [649,650,653,651,652]
/store/data/Run2017E/ZeroBias/RAW/v1/000/304/125/00000/C47006DC-87A4-E711-8E9D-02163E0139B6.root [804,807,806,805,808]
/store/data/Run2017E/ZeroBias/RAW/v1/000/304/125/00000/C4E71348-88A4-E711-B954-02163E019BDF.root [821,819,822,820,823]
/store/data/Run2017E/ZeroBias/RAW/v1/000/304/125/00000/C6381DC7-66A4-E711-A69A-02163E019C6A.root [200,201,203,202]
/store/data/Run2017E/ZeroBias/RAW/v1/000/304/125/00000/C67669A5-71A4-E711-81B1-02163E011FAB.root [401,400,399,402]
/store/data/Run2017E/ZeroBias/RAW/v1/000/304/125/00000/C68604CE-7AA4-E711-8C88-02163E0140EE.root [572,574,575,576,573]
/store/data/Run2017E/ZeroBias/RAW/v1/000/304/125/00000/C6E580FF-72A4-E711-AE0A-02163E01460C.root [430,427,428,429]
/store/data/Run2017E/ZeroBias/RAW/v1/000/304/125/00000/CA5FE911-93A4-E711-8908-02163E011AA1.root [1020,1019,1021,1023,1022]
/store/data/Run2017E/ZeroBias/RAW/v1/000/304/125/00000/CAD91A39-66A4-E711-9916-02163E01A291.root [196,198,197,199]
/store/data/Run2017E/ZeroBias/RAW/v1/000/304/125/00000/CC1B40AE-64A4-E711-AD8B-02163E0139AF.root [163,161,162,160]
/store/data/Run2017E/ZeroBias/RAW/v1/000/304/125/00000/CC45F549-62A4-E711-A3AD-02163E014771.root [119,118,120]
/store/data/Run2017E/ZeroBias/RAW/v1/000/304/125/00000/CE2D4497-9FA4-E711-BD2D-02163E0139A8.root [1254,1255,1257,1252,1253,1256]
/store/data/Run2017E/ZeroBias/RAW/v1/000/304/125/00000/CEEB477D-93A4-E711-91E9-02163E019C5E.root [1025,1028,1029,1027,1024,1026]
/store/data/Run2017E/ZeroBias/RAW/v1/000/304/125/00000/CEEB7BA4-8DA4-E711-8B74-02163E014763.root [914,915,918,916,917]
/store/data/Run2017E/ZeroBias/RAW/v1/000/304/125/00000/CEF28258-76A4-E711-98BC-02163E0123B7.root [490,488,489,487]
/store/data/Run2017E/ZeroBias/RAW/v1/000/304/125/00000/D07AA82F-A4A4-E711-8B49-02163E01479A.root [1328,1329,1324,1325,1326,1327]
/store/data/Run2017E/ZeroBias/RAW/v1/000/304/125/00000/D2034866-61A4-E711-8CF8-02163E01A662.root [61,63,62]
/store/data/Run2017E/ZeroBias/RAW/v1/000/304/125/00000/D214FF82-68A4-E711-BFEC-02163E01A381.root [236,235,233,234]
/store/data/Run2017E/ZeroBias/RAW/v1/000/304/125/00000/D2ED8637-80A4-E711-8908-02163E014234.root [667,666,664,665,668]
/store/data/Run2017E/ZeroBias/RAW/v1/000/304/125/00000/D2F67EF8-95A4-E711-B6D2-02163E01A74D.root [1067,1068,1071,1066,1069,1070]
/store/data/Run2017E/ZeroBias/RAW/v1/000/304/125/00000/D4888D55-87A4-E711-8C3F-02163E019E1A.root [801,800,802,803,799]
/store/data/Run2017E/ZeroBias/RAW/v1/000/304/125/00000/D4CB6FD9-6AA4-E711-ACAC-02163E019D41.root [275,274,276,277]
/store/data/Run2017E/ZeroBias/RAW/v1/000/304/125/00000/D4F6D9EE-6AA4-E711-828F-02163E014528.root [281,278,280,279]
/store/data/Run2017E/ZeroBias/RAW/v1/000/304/125/00000/D6373AC8-7AA4-E711-8FA3-02163E019D6F.root [564,562,566,565,563]
/store/data/Run2017E/ZeroBias/RAW/v1/000/304/125/00000/D64898C9-64A4-E711-B03C-02163E014365.root [169,168,170,171]
/store/data/Run2017E/ZeroBias/RAW/v1/000/304/125/00000/D6BCB2C0-BBA4-E711-9FE8-02163E014469.root [1753,1757,1752,1756,1754,1758,1755]
/store/data/Run2017E/ZeroBias/RAW/v1/000/304/125/00000/D86ABA26-6CA4-E711-99C5-02163E014771.root [298,300,301,299]
/store/data/Run2017E/ZeroBias/RAW/v1/000/304/125/00000/D8BECF9C-91A4-E711-8D27-02163E01A40A.root [992,989,990,991,993]
/store/data/Run2017E/ZeroBias/RAW/v1/000/304/125/00000/D8C11514-6DA4-E711-AFA1-02163E01A60D.root [318,319,321,320]
/store/data/Run2017E/ZeroBias/RAW/v1/000/304/125/00000/DA3053DA-A2A4-E711-B78E-02163E0133D9.root [1303,1301,1300,1304,1302,1305]
/store/data/Run2017E/ZeroBias/RAW/v1/000/304/125/00000/DA3647AA-88A4-E711-89E3-02163E01A63E.root [825,826,824,828,827]
/store/data/Run2017E/ZeroBias/RAW/v1/000/304/125/00000/DAAA6FE1-A0A4-E711-A140-02163E0144AC.root [1277,1279,1281,1278,1276,1280]
/store/data/Run2017E/ZeroBias/RAW/v1/000/304/125/00000/DAABF8DC-84A4-E711-9514-02163E0144BE.root [754,756,758,755,757]
/store/data/Run2017E/ZeroBias/RAW/v1/000/304/125/00000/DC1FCD0D-96A4-E711-898D-02163E019E6C.root [1061,1060,1062,1064,1065,1063]
/store/data/Run2017E/ZeroBias/RAW/v1/000/304/125/00000/DC562C72-91A4-E711-A163-02163E01A236.root [981,983,980,982,979]
/store/data/Run2017E/ZeroBias/RAW/v1/000/304/125/00000/DC7D9572-B5A4-E711-BF02-02163E013701.root [1649,1654,1652,1651,1650,1653]
/store/data/Run2017E/ZeroBias/RAW/v1/000/304/125/00000/DE148087-8BA4-E711-93FD-02163E01A6D4.root [877,876,874,875,878]
/store/data/Run2017E/ZeroBias/RAW/v1/000/304/125/00000/DE1BCAF4-A9A4-E711-8817-02163E0134D6.root [1432,1435,1433,1434,1436,1438,1437]
/store/data/Run2017E/ZeroBias/RAW/v1/000/304/125/00000/DE24589D-88A4-E711-9777-02163E0143A1.root [829,831,830,832,833]
/store/data/Run2017E/ZeroBias/RAW/v1/000/304/125/00000/DE37E7FA-6FA4-E711-B9C6-02163E0141EF.root [376,375,377,374]
/store/data/Run2017E/ZeroBias/RAW/v1/000/304/125/00000/DE44CC05-73A4-E711-A218-02163E013728.root [432,431,434,433]
/store/data/Run2017E/ZeroBias/RAW/v1/000/304/125/00000/DEB1AD23-6BA4-E711-AD88-02163E0143BE.root [284,282,283,285]
/store/data/Run2017E/ZeroBias/RAW/v1/000/304/125/00000/DEBCBB2B-A4A4-E711-894E-02163E0144F1.root [1332,1330,1331,1333,1335,1334]
/store/data/Run2017E/ZeroBias/RAW/v1/000/304/125/00000/E06B9033-8AA4-E711-B7A5-02163E013421.root [852,851,853,850,849]
/store/data/Run2017E/ZeroBias/RAW/v1/000/304/125/00000/E0F9D5B6-6FA4-E711-85D3-02163E0133D9.root [367,366,369,368]
/store/data/Run2017E/ZeroBias/RAW/v1/000/304/125/00000/E25D5EB2-A8A4-E711-B787-02163E01A51F.root [1415,1416,1419,1418,1417,1414]
/store/data/Run2017E/ZeroBias/RAW/v1/000/304/125/00000/E27285FF-65A4-E711-AAF4-02163E019B66.root [184,185,186,187]
/store/data/Run2017E/ZeroBias/RAW/v1/000/304/125/00000/E42093CD-BBA4-E711-9DE4-02163E01361F.root [1759,1762,1763,1760,1764,1761,1765]
/store/data/Run2017E/ZeroBias/RAW/v1/000/304/125/00000/E60EC487-63A4-E711-809A-02163E01A700.root [147,145,144,146]
/store/data/Run2017E/ZeroBias/RAW/v1/000/304/125/00000/E642E7B5-79A4-E711-9932-02163E013473.root [545,547,548,544,546]
/store/data/Run2017E/ZeroBias/RAW/v1/000/304/125/00000/E8196915-74A4-E711-91F1-02163E0144EB.root [449,450,447,448]
/store/data/Run2017E/ZeroBias/RAW/v1/000/304/125/00000/E887D3DF-99A4-E711-9E47-02163E01A2C3.root [1141,1138,1142,1143,1139,1140]
/store/data/Run2017E/ZeroBias/RAW/v1/000/304/125/00000/EC04FF79-B7A4-E711-976F-02163E01A4A0.root [1691,1687,1688,1689,1690,1692]
/store/data/Run2017E/ZeroBias/RAW/v1/000/304/125/00000/EC240891-68A4-E711-91B6-02163E01352C.root [237,240,239,238]
/store/data/Run2017E/ZeroBias/RAW/v1/000/304/125/00000/EC517267-64A4-E711-9AE7-02163E012ABD.root [158,156,159,157]
/store/data/Run2017E/ZeroBias/RAW/v1/000/304/125/00000/ECAADF96-69A4-E711-BDED-02163E01470A.root [256,253,254,255]
/store/data/Run2017E/ZeroBias/RAW/v1/000/304/125/00000/ECB0AD83-67A4-E711-8093-02163E01A367.root [212,214,215,213]
/store/data/Run2017E/ZeroBias/RAW/v1/000/304/125/00000/ECBB585F-76A4-E711-A019-02163E01A49C.root [493,492,491,494]
/store/data/Run2017E/ZeroBias/RAW/v1/000/304/125/00000/EE01AED9-72A4-E711-9C2D-02163E01A347.root [420,419,422,421]
/store/data/Run2017E/ZeroBias/RAW/v1/000/304/125/00000/EEBB27F8-98A4-E711-8867-02163E0146DC.root [1126,1129,1127,1128,1130,1131]
/store/data/Run2017E/ZeroBias/RAW/v1/000/304/125/00000/EEE47D5B-61A4-E711-9BA8-02163E019E24.root [24,22,23]
/store/data/Run2017E/ZeroBias/RAW/v1/000/304/125/00000/F0E2C4F7-6EA4-E711-8757-02163E0120E1.root [353,352,350,351]
/store/data/Run2017E/ZeroBias/RAW/v1/000/304/125/00000/F0E7600B-9CA4-E711-829F-02163E01A791.root [1187,1188,1190,1186,1189,1191]
/store/data/Run2017E/ZeroBias/RAW/v1/000/304/125/00000/F0FCFCA4-92A4-E711-A797-02163E0124EE.root [1015,1017,1014,1016,1018]
/store/data/Run2017E/ZeroBias/RAW/v1/000/304/125/00000/F26E1A3E-B8A4-E711-9EC1-02163E01A578.root [1702,1705,1700,1703,1701,1704,1706]
/store/data/Run2017E/ZeroBias/RAW/v1/000/304/125/00000/F2A46156-6EA4-E711-93A0-02163E01441A.root [344,343,342,345]
/store/data/Run2017E/ZeroBias/RAW/v1/000/304/125/00000/F2BBDAC2-62A4-E711-A42C-02163E01A56B.root [126,125,127,128]
/store/data/Run2017E/ZeroBias/RAW/v1/000/304/125/00000/F2D95226-82A4-E711-A300-02163E01A696.root [699,702,701,700,703]
/store/data/Run2017E/ZeroBias/RAW/v1/000/304/125/00000/F415E28E-ABA4-E711-A11A-02163E012262.root [1472,1469,1471,1473,1468,1470,1467]
/store/data/Run2017E/ZeroBias/RAW/v1/000/304/125/00000/F42A1B7E-7DA4-E711-A93E-02163E0123B2.root [622,624,623,625]
/store/data/Run2017E/ZeroBias/RAW/v1/000/304/125/00000/F4348812-B3A4-E711-BED1-02163E019BC1.root [1610,1609,1612,1608,1607,1611]
/store/data/Run2017E/ZeroBias/RAW/v1/000/304/125/00000/F4520B7A-A5A4-E711-825D-02163E014345.root [1356,1355,1359,1358,1354,1357]
/store/data/Run2017E/ZeroBias/RAW/v1/000/304/125/00000/F6776A3C-7BA4-E711-96AB-02163E01A3C9.root [578,580,579,581,577]
/store/data/Run2017E/ZeroBias/RAW/v1/000/304/125/00000/F6AD100A-72A4-E711-A24C-02163E014375.root [412,411,413,414]
/store/data/Run2017E/ZeroBias/RAW/v1/000/304/125/00000/F8529968-61A4-E711-870B-02163E019D5D.root [1,3,2]
/store/data/Run2017E/ZeroBias/RAW/v1/000/304/125/00000/F864664D-61A4-E711-89CB-02163E014657.root [32,33,31]
/store/data/Run2017E/ZeroBias/RAW/v1/000/304/125/00000/F89E92A0-6BA4-E711-8CBB-02163E01354A.root [295,297,296,294]
/store/data/Run2017E/ZeroBias/RAW/v1/000/304/125/00000/FA37F90A-82A4-E711-A593-02163E013591.root [705,706,707,704,708]
/store/data/Run2017E/ZeroBias/RAW/v1/000/304/125/00000/FA516197-A5A4-E711-9C99-02163E0133DF.root [1360,1364,1363,1365,1361,1362]
/store/data/Run2017E/ZeroBias/RAW/v1/000/304/125/00000/FA64E312-68A4-E711-819B-02163E0145B6.root [231,230,232,229]
/store/data/Run2017E/ZeroBias/RAW/v1/000/304/125/00000/FAE893C0-8FA4-E711-A133-02163E0144E0.root [957,958,955,956,954]
/store/data/Run2017E/ZeroBias/RAW/v1/000/304/125/00000/FCDC4339-B2A4-E711-B6DC-02163E019BE4.root [1596,1597,1593,1599,1594,1595,1598]
/store/data/Run2017E/ZeroBias/RAW/v1/000/304/125/00000/FE01F6EF-9AA4-E711-9A0C-02163E01A20E.root [1166,1163,1162,1164,1167,1165]
/store/data/Run2017E/ZeroBias/RAW/v1/000/304/125/00000/FE3C9CCC-64A4-E711-929D-02163E01475B.root [166,167,165,164]
/store/data/Run2017E/ZeroBias/RAW/v1/000/304/125/00000/FE87FA2A-62A4-E711-8CD4-02163E0139C7.root [110,109,111]
