/store/data/Run2018D/MET/RAW/v1/000/320/822/00000/06FE145F-9297-E811-B9AA-02163E013BD5.root [37,35,36]
/store/data/Run2018D/MET/RAW/v1/000/320/822/00000/086AE104-9E97-E811-9A6F-02163E016482.root [336,334,337,333,335]
/store/data/Run2018D/MET/RAW/v1/000/320/822/00000/08885EAD-9B97-E811-933F-02163E01A01E.root [112,113,114,115]
/store/data/Run2018D/MET/RAW/v1/000/320/822/00000/0A7C8B0A-9E97-E811-B9CA-FA163ECFF8BE.root [353,356,357,354,358,355]
/store/data/Run2018D/MET/RAW/v1/000/320/822/00000/0E5CABEA-9B97-E811-B8C8-FA163ED2A73C.root [152,153,154,155]
/store/data/Run2018D/MET/RAW/v1/000/320/822/00000/0E5FEA89-AB97-E811-8B2D-FA163EF17D83.root [513,510,515,511,512,514]
/store/data/Run2018D/MET/RAW/v1/000/320/822/00000/10EE50AC-9B97-E811-855A-02163E01A024.root [147,146,144,145]
/store/data/Run2018D/MET/RAW/v1/000/320/822/00000/124A45EA-9297-E811-9204-FA163E3637B6.root [80,83,81,82]
/store/data/Run2018D/MET/RAW/v1/000/320/822/00000/1266C04A-AA97-E811-B860-02163E01A06F.root [466,463,465,462,464,467]
/store/data/Run2018D/MET/RAW/v1/000/320/822/00000/141D9E77-9197-E811-B1A9-FA163E9C495B.root [65,64,63]
/store/data/Run2018D/MET/RAW/v1/000/320/822/00000/14611F25-AB97-E811-8F4D-FA163EB02DCD.root [478,475,476,474,479,477]
/store/data/Run2018D/MET/RAW/v1/000/320/822/00000/14AB2C51-AA97-E811-B6AF-02163E01A93F.root [487,486,488,490,489,491]
/store/data/Run2018D/MET/RAW/v1/000/320/822/00000/14E1841C-9C97-E811-A0DF-FA163E5BE9EA.root [159,158,157,156]
/store/data/Run2018D/MET/RAW/v1/000/320/822/00000/1AB64719-A297-E811-9BE5-FA163E35C9D6.root [415,411,412,414,410,413]
/store/data/Run2018D/MET/RAW/v1/000/320/822/00000/1AE826EA-9297-E811-B4A1-FA163EE347FC.root [94,95,93,92]
/store/data/Run2018D/MET/RAW/v1/000/320/822/00000/1E202603-9E97-E811-AF71-FA163ED0943D.root [244,243,246,247,245]
/store/data/Run2018D/MET/RAW/v1/000/320/822/00000/1E27CC47-A297-E811-9CC7-FA163EE02984.root [432,430,431,427,428,429]
/store/data/Run2018D/MET/RAW/v1/000/320/822/00000/24C07BFD-9D97-E811-A1B4-02163E019F7C.root [321,322,318,319,320]
/store/data/Run2018D/MET/RAW/v1/000/320/822/00000/26E89D8B-9B97-E811-8D09-A4BF012CBA4C.root [117,116,118,119]
/store/data/Run2018D/MET/RAW/v1/000/320/822/00000/26EA5B94-9B97-E811-B1A2-FA163E20B992.root [160,163,161,162]
/store/data/Run2018D/MET/RAW/v1/000/320/822/00000/2C32E8AA-9B97-E811-BBE4-FA163E5FB71B.root [230,231,232,233]
/store/data/Run2018D/MET/RAW/v1/000/320/822/00000/2E05A110-9E97-E811-B81D-02163E019FF7.root [302,300,298,299,301]
/store/data/Run2018D/MET/RAW/v1/000/320/822/00000/30A53762-9197-E811-9136-FA163EEAACDE.root [46,44,45]
/store/data/Run2018D/MET/RAW/v1/000/320/822/00000/344ECF2E-9E97-E811-82C5-02163E019FB4.root [239,240,242,241]
/store/data/Run2018D/MET/RAW/v1/000/320/822/00000/36466071-8A97-E811-8E7C-FA163E299089.root [15,13,14]
/store/data/Run2018D/MET/RAW/v1/000/320/822/00000/36EAC71F-9E97-E811-83FD-FA163E72FA9F.root [252,255,253,254,256]
/store/data/Run2018D/MET/RAW/v1/000/320/822/00000/3862360B-A297-E811-8C96-FA163EECD9DC.root [409,406,404,405,408,407]
/store/data/Run2018D/MET/RAW/v1/000/320/822/00000/38AD1A92-9B97-E811-86AA-FA163EF4913C.root [137,139,136,138]
/store/data/Run2018D/MET/RAW/v1/000/320/822/00000/3C01544C-AA97-E811-8B33-FA163E635606.root [506,504,505,508,507,509]
/store/data/Run2018D/MET/RAW/v1/000/320/822/00000/3E63B699-9B97-E811-9227-FA163E23FE9C.root [151,148,149,150]
/store/data/Run2018D/MET/RAW/v1/000/320/822/00000/4ABED18A-9B97-E811-920C-FA163E425219.root [169,171,168,170]
/store/data/Run2018D/MET/RAW/v1/000/320/822/00000/503A3F4B-A097-E811-9E3A-FA163EC7A03B.root [389,390,388,391,386,387]
/store/data/Run2018D/MET/RAW/v1/000/320/822/00000/5045BA97-9B97-E811-B167-FA163ECFF8BE.root [140,142,143,141]
/store/data/Run2018D/MET/RAW/v1/000/320/822/00000/50E531A8-9B97-E811-94A9-FA163E722DED.root [181,182,180,183]
/store/data/Run2018D/MET/RAW/v1/000/320/822/00000/523521B7-9B97-E811-AEE4-FA163EDE4F34.root [110,111,108,109]
/store/data/Run2018D/MET/RAW/v1/000/320/822/00000/52B260D7-9197-E811-9EB7-02163E01A12E.root [41,43,42]
/store/data/Run2018D/MET/RAW/v1/000/320/822/00000/560EB947-AA97-E811-BD51-FA163ED3FFC7.root [473,470,468,469,472,471]
/store/data/Run2018D/MET/RAW/v1/000/320/822/00000/583F7C30-9E97-E811-8DB4-FA163EEB8199.root [352,350,349,348,351]
/store/data/Run2018D/MET/RAW/v1/000/320/822/00000/5E4A36C7-9197-E811-A07F-FA163EC4D207.root [33,32,34]
/store/data/Run2018D/MET/RAW/v1/000/320/822/00000/6034B872-9197-E811-B5AB-FA163E8CA755.root [56,57,58]
/store/data/Run2018D/MET/RAW/v1/000/320/822/00000/6097C3CF-9397-E811-A8E7-02163E01A93F.root [87,84,85,86]
/store/data/Run2018D/MET/RAW/v1/000/320/822/00000/60E60294-9B97-E811-BEBD-FA163EE94631.root [194,192,196,193,195]
/store/data/Run2018D/MET/RAW/v1/000/320/822/00000/62125864-A297-E811-818B-02163E01A06F.root [416,417,421,418,419,420]
/store/data/Run2018D/MET/RAW/v1/000/320/822/00000/627E2865-9C97-E811-A28B-FA163E1DCB20.root [107,104,105,106]
/store/data/Run2018D/MET/RAW/v1/000/320/822/00000/62B26849-8A97-E811-B2CE-FA163EA21B5C.root [12,11,10]
/store/data/Run2018D/MET/RAW/v1/000/320/822/00000/6C4B4DF5-9297-E811-A904-FA163E1C7F6E.root [77,79,78]
/store/data/Run2018D/MET/RAW/v1/000/320/822/00000/6CBD9A55-AA97-E811-869F-FA163E355512.root [499,502,503,498,501,500]
/store/data/Run2018D/MET/RAW/v1/000/320/822/00000/6CE75B88-9B97-E811-983B-FA163E902736.root [219,218,217,220]
/store/data/Run2018D/MET/RAW/v1/000/320/822/00000/6E33F84D-9197-E811-978F-FA163EB2E120.root [27,26,28]
/store/data/Run2018D/MET/RAW/v1/000/320/822/00000/704124FB-9D97-E811-A9CA-FA163E200A7F.root [340,338,341,342,339]
/store/data/Run2018D/MET/RAW/v1/000/320/822/00000/788101FE-9D97-E811-B0D6-FA163EE36261.root [278,279,282,281,280]
/store/data/Run2018D/MET/RAW/v1/000/320/822/00000/7C1C353B-9397-E811-88AF-FA163E65AFAC.root [96,97,99,98]
/store/data/Run2018D/MET/RAW/v1/000/320/822/00000/7C9DDFC5-9B97-E811-9F4A-FA163E2149D4.root [199,198,197,200]
/store/data/Run2018D/MET/RAW/v1/000/320/822/00000/7E52D2A8-9197-E811-A71F-FA163ECFF8BE.root [54,53,55]
/store/data/Run2018D/MET/RAW/v1/000/320/822/00000/7ECA0AA5-A897-E811-88F5-02163E01A063.root [454,455,452,450,451,453]
/store/data/Run2018D/MET/RAW/v1/000/320/822/00000/80465463-9197-E811-9D91-FA163E7FD764.root [48,47,49]
/store/data/Run2018D/MET/RAW/v1/000/320/822/00000/80A94C58-9197-E811-A7BD-FA163EAA69FF.root [40,38,39]
/store/data/Run2018D/MET/RAW/v1/000/320/822/00000/80FBC4A6-9B97-E811-85C8-02163E019FB4.root [213,214,216,215]
/store/data/Run2018D/MET/RAW/v1/000/320/822/00000/8633CFDE-8997-E811-9B0D-FA163EA8758B.root [5,6,4]
/store/data/Run2018D/MET/RAW/v1/000/320/822/00000/8659C541-AB97-E811-826F-FA163EF7767E.root [521,516,519,522,518,520,517]
/store/data/Run2018D/MET/RAW/v1/000/320/822/00000/867BD0E6-9297-E811-8549-FA163E47622D.root [88,90,89,91]
/store/data/Run2018D/MET/RAW/v1/000/320/822/00000/86D0AEC5-8A97-E811-97FE-FA163EBC0B5E.root [16,17,18]
/store/data/Run2018D/MET/RAW/v1/000/320/822/00000/88ACFC1C-9E97-E811-A411-FA163E35213F.root [285,287,286,283,284]
/store/data/Run2018D/MET/RAW/v1/000/320/822/00000/8AE8229D-AA97-E811-9920-02163E01A130.root [481,484,482,485,480,483]
/store/data/Run2018D/MET/RAW/v1/000/320/822/00000/8E087001-9E97-E811-A115-02163E019EDB.root [293,297,296,294,295]
/store/data/Run2018D/MET/RAW/v1/000/320/822/00000/921FC6B0-9B97-E811-B79C-FA163EF2167E.root [125,124,126,127]
/store/data/Run2018D/MET/RAW/v1/000/320/822/00000/925B5402-9E97-E811-AFBA-FA163E841164.root [263,264,265,262,266]
/store/data/Run2018D/MET/RAW/v1/000/320/822/00000/926F4B9A-9B97-E811-B2CA-FA163E52BDE2.root [221,223,225,222,224]
/store/data/Run2018D/MET/RAW/v1/000/320/822/00000/96A7D602-9E97-E811-99A1-FA163E781AFF.root [309,308,312,310,311]
/store/data/Run2018D/MET/RAW/v1/000/320/822/00000/9800115E-9E97-E811-88D2-FA163EF6F61C.root [344,346,343,347,345]
/store/data/Run2018D/MET/RAW/v1/000/320/822/00000/9A7354FC-A197-E811-9494-FA163E903960.root [424,423,425,422,426]
/store/data/Run2018D/MET/RAW/v1/000/320/822/00000/9A8BF3FD-9D97-E811-B51F-FA163EE6286A.root [306,304,305,307,303]
/store/data/Run2018D/MET/RAW/v1/000/320/822/00000/9AB00D30-AA97-E811-8234-FA163E1A125C.root [457,456,459,460,458,461]
/store/data/Run2018D/MET/RAW/v1/000/320/822/00000/9E0BF188-9B97-E811-AEE7-FA163EE7B33A.root [204,202,201,203]
/store/data/Run2018D/MET/RAW/v1/000/320/822/00000/9ED892B5-9B97-E811-83AC-FA163E0B5F3C.root [166,164,167,165]
/store/data/Run2018D/MET/RAW/v1/000/320/822/00000/9EDF6298-9B97-E811-B3B2-FA163EE49D4F.root [184,185,186,187]
/store/data/Run2018D/MET/RAW/v1/000/320/822/00000/A6BF7A75-9197-E811-AF82-FA163E2C305A.root [59,62,60,61]
/store/data/Run2018D/MET/RAW/v1/000/320/822/00000/AA71896C-8A97-E811-AED9-FA163E040FFC.root [19,20,22,21]
/store/data/Run2018D/MET/RAW/v1/000/320/822/00000/AAE6E92D-9E97-E811-BF2A-FA163EBD45C0.root [376,379,377,378,380,375]
/store/data/Run2018D/MET/RAW/v1/000/320/822/00000/AC33D3C2-9E97-E811-AABA-02163E013AC7.root [316,313,314,315,317]
/store/data/Run2018D/MET/RAW/v1/000/320/822/00000/ACC10BFD-9D97-E811-AAE5-FA163E89B277.root [289,290,288,291,292]
/store/data/Run2018D/MET/RAW/v1/000/320/822/00000/ACC567FD-A197-E811-B334-FA163E902736.root [398,401,402,403,399,400]
/store/data/Run2018D/MET/RAW/v1/000/320/822/00000/AEE97F13-9E97-E811-B100-FA163E884E0D.root [372,370,369,374,373,371]
/store/data/Run2018D/MET/RAW/v1/000/320/822/00000/B00C44C5-A897-E811-B387-FA163EC12B96.root [445,444,449,446,448,447]
/store/data/Run2018D/MET/RAW/v1/000/320/822/00000/B833B5D8-9F97-E811-A560-FA163E4FE3C7.root [395,397,396,393,394,392]
/store/data/Run2018D/MET/RAW/v1/000/320/822/00000/B83ECF01-9397-E811-9B25-02163E01A0FB.root [75,76,74]
/store/data/Run2018D/MET/RAW/v1/000/320/822/00000/BC894103-9E97-E811-B21A-FA163E38655C.root [276,273,277,274,275]
/store/data/Run2018D/MET/RAW/v1/000/320/822/00000/C0A8B903-9E97-E811-B938-FA163EB1CCFA.root [365,366,367,364,368]
/store/data/Run2018D/MET/RAW/v1/000/320/822/00000/C0DACF8B-9B97-E811-9065-02163E019F7C.root [211,210,209,212]
/store/data/Run2018D/MET/RAW/v1/000/320/822/00000/C404D7A1-9B97-E811-BE3E-FA163E8CA755.root [178,176,177,179]
/store/data/Run2018D/MET/RAW/v1/000/320/822/00000/C493DA07-9E97-E811-84E1-02163E019ECE.root [324,323,327,325,326]
/store/data/Run2018D/MET/RAW/v1/000/320/822/00000/C6BFDBB9-9E97-E811-AA0D-FA163E47CB82.root [248,249,250,251]
/store/data/Run2018D/MET/RAW/v1/000/320/822/00000/C802D40A-A297-E811-A92A-FA163EFA3988.root [434,437,433,435,436,438]
/store/data/Run2018D/MET/RAW/v1/000/320/822/00000/CADD1F7F-8C97-E811-A31D-02163E019FBE.root [23,24,25]
/store/data/Run2018D/MET/RAW/v1/000/320/822/00000/CE54C0FC-9D97-E811-B906-FA163E5F04DA.root [362,360,361,363,359]
/store/data/Run2018D/MET/RAW/v1/000/320/822/00000/D01EBFFA-9D97-E811-98A4-FA163E2E4484.root [328,331,329,330,332]
/store/data/Run2018D/MET/RAW/v1/000/320/822/00000/D0458404-9E97-E811-976D-FA163E6AB424.root [234,236,235,237,238]
/store/data/Run2018D/MET/RAW/v1/000/320/822/00000/D2E99408-8997-E811-B65C-FA163ECC2ECB.root [1,2,3]
/store/data/Run2018D/MET/RAW/v1/000/320/822/00000/DC3D145A-AA97-E811-816B-FA163E169DBD.root [495,493,494,492,496,497]
/store/data/Run2018D/MET/RAW/v1/000/320/822/00000/DE7FE594-9B97-E811-983B-FA163E6D201E.root [188,190,191,189]
/store/data/Run2018D/MET/RAW/v1/000/320/822/00000/E04024F1-9297-E811-BA4A-FA163EBDA549.root [72,73,71,70]
/store/data/Run2018D/MET/RAW/v1/000/320/822/00000/E0F08AFA-9F97-E811-9D19-02163E015C69.root [385,383,382,381,384]
/store/data/Run2018D/MET/RAW/v1/000/320/822/00000/E45528AC-9C97-E811-90E2-02163E013A37.root [227,226,228,229]
/store/data/Run2018D/MET/RAW/v1/000/320/822/00000/E4611DAE-A897-E811-8B58-FA163EB4D5EF.root [443,440,442,441,439]
/store/data/Run2018D/MET/RAW/v1/000/320/822/00000/E48D0CEF-9297-E811-A96B-02163E01A068.root [102,101,103,100]
/store/data/Run2018D/MET/RAW/v1/000/320/822/00000/E6A1E84B-8A97-E811-80B7-FA163E006575.root [9,7,8]
/store/data/Run2018D/MET/RAW/v1/000/320/822/00000/E806E4CD-9B97-E811-AC43-02163E01A068.root [207,206,205,208]
/store/data/Run2018D/MET/RAW/v1/000/320/822/00000/EA7A13A1-9B97-E811-808C-FA163EB8644D.root [132,133,134,135]
/store/data/Run2018D/MET/RAW/v1/000/320/822/00000/EC40FA0D-9E97-E811-A8F9-02163E01A045.root [257,261,258,259,260]
/store/data/Run2018D/MET/RAW/v1/000/320/822/00000/ECCB9C6A-9197-E811-92FA-FA163EAB70E0.root [50,52,51]
/store/data/Run2018D/MET/RAW/v1/000/320/822/00000/F0354590-9B97-E811-8DFB-FA163EF745C8.root [175,174,172,173]
/store/data/Run2018D/MET/RAW/v1/000/320/822/00000/F0FA8DE6-9B97-E811-8DF5-02163E01A07A.root [120,122,123,121]
/store/data/Run2018D/MET/RAW/v1/000/320/822/00000/F25887E1-9297-E811-A347-FA163E51FCF2.root [68,67,69,66]
/store/data/Run2018D/MET/RAW/v1/000/320/822/00000/F4D3FFBF-9B97-E811-B8DB-02163E010C3C.root [129,130,131,128]
/store/data/Run2018D/MET/RAW/v1/000/320/822/00000/F80D1FFC-9D97-E811-B0EF-FA163E931A33.root [268,270,271,267,269,272]
/store/data/Run2018D/MET/RAW/v1/000/320/822/00000/FC5CF25F-9197-E811-AC42-FA163E5F04DA.root [30,29,31]
