/store/data/Run2017F/DoubleMuon/RAW/v1/000/305/064/00000/00194E44-1EB1-E711-B5EA-02163E012953.root [578,575,576,577]
/store/data/Run2017F/DoubleMuon/RAW/v1/000/305/064/00000/004B665D-1AB1-E711-8EFC-02163E01A3B1.root [518,520,519,521]
/store/data/Run2017F/DoubleMuon/RAW/v1/000/305/064/00000/00D459A1-18B1-E711-991D-02163E019D0A.root [273,272,274]
/store/data/Run2017F/DoubleMuon/RAW/v1/000/305/064/00000/0210DA19-0AB1-E711-98A9-02163E0137EA.root [81,79,80]
/store/data/Run2017F/DoubleMuon/RAW/v1/000/305/064/00000/02B7DF8F-19B1-E711-9FDB-02163E01A613.root [457,460,458,459]
/store/data/Run2017F/DoubleMuon/RAW/v1/000/305/064/00000/02EB36B3-88B1-E711-85A8-02163E01A33F.root [1282,1277,1279,1280,1276,1281,1278,1283]
/store/data/Run2017F/DoubleMuon/RAW/v1/000/305/064/00000/048BDCB1-74B1-E711-B272-02163E01259A.root [835,830,831,832,833,834]
/store/data/Run2017F/DoubleMuon/RAW/v1/000/305/064/00000/061CBCEB-18B1-E711-89ED-02163E01A496.root [325,326,324]
/store/data/Run2017F/DoubleMuon/RAW/v1/000/305/064/00000/06CE9063-88B1-E711-97F8-02163E019D9B.root [1029,1027,1026,1028,1030,1031]
/store/data/Run2017F/DoubleMuon/RAW/v1/000/305/064/00000/06D380E8-09B1-E711-AE3A-02163E013399.root [68,69,67]
/store/data/Run2017F/DoubleMuon/RAW/v1/000/305/064/00000/085F8AD1-74B1-E711-8A92-02163E01A420.root [765,768,770,766,767,769]
/store/data/Run2017F/DoubleMuon/RAW/v1/000/305/064/00000/0A05026C-88B1-E711-8976-02163E01A36B.root [1252,1254,1253,1257,1258,1259,1256,1255]
/store/data/Run2017F/DoubleMuon/RAW/v1/000/305/064/00000/0ABE156D-88B1-E711-8E3E-02163E0126C7.root [1922,1927,1921,1926,1923,1924,1925,1929,1928,1920]
/store/data/Run2017F/DoubleMuon/RAW/v1/000/305/064/00000/0E039068-88B1-E711-873D-02163E01A512.root [1347,1342,1346,1348,1349,1343,1344,1345]
/store/data/Run2017F/DoubleMuon/RAW/v1/000/305/064/00000/0E64B9A1-88B1-E711-8711-02163E019B37.root [1388,1395,1386,1393,1389,1390,1391,1392,1387,1394]
/store/data/Run2017F/DoubleMuon/RAW/v1/000/305/064/00000/0E72AA70-88B1-E711-8249-02163E0143FD.root [1366,1369,1370,1371,1368,1375,1372,1367,1373,1374]
/store/data/Run2017F/DoubleMuon/RAW/v1/000/305/064/00000/0EA75B9A-19B1-E711-AE35-02163E01445D.root [450,452,449,451]
/store/data/Run2017F/DoubleMuon/RAW/v1/000/305/064/00000/1056F239-19B1-E711-8FDE-02163E011C5E.root [430,431,432,429]
/store/data/Run2017F/DoubleMuon/RAW/v1/000/305/064/00000/1091BFB9-18B1-E711-A620-02163E014280.root [382,383,381,384]
/store/data/Run2017F/DoubleMuon/RAW/v1/000/305/064/00000/10DDC4A3-0AB1-E711-811C-02163E011A12.root [160,159,158]
/store/data/Run2017F/DoubleMuon/RAW/v1/000/305/064/00000/124D3A7D-21B1-E711-B73D-02163E01A3B3.root [638,637,640,636,639]
/store/data/Run2017F/DoubleMuon/RAW/v1/000/305/064/00000/1262E36B-88B1-E711-8CD1-02163E019E0F.root [1105,1104,1102,1103,1107,1106]
/store/data/Run2017F/DoubleMuon/RAW/v1/000/305/064/00000/12DDD7A7-0AB1-E711-84B7-02163E019B83.root [185,186,187]
/store/data/Run2017F/DoubleMuon/RAW/v1/000/305/064/00000/12F7E065-74B1-E711-B22A-02163E01A329.root [665,669,666,667,668]
/store/data/Run2017F/DoubleMuon/RAW/v1/000/305/064/00000/14AC9565-04B1-E711-9AE7-02163E011B34.root [50,49,51]
/store/data/Run2017F/DoubleMuon/RAW/v1/000/305/064/00000/14E2F383-74B1-E711-ACF8-02163E013744.root [885,887,883,884,888,886]
/store/data/Run2017F/DoubleMuon/RAW/v1/000/305/064/00000/162E4369-0BB1-E711-B1D2-02163E014525.root [171,170,172]
/store/data/Run2017F/DoubleMuon/RAW/v1/000/305/064/00000/16F38D73-19B1-E711-BC70-02163E0146C1.root [401,402,403,404]
/store/data/Run2017F/DoubleMuon/RAW/v1/000/305/064/00000/18269852-19B1-E711-8E37-02163E01362E.root [492,493,491,490]
/store/data/Run2017F/DoubleMuon/RAW/v1/000/305/064/00000/18E3428F-88B1-E711-A12B-02163E01424C.root [1117,1123,1118,1119,1122,1116,1120,1121]
/store/data/Run2017F/DoubleMuon/RAW/v1/000/305/064/00000/1A01A0B4-18B1-E711-871D-02163E014648.root [314,315,313,316]
/store/data/Run2017F/DoubleMuon/RAW/v1/000/305/064/00000/1A8D368B-74B1-E711-BD6A-02163E01375A.root [710,711,713,714,712]
/store/data/Run2017F/DoubleMuon/RAW/v1/000/305/064/00000/1AECBB39-0AB1-E711-87D9-02163E01A39E.root [87,86,85]
/store/data/Run2017F/DoubleMuon/RAW/v1/000/305/064/00000/1C0A8879-88B1-E711-A89E-02163E0143DD.root [1018,1019,1016,1017,1014,1015]
/store/data/Run2017F/DoubleMuon/RAW/v1/000/305/064/00000/1CBA54D0-87B1-E711-AE18-02163E01344A.root [980,978,983,982,979,981]
/store/data/Run2017F/DoubleMuon/RAW/v1/000/305/064/00000/1E02DC13-0AB1-E711-81D5-02163E01A720.root [63,61,62]
/store/data/Run2017F/DoubleMuon/RAW/v1/000/305/064/00000/2069A46D-88B1-E711-B8A2-02163E011C0B.root [991,993,995,990,994,992]
/store/data/Run2017F/DoubleMuon/RAW/v1/000/305/064/00000/209A5969-88B1-E711-9259-02163E019C85.root [1738,1744,1739,1741,1737,1743,1740,1736,1742]
/store/data/Run2017F/DoubleMuon/RAW/v1/000/305/064/00000/209D977D-74B1-E711-89CB-02163E019DC5.root [889,890,892,893,891,894]
/store/data/Run2017F/DoubleMuon/RAW/v1/000/305/064/00000/20A08668-88B1-E711-A878-02163E01A5EF.root [1175,1173,1174,1178,1179,1176,1177,1172]
/store/data/Run2017F/DoubleMuon/RAW/v1/000/305/064/00000/20D84E68-88B1-E711-B686-02163E01A57F.root [1545,1552,1547,1549,1551,1546,1550,1548,1544]
/store/data/Run2017F/DoubleMuon/RAW/v1/000/305/064/00000/20FF525D-18B1-E711-8AC7-02163E0138BE.root [208,206,207]
/store/data/Run2017F/DoubleMuon/RAW/v1/000/305/064/00000/2227A477-0AB1-E711-9799-02163E0142BB.root [119,118,120]
/store/data/Run2017F/DoubleMuon/RAW/v1/000/305/064/00000/240ED207-04B1-E711-89DD-02163E0138F9.root [14,16,15]
/store/data/Run2017F/DoubleMuon/RAW/v1/000/305/064/00000/24884A77-88B1-E711-9D7A-02163E013553.root [1246,1247,1249,1250,1251,1244,1245,1248]
/store/data/Run2017F/DoubleMuon/RAW/v1/000/305/064/00000/249994D7-1DB1-E711-AB3D-02163E0145C0.root [587,584,586,583,585]
/store/data/Run2017F/DoubleMuon/RAW/v1/000/305/064/00000/24ED770C-75B1-E711-BE26-02163E019CE1.root [856,859,857,858,854,855]
/store/data/Run2017F/DoubleMuon/RAW/v1/000/305/064/00000/26BF35EB-1DB1-E711-86DE-02163E012841.root [562,561,559,560]
/store/data/Run2017F/DoubleMuon/RAW/v1/000/305/064/00000/281D3AAD-1AB1-E711-8774-02163E01A5E8.root [532,530,531,533]
/store/data/Run2017F/DoubleMuon/RAW/v1/000/305/064/00000/28E96E7F-88B1-E711-BDC9-02163E011B3F.root [1572,1576,1578,1577,1571,1575,1573,1574,1579]
/store/data/Run2017F/DoubleMuon/RAW/v1/000/305/064/00000/2A618391-74B1-E711-9539-02163E01A3C4.root [695,697,699,696,698]
/store/data/Run2017F/DoubleMuon/RAW/v1/000/305/064/00000/2C52298D-21B1-E711-B419-02163E013758.root [641,644,643,645,642]
/store/data/Run2017F/DoubleMuon/RAW/v1/000/305/064/00000/2C96FF8D-88B1-E711-8CBC-02163E011FF1.root [1606,1599,1600,1605,1602,1601,1603,1604,1598]
/store/data/Run2017F/DoubleMuon/RAW/v1/000/305/064/00000/2E83B4E6-18B1-E711-B94E-02163E01A708.root [391,390,389,392]
/store/data/Run2017F/DoubleMuon/RAW/v1/000/305/064/00000/2E89F4D7-09B1-E711-9D66-02163E013902.root [84,82,83]
/store/data/Run2017F/DoubleMuon/RAW/v1/000/305/064/00000/30011C34-89B1-E711-A9D8-02163E0139D6.root [1231,1228,1232,1229,1230,1233,1235,1234]
/store/data/Run2017F/DoubleMuon/RAW/v1/000/305/064/00000/30290DD7-09B1-E711-B7F7-02163E0145FF.root [72,70,71]
/store/data/Run2017F/DoubleMuon/RAW/v1/000/305/064/00000/327EF6C1-88B1-E711-A315-02163E011B27.root [1777,1768,1772,1776,1766,1770,1767,1769,1775,1773,1771,1774]
/store/data/Run2017F/DoubleMuon/RAW/v1/000/305/064/00000/328B0D71-88B1-E711-B9A7-02163E01213A.root [1708,1711,1709,1710,1712,1706,1707,1714,1713]
/store/data/Run2017F/DoubleMuon/RAW/v1/000/305/064/00000/32CA9AAB-18B1-E711-A4D2-02163E01362E.root [323,321,322]
/store/data/Run2017F/DoubleMuon/RAW/v1/000/305/064/00000/3454FF72-88B1-E711-BD37-02163E0142AF.root [1666,1663,1667,1664,1669,1665,1661,1662,1668]
/store/data/Run2017F/DoubleMuon/RAW/v1/000/305/064/00000/34672AD5-1AB1-E711-B6AC-02163E014148.root [529,527,528,526]
/store/data/Run2017F/DoubleMuon/RAW/v1/000/305/064/00000/34E34A75-88B1-E711-969D-02163E019E12.root [1653,1659,1656,1658,1652,1660,1655,1654,1657]
/store/data/Run2017F/DoubleMuon/RAW/v1/000/305/064/00000/3625D5EE-18B1-E711-8C6E-02163E019B56.root [305,303,306,304]
/store/data/Run2017F/DoubleMuon/RAW/v1/000/305/064/00000/366E4269-88B1-E711-BE30-02163E0143F3.root [1038,1040,1039,1042,1041,1043]
/store/data/Run2017F/DoubleMuon/RAW/v1/000/305/064/00000/366EC66C-88B1-E711-8B27-02163E0126BD.root [1009,1008,1013,1010,1011,1012]
/store/data/Run2017F/DoubleMuon/RAW/v1/000/305/064/00000/3694528D-88B1-E711-A096-02163E01A227.root [1629,1625,1631,1626,1627,1630,1632,1628,1633]
/store/data/Run2017F/DoubleMuon/RAW/v1/000/305/064/00000/36BE2C43-1AB1-E711-ABBE-02163E019DC2.root [522,524,523,525]
/store/data/Run2017F/DoubleMuon/RAW/v1/000/305/064/00000/383A8771-18B1-E711-ACAB-02163E012257.root [245,246,247]
/store/data/Run2017F/DoubleMuon/RAW/v1/000/305/064/00000/3A00D37E-88B1-E711-BDA1-02163E01A753.root [1624,1617,1621,1623,1622,1618,1619,1616,1620]
/store/data/Run2017F/DoubleMuon/RAW/v1/000/305/064/00000/3AD7CAF2-09B1-E711-ABAB-02163E019C1A.root [74,75,73]
/store/data/Run2017F/DoubleMuon/RAW/v1/000/305/064/00000/3AFD2368-88B1-E711-9819-02163E01A3C8.root [1532,1533,1526,1530,1527,1528,1531,1534,1529]
/store/data/Run2017F/DoubleMuon/RAW/v1/000/305/064/00000/3C9DD2ED-20B1-E711-92E9-02163E012700.root [628,630,629,627]
/store/data/Run2017F/DoubleMuon/RAW/v1/000/305/064/00000/3CB655EA-0AB1-E711-8BE8-02163E019C3E.root [143,145,144]
/store/data/Run2017F/DoubleMuon/RAW/v1/000/305/064/00000/3E24068D-88B1-E711-9CE5-02163E019B89.root [1219,1213,1214,1212,1218,1215,1216,1217]
/store/data/Run2017F/DoubleMuon/RAW/v1/000/305/064/00000/400B0913-21B1-E711-836E-02163E01A6FD.root [626,624,623,625,622]
/store/data/Run2017F/DoubleMuon/RAW/v1/000/305/064/00000/403D347B-88B1-E711-890B-02163E019E56.root [1142,1141,1140,1143,1147,1144,1145,1146]
/store/data/Run2017F/DoubleMuon/RAW/v1/000/305/064/00000/40B7453A-75B1-E711-A815-02163E0141E1.root [937,936,940,941,939,938]
/store/data/Run2017F/DoubleMuon/RAW/v1/000/305/064/00000/425E4C14-19B1-E711-9850-02163E014245.root [309,307,308]
/store/data/Run2017F/DoubleMuon/RAW/v1/000/305/064/00000/428CA87F-19B1-E711-8B9D-02163E01A20D.root [443,441,444,442]
/store/data/Run2017F/DoubleMuon/RAW/v1/000/305/064/00000/42A88842-19B1-E711-9CE8-02163E0146BB.root [288,289,290]
/store/data/Run2017F/DoubleMuon/RAW/v1/000/305/064/00000/42EAA57D-88B1-E711-9FA5-02163E011E6F.root [2007,2009,2010,2013,2011,2003,2004,2005,2006,2008,2002,2012]
/store/data/Run2017F/DoubleMuon/RAW/v1/000/305/064/00000/44521806-0BB1-E711-8410-02163E01A1E4.root [179,180,181]
/store/data/Run2017F/DoubleMuon/RAW/v1/000/305/064/00000/44AE59FC-03B1-E711-9725-02163E01A36B.root [34,35,36]
/store/data/Run2017F/DoubleMuon/RAW/v1/000/305/064/00000/461FC06B-88B1-E711-BE6E-02163E019B9E.root [1302,1301,1307,1300,1303,1305,1308,1306,1309,1304]
/store/data/Run2017F/DoubleMuon/RAW/v1/000/305/064/00000/468A74CB-18B1-E711-A6C8-02163E0140F7.root [293,292,291]
/store/data/Run2017F/DoubleMuon/RAW/v1/000/305/064/00000/488D5DA9-88B1-E711-B93C-02163E0145B9.root [1644,1650,1645,1643,1646,1648,1647,1649,1651]
/store/data/Run2017F/DoubleMuon/RAW/v1/000/305/064/00000/488EFC6D-88B1-E711-AE77-02163E019C00.root [1699,1704,1702,1698,1700,1697,1705,1701,1703]
/store/data/Run2017F/DoubleMuon/RAW/v1/000/305/064/00000/4A11AE1A-19B1-E711-BEC9-02163E013746.root [414,415,416,413]
/store/data/Run2017F/DoubleMuon/RAW/v1/000/305/064/00000/4ADEEE6C-18B1-E711-99D5-02163E01A444.root [232,234,235,233]
/store/data/Run2017F/DoubleMuon/RAW/v1/000/305/064/00000/4C7298AA-18B1-E711-8FD1-02163E019DC2.root [347,350,349,348]
/store/data/Run2017F/DoubleMuon/RAW/v1/000/305/064/00000/4CBBCD66-88B1-E711-907D-02163E01A30E.root [1492,1498,1495,1497,1490,1496,1494,1493,1491]
/store/data/Run2017F/DoubleMuon/RAW/v1/000/305/064/00000/4CC0901C-FCB0-E711-B63A-02163E0142DA.root [1,2]
/store/data/Run2017F/DoubleMuon/RAW/v1/000/305/064/00000/4EB2C6D0-09B1-E711-9BBF-02163E0135C8.root [76,77,78]
/store/data/Run2017F/DoubleMuon/RAW/v1/000/305/064/00000/4EC14366-88B1-E711-8786-02163E01A6FF.root [1725,1727,1734,1729,1730,1728,1724,1731,1726,1733,1732,1735]
/store/data/Run2017F/DoubleMuon/RAW/v1/000/305/064/00000/50235A75-18B1-E711-B40E-02163E011FCB.root [256,254,255]
/store/data/Run2017F/DoubleMuon/RAW/v1/000/305/064/00000/504A5AEC-88B1-E711-958D-02163E01250C.root [1445,1453,1448,1452,1450,1446,1447,1451,1444,1449]
/store/data/Run2017F/DoubleMuon/RAW/v1/000/305/064/00000/50747769-74B1-E711-A5B5-02163E011B4C.root [673,674,670,671,672]
/store/data/Run2017F/DoubleMuon/RAW/v1/000/305/064/00000/509B00ED-18B1-E711-8138-02163E011E40.root [286,287,285]
/store/data/Run2017F/DoubleMuon/RAW/v1/000/305/064/00000/50B062A3-18B1-E711-92D1-02163E019E23.root [236,237,238]
/store/data/Run2017F/DoubleMuon/RAW/v1/000/305/064/00000/50FC311F-04B1-E711-B1F7-02163E019BE0.root [18,17]
/store/data/Run2017F/DoubleMuon/RAW/v1/000/305/064/00000/521F54CB-74B1-E711-9C1F-02163E01A2E6.root [872,873,875,876,874,877]
/store/data/Run2017F/DoubleMuon/RAW/v1/000/305/064/00000/526521D3-FFB0-E711-B09D-02163E019B40.root [7,6]
/store/data/Run2017F/DoubleMuon/RAW/v1/000/305/064/00000/52BBC19E-74B1-E711-920F-02163E011940.root [800,802,803,805,801,804]
/store/data/Run2017F/DoubleMuon/RAW/v1/000/305/064/00000/52C5856C-88B1-E711-B3A8-02163E01250D.root [1693,1691,1689,1694,1696,1688,1690,1692,1695]
/store/data/Run2017F/DoubleMuon/RAW/v1/000/305/064/00000/52F82248-19B1-E711-A142-02163E011940.root [471,470,472,473]
/store/data/Run2017F/DoubleMuon/RAW/v1/000/305/064/00000/52FC0041-75B1-E711-B7CA-02163E011CB2.root [970,967,968,969,971,966]
/store/data/Run2017F/DoubleMuon/RAW/v1/000/305/064/00000/54EFDA4A-0BB1-E711-A3B1-02163E013862.root [192,191,193]
/store/data/Run2017F/DoubleMuon/RAW/v1/000/305/064/00000/5618ED67-88B1-E711-825D-02163E01A6FD.root [1084,1082,1083,1085,1080,1081]
/store/data/Run2017F/DoubleMuon/RAW/v1/000/305/064/00000/56E3F46C-88B1-E711-A87E-02163E01A62E.root [1465,1470,1471,1463,1466,1468,1469,1464,1467]
/store/data/Run2017F/DoubleMuon/RAW/v1/000/305/064/00000/5812F9E1-74B1-E711-9581-02163E013463.root [852,848,849,851,850,853]
/store/data/Run2017F/DoubleMuon/RAW/v1/000/305/064/00000/5834B6B2-88B1-E711-8796-02163E01457C.root [1125,1124,1131,1127,1128,1129,1126,1130]
/store/data/Run2017F/DoubleMuon/RAW/v1/000/305/064/00000/5868D08C-74B1-E711-9438-02163E011FA3.root [720,724,721,723,722]
/store/data/Run2017F/DoubleMuon/RAW/v1/000/305/064/00000/5A1EAF68-75B1-E711-9435-02163E01A5C4.root [917,913,914,916,912,915]
/store/data/Run2017F/DoubleMuon/RAW/v1/000/305/064/00000/5A51EA69-88B1-E711-9344-02163E01A338.root [2053,2055,2036,2038,2039,2040,2033,2044,2046,2047,2050,2052,2035,2048,2032,2041,2043,2049,2051,2034,2037,2042,2054,2045]
/store/data/Run2017F/DoubleMuon/RAW/v1/000/305/064/00000/5AC0987A-19B1-E711-98B1-02163E011C98.root [399,400,398,397]
/store/data/Run2017F/DoubleMuon/RAW/v1/000/305/064/00000/5AEAE282-74B1-E711-8E18-02163E019D5F.root [700,701,702,704,703]
/store/data/Run2017F/DoubleMuon/RAW/v1/000/305/064/00000/5C1EDD75-88B1-E711-98BE-02163E019BC1.root [1184,1180,1182,1185,1181,1187,1183,1186]
/store/data/Run2017F/DoubleMuon/RAW/v1/000/305/064/00000/5CC847A9-04B1-E711-8271-02163E0137BC.root [41,40,42]
/store/data/Run2017F/DoubleMuon/RAW/v1/000/305/064/00000/5E181869-18B1-E711-93CD-02163E01272B.root [218,216,215,217]
/store/data/Run2017F/DoubleMuon/RAW/v1/000/305/064/00000/5E1B617A-88B1-E711-AE48-02163E013473.root [1802,1803,1804,1806,1810,1813,1809,1811,1807,1808,1805,1812]
/store/data/Run2017F/DoubleMuon/RAW/v1/000/305/064/00000/5E24905C-19B1-E711-BDB2-02163E019D66.root [425,426,427,428]
/store/data/Run2017F/DoubleMuon/RAW/v1/000/305/064/00000/5E8D1167-88B1-E711-B723-02163E019CA4.root [1723,1715,1722,1717,1716,1718,1720,1721,1719]
/store/data/Run2017F/DoubleMuon/RAW/v1/000/305/064/00000/5ED10198-0AB1-E711-8D3F-02163E014705.root [135,136,134]
/store/data/Run2017F/DoubleMuon/RAW/v1/000/305/064/00000/5EDFFE3F-75B1-E711-BD98-02163E011C8D.root [934,932,933,935,931,930]
/store/data/Run2017F/DoubleMuon/RAW/v1/000/305/064/00000/604B0CAC-88B1-E711-8CAE-02163E0134AF.root [1501,1503,1502,1505,1500,1499,1504,1506,1507]
/store/data/Run2017F/DoubleMuon/RAW/v1/000/305/064/00000/60543E31-0AB1-E711-B328-02163E01A207.root [94,96,95]
/store/data/Run2017F/DoubleMuon/RAW/v1/000/305/064/00000/627E6E65-88B1-E711-8F61-02163E01A3F4.root [1087,1089,1090,1091,1086,1092,1093,1088]
/store/data/Run2017F/DoubleMuon/RAW/v1/000/305/064/00000/64749E6A-88B1-E711-A0EA-02163E01A46C.root [1398,1396,1400,1401,1404,1399,1402,1405,1403,1397]
/store/data/Run2017F/DoubleMuon/RAW/v1/000/305/064/00000/647F0534-75B1-E711-A27E-02163E01460D.root [924,929,925,926,927,928]
/store/data/Run2017F/DoubleMuon/RAW/v1/000/305/064/00000/64ECF343-19B1-E711-8E96-02163E01A3C8.root [440,437,439,438]
/store/data/Run2017F/DoubleMuon/RAW/v1/000/305/064/00000/6602F9DE-0BB1-E711-955B-02163E01A709.root [198,199,197]
/store/data/Run2017F/DoubleMuon/RAW/v1/000/305/064/00000/662176F9-09B1-E711-87DF-02163E0139B6.root [101,100,102]
/store/data/Run2017F/DoubleMuon/RAW/v1/000/305/064/00000/662CC3D4-03B1-E711-BE1E-02163E013842.root [32,31,33]
/store/data/Run2017F/DoubleMuon/RAW/v1/000/305/064/00000/66D0AA98-18B1-E711-93A3-02163E01A370.root [240,241,239]
/store/data/Run2017F/DoubleMuon/RAW/v1/000/305/064/00000/68366719-19B1-E711-8DEB-02163E011FCB.root [410,411,409,412]
/store/data/Run2017F/DoubleMuon/RAW/v1/000/305/064/00000/6889E578-88B1-E711-A082-02163E011F8E.root [1819,1816,1820,1817,1822,1814,1815,1818,1823,1824,1825,1821]
/store/data/Run2017F/DoubleMuon/RAW/v1/000/305/064/00000/6A3C8CB3-0BB1-E711-87D0-02163E0135FD.root [201,200,202]
/store/data/Run2017F/DoubleMuon/RAW/v1/000/305/064/00000/6A80B552-18B1-E711-A2B4-02163E019C85.root [229,231,230,228]
/store/data/Run2017F/DoubleMuon/RAW/v1/000/305/064/00000/6AD7A3E8-0AB1-E711-A574-02163E01A6D1.root [169,167,168]
/store/data/Run2017F/DoubleMuon/RAW/v1/000/305/064/00000/6C209C68-88B1-E711-B8D0-02163E01A453.root [1058,1057,1060,1059,1061,1056]
/store/data/Run2017F/DoubleMuon/RAW/v1/000/305/064/00000/6C63AE9F-74B1-E711-920E-02163E01258B.root [691,693,694,690,692]
/store/data/Run2017F/DoubleMuon/RAW/v1/000/305/064/00000/6CA3CC64-88B1-E711-A836-02163E019DE2.root [1237,1241,1242,1243,1236,1238,1239,1240]
/store/data/Run2017F/DoubleMuon/RAW/v1/000/305/064/00000/6CCD7940-1CB1-E711-8C27-02163E019DC2.root [538,539,540,541]
/store/data/Run2017F/DoubleMuon/RAW/v1/000/305/064/00000/6E4EE29B-75B1-E711-9B49-02163E01A54B.root [972,973,975,974,976,977]
/store/data/Run2017F/DoubleMuon/RAW/v1/000/305/064/00000/6E9FF3B2-88B1-E711-BBDD-02163E01A6E4.root [1416,1418,1419,1422,1424,1417,1420,1421,1423]
/store/data/Run2017F/DoubleMuon/RAW/v1/000/305/064/00000/6EBE8738-19B1-E711-9B2D-02163E011D29.root [421,422,423,424]
/store/data/Run2017F/DoubleMuon/RAW/v1/000/305/064/00000/6EFF2F80-74B1-E711-8000-02163E014511.root [705,706,707,708,709]
/store/data/Run2017F/DoubleMuon/RAW/v1/000/305/064/00000/707DB3B8-74B1-E711-92C8-02163E013628.root [737,736,735,738,739]
/store/data/Run2017F/DoubleMuon/RAW/v1/000/305/064/00000/70DE3F3B-19B1-E711-A101-02163E01A2C3.root [393,394,395,396]
/store/data/Run2017F/DoubleMuon/RAW/v1/000/305/064/00000/72087140-75B1-E711-8109-02163E01A512.root [902,904,905,903,900,901]
/store/data/Run2017F/DoubleMuon/RAW/v1/000/305/064/00000/728CCACE-18B1-E711-BAD3-02163E012533.root [351,352,353]
/store/data/Run2017F/DoubleMuon/RAW/v1/000/305/064/00000/7296A560-88B1-E711-B881-02163E01A79A.root [1073,1068,1070,1071,1072,1069]
/store/data/Run2017F/DoubleMuon/RAW/v1/000/305/064/00000/74BD4871-88B1-E711-9194-02163E0140E2.root [1285,1286,1288,1291,1287,1289,1290,1284]
/store/data/Run2017F/DoubleMuon/RAW/v1/000/305/064/00000/74E575B5-71B1-E711-8715-02163E019BBC.root [655,659,656,658,657]
/store/data/Run2017F/DoubleMuon/RAW/v1/000/305/064/00000/76A6A83B-19B1-E711-952C-02163E011E3E.root [244,242,243]
/store/data/Run2017F/DoubleMuon/RAW/v1/000/305/064/00000/76BA27F5-0DB1-E711-B2D4-02163E0134A7.root [54,53,52]
/store/data/Run2017F/DoubleMuon/RAW/v1/000/305/064/00000/76DF9751-03B1-E711-9F37-02163E01A4AA.root [8,9]
/store/data/Run2017F/DoubleMuon/RAW/v1/000/305/064/00000/76E075D4-0AB1-E711-A00B-02163E01A2BE.root [154,152,153]
/store/data/Run2017F/DoubleMuon/RAW/v1/000/305/064/00000/78733EB2-74B1-E711-9805-02163E013445.root [838,839,836,841,837,840]
/store/data/Run2017F/DoubleMuon/RAW/v1/000/305/064/00000/7A8DEB66-88B1-E711-9826-02163E019E7E.root [1095,1098,1100,1101,1096,1094,1097,1099]
/store/data/Run2017F/DoubleMuon/RAW/v1/000/305/064/00000/7AB908C5-18B1-E711-9CE4-02163E019B48.root [358,357,359]
/store/data/Run2017F/DoubleMuon/RAW/v1/000/305/064/00000/7C347D58-75B1-E711-A8E2-02163E01451E.root [908,909,911,907,910,906]
/store/data/Run2017F/DoubleMuon/RAW/v1/000/305/064/00000/7CBD4D87-88B1-E711-A82B-02163E013518.root [1949,1951,1953,1947,1948,1950,1942,1943,1944,1945,1946,1952]
/store/data/Run2017F/DoubleMuon/RAW/v1/000/305/064/00000/7CD21370-88B1-E711-8B9E-02163E01415A.root [1954,1964,1956,1961,1962,1963,1965,1959,1958,1955,1957,1960]
/store/data/Run2017F/DoubleMuon/RAW/v1/000/305/064/00000/7E052CED-18B1-E711-A988-02163E01A2D1.root [355,356,354]
/store/data/Run2017F/DoubleMuon/RAW/v1/000/305/064/00000/7E1A0B7F-88B1-E711-A9C1-02163E01A54E.root [1384,1376,1377,1380,1379,1383,1385,1381,1378,1382]
/store/data/Run2017F/DoubleMuon/RAW/v1/000/305/064/00000/7E42B697-74B1-E711-A25E-02163E01457C.root [896,895,899,897,898]
/store/data/Run2017F/DoubleMuon/RAW/v1/000/305/064/00000/7E979ADC-19B1-E711-8BC4-02163E0140ED.root [405,407,406,408]
/store/data/Run2017F/DoubleMuon/RAW/v1/000/305/064/00000/80DAACBB-88B1-E711-A6C6-02163E01A252.root [1132,1138,1133,1134,1136,1137,1139,1135]
/store/data/Run2017F/DoubleMuon/RAW/v1/000/305/064/00000/82012E67-88B1-E711-925C-02163E01A2E6.root [1166,1167,1169,1170,1171,1164,1165,1168]
/store/data/Run2017F/DoubleMuon/RAW/v1/000/305/064/00000/82776167-89B1-E711-9D17-02163E012255.root [1986,1980,1982,1983,1978,1989,1985,1988,1979,1981,1984,1987]
/store/data/Run2017F/DoubleMuon/RAW/v1/000/305/064/00000/8277C8F0-20B1-E711-AD8A-02163E012830.root [614,612,616,613,615]
/store/data/Run2017F/DoubleMuon/RAW/v1/000/305/064/00000/82C44849-19B1-E711-9623-02163E0140DD.root [478,480,479,481]
/store/data/Run2017F/DoubleMuon/RAW/v1/000/305/064/00000/84225CA2-88B1-E711-B9A9-02163E0125B5.root [1615,1608,1607,1612,1611,1613,1609,1614,1610]
/store/data/Run2017F/DoubleMuon/RAW/v1/000/305/064/00000/84A25C6D-88B1-E711-B6B2-02163E011E40.root [1033,1032,1034,1036,1035,1037]
/store/data/Run2017F/DoubleMuon/RAW/v1/000/305/064/00000/84BAD309-21B1-E711-8AC3-02163E013837.root [621,620,617,618,619]
/store/data/Run2017F/DoubleMuon/RAW/v1/000/305/064/00000/84D7C187-74B1-E711-9734-02163E01A215.root [728,729,726,725,727]
/store/data/Run2017F/DoubleMuon/RAW/v1/000/305/064/00000/86A456E9-09B1-E711-836E-02163E01A4CF.root [97,98,99]
/store/data/Run2017F/DoubleMuon/RAW/v1/000/305/064/00000/88114A99-88B1-E711-B598-02163E01A1CD.root [1917,1918,1911,1915,1912,1919,1910,1914,1916,1913]
/store/data/Run2017F/DoubleMuon/RAW/v1/000/305/064/00000/88B8C0CC-19B1-E711-967F-02163E01A561.root [487,486,488,489]
/store/data/Run2017F/DoubleMuon/RAW/v1/000/305/064/00000/88D61365-88B1-E711-B5F8-02163E019DF1.root [1273,1275,1272,1274,1268,1270,1269,1271]
/store/data/Run2017F/DoubleMuon/RAW/v1/000/305/064/00000/88F7C8FA-03B1-E711-A09A-02163E01A541.root [23,22,24]
/store/data/Run2017F/DoubleMuon/RAW/v1/000/305/064/00000/8A114A0C-1EB1-E711-91F9-02163E0139B2.root [593,594,595,596]
/store/data/Run2017F/DoubleMuon/RAW/v1/000/305/064/00000/8A259D76-88B1-E711-9335-02163E01A1C6.root [1790,1791,1796,1797,1798,1792,1794,1795,1793,1799,1800,1801]
/store/data/Run2017F/DoubleMuon/RAW/v1/000/305/064/00000/8A4821A9-18B1-E711-9FEF-02163E0143D6.root [341,340,342,339]
/store/data/Run2017F/DoubleMuon/RAW/v1/000/305/064/00000/8A754E08-0AB1-E711-B320-02163E012676.root [66,64,65]
/store/data/Run2017F/DoubleMuon/RAW/v1/000/305/064/00000/8A9E1AEE-74B1-E711-BF22-02163E01427E.root [807,810,808,811,806,809]
/store/data/Run2017F/DoubleMuon/RAW/v1/000/305/064/00000/8AB190C6-18B1-E711-B193-02163E01A42B.root [364,365,366]
/store/data/Run2017F/DoubleMuon/RAW/v1/000/305/064/00000/8ABA65C5-1DB1-E711-92F2-02163E019C74.root [580,582,579,581]
/store/data/Run2017F/DoubleMuon/RAW/v1/000/305/064/00000/8AFE87D2-09B1-E711-BD0C-02163E014391.root [89,90,88]
/store/data/Run2017F/DoubleMuon/RAW/v1/000/305/064/00000/8C0CADFA-74B1-E711-BD89-02163E01A4C5.root [760,761,763,762,764]
/store/data/Run2017F/DoubleMuon/RAW/v1/000/305/064/00000/8CEA4904-0AB1-E711-81BB-02163E01A6B4.root [114,112,113]
/store/data/Run2017F/DoubleMuon/RAW/v1/000/305/064/00000/8E37ADFB-0AB1-E711-929D-02163E01A1F9.root [164,166,165]
/store/data/Run2017F/DoubleMuon/RAW/v1/000/305/064/00000/8E51F679-88B1-E711-83FB-02163E014751.root [1595,1589,1592,1593,1594,1591,1597,1590,1596]
/store/data/Run2017F/DoubleMuon/RAW/v1/000/305/064/00000/8E644487-88B1-E711-A258-02163E01A1E4.root [1022,1025,1021,1023,1020,1024]
/store/data/Run2017F/DoubleMuon/RAW/v1/000/305/064/00000/8EF8784D-18B1-E711-8CCB-02163E011B95.root [203,205,204]
/store/data/Run2017F/DoubleMuon/RAW/v1/000/305/064/00000/908439A2-88B1-E711-ABDA-02163E019B6B.root [1329,1328,1331,1333,1330,1332,1327,1326]
/store/data/Run2017F/DoubleMuon/RAW/v1/000/305/064/00000/90AC259D-0BB1-E711-847B-02163E019BCD.root [196,195,194]
/store/data/Run2017F/DoubleMuon/RAW/v1/000/305/064/00000/90D0E865-88B1-E711-833B-02163E011AC5.root [1297,1293,1296,1295,1298,1299,1294,1292]
/store/data/Run2017F/DoubleMuon/RAW/v1/000/305/064/00000/92811770-88B1-E711-B45F-02163E019B96.root [1876,1881,1880,1874,1878,1875,1879,1882,1884,1885,1883,1877]
/store/data/Run2017F/DoubleMuon/RAW/v1/000/305/064/00000/928D1BAB-74B1-E711-8F1C-02163E013409.root [825,827,824,826,828,829]
/store/data/Run2017F/DoubleMuon/RAW/v1/000/305/064/00000/942EBBF6-18B1-E711-9C82-02163E019BEC.root [379,378,380]
/store/data/Run2017F/DoubleMuon/RAW/v1/000/305/064/00000/94A1A475-88B1-E711-830B-02163E0144D2.root [1488,1487,1489,1481,1484,1483,1485,1482,1486]
/store/data/Run2017F/DoubleMuon/RAW/v1/000/305/064/00000/94B64F8F-1DB1-E711-9095-02163E0133BC.root [568,567,570,569]
/store/data/Run2017F/DoubleMuon/RAW/v1/000/305/064/00000/94BDDEF3-18B1-E711-8A3A-02163E01471C.root [332,331,333,334]
/store/data/Run2017F/DoubleMuon/RAW/v1/000/305/064/00000/94C24FE7-18B1-E711-B04F-02163E011B94.root [302,300,301]
/store/data/Run2017F/DoubleMuon/RAW/v1/000/305/064/00000/94CA5B73-19B1-E711-A6B9-02163E019C78.root [462,464,461,463]
/store/data/Run2017F/DoubleMuon/RAW/v1/000/305/064/00000/94DAAB76-88B1-E711-8FC9-02163E019D6E.root [1208,1210,1205,1211,1204,1209,1206,1207]
/store/data/Run2017F/DoubleMuon/RAW/v1/000/305/064/00000/94EFD3AE-1DB1-E711-8711-02163E011B4C.root [588,590,591,592,589]
/store/data/Run2017F/DoubleMuon/RAW/v1/000/305/064/00000/94FC78AB-0AB1-E711-BBDF-02163E01417A.root [123,121,122]
/store/data/Run2017F/DoubleMuon/RAW/v1/000/305/064/00000/961CDBDF-88B1-E711-BF49-02163E0141CD.root [1765,1757,1762,1764,1761,1760,1759,1758,1763]
/store/data/Run2017F/DoubleMuon/RAW/v1/000/305/064/00000/96BB1147-1AB1-E711-AED9-02163E019D5B.root [505,502,503,504]
/store/data/Run2017F/DoubleMuon/RAW/v1/000/305/064/00000/96CF3476-04B1-E711-B262-02163E01A47D.root [48,47,46]
/store/data/Run2017F/DoubleMuon/RAW/v1/000/305/064/00000/9816DE86-88B1-E711-A3EB-02163E01273B.root [1353,1350,1352,1355,1351,1356,1354,1357]
/store/data/Run2017F/DoubleMuon/RAW/v1/000/305/064/00000/98BF304B-19B1-E711-B5A7-02163E019CC4.root [477,475,476,474]
/store/data/Run2017F/DoubleMuon/RAW/v1/000/305/064/00000/9A266BA6-88B1-E711-8A6B-02163E019E52.root [1461,1455,1457,1454,1459,1458,1462,1456,1460]
/store/data/Run2017F/DoubleMuon/RAW/v1/000/305/064/00000/9A66F6AA-18B1-E711-A1F6-02163E01A589.root [376,375,377]
/store/data/Run2017F/DoubleMuon/RAW/v1/000/305/064/00000/9A8CBC9F-0AB1-E711-B127-02163E01A2AF.root [161,162,163]
/store/data/Run2017F/DoubleMuon/RAW/v1/000/305/064/00000/9A961C8C-1DB1-E711-BEE4-02163E013645.root [549,546,547,548]
/store/data/Run2017F/DoubleMuon/RAW/v1/000/305/064/00000/9C08C6E7-6CB1-E711-B94D-02163E0143A7.root [652,651,653]
/store/data/Run2017F/DoubleMuon/RAW/v1/000/305/064/00000/9C19C976-88B1-E711-8E76-02163E01A354.root [1473,1478,1476,1475,1480,1474,1477,1472,1479]
/store/data/Run2017F/DoubleMuon/RAW/v1/000/305/064/00000/9C6D095F-75B1-E711-98C8-02163E01A2C0.root [923,918,919,921,920,922]
/store/data/Run2017F/DoubleMuon/RAW/v1/000/305/064/00000/9C984B1B-1AB1-E711-85F0-02163E0133B5.root [513,510,511,512]
/store/data/Run2017F/DoubleMuon/RAW/v1/000/305/064/00000/9E7AA8ED-74B1-E711-BD87-02163E014206.root [860,862,865,863,864,861]
/store/data/Run2017F/DoubleMuon/RAW/v1/000/305/064/00000/9E8B8F69-88B1-E711-A410-02163E014508.root [1066,1065,1062,1063,1064,1067]
/store/data/Run2017F/DoubleMuon/RAW/v1/000/305/064/00000/A0B86001-1EB1-E711-A778-02163E0146DD.root [607,610,611,609,608]
/store/data/Run2017F/DoubleMuon/RAW/v1/000/305/064/00000/A0D107F1-18B1-E711-BBC9-02163E013627.root [277,276,275]
/store/data/Run2017F/DoubleMuon/RAW/v1/000/305/064/00000/A0FA2804-75B1-E711-AC89-02163E01A54E.root [844,845,843,846,847,842]
/store/data/Run2017F/DoubleMuon/RAW/v1/000/305/064/00000/A2974955-19B1-E711-A0BD-02163E01A5A8.root [484,483,482,485]
/store/data/Run2017F/DoubleMuon/RAW/v1/000/305/064/00000/A2EFBA0D-1AB1-E711-8180-02163E0142F3.root [500,501,499,498]
/store/data/Run2017F/DoubleMuon/RAW/v1/000/305/064/00000/A445DB41-18B1-E711-BDC0-02163E019E20.root [222,223,224]
/store/data/Run2017F/DoubleMuon/RAW/v1/000/305/064/00000/A4E486D3-18B1-E711-A051-02163E01A709.root [248,250,249]
/store/data/Run2017F/DoubleMuon/RAW/v1/000/305/064/00000/A61DC68B-1DB1-E711-85E0-02163E01469E.root [565,563,564,566]
/store/data/Run2017F/DoubleMuon/RAW/v1/000/305/064/00000/A620FBAB-74B1-E711-BDA6-02163E012322.root [788,791,792,789,793,790]
/store/data/Run2017F/DoubleMuon/RAW/v1/000/305/064/00000/A66E6D79-0AB1-E711-91A6-02163E0145B0.root [125,124,126]
/store/data/Run2017F/DoubleMuon/RAW/v1/000/305/064/00000/A6B8890E-0AB1-E711-A137-02163E019C35.root [93,92,91]
/store/data/Run2017F/DoubleMuon/RAW/v1/000/305/064/00000/A6E888A1-88B1-E711-A0B7-02163E0143D8.root [1852,1856,1857,1850,1851,1853,1858,1861,1854,1859,1855,1860]
/store/data/Run2017F/DoubleMuon/RAW/v1/000/305/064/00000/A8A317A1-74B1-E711-85CD-02163E019B4E.root [753,751,754,750,752]
/store/data/Run2017F/DoubleMuon/RAW/v1/000/305/064/00000/A8E1447C-88B1-E711-8722-02163E01375C.root [1510,1511,1515,1512,1513,1514,1508,1516,1509]
/store/data/Run2017F/DoubleMuon/RAW/v1/000/305/064/00000/AA33560E-19B1-E711-9095-02163E019CEA.root [312,310,311]
/store/data/Run2017F/DoubleMuon/RAW/v1/000/305/064/00000/AA4AAEA9-18B1-E711-8C5D-02163E01212C.root [328,330,329,327]
/store/data/Run2017F/DoubleMuon/RAW/v1/000/305/064/00000/AA6611EF-03B1-E711-B944-02163E011EE0.root [30,29,28]
/store/data/Run2017F/DoubleMuon/RAW/v1/000/305/064/00000/AADA4A6C-88B1-E711-A2E7-02163E013859.root [996,1000,1001,997,999,998]
/store/data/Run2017F/DoubleMuon/RAW/v1/000/305/064/00000/AC5CCC7A-88B1-E711-B36C-02163E019CE4.root [1873,1867,1866,1868,1869,1872,1863,1871,1864,1865,1870,1862]
/store/data/Run2017F/DoubleMuon/RAW/v1/000/305/064/00000/AC6BA97F-88B1-E711-BAB9-02163E011D98.root [1680,1679,1686,1682,1684,1683,1681,1685,1687]
/store/data/Run2017F/DoubleMuon/RAW/v1/000/305/064/00000/ACC16035-75B1-E711-9E39-02163E0133F1.root [942,946,947,945,943,944]
/store/data/Run2017F/DoubleMuon/RAW/v1/000/305/064/00000/AE3D7CD5-18B1-E711-AD74-02163E019C23.root [270,269,271]
/store/data/Run2017F/DoubleMuon/RAW/v1/000/305/064/00000/AEA9CBD8-1DB1-E711-8821-02163E014115.root [604,602,603,605,606]
/store/data/Run2017F/DoubleMuon/RAW/v1/000/305/064/00000/AECFB77E-88B1-E711-9D67-02163E01A6A6.root [1640,1637,1638,1639,1641,1642,1636,1634,1635]
/store/data/Run2017F/DoubleMuon/RAW/v1/000/305/064/00000/B015417B-88B1-E711-B67C-02163E01417B.root [1518,1521,1517,1520,1524,1519,1525,1522,1523]
/store/data/Run2017F/DoubleMuon/RAW/v1/000/305/064/00000/B240945F-88B1-E711-8D7A-02163E019D0E.root [1261,1264,1263,1266,1265,1262,1267,1260]
/store/data/Run2017F/DoubleMuon/RAW/v1/000/305/064/00000/B2AE67B7-21B1-E711-A6DE-02163E019E5D.root [646,648,649,647,650]
/store/data/Run2017F/DoubleMuon/RAW/v1/000/305/064/00000/B2D60873-88B1-E711-803F-02163E011FA3.root [1076,1078,1075,1074,1077,1079]
/store/data/Run2017F/DoubleMuon/RAW/v1/000/305/064/00000/B409846D-88B1-E711-A403-02163E01A3D5.root [1222,1223,1224,1221,1220,1225,1226,1227]
/store/data/Run2017F/DoubleMuon/RAW/v1/000/305/064/00000/B4827B8C-FEB0-E711-9997-02163E011B34.root [4,3,5]
/store/data/Run2017F/DoubleMuon/RAW/v1/000/305/064/00000/B4883772-88B1-E711-90A2-02163E011C5E.root [1149,1155,1154,1148,1150,1151,1153,1152]
/store/data/Run2017F/DoubleMuon/RAW/v1/000/305/064/00000/B48CBAE0-74B1-E711-93E0-02163E01A6F8.root [680,681,682,683,684]
/store/data/Run2017F/DoubleMuon/RAW/v1/000/305/064/00000/B4AE36A7-88B1-E711-B9D6-02163E019B82.root [2015,2019,2025,2027,2016,2028,2024,2026,2014,2018,2022,2020,2029,2030,2017,2021,2023,2031]
/store/data/Run2017F/DoubleMuon/RAW/v1/000/305/064/00000/B622A473-88B1-E711-96ED-02163E013456.root [1320,1323,1322,1325,1318,1321,1324,1319]
/store/data/Run2017F/DoubleMuon/RAW/v1/000/305/064/00000/B63C1476-88B1-E711-90CD-02163E011CD9.root [1971,1977,1969,1976,1968,1972,1973,1975,1966,1970,1967,1974]
/store/data/Run2017F/DoubleMuon/RAW/v1/000/305/064/00000/B6BD553B-88B1-E711-B330-02163E01344A.root [986,984,985,987,989,988]
/store/data/Run2017F/DoubleMuon/RAW/v1/000/305/064/00000/B6DB587E-88B1-E711-BA24-02163E014581.root [1436,1437,1438,1435,1440,1439,1441,1442,1443]
/store/data/Run2017F/DoubleMuon/RAW/v1/000/305/064/00000/B6F52ED1-09B1-E711-9B33-02163E013962.root [57,55,56]
/store/data/Run2017F/DoubleMuon/RAW/v1/000/305/064/00000/B8010CF0-09B1-E711-A550-02163E01A46E.root [59,58,60]
/store/data/Run2017F/DoubleMuon/RAW/v1/000/305/064/00000/B823CA6D-88B1-E711-9D14-02163E019D06.root [1562,1570,1564,1568,1563,1567,1565,1566,1569]
/store/data/Run2017F/DoubleMuon/RAW/v1/000/305/064/00000/B84E1278-88B1-E711-BC42-02163E011F8F.root [1201,1197,1196,1200,1198,1202,1199,1203]
/store/data/Run2017F/DoubleMuon/RAW/v1/000/305/064/00000/B8AAE7B4-74B1-E711-B847-02163E01A300.root [782,784,783,785,787,786]
/store/data/Run2017F/DoubleMuon/RAW/v1/000/305/064/00000/B8AD5EF6-18B1-E711-A6C1-02163E01A23A.root [319,317,320,318]
/store/data/Run2017F/DoubleMuon/RAW/v1/000/305/064/00000/B8E493CB-09B1-E711-88E9-02163E01A743.root [117,115,116]
/store/data/Run2017F/DoubleMuon/RAW/v1/000/305/064/00000/BA92ACB0-88B1-E711-BD9F-02163E01414E.root [1112,1108,1110,1111,1115,1114,1109,1113]
/store/data/Run2017F/DoubleMuon/RAW/v1/000/305/064/00000/BAB029B1-88B1-E711-A854-02163E014376.root [1750,1753,1745,1749,1748,1756,1746,1747,1751,1752,1754,1755]
/store/data/Run2017F/DoubleMuon/RAW/v1/000/305/064/00000/BAC3AAC7-74B1-E711-B4BD-02163E01A2BC.root [815,814,816,813,812,817]
/store/data/Run2017F/DoubleMuon/RAW/v1/000/305/064/00000/BCF9C89E-88B1-E711-9E39-02163E01A5B4.root [1311,1314,1310,1317,1312,1313,1316,1315]
/store/data/Run2017F/DoubleMuon/RAW/v1/000/305/064/00000/BE0F54B1-0AB1-E711-A0B2-02163E012841.root [151,150,149]
/store/data/Run2017F/DoubleMuon/RAW/v1/000/305/064/00000/BE4088C8-74B1-E711-8431-02163E01A4EF.root [871,866,869,868,870,867]
/store/data/Run2017F/DoubleMuon/RAW/v1/000/305/064/00000/BE598B84-74B1-E711-8CF3-02163E01A758.root [716,717,715,718,719]
/store/data/Run2017F/DoubleMuon/RAW/v1/000/305/064/00000/BE7B1083-88B1-E711-BCEA-02163E011818.root [1431,1432,1434,1427,1429,1426,1425,1433,1428,1430]
/store/data/Run2017F/DoubleMuon/RAW/v1/000/305/064/00000/BEFB4759-19B1-E711-B96D-02163E019BE9.root [418,417,419,420]
/store/data/Run2017F/DoubleMuon/RAW/v1/000/305/064/00000/C028AE8C-0AB1-E711-B636-02163E013841.root [176,177,178]
/store/data/Run2017F/DoubleMuon/RAW/v1/000/305/064/00000/C041149B-18B1-E711-A2FE-02163E0143F9.root [257,258,259]
/store/data/Run2017F/DoubleMuon/RAW/v1/000/305/064/00000/C0636811-04B1-E711-80FA-02163E0136A9.root [25,26,27]
/store/data/Run2017F/DoubleMuon/RAW/v1/000/305/064/00000/C079DE56-19B1-E711-A896-02163E01A70D.root [456,453,454,455]
/store/data/Run2017F/DoubleMuon/RAW/v1/000/305/064/00000/C08768A4-88B1-E711-80C1-02163E01A56C.root [1930,1937,1933,1934,1931,1932,1935,1941,1938,1936,1939,1940]
/store/data/Run2017F/DoubleMuon/RAW/v1/000/305/064/00000/C0AD967A-1DB1-E711-A46F-02163E0136B3.root [550,551,553,552,554]
/store/data/Run2017F/DoubleMuon/RAW/v1/000/305/064/00000/C0AD9B3C-1AB1-E711-8182-02163E01A296.root [506,509,508,507]
/store/data/Run2017F/DoubleMuon/RAW/v1/000/305/064/00000/C40305A8-18B1-E711-AF9F-02163E01A1BA.root [252,253,251]
/store/data/Run2017F/DoubleMuon/RAW/v1/000/305/064/00000/C642DCBA-74B1-E711-A40E-02163E01A1EE.root [771,772,773,774,775]
/store/data/Run2017F/DoubleMuon/RAW/v1/000/305/064/00000/C66A7DE8-0AB1-E711-8E32-02163E01A251.root [156,155,157]
/store/data/Run2017F/DoubleMuon/RAW/v1/000/305/064/00000/C6EFB042-89B1-E711-93D1-02163E0141E4.root [1162,1156,1160,1161,1157,1158,1159,1163]
/store/data/Run2017F/DoubleMuon/RAW/v1/000/305/064/00000/C853FB59-03B1-E711-BABF-02163E01A3EA.root [10,11]
/store/data/Run2017F/DoubleMuon/RAW/v1/000/305/064/00000/C88931C3-0AB1-E711-832B-02163E019E8C.root [130,132,133,131]
/store/data/Run2017F/DoubleMuon/RAW/v1/000/305/064/00000/CA40E5A2-1DB1-E711-8C01-02163E014593.root [572,573,574,571]
/store/data/Run2017F/DoubleMuon/RAW/v1/000/305/064/00000/CA47FA42-75B1-E711-A721-02163E0133B5.root [957,959,958,955,954,956]
/store/data/Run2017F/DoubleMuon/RAW/v1/000/305/064/00000/CAECD167-88B1-E711-A3A3-02163E012329.root [1004,1002,1005,1006,1007,1003]
/store/data/Run2017F/DoubleMuon/RAW/v1/000/305/064/00000/CAF1E2E4-18B1-E711-BB69-02163E0144C3.root [265,263,264]
/store/data/Run2017F/DoubleMuon/RAW/v1/000/305/064/00000/CC00658C-74B1-E711-A869-02163E011CB2.root [730,732,733,734,731]
/store/data/Run2017F/DoubleMuon/RAW/v1/000/305/064/00000/CC0CDBE2-0AB1-E711-89D2-02163E01A1B9.root [147,148,146]
/store/data/Run2017F/DoubleMuon/RAW/v1/000/305/064/00000/CC72E8AC-1DB1-E711-9290-02163E0139A4.root [597,601,600,598,599]
/store/data/Run2017F/DoubleMuon/RAW/v1/000/305/064/00000/CCB9053E-19B1-E711-B7A9-02163E0141DD.root [447,446,448,445]
/store/data/Run2017F/DoubleMuon/RAW/v1/000/305/064/00000/CCD8546A-88B1-E711-82AF-02163E01A301.root [1359,1361,1364,1362,1358,1365,1360,1363]
/store/data/Run2017F/DoubleMuon/RAW/v1/000/305/064/00000/CCF33F88-0AB1-E711-8DD0-02163E01360C.root [142,140,141]
/store/data/Run2017F/DoubleMuon/RAW/v1/000/305/064/00000/CE3707A2-74B1-E711-96DA-02163E014362.root [759,755,758,756,757]
/store/data/Run2017F/DoubleMuon/RAW/v1/000/305/064/00000/D006FE9D-88B1-E711-8A6E-02163E01A646.root [1583,1586,1580,1585,1587,1582,1584,1581,1588]
/store/data/Run2017F/DoubleMuon/RAW/v1/000/305/064/00000/D04FDC39-75B1-E711-8785-02163E01457C.root [952,953,950,951,948,949]
/store/data/Run2017F/DoubleMuon/RAW/v1/000/305/064/00000/D26820B5-18B1-E711-82D7-02163E019E2C.root [386,388,387,385]
/store/data/Run2017F/DoubleMuon/RAW/v1/000/305/064/00000/D28966DA-04B1-E711-B635-02163E01465B.root [43,44,45]
/store/data/Run2017F/DoubleMuon/RAW/v1/000/305/064/00000/D2CB9A5D-88B1-E711-ABD7-02163E01A3D4.root [1338,1340,1339,1341,1336,1335,1337,1334]
/store/data/Run2017F/DoubleMuon/RAW/v1/000/305/064/00000/D478C97A-88B1-E711-8E38-02163E019D58.root [1413,1414,1412,1408,1410,1406,1407,1409,1411,1415]
/store/data/Run2017F/DoubleMuon/RAW/v1/000/305/064/00000/D65E3F6D-88B1-E711-91F6-02163E019DA2.root [1044,1046,1048,1049,1047,1045]
/store/data/Run2017F/DoubleMuon/RAW/v1/000/305/064/00000/D6FA9AA7-74B1-E711-AF6F-02163E0140FA.root [821,822,818,820,819,823]
/store/data/Run2017F/DoubleMuon/RAW/v1/000/305/064/00000/D6FFD321-1CB1-E711-BE08-02163E012374.root [535,534,536,537]
/store/data/Run2017F/DoubleMuon/RAW/v1/000/305/064/00000/D86E09D8-0AB1-E711-86DF-02163E011A45.root [182,183,184]
/store/data/Run2017F/DoubleMuon/RAW/v1/000/305/064/00000/DAACF0AA-88B1-E711-91AF-02163E014597.root [1194,1189,1195,1193,1190,1191,1192,1188]
/store/data/Run2017F/DoubleMuon/RAW/v1/000/305/064/00000/DAAFBF59-21B1-E711-ADD1-02163E0140ED.root [633,635,634,632,631]
/store/data/Run2017F/DoubleMuon/RAW/v1/000/305/064/00000/DAB1F6B8-88B1-E711-8D5F-02163E01A525.root [1537,1542,1536,1538,1535,1540,1539,1543,1541]
/store/data/Run2017F/DoubleMuon/RAW/v1/000/305/064/00000/DC596E02-0AB1-E711-A96C-02163E019C0A.root [108,107,106]
/store/data/Run2017F/DoubleMuon/RAW/v1/000/305/064/00000/DC6E6E62-03B1-E711-B7D3-02163E012832.root [12,13]
/store/data/Run2017F/DoubleMuon/RAW/v1/000/305/064/00000/DC7DECDB-88B1-E711-AB04-02163E01A208.root [1782,1784,1781,1780,1783,1787,1786,1789,1778,1779,1785,1788]
/store/data/Run2017F/DoubleMuon/RAW/v1/000/305/064/00000/DC92E965-74B1-E711-96E7-02163E01A2D9.root [662,664,663,660,661]
/store/data/Run2017F/DoubleMuon/RAW/v1/000/305/064/00000/DCFAFE8A-18B1-E711-9267-02163E013746.root [262,260,261]
/store/data/Run2017F/DoubleMuon/RAW/v1/000/305/064/00000/DE763230-1CB1-E711-8FCB-02163E014148.root [543,544,545,542]
/store/data/Run2017F/DoubleMuon/RAW/v1/000/305/064/00000/E01A039D-74B1-E711-9A96-02163E01A39C.root [741,743,744,740,742]
/store/data/Run2017F/DoubleMuon/RAW/v1/000/305/064/00000/E044095A-19B1-E711-8984-02163E014448.root [225,227,226]
/store/data/Run2017F/DoubleMuon/RAW/v1/000/305/064/00000/E068063E-19B1-E711-A820-02163E019C97.root [370,367,368,369]
/store/data/Run2017F/DoubleMuon/RAW/v1/000/305/064/00000/E07269CC-18B1-E711-B826-02163E014302.root [374,372,373,371]
/store/data/Run2017F/DoubleMuon/RAW/v1/000/305/064/00000/E27FE14F-18B1-E711-9D81-02163E011AC8.root [212,214,213]
/store/data/Run2017F/DoubleMuon/RAW/v1/000/305/064/00000/E2B71851-75B1-E711-9D88-02163E011C08.root [962,961,965,964,960,963]
/store/data/Run2017F/DoubleMuon/RAW/v1/000/305/064/00000/E2D333EF-18B1-E711-B746-02163E019C62.root [346,345,343,344]
/store/data/Run2017F/DoubleMuon/RAW/v1/000/305/064/00000/E2F2B3AF-18B1-E711-A45D-02163E014115.root [219,220,221]
/store/data/Run2017F/DoubleMuon/RAW/v1/000/305/064/00000/E60BC8A6-18B1-E711-8076-02163E0139CE.root [362,361,363,360]
/store/data/Run2017F/DoubleMuon/RAW/v1/000/305/064/00000/E6286C8B-1DB1-E711-B9B4-02163E01212C.root [555,558,556,557]
/store/data/Run2017F/DoubleMuon/RAW/v1/000/305/064/00000/E6651C8D-88B1-E711-A0A1-02163E01A2FB.root [1891,1895,1896,1887,1897,1893,1890,1886,1888,1889,1892,1894]
/store/data/Run2017F/DoubleMuon/RAW/v1/000/305/064/00000/EACC0D87-0AB1-E711-8E10-02163E0134BA.root [139,138,137]
/store/data/Run2017F/DoubleMuon/RAW/v1/000/305/064/00000/EAF39BB3-0AB1-E711-9095-02163E011884.root [175,174,173]
/store/data/Run2017F/DoubleMuon/RAW/v1/000/305/064/00000/EC61A220-04B1-E711-B568-02163E0140F5.root [37,38,39]
/store/data/Run2017F/DoubleMuon/RAW/v1/000/305/064/00000/EC8195A1-88B1-E711-B7A3-02163E01A5F0.root [1839,1841,1846,1844,1845,1848,1849,1842,1847,1838,1840,1843]
/store/data/Run2017F/DoubleMuon/RAW/v1/000/305/064/00000/EE1662A4-18B1-E711-B26E-02163E011C2A.root [280,278,281,279]
/store/data/Run2017F/DoubleMuon/RAW/v1/000/305/064/00000/EEE67033-19B1-E711-ACB0-02163E019D0A.root [433,434,436,435]
/store/data/Run2017F/DoubleMuon/RAW/v1/000/305/064/00000/F01053EE-18B1-E711-BE71-02163E01A5E3.root [282,284,283]
/store/data/Run2017F/DoubleMuon/RAW/v1/000/305/064/00000/F0676FE4-18B1-E711-9C90-02163E011F14.root [336,337,335,338]
/store/data/Run2017F/DoubleMuon/RAW/v1/000/305/064/00000/F09FEB7E-74B1-E711-9455-02163E0135B0.root [687,688,685,686,689]
/store/data/Run2017F/DoubleMuon/RAW/v1/000/305/064/00000/F0A41974-88B1-E711-873B-02163E019D8D.root [1674,1675,1676,1672,1670,1671,1673,1678,1677]
/store/data/Run2017F/DoubleMuon/RAW/v1/000/305/064/00000/F20916DC-03B1-E711-9CE2-02163E011B34.root [21,20,19]
/store/data/Run2017F/DoubleMuon/RAW/v1/000/305/064/00000/F423F02A-0AB1-E711-93ED-02163E01A5B0.root [103,104,105]
/store/data/Run2017F/DoubleMuon/RAW/v1/000/305/064/00000/F42DF773-0AB1-E711-8A9F-02163E0127A8.root [129,127,128]
/store/data/Run2017F/DoubleMuon/RAW/v1/000/305/064/00000/F4BE47C1-0DB1-E711-A422-02163E013506.root [188,190,189]
/store/data/Run2017F/DoubleMuon/RAW/v1/000/305/064/00000/F6EA5F69-88B1-E711-A7C6-02163E019C48.root [1052,1050,1055,1053,1051,1054]
/store/data/Run2017F/DoubleMuon/RAW/v1/000/305/064/00000/F8006574-88B1-E711-8DD9-02163E01379F.root [1990,1994,2001,1991,1992,1997,1999,1998,1993,1996,1995,2000]
/store/data/Run2017F/DoubleMuon/RAW/v1/000/305/064/00000/F8CBBB06-75B1-E711-AF3B-02163E0142F0.root [776,778,779,780,777,781]
/store/data/Run2017F/DoubleMuon/RAW/v1/000/305/064/00000/FA203E7E-1AB1-E711-AA4E-02163E019E8A.root [495,496,497,494]
/store/data/Run2017F/DoubleMuon/RAW/v1/000/305/064/00000/FA8E7E77-18B1-E711-B5FA-02163E01375A.root [266,268,267]
/store/data/Run2017F/DoubleMuon/RAW/v1/000/305/064/00000/FAA309A5-18B1-E711-99B1-02163E01445D.root [296,295,294]
/store/data/Run2017F/DoubleMuon/RAW/v1/000/305/064/00000/FAC0E5A4-74B1-E711-97EE-02163E013647.root [797,795,799,798,794,796]
/store/data/Run2017F/DoubleMuon/RAW/v1/000/305/064/00000/FAE349EC-19B1-E711-A865-02163E013512.root [468,469,467,465,466]
/store/data/Run2017F/DoubleMuon/RAW/v1/000/305/064/00000/FC435FB0-74B1-E711-A383-02163E01A76B.root [881,880,879,882,878]
/store/data/Run2017F/DoubleMuon/RAW/v1/000/305/064/00000/FC64E464-88B1-E711-8078-02163E011ABB.root [1554,1560,1559,1556,1553,1555,1557,1558,1561]
/store/data/Run2017F/DoubleMuon/RAW/v1/000/305/064/00000/FC6617AD-74B1-E711-99DB-02163E01A3FA.root [677,676,679,675,678]
/store/data/Run2017F/DoubleMuon/RAW/v1/000/305/064/00000/FC7B9E70-88B1-E711-90E3-02163E01A5D2.root [1826,1836,1831,1834,1835,1827,1830,1837,1828,1832,1833,1829]
/store/data/Run2017F/DoubleMuon/RAW/v1/000/305/064/00000/FCA12C5A-18B1-E711-A407-02163E01A2DD.root [209,210,211]
/store/data/Run2017F/DoubleMuon/RAW/v1/000/305/064/00000/FCACA6B4-88B1-E711-88DE-02163E013449.root [1898,1906,1907,1902,1908,1900,1901,1905,1899,1909,1903,1904]
/store/data/Run2017F/DoubleMuon/RAW/v1/000/305/064/00000/FCDA761C-0AB1-E711-BD81-02163E01263C.root [109,110,111]
/store/data/Run2017F/DoubleMuon/RAW/v1/000/305/064/00000/FE476DE9-18B1-E711-A595-02163E01A1DC.root [297,298,299]
/store/data/Run2017F/DoubleMuon/RAW/v1/000/305/064/00000/FE5CB4A9-74B1-E711-8CB7-02163E019D85.root [747,748,749,745,746]
/store/data/Run2017F/DoubleMuon/RAW/v1/000/305/064/00000/FEB16648-1AB1-E711-8D82-02163E019E70.root [517,515,516,514]
