/store/data/Run2023B/ZeroBias/RAW/v1/000/366/933/00000/002cbdf6-4d53-4e9b-9f45-529ffa2b5864.root 366933 [392,393]
/store/data/Run2023B/ZeroBias/RAW/v1/000/366/933/00000/007075cc-d780-4de3-aee7-2a4c85862bee.root 366933 [197,198]
/store/data/Run2023B/ZeroBias/RAW/v1/000/366/933/00000/01df2373-0c21-4615-8bce-f4fe73d845fd.root 366933 [1011,1012,1013]
/store/data/Run2023B/ZeroBias/RAW/v1/000/366/933/00000/01e2463f-e46a-4354-9be1-1f4d1dead422.root 366933 [729,728,727]
/store/data/Run2023B/ZeroBias/RAW/v1/000/366/933/00000/021a88e9-e951-44dd-9478-9fea2b85fa14.root 366933 [438,439]
/store/data/Run2023B/ZeroBias/RAW/v1/000/366/933/00000/0271475d-1058-4b37-8ee6-0453e64e5822.root 366933 [485,486]
/store/data/Run2023B/ZeroBias/RAW/v1/000/366/933/00000/03617af5-e672-4ac7-b47f-31f7726bda70.root 366933 [612,613]
/store/data/Run2023B/ZeroBias/RAW/v1/000/366/933/00000/03658916-f249-41e9-b623-afe1f32521c2.root 366933 [397,396]
/store/data/Run2023B/ZeroBias/RAW/v1/000/366/933/00000/03fdb216-972b-4309-a6f3-62953f11e16a.root 366933 [671,670]
/store/data/Run2023B/ZeroBias/RAW/v1/000/366/933/00000/04673397-f2f9-4268-8017-43ba062c7fee.root 366933 [830,831,829]
/store/data/Run2023B/ZeroBias/RAW/v1/000/366/933/00000/0645a25b-ed6e-4aa9-8dbc-9aa48cdbca52.root 366933 [384,385]
/store/data/Run2023B/ZeroBias/RAW/v1/000/366/933/00000/06e75392-806a-4fc4-af0d-ba53be3010ba.root 366933 [340,341]
/store/data/Run2023B/ZeroBias/RAW/v1/000/366/933/00000/0761cb4e-a925-44c9-b046-5bcddc3e612c.root 366933 [274,275]
/store/data/Run2023B/ZeroBias/RAW/v1/000/366/933/00000/08216890-3454-4b46-9084-a103e194d8ef.root 366933 [79,80,83,81,82]
/store/data/Run2023B/ZeroBias/RAW/v1/000/366/933/00000/08596b40-3ca1-4447-9d56-089342aba155.root 366933 [664,665]
/store/data/Run2023B/ZeroBias/RAW/v1/000/366/933/00000/085dc6f4-4864-4db8-bfa3-6a96d0995a43.root 366933 [50,55,56,58,48,47,49,54,57,46,53,51,52]
/store/data/Run2023B/ZeroBias/RAW/v1/000/366/933/00000/0978517f-807b-4115-b9f6-795ce168763f.root 366933 [685,686]
/store/data/Run2023B/ZeroBias/RAW/v1/000/366/933/00000/098de67e-cea7-45a9-a9a2-090fd67c05fc.root 366933 [544,543]
/store/data/Run2023B/ZeroBias/RAW/v1/000/366/933/00000/0a069fd1-59b0-4413-a68c-68e943bbb336.root 366933 [736,738,737]
/store/data/Run2023B/ZeroBias/RAW/v1/000/366/933/00000/0a51086a-fba4-4445-b352-fe015d4337a3.root 366933 [596,597]
/store/data/Run2023B/ZeroBias/RAW/v1/000/366/933/00000/0a943ef5-840d-43bc-81ca-28dbbf663a51.root 366933 [281,280]
/store/data/Run2023B/ZeroBias/RAW/v1/000/366/933/00000/0af4c8af-0d13-4e92-88d5-ce5b12eea2b3.root 366933 [240,239]
/store/data/Run2023B/ZeroBias/RAW/v1/000/366/933/00000/0b432cec-218d-4d3b-ac44-deb3c3e6960e.root 366933 [212,211]
/store/data/Run2023B/ZeroBias/RAW/v1/000/366/933/00000/0ba3f168-7e29-41b7-ba6e-62e27e72a79e.root 366933 [910,912,911]
/store/data/Run2023B/ZeroBias/RAW/v1/000/366/933/00000/0be17b3c-63c4-4dad-b6c3-7c8aa35a2841.root 366933 [778,780,779]
/store/data/Run2023B/ZeroBias/RAW/v1/000/366/933/00000/0be5a328-77aa-443d-a5d0-b6c0a61f2d02.root 366933 [772,773,774]
/store/data/Run2023B/ZeroBias/RAW/v1/000/366/933/00000/0bfbf970-f620-407d-9f48-a66678550147.root 366933 [1121,1122,1123]
/store/data/Run2023B/ZeroBias/RAW/v1/000/366/933/00000/0d52d8f6-1128-4544-8d17-7b656b2ae286.root 366933 [1206,1208,1205,1207]
/store/data/Run2023B/ZeroBias/RAW/v1/000/366/933/00000/0d6e5acd-38ed-4bc7-b7dd-100827f7d8be.root 366933 [751,753,752]
/store/data/Run2023B/ZeroBias/RAW/v1/000/366/933/00000/0df07c3f-2057-4d65-9673-112fc4ff6410.root 366933 [1186,1184,1185]
/store/data/Run2023B/ZeroBias/RAW/v1/000/366/933/00000/0e30efa0-5fd8-43ff-8873-44c1ae4f4cdd.root 366933 [344,345]
/store/data/Run2023B/ZeroBias/RAW/v1/000/366/933/00000/0e518950-b24e-4695-8572-a1ab4716a739.root 366933 [591,590]
/store/data/Run2023B/ZeroBias/RAW/v1/000/366/933/00000/0e5d5615-ac8c-4c4b-8b7a-0c1be2fc504d.root 366933 [1024,1023,1025]
/store/data/Run2023B/ZeroBias/RAW/v1/000/366/933/00000/0e9472ff-5920-42d3-80ad-3486e3c9cb18.root 366933 [1236,1243,1245,1252,1264,1229,1234,1235,1238,1239,1242,1244,1246,1255,1260,1230,1247,1263,1228,1248,1259,1225,1226,1227,1232,1240,1258,1231,1237,1254,1261,1253,1256,1233,1241,1249,1250,1251,1257,1262]
/store/data/Run2023B/ZeroBias/RAW/v1/000/366/933/00000/0ef10ea0-2ba2-42d9-a8e2-118204ef8b0f.root 366933 [1176,1177,1175]
/store/data/Run2023B/ZeroBias/RAW/v1/000/366/933/00000/0f387f65-30d7-47b4-a6a7-c3c07bd6cd91.root 366933 [1096,1095,1094]
/store/data/Run2023B/ZeroBias/RAW/v1/000/366/933/00000/0f7286d6-924a-4eaf-a7ac-d483ac88ffd1.root 366933 [968,969,970]
/store/data/Run2023B/ZeroBias/RAW/v1/000/366/933/00000/101b4095-494d-4179-9632-d6f931092cda.root 366933 [489,490]
/store/data/Run2023B/ZeroBias/RAW/v1/000/366/933/00000/102677f0-d71c-448d-bf11-ed4f393ae8ea.root 366933 [962,964,963]
/store/data/Run2023B/ZeroBias/RAW/v1/000/366/933/00000/10533a9c-570a-4c3d-b074-ef6f75d58c5b.root 366933 [628,629]
/store/data/Run2023B/ZeroBias/RAW/v1/000/366/933/00000/10befd6e-72a5-4acb-9b86-bfbf31142596.root 366933 [700,699]
/store/data/Run2023B/ZeroBias/RAW/v1/000/366/933/00000/110d2378-5f70-40f1-982a-aa18bf6a523f.root 366933 [518,517]
/store/data/Run2023B/ZeroBias/RAW/v1/000/366/933/00000/1344eee6-8f78-47ae-9047-7545c2b4811e.root 366933 [623,622]
/store/data/Run2023B/ZeroBias/RAW/v1/000/366/933/00000/13fc1b0f-09b7-4bef-a12b-122cd0bb0ab5.root 366933 [362,363]
/store/data/Run2023B/ZeroBias/RAW/v1/000/366/933/00000/14d07a7e-75f4-469a-aab7-eadf9508ecf8.root 366933 [971,972,973]
/store/data/Run2023B/ZeroBias/RAW/v1/000/366/933/00000/150f7d51-de96-4fc8-8a02-1f7ff892c352.root 366933 [196,194,195]
/store/data/Run2023B/ZeroBias/RAW/v1/000/366/933/00000/15444e9f-a9e0-4970-9410-1a218af1e25f.root 366933 [433,431,432]
/store/data/Run2023B/ZeroBias/RAW/v1/000/366/933/00000/15efe693-ef88-4783-87a5-e57957cd6254.root 366933 [605,604]
/store/data/Run2023B/ZeroBias/RAW/v1/000/366/933/00000/15fb29ea-e885-4d02-be85-046d7da52e32.root 366933 [147,149,148]
/store/data/Run2023B/ZeroBias/RAW/v1/000/366/933/00000/1660ad48-1148-404b-9a46-be046a6e921d.root 366933 [918,916,917]
/store/data/Run2023B/ZeroBias/RAW/v1/000/366/933/00000/1805fd7f-d561-40bb-8481-6b722e5e8f05.root 366933 [950,952,951]
/store/data/Run2023B/ZeroBias/RAW/v1/000/366/933/00000/1a80e054-d6ad-4c68-97fe-6dc87452a914.root 366933 [839,838,840]
/store/data/Run2023B/ZeroBias/RAW/v1/000/366/933/00000/1afd37fd-4afe-4ca4-9802-e51412a78930.root 366933 [491,492]
/store/data/Run2023B/ZeroBias/RAW/v1/000/366/933/00000/1c47c6cb-f7da-463c-a7b5-93cec2b68e93.root 366933 [497,498]
/store/data/Run2023B/ZeroBias/RAW/v1/000/366/933/00000/1c6b61d4-0abc-4b77-8699-c10a4cbf9ccc.root 366933 [638,639]
/store/data/Run2023B/ZeroBias/RAW/v1/000/366/933/00000/1ca397a1-4cc9-44e1-937a-ff11ba6234e9.root 366933 [1056,1058,1057]
/store/data/Run2023B/ZeroBias/RAW/v1/000/366/933/00000/1d20b1f4-480c-4efe-94b4-0a06c026797c.root 366933 [155,153,154]
/store/data/Run2023B/ZeroBias/RAW/v1/000/366/933/00000/1ea7c741-1090-4b5e-9339-dc1911a8445a.root 366933 [289,288]
/store/data/Run2023B/ZeroBias/RAW/v1/000/366/933/00000/1ee82464-6a51-40a5-83fa-529e183fca33.root 366933 [475,476]
/store/data/Run2023B/ZeroBias/RAW/v1/000/366/933/00000/1ee89de3-1b88-46a1-bc3a-60e195561ded.root 366933 [919,920,921]
/store/data/Run2023B/ZeroBias/RAW/v1/000/366/933/00000/1ef6a8ff-b315-4747-888b-28df8598d50c.root 366933 [464,463]
/store/data/Run2023B/ZeroBias/RAW/v1/000/366/933/00000/1f904c99-e9d9-4cf1-b844-d502371a198d.root 366933 [853,855,854]
/store/data/Run2023B/ZeroBias/RAW/v1/000/366/933/00000/1fb0ac8d-df16-4ac1-b200-0a67593016ae.root 366933 [851,850,852]
/store/data/Run2023B/ZeroBias/RAW/v1/000/366/933/00000/202b6442-1a3d-4fb3-a1c3-e2e3754d6d6e.root 366933 [632,633]
/store/data/Run2023B/ZeroBias/RAW/v1/000/366/933/00000/203804b1-1940-4844-b830-83ad74283c3c.root 366933 [273,272]
/store/data/Run2023B/ZeroBias/RAW/v1/000/366/933/00000/2058a438-585a-46ea-944c-8fefa414865d.root 366933 [807,806,805]
/store/data/Run2023B/ZeroBias/RAW/v1/000/366/933/00000/210bc807-246b-496c-938d-d04ec0298f73.root 366933 [825,824,823]
/store/data/Run2023B/ZeroBias/RAW/v1/000/366/933/00000/22b9351e-4809-4465-882e-05ff0d9ee04e.root 366933 [494,493]
/store/data/Run2023B/ZeroBias/RAW/v1/000/366/933/00000/2364dfb0-679e-42b6-af06-d3bf16d6432d.root 366933 [658,659]
/store/data/Run2023B/ZeroBias/RAW/v1/000/366/933/00000/23b641c8-aa8e-41a0-9e34-2ac7fd6135cf.root 366933 [346,347]
/store/data/Run2023B/ZeroBias/RAW/v1/000/366/933/00000/2453778d-4069-4537-83a5-24caa72b7b47.root 366933 [428,427]
/store/data/Run2023B/ZeroBias/RAW/v1/000/366/933/00000/24bf5f3d-37bf-4080-a256-82645c2b9d27.root 366933 [1019,1018,1017]
/store/data/Run2023B/ZeroBias/RAW/v1/000/366/933/00000/24e49567-0edc-4e49-a940-f72ca8a87900.root 366933 [483,484]
/store/data/Run2023B/ZeroBias/RAW/v1/000/366/933/00000/26b71608-9287-4db6-86d0-64d13b4c6654.root 366933 [336,337]
/store/data/Run2023B/ZeroBias/RAW/v1/000/366/933/00000/281820b2-a999-490a-be27-41466ef97f1b.root 366933 [304,305]
/store/data/Run2023B/ZeroBias/RAW/v1/000/366/933/00000/283eff76-4dba-4a0a-b2bc-acd90c992462.root 366933 [334,335]
/store/data/Run2023B/ZeroBias/RAW/v1/000/366/933/00000/284abb7e-266a-4a02-8ef3-fddaa8d11608.root 366933 [96,98,99,95,97]
/store/data/Run2023B/ZeroBias/RAW/v1/000/366/933/00000/28c67e6c-2125-4d38-b2ad-3eca005c8203.root 366933 [748,749,750]
/store/data/Run2023B/ZeroBias/RAW/v1/000/366/933/00000/29769b55-b444-4c14-9a63-16b4bc369da7.root 366933 [316,317]
/store/data/Run2023B/ZeroBias/RAW/v1/000/366/933/00000/29fbf0c0-0839-446b-aef3-750dd853da37.root 366933 [680,679]
/store/data/Run2023B/ZeroBias/RAW/v1/000/366/933/00000/2a1c396c-5420-4748-96d4-e0ceeb0f955e.root 366933 [652,651]
/store/data/Run2023B/ZeroBias/RAW/v1/000/366/933/00000/2c161a3f-3492-43a0-99e8-89c55d9ec273.root 366933 [567,566]
/store/data/Run2023B/ZeroBias/RAW/v1/000/366/933/00000/2d0b3059-df42-4764-b6b0-e104e3feb495.root 366933 [213,214]
/store/data/Run2023B/ZeroBias/RAW/v1/000/366/933/00000/2d689424-ddc6-495e-83f2-6c5f6e3384ab.root 366933 [608,609]
/store/data/Run2023B/ZeroBias/RAW/v1/000/366/933/00000/2d724b0a-7e79-4db7-bbcd-bddb1adf0375.root 366933 [595,594]
/store/data/Run2023B/ZeroBias/RAW/v1/000/366/933/00000/2e07b304-3334-4003-aa5c-9041db09a306.root 366933 [1004,1003,1002]
/store/data/Run2023B/ZeroBias/RAW/v1/000/366/933/00000/2e453567-c41a-4221-bdb0-ac715a57c735.root 366933 [796,798,797]
/store/data/Run2023B/ZeroBias/RAW/v1/000/366/933/00000/2e97d74b-9fc0-4a0d-ba2c-4b37e01ae37e.root 366933 [922,923,924]
/store/data/Run2023B/ZeroBias/RAW/v1/000/366/933/00000/2fa0f07f-65eb-4300-afb7-a1349ca1c3c6.root 366933 [535,536]
/store/data/Run2023B/ZeroBias/RAW/v1/000/366/933/00000/300b42e7-524b-4b0a-a786-c358726af80a.root 366933 [539,540]
/store/data/Run2023B/ZeroBias/RAW/v1/000/366/933/00000/30a66110-6350-4d83-9c0b-71b7401f9539.root 366933 [896,895,897]
/store/data/Run2023B/ZeroBias/RAW/v1/000/366/933/00000/310bfd20-ecc3-4e90-b1b1-28ba3067b8e8.root 366933 [140,138,139]
/store/data/Run2023B/ZeroBias/RAW/v1/000/366/933/00000/328849ed-3605-4276-b074-a5d5d2c71348.root 366933 [908,909,907]
/store/data/Run2023B/ZeroBias/RAW/v1/000/366/933/00000/32e9f1e6-bb4b-4d43-8a1a-d215477ed24c.root 366933 [771,769,770]
/store/data/Run2023B/ZeroBias/RAW/v1/000/366/933/00000/332b29cb-35ff-4a48-aeee-22a0e91f16db.root 366933 [627,626]
/store/data/Run2023B/ZeroBias/RAW/v1/000/366/933/00000/333b5d98-40d5-4fb1-9cf6-90b9d016ef2a.root 366933 [473,474,472]
/store/data/Run2023B/ZeroBias/RAW/v1/000/366/933/00000/336d5a49-1121-42b1-bf9a-7687c93e102e.root 366933 [1114,1112,1113]
/store/data/Run2023B/ZeroBias/RAW/v1/000/366/933/00000/3497e966-9930-4677-8fa2-823d1009812d.root 366933 [788,789,787]
/store/data/Run2023B/ZeroBias/RAW/v1/000/366/933/00000/34ba2635-575a-4ec2-a7a9-9be0239c5fc2.root 366933 [220,219]
/store/data/Run2023B/ZeroBias/RAW/v1/000/366/933/00000/34d6de02-6c4c-422c-acee-9c8680eee715.root 366933 [266,265]
