/store/data/Run2017B/SingleMuon/RAW/v1/000/297/227/00000/1275E24B-6A56-E711-925B-02163E01A2A7.root [95,97,98,93,94,96]
/store/data/Run2017B/SingleMuon/RAW/v1/000/297/227/00000/28238B52-6556-E711-B361-02163E011873.root [46,45,50,49,47,48]
/store/data/Run2017B/SingleMuon/RAW/v1/000/297/227/00000/3A43593E-6556-E711-A440-02163E012233.root [32,29,30,27,28,31]
/store/data/Run2017B/SingleMuon/RAW/v1/000/297/227/00000/42193421-7956-E711-B969-02163E01A6B6.root [196]
/store/data/Run2017B/SingleMuon/RAW/v1/000/297/227/00000/4219DFE7-1557-E711-834C-02163E01A58F.root [181,177,180,179,176,178,183,182]
/store/data/Run2017B/SingleMuon/RAW/v1/000/297/227/00000/4E7CC67E-6556-E711-8734-02163E014393.root [75,79,80,77,76,78]
/store/data/Run2017B/SingleMuon/RAW/v1/000/297/227/00000/548CD455-2357-E711-A6D6-02163E01A760.root [210,214,218,228,237,248,251,260,262,203,221,227,242,244,255,201,204,207,208,209,216,219,220,225,230,239,247,265,200,217,223,234,199,211,213,233,238,257,263,264,205,212,231,232,241,243,252,259,267,202,222,229,236,240,254,256,266,206,215,224,226,235,245,246,249,250,253,258,261]
/store/data/Run2017B/SingleMuon/RAW/v1/000/297/227/00000/5E5B8BEC-1557-E711-9173-02163E019DEC.root [112,114,116,113,111,115]
/store/data/Run2017B/SingleMuon/RAW/v1/000/297/227/00000/5E7FB540-6556-E711-8FCD-02163E01457C.root [26,23,22,24,25,21]
/store/data/Run2017B/SingleMuon/RAW/v1/000/297/227/00000/5E88BA32-6556-E711-80CB-02163E01A739.root [40,39,42,43,41,44]
/store/data/Run2017B/SingleMuon/RAW/v1/000/297/227/00000/5EB33947-6556-E711-8FA6-02163E012526.root [33,34,36,35,37,38]
/store/data/Run2017B/SingleMuon/RAW/v1/000/297/227/00000/6C3503BA-1557-E711-99EB-02163E01A46C.root [119,117,121,120,122,118]
/store/data/Run2017B/SingleMuon/RAW/v1/000/297/227/00000/6E6376A9-1E57-E711-8358-02163E01A5B8.root [192,191,193]
/store/data/Run2017B/SingleMuon/RAW/v1/000/297/227/00000/700677BC-1557-E711-BA75-02163E019BE1.root [151,149,147,150,148,152]
/store/data/Run2017B/SingleMuon/RAW/v1/000/297/227/00000/748C604A-6A56-E711-91FC-02163E013620.root [103,100,101,102,104,99]
/store/data/Run2017B/SingleMuon/RAW/v1/000/297/227/00000/7C7485E8-1557-E711-B5EF-02163E011909.root [125,123,124,126,127,128]
/store/data/Run2017B/SingleMuon/RAW/v1/000/297/227/00000/82C1B85E-6556-E711-9615-02163E011F72.root [65,63,66,64,67,68]
/store/data/Run2017B/SingleMuon/RAW/v1/000/297/227/00000/8AD75535-6556-E711-BB3D-02163E01469C.root [16,15,20,17,19,18]
/store/data/Run2017B/SingleMuon/RAW/v1/000/297/227/00000/8C0B3D7C-6556-E711-8835-02163E0142A2.root [70,72,73,71,74,69]
/store/data/Run2017B/SingleMuon/RAW/v1/000/297/227/00000/908266F4-1557-E711-AD89-02163E01A2E8.root [137,136,138,139,140,135]
/store/data/Run2017B/SingleMuon/RAW/v1/000/297/227/00000/9C6DCCCA-6A56-E711-BC4D-02163E01A61D.root [51,54,53,55,56,52]
/store/data/Run2017B/SingleMuon/RAW/v1/000/297/227/00000/AA0A8B52-6556-E711-8DB2-02163E011873.root [10,11,14,13,9,12]
/store/data/Run2017B/SingleMuon/RAW/v1/000/297/227/00000/AC19ED4D-6556-E711-88A7-02163E014479.root [60,58,59,57,62,61]
/store/data/Run2017B/SingleMuon/RAW/v1/000/297/227/00000/B253A3CE-1557-E711-83D8-02163E0143F5.root [162,160,161,164,159,163]
/store/data/Run2017B/SingleMuon/RAW/v1/000/297/227/00000/B81EAE4E-6A56-E711-B935-02163E011AEC.root [107,105,108,109,110,106]
/store/data/Run2017B/SingleMuon/RAW/v1/000/297/227/00000/BC4AADE6-1557-E711-A3AB-02163E0143C2.root [165,172,171,175,168,166,167,173,174,169,170]
/store/data/Run2017B/SingleMuon/RAW/v1/000/297/227/00000/C0C06745-6A56-E711-BF06-02163E011D9E.root [82,81,84,86,83,85]
/store/data/Run2017B/SingleMuon/RAW/v1/000/297/227/00000/C8A3204C-6A56-E711-9090-02163E012481.root [90,92,91,88,89,87]
/store/data/Run2017B/SingleMuon/RAW/v1/000/297/227/00000/CE9611F7-1557-E711-B935-02163E019D47.root [155,154,156,158,153,157]
/store/data/Run2017B/SingleMuon/RAW/v1/000/297/227/00000/D6F1E3F8-1557-E711-8C66-02163E01A4A6.root [146,141,142,143,145,144]
/store/data/Run2017B/SingleMuon/RAW/v1/000/297/227/00000/F06CC7C1-1557-E711-BEB2-02163E011E07.root [129,131,132,134,130,133]
/store/data/Run2017B/SingleMuon/RAW/v1/000/297/227/00000/FABA01C6-1557-E711-B7B3-02163E011B6B.root [187,185,190,189,184,186,188]
