/store/data/Run2016H/JetHT/AOD/18Apr2017-v1/110000/0246437E-EC25-E711-8849-0025905B85CC.root [521,520]
/store/data/Run2016H/JetHT/AOD/18Apr2017-v1/110000/026F906A-0C26-E711-A921-0CC47A78A496.root [43,44,159,158]
/store/data/Run2016H/JetHT/AOD/18Apr2017-v1/110000/06D9984C-D725-E711-8E7A-4C79BA18097F.root [52,51]
/store/data/Run2016H/JetHT/AOD/18Apr2017-v1/110000/08B332C5-FC25-E711-94D8-0CC47A7C35E0.root [393,394,1128,1129,1130]
/store/data/Run2016H/JetHT/AOD/18Apr2017-v1/110000/0C89D435-CA25-E711-AEA2-24BE05C4D821.root [1140,1404,1139,1405]
/store/data/Run2016H/JetHT/AOD/18Apr2017-v1/110000/0C8FE8E9-1926-E711-B7ED-002618FDA207.root [83,170,82,171]
/store/data/Run2016H/JetHT/AOD/18Apr2017-v1/110000/0EDC983D-0D26-E711-81E7-0CC47A7C35F8.root [73,317,72,318]
/store/data/Run2016H/JetHT/AOD/18Apr2017-v1/110000/10CEA2EF-DA25-E711-837F-0025905B85E8.root [519,145,518,144]
/store/data/Run2016H/JetHT/AOD/18Apr2017-v1/110000/1615F80C-D525-E711-80D9-5065F381A2F1.root [332,331,186,187]
/store/data/Run2016H/JetHT/AOD/18Apr2017-v1/110000/16821FC1-EB25-E711-BDCE-0CC47A7C3472.root [401,1206,1204,402,1205]
/store/data/Run2016H/JetHT/AOD/18Apr2017-v1/110000/180FC71F-F725-E711-A6CF-24BE05CEACA1.root [166,119,118,167]
/store/data/Run2016H/JetHT/AOD/18Apr2017-v1/110000/18E2A7F9-F025-E711-9506-24BE05CEEDA1.root [383,384]
/store/data/Run2016H/JetHT/AOD/18Apr2017-v1/110000/1E4F9E81-D725-E711-9D09-E0071B73C620.root [77,76]
/store/data/Run2016H/JetHT/AOD/18Apr2017-v1/110000/1E56E3BB-E225-E711-9EB7-0CC47A7C3472.root [185,5,184,6]
/store/data/Run2016H/JetHT/AOD/18Apr2017-v1/110000/1E928AEE-D625-E711-830E-5065F3817281.root [117,116]
/store/data/Run2016H/JetHT/AOD/18Apr2017-v1/110000/1ED026DE-0C26-E711-A100-A0000420FE80.root [510,511]
/store/data/Run2016H/JetHT/AOD/18Apr2017-v1/110000/24CCD454-E125-E711-A0B7-0CC47A7C346E.root [175,151,174,150]
/store/data/Run2016H/JetHT/AOD/18Apr2017-v1/110000/26F286D4-C825-E711-8D73-A0000420FE80.root [1419,1418]
/store/data/Run2016H/JetHT/AOD/18Apr2017-v1/110000/2806716C-FE25-E711-A6CF-0CC47A4C8E70.root [35,1160,1161,36,1159]
/store/data/Run2016H/JetHT/AOD/18Apr2017-v1/110000/2E38CDD5-1426-E711-8279-0025905AA9CC.root [50,49,67,66]
/store/data/Run2016H/JetHT/AOD/18Apr2017-v1/110000/2EAF7E56-F825-E711-8423-0025905A60F8.root [1257,1258,126,127,1256]
/store/data/Run2016H/JetHT/AOD/18Apr2017-v1/110000/30F7F979-F625-E711-86D8-0025905A6076.root [19,39,20,40]
/store/data/Run2016H/JetHT/AOD/18Apr2017-v1/110000/32B4DC96-0F26-E711-9450-0CC47A4C8E46.root [31,526,32,527]
/store/data/Run2016H/JetHT/AOD/18Apr2017-v1/110000/34637125-F025-E711-A176-0025905B8560.root [515,514,517,516]
/store/data/Run2016H/JetHT/AOD/18Apr2017-v1/110000/38F843C5-F825-E711-8589-5065F381A251.root [108,109]
/store/data/Run2016H/JetHT/AOD/18Apr2017-v1/110000/38FAC748-EA25-E711-BC76-0CC47A4D7632.root [37,38]
/store/data/Run2016H/JetHT/AOD/18Apr2017-v1/110000/3C6ACE2B-C425-E711-B971-0025905A6126.root [1096,1497,1177,1191,1115,1498,1169,1499]
/store/data/Run2016H/JetHT/AOD/18Apr2017-v1/110000/3CAE44FB-F825-E711-BA1C-0025905A48D0.root [64,65,27,28]
/store/data/Run2016H/JetHT/AOD/18Apr2017-v1/110000/3CF2A72A-C825-E711-B920-5065F38182E1.root [1234,1233]
/store/data/Run2016H/JetHT/AOD/18Apr2017-v1/110000/3E7FC60F-EF25-E711-85BA-003048FFD71C.root [1202,1200,1194,1201,1192,1193]
/store/data/Run2016H/JetHT/AOD/18Apr2017-v1/110000/3E85B003-0626-E711-8E2F-0025905A610A.root [41,1104,1106,42,1105]
/store/data/Run2016H/JetHT/AOD/18Apr2017-v1/110000/3EDB372E-D125-E711-9972-4C79BA3203E3.root [1447,1448]
/store/data/Run2016H/JetHT/AOD/18Apr2017-v1/110000/40B8D7A3-FA25-E711-961C-0025905A6094.root [1166,1114,1113,1167,1168,1112]
/store/data/Run2016H/JetHT/AOD/18Apr2017-v1/110000/441F4B83-0026-E711-94D4-E0071B7A45D0.root [90,91]
/store/data/Run2016H/JetHT/AOD/18Apr2017-v1/110000/442ABCD1-0326-E711-95CB-0025905A6068.root [60,61,95,94]
/store/data/Run2016H/JetHT/AOD/18Apr2017-v1/110000/44F1E177-D025-E711-B48F-5065F38142E1.root [698,699]
/store/data/Run2016H/JetHT/AOD/18Apr2017-v1/110000/4AD32B3A-F525-E711-99DC-E0071B741D70.root [63,62]
/store/data/Run2016H/JetHT/AOD/18Apr2017-v1/110000/4C737045-0826-E711-BD06-0025905A6068.root [164,162,163,165,85,84]
/store/data/Run2016H/JetHT/AOD/18Apr2017-v1/110000/4E677E2C-C825-E711-ACB0-5065F381D2E2.root [1260,1261]
/store/data/Run2016H/JetHT/AOD/18Apr2017-v1/110000/4EABE828-BE25-E711-8846-E0071B7B2350.root [1135,1252,1259]
/store/data/Run2016H/JetHT/AOD/18Apr2017-v1/110000/4EBFC2DC-C125-E711-A78D-A0000420FE80.root [416]
/store/data/Run2016H/JetHT/AOD/18Apr2017-v1/110000/50EC2DEF-EC25-E711-A18A-5065F3817281.root [1155,1156,1157]
/store/data/Run2016H/JetHT/AOD/18Apr2017-v1/110000/54F29EA5-CF25-E711-A4BF-24BE05BD4F81.root [971,972]
/store/data/Run2016H/JetHT/AOD/18Apr2017-v1/110000/56E44BFD-1C26-E711-BE1E-0CC47A4D7614.root [34,69,33,68]
/store/data/Run2016H/JetHT/AOD/18Apr2017-v1/110000/5A6DEAFD-FA25-E711-BA56-0025905B85B6.root [7,8]
/store/data/Run2016H/JetHT/AOD/18Apr2017-v1/110000/5AB9D506-C025-E711-9033-E0071B7B2350.root [1195]
/store/data/Run2016H/JetHT/AOD/18Apr2017-v1/110000/5C056219-E725-E711-9FE1-0CC47A7C340C.root [128,136,137,129]
/store/data/Run2016H/JetHT/AOD/18Apr2017-v1/110000/5E58860B-0826-E711-941A-0CC47A7C35F8.root [179,30,360,29,359,178]
/store/data/Run2016H/JetHT/AOD/18Apr2017-v1/110000/5E65E25A-E625-E711-B998-0025905A611E.root [21,22]
/store/data/Run2016H/JetHT/AOD/18Apr2017-v1/110000/6460CA7F-1926-E711-AD30-0CC47A78A42C.root [344,46,45,343]
/store/data/Run2016H/JetHT/AOD/18Apr2017-v1/110000/6633700C-F425-E711-8D98-003048FFD76C.root [112,183,113,182]
/store/data/Run2016H/JetHT/AOD/18Apr2017-v1/110000/6A3C6157-E225-E711-8DD7-0025905A611E.root [143,138,142,139]
/store/data/Run2016H/JetHT/AOD/18Apr2017-v1/110000/6A408590-C725-E711-B2F6-0025905A6076.root [1123,1220,1088,1092,1221]
/store/data/Run2016H/JetHT/AOD/18Apr2017-v1/110000/6C595A89-ED25-E711-9618-0025905B85BE.root [1212,362,1213,1214,361]
/store/data/Run2016H/JetHT/AOD/18Apr2017-v1/110000/70DB4308-BE25-E711-843C-E0071B6C9DC0.root [1219,1131,1232,1207]
/store/data/Run2016H/JetHT/AOD/18Apr2017-v1/110000/7227E843-BD25-E711-9855-5065F3818281.root [1211,1203]
/store/data/Run2016H/JetHT/AOD/18Apr2017-v1/110000/7854B345-E025-E711-AC19-4C79BA180C21.root [74,70,75,71]
/store/data/Run2016H/JetHT/AOD/18Apr2017-v1/110000/7C0D28B4-1226-E711-8AFC-0CC47A7C345C.root [345,106,346,107]
/store/data/Run2016H/JetHT/AOD/18Apr2017-v1/110000/7E318125-F025-E711-A44C-0025905B8560.root [1147,1148,1149,1175,1176,1174]
/store/data/Run2016H/JetHT/AOD/18Apr2017-v1/110000/7E39C83A-0926-E711-B619-0CC47A78A496.root [325,192,191,326]
/store/data/Run2016H/JetHT/AOD/18Apr2017-v1/110000/82FFB7E6-2526-E711-9BAE-0CC47A7C3444.root [56,57,88,89]
/store/data/Run2016H/JetHT/AOD/18Apr2017-v1/110000/842823FD-0526-E711-B9BA-0025905B85BC.root [1217,168,169,1216,1218]
/store/data/Run2016H/JetHT/AOD/18Apr2017-v1/110000/86899E41-F225-E711-ACBD-0025905A608A.root [154,1209,1210,1208,155]
/store/data/Run2016H/JetHT/AOD/18Apr2017-v1/110000/88E9D045-EB25-E711-A563-0025905A6118.root [1134,390,1132,389,1133]
/store/data/Run2016H/JetHT/AOD/18Apr2017-v1/110000/8E893F8F-E725-E711-B45F-0025905A60BC.root [79,78,80,81]
/store/data/Run2016H/JetHT/AOD/18Apr2017-v1/110000/8EFFFD0E-DE25-E711-AA13-A0369F310374.root [156,157]
/store/data/Run2016H/JetHT/AOD/18Apr2017-v1/110000/902A125C-E125-E711-93B5-0CC47A78A446.root [367,368]
/store/data/Run2016H/JetHT/AOD/18Apr2017-v1/110000/9078C882-ED25-E711-8B22-0025905A48C0.root [1086,1198,1085,1087,1197,1196]
/store/data/Run2016H/JetHT/AOD/18Apr2017-v1/110000/92F926B2-F025-E711-BA0F-0025905A6136.root [153,1122,1121,152,1120]
/store/data/Run2016H/JetHT/AOD/18Apr2017-v1/110000/9AB7E4BF-0E26-E711-80DD-0CC47A745250.root [14,1185,13,1186,1184]
/store/data/Run2016H/JetHT/AOD/18Apr2017-v1/110000/9AFF599A-F425-E711-8304-0025905A48D0.root [96,133,132,97]
/store/data/Run2016H/JetHT/AOD/18Apr2017-v1/110000/A086A8B8-C325-E711-AE06-0025905A612C.root [1215,1127,1078,1154,1158]
/store/data/Run2016H/JetHT/AOD/18Apr2017-v1/110000/A89D418D-F525-E711-A8EA-0CC47A7C34C8.root [149,148,3,4]
/store/data/Run2016H/JetHT/AOD/18Apr2017-v1/110000/A8FDA70E-D125-E711-8D77-0CC47A4D7616.root [1417,1416,1187,403,1162]
/store/data/Run2016H/JetHT/AOD/18Apr2017-v1/110000/AE065F31-DE25-E711-AC4C-0CC47A7C3410.root [134,135]
/store/data/Run2016H/JetHT/AOD/18Apr2017-v1/110000/AE36FD66-D025-E711-9204-24BE05C668B2.root [508,1445,1446,160,509,161]
/store/data/Run2016H/JetHT/AOD/18Apr2017-v1/110000/AE637DE5-E525-E711-8F0B-0CC47A7C357A.root [122,123]
/store/data/Run2016H/JetHT/AOD/18Apr2017-v1/110000/B808CA59-0226-E711-860F-5065F38142F2.root [93,92]
/store/data/Run2016H/JetHT/AOD/18Apr2017-v1/110000/BADB9FC3-0126-E711-BEEF-0CC47A7C347E.root [190,315,316,188,189]
/store/data/Run2016H/JetHT/AOD/18Apr2017-v1/110000/BECC6C86-C825-E711-ACC5-0CC47A7C3424.root [1150,1107]
/store/data/Run2016H/JetHT/AOD/18Apr2017-v1/110000/C2F2AE2A-D125-E711-91D0-5065F37D7172.root [125,124]
/store/data/Run2016H/JetHT/AOD/18Apr2017-v1/110000/C6B5D57B-BF25-E711-96AC-5065F381F291.root [1199]
/store/data/Run2016H/JetHT/AOD/18Apr2017-v1/110000/CA0C226B-FB25-E711-9C8A-0CC47A4C8EBA.root [1188,1189,1089,1090,1190,1091]
/store/data/Run2016H/JetHT/AOD/18Apr2017-v1/110000/CC584EC5-FE25-E711-840A-0CC47A78A414.root [193,194]
/store/data/Run2016H/JetHT/AOD/18Apr2017-v1/110000/D03F3DD1-F525-E711-AB1F-0025905A60CE.root [1251,1249,1250,114,115]
/store/data/Run2016H/JetHT/AOD/18Apr2017-v1/110000/D405029A-FD25-E711-87D4-0025905A609A.root [1151,1152,1153,54,55,53]
/store/data/Run2016H/JetHT/AOD/18Apr2017-v1/110000/D6DD73A7-F425-E711-8DC1-24BE05CEFDF1.root [381,382]
/store/data/Run2016H/JetHT/AOD/18Apr2017-v1/110000/D855FCBA-CF25-E711-94A5-5065F382B2F1.root [1420,1421]
/store/data/Run2016H/JetHT/AOD/18Apr2017-v1/110000/D8846C59-2826-E711-A56E-0025905B85DC.root [173,172,11,12]
/store/data/Run2016H/JetHT/AOD/18Apr2017-v1/110000/D8B65CA6-D225-E711-8A8C-5065F381E211.root [47,48]
/store/data/Run2016H/JetHT/AOD/18Apr2017-v1/110000/DAEC559A-EE25-E711-B278-0CC47A78A3B4.root [1094,1230,1093,1231,1229,1095]
/store/data/Run2016H/JetHT/AOD/18Apr2017-v1/110000/DEF2622D-E025-E711-8BE7-24BE05C4D801.root [121,120]
/store/data/Run2016H/JetHT/AOD/18Apr2017-v1/110000/E009DD38-D325-E711-B556-A0000420FE80.root [140,141]
/store/data/Run2016H/JetHT/AOD/18Apr2017-v1/110000/E0CC7BD9-DA25-E711-974E-5065F3818271.root [586,587]
/store/data/Run2016H/JetHT/AOD/18Apr2017-v1/110000/E2266B0F-D225-E711-9B9F-5065F37D7172.root [525,524]
/store/data/Run2016H/JetHT/AOD/18Apr2017-v1/110000/E2A80900-CB25-E711-A523-E0071B73B6B0.root [1345,1344]
/store/data/Run2016H/JetHT/AOD/18Apr2017-v1/110000/E81DD5F7-D225-E711-9188-A0369F310374.root [523,522]
/store/data/Run2016H/JetHT/AOD/18Apr2017-v1/110000/E8AC6A72-F725-E711-B490-24BE05CEFDF1.root [86,87]
/store/data/Run2016H/JetHT/AOD/18Apr2017-v1/110000/EA717F9C-0A26-E711-9F0F-0025905A610A.root [130,341,342,241,131,240]
/store/data/Run2016H/JetHT/AOD/18Apr2017-v1/110000/EAFECCBB-CF25-E711-BEDF-24BE05C668B2.root [415,414]
/store/data/Run2016H/JetHT/AOD/18Apr2017-v1/110000/EC035CB4-F025-E711-8116-0025905A6076.root [1077,1125,1076,1075,1124,1126]
/store/data/Run2016H/JetHT/AOD/18Apr2017-v1/110000/EC3505FE-DF25-E711-851F-0025905A6068.root [388,423,504,422,387,505]
/store/data/Run2016H/JetHT/AOD/18Apr2017-v1/110000/EC355BBC-D025-E711-ADDF-24BE05CE4D91.root [309,310]
/store/data/Run2016H/JetHT/AOD/18Apr2017-v1/110000/F46BE027-F725-E711-9473-A0369F310374.root [110,111]
/store/data/Run2016H/JetHT/AOD/18Apr2017-v1/110000/F6BAF354-CA25-E711-9DE9-24BE05C6C741.root [1378,1379]
/store/data/Run2016H/JetHT/AOD/18Apr2017-v1/110000/FA724DAA-D725-E711-976D-24BE05CE2EC1.root [180,181]
/store/data/Run2016H/JetHT/AOD/18Apr2017-v1/110000/FAE7B38F-E425-E711-A6FF-002618FDA26D.root [306,177,176,305]
/store/data/Run2016H/JetHT/AOD/18Apr2017-v1/110000/FC8C06FF-D525-E711-A610-5065F381F291.root [59,58]
/store/data/Run2016H/JetHT/AOD/18Apr2017-v1/110000/FEFBDA88-CF25-E711-8443-24BE05C6C7F1.root [1380,1381,1097,1098]
/store/data/Run2016H/JetHT/AOD/18Apr2017-v1/110001/565CE882-3726-E711-A223-0025905A60F4.root [147,102,103,146]
/store/data/Run2016H/JetHT/AOD/18Apr2017-v1/110001/8EE85741-0327-E711-9DED-0CC47A78A4A0.root [98,99]
/store/data/Run2016H/JetHT/AOD/18Apr2017-v1/110001/B8663AB5-4626-E711-BCA0-0CC47A7C35B2.root [100,17,101,18]
/store/data/Run2016H/JetHT/AOD/18Apr2017-v1/110001/F459D7FE-3526-E711-9C90-0CC47A4D76A0.root [105,395,104,396]
/store/data/Run2016H/JetHT/AOD/18Apr2017-v1/60002/A260040B-9C27-E711-8FE3-0CC47A78A446.root [1470]
/store/data/Run2016H/JetHT/AOD/18Apr2017-v1/60003/12AB9D54-2D26-E711-8ADD-48D539F3863E.root [1457]
/store/data/Run2016H/JetHT/AOD/18Apr2017-v1/60003/189C89F4-6727-E711-95B5-0CC47A4D7630.root [478,479]
/store/data/Run2016H/JetHT/AOD/18Apr2017-v1/60003/228ED3AD-8226-E711-8684-0CC47A4D76AC.root [442,446,199,1426]
/store/data/Run2016H/JetHT/AOD/18Apr2017-v1/60003/2889598E-7427-E711-B653-0025905B8600.root [501,500,643,644]
/store/data/Run2016H/JetHT/AOD/18Apr2017-v1/60003/38247CCB-7D27-E711-B62B-0025905B8576.root [1102,1103]
/store/data/Run2016H/JetHT/AOD/18Apr2017-v1/60003/3866F791-8627-E711-A36E-0025905B8590.root [1019,1363,1081,1082,1030,1029,1362,1020]
/store/data/Run2016H/JetHT/AOD/18Apr2017-v1/60003/461B3BE8-8926-E711-87FC-0025905A4964.root [1241]
/store/data/Run2016H/JetHT/AOD/18Apr2017-v1/60003/4C5697FC-8C26-E711-8249-0CC47A4C8EC6.root [1493,602,1228]
/store/data/Run2016H/JetHT/AOD/18Apr2017-v1/60003/5084669C-8627-E711-96AF-0025905A48D8.root [1437,1436]
/store/data/Run2016H/JetHT/AOD/18Apr2017-v1/60003/50AB4248-7426-E711-BE19-0025905B8598.root [1496]
/store/data/Run2016H/JetHT/AOD/18Apr2017-v1/60003/546F9D51-8327-E711-AE53-0025905B857A.root [929,930,973,974]
/store/data/Run2016H/JetHT/AOD/18Apr2017-v1/60003/564E2E6A-8A27-E711-A238-0CC47A78A3E8.root [958,1005,935,936,989,1006,990,957]
/store/data/Run2016H/JetHT/AOD/18Apr2017-v1/60003/5E582B1A-8A27-E711-8C19-0CC47A4D76B8.root [1033,1495,1034,1265,1494,1083,1266,1084]
/store/data/Run2016H/JetHT/AOD/18Apr2017-v1/60003/6A6E4441-7426-E711-9A14-0025905B8592.root [445]
/store/data/Run2016H/JetHT/AOD/18Apr2017-v1/60003/6AF92887-1926-E711-BAF5-0CC47A4C8E20.root [1476]
/store/data/Run2016H/JetHT/AOD/18Apr2017-v1/60003/6CC6ED34-7727-E711-8164-0025905B858C.root [1444,1146,1466,1173,421,1432]
/store/data/Run2016H/JetHT/AOD/18Apr2017-v1/60003/72E91DA6-7F27-E711-B9F8-0025905A608A.root [270]
/store/data/Run2016H/JetHT/AOD/18Apr2017-v1/60003/768A44C7-7927-E711-8614-0025905B85CC.root [640,1438,961,962,639,1484,239,1463]
/store/data/Run2016H/JetHT/AOD/18Apr2017-v1/60003/7EB22282-7427-E711-9A89-0CC47A4D7678.root [480,481]
/store/data/Run2016H/JetHT/AOD/18Apr2017-v1/60003/A23993D7-8527-E711-B32D-0CC47A7C361E.root [880,879]
/store/data/Run2016H/JetHT/AOD/18Apr2017-v1/60003/B46CA346-8A27-E711-884D-0CC47A4D7670.root [827,828]
/store/data/Run2016H/JetHT/AOD/18Apr2017-v1/60003/D410F25F-7D26-E711-99FE-0CC47A4C8E0E.root [1119,232,1248]
/store/data/Run2016H/JetHT/AOD/18Apr2017-v1/60003/D68C55B0-8226-E711-9C95-0025905B8560.root [432,934,1413]
/store/data/Run2016H/JetHT/AOD/18Apr2017-v1/60003/DEE6BA4E-9E27-E711-B13A-0CC47A4D766C.root [1016,949,950,1015]
/store/data/Run2016H/JetHT/AOD/18Apr2017-v1/60003/E057207C-9E26-E711-A60A-0CC47A4C8E82.root [1441,1111]
/store/data/Run2016H/JetHT/AOD/18Apr2017-v1/60003/E656C0B9-7927-E711-B37E-0025905B85D6.root [1481,424]
/store/data/Run2016H/JetHT/AOD/18Apr2017-v1/60003/F09149A6-5F27-E711-A02F-0CC47A4D75F0.root [941,999,1000,1013,895,896,1014,942]
/store/data/Run2016H/JetHT/AOD/18Apr2017-v1/60003/F4B88CD6-3026-E711-8D2B-0CC47A78A418.root [435]
/store/data/Run2016H/JetHT/AOD/18Apr2017-v1/60003/F8471395-2126-E711-80A1-0CC47A4C8E2A.root [429,1429]
/store/data/Run2016H/JetHT/AOD/18Apr2017-v1/60004/00A9A410-6427-E711-AA04-0CC47A78A3EE.root [265,684,700,264,685,701]
/store/data/Run2016H/JetHT/AOD/18Apr2017-v1/60004/028A4A0E-5B27-E711-ABE7-0CC47A78A3E8.root [717,785,786,716,808,807]
/store/data/Run2016H/JetHT/AOD/18Apr2017-v1/60004/0A01393C-8D27-E711-86E0-0025905B860E.root [494,349,594,495,595,350]
/store/data/Run2016H/JetHT/AOD/18Apr2017-v1/60004/12149BAC-5927-E711-9FBC-0025905B85D6.root [787,788,683,682,635,636]
/store/data/Run2016H/JetHT/AOD/18Apr2017-v1/60004/1A2226FA-5B27-E711-8279-0CC47A4D75F6.root [433,392,379,380,391,434]
/store/data/Run2016H/JetHT/AOD/18Apr2017-v1/60004/1AAF1CF8-6127-E711-B307-0025905A60A8.root [233,243,298,242,234,297]
/store/data/Run2016H/JetHT/AOD/18Apr2017-v1/60004/22701963-8B27-E711-B806-0CC47A7C3636.root [1431,1430]
/store/data/Run2016H/JetHT/AOD/18Apr2017-v1/60004/2447737B-5927-E711-ADE1-0CC47A78A426.root [210,333,550,334,211,551]
/store/data/Run2016H/JetHT/AOD/18Apr2017-v1/60004/289EE249-3F26-E711-AE91-0CC47A4D768E.root [638,637]
/store/data/Run2016H/JetHT/AOD/18Apr2017-v1/60004/28DCFA12-5B27-E711-870A-0CC47A78A456.root [825,816,826,815,813,814]
/store/data/Run2016H/JetHT/AOD/18Apr2017-v1/60004/2CE59939-8D27-E711-A7D6-0CC47A4D762A.root [252,253]
/store/data/Run2016H/JetHT/AOD/18Apr2017-v1/60004/2E756EDA-3B26-E711-862A-0025905B85D0.root [1057,994,1354,1355,993,1058]
/store/data/Run2016H/JetHT/AOD/18Apr2017-v1/60004/30D217DA-6427-E711-95D6-0CC47A4D76AA.root [726,861,789,862,727,790]
/store/data/Run2016H/JetHT/AOD/18Apr2017-v1/60004/32D3535B-6426-E711-B917-0CC47A74524E.root [1400,1391,688,689,1390,1401]
/store/data/Run2016H/JetHT/AOD/18Apr2017-v1/60004/3606429C-9827-E711-8716-0025905A606A.root [1037,601,600,1038]
/store/data/Run2016H/JetHT/AOD/18Apr2017-v1/60004/380A6ECB-6427-E711-B115-0CC47A7C3472.root [722,723,680,497,681,496]
/store/data/Run2016H/JetHT/AOD/18Apr2017-v1/60004/38E9DC2F-5E26-E711-8A30-0025905B85B2.root [468,461,469,456,457,460]
/store/data/Run2016H/JetHT/AOD/18Apr2017-v1/60004/429E34A3-7827-E711-B155-0025905B85E8.root [620,631,619,632,604,603]
/store/data/Run2016H/JetHT/AOD/18Apr2017-v1/60004/443B9BCE-9727-E711-AAA7-0025905B85B6.root [246,247]
/store/data/Run2016H/JetHT/AOD/18Apr2017-v1/60004/44ADA70D-9E27-E711-9962-0CC47A4D75F0.root [686,687]
/store/data/Run2016H/JetHT/AOD/18Apr2017-v1/60004/46787E3E-9227-E711-A227-0025905A6136.root [466,489,488,467]
/store/data/Run2016H/JetHT/AOD/18Apr2017-v1/60004/48E5ABFE-4F26-E711-BD80-0CC47A4D75F2.root [1008,1246,1280,1279,1007,1247,1245,1278]
/store/data/Run2016H/JetHT/AOD/18Apr2017-v1/60004/4A48DBE4-5B27-E711-B8BC-0CC47A4C8F30.root [840,877,878,670,669,839]
/store/data/Run2016H/JetHT/AOD/18Apr2017-v1/60004/4EA9AFA0-A227-E711-AD55-0025905B855E.root [1352,1482,1353,1483]
/store/data/Run2016H/JetHT/AOD/18Apr2017-v1/60004/4ED66B8D-8B27-E711-8867-0025905B861C.root [1009,1010,1021,1022,1080,1025,1079,1026]
/store/data/Run2016H/JetHT/AOD/18Apr2017-v1/60004/50C9537A-6727-E711-99D3-0025905A6110.root [386,295,327,328,385,296]
/store/data/Run2016H/JetHT/AOD/18Apr2017-v1/60004/52194AF9-9F27-E711-BAD7-0025905A48C0.root [657,755,663,658,754,664]
/store/data/Run2016H/JetHT/AOD/18Apr2017-v1/60004/5252C326-6127-E711-9828-0CC47A4C8E16.root [1479,1478,1465,1477,1464,1480]
/store/data/Run2016H/JetHT/AOD/18Apr2017-v1/60004/52902A5C-6426-E711-AEDE-0CC47A4D76A2.root [676,419,677,409,408,420]
/store/data/Run2016H/JetHT/AOD/18Apr2017-v1/60004/5490C85C-5927-E711-8B49-0025905B85D8.root [425,304,426,348,303,347]
/store/data/Run2016H/JetHT/AOD/18Apr2017-v1/60004/54C05EF7-6127-E711-848F-0025905B8606.root [364,533,369,363,370,532]
/store/data/Run2016H/JetHT/AOD/18Apr2017-v1/60004/564C542A-4D26-E711-B34D-0025905A6126.root [215,214,15,16]
/store/data/Run2016H/JetHT/AOD/18Apr2017-v1/60004/568A31FC-9F27-E711-8F59-0CC47A4D7658.root [921,1068,1069,1070,922]
/store/data/Run2016H/JetHT/AOD/18Apr2017-v1/60004/56C7E748-8D27-E711-98E5-0CC47A7C3572.root [1375,1370,750,1371,1374,751]
/store/data/Run2016H/JetHT/AOD/18Apr2017-v1/60004/5835A5FF-5E26-E711-BA2E-0CC47A4D767A.root [289,439,454,455,290,438]
/store/data/Run2016H/JetHT/AOD/18Apr2017-v1/60004/5A51D3F3-9F27-E711-BF92-0CC47A4C8F26.root [230,405,404,410,231,411]
/store/data/Run2016H/JetHT/AOD/18Apr2017-v1/60004/5AE74634-4D26-E711-84B3-0CC47A7C3444.root [498,783,499,257,784,256]
/store/data/Run2016H/JetHT/AOD/18Apr2017-v1/60004/5E495963-8B27-E711-AEF3-0025905A6134.root [1328,1415,1393,1326,1414,1327,1392]
/store/data/Run2016H/JetHT/AOD/18Apr2017-v1/60004/6049CB4B-3F26-E711-A374-0CC47A78A2EC.root [931,969,933,998,997,932,970]
/store/data/Run2016H/JetHT/AOD/18Apr2017-v1/60004/626C5930-5C26-E711-9669-0CC47A4D7654.root [493,673,675,597,674,492,596]
/store/data/Run2016H/JetHT/AOD/18Apr2017-v1/60004/62CFA85C-8B27-E711-81FD-0025905A6138.root [752,753,712,809,810,713]
/store/data/Run2016H/JetHT/AOD/18Apr2017-v1/60004/6830A32E-5E26-E711-9610-0025905A60E4.root [1428,1461,1462,1427]
/store/data/Run2016H/JetHT/AOD/18Apr2017-v1/60004/6887B113-5927-E711-8DA5-0CC47A78A478.root [1422,1361,818,817,1360,1423]
/store/data/Run2016H/JetHT/AOD/18Apr2017-v1/60004/6A8AD655-9227-E711-BF2C-0025905A612E.root [979,1004,1041,1003,1031,1032,980,1042]
/store/data/Run2016H/JetHT/AOD/18Apr2017-v1/60004/700EF45D-8D27-E711-87C7-0025905A611E.root [964,1011,1048,963,1027,1028,1012,1047]
/store/data/Run2016H/JetHT/AOD/18Apr2017-v1/60004/70758D99-6626-E711-B97F-0CC47A7C35B2.root [269,375,268,271,272,376]
/store/data/Run2016H/JetHT/AOD/18Apr2017-v1/60004/7096B95E-8A27-E711-8B7B-0CC47A78A3B4.root [1050,1062,1051,1052,1049,1061]
/store/data/Run2016H/JetHT/AOD/18Apr2017-v1/60004/764371ED-6327-E711-9AFE-0025905A60B6.root [1439,822,1440,821,760,761]
/store/data/Run2016H/JetHT/AOD/18Apr2017-v1/60004/7A5CAA13-5B27-E711-B500-0CC47A4C8E34.root [884,883,885,844,886,843]
/store/data/Run2016H/JetHT/AOD/18Apr2017-v1/60004/7C872110-5B27-E711-811A-0CC47A7C357A.root [437,614,613,436,447,448]
/store/data/Run2016H/JetHT/AOD/18Apr2017-v1/60004/7CA21315-A327-E711-BF38-0CC47A4D763C.root [535,202,203,534,606,605]
/store/data/Run2016H/JetHT/AOD/18Apr2017-v1/60004/8095F1CC-6127-E711-A814-0CC47A4C8E26.root [764,866,1475,1473,865,765,1472,1474,1471]
/store/data/Run2016H/JetHT/AOD/18Apr2017-v1/60004/80B6A657-8D27-E711-97FF-0CC47A4D7644.root [856,855]
/store/data/Run2016H/JetHT/AOD/18Apr2017-v1/60004/8202F342-4026-E711-BFC1-0CC47A745282.root [1274,1286,1350,1273,1284,1275,1285,1351]
/store/data/Run2016H/JetHT/AOD/18Apr2017-v1/60004/8254AFFC-5E26-E711-8854-0CC47A4D7618.root [652,708,651,705,709,704]
/store/data/Run2016H/JetHT/AOD/18Apr2017-v1/60004/8A476C53-8B27-E711-BA69-0CC47A78A3B4.root [593,641,592,629,630,642]
/store/data/Run2016H/JetHT/AOD/18Apr2017-v1/60004/8A897424-6127-E711-B26A-0CC47A4D762A.root [584,568,451,450,449,569,585]
/store/data/Run2016H/JetHT/AOD/18Apr2017-v1/60004/8EBB1B76-5F27-E711-8055-0CC47A4C8E34.root [702,735,703,660,659,734]
/store/data/Run2016H/JetHT/AOD/18Apr2017-v1/60004/921BD39A-6626-E711-B873-0CC47A7C35B2.root [736,737,837,864,838,863]
/store/data/Run2016H/JetHT/AOD/18Apr2017-v1/60004/9444467C-8B27-E711-AD54-0025905A6136.root [976,981,926,975,982,925]
/store/data/Run2016H/JetHT/AOD/18Apr2017-v1/60004/9653CDF5-5B27-E711-B239-0025905A60D6.root [951,953,954,923,924,952]
/store/data/Run2016H/JetHT/AOD/18Apr2017-v1/60004/9AC162F7-6127-E711-BABF-0025905A612E.root [538,697,728,696,539,729]
/store/data/Run2016H/JetHT/AOD/18Apr2017-v1/60004/9C6744CE-5C26-E711-9EBA-0CC47A4C8EEA.root [417,418]
/store/data/Run2016H/JetHT/AOD/18Apr2017-v1/60004/9E16DCFA-9F27-E711-AEE8-0025905B8560.root [200,201,208,209]
/store/data/Run2016H/JetHT/AOD/18Apr2017-v1/60004/A28E2610-5B27-E711-AE12-0CC47A7C357A.root [413,397,399,398,400,412]
/store/data/Run2016H/JetHT/AOD/18Apr2017-v1/60004/A2DBB861-9827-E711-8C3C-0025905B857C.root [195,196,552,553,483,482]
/store/data/Run2016H/JetHT/AOD/18Apr2017-v1/60004/A2F1D22D-8D27-E711-A03A-0025905A497A.root [928,867,927,893,868,894]
/store/data/Run2016H/JetHT/AOD/18Apr2017-v1/60004/AA4C5219-5B27-E711-ACF2-0025905A60DA.root [198,329,336,197,335,330]
/store/data/Run2016H/JetHT/AOD/18Apr2017-v1/60004/ACCCB49D-6626-E711-85AC-0025905B8560.root [206,207]
/store/data/Run2016H/JetHT/AOD/18Apr2017-v1/60004/B04F1260-9B27-E711-8CF8-0025905A6076.root [665,763,762,666,748,749]
/store/data/Run2016H/JetHT/AOD/18Apr2017-v1/60004/B0B69D90-5F27-E711-A32B-0025905A48E4.root [913,914,890,889]
/store/data/Run2016H/JetHT/AOD/18Apr2017-v1/60004/B220C15C-6426-E711-9CE6-0CC47A4D767C.root [291,292]
/store/data/Run2016H/JetHT/AOD/18Apr2017-v1/60004/B27074F6-3F26-E711-AA57-346AC29F11B0.root [1459,1460,1458]
/store/data/Run2016H/JetHT/AOD/18Apr2017-v1/60004/B2821D03-5F26-E711-8C2C-0025905B8560.root [1039,1388,1389,1403,882,1040,1402,881]
/store/data/Run2016H/JetHT/AOD/18Apr2017-v1/60004/B2C524A7-8D27-E711-BB85-0CC47A4C8F2C.root [1411,1412]
/store/data/Run2016H/JetHT/AOD/18Apr2017-v1/60004/B6313F0B-5026-E711-AB56-0CC47A7C347A.root [1491,1406,1407,1492]
/store/data/Run2016H/JetHT/AOD/18Apr2017-v1/60004/B87F83E0-5827-E711-B76C-0025905B858C.root [440,824,441,854,853,823]
/store/data/Run2016H/JetHT/AOD/18Apr2017-v1/60004/C0B1C867-8E27-E711-84CE-0025905B8610.root [988,995,891,892,987,996]
/store/data/Run2016H/JetHT/AOD/18Apr2017-v1/60004/C23F8BE0-9F27-E711-8651-0025905B85C0.root [1065,1067,1276,1066,1277]
/store/data/Run2016H/JetHT/AOD/18Apr2017-v1/60004/C2F910DE-3B26-E711-A3B9-0025905B85FC.root [801,920,802,919,945,946]
/store/data/Run2016H/JetHT/AOD/18Apr2017-v1/60004/C41CDE16-5B27-E711-BB55-0025905B8600.root [908,907]
/store/data/Run2016H/JetHT/AOD/18Apr2017-v1/60004/C60D69E3-8327-E711-96E9-0CC47A78A360.root [910,938,937,909]
/store/data/Run2016H/JetHT/AOD/18Apr2017-v1/60004/C6656963-4D26-E711-8941-0025905A60A6.root [9,10]
/store/data/Run2016H/JetHT/AOD/18Apr2017-v1/60004/C86C2F68-5F27-E711-9218-0CC47A4D7654.root [983,829,830,984]
/store/data/Run2016H/JetHT/AOD/18Apr2017-v1/60004/CA460E2F-4D26-E711-8AAD-0025905A6088.root [796,800,799,795]
/store/data/Run2016H/JetHT/AOD/18Apr2017-v1/60004/CC49668D-8B27-E711-84E1-0025905B85BA.root [851,852,204,205]
/store/data/Run2016H/JetHT/AOD/18Apr2017-v1/60004/CC4FDEEB-9F27-E711-A450-0025905A608E.root [647,648,653,654,577,576]
/store/data/Run2016H/JetHT/AOD/18Apr2017-v1/60004/CE22225F-5F27-E711-BCEC-0025905B8566.root [321,805,371,322,372,806]
/store/data/Run2016H/JetHT/AOD/18Apr2017-v1/60004/CED23974-5F27-E711-9382-0CC47A78A496.root [581,238,300,580,237,299]
/store/data/Run2016H/JetHT/AOD/18Apr2017-v1/60004/D21AC97C-6727-E711-9CAE-0CC47A4C8E86.root [255,507,254,228,229,506]
/store/data/Run2016H/JetHT/AOD/18Apr2017-v1/60004/D65FEBAF-3326-E711-AC5F-48D539F38894.root [1455,1456]
/store/data/Run2016H/JetHT/AOD/18Apr2017-v1/60004/D86DBD26-6127-E711-B516-0025905B85DC.root [706,767,798,707,797,766]
/store/data/Run2016H/JetHT/AOD/18Apr2017-v1/60004/DAD57556-5F27-E711-9387-0CC47A78A340.root [739,738,850,811,812,849]
/store/data/Run2016H/JetHT/AOD/18Apr2017-v1/60004/DC30C5EE-5B27-E711-B8B5-0025905A6110.root [956,955,959,960,978,977]
/store/data/Run2016H/JetHT/AOD/18Apr2017-v1/60004/DC60859A-6626-E711-AEC4-0CC47A4D7636.root [470,465,471,473,472,464]
/store/data/Run2016H/JetHT/AOD/18Apr2017-v1/60004/DE33999D-6626-E711-A9AF-0025905B859E.root [1385,1368,1384,1364,1369,1366,1367,1365]
/store/data/Run2016H/JetHT/AOD/18Apr2017-v1/60004/DE69245C-6426-E711-9D1D-0CC47A4D76A2.root [1424,1425]
/store/data/Run2016H/JetHT/AOD/18Apr2017-v1/60004/E0392E4A-4026-E711-9E70-0CC47A4D7678.root [1073,1046,1064,1001,1063,1002,1045,1074]
/store/data/Run2016H/JetHT/AOD/18Apr2017-v1/60004/E086824F-3F26-E711-A270-0CC47A4D7698.root [793,794,768,770,782,769,781]
/store/data/Run2016H/JetHT/AOD/18Apr2017-v1/60004/E2065003-5026-E711-A60F-0CC47A4D765E.root [912,911,939,940]
/store/data/Run2016H/JetHT/AOD/18Apr2017-v1/60004/E64964DD-6427-E711-88E1-0025905B8610.root [1443,1442]
/store/data/Run2016H/JetHT/AOD/18Apr2017-v1/60004/E6510628-6127-E711-A2B4-0025905B85FE.root [803,836,835,1143,1144,804,1145]
/store/data/Run2016H/JetHT/AOD/18Apr2017-v1/60004/E6528A0E-6427-E711-8B64-0CC47A4D76D2.root [262,263]
/store/data/Run2016H/JetHT/AOD/18Apr2017-v1/60004/E860FE5D-5927-E711-8808-0025905A611E.root [1358,1359]
/store/data/Run2016H/JetHT/AOD/18Apr2017-v1/60004/EA2F8199-8D27-E711-B4DA-0CC47A4C8F06.root [1451,1377,1449,1450,1386,1376,1387]
/store/data/Run2016H/JetHT/AOD/18Apr2017-v1/60004/EA56E501-5F26-E711-A953-0025905B85C0.root [277,23,24,278]
/store/data/Run2016H/JetHT/AOD/18Apr2017-v1/60004/EA8B9863-9B27-E711-B7D0-0CC47A4D75EE.root [1283,992,1282,1281,991,1346,1347]
/store/data/Run2016H/JetHT/AOD/18Apr2017-v1/60004/EACC99EB-8527-E711-B821-0025905A609E.root [355,356]
/store/data/Run2016H/JetHT/AOD/18Apr2017-v1/60004/ECF078FF-4F26-E711-AF1E-0CC47A4D75F2.root [967,968]
/store/data/Run2016H/JetHT/AOD/18Apr2017-v1/60004/EE239AE3-6427-E711-AAEE-0CC47A4D7698.root [217,267,216,287,266,288]
/store/data/Run2016H/JetHT/AOD/18Apr2017-v1/60004/F01C2559-5F27-E711-B6E4-0CC47A7C357A.root [221,220]
/store/data/Run2016H/JetHT/AOD/18Apr2017-v1/60004/F03CA89B-6626-E711-BF95-0025905A611E.root [485,694,484,695,693,692]
/store/data/Run2016H/JetHT/AOD/18Apr2017-v1/60004/F07A52B8-8D27-E711-95C0-0CC47A4C8E70.root [1055,1023,1043,1044,1017,1018,1024,1056]
/store/data/Run2016H/JetHT/AOD/18Apr2017-v1/60004/F4B97704-5C27-E711-8C7E-003048FFD798.root [513,444,662,512,443,661]
/store/data/Run2016H/JetHT/AOD/18Apr2017-v1/60004/F4D35ED1-5C26-E711-8D7F-0CC47A78A4BA.root [1382,1060,1059,1383]
/store/data/Run2016H/JetHT/AOD/18Apr2017-v1/60004/F65172D7-3B26-E711-A5AF-0025905A6136.root [476,691,617,690,477,618]
/store/data/Run2016H/JetHT/AOD/18Apr2017-v1/60004/F89C12AA-A227-E711-BD8C-0CC47A4D76C0.root [869,897,656,655,898,870]
/store/data/Run2016H/JetHT/AOD/18Apr2017-v1/60004/FA91C409-5026-E711-B724-0CC47A4D76C0.root [1054,1141,1072,1071,1142,1053]
/store/data/Run2016H/JetHT/AOD/18Apr2017-v1/60004/FCA25661-8E27-E711-B7B4-0CC47A7C3636.root [873,874,875,876]
/store/data/Run2016H/JetHT/AOD/18Apr2017-v1/60004/FE51B9F7-6127-E711-80B9-0025905A48F0.root [313,311,312,324,314,323]
/store/data/Run2016H/JetHT/AOD/18Apr2017-v1/60004/FE932FDE-9F27-E711-961E-0CC47A78A42C.root [947,948]
/store/data/Run2016H/JetHT/AOD/18Apr2017-v1/60004/FEAFABD2-9A27-E711-85BA-0CC47A4D7654.root [259,474,258,406,475,407]
/store/data/Run2016H/JetHT/AOD/18Apr2017-v1/60004/FEAFB710-8D27-E711-A2AA-0025905B858A.root [733,719,745,718,732,744]
/store/data/Run2016H/JetHT/AOD/18Apr2017-v1/60005/029A732D-5E26-E711-838D-0CC47A4C8EC8.root [1227,1314,1315,846,845,1225,1226,1316]
/store/data/Run2016H/JetHT/AOD/18Apr2017-v1/60005/0A4C494D-8F27-E711-81CC-0CC47A4C8F2C.root [260,261,222,223]
/store/data/Run2016H/JetHT/AOD/18Apr2017-v1/60005/0CC2B5DC-6127-E711-AF24-0CC47A7C3450.root [725,724,758,759]
/store/data/Run2016H/JetHT/AOD/18Apr2017-v1/60005/12A6D214-9627-E711-978C-0025905A60B6.root [430,377,378,431,583,582]
/store/data/Run2016H/JetHT/AOD/18Apr2017-v1/60005/12AE9B8A-A427-E711-9912-0CC47A4D7658.root [1269,905,906,1236,1267,1268,1235,1237]
/store/data/Run2016H/JetHT/AOD/18Apr2017-v1/60005/160D9921-7B27-E711-8257-0025905A609A.root [528,529,293,294]
/store/data/Run2016H/JetHT/AOD/18Apr2017-v1/60005/1AEE05B2-9D27-E711-8E42-0025905B858C.root [1325,1324,1323]
/store/data/Run2016H/JetHT/AOD/18Apr2017-v1/60005/2027068E-7327-E711-A790-0025905A607E.root [427,575,248,428,574,249]
/store/data/Run2016H/JetHT/AOD/18Apr2017-v1/60005/22B83A00-A327-E711-B31E-0025905B8600.root [540,536,541,537,549,548]
/store/data/Run2016H/JetHT/AOD/18Apr2017-v1/60005/24ABCE6E-6A27-E711-8809-0CC47A78A4B8.root [459,250,458,251]
/store/data/Run2016H/JetHT/AOD/18Apr2017-v1/60005/262AA61E-7B27-E711-BEA9-0CC47A4C8EC8.root [1435,1434,1433,1396,1394,1395]
/store/data/Run2016H/JetHT/AOD/18Apr2017-v1/60005/28955B45-9627-E711-9FC4-0CC47A78A3F4.root [986,944,985,918,917,943]
/store/data/Run2016H/JetHT/AOD/18Apr2017-v1/60005/2CBC2807-A027-E711-9ADF-0025905B861C.root [1333,1332,227,226,1334]
/store/data/Run2016H/JetHT/AOD/18Apr2017-v1/60005/343F0553-6027-E711-970E-0025905B858C.root [1320,1321,1322,1101,1099,1100]
/store/data/Run2016H/JetHT/AOD/18Apr2017-v1/60005/345EE248-9627-E711-A4D2-0CC47A4C8E3C.root [1253,1254,1255]
/store/data/Run2016H/JetHT/AOD/18Apr2017-v1/60005/3650A483-7327-E711-8205-0025905B857A.root [672,848,622,671,621,847]
/store/data/Run2016H/JetHT/AOD/18Apr2017-v1/60005/3C327C4A-7927-E711-9080-0CC47A4D76D2.root [1453,1452,916,1454,915]
/store/data/Run2016H/JetHT/AOD/18Apr2017-v1/60005/4236C38B-7327-E711-AA47-0CC47A4C8E14.root [1238,1342,1239,1467,1341,1469,1343,1468,1240]
/store/data/Run2016H/JetHT/AOD/18Apr2017-v1/60005/42E84C9E-7027-E711-A565-0025905B858C.root [1298,452,771,453,772,774,773,1296,775,1297]
/store/data/Run2016H/JetHT/AOD/18Apr2017-v1/60005/48024E30-6D27-E711-A8B8-0CC47A7C346E.root [26,25]
/store/data/Run2016H/JetHT/AOD/18Apr2017-v1/60005/48116830-7B27-E711-A5FA-0025905B855C.root [224,225,218,219]
/store/data/Run2016H/JetHT/AOD/18Apr2017-v1/60005/48C25B8F-A427-E711-92AC-0CC47A78A41C.root [1486,1305,1319,1318,1485,1317,1487,1306,1307]
/store/data/Run2016H/JetHT/AOD/18Apr2017-v1/60005/4A640E7D-5726-E711-92DD-0025905A607E.root [1137,1398,1489,1490,1138,1397,1399,1136,1488]
/store/data/Run2016H/JetHT/AOD/18Apr2017-v1/60005/529116C4-9A27-E711-B0BA-0CC47A4D7678.root [338,337]
/store/data/Run2016H/JetHT/AOD/18Apr2017-v1/60005/545E7C38-8827-E711-8784-0025905A60EE.root [1116,1117,1118]
/store/data/Run2016H/JetHT/AOD/18Apr2017-v1/60005/5C03D430-9027-E711-AD74-0025905A48D0.root [623,715,678,714,624,679]
/store/data/Run2016H/JetHT/AOD/18Apr2017-v1/60005/5CED0D13-7127-E711-9CFD-0CC47A78A3EC.root [904,1108,1165,1164,1109,1163,903,1110]
/store/data/Run2016H/JetHT/AOD/18Apr2017-v1/60005/5E6798F3-A227-E711-A23C-0CC47A4C8EB0.root [283,284,236,235]
/store/data/Run2016H/JetHT/AOD/18Apr2017-v1/60005/6021D83B-9627-E711-AA3F-0CC47A4D7646.root [610,668,609,667]
/store/data/Run2016H/JetHT/AOD/18Apr2017-v1/60005/60DCD898-7327-E711-8373-0025905B8568.root [966,1172,1170,965,871,872,1171]
/store/data/Run2016H/JetHT/AOD/18Apr2017-v1/60005/60F6A25F-A027-E711-A75C-0025905B85BC.root [1292,1290,1291]
/store/data/Run2016H/JetHT/AOD/18Apr2017-v1/60005/6882F705-A327-E711-9EA4-0025905A6134.root [572,791,567,792,573,566]
/store/data/Run2016H/JetHT/AOD/18Apr2017-v1/60005/6A2DBB37-7927-E711-9E28-0CC47A7C35C8.root [320,319]
/store/data/Run2016H/JetHT/AOD/18Apr2017-v1/60005/72731D50-7927-E711-B782-0025905B85B2.root [374,589,588,743,373,742]
/store/data/Run2016H/JetHT/AOD/18Apr2017-v1/60005/728F055B-6A27-E711-B281-0025905B860C.root [757,1372,1373,756]
/store/data/Run2016H/JetHT/AOD/18Apr2017-v1/60005/76DD9835-6E27-E711-902E-0CC47A4D7666.root [281,282]
/store/data/Run2016H/JetHT/AOD/18Apr2017-v1/60005/7C43F7BB-A427-E711-8D81-003048FFCC16.root [1293,1294,1295]
/store/data/Run2016H/JetHT/AOD/18Apr2017-v1/60005/7C9C21FE-7027-E711-964F-0CC47A7C34D0.root [1311,1312,1313]
/store/data/Run2016H/JetHT/AOD/18Apr2017-v1/60005/7EC59D01-A327-E711-AEAA-0CC47A4C8F26.root [560,563,557,562,561,556]
/store/data/Run2016H/JetHT/AOD/18Apr2017-v1/60005/8234EF9C-7027-E711-9CA5-0025905B85FC.root [1299,1301,1300]
/store/data/Run2016H/JetHT/AOD/18Apr2017-v1/60005/849E920F-7127-E711-93D1-0CC47A7C3472.root [351,555,542,543,352,554]
/store/data/Run2016H/JetHT/AOD/18Apr2017-v1/60005/9E09FD2C-6E27-E711-BCF9-0025905A60AA.root [778,780,776,777,779]
/store/data/Run2016H/JetHT/AOD/18Apr2017-v1/60005/A2F90F2D-7B27-E711-B355-0CC47A4D75EE.root [1272,730,731,1270,530,531,1271]
/store/data/Run2016H/JetHT/AOD/18Apr2017-v1/60005/A4EFCD28-A127-E711-9162-0CC47A78A440.root [1244,1310,1243,353,1309,1242,354,1308]
/store/data/Run2016H/JetHT/AOD/18Apr2017-v1/60005/A65EF21F-5726-E711-801E-0025905A60B0.root [649,650,740,741]
/store/data/Run2016H/JetHT/AOD/18Apr2017-v1/60005/A6EFBF12-9627-E711-82D7-0CC47A4D7678.root [2,273,1,274,366,365]
/store/data/Run2016H/JetHT/AOD/18Apr2017-v1/60005/A89A93D2-8727-E711-AC3C-0CC47A7C3572.root [275,279,280,276]
/store/data/Run2016H/JetHT/AOD/18Apr2017-v1/60005/B25EF01F-5726-E711-B2F2-0025905B8562.root [902,1178,899,900,901,1179,1180]
/store/data/Run2016H/JetHT/AOD/18Apr2017-v1/60005/B49DB758-6A27-E711-B3D3-0025905A611E.root [546,547,625,626,616,615]
/store/data/Run2016H/JetHT/AOD/18Apr2017-v1/60005/B64FF347-6D27-E711-B406-0CC47A78A3E8.root [1289,1035,1287,1036,628,1288,627]
/store/data/Run2016H/JetHT/AOD/18Apr2017-v1/60005/BAFEA81A-9627-E711-A47A-0025905A609E.root [746,598,633,634,747,599]
/store/data/Run2016H/JetHT/AOD/18Apr2017-v1/60005/BE22B301-8727-E711-9F14-0025905B858A.root [711,710]
/store/data/Run2016H/JetHT/AOD/18Apr2017-v1/60005/C2132E5C-6227-E711-815E-0025905A6132.root [1408,1409,1410]
/store/data/Run2016H/JetHT/AOD/18Apr2017-v1/60005/C43578A4-7E27-E711-9A79-0CC47A78A340.root [564,565,571,570,358,357]
/store/data/Run2016H/JetHT/AOD/18Apr2017-v1/60005/C8D21C36-7027-E711-995C-0025905A60D6.root [339,340]
/store/data/Run2016H/JetHT/AOD/18Apr2017-v1/60005/CC78EA8E-A427-E711-9FB0-0CC47A4D7640.root [1262,1263,1264]
/store/data/Run2016H/JetHT/AOD/18Apr2017-v1/60005/D4785992-6B27-E711-8F94-0CC47A7C3612.root [1222,1330,1183,1223,1331,1224,1181,1182,1329]
/store/data/Run2016H/JetHT/AOD/18Apr2017-v1/60005/D4A907AA-7E27-E711-B7E0-0025905B8604.root [213,212]
/store/data/Run2016H/JetHT/AOD/18Apr2017-v1/60005/D6B3CB6B-6A27-E711-A731-0CC47A4C8F18.root [491,1348,1349,502,490,503]
/store/data/Run2016H/JetHT/AOD/18Apr2017-v1/60005/D8592F34-6E27-E711-9053-0CC47A7C3636.root [462,611,607,608,612,463]
/store/data/Run2016H/JetHT/AOD/18Apr2017-v1/60005/DA6D6FF9-6127-E711-8556-0025905A6064.root [308,307]
/store/data/Run2016H/JetHT/AOD/18Apr2017-v1/60005/E404B476-A427-E711-95E0-0025905A612C.root [579,591,645,590,646,578]
/store/data/Run2016H/JetHT/AOD/18Apr2017-v1/60005/E4D7614E-6A27-E711-BCC4-0CC47A7C35F4.root [245,302,486,487,301,244]
/store/data/Run2016H/JetHT/AOD/18Apr2017-v1/60005/E4E5EA7A-5726-E711-A65B-0CC47A4D76B8.root [858,888,860,887,857,859]
/store/data/Run2016H/JetHT/AOD/18Apr2017-v1/60005/E8A259D2-6A27-E711-9510-0CC47A7C3450.root [1356,1357]
/store/data/Run2016H/JetHT/AOD/18Apr2017-v1/60005/ECCFF11D-5726-E711-AF80-0025905A60C6.root [286,285,558,559]
/store/data/Run2016H/JetHT/AOD/18Apr2017-v1/60005/F0118230-9027-E711-BF8A-0CC47A7C3572.root [1303,720,721,1302,1304]
/store/data/Run2016H/JetHT/AOD/18Apr2017-v1/60005/F2EE5C51-5C26-E711-95DB-0025905A60B0.root [1338,1340,1339]
/store/data/Run2016H/JetHT/AOD/18Apr2017-v1/60005/F8685B6B-A427-E711-B286-0025905B85B6.root [820,832,831,819,841,842]
/store/data/Run2016H/JetHT/AOD/18Apr2017-v1/60006/2228860C-6D27-E711-8C06-0CC47A4C8ED8.root [833,834]
/store/data/Run2016H/JetHT/AOD/18Apr2017-v1/60006/6C1F8E86-C826-E711-871B-0025907B4E6C.root [1335,1337,1336]
/store/data/Run2016H/JetHT/AOD/18Apr2017-v1/60006/FCB45CD8-BE26-E711-A9E5-48D539F3866E.root [545,544]
