/store/data/Run2016H/JetHT/MINIAOD/18Apr2017-v1/110000/02EF1E7D-C825-E711-85C3-E0071B6C9DE0.root [1419,1418]
/store/data/Run2016H/JetHT/MINIAOD/18Apr2017-v1/110000/10D1713B-F425-E711-9632-24BE05C48831.root [381,382]
/store/data/Run2016H/JetHT/MINIAOD/18Apr2017-v1/110000/12F56EDC-D025-E711-B4CB-E0071B73C620.root [1447,125,124,1448]
/store/data/Run2016H/JetHT/MINIAOD/18Apr2017-v1/110000/1877586B-EE25-E711-B481-5065F3817221.root [1157,1156,1155]
/store/data/Run2016H/JetHT/MINIAOD/18Apr2017-v1/110000/269C3B34-C925-E711-A804-A0000420FE80.root [1378,1379]
/store/data/Run2016H/JetHT/MINIAOD/18Apr2017-v1/110000/28C832FA-BF25-E711-A18B-24BE05CE4D91.root [1135,1195,1232,1219,1207,1252,1259,1131,1199]
/store/data/Run2016H/JetHT/MINIAOD/18Apr2017-v1/110000/2A579C8B-F126-E711-B817-0CC47A4C8F12.root [11,12,395,396]
/store/data/Run2016H/JetHT/MINIAOD/18Apr2017-v1/110000/2C822363-D525-E711-9C48-5065F38142E1.root [186,331,187,332]
/store/data/Run2016H/JetHT/MINIAOD/18Apr2017-v1/110000/2EC3B8F4-CA25-E711-B787-A0000420FE80.root [1344,1345]
/store/data/Run2016H/JetHT/MINIAOD/18Apr2017-v1/110000/3412BB0B-D025-E711-807D-5065F381E211.root [1446,160,161,509,508,1445,1420,1421]
/store/data/Run2016H/JetHT/MINIAOD/18Apr2017-v1/110000/3AB8D543-BD25-E711-95F5-E0071B73B6D0.root [1203,1211]
/store/data/Run2016H/JetHT/MINIAOD/18Apr2017-v1/110000/3E0C94BF-C125-E711-B0E9-5065F381F291.root [416]
/store/data/Run2016H/JetHT/MINIAOD/18Apr2017-v1/110000/3E104F3A-E225-E711-961C-0CC47A7452D8.root [138,139,144,174,387,423,1127,1220,134,135,1158,422,1221,145,1115,1154,175,1123,1191,388,518,519,1088,1092,1177]
/store/data/Run2016H/JetHT/MINIAOD/18Apr2017-v1/110000/425CB021-DB25-E711-AFAD-5065F3817281.root [586,587]
/store/data/Run2016H/JetHT/MINIAOD/18Apr2017-v1/110000/4478FA2F-0026-E711-A952-A0000420FE80.root [90,91]
/store/data/Run2016H/JetHT/MINIAOD/18Apr2017-v1/110000/4645CC61-CE25-E711-ADF4-24BE05CE4D91.root [699,698]
/store/data/Run2016H/JetHT/MINIAOD/18Apr2017-v1/110000/4E0F3CF9-1C26-E711-8401-0CC47A4D76A0.root [88,69,82,83,191,1186,31,67,240,33,192,526,1185,68,106,107,1184,34,43,44,241,317,14,32,89,318,527,13,66]
/store/data/Run2016H/JetHT/MINIAOD/18Apr2017-v1/110000/4EDD852C-E625-E711-8CBE-0CC47A7C3472.root [176,505,6,150,151,504,1107,5,305,1096,1169,1187,143,306,368,1162,1497,177,403,1078,1150,1416,1499,1215,142,367,1417,1498]
/store/data/Run2016H/JetHT/MINIAOD/18Apr2017-v1/110000/548A1FD5-EA26-E711-BC24-0025905A60FE.root [147,173,146,172]
/store/data/Run2016H/JetHT/MINIAOD/18Apr2017-v1/110000/56695583-F925-E711-B218-0CC47A7C34C8.root [149,1210,64,114,148,1256,3,39,40,183,1077,1208,132,1112,1113,1251,65,1209,4,115,133,1249,1075,1124,1125,1250,1258,182,1076,1114,1126,1257]
/store/data/Run2016H/JetHT/MINIAOD/18Apr2017-v1/110000/56F33658-C825-E711-8E13-24BE05CE4D91.root [1260,1234,1233,1261]
/store/data/Run2016H/JetHT/MINIAOD/18Apr2017-v1/110000/62AB60DA-EE25-E711-9473-0CC47A7C35A8.root [37,38,129,1086,1194,1198,81,390,1133,1192,521,1085,1231,80,514,515,1134,136,137,1196,1197,128,1193,389,1230,520,1087,1132,1229]
/store/data/Run2016H/JetHT/MINIAOD/18Apr2017-v1/110000/6E8A972D-CF25-E711-808F-E0071B7AC750.root [414,415,1097,1381,972,1098,1380,971]
/store/data/Run2016H/JetHT/MINIAOD/18Apr2017-v1/110000/74C08842-FB25-E711-A2FF-0025905A6076.root [28,97,152,1167,1189,126,153,1147,27,112,155,1121,20,1120,1149,1168,19,96,154,1166,8,113,1148,1190,1122,7,127,1188]
/store/data/Run2016H/JetHT/MINIAOD/18Apr2017-v1/110000/864C3237-F125-E711-A22C-E0071B741D70.root [383,384]
/store/data/Run2016H/JetHT/MINIAOD/18Apr2017-v1/110000/86E13B35-E125-E711-86C7-5065F3812221.root [70,71,75,121,74,120]
/store/data/Run2016H/JetHT/MINIAOD/18Apr2017-v1/110000/9240516E-F525-E711-96B6-5065F3819221.root [63,62]
/store/data/Run2016H/JetHT/MINIAOD/18Apr2017-v1/110000/92CE752A-F025-E711-B592-0025905AA9CC.root [402,1093,1174,21,79,1176,1213,122,401,516,1175,1206,78,362,1214,123,184,361,517,1094,1200,1201,1202,22,185,1212,1095,1204,1205]
/store/data/Run2016H/JetHT/MINIAOD/18Apr2017-v1/110000/967C7249-D225-E711-9766-24BE05C6C741.root [525,524]
/store/data/Run2016H/JetHT/MINIAOD/18Apr2017-v1/110000/9A3B971B-D725-E711-B665-24BE05C488E1.root [117,51,52,76,77,116,58,59]
/store/data/Run2016H/JetHT/MINIAOD/18Apr2017-v1/110000/A04CBFB5-DF25-E711-BF50-5065F3812221.root [156,157]
/store/data/Run2016H/JetHT/MINIAOD/18Apr2017-v1/110000/A4FED58E-D025-E711-8F5F-24BE05C6C741.root [309,310]
/store/data/Run2016H/JetHT/MINIAOD/18Apr2017-v1/110000/AE5E8095-0A26-E711-B515-0CC47A4D7658.root [35,53,342,359,60,163,1216,1089,131,162,315,326,36,61,130,316,341,360,1090,55,168,1091,54,169,325,1217,1218]
/store/data/Run2016H/JetHT/MINIAOD/18Apr2017-v1/110000/B2F2DC13-F725-E711-862E-E0071B7A58B0.root [111,166,110,118,119,167]
/store/data/Run2016H/JetHT/MINIAOD/18Apr2017-v1/110000/BC001DCF-0126-E711-B782-E0071B7AC770.root [93,92]
/store/data/Run2016H/JetHT/MINIAOD/18Apr2017-v1/110000/C2099208-0826-E711-91F6-0025905A609A.root [95,1152,1161,179,30,394,1129,193,194,1159,84,94,188,1130,1151,1153,29,85,164,178,190,393,1104,1128,1160,41,42,189,1105,165,1106]
/store/data/Run2016H/JetHT/MINIAOD/18Apr2017-v1/110000/CCE0FBF4-F825-E711-B99B-24BE05CEACA1.root [108,109,86,87]
/store/data/Run2016H/JetHT/MINIAOD/18Apr2017-v1/110000/CEC3DD40-0E26-E711-A5B7-A0000420FE80.root [510,511]
/store/data/Run2016H/JetHT/MINIAOD/18Apr2017-v1/110000/D0ED89E0-D225-E711-A894-E0071B7A9810.root [48,522,523,47]
/store/data/Run2016H/JetHT/MINIAOD/18Apr2017-v1/110000/D64070B4-4626-E711-9CEB-0025905B85DE.root [50,159,346,49,46,343,56,73,104,158,101,103,171,17,45,72,100,102,105,18,57,98,345,99,170,344]
/store/data/Run2016H/JetHT/MINIAOD/18Apr2017-v1/110000/E2C0AF9C-CA25-E711-A9FD-A0000420FE80.root [1404,1140,1139,1405]
/store/data/Run2016H/JetHT/MINIAOD/18Apr2017-v1/110000/F47DA768-D325-E711-8DA1-5065F381F291.root [141,140]
/store/data/Run2016H/JetHT/MINIAOD/18Apr2017-v1/110000/F4F79447-D825-E711-8439-5065F37D4131.root [180,181]
/store/data/Run2016H/JetHT/MINIAOD/18Apr2017-v1/60000/02343674-4726-E711-9E48-0025905B857A.root [662,839,843,883,885,959,960,335,391,670,826,878,907,813,814,336,397,669,786,844,877,924,953,954,661,808,392,437,785,840,436,717,807,884,908,923,398,716,825,886]
/store/data/Run2016H/JetHT/MINIAOD/18Apr2017-v1/60000/06699F09-4226-E711-ACA7-0025905A613C.root [289,674,1040,1402,290,417,673,418,278,460,1382,1403,439,461,675,1039,651,652,708,709,1389,1383,1388,277,438]
/store/data/Run2016H/JetHT/MINIAOD/18Apr2017-v1/60000/084025CF-5426-E711-BC57-0CC47A4D76AC.root [558,559,528,731,219,1435,730,902,1434,218,529,901,1433]
/store/data/Run2016H/JetHT/MINIAOD/18Apr2017-v1/60000/08506456-4226-E711-B26E-0CC47A7C3458.root [596,206,292,694,454,863,864,271,457,469,470,471,472,484,272,455,456,485,492,695,705,291,468,473,597,881,207,493,704,882]
/store/data/Run2016H/JetHT/MINIAOD/18Apr2017-v1/60000/0862B007-4226-E711-8199-0CC47A4C8F06.root [788,1359,682,787,817,818,334,440,1358,333,441,683]
/store/data/Run2016H/JetHT/MINIAOD/18Apr2017-v1/60000/0A21BDAD-4126-E711-AF6F-0CC47A4C8EE8.root [1060,1367,1391,1428,1368,1427,1366,1390,1364,1365,1461,1059,1462,1369]
/store/data/Run2016H/JetHT/MINIAOD/18Apr2017-v1/60000/0C398DE0-4C26-E711-A1D0-0CC47A4D7662.root [1036,1289,26,627,1035,1288,611,1287,628,612,25]
/store/data/Run2016H/JetHT/MINIAOD/18Apr2017-v1/60000/0E48535F-4726-E711-A8F8-0CC47A4D7604.root [1144,1442,568,1143,696,722,803,216,804,1145,1443,569,217,584,585,761,697,723,760]
/store/data/Run2016H/JetHT/MINIAOD/18Apr2017-v1/60000/12D66FC0-2D26-E711-9BA8-0025905B8596.root [500,270,501]
/store/data/Run2016H/JetHT/MINIAOD/18Apr2017-v1/60000/18C48F90-2126-E711-B869-0CC47A78A426.root [429,1248]
/store/data/Run2016H/JetHT/MINIAOD/18Apr2017-v1/60000/18FAC50C-4826-E711-8590-0CC47A78A418.root [267,680,681,685,790,265,264,496,789,861,263,288,684,726,727,1440,262,497,821,822,266,287,700,701,862,1439]
/store/data/Run2016H/JetHT/MINIAOD/18Apr2017-v1/60000/1A5CF560-6026-E711-88F0-0CC47A4D7690.root [1306,1307,1310,354,1292,353,1305,1308,1309,1291,1290]
/store/data/Run2016H/JetHT/MINIAOD/18Apr2017-v1/60000/1CE02FFE-3926-E711-B5F3-0CC47A7C3432.root [407,1347,762,992,259,406,258,1346,748,763,474,475,749,991]
/store/data/Run2016H/JetHT/MINIAOD/18Apr2017-v1/60000/200F892D-6026-E711-BC7A-0025905A6084.root [1262,1263,1264,1487,1485,1486]
/store/data/Run2016H/JetHT/MINIAOD/18Apr2017-v1/60000/22B3AF3D-6026-E711-80E3-0CC47A4D7654.root [1243,1244,1318,1242,1319,1317]
/store/data/Run2016H/JetHT/MINIAOD/18Apr2017-v1/60000/22BCEC80-5426-E711-A42D-0025905B857A.root [357,374,373,564,358,571,213,565,589,212,570,588]
/store/data/Run2016H/JetHT/MINIAOD/18Apr2017-v1/60000/265625E7-3526-E711-AE72-0025905A608C.root [247,246,196,195]
/store/data/Run2016H/JetHT/MINIAOD/18Apr2017-v1/60000/267A89FF-2126-E711-AA47-0025905B8574.root [1413,442,1426,446,934,199]
/store/data/Run2016H/JetHT/MINIAOD/18Apr2017-v1/60000/2C1E7E5E-4726-E711-904A-0CC47A4D7638.root [956,952,978,816,951,977,613,614,815,955]
/store/data/Run2016H/JetHT/MINIAOD/18Apr2017-v1/60000/2EE9E1FD-2126-E711-A5A0-0025905B85C0.root [232,1119,1429]
/store/data/Run2016H/JetHT/MINIAOD/18Apr2017-v1/60000/42EBF3CA-5426-E711-874C-0CC47A78A418.root [791,846,1268,1269,560,561,646,1225,1226,1227,1237,572,573,1235,1267,1316,536,591,645,792,832,1314,578,1315,537,540,590,831,541,579,845,1236]
/store/data/Run2016H/JetHT/MINIAOD/18Apr2017-v1/60000/48B3CD9C-3526-E711-ADA0-0025905B85BC.root [896,999,1034,478,827,828,941,1265,479,990,1000,1266,895,989,1033,942]
/store/data/Run2016H/JetHT/MINIAOD/18Apr2017-v1/60000/4A4CA92D-6026-E711-A688-0025905A6084.root [1118,1116,1117]
/store/data/Run2016H/JetHT/MINIAOD/18Apr2017-v1/60000/527627E2-4126-E711-ADD4-0025905B85D0.root [355,1407,15,795,1406,257,603,604,687,784,1280,215,356,214,256,686,783,912,16,796,1278,911,1279]
/store/data/Run2016H/JetHT/MINIAOD/18Apr2017-v1/60000/5A1ECFF1-3926-E711-B49D-0025905B85F6.root [993,1350,637,638,770,994,1351,769,970,691,969,768,1354,1064,1355,690,801,802,919,920,1063]
/store/data/Run2016H/JetHT/MINIAOD/18Apr2017-v1/60000/5A777BC5-4726-E711-99EB-0025905A60E4.root [297,298,370,707,766,836,1474,538,1477,1479,386,865,866,1464,1473,451,798,1478,323,327,450,539,764,1465,1472,364,385,449,532,706,797,1480,324,328,369,533,729,767,835,1471,1475,363,728,765]
/store/data/Run2016H/JetHT/MINIAOD/18Apr2017-v1/60000/5C1CDAFF-3926-E711-8FB3-0025905A6076.root [1010,1009,1024,202,982,1055,1056,1352,1018,1023,1353,1017,1021,205,203,204,851,1022,852,981]
/store/data/Run2016H/JetHT/MINIAOD/18Apr2017-v1/60000/5C6E42CB-5426-E711-8EFD-0CC47A78A4BA.root [319,1454,916,320,1452,1453,743,915,742]
/store/data/Run2016H/JetHT/MINIAOD/18Apr2017-v1/60000/5EE10C22-5A26-E711-A903-0025905B85DE.root [1324,1325,1331,1222,1224,1323,1329,1330,1223]
/store/data/Run2016H/JetHT/MINIAOD/18Apr2017-v1/60000/606FD59D-3526-E711-922F-0025905B8566.root [1014,1083,1495,1013,1050,1051,1084,1494,1052,1062,936,958,1006,1061,935,957,1005,1049]
/store/data/Run2016H/JetHT/MINIAOD/18Apr2017-v1/60000/608BA3FA-3926-E711-873F-0CC47A4D764A.root [411,921,1276,647,201,209,663,947,948,922,200,410,664,208,648,1277]
/store/data/Run2016H/JetHT/MINIAOD/18Apr2017-v1/60000/660A9E12-2A26-E711-A1B4-0025905A60E0.root [1228,1493,1432,1444,1111,1146,1441,421,1241]
/store/data/Run2016H/JetHT/MINIAOD/18Apr2017-v1/60000/6C2293F9-3926-E711-A100-0025905B8574.root [605,656,925,1411,534,655,926,976,1483,1044,1482,869,898,975,1079,535,1043,897,1080,1412,606,870,1025,1026]
/store/data/Run2016H/JetHT/MINIAOD/18Apr2017-v1/60000/6E72C252-2D26-E711-9223-0025905A60F8.root [929,1015,1016,974,930,973]
/store/data/Run2016H/JetHT/MINIAOD/18Apr2017-v1/60000/6EB41704-3A26-E711-9894-0CC47A78A440.root [476,617,477,781,782,618]
/store/data/Run2016H/JetHT/MINIAOD/18Apr2017-v1/60000/705CE1E2-6327-E711-A74C-0CC47A7C345C.root [834,833]
/store/data/Run2016H/JetHT/MINIAOD/18Apr2017-v1/60000/748B6239-1926-E711-8DA1-0CC47A4D7674.root [1470]
/store/data/Run2016H/JetHT/MINIAOD/18Apr2017-v1/60000/786FC6FF-4C26-E711-BC7A-0CC47A4D7678.root [228,254,255,349,350,712,718,229,642,732,752,753,253,594,713,719,733,745,810,252,641,809,595,744]
/store/data/Run2016H/JetHT/MINIAOD/18Apr2017-v1/60000/7889E2FC-4126-E711-B0B2-0025905A6134.root [23,24]
/store/data/Run2016H/JetHT/MINIAOD/18Apr2017-v1/60000/7C7EDFEE-5426-E711-8990-0025905B85D2.root [650,279,280,649,740,741]
/store/data/Run2016H/JetHT/MINIAOD/18Apr2017-v1/60000/7E8EB53D-5A26-E711-A2C8-0025905A6122.root [1322,1100,1101,1321,1099,1320]
/store/data/Run2016H/JetHT/MINIAOD/18Apr2017-v1/60000/860450CB-5426-E711-A6BC-0CC47A78A4BA.root [275,759,308,276,758,307]
/store/data/Run2016H/JetHT/MINIAOD/18Apr2017-v1/60000/88FE6D7E-2D26-E711-906E-0025905A60A6.root [480,481,643,644]
/store/data/Run2016H/JetHT/MINIAOD/18Apr2017-v1/60000/8AEDCA4E-5A26-E711-B357-0CC47A4D76AC.root [261,260,720,721]
/store/data/Run2016H/JetHT/MINIAOD/18Apr2017-v1/60000/8C2293E9-4C26-E711-8052-0CC47A4D7678.root [490,503,1356,1377,244,547,1386,1387,1449,502,616,1371,1375,1376,1450,1451,251,301,486,546,1370,1374,245,250,487,757,302,491,615,756,1357]
/store/data/Run2016H/JetHT/MINIAOD/18Apr2017-v1/60000/8C940D11-2A26-E711-BE92-0025905A6118.root [961,1463,962]
/store/data/Run2016H/JetHT/MINIAOD/18Apr2017-v1/60000/8CD5F957-4726-E711-895F-0CC47A4C8ECA.root [330,399,512,448,513,197,413,433,400,444,379,434,198,329,447,380,412,443]
/store/data/Run2016H/JetHT/MINIAOD/18Apr2017-v1/60000/8E2340AB-3526-E711-A7AF-0CC47A7C3636.root [553,600,601,482,483,552]
/store/data/Run2016H/JetHT/MINIAOD/18Apr2017-v1/60000/8E6AC94C-2D26-E711-B71E-0025907B4F78.root [1457]
/store/data/Run2016H/JetHT/MINIAOD/18Apr2017-v1/60000/90D78091-2126-E711-8552-0025905A60DE.root [1496,445]
/store/data/Run2016H/JetHT/MINIAOD/18Apr2017-v1/60000/9661F43B-5A26-E711-AA08-0025905A60E4.root [1332,1340,1338,1333,1334,1339]
/store/data/Run2016H/JetHT/MINIAOD/18Apr2017-v1/60000/986492A6-4726-E711-BA53-0025905B8582.root [234,242,311,233,313,312,314,243]
/store/data/Run2016H/JetHT/MINIAOD/18Apr2017-v1/60000/9A5279FE-5926-E711-9D09-0025905B8574.root [668,667]
/store/data/Run2016H/JetHT/MINIAOD/18Apr2017-v1/60000/9CF0F63A-5A26-E711-A69D-003048FFD75A.root [1182,1183,1181]
/store/data/Run2016H/JetHT/MINIAOD/18Apr2017-v1/60000/9E31D499-3526-E711-9FCC-0CC47A4C8E1C.root [868,892,1027,867,891,963,1028,1141,964,1142]
/store/data/Run2016H/JetHT/MINIAOD/18Apr2017-v1/60000/9ED0C453-2D26-E711-A620-0025905A48C0.root [950,949]
/store/data/Run2016H/JetHT/MINIAOD/18Apr2017-v1/60000/A0B0943D-1926-E711-8B25-0CC47A4C8F06.root [1476]
/store/data/Run2016H/JetHT/MINIAOD/18Apr2017-v1/60000/A4805AEA-5926-E711-BF3D-0025905A6060.root [715,1303,223,714,1302,624,678,222,623,1304,679]
/store/data/Run2016H/JetHT/MINIAOD/18Apr2017-v1/60000/A4901BC2-4726-E711-B845-0025905A607E.root [295,296]
/store/data/Run2016H/JetHT/MINIAOD/18Apr2017-v1/60000/A6F4500D-2A26-E711-88BB-0025905A60FE.root [424,1484,640,1438,239,1481,639]
/store/data/Run2016H/JetHT/MINIAOD/18Apr2017-v1/60000/A8860EB7-4226-E711-BF90-0CC47A78A418.root [692,1400,1424,420,689,1384,1385,1401,736,268,269,409,676,677,376,408,838,1425,375,837,419,688,693,464,465,737]
/store/data/Run2016H/JetHT/MINIAOD/18Apr2017-v1/60000/A89CC0C2-4126-E711-A2D5-0025905A607E.root [620,967,1247,1492,10,1007,1008,499,1246,940,968,631,632,799,800,1491,9,939,1245,498,619]
/store/data/Run2016H/JetHT/MINIAOD/18Apr2017-v1/60000/AC4874E7-5426-E711-BE8E-0CC47A4D76C8.root [2,366,430,427,428,574,583,431,1,378,575,582,365,377]
/store/data/Run2016H/JetHT/MINIAOD/18Apr2017-v1/60000/AC9D4ACB-5426-E711-93FA-0CC47A78A4BA.root [293,224,531,1178,1179,1271,1396,294,1395,225,286,1270,285,530,899,900,1180,1272,1394]
/store/data/Run2016H/JetHT/MINIAOD/18Apr2017-v1/60000/ACA2F6EF-4C26-E711-89D9-0025905B859A.root [351,352,452,554,772,1110,775,453,774,1108,543,773,555,542,771,1109]
/store/data/Run2016H/JetHT/MINIAOD/18Apr2017-v1/60000/BA2A3562-4726-E711-B17E-0025905A6068.root [371,237,372,581,913,812,830,321,806,238,322,739,805,984,220,221,914,580,738,811,829,983]
/store/data/Run2016H/JetHT/MINIAOD/18Apr2017-v1/60000/BA6BA35D-4726-E711-A818-0CC47A4D7640.root [659,735,702,734,849,889,300,660,299,703,850,890]
/store/data/Run2016H/JetHT/MINIAOD/18Apr2017-v1/60000/BC193705-4D26-E711-9B91-0025905A6104.root [592,495,629,750,506,593,751,494,507,630]
/store/data/Run2016H/JetHT/MINIAOD/18Apr2017-v1/60000/C0DD84F8-3926-E711-9FAF-0CC47A4D767E.root [654,1066,657,1067,1070,576,231,755,1068,577,658,1065,230,404,405,754,653,1069]
/store/data/Run2016H/JetHT/MINIAOD/18Apr2017-v1/60000/C4CCB3AB-4626-E711-A6E5-48D539F38636.root [1458,1460,1459]
/store/data/Run2016H/JetHT/MINIAOD/18Apr2017-v1/60000/CC92C1C6-5426-E711-8FAF-0CC47A4D76B8.root [710,725,711,724]
/store/data/Run2016H/JetHT/MINIAOD/18Apr2017-v1/60000/CC9DE370-2D26-E711-8283-0025905A48B2.root [1082,1019,1362,1363,1436,1029,880,1030,879,1020,1081,1437]
/store/data/Run2016H/JetHT/MINIAOD/18Apr2017-v1/60000/D0405EEB-5426-E711-9C74-0CC47A4D765A.root [273,1172,1238,248,622,847,1171,1469,249,633,872,857,887,986,1137,1240,274,1136,1239,1468,634,848,888,917,918,943,985,1488,858,871,1138,1397,1467,1490,621,944,1170,1398,1399,1489]
/store/data/Run2016H/JetHT/MINIAOD/18Apr2017-v1/60000/D0B60404-4D26-E711-B597-0CC47A4C8F06.root [282,779,1163,1312,340,607,608,778,904,1300,281,780,1298,463,1164,1165,1297,1299,1311,462,776,903,1296,1301,339,777,1313]
/store/data/Run2016H/JetHT/MINIAOD/18Apr2017-v1/60000/D44830F1-C526-E711-8FA7-F02FA768CFD8.root [1336,544,545,1337,1335]
/store/data/Run2016H/JetHT/MINIAOD/18Apr2017-v1/60000/D62BDB11-2A26-E711-9938-0CC47A4C8E5E.root [602,432,1173,1466]
/store/data/Run2016H/JetHT/MINIAOD/18Apr2017-v1/60000/D69DC900-3A26-E711-ABBB-0CC47A78A4A6.root [665,666,1283,1282,1281]
/store/data/Run2016H/JetHT/MINIAOD/18Apr2017-v1/60000/D83C9FFC-2126-E711-ADB9-0025905A612E.root [435]
/store/data/Run2016H/JetHT/MINIAOD/18Apr2017-v1/60000/D878E7C1-2D26-E711-A73E-0CC47A78A4A6.root [1102,1103]
/store/data/Run2016H/JetHT/MINIAOD/18Apr2017-v1/60000/D8BFE9EC-5926-E711-A56B-0CC47A78A4BA.root [609,1254,1255,610,226,227,1253]
/store/data/Run2016H/JetHT/MINIAOD/18Apr2017-v1/60000/E0DFE2C1-5926-E711-8F75-0CC47A4C8EEA.root [337,338]
/store/data/Run2016H/JetHT/MINIAOD/18Apr2017-v1/60000/E4B03FB2-4126-E711-9752-0025905A60B0.root [303,211,425,426,853,1360,1361,210,550,635,636,348,304,347,1422,1423,551,824,854,823]
/store/data/Run2016H/JetHT/MINIAOD/18Apr2017-v1/60000/E81C02C7-5426-E711-B73F-0CC47A4D765E.root [549,567,820,1293,548,566,841,1295,236,562,563,842,905,819,235,906,556,557,1294]
/store/data/Run2016H/JetHT/MINIAOD/18Apr2017-v1/60000/EA7DA8A5-3526-E711-BD8D-0CC47A7C34D0.root [894,855,987,1048,873,875,928,988,995,1011,1071,893,927,996,1012,1054,874,876,1047,1072,856,1053]
/store/data/Run2016H/JetHT/MINIAOD/18Apr2017-v1/60000/EC0B6FCB-5426-E711-B789-0CC47A4C8EB0.root [598,747,860,859,966,599,671,672,965,1342,1343,746,1341]
/store/data/Run2016H/JetHT/MINIAOD/18Apr2017-v1/60000/EC70A029-6026-E711-9143-0CC47A7452D0.root [1409,1410,1408]
/store/data/Run2016H/JetHT/MINIAOD/18Apr2017-v1/60000/F4446ECC-5426-E711-814E-0025905A6060.root [283,284]
/store/data/Run2016H/JetHT/MINIAOD/18Apr2017-v1/60000/F65FD3AF-3526-E711-BC68-0025905B8564.root [488,909,1004,1042,467,938,980,489,937,1032,1003,1041,466,910,979,1031]
/store/data/Run2016H/JetHT/MINIAOD/18Apr2017-v1/60000/F6BCB0E5-4C26-E711-83E5-0CC47A7C3458.root [626,1348,1349,625,1327,1431,1414,1326,1393,459,1392,1415,1430,458,1372,1373,1328]
/store/data/Run2016H/JetHT/MINIAOD/18Apr2017-v1/60000/F89F3AF8-3926-E711-870B-0025905A608A.root [931,945,1046,1057,1074,1285,1073,1284,933,1045,1001,793,794,997,1002,1058,1275,946,1273,932,998,1274,1286]
/store/data/Run2016H/JetHT/MINIAOD/18Apr2017-v1/60000/FA6DF797-3526-E711-8BFF-0CC47A7C3628.root [1037,1038]
/store/data/Run2016H/JetHT/MINIAOD/18Apr2017-v1/60000/FE4425AA-3326-E711-958D-48FD8E282497.root [1456,1455]
