/store/data/Run2017F/ZeroBias/RAW/v1/000/305/064/00000/0012D34D-69B1-E711-B836-02163E01A512.root [704,700,702,703,701]
/store/data/Run2017F/ZeroBias/RAW/v1/000/305/064/00000/0035855F-69B1-E711-B27D-02163E01A2B9.root [1562,1561,1563,1565,1564,1566,1567]
/store/data/Run2017F/ZeroBias/RAW/v1/000/305/064/00000/005A2D22-16B1-E711-A438-02163E01A5DB.root [591,593,592,594]
/store/data/Run2017F/ZeroBias/RAW/v1/000/305/064/00000/00ABF76A-16B1-E711-8AC2-02163E01A1F6.root [601,600,599,602]
/store/data/Run2017F/ZeroBias/RAW/v1/000/305/064/00000/00FC5D7E-69B1-E711-8F0E-02163E019CF1.root [819,817,818,816,815]
/store/data/Run2017F/ZeroBias/RAW/v1/000/305/064/00000/00FD0DF9-FCB0-E711-81BB-02163E014691.root [122,123,124]
/store/data/Run2017F/ZeroBias/RAW/v1/000/305/064/00000/026D06BF-12B1-E711-B7C4-02163E014136.root [532,529,531,530]
/store/data/Run2017F/ZeroBias/RAW/v1/000/305/064/00000/0421720E-15B1-E711-A693-02163E011F28.root [574,575,576,577]
/store/data/Run2017F/ZeroBias/RAW/v1/000/305/064/00000/043C8514-04B1-E711-AB1E-02163E019B92.root [255,252,253,254]
/store/data/Run2017F/ZeroBias/RAW/v1/000/305/064/00000/06149C2B-01B1-E711-A5E8-02163E01A561.root [196,198,199,197]
/store/data/Run2017F/ZeroBias/RAW/v1/000/305/064/00000/0668F240-69B1-E711-BDF0-02163E013590.root [1613,1615,1610,1611,1612,1614,1616]
/store/data/Run2017F/ZeroBias/RAW/v1/000/305/064/00000/06AB1328-69B1-E711-95B5-02163E01A261.root [1701,1705,1707,1706,1702,1703,1704]
/store/data/Run2017F/ZeroBias/RAW/v1/000/305/064/00000/06E046CC-0CB1-E711-9DC2-02163E0138A6.root [412,413,415,414]
/store/data/Run2017F/ZeroBias/RAW/v1/000/305/064/00000/08345113-0BB1-E711-817A-02163E012533.root [385,386,384,387]
/store/data/Run2017F/ZeroBias/RAW/v1/000/305/064/00000/08366F58-69B1-E711-A89E-02163E014282.root [1589,1590,1592,1593,1595,1591,1594]
/store/data/Run2017F/ZeroBias/RAW/v1/000/305/064/00000/0840D934-69B1-E711-9A8D-02163E01A77B.root [781,783,782,780,784]
/store/data/Run2017F/ZeroBias/RAW/v1/000/305/064/00000/08A31586-05B1-E711-BCA3-02163E019D6E.root [291,289,288,290]
/store/data/Run2017F/ZeroBias/RAW/v1/000/305/064/00000/08C2BC38-69B1-E711-911E-02163E01396F.root [2001,2005,2002,2003,2006,1999,2000,2004]
/store/data/Run2017F/ZeroBias/RAW/v1/000/305/064/00000/08CF8873-F6B0-E711-ADC5-02163E011B75.root [3,1,2]
/store/data/Run2017F/ZeroBias/RAW/v1/000/305/064/00000/0A037B5F-69B1-E711-AC80-02163E01A6C4.root [1021,1022,1023,1025,1024]
/store/data/Run2017F/ZeroBias/RAW/v1/000/305/064/00000/0A625F5A-0DB1-E711-BD10-02163E014579.root [432,433,434,435]
/store/data/Run2017F/ZeroBias/RAW/v1/000/305/064/00000/0AF80440-69B1-E711-AB66-02163E01A4DF.root [1751,1756,1750,1753,1755,1754,1752]
/store/data/Run2017F/ZeroBias/RAW/v1/000/305/064/00000/0C2A0D6D-F6B0-E711-BE46-02163E01A400.root [4,5,6]
/store/data/Run2017F/ZeroBias/RAW/v1/000/305/064/00000/0C848F75-02B1-E711-8D23-02163E011CB5.root [217,219,216,218]
/store/data/Run2017F/ZeroBias/RAW/v1/000/305/064/00000/0C962FC3-FDB0-E711-932F-02163E014303.root [136,137,138,139]
/store/data/Run2017F/ZeroBias/RAW/v1/000/305/064/00000/0ED68A41-69B1-E711-8C4E-02163E019BD2.root [794,791,793,790,792]
/store/data/Run2017F/ZeroBias/RAW/v1/000/305/064/00000/1274C65E-69B1-E711-B2E5-02163E019BDB.root [2019,2015,2016,2022,2018,2020,2021,2023,2017]
/store/data/Run2017F/ZeroBias/RAW/v1/000/305/064/00000/12A04CD4-0FB1-E711-90B6-02163E01A560.root [475,476,473,474]
/store/data/Run2017F/ZeroBias/RAW/v1/000/305/064/00000/12E74562-69B1-E711-9201-02163E01A2B5.root [1771,1775,1772,1777,1773,1774,1776]
/store/data/Run2017F/ZeroBias/RAW/v1/000/305/064/00000/143383B9-0EB1-E711-B9A2-02163E01433C.root [455,454,452,453]
/store/data/Run2017F/ZeroBias/RAW/v1/000/305/064/00000/1441835F-69B1-E711-B057-02163E019E58.root [988,987,989,986,990]
/store/data/Run2017F/ZeroBias/RAW/v1/000/305/064/00000/14CEA05F-69B1-E711-A156-02163E01A4AC.root [1714,1708,1709,1710,1713,1712,1711]
/store/data/Run2017F/ZeroBias/RAW/v1/000/305/064/00000/1857557D-69B1-E711-A2C1-02163E01A3D5.root [1004,1002,1005,1001,1003]
/store/data/Run2017F/ZeroBias/RAW/v1/000/305/064/00000/18593D2A-69B1-E711-9C57-02163E0138AE.root [1325,1323,1322,1320,1324,1321]
/store/data/Run2017F/ZeroBias/RAW/v1/000/305/064/00000/18DF246C-69B1-E711-B8E8-02163E01A56F.root [1969,1970,1972,1973,1971,1974,1968]
/store/data/Run2017F/ZeroBias/RAW/v1/000/305/064/00000/18E9A031-69B1-E711-A0B4-02163E011CD7.root [1157,1158,1159,1161,1156,1160]
/store/data/Run2017F/ZeroBias/RAW/v1/000/305/064/00000/1A2138E2-00B1-E711-896F-02163E019C83.root [193,195,192,194]
/store/data/Run2017F/ZeroBias/RAW/v1/000/305/064/00000/1A3BE91F-F8B0-E711-A5CE-02163E0123C7.root [43,44,42]
/store/data/Run2017F/ZeroBias/RAW/v1/000/305/064/00000/1A888D27-FAB0-E711-80C5-02163E014258.root [79,77,78,80]
/store/data/Run2017F/ZeroBias/RAW/v1/000/305/064/00000/1C65034A-69B1-E711-A7F0-02163E019E3C.root [896,898,897,899,895]
/store/data/Run2017F/ZeroBias/RAW/v1/000/305/064/00000/1C879D42-69B1-E711-9D65-02163E019DDB.root [1767,1768,1769,1770,1764,1765,1766]
/store/data/Run2017F/ZeroBias/RAW/v1/000/305/064/00000/1CB68DBC-11B1-E711-9885-02163E01A4FD.root [511,512,509,510]
/store/data/Run2017F/ZeroBias/RAW/v1/000/305/064/00000/202FB330-69B1-E711-9FCF-02163E01460D.root [1195,1197,1194,1192,1193,1196]
/store/data/Run2017F/ZeroBias/RAW/v1/000/305/064/00000/20D37D3F-69B1-E711-8675-02163E013573.root [756,759,755,757,758]
/store/data/Run2017F/ZeroBias/RAW/v1/000/305/064/00000/2236D24E-0AB1-E711-9E0A-02163E019B46.root [369,370,371,368]
/store/data/Run2017F/ZeroBias/RAW/v1/000/305/064/00000/22878955-69B1-E711-80B4-02163E01A26A.root [1908,1909,1910,1906,1907,1904,1905]
/store/data/Run2017F/ZeroBias/RAW/v1/000/305/064/00000/241BEC25-69B1-E711-9017-02163E013902.root [1786,1791,1788,1789,1787,1785,1790]
/store/data/Run2017F/ZeroBias/RAW/v1/000/305/064/00000/241CAB38-69B1-E711-A8B9-02163E011D13.root [1588,1583,1584,1586,1585,1587,1582]
/store/data/Run2017F/ZeroBias/RAW/v1/000/305/064/00000/243EA73D-69B1-E711-815F-02163E01A5CD.root [1717,1715,1720,1721,1716,1718,1719]
/store/data/Run2017F/ZeroBias/RAW/v1/000/305/064/00000/2465919C-08B1-E711-A667-02163E014729.root [341,343,340,342]
/store/data/Run2017F/ZeroBias/RAW/v1/000/305/064/00000/246BD84D-69B1-E711-A91F-02163E01A645.root [1252,1254,1253,1255,1256,1257]
/store/data/Run2017F/ZeroBias/RAW/v1/000/305/064/00000/24B9122F-69B1-E711-A950-02163E01A5E3.root [1090,1092,1091,1093,1094,1095]
/store/data/Run2017F/ZeroBias/RAW/v1/000/305/064/00000/24DC93D4-10B1-E711-9D43-02163E0118B0.root [494,495,493,496]
/store/data/Run2017F/ZeroBias/RAW/v1/000/305/064/00000/24ED114C-69B1-E711-9E8B-02163E014471.root [717,716,718,715,719]
/store/data/Run2017F/ZeroBias/RAW/v1/000/305/064/00000/263D4030-69B1-E711-8C76-02163E012238.root [1544,1543,1542,1541,1545,1540,1546]
/store/data/Run2017F/ZeroBias/RAW/v1/000/305/064/00000/263F84D9-0BB1-E711-9BE1-02163E011C5E.root [401,403,400,402]
/store/data/Run2017F/ZeroBias/RAW/v1/000/305/064/00000/265266CE-12B1-E711-9FA3-02163E01A3B8.root [528,525,527,526]
/store/data/Run2017F/ZeroBias/RAW/v1/000/305/064/00000/265A747A-69B1-E711-9D48-02163E01A52D.root [1950,1946,1951,1947,1952,1948,1949]
/store/data/Run2017F/ZeroBias/RAW/v1/000/305/064/00000/26E4E72C-69B1-E711-A608-02163E012238.root [1676,1679,1674,1675,1678,1673,1677]
/store/data/Run2017F/ZeroBias/RAW/v1/000/305/064/00000/26E65918-00B1-E711-B915-02163E011AEE.root [186,185,187,184]
/store/data/Run2017F/ZeroBias/RAW/v1/000/305/064/00000/2848F84C-05B1-E711-8D81-02163E01A28A.root [287,284,286,285]
/store/data/Run2017F/ZeroBias/RAW/v1/000/305/064/00000/28AA4962-69B1-E711-971D-02163E019B4F.root [1503,1504,1499,1501,1498,1500,1502]
/store/data/Run2017F/ZeroBias/RAW/v1/000/305/064/00000/28ADD025-12B1-E711-986E-02163E019BCD.root [518,520,517,519]
/store/data/Run2017F/ZeroBias/RAW/v1/000/305/064/00000/28C1CCE0-00B1-E711-8302-02163E014455.root [204,206,207,205]
/store/data/Run2017F/ZeroBias/RAW/v1/000/305/064/00000/2A55F068-69B1-E711-AD2C-02163E01A369.root [1801,1799,1800,1805,1802,1804,1803]
/store/data/Run2017F/ZeroBias/RAW/v1/000/305/064/00000/2A618301-0FB1-E711-9800-02163E0143A3.root [463,460,461,462]
/store/data/Run2017F/ZeroBias/RAW/v1/000/305/064/00000/2A721423-69B1-E711-93DE-02163E014365.root [683,680,681,682,684]
/store/data/Run2017F/ZeroBias/RAW/v1/000/305/064/00000/2C4CDF17-05B1-E711-948B-02163E01192A.root [281,280,282,283]
/store/data/Run2017F/ZeroBias/RAW/v1/000/305/064/00000/2C828199-FBB0-E711-9CFB-02163E01A3C6.root [107,108,106]
/store/data/Run2017F/ZeroBias/RAW/v1/000/305/064/00000/2E5E567D-69B1-E711-8BC0-02163E01A3D5.root [1737,1741,1736,1740,1742,1739,1738]
/store/data/Run2017F/ZeroBias/RAW/v1/000/305/064/00000/2EAB6E9A-FBB0-E711-8A34-02163E01A2BA.root [104,105,103]
/store/data/Run2017F/ZeroBias/RAW/v1/000/305/064/00000/2EB2B15F-69B1-E711-BB2F-02163E01A2C4.root [1139,1143,1142,1138,1141,1140]
/store/data/Run2017F/ZeroBias/RAW/v1/000/305/064/00000/3026A749-69B1-E711-8FD2-02163E01452D.root [1664,1659,1660,1662,1663,1661,1665]
/store/data/Run2017F/ZeroBias/RAW/v1/000/305/064/00000/30348F3A-69B1-E711-B96F-02163E01362B.root [1724,1726,1727,1722,1723,1725,1728]
/store/data/Run2017F/ZeroBias/RAW/v1/000/305/064/00000/3034D650-07B1-E711-B3DC-02163E01243F.root [315,313,312,314]
/store/data/Run2017F/ZeroBias/RAW/v1/000/305/064/00000/30A01836-69B1-E711-B368-02163E012370.root [1955,1959,1957,1958,1953,1960,1954,1956]
/store/data/Run2017F/ZeroBias/RAW/v1/000/305/064/00000/30F14625-69B1-E711-88B3-02163E011D9B.root [1994,1991,1998,1996,1992,1993,1995,1997]
/store/data/Run2017F/ZeroBias/RAW/v1/000/305/064/00000/321E4BDF-FEB0-E711-84AE-02163E01A490.root [160,163,161,162]
/store/data/Run2017F/ZeroBias/RAW/v1/000/305/064/00000/3248AF88-12B1-E711-AF9A-02163E011CB0.root [523,521,522,524]
/store/data/Run2017F/ZeroBias/RAW/v1/000/305/064/00000/32774A6C-69B1-E711-B4DB-02163E01A56F.root [1517,1514,1515,1513,1512,1516,1518]
/store/data/Run2017F/ZeroBias/RAW/v1/000/305/064/00000/32A6BD4C-69B1-E711-AF99-02163E01A26A.root [2025,2034,2028,2029,2032,2027,2030,2026,2031,2024,2033]
/store/data/Run2017F/ZeroBias/RAW/v1/000/305/064/00000/32B73D28-0CB1-E711-9AD0-02163E01435B.root [411,408,409,410]
/store/data/Run2017F/ZeroBias/RAW/v1/000/305/064/00000/3459CAC7-0EB1-E711-BAEE-02163E01459B.root [456,457,458,459]
/store/data/Run2017F/ZeroBias/RAW/v1/000/305/064/00000/3482A43C-69B1-E711-A2EC-02163E01A63C.root [828,826,827,825,829]
/store/data/Run2017F/ZeroBias/RAW/v1/000/305/064/00000/34A9162B-69B1-E711-AA76-02163E01A37E.root [689,685,688,686,687]
/store/data/Run2017F/ZeroBias/RAW/v1/000/305/064/00000/34B51A3E-69B1-E711-B6BD-02163E019DED.root [1047,1049,1050,1046,1048]
/store/data/Run2017F/ZeroBias/RAW/v1/000/305/064/00000/34CDBC51-69B1-E711-9A41-02163E019BDF.root [2044,2050,2055,2053,2051,2045,2049,2054,2043,2046,2047,2048,2052,2056]
/store/data/Run2017F/ZeroBias/RAW/v1/000/305/064/00000/3610CC3E-69B1-E711-9E55-02163E01A292.root [1873,1874,1869,1870,1871,1872,1875]
/store/data/Run2017F/ZeroBias/RAW/v1/000/305/064/00000/36218C27-69B1-E711-8FA6-02163E0146A4.root [1246,1248,1249,1250,1247,1251]
/store/data/Run2017F/ZeroBias/RAW/v1/000/305/064/00000/36A4BA2F-69B1-E711-9573-02163E01442B.root [1911,1917,1912,1915,1914,1913,1916]
/store/data/Run2017F/ZeroBias/RAW/v1/000/305/064/00000/380DC7A2-10B1-E711-9766-02163E014215.root [492,489,490,491]
/store/data/Run2017F/ZeroBias/RAW/v1/000/305/064/00000/38300E6C-69B1-E711-AAFD-02163E01A369.root [1982,1979,1975,1981,1976,1977,1978,1980]
/store/data/Run2017F/ZeroBias/RAW/v1/000/305/064/00000/38AEF038-69B1-E711-95BF-02163E019CBD.root [713,711,712,714,710]
/store/data/Run2017F/ZeroBias/RAW/v1/000/305/064/00000/3A0EBC38-69B1-E711-9A99-02163E012BA7.root [1696,1698,1699,1700,1695,1694,1697]
/store/data/Run2017F/ZeroBias/RAW/v1/000/305/064/00000/3A50D730-69B1-E711-AC47-02163E019E02.root [1416,1412,1410,1411,1414,1415,1413]
/store/data/Run2017F/ZeroBias/RAW/v1/000/305/064/00000/3AFCBE47-69B1-E711-B313-02163E01A677.root [1537,1533,1536,1539,1534,1538,1535]
/store/data/Run2017F/ZeroBias/RAW/v1/000/305/064/00000/3C000128-69B1-E711-99E1-02163E01A6F5.root [999,1000,997,998,996]
/store/data/Run2017F/ZeroBias/RAW/v1/000/305/064/00000/3E5EEF33-69B1-E711-AC9F-02163E011B95.root [1011,1013,1014,1015,1012]
/store/data/Run2017F/ZeroBias/RAW/v1/000/305/064/00000/3ECAA987-08B1-E711-ADBE-02163E01389B.root [333,334,335,332]
/store/data/Run2017F/ZeroBias/RAW/v1/000/305/064/00000/3ED9C73F-69B1-E711-BA18-02163E01A63C.root [747,746,748,749,745]
/store/data/Run2017F/ZeroBias/RAW/v1/000/305/064/00000/4022B028-FDB0-E711-8001-02163E01A67E.root [125,126,127]
/store/data/Run2017F/ZeroBias/RAW/v1/000/305/064/00000/40448627-F7B0-E711-9501-02163E01372E.root [22,21,20]
/store/data/Run2017F/ZeroBias/RAW/v1/000/305/064/00000/40D0AF22-69B1-E711-87B3-02163E011A1E.root [776,777,778,779,775]
/store/data/Run2017F/ZeroBias/RAW/v1/000/305/064/00000/425EAEB1-FBB0-E711-B1E8-02163E011C08.root [97,99,98]
/store/data/Run2017F/ZeroBias/RAW/v1/000/305/064/00000/4277303A-69B1-E711-B931-02163E01478B.root [1933,1934,1935,1937,1938,1932,1936]
/store/data/Run2017F/ZeroBias/RAW/v1/000/305/064/00000/42DE8960-69B1-E711-85E3-02163E011D36.root [659,655,656,658,657]
/store/data/Run2017F/ZeroBias/RAW/v1/000/305/064/00000/42F0C431-69B1-E711-91B3-02163E011CD7.root [1361,1357,1360,1358,1356,1359]
/store/data/Run2017F/ZeroBias/RAW/v1/000/305/064/00000/44925A27-03B1-E711-A3A6-02163E01261D.root [241,240,243,242]
/store/data/Run2017F/ZeroBias/RAW/v1/000/305/064/00000/44D1D8EF-18B1-E711-8329-02163E01A40B.root [649,650,647,648]
/store/data/Run2017F/ZeroBias/RAW/v1/000/305/064/00000/462C757A-03B1-E711-8B7D-02163E01347F.root [244,245,246,247]
/store/data/Run2017F/ZeroBias/RAW/v1/000/305/064/00000/4660E53D-69B1-E711-B5E1-02163E019DED.root [1315,1316,1318,1314,1319,1317]
/store/data/Run2017F/ZeroBias/RAW/v1/000/305/064/00000/467DAE52-69B1-E711-A28E-02163E019E58.root [1127,1130,1131,1129,1128,1126]
/store/data/Run2017F/ZeroBias/RAW/v1/000/305/064/00000/4690AF70-69B1-E711-8C1A-02163E01A76B.root [974,975,971,972,973]
/store/data/Run2017F/ZeroBias/RAW/v1/000/305/064/00000/4691EC3F-FDB0-E711-ADC3-02163E019B41.root [132,135,133,134]
/store/data/Run2017F/ZeroBias/RAW/v1/000/305/064/00000/46BA7756-69B1-E711-8BFF-02163E01A441.root [1759,1762,1760,1757,1758,1761,1763]
/store/data/Run2017F/ZeroBias/RAW/v1/000/305/064/00000/46F17D55-69B1-E711-95D7-02163E019D6E.root [1120,1124,1125,1121,1123,1122]
/store/data/Run2017F/ZeroBias/RAW/v1/000/305/064/00000/46F9E43B-69B1-E711-8A41-02163E0145B7.root [1464,1467,1465,1468,1463,1466,1469]
/store/data/Run2017F/ZeroBias/RAW/v1/000/305/064/00000/48411BC2-0DB1-E711-8A8F-02163E01A297.root [440,443,441,442]
/store/data/Run2017F/ZeroBias/RAW/v1/000/305/064/00000/484C945F-69B1-E711-A270-02163E01A2C4.root [983,982,981,985,984]
/store/data/Run2017F/ZeroBias/RAW/v1/000/305/064/00000/4863C52E-0CB1-E711-8140-02163E013397.root [405,407,404,406]
/store/data/Run2017F/ZeroBias/RAW/v1/000/305/064/00000/4882F1A8-FBB0-E711-9D79-02163E019BB5.root [100,101,102]
/store/data/Run2017F/ZeroBias/RAW/v1/000/305/064/00000/4883BF00-11B1-E711-8AC9-02163E012451.root [500,499,498,497]
/store/data/Run2017F/ZeroBias/RAW/v1/000/305/064/00000/48E9093E-69B1-E711-8BF1-02163E012354.root [902,901,900,903,904]
/store/data/Run2017F/ZeroBias/RAW/v1/000/305/064/00000/48ECAD28-69B1-E711-8784-02163E01355F.root [921,920,922,923,924]
/store/data/Run2017F/ZeroBias/RAW/v1/000/305/064/00000/48EE6447-69B1-E711-B7C4-02163E01A4F9.root [1212,1214,1213,1210,1211,1215]
/store/data/Run2017F/ZeroBias/RAW/v1/000/305/064/00000/4A89AD39-69B1-E711-AE1D-02163E0144ED.root [674,673,671,672,670]
/store/data/Run2017F/ZeroBias/RAW/v1/000/305/064/00000/4C747190-16B1-E711-BE7A-02163E0143C2.root [603,605,606,604]
/store/data/Run2017F/ZeroBias/RAW/v1/000/305/064/00000/4C7D912C-10B1-E711-A026-02163E01180F.root [485,488,486,487]
/store/data/Run2017F/ZeroBias/RAW/v1/000/305/064/00000/4C9AE228-69B1-E711-B0A6-02163E0144EF.root [1849,1850,1854,1853,1852,1851,1848]
/store/data/Run2017F/ZeroBias/RAW/v1/000/305/064/00000/4CC80320-69B1-E711-8E2D-02163E01460B.root [992,993,995,991,994]
/store/data/Run2017F/ZeroBias/RAW/v1/000/305/064/00000/4CF94503-0EB1-E711-8DB8-02163E01A4F1.root [446,444,445,447]
/store/data/Run2017F/ZeroBias/RAW/v1/000/305/064/00000/4E27BF58-69B1-E711-A99B-02163E01A20F.root [1076,1074,1075,1077,1073]
/store/data/Run2017F/ZeroBias/RAW/v1/000/305/064/00000/4E2FD8D0-02B1-E711-9344-02163E0145EE.root [236,237,238,239]
/store/data/Run2017F/ZeroBias/RAW/v1/000/305/064/00000/4E43A466-69B1-E711-A506-02163E01A428.root [882,883,884,880,881]
/store/data/Run2017F/ZeroBias/RAW/v1/000/305/064/00000/4EB3B23D-14B1-E711-B15E-02163E019E73.root [558,560,559,561]
/store/data/Run2017F/ZeroBias/RAW/v1/000/305/064/00000/4EF05D6E-69B1-E711-9D3E-02163E01A68B.root [1941,1945,1940,1942,1943,1939,1944]
/store/data/Run2017F/ZeroBias/RAW/v1/000/305/064/00000/4EFEAE3C-69B1-E711-8F2D-02163E012BA7.root [1647,1646,1650,1645,1648,1651,1649]
/store/data/Run2017F/ZeroBias/RAW/v1/000/305/064/00000/505DE450-69B1-E711-862C-02163E013998.root [1327,1328,1329,1330,1326,1331]
/store/data/Run2017F/ZeroBias/RAW/v1/000/305/064/00000/50682A55-69B1-E711-B5EA-02163E019DE3.root [1368,1370,1373,1369,1371,1372]
/store/data/Run2017F/ZeroBias/RAW/v1/000/305/064/00000/5211339E-0DB1-E711-BBCC-02163E011D3F.root [436,439,437,438]
/store/data/Run2017F/ZeroBias/RAW/v1/000/305/064/00000/52A3CAAD-01B1-E711-83B2-02163E0142EF.root [209,210,211,208]
/store/data/Run2017F/ZeroBias/RAW/v1/000/305/064/00000/52B35364-F8B0-E711-A85F-02163E01425A.root [48,45,47,46]
/store/data/Run2017F/ZeroBias/RAW/v1/000/305/064/00000/5442BAD2-14B1-E711-BB11-02163E01427A.root [562,564,563,565]
/store/data/Run2017F/ZeroBias/RAW/v1/000/305/064/00000/54515FA1-FBB0-E711-80DE-02163E014115.root [111,109,110]
/store/data/Run2017F/ZeroBias/RAW/v1/000/305/064/00000/54BD1C4B-69B1-E711-820B-02163E01A645.root [1483,1481,1478,1482,1479,1477,1480]
/store/data/Run2017F/ZeroBias/RAW/v1/000/305/064/00000/54CE6C43-0BB1-E711-A922-02163E013574.root [395,393,394,392]
/store/data/Run2017F/ZeroBias/RAW/v1/000/305/064/00000/54DAE334-69B1-E711-AB2F-02163E01478B.root [1793,1798,1794,1792,1797,1795,1796]
/store/data/Run2017F/ZeroBias/RAW/v1/000/305/064/00000/561F5243-69B1-E711-86C5-02163E019BD0.root [1886,1888,1883,1884,1885,1887,1889]
/store/data/Run2017F/ZeroBias/RAW/v1/000/305/064/00000/56833240-69B1-E711-A121-02163E01A4DF.root [1657,1653,1654,1655,1658,1652,1656]
/store/data/Run2017F/ZeroBias/RAW/v1/000/305/064/00000/56835E23-69B1-E711-815B-02163E011F8E.root [1279,1280,1277,1278,1276,1281]
/store/data/Run2017F/ZeroBias/RAW/v1/000/305/064/00000/58072225-69B1-E711-8FDB-02163E01460B.root [931,933,930,932,934]
/store/data/Run2017F/ZeroBias/RAW/v1/000/305/064/00000/5A1FEC1D-69B1-E711-8585-02163E01209B.root [722,720,721,723,724]
/store/data/Run2017F/ZeroBias/RAW/v1/000/305/064/00000/5A33BC3E-69B1-E711-8652-02163E01A5CD.root [1630,1629,1624,1625,1626,1627,1628]
/store/data/Run2017F/ZeroBias/RAW/v1/000/305/064/00000/5C319F16-13B1-E711-B0AD-02163E019D98.root [533,535,534,536]
/store/data/Run2017F/ZeroBias/RAW/v1/000/305/064/00000/5C4C68A3-F7B0-E711-AF88-02163E013449.root [33,34,35]
/store/data/Run2017F/ZeroBias/RAW/v1/000/305/064/00000/5CE9795F-69B1-E711-A494-02163E01A6C4.root [893,894,891,890,892]
/store/data/Run2017F/ZeroBias/RAW/v1/000/305/064/00000/5E5AD261-69B1-E711-9B20-02163E01A33F.root [1146,1145,1147,1144,1148,1149]
/store/data/Run2017F/ZeroBias/RAW/v1/000/305/064/00000/5EA33D54-FFB0-E711-AB8B-02163E01A459.root [170,171,168,169]
/store/data/Run2017F/ZeroBias/RAW/v1/000/305/064/00000/5ED2607A-09B1-E711-8350-02163E01A72B.root [356,358,359,357]
/store/data/Run2017F/ZeroBias/RAW/v1/000/305/064/00000/6004A466-69B1-E711-8F0A-02163E01A428.root [976,977,979,980,978]
/store/data/Run2017F/ZeroBias/RAW/v1/000/305/064/00000/600811B0-18B1-E711-A8A8-02163E011B95.root [638,639,641,640,637]
/store/data/Run2017F/ZeroBias/RAW/v1/000/305/064/00000/60189331-69B1-E711-99CD-02163E012AAE.root [887,886,888,889,885]
/store/data/Run2017F/ZeroBias/RAW/v1/000/305/064/00000/6061F521-69B1-E711-8706-02163E011D76.root [733,734,731,732,730]
/store/data/Run2017F/ZeroBias/RAW/v1/000/305/064/00000/6068E633-69B1-E711-BBAC-02163E0146EF.root [1597,1600,1601,1602,1596,1598,1599]
/store/data/Run2017F/ZeroBias/RAW/v1/000/305/064/00000/606FFE9E-F8B0-E711-A4E9-02163E013775.root [52,51,50,49]
/store/data/Run2017F/ZeroBias/RAW/v1/000/305/064/00000/60DD4E38-69B1-E711-98C2-02163E01A378.root [773,772,771,774,770]
/store/data/Run2017F/ZeroBias/RAW/v1/000/305/064/00000/6201CBD9-FDB0-E711-AB71-02163E01250D.root [145,146,144,147]
/store/data/Run2017F/ZeroBias/RAW/v1/000/305/064/00000/6253154A-69B1-E711-AD18-02163E019E3C.root [836,838,835,837,839]
/store/data/Run2017F/ZeroBias/RAW/v1/000/305/064/00000/62AF9978-F6B0-E711-8871-02163E01A702.root [7,8,9]
/store/data/Run2017F/ZeroBias/RAW/v1/000/305/064/00000/62E0E261-0BB1-E711-A461-02163E01A2FC.root [391,389,390,388]
/store/data/Run2017F/ZeroBias/RAW/v1/000/305/064/00000/62E2C127-69B1-E711-AD3C-02163E014744.root [1855,1857,1856,1859,1858,1860,1861]
/store/data/Run2017F/ZeroBias/RAW/v1/000/305/064/00000/64CF6828-69B1-E711-B25C-02163E013863.root [1422,1419,1421,1418,1420,1423,1417]
/store/data/Run2017F/ZeroBias/RAW/v1/000/305/064/00000/64F52522-69B1-E711-9A8C-02163E0141D5.root [813,811,814,812,810]
/store/data/Run2017F/ZeroBias/RAW/v1/000/305/064/00000/6625CEE6-06B1-E711-B3F9-02163E01A2E9.root [309,308,311,310]
/store/data/Run2017F/ZeroBias/RAW/v1/000/305/064/00000/66600E5E-69B1-E711-AA3C-02163E01A72C.root [1877,1880,1876,1881,1878,1879,1882]
/store/data/Run2017F/ZeroBias/RAW/v1/000/305/064/00000/668E023D-FAB0-E711-8C7F-02163E011CB2.root [73,74,76,75]
/store/data/Run2017F/ZeroBias/RAW/v1/000/305/064/00000/6817B233-69B1-E711-95F9-02163E013728.root [1059,1060,1056,1057,1058]
/store/data/Run2017F/ZeroBias/RAW/v1/000/305/064/00000/68891FAE-F6B0-E711-8E20-02163E01255C.root [15,16,13,14]
/store/data/Run2017F/ZeroBias/RAW/v1/000/305/064/00000/68E83E05-0DB1-E711-BA18-02163E013728.root [424,426,427,425]
/store/data/Run2017F/ZeroBias/RAW/v1/000/305/064/00000/6A631A28-69B1-E711-B45F-02163E014189.root [1671,1666,1668,1670,1669,1667,1672]
/store/data/Run2017F/ZeroBias/RAW/v1/000/305/064/00000/6A98E144-69B1-E711-AA34-02163E013590.root [1730,1731,1732,1734,1735,1733,1729]
/store/data/Run2017F/ZeroBias/RAW/v1/000/305/064/00000/6AA6B45E-69B1-E711-84D8-02163E019BDB.root [1834,1838,1839,1835,1837,1840,1836]
/store/data/Run2017F/ZeroBias/RAW/v1/000/305/064/00000/6AF5AA64-F6B0-E711-9CB8-02163E01A3B4.root [12,10,11]
/store/data/Run2017F/ZeroBias/RAW/v1/000/305/064/00000/6C1BB7F7-06B1-E711-A1C1-02163E01A51B.root [304,307,305,306]
/store/data/Run2017F/ZeroBias/RAW/v1/000/305/064/00000/6C293F2C-69B1-E711-989A-02163E01460D.root [1386,1391,1389,1387,1390,1388]
/store/data/Run2017F/ZeroBias/RAW/v1/000/305/064/00000/6C2A26F1-0CB1-E711-8005-02163E0119C6.root [422,420,423,421]
/store/data/Run2017F/ZeroBias/RAW/v1/000/305/064/00000/6C7580E5-09B1-E711-B6AF-02163E01A39E.root [365,367,364,366]
/store/data/Run2017F/ZeroBias/RAW/v1/000/305/064/00000/70464325-69B1-E711-A93E-02163E011D9B.root [1902,1900,1903,1897,1901,1898,1899]
/store/data/Run2017F/ZeroBias/RAW/v1/000/305/064/00000/727BF347-69B1-E711-93BB-02163E019D8E.root [1920,1921,1924,1923,1918,1919,1922]
/store/data/Run2017F/ZeroBias/RAW/v1/000/305/064/00000/748CD755-69B1-E711-BAAB-02163E01A35D.root [762,760,763,764,761]
/store/data/Run2017F/ZeroBias/RAW/v1/000/305/064/00000/749970A1-13B1-E711-A86B-02163E011E3D.root [541,544,542,543]
/store/data/Run2017F/ZeroBias/RAW/v1/000/305/064/00000/74B990B1-13B1-E711-BCF9-02163E01A250.root [545,546,548,547]
/store/data/Run2017F/ZeroBias/RAW/v1/000/305/064/00000/74DF442C-69B1-E711-9A75-02163E01A66A.root [1258,1260,1262,1261,1263,1259]
/store/data/Run2017F/ZeroBias/RAW/v1/000/305/064/00000/74E0BA28-69B1-E711-B0E6-02163E01355F.root [909,907,908,905,906]
/store/data/Run2017F/ZeroBias/RAW/v1/000/305/064/00000/76FAD7D7-03B1-E711-8A43-02163E019DD1.root [258,256,259,257]
/store/data/Run2017F/ZeroBias/RAW/v1/000/305/064/00000/78093231-F9B0-E711-AC48-02163E011D08.root [57,58,60,59]
/store/data/Run2017F/ZeroBias/RAW/v1/000/305/064/00000/785FD1E2-06B1-E711-93DC-02163E01A1DC.root [302,303,300,301]
/store/data/Run2017F/ZeroBias/RAW/v1/000/305/064/00000/78F2C404-09B1-E711-96C4-02163E019E0F.root [346,347,345,344]
/store/data/Run2017F/ZeroBias/RAW/v1/000/305/064/00000/7A7BF542-69B1-E711-A3BC-02163E011C98.root [1962,1964,1967,1961,1966,1965,1963]
/store/data/Run2017F/ZeroBias/RAW/v1/000/305/064/00000/7AD8CB3D-0EB1-E711-B201-02163E012257.root [448,451,450,449]
/store/data/Run2017F/ZeroBias/RAW/v1/000/305/064/00000/7C30994C-69B1-E711-8811-02163E01A210.root [949,946,945,947,948]
/store/data/Run2017F/ZeroBias/RAW/v1/000/305/064/00000/7C460BF9-0CB1-E711-B188-02163E019BF0.root [429,431,430,428]
/store/data/Run2017F/ZeroBias/RAW/v1/000/305/064/00000/7C862C40-69B1-E711-AD4E-02163E0135C5.root [1264,1268,1267,1269,1266,1265]
/store/data/Run2017F/ZeroBias/RAW/v1/000/305/064/00000/7C987D5F-69B1-E711-8485-02163E019DE3.root [1199,1201,1198,1203,1200,1202]
/store/data/Run2017F/ZeroBias/RAW/v1/000/305/064/00000/7CA4CE2F-69B1-E711-9EE8-02163E01A5CF.root [767,769,768,766,765]
/store/data/Run2017F/ZeroBias/RAW/v1/000/305/064/00000/7E41595B-69B1-E711-8784-02163E0146CA.root [1270,1271,1274,1273,1272,1275]
/store/data/Run2017F/ZeroBias/RAW/v1/000/305/064/00000/7E59FCA3-FCB0-E711-A67C-02163E01A4BE.root [120,118,119,121]
/store/data/Run2017F/ZeroBias/RAW/v1/000/305/064/00000/7E686A4B-69B1-E711-A8AF-02163E01A5F1.root [736,737,738,735,739]
/store/data/Run2017F/ZeroBias/RAW/v1/000/305/064/00000/7E7D0F37-69B1-E711-BD34-02163E01180D.root [1163,1167,1164,1162,1165,1166]
/store/data/Run2017F/ZeroBias/RAW/v1/000/305/064/00000/7EDDCCC3-0AB1-E711-80BD-02163E0135A2.root [381,380,382,383]
/store/data/Run2017F/ZeroBias/RAW/v1/000/305/064/00000/80053B3B-69B1-E711-ADF0-02163E014584.root [1294,1295,1297,1296,1299,1298]
/store/data/Run2017F/ZeroBias/RAW/v1/000/305/064/00000/806E4338-69B1-E711-AF54-02163E011D32.root [833,834,830,831,832]
/store/data/Run2017F/ZeroBias/RAW/v1/000/305/064/00000/80E0983E-69B1-E711-BF5C-02163E01362B.root [1618,1620,1622,1621,1623,1617,1619]
/store/data/Run2017F/ZeroBias/RAW/v1/000/305/064/00000/828F0394-11B1-E711-8C13-02163E019C3E.root [508,505,506,507]
/store/data/Run2017F/ZeroBias/RAW/v1/000/305/064/00000/849F0B0E-05B1-E711-8EB3-02163E014387.root [277,278,276,279]
/store/data/Run2017F/ZeroBias/RAW/v1/000/305/064/00000/84BA553F-69B1-E711-B818-02163E0144F5.root [1348,1349,1345,1344,1346,1347]
/store/data/Run2017F/ZeroBias/RAW/v1/000/305/064/00000/84BCD7C6-F9B0-E711-A719-02163E0140F7.root [72,69,71,70]
/store/data/Run2017F/ZeroBias/RAW/v1/000/305/064/00000/8651097C-03B1-E711-BACF-02163E013990.root [249,248,251,250]
/store/data/Run2017F/ZeroBias/RAW/v1/000/305/064/00000/865426DE-FEB0-E711-94CF-02163E019D9A.root [164,167,165,166]
/store/data/Run2017F/ZeroBias/RAW/v1/000/305/064/00000/86BE0D27-69B1-E711-8A0B-02163E01A2E0.root [1488,1484,1486,1487,1489,1485,1490]
/store/data/Run2017F/ZeroBias/RAW/v1/000/305/064/00000/88578DAA-02B1-E711-8DC0-02163E011BAB.root [221,220,222,223]
/store/data/Run2017F/ZeroBias/RAW/v1/000/305/064/00000/88715827-69B1-E711-9341-02163E01A66A.root [1439,1441,1437,1440,1442,1438,1436]
/store/data/Run2017F/ZeroBias/RAW/v1/000/305/064/00000/8A3DE74C-69B1-E711-BE0D-02163E01A56C.root [955,956,958,959,957,960]
/store/data/Run2017F/ZeroBias/RAW/v1/000/305/064/00000/8A7F6550-69B1-E711-BADF-02163E019BDF.root [1925,1926,1928,1930,1929,1927,1931]
/store/data/Run2017F/ZeroBias/RAW/v1/000/305/064/00000/8AEC3009-14B1-E711-B863-02163E013943.root [555,556,554,557]
/store/data/Run2017F/ZeroBias/RAW/v1/000/305/064/00000/8CA7DC4F-69B1-E711-B5BB-02163E019C04.root [677,675,679,678,676]
/store/data/Run2017F/ZeroBias/RAW/v1/000/305/064/00000/8CB3A84F-69B1-E711-9961-02163E01A56C.root [1106,1102,1103,1104,1105,1107]
/store/data/Run2017F/ZeroBias/RAW/v1/000/305/064/00000/8CE3504A-69B1-E711-86BB-02163E01A677.root [1342,1343,1338,1341,1339,1340]
/store/data/Run2017F/ZeroBias/RAW/v1/000/305/064/00000/8E70048F-0FB1-E711-8B95-02163E01A1C5.root [472,471,469,470]
/store/data/Run2017F/ZeroBias/RAW/v1/000/305/064/00000/8EDC3131-F7B0-E711-A8C9-02163E013903.root [17,19,18]
/store/data/Run2017F/ZeroBias/RAW/v1/000/305/064/00000/902BD956-15B1-E711-9DD0-02163E014785.root [579,581,578,580]
/store/data/Run2017F/ZeroBias/RAW/v1/000/305/064/00000/9036E347-69B1-E711-B44C-02163E019B5B.root [1236,1237,1234,1235,1239,1238]
/store/data/Run2017F/ZeroBias/RAW/v1/000/305/064/00000/903B116A-69B1-E711-87E6-02163E01A2B9.root [1491,1493,1494,1492,1497,1496,1495]
/store/data/Run2017F/ZeroBias/RAW/v1/000/305/064/00000/90C76F91-07B1-E711-AAB9-02163E01272B.root [320,323,321,322]
/store/data/Run2017F/ZeroBias/RAW/v1/000/305/064/00000/90E92340-69B1-E711-9A24-02163E0134E9.root [1136,1137,1133,1134,1132,1135]
/store/data/Run2017F/ZeroBias/RAW/v1/000/305/064/00000/90F4246B-69B1-E711-A3FA-02163E013715.root [1285,1286,1287,1284,1282,1283]
/store/data/Run2017F/ZeroBias/RAW/v1/000/305/064/00000/926E9330-69B1-E711-AA2D-02163E01A5DD.root [1174,1179,1176,1178,1175,1177]
/store/data/Run2017F/ZeroBias/RAW/v1/000/305/064/00000/928E6539-69B1-E711-98C4-02163E014584.root [1054,1051,1055,1053,1052]
/store/data/Run2017F/ZeroBias/RAW/v1/000/305/064/00000/92A9366D-17B1-E711-B178-02163E0119F8.root [622,619,620,621]
/store/data/Run2017F/ZeroBias/RAW/v1/000/305/064/00000/92E3F247-69B1-E711-AE9E-02163E019B5B.root [1352,1355,1354,1353,1351,1350]
/store/data/Run2017F/ZeroBias/RAW/v1/000/305/064/00000/92E58B34-69B1-E711-B7C2-02163E01463E.root [1684,1681,1683,1686,1685,1680,1682]
/store/data/Run2017F/ZeroBias/RAW/v1/000/305/064/00000/92F95A7E-69B1-E711-B6A2-02163E019CF1.root [854,851,850,853,852]
/store/data/Run2017F/ZeroBias/RAW/v1/000/305/064/00000/94580A3C-69B1-E711-9887-02163E0145B7.root [1547,1550,1548,1552,1549,1551,1553]
/store/data/Run2017F/ZeroBias/RAW/v1/000/305/064/00000/947C8A38-69B1-E711-9750-02163E01463E.root [1605,1609,1608,1607,1606,1603,1604]
/store/data/Run2017F/ZeroBias/RAW/v1/000/305/064/00000/94E4B045-69B1-E711-B8DA-02163E011CA8.root [750,751,753,752,754]
/store/data/Run2017F/ZeroBias/RAW/v1/000/305/064/00000/94F2D558-69B1-E711-80B0-02163E01A20F.root [1291,1288,1290,1293,1292,1289]
/store/data/Run2017F/ZeroBias/RAW/v1/000/305/064/00000/961501ED-F8B0-E711-8F0C-02163E019CB8.root [54,55,56,53]
/store/data/Run2017F/ZeroBias/RAW/v1/000/305/064/00000/96B61751-69B1-E711-B960-02163E0140F9.root [1399,1403,1400,1398,1401,1402]
/store/data/Run2017F/ZeroBias/RAW/v1/000/305/064/00000/96CD00B8-11B1-E711-B24C-02163E011D98.root [513,516,514,515]
/store/data/Run2017F/ZeroBias/RAW/v1/000/305/064/00000/96FAB744-69B1-E711-BEFF-02163E0134E9.root [1007,1009,1006,1008,1010]
/store/data/Run2017F/ZeroBias/RAW/v1/000/305/064/00000/98A90AB6-FEB0-E711-B862-02163E019BE2.root [152,155,153,154]
/store/data/Run2017F/ZeroBias/RAW/v1/000/305/064/00000/98B02740-69B1-E711-8559-02163E019BD2.root [690,691,692,694,693]
/store/data/Run2017F/ZeroBias/RAW/v1/000/305/064/00000/9A41620E-FBB0-E711-8BA8-02163E011E3E.root [94,93,96,95]
/store/data/Run2017F/ZeroBias/RAW/v1/000/305/064/00000/9A589528-69B1-E711-94A8-02163E0138AE.root [1079,1080,1083,1078,1082,1081]
/store/data/Run2017F/ZeroBias/RAW/v1/000/305/064/00000/9A981531-69B1-E711-AC61-02163E01470D.root [1367,1366,1362,1363,1364,1365]
/store/data/Run2017F/ZeroBias/RAW/v1/000/305/064/00000/9CAB9A5F-69B1-E711-AF37-02163E01A4AC.root [1642,1644,1640,1638,1639,1643,1641]
/store/data/Run2017F/ZeroBias/RAW/v1/000/305/064/00000/9CE7071B-00B1-E711-BCDD-02163E0143DD.root [181,182,180,183]
/store/data/Run2017F/ZeroBias/RAW/v1/000/305/064/00000/9EAC28D8-0AB1-E711-884D-02163E0144D3.root [375,373,372,374]
/store/data/Run2017F/ZeroBias/RAW/v1/000/305/064/00000/9EEA5842-69B1-E711-9E9E-02163E0126DD.root [1892,1893,1896,1890,1894,1895,1891]
/store/data/Run2017F/ZeroBias/RAW/v1/000/305/064/00000/A05FF35A-F9B0-E711-B053-02163E011AB9.root [61,62,63,64]
/store/data/Run2017F/ZeroBias/RAW/v1/000/305/064/00000/A21A856E-69B1-E711-9538-02163E01A641.root [1809,1810,1811,1807,1806,1808,1812]
/store/data/Run2017F/ZeroBias/RAW/v1/000/305/064/00000/A21DBA4A-69B1-E711-9444-02163E01A5B4.root [1185,1180,1181,1183,1184,1182]
/store/data/Run2017F/ZeroBias/RAW/v1/000/305/064/00000/A264D62D-69B1-E711-958C-02163E0143D6.root [666,665,669,667,668]
/store/data/Run2017F/ZeroBias/RAW/v1/000/305/064/00000/A275746B-FFB0-E711-9743-02163E012690.root [178,179,177,176]
/store/data/Run2017F/ZeroBias/RAW/v1/000/305/064/00000/A279B129-69B1-E711-A9F5-02163E013791.root [729,727,728,725,726]
/store/data/Run2017F/ZeroBias/RAW/v1/000/305/064/00000/A2DF4340-69B1-E711-85CC-02163E0135C5.root [1528,1529,1530,1526,1527,1532,1531]
/store/data/Run2017F/ZeroBias/RAW/v1/000/305/064/00000/A439E033-69B1-E711-9E9E-02163E013728.root [1300,1303,1302,1304,1301,1305,1306]
/store/data/Run2017F/ZeroBias/RAW/v1/000/305/064/00000/A634A238-69B1-E711-8D1C-02163E011D13.root [1688,1689,1693,1691,1692,1690,1687]
/store/data/Run2017F/ZeroBias/RAW/v1/000/305/064/00000/A63A2243-10B1-E711-AB27-02163E019D47.root [483,481,482,484]
/store/data/Run2017F/ZeroBias/RAW/v1/000/305/064/00000/A6BD4D31-69B1-E711-ACF2-02163E01470D.root [1307,1310,1308,1311,1312,1309,1313]
/store/data/Run2017F/ZeroBias/RAW/v1/000/305/064/00000/A6CCB396-02B1-E711-A12D-02163E011AAF.root [235,232,234,233]
/store/data/Run2017F/ZeroBias/RAW/v1/000/305/064/00000/A817D73C-69B1-E711-B8D3-02163E012370.root [2036,2037,2039,2040,2038,2035,2042,2041]
/store/data/Run2017F/ZeroBias/RAW/v1/000/305/064/00000/A832F84B-69B1-E711-A1D1-02163E01A60B.root [1452,1449,1450,1453,1454,1455,1451]
/store/data/Run2017F/ZeroBias/RAW/v1/000/305/064/00000/A83D9F06-F8B0-E711-8F32-02163E01454C.root [37,38,36]
/store/data/Run2017F/ZeroBias/RAW/v1/000/305/064/00000/A8A3D694-FEB0-E711-9711-02163E011FCB.root [159,156,158,157]
/store/data/Run2017F/ZeroBias/RAW/v1/000/305/064/00000/A8FF246B-69B1-E711-8D88-02163E013715.root [1072,1067,1068,1071,1070,1069]
/store/data/Run2017F/ZeroBias/RAW/v1/000/305/064/00000/AA343E2A-69B1-E711-AD19-02163E01A2E0.root [1109,1112,1110,1108,1111,1113]
/store/data/Run2017F/ZeroBias/RAW/v1/000/305/064/00000/AA72762C-69B1-E711-8B67-02163E0146A4.root [1382,1380,1384,1385,1381,1383]
/store/data/Run2017F/ZeroBias/RAW/v1/000/305/064/00000/AAE7C47B-15B1-E711-8159-02163E013562.root [582,585,584,583]
/store/data/Run2017F/ZeroBias/RAW/v1/000/305/064/00000/AAFBEA38-69B1-E711-9E2B-02163E011D32.root [864,863,861,862,860]
/store/data/Run2017F/ZeroBias/RAW/v1/000/305/064/00000/AC8CC355-FFB0-E711-B4BA-02163E01462A.root [174,173,175,172]
/store/data/Run2017F/ZeroBias/RAW/v1/000/305/064/00000/AE0F7C07-06B1-E711-BCF9-02163E01A566.root [294,292,295,293]
/store/data/Run2017F/ZeroBias/RAW/v1/000/305/064/00000/AE933814-18B1-E711-A13F-02163E01A32A.root [627,628,631,630,629]
/store/data/Run2017F/ZeroBias/RAW/v1/000/305/064/00000/AE9E6954-69B1-E711-A374-02163E019D6E.root [952,953,951,954,950]
/store/data/Run2017F/ZeroBias/RAW/v1/000/305/064/00000/B22E5578-16B1-E711-AABF-02163E013645.root [596,598,597,595]
/store/data/Run2017F/ZeroBias/RAW/v1/000/305/064/00000/B2958473-07B1-E711-B736-02163E0145EE.root [318,316,317,319]
/store/data/Run2017F/ZeroBias/RAW/v1/000/305/064/00000/B40D102F-69B1-E711-8B72-02163E0141D5.root [858,859,856,855,857]
/store/data/Run2017F/ZeroBias/RAW/v1/000/305/064/00000/B4C31C97-07B1-E711-9B0F-02163E01A5B9.root [324,326,325,327]
/store/data/Run2017F/ZeroBias/RAW/v1/000/305/064/00000/B64D5C42-FAB0-E711-924B-02163E014303.root [81,82,83,84]
/store/data/Run2017F/ZeroBias/RAW/v1/000/305/064/00000/B6AE0002-0DB1-E711-9603-02163E01A1D1.root [416,417,418,419]
/store/data/Run2017F/ZeroBias/RAW/v1/000/305/064/00000/B6B91431-69B1-E711-AA51-02163E01A5DD.root [1377,1374,1378,1375,1376,1379]
/store/data/Run2017F/ZeroBias/RAW/v1/000/305/064/00000/B6BC4B2E-69B1-E711-B0E2-02163E01372F.root [1086,1088,1089,1084,1085,1087]
/store/data/Run2017F/ZeroBias/RAW/v1/000/305/064/00000/B6F8D850-69B1-E711-9FB4-02163E013998.root [1045,1041,1042,1043,1044]
/store/data/Run2017F/ZeroBias/RAW/v1/000/305/064/00000/B6FFA356-69B1-E711-A27F-02163E01A505.root [705,709,707,708,706]
/store/data/Run2017F/ZeroBias/RAW/v1/000/305/064/00000/B811A93D-69B1-E711-9009-02163E014615.root [1036,1039,1037,1040,1038]
/store/data/Run2017F/ZeroBias/RAW/v1/000/305/064/00000/B875993E-69B1-E711-B5B2-02163E019DDB.root [1843,1841,1844,1846,1847,1842,1845]
/store/data/Run2017F/ZeroBias/RAW/v1/000/305/064/00000/BA46BF72-69B1-E711-B200-02163E01A6B5.root [660,664,662,661,663]
/store/data/Run2017F/ZeroBias/RAW/v1/000/305/064/00000/BC92CE14-15B1-E711-82F5-02163E019C70.root [572,573,570,571]
/store/data/Run2017F/ZeroBias/RAW/v1/000/305/064/00000/BE139E36-69B1-E711-83B5-02163E0123E6.root [875,879,877,876,878]
/store/data/Run2017F/ZeroBias/RAW/v1/000/305/064/00000/BE143F4E-69B1-E711-B694-02163E01A5B4.root [1456,1458,1460,1461,1462,1459,1457]
/store/data/Run2017F/ZeroBias/RAW/v1/000/305/064/00000/BE28ECF5-0FB1-E711-A248-02163E01A444.root [477,478,479,480]
/store/data/Run2017F/ZeroBias/RAW/v1/000/305/064/00000/BE4C0C1F-FDB0-E711-A0D6-02163E0142EF.root [129,130,128,131]
/store/data/Run2017F/ZeroBias/RAW/v1/000/305/064/00000/BE81F345-69B1-E711-AB86-02163E013585.root [1119,1116,1115,1114,1117,1118]
/store/data/Run2017F/ZeroBias/RAW/v1/000/305/064/00000/BECE2991-04B1-E711-9130-02163E01A4BE.root [263,260,262,261]
/store/data/Run2017F/ZeroBias/RAW/v1/000/305/064/00000/BEF18D5C-02B1-E711-BF3A-02163E01442C.root [228,230,231,229]
/store/data/Run2017F/ZeroBias/RAW/v1/000/305/064/00000/C0452F26-69B1-E711-BB2B-02163E01A6F5.root [941,940,943,944,942]
/store/data/Run2017F/ZeroBias/RAW/v1/000/305/064/00000/C0D4674F-0FB1-E711-B974-02163E013862.root [464,466,465,467,468]
/store/data/Run2017F/ZeroBias/RAW/v1/000/305/064/00000/C426C933-69B1-E711-9828-02163E011B95.root [963,964,962,961,965]
/store/data/Run2017F/ZeroBias/RAW/v1/000/305/064/00000/C4441DEA-13B1-E711-BA08-02163E0144C9.root [553,549,550,551,552]
/store/data/Run2017F/ZeroBias/RAW/v1/000/305/064/00000/C4B3A835-69B1-E711-977D-02163E0123E6.root [840,844,841,842,843]
/store/data/Run2017F/ZeroBias/RAW/v1/000/305/064/00000/C653635B-69B1-E711-A45F-02163E01A35C.root [1188,1186,1187,1190,1189,1191]
/store/data/Run2017F/ZeroBias/RAW/v1/000/305/064/00000/C66E5A4E-69B1-E711-B3F0-02163E01A60B.root [1216,1217,1218,1220,1221,1219]
/store/data/Run2017F/ZeroBias/RAW/v1/000/305/064/00000/C6BA6E34-69B1-E711-8C19-02163E01370A.root [1569,1574,1573,1572,1570,1568,1571]
/store/data/Run2017F/ZeroBias/RAW/v1/000/305/064/00000/C804986C-02B1-E711-A0C6-02163E0128D1.root [224,225,227,226]
/store/data/Run2017F/ZeroBias/RAW/v1/000/305/064/00000/C881C069-69B1-E711-B7DD-02163E01A4F3.root [866,865,868,869,867]
/store/data/Run2017F/ZeroBias/RAW/v1/000/305/064/00000/C8DB6D49-69B1-E711-BD5D-02163E0140F9.root [1063,1065,1061,1064,1066,1062]
/store/data/Run2017F/ZeroBias/RAW/v1/000/305/064/00000/C8FED347-69B1-E711-ABE4-02163E01A6A0.root [652,651,653]
/store/data/Run2017F/ZeroBias/RAW/v1/000/305/064/00000/CA47A955-09B1-E711-9996-02163E01A3A1.root [352,353,354,355]
/store/data/Run2017F/ZeroBias/RAW/v1/000/305/064/00000/CA8DE0DE-FDB0-E711-9497-02163E01A691.root [142,140,143,141]
/store/data/Run2017F/ZeroBias/RAW/v1/000/305/064/00000/CAC6DD23-69B1-E711-A855-02163E014629.root [742,740,741,743,744]
/store/data/Run2017F/ZeroBias/RAW/v1/000/305/064/00000/CAEF9164-69B1-E711-AAE2-02163E019B4F.root [1560,1559,1555,1557,1554,1556,1558]
/store/data/Run2017F/ZeroBias/RAW/v1/000/305/064/00000/CC634F7B-F7B0-E711-AD5E-02163E014542.root [27,28,29]
/store/data/Run2017F/ZeroBias/RAW/v1/000/305/064/00000/CC9B482D-69B1-E711-A640-02163E014365.root [787,788,785,789,786]
/store/data/Run2017F/ZeroBias/RAW/v1/000/305/064/00000/CCA4786C-69B1-E711-A67F-02163E01A68B.root [1818,1817,1814,1816,1813,1815,1819]
/store/data/Run2017F/ZeroBias/RAW/v1/000/305/064/00000/CCA5BDC2-13B1-E711-9826-02163E0140F1.root [537,539,538,540]
/store/data/Run2017F/ZeroBias/RAW/v1/000/305/064/00000/CCD7BC80-F7B0-E711-B9B9-02163E01A560.root [23,26,25,24]
/store/data/Run2017F/ZeroBias/RAW/v1/000/305/064/00000/CCD85FBF-0AB1-E711-BAD2-02163E01A387.root [377,376,378,379]
/store/data/Run2017F/ZeroBias/RAW/v1/000/305/064/00000/CCEA9B49-69B1-E711-B760-02163E013585.root [916,917,915,918,919]
/store/data/Run2017F/ZeroBias/RAW/v1/000/305/064/00000/CE459B29-69B1-E711-9176-02163E019E02.root [1150,1151,1155,1153,1152,1154]
/store/data/Run2017F/ZeroBias/RAW/v1/000/305/064/00000/CE98A24C-69B1-E711-913E-02163E01A210.root [1100,1096,1097,1099,1098,1101]
/store/data/Run2017F/ZeroBias/RAW/v1/000/305/064/00000/CEC5C938-FCB0-E711-B79F-02163E01A3B4.root [115,116,117]
/store/data/Run2017F/ZeroBias/RAW/v1/000/305/064/00000/CED46223-69B1-E711-9F08-02163E011F8E.root [938,935,936,937,939]
/store/data/Run2017F/ZeroBias/RAW/v1/000/305/064/00000/D00CC9EC-18B1-E711-BA2B-02163E019BBA.root [644,645,642,646,643]
/store/data/Run2017F/ZeroBias/RAW/v1/000/305/064/00000/D015B83F-69B1-E711-A262-02163E012191.root [1404,1408,1405,1407,1406,1409]
/store/data/Run2017F/ZeroBias/RAW/v1/000/305/064/00000/D043EC2D-69B1-E711-8E6A-02163E014744.root [1984,1986,1987,1990,1989,1988,1983,1985]
/store/data/Run2017F/ZeroBias/RAW/v1/000/305/064/00000/D0464C6C-04B1-E711-8008-02163E0136A3.root [266,267,264,265]
/store/data/Run2017F/ZeroBias/RAW/v1/000/305/064/00000/D0684438-69B1-E711-9B37-02163E0144F5.root [1228,1229,1232,1231,1233,1230]
/store/data/Run2017F/ZeroBias/RAW/v1/000/305/064/00000/D09A14E0-00B1-E711-A48E-02163E019D9B.root [201,203,202,200]
/store/data/Run2017F/ZeroBias/RAW/v1/000/305/064/00000/D200C630-69B1-E711-8804-02163E013863.root [1507,1509,1511,1505,1506,1508,1510]
/store/data/Run2017F/ZeroBias/RAW/v1/000/305/064/00000/D4333262-69B1-E711-847E-02163E01A2B5.root [1827,1831,1832,1828,1830,1833,1829]
/store/data/Run2017F/ZeroBias/RAW/v1/000/305/064/00000/D48FF033-69B1-E711-AA74-02163E0146EF.root [1577,1578,1575,1579,1581,1576,1580]
/store/data/Run2017F/ZeroBias/RAW/v1/000/305/064/00000/D694B445-69B1-E711-953A-02163E01A4F9.root [1026,1028,1030,1027,1029]
/store/data/Run2017F/ZeroBias/RAW/v1/000/305/064/00000/D6BAA52E-69B1-E711-8E43-02163E01A37E.root [800,802,801,803,804]
/store/data/Run2017F/ZeroBias/RAW/v1/000/305/064/00000/D6DE9B48-08B1-E711-9641-02163E011B57.root [337,336,338,339]
/store/data/Run2017F/ZeroBias/RAW/v1/000/305/064/00000/DA21742C-69B1-E711-97E3-02163E014189.root [1525,1522,1523,1519,1521,1520,1524]
/store/data/Run2017F/ZeroBias/RAW/v1/000/305/064/00000/DAC2C2A1-09B1-E711-85E1-02163E011B34.root [360,362,361,363]
/store/data/Run2017F/ZeroBias/RAW/v1/000/305/064/00000/DC37272F-69B1-E711-B6C0-02163E01A5CF.root [796,798,799,797,795]
/store/data/Run2017F/ZeroBias/RAW/v1/000/305/064/00000/DCBBDA47-69B1-E711-A23B-02163E01A6A0.root [809,805,808,806,807]
/store/data/Run2017F/ZeroBias/RAW/v1/000/305/064/00000/DCE5F59C-F7B0-E711-9F4C-02163E01A696.root [31,30,32]
/store/data/Run2017F/ZeroBias/RAW/v1/000/305/064/00000/DE08D729-69B1-E711-8D39-02163E01A5E3.root [966,967,969,968,970]
/store/data/Run2017F/ZeroBias/RAW/v1/000/305/064/00000/DEF4082F-69B1-E711-BD59-02163E012AAE.root [845,848,847,849,846]
/store/data/Run2017F/ZeroBias/RAW/v1/000/305/064/00000/E006537C-04B1-E711-80C8-02163E01A72B.root [271,268,269,270]
/store/data/Run2017F/ZeroBias/RAW/v1/000/305/064/00000/E02DC133-17B1-E711-A87A-02163E0126BD.root [614,612,613,611]
/store/data/Run2017F/ZeroBias/RAW/v1/000/305/064/00000/E04A2530-17B1-E711-B97C-02163E019C6B.root [618,617,615,616]
/store/data/Run2017F/ZeroBias/RAW/v1/000/305/064/00000/E2301029-69B1-E711-842D-02163E0144EF.root [1780,1778,1779,1781,1783,1782,1784]
/store/data/Run2017F/ZeroBias/RAW/v1/000/305/064/00000/E2A32114-18B1-E711-AE86-02163E01A3E3.root [632,634,635,636,633]
/store/data/Run2017F/ZeroBias/RAW/v1/000/305/064/00000/E2A63972-FEB0-E711-A885-02163E0139AD.root [150,148,149,151]
/store/data/Run2017F/ZeroBias/RAW/v1/000/305/064/00000/E4374D2E-69B1-E711-BA0C-02163E01372F.root [928,929,926,927,925]
/store/data/Run2017F/ZeroBias/RAW/v1/000/305/064/00000/E47249DD-14B1-E711-8EC7-02163E01A2BE.root [566,569,568,567]
/store/data/Run2017F/ZeroBias/RAW/v1/000/305/064/00000/E4C7604E-69B1-E711-A808-02163E0146CA.root [1031,1035,1034,1032,1033]
/store/data/Run2017F/ZeroBias/RAW/v1/000/305/064/00000/E4D6F705-07B1-E711-8FFB-02163E012496.root [298,299,297,296]
/store/data/Run2017F/ZeroBias/RAW/v1/000/305/064/00000/E643B459-69B1-E711-BA87-02163E01A366.root [1862,1866,1868,1863,1867,1865,1864]
/store/data/Run2017F/ZeroBias/RAW/v1/000/305/064/00000/E658D4AF-15B1-E711-A763-02163E019C69.root [587,588,589,590,586]
/store/data/Run2017F/ZeroBias/RAW/v1/000/305/064/00000/E6A33055-69B1-E711-939C-02163E01A636.root [2008,2011,2007,2010,2013,2012,2009,2014]
/store/data/Run2017F/ZeroBias/RAW/v1/000/305/064/00000/E6C4E565-69B1-E711-A317-02163E01A4F3.root [1430,1433,1434,1435,1432,1431]
/store/data/Run2017F/ZeroBias/RAW/v1/000/305/064/00000/E6FCB23D-69B1-E711-AC05-02163E014615.root [1206,1208,1209,1205,1207,1204]
/store/data/Run2017F/ZeroBias/RAW/v1/000/305/064/00000/E8BF2934-69B1-E711-A620-02163E01370A.root [1426,1427,1424,1425,1428,1429]
/store/data/Run2017F/ZeroBias/RAW/v1/000/305/064/00000/EA31BC46-00B1-E711-8747-02163E01A703.root [191,189,188,190]
/store/data/Run2017F/ZeroBias/RAW/v1/000/305/064/00000/EAD67285-01B1-E711-BB82-02163E011D3F.root [212,214,215,213]
/store/data/Run2017F/ZeroBias/RAW/v1/000/305/064/00000/EAF2C050-08B1-E711-A695-02163E014789.root [328,330,331,329]
/store/data/Run2017F/ZeroBias/RAW/v1/000/305/064/00000/EAF5835B-69B1-E711-A598-02163E01A441.root [1822,1826,1820,1823,1824,1821,1825]
/store/data/Run2017F/ZeroBias/RAW/v1/000/305/064/00000/EC0F00E5-F7B0-E711-9E90-02163E0144E3.root [39,40,41]
/store/data/Run2017F/ZeroBias/RAW/v1/000/305/064/00000/EC152EA5-F9B0-E711-BC08-02163E01A629.root [65,68,66,67]
/store/data/Run2017F/ZeroBias/RAW/v1/000/305/064/00000/ECB0A7A3-FAB0-E711-B041-02163E01420B.root [86,87,85,88]
/store/data/Run2017F/ZeroBias/RAW/v1/000/305/064/00000/ECB74FD1-FAB0-E711-97FA-02163E014280.root [90,92,89,91]
/store/data/Run2017F/ZeroBias/RAW/v1/000/305/064/00000/ECB7FFC3-16B1-E711-B4DA-02163E0146E6.root [607,610,609,608]
/store/data/Run2017F/ZeroBias/RAW/v1/000/305/064/00000/EE300B4F-69B1-E711-B395-02163E01A539.root [910,911,914,913,912]
/store/data/Run2017F/ZeroBias/RAW/v1/000/305/064/00000/EE7DFD64-69B1-E711-98F4-02163E01A5B5.root [696,699,695,697,698]
/store/data/Run2017F/ZeroBias/RAW/v1/000/305/064/00000/EE906F09-09B1-E711-825C-02163E013901.root [349,350,348,351]
/store/data/Run2017F/ZeroBias/RAW/v1/000/305/064/00000/F0E69949-69B1-E711-9DDA-02163E01452D.root [1745,1746,1744,1743,1748,1749,1747]
/store/data/Run2017F/ZeroBias/RAW/v1/000/305/064/00000/F296618B-17B1-E711-A9DE-02163E013456.root [624,625,623,626]
/store/data/Run2017F/ZeroBias/RAW/v1/000/305/064/00000/F4570DDE-FBB0-E711-AF61-02163E0139AD.root [114,113,112]
/store/data/Run2017F/ZeroBias/RAW/v1/000/305/064/00000/F45E2041-0BB1-E711-B1E6-02163E014324.root [398,396,397,399]
/store/data/Run2017F/ZeroBias/RAW/v1/000/305/064/00000/F4A92C77-69B1-E711-BFBB-02163E01A76B.root [1017,1016,1018,1020,1019]
/store/data/Run2017F/ZeroBias/RAW/v1/000/305/064/00000/F4FAB736-69B1-E711-AFD7-02163E01180D.root [1332,1333,1337,1335,1336,1334]
/store/data/Run2017F/ZeroBias/RAW/v1/000/305/064/00000/F67B0C3C-69B1-E711-9AAA-02163E012191.root [1225,1224,1227,1222,1223,1226]
/store/data/Run2017F/ZeroBias/RAW/v1/000/305/064/00000/F8471C5E-69B1-E711-8AC7-02163E01A33F.root [1471,1476,1474,1473,1470,1472,1475]
/store/data/Run2017F/ZeroBias/RAW/v1/000/305/064/00000/F84C4B2A-69B1-E711-AB38-02163E0144E9.root [1240,1243,1241,1245,1242,1244]
/store/data/Run2017F/ZeroBias/RAW/v1/000/305/064/00000/F8582828-69B1-E711-B159-02163E01A261.root [1633,1632,1636,1635,1634,1637,1631]
/store/data/Run2017F/ZeroBias/RAW/v1/000/305/064/00000/F86CFF23-69B1-E711-B121-02163E014629.root [823,824,820,821,822]
/store/data/Run2017F/ZeroBias/RAW/v1/000/305/064/00000/F89058AC-04B1-E711-8F49-02163E01A270.root [274,272,275,273]
/store/data/Run2017F/ZeroBias/RAW/v1/000/305/064/00000/FA52675B-69B1-E711-B254-02163E01A35C.root [1447,1444,1446,1448,1445,1443]
/store/data/Run2017F/ZeroBias/RAW/v1/000/305/064/00000/FA76A808-11B1-E711-A8E4-02163E0128ED.root [502,503,501,504]
/store/data/Run2017F/ZeroBias/RAW/v1/000/305/064/00000/FC38A152-69B1-E711-902E-02163E01A539.root [871,872,873,870,874]
/store/data/Run2017F/ZeroBias/RAW/v1/000/305/064/00000/FE78BF56-69B1-E711-9E3A-02163E01A450.root [1169,1171,1170,1173,1168,1172]
/store/data/Run2017F/ZeroBias/RAW/v1/000/305/064/00000/FEB72854-69B1-E711-98DC-02163E01A450.root [1393,1395,1396,1394,1397,1392]
