/store/data/Run2022B/ZeroBias/RAW/v1/000/355/130/00000/0ade3f3e-2c0b-43bf-a9f0-f7d9b90f20b4.root [116,119,120,117,121,118]
/store/data/Run2022B/ZeroBias/RAW/v1/000/355/130/00000/0e09d639-70fd-46c2-99a7-03293fdcdaa4.root [105,106,107,108,109,104]
/store/data/Run2022B/ZeroBias/RAW/v1/000/355/130/00000/1a14770f-016d-40be-a827-1d9b5ecacf25.root [67,62,66,63,64,65]
/store/data/Run2022B/ZeroBias/RAW/v1/000/355/130/00000/24f343b6-26e0-4ab0-a87a-a3191fba32ef.root [224,225,228,229,226,227,230]
/store/data/Run2022B/ZeroBias/RAW/v1/000/355/130/00000/250775aa-7fab-4a92-9a07-027a68118c6b.root [169,168,165,166,167,164]
/store/data/Run2022B/ZeroBias/RAW/v1/000/355/130/00000/28858b86-d360-4426-bd53-e727ca2588e4.root [52,54,50,55,53,51]
/store/data/Run2022B/ZeroBias/RAW/v1/000/355/130/00000/390a7d65-42a2-402e-a830-882f6e54b074.root [96,94,97,93,95,92]
/store/data/Run2022B/ZeroBias/RAW/v1/000/355/130/00000/53fa387e-4543-4907-bd0c-527a81338c48.root [111,112,115,110,113,114]
/store/data/Run2022B/ZeroBias/RAW/v1/000/355/130/00000/571f3055-ff71-4f79-a3e2-c5d6a713a99f.root [146,149,151,147,148,150]
/store/data/Run2022B/ZeroBias/RAW/v1/000/355/130/00000/5918a4d5-cbb8-4e7a-91c4-bdf18fc7e419.root [34,36,37,35,32,31,33]
/store/data/Run2022B/ZeroBias/RAW/v1/000/355/130/00000/5ac44815-0ce2-479f-b30a-580c1d4beba5.root [161,159,162,163,158,160]
/store/data/Run2022B/ZeroBias/RAW/v1/000/355/130/00000/6423227c-597f-4ddc-a387-47ed7937984e.root [98,100,99,102,101,103]
/store/data/Run2022B/ZeroBias/RAW/v1/000/355/130/00000/6f853e3b-6b8d-4b53-89ae-5c817e964bd1.root [276,260,263,269,275,277,261,262,274,268,270,272,264,271,273,266,265,267]
/store/data/Run2022B/ZeroBias/RAW/v1/000/355/130/00000/75d5edd3-3022-4281-b591-325e030d0f78.root [171,170,174,175,173,172]
/store/data/Run2022B/ZeroBias/RAW/v1/000/355/130/00000/77110204-3de3-46d5-9c34-9d84bf33d795.root [8,12,7,10,9,11]
/store/data/Run2022B/ZeroBias/RAW/v1/000/355/130/00000/7e38c696-a436-4156-ba28-e2cd312fe9d9.root [133,128,132,131,129,130]
/store/data/Run2022B/ZeroBias/RAW/v1/000/355/130/00000/8e880e52-f63b-45cd-a6b8-60832fa0bfd3.root [196,194,199,198,197,195]
/store/data/Run2022B/ZeroBias/RAW/v1/000/355/130/00000/95de9985-ca7c-4f7c-8ad5-48c185d8bd79.root [70,72,71,73,68,69]
/store/data/Run2022B/ZeroBias/RAW/v1/000/355/130/00000/9a9df8bd-d4bd-4432-97e2-e93bb8b7da0c.root [247,250,248,252,249,253,251]
/store/data/Run2022B/ZeroBias/RAW/v1/000/355/130/00000/9b99ad36-4df3-4d07-b0c7-5903bad816d4.root [80,82,83,85,81,84]
/store/data/Run2022B/ZeroBias/RAW/v1/000/355/130/00000/9ba7ce14-e3fb-468c-b08c-640ee40b6625.root [45,47,48,49,44,46]
/store/data/Run2022B/ZeroBias/RAW/v1/000/355/130/00000/9e168605-7bc8-40fa-a9e9-27523292e08f.root [223,222,218,220,221,219]
/store/data/Run2022B/ZeroBias/RAW/v1/000/355/130/00000/a0bb8e3c-3584-4ef0-bb03-a81619193d86.root [155,153,156,157,152,154]
/store/data/Run2022B/ZeroBias/RAW/v1/000/355/130/00000/a2e9eb9c-41ab-4df9-8713-c18007456348.root [237,234,232,233,231,235,236]
/store/data/Run2022B/ZeroBias/RAW/v1/000/355/130/00000/a38d2dc9-7586-4b87-b528-731b95113100.root [217,212,214,215,213,216]
/store/data/Run2022B/ZeroBias/RAW/v1/000/355/130/00000/ac031d57-f2d0-4cbb-ae8e-683639d3651e.root [60,57,61,58,56,59]
/store/data/Run2022B/ZeroBias/RAW/v1/000/355/130/00000/b4a88201-145e-4edd-b6a7-7589d31f54a2.root [22,24,19,20,23,21]
/store/data/Run2022B/ZeroBias/RAW/v1/000/355/130/00000/b660d32d-7c41-4cd0-a098-40a090bb9605.root [39,40,38,43,41,42]
/store/data/Run2022B/ZeroBias/RAW/v1/000/355/130/00000/b735ee5b-ad92-42fe-b162-6459b5b6e141.root [259,255,258,256,254,257]
/store/data/Run2022B/ZeroBias/RAW/v1/000/355/130/00000/b8c6d8f0-0fe5-4688-8c7b-b6d2a0e705b0.root [177,180,176,178,181,179]
/store/data/Run2022B/ZeroBias/RAW/v1/000/355/130/00000/bacb4708-be76-4933-9a5a-b00b37c53b42.root [189,192,188,190,193,191]
/store/data/Run2022B/ZeroBias/RAW/v1/000/355/130/00000/bdd9a7ff-eb9e-49a0-b9fb-6b6af3404731.root [25,27,29,28,26,30]
/store/data/Run2022B/ZeroBias/RAW/v1/000/355/130/00000/bffe91e9-d8d5-49d6-9993-1730ce3fed57.root [209,207,211,208,206,210]
/store/data/Run2022B/ZeroBias/RAW/v1/000/355/130/00000/c1b6e88c-21e7-438a-8f70-aeaec34f708a.root [17,13,18,15,14,16]
/store/data/Run2022B/ZeroBias/RAW/v1/000/355/130/00000/cf48725c-1c23-4b31-9b27-664e7d11e8c5.root [200,205,202,204,201,203]
/store/data/Run2022B/ZeroBias/RAW/v1/000/355/130/00000/d39f08ce-cec7-4b12-90e1-465edf8c958c.root [134,135,138,136,139,137]
/store/data/Run2022B/ZeroBias/RAW/v1/000/355/130/00000/d6b6c925-21fd-4445-aee0-b66a3e88966b.root [186,182,184,183,187,185]
/store/data/Run2022B/ZeroBias/RAW/v1/000/355/130/00000/de132a1a-7f01-4353-99bd-3f1d6f832754.root [75,79,74,76,77,78]
/store/data/Run2022B/ZeroBias/RAW/v1/000/355/130/00000/eda82187-cbd9-4c84-bef7-c387b94ecb5a.root [1,3,6,5,2,4]
/store/data/Run2022B/ZeroBias/RAW/v1/000/355/130/00000/ef0bc517-f808-48d2-8f85-614928af350a.root [238,246,242,243,240,245,239,244,241]
/store/data/Run2022B/ZeroBias/RAW/v1/000/355/130/00000/f0d776f2-b0e5-45d4-aeb7-88e8008fdbde.root [88,90,86,91,87,89]
/store/data/Run2022B/ZeroBias/RAW/v1/000/355/130/00000/f26254f8-9c4a-41ac-9a55-39790075fa37.root [127,123,125,126,124,122]
/store/data/Run2022B/ZeroBias/RAW/v1/000/355/130/00000/f9887bcd-acd5-4a32-af61-6a6ebb6d9e5e.root [143,144,141,142,145,140]
