/store/data/Run2024C/NoBPTX/RAW/v1/000/380/049/00000/007c4426-b5df-45cc-8749-2504b0637cec.root [575,576,577,574,578,579]
/store/data/Run2024C/NoBPTX/RAW/v1/000/380/049/00000/0396c699-320f-4f96-9042-c26a511e7271.root [150,148,151,152,153,149]
/store/data/Run2024C/NoBPTX/RAW/v1/000/380/049/00000/05313e42-c440-4bff-8e31-653910610f5d.root [624,625,626,627,622,623]
/store/data/Run2024C/NoBPTX/RAW/v1/000/380/049/00000/07ae84fb-524e-4ad1-991a-1d5f758a36e6.root [288,287,290,286,289,291]
/store/data/Run2024C/NoBPTX/RAW/v1/000/380/049/00000/09a3a302-4a76-4f79-9ef9-094267c22073.root [512,508,509,513,511,510]
/store/data/Run2024C/NoBPTX/RAW/v1/000/380/049/00000/0b3e9f4a-02d3-4f81-8192-b72fabf6bed8.root [856,857,852,853,855,854,850,851]
/store/data/Run2024C/NoBPTX/RAW/v1/000/380/049/00000/0b5d8030-bff2-4b33-a647-04e9d79d7e90.root [312,315,311,314,310,313]
/store/data/Run2024C/NoBPTX/RAW/v1/000/380/049/00000/13337190-3f9c-4dda-91a2-ec8a2d4f36e0.root [717,719,718,721,716,720]
/store/data/Run2024C/NoBPTX/RAW/v1/000/380/049/00000/13478975-b504-4c5b-8eb7-20a48351beaa.root [163,168,169,162,165,167,166,164]
/store/data/Run2024C/NoBPTX/RAW/v1/000/380/049/00000/14536e8c-a0a7-4a18-a79b-363232e5547e.root [599,601,602,600,603,598]
/store/data/Run2024C/NoBPTX/RAW/v1/000/380/049/00000/151af7bc-ca28-485e-9d65-b6fdf1fcf648.root [256,258,257,261,259,260]
/store/data/Run2024C/NoBPTX/RAW/v1/000/380/049/00000/167fe474-58a6-42b0-afb5-8b7358932f55.root [230,227,228,231,226,229]
/store/data/Run2024C/NoBPTX/RAW/v1/000/380/049/00000/180c4912-1db5-4cc9-8a15-bf8bfbb9bdfc.root [781,784,783,785,778,782,780,779]
/store/data/Run2024C/NoBPTX/RAW/v1/000/380/049/00000/19d29f5d-7793-4fe6-88b5-dce5ae93370e.root [862,864,859,863,858,861,865,860]
/store/data/Run2024C/NoBPTX/RAW/v1/000/380/049/00000/1bc641a5-cc2b-4fc4-a3e6-f0af4dffa196.root [786,789,788,792,791,793,787,790]
/store/data/Run2024C/NoBPTX/RAW/v1/000/380/049/00000/1c4a8bf0-ab7e-42ee-b654-c7632ac768eb.root [298,302,303,299,301,300]
/store/data/Run2024C/NoBPTX/RAW/v1/000/380/049/00000/1c6a90c6-eff7-453c-a7bd-7716b20b1c59.root [777,771,774,770,775,776,772,773]
/store/data/Run2024C/NoBPTX/RAW/v1/000/380/049/00000/21211c35-d4bc-4f94-9104-b9bcd16bc8b1.root [115,120,116,118,117,119,121,114]
/store/data/Run2024C/NoBPTX/RAW/v1/000/380/049/00000/2201c0f3-c500-40c5-9a5d-e8255bb42319.root [402,401,403,399,398,400]
/store/data/Run2024C/NoBPTX/RAW/v1/000/380/049/00000/221887bb-5ce0-423f-b476-1f2add290dd5.root [282,285,280,281,283,284]
/store/data/Run2024C/NoBPTX/RAW/v1/000/380/049/00000/275f9b17-6a1f-43e9-b262-3494ca70f392.root [461,462,463,459,464,465,458,460]
/store/data/Run2024C/NoBPTX/RAW/v1/000/380/049/00000/27b63115-699f-40fb-9256-55c3c684239a.root [641,644,643,642,645,640]
/store/data/Run2024C/NoBPTX/RAW/v1/000/380/049/00000/29a19f87-1573-4e51-b3d4-e8f389d1b8fa.root [506,502,504,503,505,507]
/store/data/Run2024C/NoBPTX/RAW/v1/000/380/049/00000/2e1ecd1c-51c3-4bcc-b207-1f600a61b0dc.root [218,214,219,216,217,215]
/store/data/Run2024C/NoBPTX/RAW/v1/000/380/049/00000/2ea19c08-548a-408a-9ed5-d0b6a07f8315.root [79,82,72,75,78,67,68,70,71,73,74,64,66,77,81,63,65,76,69,80,83]
/store/data/Run2024C/NoBPTX/RAW/v1/000/380/049/00000/2f02adc4-1151-43ea-9d22-e29a2370aec9.root [893,894,895,892,896,890,891,897]
/store/data/Run2024C/NoBPTX/RAW/v1/000/380/049/00000/357e1b17-0e20-4b91-bcec-43ccbad9c52c.root [566,564,565,567,562,563]
/store/data/Run2024C/NoBPTX/RAW/v1/000/380/049/00000/37c5aeb8-1024-4d90-89b0-68ff2dc5399e.root [521,520,522,524,525,523]
/store/data/Run2024C/NoBPTX/RAW/v1/000/380/049/00000/37d2e60c-e810-4279-8b52-3d32f104b552.root [208,209,211,210,212,213]
/store/data/Run2024C/NoBPTX/RAW/v1/000/380/049/00000/38fde96e-8f55-4302-9a48-69a640083fd9.root [515,514,518,519,516,517]
/store/data/Run2024C/NoBPTX/RAW/v1/000/380/049/00000/3a33039d-2be1-473d-bedf-46c5a6b2e35f.root [125,126,122,123,127,128,124,129]
/store/data/Run2024C/NoBPTX/RAW/v1/000/380/049/00000/3d195a6a-2264-4194-be21-5baea68646ad.root [561,560,556,558,557,559]
/store/data/Run2024C/NoBPTX/RAW/v1/000/380/049/00000/3f9f7074-cecb-4054-913f-b8f07695e302.root [493,495,490,491,494,492]
/store/data/Run2024C/NoBPTX/RAW/v1/000/380/049/00000/4026ae98-bf14-464c-9305-0b3ae6255254.root [108,111,112,113,106,104,105,109,107,110]
/store/data/Run2024C/NoBPTX/RAW/v1/000/380/049/00000/41e07c16-30bc-4ee7-8372-afcaa5a26a65.root [607,605,604,606,609,608]
/store/data/Run2024C/NoBPTX/RAW/v1/000/380/049/00000/4302c74c-8b47-4e5a-a378-2c1a0b3d9c07.root [501,500,497,498,496,499]
/store/data/Run2024C/NoBPTX/RAW/v1/000/380/049/00000/4664536d-97aa-4289-b450-29512fd7044a.root [586,588,587,589,590,591]
/store/data/Run2024C/NoBPTX/RAW/v1/000/380/049/00000/46eb6450-c2fb-4832-a586-1dbd73230c17.root [468,466,467,471,469,470]
/store/data/Run2024C/NoBPTX/RAW/v1/000/380/049/00000/49d835e9-f4de-43b6-b988-f932b185aa28.root [279,278,275,276,277,274]
/store/data/Run2024C/NoBPTX/RAW/v1/000/380/049/00000/4a1921ea-dd3d-40ab-82c0-427775405e12.root [318,321,317,320,319,316]
/store/data/Run2024C/NoBPTX/RAW/v1/000/380/049/00000/4af1aa30-227f-4e55-8860-48a98c9bb75b.root [356,357,358,360,361,359]
/store/data/Run2024C/NoBPTX/RAW/v1/000/380/049/00000/4bf7a5b0-0048-4396-83ad-752fe929e9a0.root [271,272,270,268,273,269]
/store/data/Run2024C/NoBPTX/RAW/v1/000/380/049/00000/4cee5713-963d-4670-b350-c12151dcd0b2.root [539,538,542,541,543,540]
/store/data/Run2024C/NoBPTX/RAW/v1/000/380/049/00000/4df6d658-b7ae-4ec1-a52d-96f90f32008a.root [387,389,390,391,388,386]
/store/data/Run2024C/NoBPTX/RAW/v1/000/380/049/00000/4ea7cd8c-b4d5-464e-a2d7-6e129d2b6dd1.root [250,253,255,254,252,251]
/store/data/Run2024C/NoBPTX/RAW/v1/000/380/049/00000/52a8330c-a546-44e9-9e80-a432e73b746d.root [377,379,375,376,374,378]
/store/data/Run2024C/NoBPTX/RAW/v1/000/380/049/00000/593bd22c-de3f-4a1b-908f-5cefcfca6f43.root [191,192,194,195,190,193]
/store/data/Run2024C/NoBPTX/RAW/v1/000/380/049/00000/5b6cfd68-5c32-4e50-be0c-c2a934f3a401.root [100,99,102,103,97,95,94,96,98,101]
/store/data/Run2024C/NoBPTX/RAW/v1/000/380/049/00000/5c8338e1-28fb-4516-9c11-1fca9104952c.root [648,650,649,651,647,646]
/store/data/Run2024C/NoBPTX/RAW/v1/000/380/049/00000/5cb07612-bb3c-4351-b857-b3a90943f0c2.root [292,294,296,295,297,293]
/store/data/Run2024C/NoBPTX/RAW/v1/000/380/049/00000/5efa6768-e845-4fdd-a75f-3bdabf86e1e2.root [584,585,582,583,580,581]
/store/data/Run2024C/NoBPTX/RAW/v1/000/380/049/00000/6231caa6-4491-4115-a1cd-3c7395294ee4.root [479,480,478,481,482,483]
/store/data/Run2024C/NoBPTX/RAW/v1/000/380/049/00000/64f9628c-a292-4b8e-a06f-da62e0b8f830.root [477,475,474,472,473,476]
/store/data/Run2024C/NoBPTX/RAW/v1/000/380/049/00000/665e3a73-7534-4285-a81b-c844b3957a80.root [394,395,397,392,396,393]
/store/data/Run2024C/NoBPTX/RAW/v1/000/380/049/00000/670662d9-c1cd-42f9-bffa-6302c289e1bf.root [654,655,657,653,656,652]
/store/data/Run2024C/NoBPTX/RAW/v1/000/380/049/00000/67115f73-5db9-45e1-981f-b85c700bad67.root [635,636,638,639,637,634]
/store/data/Run2024C/NoBPTX/RAW/v1/000/380/049/00000/67952768-19fc-4d79-84ec-dd31c1a3783a.root [139,136,137,138,141,140]
/store/data/Run2024C/NoBPTX/RAW/v1/000/380/049/00000/67a279f9-ab3f-4396-87c7-13c8d686c1c3.root [220,222,221,225,223,224]
/store/data/Run2024C/NoBPTX/RAW/v1/000/380/049/00000/68ebe1c8-639a-4cbb-83cc-488210ed98f6.root [555,554,551,552,550,553]
/store/data/Run2024C/NoBPTX/RAW/v1/000/380/049/00000/6a64a2f0-f574-4c0f-acc3-b771e62e9de6.root [444,445,440,442,443,441]
/store/data/Run2024C/NoBPTX/RAW/v1/000/380/049/00000/6abfce1e-8eb6-46ef-810c-406ea1f87010.root [429,428,432,433,431,430]
/store/data/Run2024C/NoBPTX/RAW/v1/000/380/049/00000/6c067660-c42e-4b9c-a6e0-bae6cc9dcbcd.root [4,12,14,35,38,40,44,55,57,15,21,46,47,54,59,5,10,13,17,29,45,49,50,58,16,28,31,32,37,62,3,19,22,27,52,61,8,9,25,42,48,51,20,23,30,33,34,39,53,56,1,2,6,7,11,18,24,26,36,41,43,60]
/store/data/Run2024C/NoBPTX/RAW/v1/000/380/049/00000/6d4c3a3a-e86e-40de-8880-fa641c87bbda.root [667,669,664,665,666,668]
/store/data/Run2024C/NoBPTX/RAW/v1/000/380/049/00000/6edde636-c7fa-4291-9b63-22588d961470.root [334,335,336]
/store/data/Run2024C/NoBPTX/RAW/v1/000/380/049/00000/733d7485-c79e-405a-a6d6-afa30c573e3f.root [732,731,737,734,733,735,736,730]
/store/data/Run2024C/NoBPTX/RAW/v1/000/380/049/00000/736de7e0-580d-434d-94ee-325d7b2d4174.root [239,241,238,240,242,243]
/store/data/Run2024C/NoBPTX/RAW/v1/000/380/049/00000/73caf1ec-bc06-4a83-850f-9a06abb79bbe.root [171,176,175,172,170,174,177,173]
/store/data/Run2024C/NoBPTX/RAW/v1/000/380/049/00000/763fc698-dd4a-4a63-b890-64d8c160211d.root [680,677,681,679,678,676]
/store/data/Run2024C/NoBPTX/RAW/v1/000/380/049/00000/76499349-c58f-4542-bb55-4ec01d3603af.root [694,695,689,693,688,692,690,691]
/store/data/Run2024C/NoBPTX/RAW/v1/000/380/049/00000/777efef3-6e80-4111-9a3c-e5a14d85053e.root [758,760,759,754,756,755,757,761]
/store/data/Run2024C/NoBPTX/RAW/v1/000/380/049/00000/7912b28c-e371-4b7a-a900-06e5c2298224.root [617,618,619,616,620,621]
/store/data/Run2024C/NoBPTX/RAW/v1/000/380/049/00000/79b25a18-6868-4ecb-9ca5-1a27689c1d02.root [764,768,765,767,762,763,769,766]
/store/data/Run2024C/NoBPTX/RAW/v1/000/380/049/00000/79bb4316-2bd6-46a5-b8f6-8504a0810cd9.root [368,372,371,369,370,373]
/store/data/Run2024C/NoBPTX/RAW/v1/000/380/049/00000/7acc4f2f-56f2-449d-ba07-c1058fb41aa6.root [410,411,413,412,414,415]
/store/data/Run2024C/NoBPTX/RAW/v1/000/380/049/00000/7dc840cd-32ab-4642-9298-07ce0dcf7fe1.root [206,204,207,205,202,203]
/store/data/Run2024C/NoBPTX/RAW/v1/000/380/049/00000/7de198b5-04bb-4622-a002-f09d936a098a.root [134,135,130,131,133,132]
/store/data/Run2024C/NoBPTX/RAW/v1/000/380/049/00000/81311f91-a370-4e85-b328-19b82a2be55d.root [90,92,89,91,86,87,88,84,85,93]
/store/data/Run2024C/NoBPTX/RAW/v1/000/380/049/00000/84376e44-4331-4fe1-98f2-3b37b117fec8.root [182,179,181,180,178,183]
/store/data/Run2024C/NoBPTX/RAW/v1/000/380/049/00000/85463f04-9622-402d-bd2f-cd43865acc86.root [322,326,327,323,324,325]
/store/data/Run2024C/NoBPTX/RAW/v1/000/380/049/00000/87d5c6dd-c463-46c7-ba2b-629677d57860.root [351,352,354,355,350,353]
/store/data/Run2024C/NoBPTX/RAW/v1/000/380/049/00000/88119224-159d-4f8b-b71b-5bd70151f803.root [818,823,825,822,819,820,821,824]
/store/data/Run2024C/NoBPTX/RAW/v1/000/380/049/00000/88c65b2f-d88e-4cfc-b2be-521350764046.root [685,686,683,684,682,687]
/store/data/Run2024C/NoBPTX/RAW/v1/000/380/049/00000/8a20d2c8-8a21-4299-b475-4248cc988a5b.root [484,486,489,488,485,487]
/store/data/Run2024C/NoBPTX/RAW/v1/000/380/049/00000/91afd41a-d2a2-4819-a8cd-e158b60eceff.root [866,867,868,869,872,873,870,871]
/store/data/Run2024C/NoBPTX/RAW/v1/000/380/049/00000/9262b1d8-2ea4-48b7-8446-f24edf09a43f.root [703,706,708,702,707,709,704,705]
/store/data/Run2024C/NoBPTX/RAW/v1/000/380/049/00000/94319012-4b72-4e30-aaad-26652cefd2a3.root [800,796,797,801,794,795,798,799]
/store/data/Run2024C/NoBPTX/RAW/v1/000/380/049/00000/9456498c-05c8-475b-8594-27fd2f3148bb.root [237,235,233,234,232,236]
/store/data/Run2024C/NoBPTX/RAW/v1/000/380/049/00000/982ab8d7-74d9-4fab-a4c3-0490e624a03d.root [344,346,348,347,345,349]
/store/data/Run2024C/NoBPTX/RAW/v1/000/380/049/00000/9b0eda4c-b03e-4317-b271-305e9566e885.root [448,447,451,446,450,449]
/store/data/Run2024C/NoBPTX/RAW/v1/000/380/049/00000/a035d8c2-d879-45bf-8e07-e9344775fe8e.root [184,187,185,186,189,188]
/store/data/Run2024C/NoBPTX/RAW/v1/000/380/049/00000/a0e2553c-e89e-4121-b0cb-d647fcdbab5b.root [741,739,743,745,744,738,742,740]
/store/data/Run2024C/NoBPTX/RAW/v1/000/380/049/00000/a3b0f28c-6bc2-4f85-ac7c-49bbcc481f81.root [878,879,874,875,877,880,876,881]
/store/data/Run2024C/NoBPTX/RAW/v1/000/380/049/00000/a486d6bf-0fbd-4d69-8992-ffdd665adf5b.root [614,615,613,610,611,612]
/store/data/Run2024C/NoBPTX/RAW/v1/000/380/049/00000/a5bcf5d7-9be0-4f76-afe7-31ae7f553fbe.root [197,200,196,198,201,199]
/store/data/Run2024C/NoBPTX/RAW/v1/000/380/049/00000/a85de649-82d1-4b99-9be9-f00044a32c09.root [454,456,453,457,455,452]
/store/data/Run2024C/NoBPTX/RAW/v1/000/380/049/00000/aee92362-3229-44c3-a8a4-01617a92f685.root [884,889,883,882,886,887,885,888]
/store/data/Run2024C/NoBPTX/RAW/v1/000/380/049/00000/af12160c-e8f2-4ad4-b36a-a2732faf504e.root [812,813,811,810,816,814,817,815]
/store/data/Run2024C/NoBPTX/RAW/v1/000/380/049/00000/b5d27a77-2294-47ae-9bad-5783091a9993.root [532,535,534,536,537,533]
/store/data/Run2024C/NoBPTX/RAW/v1/000/380/049/00000/b689cd95-147f-487d-b629-3037c1e81e0a.root [436,434,439,435,437,438]
/store/data/Run2024C/NoBPTX/RAW/v1/000/380/049/00000/b74830ce-078c-4560-a697-73ba9947b1bc.root [418,417,419,421,416,420]
/store/data/Run2024C/NoBPTX/RAW/v1/000/380/049/00000/b7b35af7-0d50-47cc-a661-aca8f46dd2fe.root [833,828,831,830,827,829,832,826]
/store/data/Run2024C/NoBPTX/RAW/v1/000/380/049/00000/b8d5488e-832a-49b5-bb41-8ba319714a54.root [527,528,529,526,530,531]
/store/data/Run2024C/NoBPTX/RAW/v1/000/380/049/00000/c296e9fa-9dd8-4fa9-8b36-bce6a1f20abc.root [846,848,842,849,843,844,847,845]
/store/data/Run2024C/NoBPTX/RAW/v1/000/380/049/00000/c91471b9-1acf-4195-992b-cf0cbfbf7d66.root [594,596,592,595,593,597]
/store/data/Run2024C/NoBPTX/RAW/v1/000/380/049/00000/c9a46f38-5205-46d7-acf0-91ac1d169991.root [544,549,545,546,547,548]
/store/data/Run2024C/NoBPTX/RAW/v1/000/380/049/00000/ce33807c-0fbe-4325-b26f-819b52df96fe.root [382,380,384,385,381,383]
/store/data/Run2024C/NoBPTX/RAW/v1/000/380/049/00000/d3b22751-320a-47d2-acf6-80b7560848b8.root [726,723,724,729,727,722,725,728]
/store/data/Run2024C/NoBPTX/RAW/v1/000/380/049/00000/d436c10d-c813-40df-989b-e63ae3f20029.root [328,330,331,333,332,329]
/store/data/Run2024C/NoBPTX/RAW/v1/000/380/049/00000/d71fbf2a-a827-4812-b3d8-f9a7e34adc1d.root [696,701,700,699,697,698]
/store/data/Run2024C/NoBPTX/RAW/v1/000/380/049/00000/d9863a00-9cc2-460b-8b76-10b0c13eabbc.root [660,662,658,663,659,661]
/store/data/Run2024C/NoBPTX/RAW/v1/000/380/049/00000/dd06a5ba-6af7-4fa3-a162-471156086735.root [899,900,898,901]
/store/data/Run2024C/NoBPTX/RAW/v1/000/380/049/00000/e2d39d81-721a-4c4d-b0d5-696e36722a39.root [710,711,712,713,715,714]
/store/data/Run2024C/NoBPTX/RAW/v1/000/380/049/00000/e44ac09c-36bc-4357-9505-735f18b678fb.root [631,633,628,632,629,630]
/store/data/Run2024C/NoBPTX/RAW/v1/000/380/049/00000/e6ef7ee6-6019-42bb-8925-4bb04356e70d.root [262,265,263,267,264,266]
/store/data/Run2024C/NoBPTX/RAW/v1/000/380/049/00000/e88bd7ad-2592-46fe-993d-d7176d11a59a.root [807,809,806,802,803,804,805,808]
/store/data/Run2024C/NoBPTX/RAW/v1/000/380/049/00000/e90958c2-1ccf-4a46-933b-b3d4416e6318.root [342,339,341,343,340,338]
/store/data/Run2024C/NoBPTX/RAW/v1/000/380/049/00000/e95900d2-c4ac-4c7c-ae46-05f7a3026654.root [426,422,427,423,424,425]
/store/data/Run2024C/NoBPTX/RAW/v1/000/380/049/00000/e9ba568f-79af-4a02-84ea-0dde08a3c936.root [249,248,244,245,246,247]
/store/data/Run2024C/NoBPTX/RAW/v1/000/380/049/00000/eb2dbd2a-a9d2-4535-a7bf-d932d9b4c5c5.root [365,363,364,362,366,367]
/store/data/Run2024C/NoBPTX/RAW/v1/000/380/049/00000/eb301e83-1276-4402-be46-1815c355aa7f.root [838,836,835,839,834,840,841,837]
/store/data/Run2024C/NoBPTX/RAW/v1/000/380/049/00000/eee7c6c7-1554-425c-bfec-0b8175af0c96.root [155,158,156,154,159,161,157,160]
/store/data/Run2024C/NoBPTX/RAW/v1/000/380/049/00000/f907064c-7135-4c12-ad3b-efa21ee8abf6.root [146,144,145,147,142,143]
/store/data/Run2024C/NoBPTX/RAW/v1/000/380/049/00000/fa0d975c-ce37-4ddf-87cb-379833b1f028.root [568,570,571,572,573,569]
/store/data/Run2024C/NoBPTX/RAW/v1/000/380/049/00000/fdd400d6-3b53-4bab-b013-62e5f5c4f3ab.root [748,746,747,750,751,749,752,753]
/store/data/Run2024C/NoBPTX/RAW/v1/000/380/049/00000/fddc7f0a-17e7-4180-9657-df61c4c1de6d.root [672,675,670,674,671,673]
/store/data/Run2024C/NoBPTX/RAW/v1/000/380/049/00000/fe5fcbcb-9fdb-493e-b8d3-eaaa698a3854.root [308,306,307,309,304,305]
/store/data/Run2024C/NoBPTX/RAW/v1/000/380/049/00000/ff386cdb-16dc-4643-9a24-790c3b788aee.root [408,407,405,406,409,404]
