/store/data/Run2023C/MuonEG/RAW/v1/000/367/095/00000/038f3142-9815-46c4-8bce-c21de95fb084.root 367095 [173,179,175,177,172,176,178,174]
/store/data/Run2023C/MuonEG/RAW/v1/000/367/095/00000/055ce5f8-29f9-4a77-9216-2a5287db110b.root 367095 [425,430,431,424,429,426,428,427]
/store/data/Run2023C/MuonEG/RAW/v1/000/367/095/00000/05f98a12-e1ae-4898-8fc4-15b1c6addc8b.root 367095 [562,565,564,563]
/store/data/Run2023C/MuonEG/RAW/v1/000/367/095/00000/076b1294-75b2-4b35-8ae7-810bf21c002b.root 367095 [142,147,149,143,145,144,146,148]
/store/data/Run2023C/MuonEG/RAW/v1/000/367/095/00000/08dfe90b-a9d6-4c83-8c95-31ea6bd400c4.root 367095 [517,520,515,516,513,514,518,519]
/store/data/Run2023C/MuonEG/RAW/v1/000/367/095/00000/0bf0b303-8a45-46ae-a4b8-373fd801907f.root 367095 [340,345,343,344,346,347,342,348,341]
/store/data/Run2023C/MuonEG/RAW/v1/000/367/095/00000/1ab53444-b0c4-48f0-87d7-53cc83880354.root 367095 [457,458,463,462,459,460,461,456]
/store/data/Run2023C/MuonEG/RAW/v1/000/367/095/00000/1c0d48ed-e1da-4355-b094-2aec1773db56.root 367095 [418,423,417,422,419,420,421,416]
/store/data/Run2023C/MuonEG/RAW/v1/000/367/095/00000/1cb1ac95-7af5-443c-9f72-56456d2a6dbe.root 367095 [130,131,126,128,125,129,132,133,127]
/store/data/Run2023C/MuonEG/RAW/v1/000/367/095/00000/1ebc6bac-eb52-40ef-b28c-70e92f90d9ee.root 367095 [184,186,185,182,183,187,181,180]
/store/data/Run2023C/MuonEG/RAW/v1/000/367/095/00000/1eec1be5-da54-4e0b-874b-cf9f4557777d.root 367095 [293,294,287,288,289,290,292,291]
/store/data/Run2023C/MuonEG/RAW/v1/000/367/095/00000/21628379-9ff1-487a-b704-2dd179b25b30.root 367095 [97,95,101,98,102,96,104,100,99,103]
/store/data/Run2023C/MuonEG/RAW/v1/000/367/095/00000/22145df3-572b-49d6-8d73-0a4309c73517.root 367095 [413,412,414,415,410,407,408,411,409]
/store/data/Run2023C/MuonEG/RAW/v1/000/367/095/00000/2232c1ec-d4e9-43cc-8d3f-2e307c5a447c.root 367095 [324,329,323,326,325,328,321,322,327]
/store/data/Run2023C/MuonEG/RAW/v1/000/367/095/00000/2d32009e-1de4-4fc4-bfb4-8913f9ef6981.root 367095 [359,361,363,362,357,358,360,364]
/store/data/Run2023C/MuonEG/RAW/v1/000/367/095/00000/30a427e0-c4a5-4228-8388-1cb1a8043f30.root 367095 [496,492,489,490,491,495,493,494]
/store/data/Run2023C/MuonEG/RAW/v1/000/367/095/00000/350df5a0-6e6d-4cd0-b03f-1b82bdacc0d7.root 367095 [335,331,339,330,332,334,338,333,336,337]
/store/data/Run2023C/MuonEG/RAW/v1/000/367/095/00000/3a67a7a3-0e5f-4c5b-ad1a-82a2944b1f87.root 367095 [476,475,479,474,478,477,480,473]
/store/data/Run2023C/MuonEG/RAW/v1/000/367/095/00000/3bfa4283-d343-483b-939c-00e992e0631a.root 367095 [266,270,264,267,262,265,263,269,268]
/store/data/Run2023C/MuonEG/RAW/v1/000/367/095/00000/3f7d9642-2bd5-4048-9ca8-7014523ac970.root 367095 [400,402,403,405,399,404,401,406]
/store/data/Run2023C/MuonEG/RAW/v1/000/367/095/00000/40cc39bd-d0df-43f0-b7fb-0dd44f961601.root 367095 [349,351,353,355,356,350,352,354]
/store/data/Run2023C/MuonEG/RAW/v1/000/367/095/00000/4ce951d3-4bb9-4da1-93f4-4fc45d14bbfe.root 367095 [539,540,543,542,538,541,544,537]
/store/data/Run2023C/MuonEG/RAW/v1/000/367/095/00000/5027ea35-e6b5-4ca7-b04f-c53f2d187fa6.root 367095 [106,108,110,111,114,105,109,112,113,107]
/store/data/Run2023C/MuonEG/RAW/v1/000/367/095/00000/55bd300b-6344-4b9b-9e5d-e5210c9c42e7.root 367095 [225,221,224,223,222,227,220,226]
/store/data/Run2023C/MuonEG/RAW/v1/000/367/095/00000/565a4642-650a-4e87-939d-b03a3b260e21.root 367095 [441,444,445,447,443,446,440,442]
/store/data/Run2023C/MuonEG/RAW/v1/000/367/095/00000/57245cdf-945d-439e-8448-322ffffd3d68.root 367095 [191,189,190,195,192,193,188,194]
/store/data/Run2023C/MuonEG/RAW/v1/000/367/095/00000/5f454832-23d5-4e0c-adc6-d42a14e314e3.root 367095 [314,316,313,312,317,320,315,318,319]
/store/data/Run2023C/MuonEG/RAW/v1/000/367/095/00000/69e6d903-f957-4a67-88ad-e4084b496322.root 367095 [546,550,551,547,548,545,552,549]
/store/data/Run2023C/MuonEG/RAW/v1/000/367/095/00000/7099abfa-1942-4f6c-aaba-1cb7adf20d6c.root 367095 [13,3,10,14,15,11,2,6,12,4,1,5,8,16,7,9]
/store/data/Run2023C/MuonEG/RAW/v1/000/367/095/00000/74a9f395-24e4-4707-b63a-d43b186bd7eb.root 367095 [151,150,153,154,152,155,156]
/store/data/Run2023C/MuonEG/RAW/v1/000/367/095/00000/7a43a15c-18f1-4774-8cf3-6cd456adc1d1.root 367095 [279,282,286,280,283,284,285,281]
/store/data/Run2023C/MuonEG/RAW/v1/000/367/095/00000/7d265e03-4597-4951-9035-2be145dde44f.root 367095 [118,121,122,123,116,119,115,117,124,120]
/store/data/Run2023C/MuonEG/RAW/v1/000/367/095/00000/82f5c579-5238-4ff3-9cf9-c4d5a32d7734.root 367095 [510,505,506,509,507,508,511,512]
/store/data/Run2023C/MuonEG/RAW/v1/000/367/095/00000/8b32903e-12b4-4296-ae73-7e39589a6275.root 367095 [382,386,385,387,384,389,381,383,388]
/store/data/Run2023C/MuonEG/RAW/v1/000/367/095/00000/8c76c48c-c2b6-4317-9249-4b714ceb9868.root 367095 [246,245,250,249,247,252,248,251]
/store/data/Run2023C/MuonEG/RAW/v1/000/367/095/00000/8dcd1759-8792-45e9-a40a-43416b4a9389.root 367095 [171,168,169,167,170,164,165,166]
/store/data/Run2023C/MuonEG/RAW/v1/000/367/095/00000/954564a0-6e6b-416d-9e6f-a4343f84317e.root 367095 [451,455,449,454,453,450,452,448]
/store/data/Run2023C/MuonEG/RAW/v1/000/367/095/00000/99aa45bc-d9e6-4a79-aeb9-eb21b9e8bcb9.root 367095 [309,311,303,307,304,310,305,306,308]
/store/data/Run2023C/MuonEG/RAW/v1/000/367/095/00000/a30efee7-f595-434e-8f47-1acdfb90d606.root 367095 [37,38,42,45,47,40,46,41,43,48,49,50,51,52,53,39,44]
/store/data/Run2023C/MuonEG/RAW/v1/000/367/095/00000/a44f98ec-801c-474a-8b61-facefee16522.root 367095 [484,482,483,485,481,488,487,486]
/store/data/Run2023C/MuonEG/RAW/v1/000/367/095/00000/a4bdf311-b71a-446e-ae77-06f0463c6c53.root 367095 [469,464,465,466,472,470,468,471,467]
/store/data/Run2023C/MuonEG/RAW/v1/000/367/095/00000/a8c00322-9a19-4ab4-8a17-da2d71ad73a8.root 367095 [396,394,392,397,391,393,395,390,398]
/store/data/Run2023C/MuonEG/RAW/v1/000/367/095/00000/ad5febcc-6a78-4863-877c-e5f9a1a843ad.root 367095 [530,533,531,529,532,535,536,534]
/store/data/Run2023C/MuonEG/RAW/v1/000/367/095/00000/b1143558-7411-47c1-9b51-531ace4d7db3.root 367095 [259,260,254,258,253,261,255,256,257]
/store/data/Run2023C/MuonEG/RAW/v1/000/367/095/00000/b17710d9-fdff-494d-adbd-8074fe6b8793.root 367095 [499,497,501,498,504,500,503,502]
/store/data/Run2023C/MuonEG/RAW/v1/000/367/095/00000/b2b5fa0a-2cd3-47b0-9855-627b4e31c9dc.root 367095 [136,141,134,135,138,139,140,137]
/store/data/Run2023C/MuonEG/RAW/v1/000/367/095/00000/b90a4d15-543f-416e-a362-20e3ae617515.root 367095 [206,208,204,209,205,211,210,207]
/store/data/Run2023C/MuonEG/RAW/v1/000/367/095/00000/bf73f064-3b30-4213-942c-581d91c268df.root 367095 [366,369,371,372,367,365,368,370]
/store/data/Run2023C/MuonEG/RAW/v1/000/367/095/00000/c10e3322-0179-454b-96bb-0c0d7ac23e70.root 367095 [521,526,523,527,524,528,522,525]
/store/data/Run2023C/MuonEG/RAW/v1/000/367/095/00000/ca8f2a28-acde-4f91-b480-04eee4d80964.root 367095 [158,163,157,161,162,159,160]
/store/data/Run2023C/MuonEG/RAW/v1/000/367/095/00000/cd74a485-9253-422a-a64b-2eb957d89800.root 367095 [242,243,244,238,240,241,239,237]
/store/data/Run2023C/MuonEG/RAW/v1/000/367/095/00000/d3a565e1-665d-44ad-9fba-4f0e814b0cc8.root 367095 [219,217,218,214,215,216,212,213]
/store/data/Run2023C/MuonEG/RAW/v1/000/367/095/00000/d8f468bc-31fc-43ab-9769-cb10d3efe853.root 367095 [232,229,231,236,235,228,230,233,234]
/store/data/Run2023C/MuonEG/RAW/v1/000/367/095/00000/dc40a933-7e02-4f58-b7da-03705562ddac.root 367095 [432,435,433,434,437,438,436,439]
/store/data/Run2023C/MuonEG/RAW/v1/000/367/095/00000/df152c75-2889-471f-a543-41a7c60ed50f.root 367095 [557,559,553,554,555,558,560,561,556]
/store/data/Run2023C/MuonEG/RAW/v1/000/367/095/00000/e0afb4b5-c89b-416e-bc50-e1daf323d2d8.root 367095 [30,17,19,20,25,26,32,29,35,27,31,33,28,22,23,24,34,36,18,21]
/store/data/Run2023C/MuonEG/RAW/v1/000/367/095/00000/e21650a4-fbf6-4025-be31-339315128360.root 367095 [568]
/store/data/Run2023C/MuonEG/RAW/v1/000/367/095/00000/e2e99b44-05d3-4049-93df-a57d0f1c390b.root 367095 [75,81,73,74,77,71,82,69,70,76,79,72,78,80]
/store/data/Run2023C/MuonEG/RAW/v1/000/367/095/00000/e72853ca-47c7-4cd9-8bba-f20e55d20530.root 367095 [88,89,92,83,84,90,93,94,86,87,91,85]
/store/data/Run2023C/MuonEG/RAW/v1/000/367/095/00000/ef1e0b5d-f415-4144-bb74-c9c647f62dc0.root 367095 [376,373,377,380,378,374,375,379]
/store/data/Run2023C/MuonEG/RAW/v1/000/367/095/00000/f1cd07f4-d685-4597-9964-764b885bb42b.root 367095 [201,199,202,196,198,197,200,203]
/store/data/Run2023C/MuonEG/RAW/v1/000/367/095/00000/f40699d7-92d2-470f-8787-e5be654c5d50.root 367095 [299,300,296,302,298,301,295,297]
/store/data/Run2023C/MuonEG/RAW/v1/000/367/095/00000/f831c31a-52af-4679-a661-bfd1d2c7e18c.root 367095 [56,55,63,64,65,62,60,67,54,59,66,57,58,61,68]
/store/data/Run2023C/MuonEG/RAW/v1/000/367/095/00000/f9f5e67c-4227-4280-8cad-6f537e220ffe.root 367095 [271,272,273,274,276,277,278,275]
/store/data/Run2023C/MuonEG/RAW/v1/000/367/100/00000/067bea10-6d9e-4621-8077-6ed7f1629b26.root 367100 [228,231,229,232,226,230,225,227]
/store/data/Run2023C/MuonEG/RAW/v1/000/367/100/00000/0cd3e334-4812-42fb-9c6c-3cd111b08aae.root 367100 [167,163,166,168,165,164,161,162]
/store/data/Run2023C/MuonEG/RAW/v1/000/367/100/00000/0f8eb73f-78e6-449c-a48a-cbbeafd259bf.root 367100 [139,141,138,144,143,140,136,137,142]
/store/data/Run2023C/MuonEG/RAW/v1/000/367/100/00000/1fa38c01-c045-4ee8-acff-df76d39c13b0.root 367100 [16]
/store/data/Run2023C/MuonEG/RAW/v1/000/367/100/00000/226d124d-05a3-447c-a721-37155fa8176e.root 367100 [271,273,269,272,266,267,270,268]
/store/data/Run2023C/MuonEG/RAW/v1/000/367/100/00000/34cabf9f-8fe6-446a-bc99-a6f6769aba77.root 367100 [153,154,156,157,158,160,159,155]
/store/data/Run2023C/MuonEG/RAW/v1/000/367/100/00000/456812ff-95c2-42ac-acdc-227bb0cd4113.root 367100 [364,369,370,365,366,367,368,363]
/store/data/Run2023C/MuonEG/RAW/v1/000/367/100/00000/4d9b0c33-cfd4-47cf-9fe4-eeb08239d759.root 367100 [244,245,241,243,247,242,248,246,249]
/store/data/Run2023C/MuonEG/RAW/v1/000/367/100/00000/4eb0d8e4-7c90-4639-b83a-3cdcfcdd5ff3.root 367100 [209,214,216,210,215,211,212,213]
/store/data/Run2023C/MuonEG/RAW/v1/000/367/100/00000/51e396ef-a2a6-40cd-ab68-f8dd4a933ffa.root 367100 [116,117,118,114,125,115,121,124,119,123,120,122]
/store/data/Run2023C/MuonEG/RAW/v1/000/367/100/00000/59cc9355-a78c-4021-a65b-fb7d90424fa6.root 367100 [341,345,340,342,339,343,344,346]
/store/data/Run2023C/MuonEG/RAW/v1/000/367/100/00000/5ae929e5-4db7-4025-9143-a83515f67e1e.root 367100 [355,356,358,359,360,362,361,357]
/store/data/Run2023C/MuonEG/RAW/v1/000/367/100/00000/63b9d1e4-aa3a-4f1b-bbf0-f18ce3feee62.root 367100 [338,336,332,331,333,337,334,335]
/store/data/Run2023C/MuonEG/RAW/v1/000/367/100/00000/76bf81c4-5e35-4010-88b2-6f4b2cc05f24.root 367100 [181,177,179,183,178,180,182,184]
/store/data/Run2023C/MuonEG/RAW/v1/000/367/100/00000/76eb747b-a7df-46b9-b22d-909164a2e12f.root 367100 [56,34,36,38,55,66,41,44,45,48,53,54,37,39,51,60,63,33,35,50,57,59,49,52,61,42,46,58,62,64,40,43,47,65]
/store/data/Run2023C/MuonEG/RAW/v1/000/367/100/00000/78a06735-2247-4bd4-ae59-1860216072a7.root 367100 [251,254,256,252,250,253,257,255]
/store/data/Run2023C/MuonEG/RAW/v1/000/367/100/00000/7949cd85-4cd3-4921-aaee-adcbcc78cd0d.root 367100 [187,188,190,191,192,185,186,189]
/store/data/Run2023C/MuonEG/RAW/v1/000/367/100/00000/83772b52-71cb-40aa-9219-bf046630eeb9.root 367100 [86,89,90,95,92,100,91,94,97,88,98,87,96,99,93,85]
/store/data/Run2023C/MuonEG/RAW/v1/000/367/100/00000/8960fe31-a5c2-445b-a43e-131bf317a191.root 367100 [283,286,288,285,287,282,284,289]
/store/data/Run2023C/MuonEG/RAW/v1/000/367/100/00000/89ce355b-6d50-4a9f-93ee-bef5fe6e6290.root 367100 [217,222,224,218,221,223,219,220]
/store/data/Run2023C/MuonEG/RAW/v1/000/367/100/00000/9639615a-08bd-4521-9819-f56b3104d3c3.root 367100 [9,8]
/store/data/Run2023C/MuonEG/RAW/v1/000/367/100/00000/987c15a9-2110-4283-9d61-daf9526f7127.root 367100 [174,176,171,170,172,169,175,173]
/store/data/Run2023C/MuonEG/RAW/v1/000/367/100/00000/9a126bf5-345b-46d4-b241-b8e867fa4d07.root 367100 [325,328,324,330,327,329,323,326]
/store/data/Run2023C/MuonEG/RAW/v1/000/367/100/00000/9cd7681f-eac4-4184-a837-0e426bbc309b.root 367100 [376,378,374,371,372,375,377,373]
/store/data/Run2023C/MuonEG/RAW/v1/000/367/100/00000/a40d8728-aac1-4ac2-bce2-ed60367b981c.root 367100 [379,380,383,386,384,385,381,382]
/store/data/Run2023C/MuonEG/RAW/v1/000/367/100/00000/a4fcbb0f-c6cf-4b89-8263-51838320409b.root 367100 [152,149,146,148,150,151,145,147]
/store/data/Run2023C/MuonEG/RAW/v1/000/367/100/00000/a6cceead-2b78-4a0a-a805-52dacb7f5235.root 367100 [387,388]
/store/data/Run2023C/MuonEG/RAW/v1/000/367/100/00000/b797f25b-c286-4bd0-8aac-58c73904e2c7.root 367100 [308,310,306,309,307,311,312,313,314]
/store/data/Run2023C/MuonEG/RAW/v1/000/367/100/00000/bd5b97de-e866-4bdb-84d2-20414c532c22.root 367100 [261,262,259,258,263,264,265,260]
/store/data/Run2023C/MuonEG/RAW/v1/000/367/100/00000/c0b19286-19f9-4dfc-b2c8-e0ce3c1880f8.root 367100 [31]
/store/data/Run2023C/MuonEG/RAW/v1/000/367/100/00000/c5347d52-4acd-4858-9a00-89add64d85ab.root 367100 [319,316,317,322,318,320,315,321]
/store/data/Run2023C/MuonEG/RAW/v1/000/367/100/00000/c6b4bcd3-8e8b-4e40-9f76-cac366828e77.root 367100 [305,301,298,303,299,304,300,302]
/store/data/Run2023C/MuonEG/RAW/v1/000/367/100/00000/c7825ba0-81e1-496e-8aaa-a3a6958ea57f.root 367100 [193,195,196,200,198,194,197,199]
/store/data/Run2023C/MuonEG/RAW/v1/000/367/100/00000/ce17fe80-1c74-4af4-96e2-d65ae551bac3.root 367100 [108,109,111,110,102,105,106,113,103,112,101,104,107]
/store/data/Run2023C/MuonEG/RAW/v1/000/367/100/00000/cfc62594-1cb7-4fd1-afec-840895604e7f.root 367100 [207,205,208,202,203,206,201,204]
/store/data/Run2023C/MuonEG/RAW/v1/000/367/100/00000/d46fd579-fa5f-49d0-ae79-d777c174e9e6.root 367100 [237,236,239,235,240,234,238,233]
/store/data/Run2023C/MuonEG/RAW/v1/000/367/100/00000/d6e69d5e-4666-44e7-affb-ea962276bb40.root 367100 [76,81,83,74,79,77,78,70,75,84,73,82,71,72,67,68,69,80]
/store/data/Run2023C/MuonEG/RAW/v1/000/367/100/00000/d88840a2-cda6-416d-91fd-b8de87100309.root 367100 [351,354,348,350,347,349,352,353]
/store/data/Run2023C/MuonEG/RAW/v1/000/367/100/00000/f8915605-f80f-4cea-9d6c-cb950d71397b.root 367100 [126,129,132,133,135,128,127,131,130,134]
/store/data/Run2023C/MuonEG/RAW/v1/000/367/100/00000/f9668812-646d-4b6f-9991-d058da8acd5e.root 367100 [291,296,294,293,290,292,297,295]
/store/data/Run2023C/MuonEG/RAW/v1/000/367/100/00000/fcfc6860-4462-4e1e-82dd-2b8ba150834c.root 367100 [278,275,276,279,280,274,277,281]
/store/data/Run2023C/MuonEG/RAW/v1/000/367/102/00000/14bdd2c2-9620-435b-9d0d-fdf1a7b08115.root 367102 [53,52,56,54,55,58,57,51]
/store/data/Run2023C/MuonEG/RAW/v1/000/367/102/00000/23826405-28f4-4372-93df-c882b264643f.root 367102 [11,13,16,18,10,17,12,14,15]
/store/data/Run2023C/MuonEG/RAW/v1/000/367/102/00000/24d1bed7-c0c8-4bc5-b5fd-8deb8885de10.root 367102 [43,45,46,47,50,48,49,44]
/store/data/Run2023C/MuonEG/RAW/v1/000/367/102/00000/465a836f-b2f0-4d2d-accb-eecb23267466.root 367102 [29,33,27,32,28,34,30,31]
/store/data/Run2023C/MuonEG/RAW/v1/000/367/102/00000/4f472e2e-ae29-4460-b187-804d2407bb13.root 367102 [21,22,26,24,25,20,23,19]
/store/data/Run2023C/MuonEG/RAW/v1/000/367/102/00000/5e3da748-5e5e-4e84-af74-faff0f0ee445.root 367102 [35,39,42,37,41,36,40,38]
/store/data/Run2023C/MuonEG/RAW/v1/000/367/102/00000/bf558101-36e3-4e88-a535-58956549d9b6.root 367102 [1,3,6,7,9,5,2,4,8]
/store/data/Run2023C/MuonEG/RAW/v1/000/367/102/00000/bfb6cc54-7b48-4527-952f-0a51236c0692.root 367102 [65,61,66,63,59,60,62,64]
/store/data/Run2023C/MuonEG/RAW/v1/000/367/102/00000/fdfb56d7-031f-4a1e-980b-6162c3acb9f0.root 367102 [67,74,70,75,73,69,68,71,72]
/store/data/Run2023C/MuonEG/RAW/v1/000/367/103/00000/64e81f4b-1b1a-4684-968e-54e44162f965.root 367103 [63,65,61,60,62,64]
/store/data/Run2023C/MuonEG/RAW/v1/000/367/103/00000/86926d16-5c84-4dec-8565-e0d25d93fb6d.root 367103 [48,43,49,46,47,50,44,45]
/store/data/Run2023C/MuonEG/RAW/v1/000/367/103/00000/875d4c4d-ef56-4f33-ae57-835381101c3a.root 367103 [30,29,31,27,28,32,33,34]
/store/data/Run2023C/MuonEG/RAW/v1/000/367/103/00000/922fb70e-ba3c-4450-8f37-00e45bd1b542.root 367103 [37,39,35,42,38,40,36,41]
/store/data/Run2023C/MuonEG/RAW/v1/000/367/103/00000/a0138c1b-da79-438c-9839-dd69b8e7e40b.root 367103 [56,58,52,51,53,59,55,54,57]
/store/data/Run2023C/MuonEG/RAW/v1/000/367/103/00000/aa8e4d5a-a14d-4e8c-843e-a128e7623a79.root 367103 [21,25,24,26,22,19,23,20]
/store/data/Run2023C/MuonEG/RAW/v1/000/367/103/00000/dd32f88f-063b-43dc-a6e2-b3c56e5213ae.root 367103 [2,6,8,3,1,5,4,7,9]
/store/data/Run2023C/MuonEG/RAW/v1/000/367/103/00000/fe7352f4-cae5-446b-a330-84601193ae4b.root 367103 [10,11,14,15,18,12,16,17,13]
/store/data/Run2023C/MuonEG/RAW/v1/000/367/104/00000/04002a7b-7419-41d3-95e8-a56f885ff749.root 367104 [991,984,985,988,982,987,990,979,983,989,986,992,993,994,980,981]
/store/data/Run2023C/MuonEG/RAW/v1/000/367/104/00000/0bdec836-7f3b-492c-8276-7f5f54183e4e.root 367104 [1032,1033,1035,1030,1037,1038,1034,1039,1028,1036,1027,1040,1041,1029,1031,1042]
/store/data/Run2023C/MuonEG/RAW/v1/000/367/104/00000/0c4d881a-b200-405b-a671-0d4861c0cfef.root 367104 [258,265,259,263,264,261,262,257,260]
/store/data/Run2023C/MuonEG/RAW/v1/000/367/104/00000/0ea558f3-a824-4b8b-973b-a5d74727eec3.root 367104 [273,270,268,266,271,272,269,267]
/store/data/Run2023C/MuonEG/RAW/v1/000/367/104/00000/107df334-5343-47b7-93d0-ebd4e7b49471.root 367104 [305,304,308,303,307,301,306,302,309]
/store/data/Run2023C/MuonEG/RAW/v1/000/367/104/00000/11cdfd8b-eb1d-4c54-b8ba-cf9f45492e33.root 367104 [214,212,207,211,208,210,213,209]
/store/data/Run2023C/MuonEG/RAW/v1/000/367/104/00000/159f43e7-b96d-4ea9-a763-7a3a5e7b9e7d.root 367104 [540,544,536,541,533,542,543,537,534,538,535,539]
/store/data/Run2023C/MuonEG/RAW/v1/000/367/104/00000/167d1d2a-2f14-4f3a-ab02-d076706c433e.root 367104 [451,453,449,448,447,452,454,455,456,450]
/store/data/Run2023C/MuonEG/RAW/v1/000/367/104/00000/1846768d-990c-45af-8f77-16a7a591ea1b.root 367104 [586,588,592,581,585,582,583,584,587,590,589,591]
/store/data/Run2023C/MuonEG/RAW/v1/000/367/104/00000/1ae1e767-e3e1-4842-9ace-5455708a8703.root 367104 [429,432,434,431,433,435,428,430,436,427]
/store/data/Run2023C/MuonEG/RAW/v1/000/367/104/00000/1cecc7be-94c8-4bc2-ae91-0ec947ec12dd.root 367104 [5,6,8,1,7,2,3,4]
/store/data/Run2023C/MuonEG/RAW/v1/000/367/104/00000/1e6b2b9a-1943-4472-b060-f40c7e9f2202.root 367104 [806,801,805,796,802,804,798,800,799,803,797,807]
/store/data/Run2023C/MuonEG/RAW/v1/000/367/104/00000/1f827ec6-4548-438a-a096-d50c7e7281e5.root 367104 [516,519,513,512,514,515,517,518,520,511]
/store/data/Run2023C/MuonEG/RAW/v1/000/367/104/00000/2b0b2da5-218b-408a-8e46-a2a66951675e.root 367104 [658,660,652,654,656,661,663,657,659,662,653,655]
/store/data/Run2023C/MuonEG/RAW/v1/000/367/104/00000/2bde76c9-00d6-44f4-82a4-02d771d35475.root 367104 [630,633,629,631,632,635,638,634,636,637,628,639]
/store/data/Run2023C/MuonEG/RAW/v1/000/367/104/00000/33477a72-637c-4869-b011-f3e99a93f383.root 367104 [871,872,874,880,869,879,870,873,881,875,876,878,877,882]
/store/data/Run2023C/MuonEG/RAW/v1/000/367/104/00000/3443a67b-8b75-45b5-aa29-2f9167c7a739.root 367104 [575,571,569,576,577,580,574,579,570,572,573,578]
/store/data/Run2023C/MuonEG/RAW/v1/000/367/104/00000/35ef29c7-3fa4-4a88-938f-1dd4c5d2da51.root 367104 [199,203,204,205,201,206,200,202]
/store/data/Run2023C/MuonEG/RAW/v1/000/367/104/00000/36c8707d-4c77-4f95-86ea-365f5e874317.root 367104 [522,524,529,525,528,531,523,530,521,526,527,532]
/store/data/Run2023C/MuonEG/RAW/v1/000/367/104/00000/3a7b91b1-1943-4449-8821-745a6a0f7468.root 367104 [966,975,976,967,978,964,971,972,973,963,968,977,965,969,970,974]
/store/data/Run2023C/MuonEG/RAW/v1/000/367/104/00000/3b2599ff-74e2-4aeb-b20e-7f62b74d0084.root 367104 [1080,1081,1082,1083,1079,1078]
/store/data/Run2023C/MuonEG/RAW/v1/000/367/104/00000/3d6c684b-b63b-487a-aafb-a13271c80c10.root 367104 [17,15,9,10,16,13,14,11,12]
/store/data/Run2023C/MuonEG/RAW/v1/000/367/104/00000/3f8a5a82-66df-4c14-8f64-888211e9545c.root 367104 [244,241,243,245,246,240,247,242]
/store/data/Run2023C/MuonEG/RAW/v1/000/367/104/00000/41d2bc94-405d-4318-b1aa-c60e24f58897.root 367104 [117,118,115,120,123,116,119,121,122]
/store/data/Run2023C/MuonEG/RAW/v1/000/367/104/00000/4505bcc8-8cf9-48b9-a99c-df309504fb0c.root 367104 [504,499,502,500,506,501,507,503,510,505,508,509]
/store/data/Run2023C/MuonEG/RAW/v1/000/367/104/00000/4a599ce1-0bd8-40e2-9cec-47d6227c08b1.root 367104 [391,393,392,387,389,394,388,390,395,396]
/store/data/Run2023C/MuonEG/RAW/v1/000/367/104/00000/4b142c1b-1ecc-4ae1-8917-3e82b4dffc76.root 367104 [488,495,498,489,492,493,491,490,494,496,497,487]
/store/data/Run2023C/MuonEG/RAW/v1/000/367/104/00000/4f2a692d-e157-46c2-9615-8fb52adb06a4.root 367104 [722,712,716,717,714,723,721,718,719,720,715,713]
/store/data/Run2023C/MuonEG/RAW/v1/000/367/104/00000/51047c23-2cb5-499f-a970-bf9ee2ead1a6.root 367104 [808,810,812,814,813,815,821,817,809,820,816,819,822,811,818,823]
/store/data/Run2023C/MuonEG/RAW/v1/000/367/104/00000/513818d3-f33b-450a-8f92-c60468b8cae5.root 367104 [110,114,107,111,113,108,112,109]
/store/data/Run2023C/MuonEG/RAW/v1/000/367/104/00000/5224b4a2-ebe7-43de-93fe-88e718a369c1.root 367104 [609,606,610,615,608,607,612,614,613,616,611]
/store/data/Run2023C/MuonEG/RAW/v1/000/367/104/00000/5315e789-6928-4008-9a6b-463e3c38b132.root 367104 [399,403,400,401,404,405,397,406,398,402]
/store/data/Run2023C/MuonEG/RAW/v1/000/367/104/00000/5325fd51-2d63-4925-8066-f970a20268f0.root 367104 [668,672,675,669,670,664,673,674,666,665,667,671]
/store/data/Run2023C/MuonEG/RAW/v1/000/367/104/00000/563cf0a6-2d39-467f-9953-62e53c4c7c23.root 367104 [757,765,751,756,761,755,764,754,759,752,753,758,762,760,763]
/store/data/Run2023C/MuonEG/RAW/v1/000/367/104/00000/5776f97a-593f-47bf-bf4d-7d06b0045ee4.root 367104 [1045,1055,1058,1053,1044,1046,1057,1060,1043,1048,1050,1051,1054,1047,1049,1052,1056,1059]
/store/data/Run2023C/MuonEG/RAW/v1/000/367/104/00000/5908080d-3bf2-4313-b0a3-d1251bf83408.root 367104 [626,625,627,622,619,624,621,620,623,617,618]
/store/data/Run2023C/MuonEG/RAW/v1/000/367/104/00000/67c5a3a4-dcd1-4f2f-9415-15c1351fb445.root 367104 [321,323,327,319,324,320,326,325,322]
/store/data/Run2023C/MuonEG/RAW/v1/000/367/104/00000/6ae04db6-4adb-41ac-80c9-e88b1799798c.root 367104 [347,352,355,348,350,353,354,351,356,349]
/store/data/Run2023C/MuonEG/RAW/v1/000/367/104/00000/6bab2046-1d84-43a8-a8dc-59f6d4acc5ee.root 367104 [688,698,692,695,696,699,689,693,690,691,694,697]
/store/data/Run2023C/MuonEG/RAW/v1/000/367/104/00000/6e414441-0c27-42d5-ba17-4e1ef794d744.root 367104 [678,681,687,679,680,685,686,676,677,682,684,683]
/store/data/Run2023C/MuonEG/RAW/v1/000/367/104/00000/6eca643c-c8c4-4fa4-93d7-9a1e3150d7eb.root 367104 [219,218,220,221,222,215,216,217]
/store/data/Run2023C/MuonEG/RAW/v1/000/367/104/00000/6fe5f73c-a05c-472c-8de2-d2b026a7456e.root 367104 [934,933,935,940,945,931,946,939,941,943,932,937,938,944,942,936]
/store/data/Run2023C/MuonEG/RAW/v1/000/367/104/00000/755e571e-b973-4e6c-882d-e5db4405899d.root 367104 [58,65,59,61,64,63,60,62]
/store/data/Run2023C/MuonEG/RAW/v1/000/367/104/00000/7724f730-884d-4f81-92cb-2a09ddb61490.root 367104 [833,838,825,826,828,835,837,824,831,832,836,829,830,827,834]
/store/data/Run2023C/MuonEG/RAW/v1/000/367/104/00000/7852d3af-df72-47da-b456-c324795f31f1.root 367104 [855,854,856,860,866,857,861,863,865,859,868,864,858,862,867]
/store/data/Run2023C/MuonEG/RAW/v1/000/367/104/00000/7b6714ee-2428-4453-ae0e-9e750d6450b3.root 367104 [293,298,299,300,296,292,297,295,294]
/store/data/Run2023C/MuonEG/RAW/v1/000/367/104/00000/7c583441-24e3-407e-86de-ad4410fd5983.root 367104 [901,908,899,900,906,907,904,905,910,914,903,909,913,902,911,912]
/store/data/Run2023C/MuonEG/RAW/v1/000/367/104/00000/81812de4-dc7e-49d9-bc6f-547e7b3eabec.root 367104 [788,789,791,794,795,792,782,786,781,784,793,783,785,787,790]
/store/data/Run2023C/MuonEG/RAW/v1/000/367/104/00000/8695a041-8301-4b91-a701-7464996c5ffd.root 367104 [102,99,105,100,101,103,104,106]
/store/data/Run2023C/MuonEG/RAW/v1/000/367/104/00000/870f4f60-0318-4184-96e9-dea0d2a009ca.root 367104 [408,411,413,410,409,412,407,415,416,414]
/store/data/Run2023C/MuonEG/RAW/v1/000/367/104/00000/8ab5d883-c558-4700-a32f-b2bdf6af9c14.root 367104 [560,564,566,567,565,561,568,557,559,562,558,563]
/store/data/Run2023C/MuonEG/RAW/v1/000/367/104/00000/8b01e42b-3e1f-4c30-8b6d-e4b4de69d97b.root 367104 [250,251,253,255,248,252,254,256,249]
/store/data/Run2023C/MuonEG/RAW/v1/000/367/104/00000/8e621211-42ea-44cf-ae9f-97e833c34fa3.root 367104 [438,442,445,437,441,444,439,446,443,440]
/store/data/Run2023C/MuonEG/RAW/v1/000/367/104/00000/92393ce0-f26b-4337-9673-d4d22def2eb3.root 367104 [1004,1006,998,1005,1009,996,997,999,1000,1002,995,1001,1003,1007,1008,1010]
/store/data/Run2023C/MuonEG/RAW/v1/000/367/104/00000/935a72e2-0b51-4e13-8afa-58ae97019036.root 367104 [310,311,313,317,312,316,314,318,315]
/store/data/Run2023C/MuonEG/RAW/v1/000/367/104/00000/977d2957-53a4-4b48-9c42-6721eed30d23.root 367104 [146,143,144,142,141,147,140,145]
/store/data/Run2023C/MuonEG/RAW/v1/000/367/104/00000/987008cd-6bca-4f45-90d2-e00e6bdd062b.root 367104 [330,334,335,329,333,328,332,336,331]
/store/data/Run2023C/MuonEG/RAW/v1/000/367/104/00000/98f1ebdc-fdbb-48f3-b392-300fc15462fd.root 367104 [151,153,148,152,156,162,150,163,154,159,161,158,160,149,155,157]
/store/data/Run2023C/MuonEG/RAW/v1/000/367/104/00000/98fe4a01-cfbb-40ff-b133-0c53d64efa23.root 367104 [237,235,234,238,231,239,236,232,233]
/store/data/Run2023C/MuonEG/RAW/v1/000/367/104/00000/9a3e6a8c-ee92-49d6-9102-5967deb79c36.root 367104 [24,22,19,18,20,25,21,23]
/store/data/Run2023C/MuonEG/RAW/v1/000/367/104/00000/9abb9ffb-ee47-4906-8302-6d3003540d59.root 367104 [1012,1013,1015,1021,1026,1016,1022,1023,1017,1020,1011,1014,1025,1018,1019,1024]
/store/data/Run2023C/MuonEG/RAW/v1/000/367/104/00000/9be7f8bf-3d77-4888-ac8a-9cb0ed60c88e.root 367104 [283,289,285,288,290,291,286,287,284]
/store/data/Run2023C/MuonEG/RAW/v1/000/367/104/00000/9be8b7e5-186b-4525-bf95-9c0079643b87.root 367104 [916,930,921,922,915,920,927,929,918,919,925,917,923,924,926,928]
/store/data/Run2023C/MuonEG/RAW/v1/000/367/104/00000/9c879a3f-e1cf-4075-86d5-b8541ee772f4.root 367104 [380,379,383,378,382,384,377,381,385,386]
/store/data/Run2023C/MuonEG/RAW/v1/000/367/104/00000/9fe6af64-c9bb-47fd-8469-50f0c637b200.root 367104 [595,602,593,601,596,603,604,597,598,605,594,599,600]
/store/data/Run2023C/MuonEG/RAW/v1/000/367/104/00000/a248ffa9-4d9a-445b-bfca-b82708124f25.root 367104 [38,39,34,35,41,36,37,40]
/store/data/Run2023C/MuonEG/RAW/v1/000/367/104/00000/a6a612a9-9607-4051-94ea-0f1f3309cdcd.root 367104 [479,481,480,483,485,486,484,478,477,482]
/store/data/Run2023C/MuonEG/RAW/v1/000/367/104/00000/a6c62c1f-2f81-4aa2-b4c6-19c8b9773816.root 367104 [184,185,192,194,188,195,196,189,191,187,193,197,198,186,190]
/store/data/Run2023C/MuonEG/RAW/v1/000/367/104/00000/a98a6d7d-3c22-4612-a8b4-8a3871cf65c2.root 367104 [357,358,362,363,360,359,361,365,366,364]
/store/data/Run2023C/MuonEG/RAW/v1/000/367/104/00000/aad87d73-9e0b-4587-85fb-6380ca15f651.root 367104 [172,174,177,178,164,165,179,181,180,182,173,166,171,167,168,183,169,170,175,176]
/store/data/Run2023C/MuonEG/RAW/v1/000/367/104/00000/acd0b97c-785d-442b-b16d-5244fcc3ead9.root 367104 [85,82,83,87,88,84,86,89]
/store/data/Run2023C/MuonEG/RAW/v1/000/367/104/00000/b68f9736-3e81-4f52-8980-4b788e12f14a.root 367104 [280,282,274,275,279,276,277,278,281]
/store/data/Run2023C/MuonEG/RAW/v1/000/367/104/00000/b9630dae-6f46-4b32-af1c-a3ca6d2f6a9b.root 367104 [375,370,371,368,373,369,372,374,367,376]
/store/data/Run2023C/MuonEG/RAW/v1/000/367/104/00000/babcec9b-e518-4ae4-9522-c6c574da9ae3.root 367104 [92,95,98,91,94,97,96,90,93]
/store/data/Run2023C/MuonEG/RAW/v1/000/367/104/00000/bbd5f637-f258-4e8d-b82d-6de47befd80c.root 367104 [50,56,53,51,54,55,57,52]
/store/data/Run2023C/MuonEG/RAW/v1/000/367/104/00000/bc0e0fe3-e999-4aae-92a8-27fc84d10cc7.root 367104 [548,550,553,556,549,552,554,555,546,551,547,545]
/store/data/Run2023C/MuonEG/RAW/v1/000/367/104/00000/bcd8c68c-d311-488d-85f8-79c4639a7c1c.root 367104 [458,459,464,461,462,463,457,466,460,465]
/store/data/Run2023C/MuonEG/RAW/v1/000/367/104/00000/bf530346-0d76-4ed5-947b-4c99b96f0dd9.root 367104 [641,645,647,649,650,642,644,648,651,643,640,646]
/store/data/Run2023C/MuonEG/RAW/v1/000/367/104/00000/c08c5b05-0632-41e5-9c6d-a67a64ec32e9.root 367104 [771,775,777,769,768,779,774,773,772,778,766,767,770,776,780]
/store/data/Run2023C/MuonEG/RAW/v1/000/367/104/00000/c2884688-9ca0-4665-9794-8bc25aac5b3b.root 367104 [417,424,425,423,420,421,422,418,426,419]
/store/data/Run2023C/MuonEG/RAW/v1/000/367/104/00000/c582b3d3-e2d4-48ef-b073-c62972a1e599.root 367104 [27,28,26,31,29,30,32,33]
/store/data/Run2023C/MuonEG/RAW/v1/000/367/104/00000/c651e161-796d-4882-8692-423fc8851250.root 367104 [1075,1071,1076,1068,1077,1063,1067,1073,1074,1062,1066,1069,1061,1064,1065,1070,1072]
/store/data/Run2023C/MuonEG/RAW/v1/000/367/104/00000/c6e296af-b1c8-4e03-8dc4-031452ede1f3.root 367104 [225,228,223,226,230,227,224,229]
/store/data/Run2023C/MuonEG/RAW/v1/000/367/104/00000/c8eb11cb-cb80-4328-a396-700156109a0c.root 367104 [897,887,888,891,896,885,890,895,884,889,894,886,898,883,892,893]
/store/data/Run2023C/MuonEG/RAW/v1/000/367/104/00000/cbf1fd95-1192-4d31-9ec3-7bd7840328a7.root 367104 [949,960,961,962,957,958,951,953,955,947,948,952,959,950,954,956]
/store/data/Run2023C/MuonEG/RAW/v1/000/367/104/00000/cd731d8f-73e8-401b-94c0-e73bc2b6553e.root 367104 [467,472,473,468,470,471,476,474,469,475]
/store/data/Run2023C/MuonEG/RAW/v1/000/367/104/00000/d0dcd303-610c-42dd-8c18-11d7bb1eb9f2.root 367104 [67,72,66,70,68,69,71,73]
/store/data/Run2023C/MuonEG/RAW/v1/000/367/104/00000/d4e2c911-0cc7-4af5-a142-39846a54a804.root 367104 [132,136,139,133,134,135,137,138]
/store/data/Run2023C/MuonEG/RAW/v1/000/367/104/00000/d9d33be9-a076-4455-baf8-9daf44b7365b.root 367104 [74,77,79,80,78,81,76,75]
/store/data/Run2023C/MuonEG/RAW/v1/000/367/104/00000/e3afeaeb-81e6-44b8-b0ae-d721b012e3be.root 367104 [701,706,702,711,700,703,704,705,707,708,709,710]
/store/data/Run2023C/MuonEG/RAW/v1/000/367/104/00000/e589ce9d-219b-4512-8251-fbb110fb97bb.root 367104 [128,129,130,126,131,124,125,127]
/store/data/Run2023C/MuonEG/RAW/v1/000/367/104/00000/e721e7ab-96cb-4782-869c-27ee000e92c8.root 367104 [750,736,745,748,737,738,746,741,749,739,742,744,747,740,743]
/store/data/Run2023C/MuonEG/RAW/v1/000/367/104/00000/eb78df48-e76c-4770-8cd3-a7762e445a8f.root 367104 [731,725,726,732,729,730,734,735,733,727,724,728]
/store/data/Run2023C/MuonEG/RAW/v1/000/367/104/00000/f8cf0831-9aab-47c5-851f-c9346c9edc50.root 367104 [844,846,840,841,850,853,839,842,851,847,848,843,852,845,849]
/store/data/Run2023C/MuonEG/RAW/v1/000/367/104/00000/fa81812c-b626-41ed-96cf-03d9f4e193cd.root 367104 [344,337,340,345,342,341,346,338,339,343]
/store/data/Run2023C/MuonEG/RAW/v1/000/367/104/00000/fdbab659-00f0-45fe-b772-894f28fb0860.root 367104 [45,44,46,49,43,47,42,48]
/store/data/Run2023C/MuonEG/RAW/v1/000/367/111/00000/0d4c1da5-cc72-460b-9a2b-ec4a297acdcb.root 367111 [196,191,193,195,192,198,194,197]
/store/data/Run2023C/MuonEG/RAW/v1/000/367/111/00000/13ca9da5-03b9-4cba-8c22-7adbcd050b71.root 367111 [252,248,246,250,251,249,245,247]
/store/data/Run2023C/MuonEG/RAW/v1/000/367/111/00000/1f80dd39-acf1-41bf-ad4c-969bc0273ef1.root 367111 [201,202,199,205,200,203,204]
/store/data/Run2023C/MuonEG/RAW/v1/000/367/111/00000/225a4ac4-1a64-4c87-b549-bf928cf3dfd0.root 367111 [297,300,294,296,295,298,301,299]
/store/data/Run2023C/MuonEG/RAW/v1/000/367/111/00000/22be64f2-6972-41ba-91bb-d611ddffacec.root 367111 [179,174,176,180,178,177,182,175,181]
/store/data/Run2023C/MuonEG/RAW/v1/000/367/111/00000/247f5da6-da8c-4762-ba53-19f4e1ac824b.root 367111 [208,210,212,207,211,209,206]
/store/data/Run2023C/MuonEG/RAW/v1/000/367/111/00000/258fbce1-fcf8-4674-9dd8-6c785b347768.root 367111 [143,133,140,134,136,137,138,141,142,144,135,139]
/store/data/Run2023C/MuonEG/RAW/v1/000/367/111/00000/2e64253a-7708-45d2-9fff-bb7ae90a22f4.root 367111 [286,287,292,290,293,288,291,289]
/store/data/Run2023C/MuonEG/RAW/v1/000/367/111/00000/33f0eea1-f9ed-4e26-a327-c11c39d82078.root 367111 [337,335,336]
/store/data/Run2023C/MuonEG/RAW/v1/000/367/111/00000/343fa29c-a011-4219-8cd3-b435188e0084.root 367111 [255,256,257,254,258,253,259,260]
/store/data/Run2023C/MuonEG/RAW/v1/000/367/111/00000/3f06ba58-6f1b-49c3-829b-a9b46fe0629c.root 367111 [170,173,171,168,165,169,166,172,167]
/store/data/Run2023C/MuonEG/RAW/v1/000/367/111/00000/49a932e3-721c-4262-ab98-9bf69b022105.root 367111 [28]
/store/data/Run2023C/MuonEG/RAW/v1/000/367/111/00000/5d866821-29e2-4c8a-8579-269cca5d2ef6.root 367111 [101,104,106,107,92,94,97,98,95,99,100,91,93,102,103,105,96]
/store/data/Run2023C/MuonEG/RAW/v1/000/367/111/00000/5ed2e511-4de1-404f-aba6-45931a3d7b9e.root 367111 [54,73,55,57,64,69,66,67,68,70,71,65,61,72,56,58,62,63,52,53,59,60]
/store/data/Run2023C/MuonEG/RAW/v1/000/367/111/00000/602622af-5cd9-499c-af32-fab0faba3d66.root 367111 [269,270,277,274,276,275,271,272,273]
/store/data/Run2023C/MuonEG/RAW/v1/000/367/111/00000/67f85c57-7a2f-4f59-934b-3a9cbf866388.root 367111 [163,159,161,157,158,160,164,155,156,162]
/store/data/Run2023C/MuonEG/RAW/v1/000/367/111/00000/6c87d361-d15d-419a-8500-732b813f6825.root 367111 [262,261,264,267,268,266,263,265]
/store/data/Run2023C/MuonEG/RAW/v1/000/367/111/00000/771e935f-ff93-4ada-98af-f8ea71266268.root 367111 [82,87,84,75,76,88,90,85,86,74,78,83,77,79,80,81,89]
/store/data/Run2023C/MuonEG/RAW/v1/000/367/111/00000/781b82b9-6e2b-414a-86a6-7ad75330f25e.root 367111 [215,218,216,213,219,217,220,214]
/store/data/Run2023C/MuonEG/RAW/v1/000/367/111/00000/835e7809-8cb7-46d0-aae3-1313ef875c12.root 367111 [11]
/store/data/Run2023C/MuonEG/RAW/v1/000/367/111/00000/8949ae13-cea2-4419-bcb1-1a47b7d56c37.root 367111 [312,315,311,316,317,313,314,310]
/store/data/Run2023C/MuonEG/RAW/v1/000/367/111/00000/b39148f2-30fb-47df-9a30-46af2db02ddb.root 367111 [318,319,320,321,324,326,322,323,325]
/store/data/Run2023C/MuonEG/RAW/v1/000/367/111/00000/b4b4f7ac-8b66-4882-99d3-9e986477467e.root 367111 [43,34,37,40,45,47,32,35,36,38,42,50,33,41,39,44,46,48,49]
/store/data/Run2023C/MuonEG/RAW/v1/000/367/111/00000/b89dcd79-96cc-495b-8d4b-f4eb8fe3f035.root 367111 [15]
/store/data/Run2023C/MuonEG/RAW/v1/000/367/111/00000/bbe213c8-602d-4015-bb0d-1598300acba3.root 367111 [328,334,332,333,327,329,330,331]
/store/data/Run2023C/MuonEG/RAW/v1/000/367/111/00000/c3d4c30b-57c4-491c-a8b6-26cad4913260.root 367111 [230,234,235,229,236,233,231,232]
/store/data/Run2023C/MuonEG/RAW/v1/000/367/111/00000/ce2e20fa-31a0-48b6-8f3a-92af5b13192a.root 367111 [241,238,239,237,240,242,244,243]
/store/data/Run2023C/MuonEG/RAW/v1/000/367/111/00000/d1095b18-0270-44cd-b20c-a7988336fbb3.root 367111 [119,116,111,113,114,110,117,109,115,108,112,118]
/store/data/Run2023C/MuonEG/RAW/v1/000/367/111/00000/d4652b32-b914-4531-b0a4-9dcdb56a815e.root 367111 [127,130,131,122,124,128,129,125,132,121,123,126,120]
/store/data/Run2023C/MuonEG/RAW/v1/000/367/111/00000/d6282ccb-9df7-4d67-a8c4-ad086b621f89.root 367111 [153,154,148,151,147,145,149,152,146,150]
/store/data/Run2023C/MuonEG/RAW/v1/000/367/111/00000/e1015eeb-4933-4e73-af47-95777dacf313.root 367111 [221,222,224,227,226,223,225,228]
/store/data/Run2023C/MuonEG/RAW/v1/000/367/111/00000/e74712cb-bd80-4eec-8125-1569baf6d83e.root 367111 [24,25]
/store/data/Run2023C/MuonEG/RAW/v1/000/367/111/00000/ea8278ec-f64d-444a-bec3-c88727ff0dec.root 367111 [186,189,184,190,187,188,183,185]
/store/data/Run2023C/MuonEG/RAW/v1/000/367/111/00000/ec22e0a9-2ca3-4224-8e2c-3ef4d50a29af.root 367111 [280,281,282,284,278,279,283,285]
/store/data/Run2023C/MuonEG/RAW/v1/000/367/111/00000/f751092b-0743-472d-afd8-93a44d6a6782.root 367111 [304,303,302,305,308,309,306,307]
/store/data/Run2023C/MuonEG/RAW/v1/000/367/112/00000/02348817-a28f-4477-9d3c-34a14479495a.root 367112 [584,583,580,585,577,582,576,578,581,579]
/store/data/Run2023C/MuonEG/RAW/v1/000/367/112/00000/023e118f-7c5e-43c5-9b00-36eb46d9bb34.root 367112 [121,122,125,126,127,123,124]
/store/data/Run2023C/MuonEG/RAW/v1/000/367/112/00000/02a21605-f9e8-45e0-8eca-6a01201b682f.root 367112 [1174,1179,1181,1184,1170,1171,1176,1177,1180,1178,1182,1183,1185,1186,1172,1173,1175]
/store/data/Run2023C/MuonEG/RAW/v1/000/367/112/00000/03f8c984-90f0-4091-a7db-db4e3fd00015.root 367112 [509,515,514,512,506,510,511,513,508,507]
/store/data/Run2023C/MuonEG/RAW/v1/000/367/112/00000/05c1b1fe-a2aa-4ae2-8581-512a09374f5c.root 367112 [203,202,199,201,195,196,197,198,200]
/store/data/Run2023C/MuonEG/RAW/v1/000/367/112/00000/06144038-18f1-47cc-ad4b-d851df4be5b9.root 367112 [171,174,175,177,178,172,173,176]
/store/data/Run2023C/MuonEG/RAW/v1/000/367/112/00000/074e81dc-54be-4985-af72-3e42df606cd8.root 367112 [261,258,260,254,256,259,257,255]
/store/data/Run2023C/MuonEG/RAW/v1/000/367/112/00000/081a7273-a551-4138-a6a8-40a03f2114a7.root 367112 [308,307,305,302,304,303,306,309]
/store/data/Run2023C/MuonEG/RAW/v1/000/367/112/00000/086fc54c-ba7e-419a-a80d-d921cf99f836.root 367112 [1111,1110,1120,1109,1108,1113,1114,1115,1116,1118,1107,1112,1106,1119,1121,1117]
/store/data/Run2023C/MuonEG/RAW/v1/000/367/112/00000/0fd7d21a-10ac-4299-9e49-14fd1bd596d9.root 367112 [805,810,813,806,809,808,804,811,812,814,815,807]
/store/data/Run2023C/MuonEG/RAW/v1/000/367/112/00000/11b25c94-6ca1-4101-a662-e9432f85b9c3.root 367112 [188,193,190,189,191,194,187,192]
/store/data/Run2023C/MuonEG/RAW/v1/000/367/112/00000/13b3bf97-d497-4aea-b673-61037773b99e.root 367112 [1372,1374,1377,1381,1369,1379,1378,1384,1386,1371,1376,1368,1370,1373,1385,1366,1380,1382,1367,1383,1375]
/store/data/Run2023C/MuonEG/RAW/v1/000/367/112/00000/1500b55c-8855-428c-a806-b59fc0142ad2.root 367112 [914,920,913,919,915,916,922,918,923,912,917,921]
/store/data/Run2023C/MuonEG/RAW/v1/000/367/112/00000/160a1c46-8020-4e65-9ba8-5fbff7610b8b.root 367112 [544,537,541,542,539,545,536,538,540,543]
/store/data/Run2023C/MuonEG/RAW/v1/000/367/112/00000/18f7ad57-3fef-4685-a9ca-c55e0305ba35.root 367112 [1254,1256,1265,1264,1252,1257,1253,1258,1259,1262,1261,1263,1255,1251,1260]
/store/data/Run2023C/MuonEG/RAW/v1/000/367/112/00000/1b493431-97a8-4c8a-bb28-3846c31662f5.root 367112 [429,424,423,430,425,426,427,428,422]
/store/data/Run2023C/MuonEG/RAW/v1/000/367/112/00000/1c1e8730-b0d1-4fe6-b60f-cd28b832a1f2.root 367112 [73,79,75,74,80,76,77,78]
/store/data/Run2023C/MuonEG/RAW/v1/000/367/112/00000/1c34b383-9f59-43f6-8343-d47c08c5c6a3.root 367112 [265,266,268,262,263,264,267,269]
/store/data/Run2023C/MuonEG/RAW/v1/000/367/112/00000/23a3fc23-b71d-4612-9f62-21fabfde944b.root 367112 [92,93,89,94,95,91,90,96]
/store/data/Run2023C/MuonEG/RAW/v1/000/367/112/00000/26f57749-e9fa-411f-bf5e-d70ce3ce5d04.root 367112 [344,347,349,342,343,345,346,348,350]
/store/data/Run2023C/MuonEG/RAW/v1/000/367/112/00000/2746b4da-4204-4b90-8380-75fb316f6d43.root 367112 [1322,1309,1313,1320,1323,1310,1312,1324,1306,1307,1311,1314,1318,1321,1325,1315,1308,1316,1317,1319]
/store/data/Run2023C/MuonEG/RAW/v1/000/367/112/00000/29564601-52fb-4fbd-9083-a463c70c3ed8.root 367112 [472,473,474,476,468,477,470,469,471,475]
/store/data/Run2023C/MuonEG/RAW/v1/000/367/112/00000/2b0df1f2-9b1d-46b8-9289-d373b001b17a.root 367112 [158,159,155,156,160,162,157,161]
/store/data/Run2023C/MuonEG/RAW/v1/000/367/112/00000/2b93e0d2-1478-4a21-83c3-98631f301c40.root 367112 [322,326,319,321,323,320,324,325]
/store/data/Run2023C/MuonEG/RAW/v1/000/367/112/00000/2bc4130f-ede3-4e3c-95a1-fee097b9159b.root 367112 [358,357,356,351,352,354,355,353]
/store/data/Run2023C/MuonEG/RAW/v1/000/367/112/00000/2eb225b1-e882-45ad-b23a-ff48be743f44.root 367112 [596,600,605,602,603,598,599,601,604,597]
/store/data/Run2023C/MuonEG/RAW/v1/000/367/112/00000/2f90ad7f-2f51-4062-ad37-c2b061be08aa.root 367112 [335,338,340,337,341,336,339]
/store/data/Run2023C/MuonEG/RAW/v1/000/367/112/00000/2f98ee88-8253-4d59-b153-7f00c74f886d.root 367112 [57,58,64,60,63,59,62,61]
/store/data/Run2023C/MuonEG/RAW/v1/000/367/112/00000/309ed340-fa96-49c0-8b65-67c781e5190c.root 367112 [1238,1241,1244,1240,1249,1242,1243,1247,1250,1245,1236,1237,1239,1246,1248]
/store/data/Run2023C/MuonEG/RAW/v1/000/367/112/00000/3297407a-1d4f-49f4-b64d-5de354847710.root 367112 [984,988,979,981,986,987,993,992,990,989,983,980,985,982,991]
/store/data/Run2023C/MuonEG/RAW/v1/000/367/112/00000/33926651-287b-4471-bd56-e7436f85351e.root 367112 [18,17,19,20,21,23,22,24]
/store/data/Run2023C/MuonEG/RAW/v1/000/367/112/00000/35ec538b-9d59-4a49-9ac5-5cc288daa54f.root 367112 [711,720,718,709,715,716,719,710,714,712,713,717]
/store/data/Run2023C/MuonEG/RAW/v1/000/367/112/00000/386703a8-09c2-47f2-97bd-36018371c85a.root 367112 [1196,1200,1193,1201,1204,1205,1203,1187,1189,1195,1197,1194,1191,1192,1199,1190,1198,1202,1188]
/store/data/Run2023C/MuonEG/RAW/v1/000/367/112/00000/38b4121a-c9fc-4d32-86e4-52f1a8a9f3d7.root 367112 [574,573,566,571,567,570,572,568,569,575]
/store/data/Run2023C/MuonEG/RAW/v1/000/367/112/00000/3a20e6db-497e-4457-8b0a-309e9bc849d8.root 367112 [376,368,369,370,372,375,373,371,374]
/store/data/Run2023C/MuonEG/RAW/v1/000/367/112/00000/41531747-76f4-46ff-83ea-2c3317872823.root 367112 [586,595,590,592,589,591,587,593,588,594]
/store/data/Run2023C/MuonEG/RAW/v1/000/367/112/00000/44bea587-2983-414e-bbb5-48600f39cc20.root 367112 [699,700,701,707,698,704,705,703,697,702,706,708]
/store/data/Run2023C/MuonEG/RAW/v1/000/367/112/00000/47aca76d-5505-4d05-a514-b83e499b1a1a.root 367112 [631,632,636,637,626,627,635,629,628,630,633,634]
/store/data/Run2023C/MuonEG/RAW/v1/000/367/112/00000/4a2b4616-b5ef-49ed-819e-8f4ce5834b49.root 367112 [1157,1162,1165,1156,1154,1168,1155,1160,1161,1163,1158,1159,1164,1166,1167,1169]
/store/data/Run2023C/MuonEG/RAW/v1/000/367/112/00000/4cb404b4-7669-4bae-b4e0-ac1b1adac7a6.root 367112 [609,611,615,606,608,610,613,614,612,607]
/store/data/Run2023C/MuonEG/RAW/v1/000/367/112/00000/4d60bce0-493f-45f3-b135-c71131ca8246.root 367112 [103,101,104,100,98,102,99,97]
/store/data/Run2023C/MuonEG/RAW/v1/000/367/112/00000/4ea2898d-67c1-4c81-8d64-8abb4427ff8e.root 367112 [871,869,873,864,865,867,872,875,874,866,868,870]
/store/data/Run2023C/MuonEG/RAW/v1/000/367/112/00000/4f36e046-3419-4a8f-b12b-22b5ba900b62.root 367112 [65,69,67,71,66,72,70,68]
/store/data/Run2023C/MuonEG/RAW/v1/000/367/112/00000/4f7255ed-987a-4a54-8e1c-66d560591675.root 367112 [138,142,144,145,140,139,141,143]
/store/data/Run2023C/MuonEG/RAW/v1/000/367/112/00000/54747f29-0d3d-4102-9ee3-b733018942a2.root 367112 [547,548,551,554,549,555,552,550,546,553]
/store/data/Run2023C/MuonEG/RAW/v1/000/367/112/00000/55bc21aa-9d6f-4e5a-affd-4c3796876044.root 367112 [229,232,233,234,236,231,237,230,235]
/store/data/Run2023C/MuonEG/RAW/v1/000/367/112/00000/56d54336-34d0-4168-adcb-e4de75455528.root 367112 [954,960,951,952,956,955,949,958,959,961,962,950,953,963,957]
/store/data/Run2023C/MuonEG/RAW/v1/000/367/112/00000/57aa9877-68a2-4c0d-8240-667de5d16255.root 367112 [1409,1419,1421,1435,1441,1417,1420,1427,1436,1440,1446,1410,1413,1415,1418,1425,1443,1411,1424,1431,1437,1414,1429,1416,1423,1430,1438,1439,1442,1412,1422,1428,1432,1434,1444,1445,1447,1426,1433]
/store/data/Run2023C/MuonEG/RAW/v1/000/367/112/00000/5af95df8-e025-419a-ae8c-f8d566408680.root 367112 [1286,1289,1302,1303,1287,1295,1297,1298,1290,1293,1301,1292,1296,1294,1300,1288,1291,1299,1304,1305]
/store/data/Run2023C/MuonEG/RAW/v1/000/367/112/00000/5d600152-7d89-423a-a05d-7146b6c8b5d2.root 367112 [147,151,153,146,154,148,150,152,149]
/store/data/Run2023C/MuonEG/RAW/v1/000/367/112/00000/5ddf0fa7-eb9f-4d71-9d46-b85c73a2b8b5.root 367112 [489,488,490,495,487,493,494,491,492]
/store/data/Run2023C/MuonEG/RAW/v1/000/367/112/00000/5f31ea21-8126-4316-8092-d933f9ea0ef6.root 367112 [250,248,249,247,252,253,246,251]
/store/data/Run2023C/MuonEG/RAW/v1/000/367/112/00000/60b56057-809b-4d9d-a5ce-f06991c1c623.root 367112 [45,43,44,46,47,48,41,42]
/store/data/Run2023C/MuonEG/RAW/v1/000/367/112/00000/63f9485f-7aa2-43e2-9e35-81f109f31590.root 367112 [927,932,929,933,934,925,930,935,924,928,926,931]
/store/data/Run2023C/MuonEG/RAW/v1/000/367/112/00000/6864eb3b-c2be-4640-8504-bc84b9beacfb.root 367112 [1048,1054,1046,1049,1051,1052,1057,1045,1056,1043,1053,1044,1050,1042,1047,1055]
/store/data/Run2023C/MuonEG/RAW/v1/000/367/112/00000/69b47138-4627-4d31-9329-be7e9bae0340.root 367112 [653,657,651,658,655,656,660,649,650,654,659,652]
/store/data/Run2023C/MuonEG/RAW/v1/000/367/112/00000/6b71af91-705e-4d3a-b373-d5b2817b7ba2.root 367112 [381,377,383,385,380,378,379,382,384]
/store/data/Run2023C/MuonEG/RAW/v1/000/367/112/00000/71026559-e160-4e74-9340-163791faae87.root 367112 [431,438,432,433,435,434,436,437]
/store/data/Run2023C/MuonEG/RAW/v1/000/367/112/00000/76e52a0c-13fe-47f6-b0e1-8eeeba31ff4c.root 367112 [1083,1082,1087,1088,1077,1078,1075,1076,1079,1074,1081,1084,1085,1080,1086,1089]
/store/data/Run2023C/MuonEG/RAW/v1/000/367/112/00000/7a9fadbe-04d8-4e0f-a27e-1a28ea8d9919.root 367112 [773,775,776,779,770,777,768,771,769,774,772,778]
/store/data/Run2023C/MuonEG/RAW/v1/000/367/112/00000/7b13c5a5-9656-4dff-a118-8b66ea83a1f2.root 367112 [819,817,825,826,818,822,823,820,824,816,821,827]
/store/data/Run2023C/MuonEG/RAW/v1/000/367/112/00000/7bb6b50c-f892-45b3-82ed-e99a1677d35d.root 367112 [1,3,7,6,2,4,5,8]
/store/data/Run2023C/MuonEG/RAW/v1/000/367/112/00000/7c1bb5f1-2c8f-4b33-b2b2-62de9e9cdeff.root 367112 [862,852,854,858,855,857,861,863,856,860,853,859]
/store/data/Run2023C/MuonEG/RAW/v1/000/367/112/00000/8100d2fa-5d63-4afb-938e-7faff7494316.root 367112 [618,617,621,622,625,619,620,624,616,623]
/store/data/Run2023C/MuonEG/RAW/v1/000/367/112/00000/8541c9bf-5d9c-4801-9531-5c89623d7a3a.root 367112 [882,885,879,884,877,880,886,876,881,883,887,878]
/store/data/Run2023C/MuonEG/RAW/v1/000/367/112/00000/858ae432-2b26-45aa-a78a-488b8cf08a06.root 367112 [1010,1022,1019,1020,1017,1023,1024,1013,1018,1011,1012,1016,1021,1025,1014,1015]
/store/data/Run2023C/MuonEG/RAW/v1/000/367/112/00000/86d1e84e-1c1e-4702-af40-d62b6275b671.root 367112 [890,894,896,897,898,888,892,895,891,899,889,893]
/store/data/Run2023C/MuonEG/RAW/v1/000/367/112/00000/887ee84d-7ede-48ee-aa45-4c40ca8f8e23.root 367112 [747,752,753,754,745,748,746,750,755,749,751]
/store/data/Run2023C/MuonEG/RAW/v1/000/367/112/00000/8e93981a-76c5-4ac3-b505-30f53b1b5c3b.root 367112 [1329,1341,1343,1331,1340,1327,1336,1337,1342,1344,1333,1335,1326,1330,1332,1345,1334,1339,1328,1338]
/store/data/Run2023C/MuonEG/RAW/v1/000/367/112/00000/9a547de0-06ea-411c-96e2-2f42e58da053.root 367112 [241,244,238,240,239,242,243,245]
/store/data/Run2023C/MuonEG/RAW/v1/000/367/112/00000/9b0216a3-ab21-465e-84bd-de04c234924f.root 367112 [387,388,391,393,394,389,390,392,386]
/store/data/Run2023C/MuonEG/RAW/v1/000/367/112/00000/a29a6a47-07c5-46cb-80b3-7793500badad.root 367112 [1125,1126,1129,1127,1123,1134,1124,1131,1128,1135,1136,1137,1122,1130,1132,1133]
/store/data/Run2023C/MuonEG/RAW/v1/000/367/112/00000/a4485565-d74e-491e-9bce-6b1841163a69.root 367112 [560,564,563,562,557,559,565,556,558,561]
/store/data/Run2023C/MuonEG/RAW/v1/000/367/112/00000/a4b71015-691a-4fcd-ae1d-d1313be31060.root 367112 [1223,1230,1221,1229,1224,1227,1232,1225,1231,1233,1234,1222,1226,1228,1235]
/store/data/Run2023C/MuonEG/RAW/v1/000/367/112/00000/a5b8a00a-6c09-47f2-83c4-80def04543bd.root 367112 [496,498,501,502,499,497,500,505,503,504]
/store/data/Run2023C/MuonEG/RAW/v1/000/367/112/00000/a811d095-d437-436c-bbf0-791cc21dafcc.root 367112 [998,1000,1003,994,1001,1009,995,996,997,1002,1005,999,1004,1006,1007,1008]
/store/data/Run2023C/MuonEG/RAW/v1/000/367/112/00000/aa2225da-ffe1-43c0-a769-a9e4976460e4.root 367112 [405,406,404,411,407,409,408,410,412]
/store/data/Run2023C/MuonEG/RAW/v1/000/367/112/00000/ab3633c5-c210-4212-a979-91bb781c4126.root 367112 [10,9,16,14,11,13,15,12]
/store/data/Run2023C/MuonEG/RAW/v1/000/367/112/00000/abd50cf5-b9d4-46e2-a2ed-c2677b6350c4.root 367112 [1040,1026,1028,1041,1032,1037,1027,1031,1035,1039,1034,1038,1030,1033,1036,1029]
/store/data/Run2023C/MuonEG/RAW/v1/000/367/112/00000/ad3a88b5-13f1-4aec-84dd-74e17de2a7d3.root 367112 [847,850,845,849,851,843,844,840,846,841,842,848]
/store/data/Run2023C/MuonEG/RAW/v1/000/367/112/00000/ae0a255d-7b0d-41f6-89c5-f6e4b512fcd5.root 367112 [183,185,182,179,184,186,181,180]
/store/data/Run2023C/MuonEG/RAW/v1/000/367/112/00000/b14800f4-60a1-4c96-aad4-ea4a8358a4e6.root 367112 [332,334,330,331,333,329,327,328]
/store/data/Run2023C/MuonEG/RAW/v1/000/367/112/00000/b4035204-fada-42d4-b564-eb631894957e.root 367112 [88,83,84,85,86,87,81,82]
/store/data/Run2023C/MuonEG/RAW/v1/000/367/112/00000/b4b41777-4e49-4671-a659-d1cd9ed74770.root 367112 [678,673,676,683,679,680,674,677,684,681,682,675]
/store/data/Run2023C/MuonEG/RAW/v1/000/367/112/00000/b6851440-cb4c-40d1-92a0-759ce64f029e.root 367112 [218,213,215,216,219,212,217,220,214]
/store/data/Run2023C/MuonEG/RAW/v1/000/367/112/00000/b7891e48-d63c-4b29-8b06-48de6e81a118.root 367112 [287,288,291,290,286,292,289,293]
/store/data/Run2023C/MuonEG/RAW/v1/000/367/112/00000/b7a7f28c-19c7-4c3b-a3c1-7d6c90c5bd74.root 367112 [294,298,299,300,301,295,296,297]
/store/data/Run2023C/MuonEG/RAW/v1/000/367/112/00000/babe78fd-8a8a-491e-bca5-8503a2ab9fdf.root 367112 [1096,1098,1095,1105,1104,1097,1103,1092,1091,1094,1099,1101,1090,1093,1100,1102]
/store/data/Run2023C/MuonEG/RAW/v1/000/367/112/00000/baeb3967-892d-4e3e-aea3-edad42c4a9e0.root 367112 [419,418,421,416,413,417,420,414,415]
/store/data/Run2023C/MuonEG/RAW/v1/000/367/112/00000/c3f9b81b-9833-420a-9527-4db3bce058bb.root 367112 [519,517,518,525,520,521,523,516,522,524]
/store/data/Run2023C/MuonEG/RAW/v1/000/367/112/00000/c85790da-8d8a-428b-bfa2-21bfbc9151d3.root 367112 [479,485,478,483,484,482,480,481,486]
/store/data/Run2023C/MuonEG/RAW/v1/000/367/112/00000/cae61543-9b19-4819-b3ab-8f2098a3a554.root 367112 [166,164,168,163,170,169,165,167]
/store/data/Run2023C/MuonEG/RAW/v1/000/367/112/00000/caf19dbc-b936-460f-90e3-30ebabd92a31.root 367112 [839,828,829,832,833,837,831,838,830,836,834,835]
/store/data/Run2023C/MuonEG/RAW/v1/000/367/112/00000/cb04e0f1-81ad-4721-8b27-d2873e3c9dce.root 367112 [443,446,447,442,445,448,444,439,440,441]
/store/data/Run2023C/MuonEG/RAW/v1/000/367/112/00000/cc90c218-63aa-4258-9590-5bc5cfcadf5c.root 367112 [647,642,644,639,643,645,646,640,638,648,641]
/store/data/Run2023C/MuonEG/RAW/v1/000/367/112/00000/ccbc1a5a-7fd3-45cb-991c-baf81e432e78.root 367112 [1209,1218,1219,1216,1207,1211,1208,1210,1214,1215,1217,1220,1206,1212,1213]
/store/data/Run2023C/MuonEG/RAW/v1/000/367/112/00000/cd4b681e-ec70-4e86-aea4-f0ece0ead297.root 367112 [223,225,227,228,226,222,224,221]
/store/data/Run2023C/MuonEG/RAW/v1/000/367/112/00000/cfa2a2f8-0e29-4f50-aab4-5e63a8773056.root 367112 [49,52,54,50,56,53,55,51]
/store/data/Run2023C/MuonEG/RAW/v1/000/367/112/00000/d1bb9ca7-3534-47cf-b68a-1d6134ca245d.root 367112 [115,117,113,119,118,116,120,114]
/store/data/Run2023C/MuonEG/RAW/v1/000/367/112/00000/d2cbdb57-6e49-44d9-86f4-c70f34d23782.root 367112 [450,452,453,454,455,457,449,451,456]
/store/data/Run2023C/MuonEG/RAW/v1/000/367/112/00000/d4a1def2-43cd-4b0f-8068-88bdaf9de642.root 367112 [1140,1144,1150,1138,1145,1147,1149,1151,1152,1139,1142,1143,1148,1146,1141,1153]
/store/data/Run2023C/MuonEG/RAW/v1/000/367/112/00000/d5ae685b-6b88-4b38-b3ad-eab4b4d89bf6.root 367112 [271,270,274,273,276,272,275,277]
/store/data/Run2023C/MuonEG/RAW/v1/000/367/112/00000/d7998a96-532f-4160-a6e0-2c0c69a4cb64.root 367112 [802,798,799,803,793,800,794,801,792,797,795,796]
/store/data/Run2023C/MuonEG/RAW/v1/000/367/112/00000/db9a3001-27f9-43c5-b19b-0f677be18e0e.root 367112 [465,458,460,461,463,464,467,459,462,466]
/store/data/Run2023C/MuonEG/RAW/v1/000/367/112/00000/dd1d1dc3-8576-442a-9121-4b1729b8ee75.root 367112 [906,903,909,905,902,907,908,911,900,901,904,910]
/store/data/Run2023C/MuonEG/RAW/v1/000/367/112/00000/de5f16cf-2708-47e5-8c6e-dd03d1133ad1.root 367112 [1458]
/store/data/Run2023C/MuonEG/RAW/v1/000/367/112/00000/e28b09ad-4a6e-4a30-9c44-4901fa1ec9aa.root 367112 [129,128,137,130,131,132,133,135,136,134]
/store/data/Run2023C/MuonEG/RAW/v1/000/367/112/00000/e452e8f5-f2e7-405b-bbc0-6d0bdf1e2701.root 367112 [734,735,733,740,743,736,741,739,738,737,742,744]
/store/data/Run2023C/MuonEG/RAW/v1/000/367/112/00000/e544e0e4-30ea-4065-b7f0-bc2e5979ee31.root 367112 [208,209,211,210,207,205,206,204]
/store/data/Run2023C/MuonEG/RAW/v1/000/367/112/00000/e59253f2-14b8-4824-a5e4-0e99b459c6bd.root 367112 [527,528,532,526,534,535,533,531,529,530]
/store/data/Run2023C/MuonEG/RAW/v1/000/367/112/00000/e5e9f2fe-c034-4cec-bfae-a6b1adecb23f.root 367112 [1275,1273,1279,1282,1284,1274,1266,1269,1281,1267,1272,1280,1271,1276,1285,1277,1278,1283,1268,1270]
/store/data/Run2023C/MuonEG/RAW/v1/000/367/112/00000/e853188d-9b53-4a6c-b1b8-690107703b9b.root 367112 [398,400,395,396,401,399,403,402,397]
/store/data/Run2023C/MuonEG/RAW/v1/000/367/112/00000/eb1a5f1e-69e7-4cbe-b54b-65df41bfb842.root 367112 [978,976,967,968,964,969,971,974,977,973,975,965,966,970,972]
/store/data/Run2023C/MuonEG/RAW/v1/000/367/112/00000/eb431870-09d4-455e-a136-93575b0f78c9.root 367112 [722,726,727,728,725,730,724,729,731,721,723,732]
/store/data/Run2023C/MuonEG/RAW/v1/000/367/112/00000/eb49624c-e23f-4637-a477-c85d5cd59143.root 367112 [278,282,283,279,280,284,281,285]
/store/data/Run2023C/MuonEG/RAW/v1/000/367/112/00000/ebac20ee-a312-4de1-9d0f-04a47174d45a.root 367112 [1389,1396,1400,1402,1395,1397,1391,1403,1408,1388,1394,1399,1406,1407,1390,1393,1398,1387,1401,1392,1404,1405]
/store/data/Run2023C/MuonEG/RAW/v1/000/367/112/00000/ecc026bb-9d80-46f4-8cad-7b90497374a2.root 367112 [362,364,359,363,366,367,361,365,360]
/store/data/Run2023C/MuonEG/RAW/v1/000/367/112/00000/ef646ba0-9a35-468a-a39b-beb51f5b69d8.root 367112 [25,28,31,29,30,27,32,26]
/store/data/Run2023C/MuonEG/RAW/v1/000/367/112/00000/f0be3d47-cd07-447c-b1a4-a7a49e17674a.root 367112 [937,945,942,938,944,946,947,939,936,948,940,941,943]
/store/data/Run2023C/MuonEG/RAW/v1/000/367/112/00000/f1e78256-0bc6-431b-989f-c4f98214f636.root 367112 [317,310,313,314,311,315,316,312,318]
/store/data/Run2023C/MuonEG/RAW/v1/000/367/112/00000/f3750a56-23cc-4ce8-a46e-b551057c7f39.root 367112 [781,788,784,787,790,791,780,785,782,789,783,786]
/store/data/Run2023C/MuonEG/RAW/v1/000/367/112/00000/f39d0bed-91e2-4cc4-aab7-408ea47b14b9.root 367112 [686,691,687,690,692,694,696,689,693,695,688,685]
/store/data/Run2023C/MuonEG/RAW/v1/000/367/112/00000/f3d4ae0e-385e-4b21-99a8-a3724b2650c0.root 367112 [662,663,664,661,669,670,672,667,668,671,665,666]
/store/data/Run2023C/MuonEG/RAW/v1/000/367/112/00000/f3e66f2b-2253-44f2-adbc-4e083e875262.root 367112 [1070,1072,1058,1060,1061,1063,1065,1067,1071,1062,1059,1073,1066,1068,1069,1064]
/store/data/Run2023C/MuonEG/RAW/v1/000/367/112/00000/f552e655-3675-41c7-87aa-b27c0e5aeebf.root 367112 [40,36,33,34,39,38,35,37]
/store/data/Run2023C/MuonEG/RAW/v1/000/367/112/00000/f5c75754-966d-47de-81ad-a78cda511932.root 367112 [1350,1355,1363,1364,1347,1362,1346,1349,1352,1353,1359,1365,1348,1354,1360,1357,1358,1351,1356,1361]
/store/data/Run2023C/MuonEG/RAW/v1/000/367/112/00000/f73d17b9-fe81-4fa6-9c29-8bd7fac99efd.root 367112 [108,105,109,106,111,107,110,112]
/store/data/Run2023C/MuonEG/RAW/v1/000/367/112/00000/f864ba93-7a6e-4fa1-94cb-743d911bffae.root 367112 [767,756,761,765,757,759,760,762,763,758,764,766]
