359045
359051
359076
359084
359089
359090
359111
359113
359149
359150
359188
359229
359230
359231
359232
359233
359235
359356
359365
359366
359369
359370
359374
359421
359434
359448
359449
359455
359465
359519
359531
359542
359568
359569
359571
359575
359595
359597
359602
359609
359612
359661
359685
359686
359691
359693
359694
359699
359717
359718
359750
359751
359762
359763
359764
359776
359779
359781
359806
359808
359809
359810
359812
359813
359814
359867
359868
359869
359870
359871
359887
359889
359899
359903
359905
359906
359915
359917
359920
359934
359936
359943
359998
360012
360017
360018
360019
360075
360088
360090
360116
360121
360122
360123
360124
360125
360126
360127
360128
360129
360130
360131
360141
360190
360208
360217
360224
360225
360274
360279
360286
360295
360296
360327
360330
