/store/data/Run2024F/NoBPTX/RAW/v1/000/382/229/00000/2c105ed6-ea23-48d6-a3f1-d29f8954cd3e.root 382229 [85,90,79,89,91,92,104,96,102,103,94,95,101,83,84,82,87,93,80,81,86,88,99,100,105,107,97,98,106,108]
/store/data/Run2024F/NoBPTX/RAW/v1/000/382/229/00000/3911480c-af83-401f-9c65-a56f8ed25114.root 382229 [113,128,132,111,120,125,127,112,130,133,135,118,126,115,124,110,117,122,129,134,116,119,121,109,114,123,131]
/store/data/Run2024F/NoBPTX/RAW/v1/000/382/229/00000/4e1a6c4c-94da-4236-b430-668a9277c26f.root 382229 [22,36,43,33,39,24,25,35,26,34,18,28,29,37,40,19,23,32,41,42,45,21,27,31,44,20,30,38]
/store/data/Run2024F/NoBPTX/RAW/v1/000/382/229/00000/7ab72fef-6697-44f7-9fe9-b4d8a126f277.root 382229 [62,65,71,76,78,77,50,53,74,47,48,56,59,70,73,52,64,66,54,68,51,57,69,46,49,55,58,60,61,63,67,72,75]
/store/data/Run2024F/NoBPTX/RAW/v1/000/382/229/00000/9ef69d02-c1fb-47ab-af5e-8c3e8e22ca7c.root 382229 [1,5,7,6,3,8,2,4,9]
/store/data/Run2024F/NoBPTX/RAW/v1/000/382/229/00000/a5a84628-84be-49f3-91ec-2e330745ce1d.root 382229 [138,142,151,136,155,157,137,141,148,152,158,160,139,140,153,154,162,150,143,145,146,156,159,161,144,147,149]
/store/data/Run2024F/NoBPTX/RAW/v1/000/382/229/00000/bcfef602-b7cf-405c-85ec-79acffdcd0b3.root 382229 [217,223,234,242,243,224,228,230,238,221,232,218,226,229,233,237,240,241,220,225,231,235,236,219,222,227,239]
/store/data/Run2024F/NoBPTX/RAW/v1/000/382/229/00000/bf3d970b-6816-427e-b4cd-5a0dc7e8a373.root 382229 [273,296,271,276,278,279,297,280,282,285,287,291,289,281,286,272,274,275,277,290,293,294,283,284,288,292,295]
/store/data/Run2024F/NoBPTX/RAW/v1/000/382/229/00000/cda4ac32-9dfa-4b6e-8e04-1a55e3d74af4.root 382229 [311,317,320,321,318,300,299,306,307,309,313,322,303,305,315,316,319,310,312,323,298,301,302,304,308,314]
/store/data/Run2024F/NoBPTX/RAW/v1/000/382/229/00000/d0e553a9-e3da-45c4-9635-4222d1d84145.root 382229 [247,255,263,264,265,248,249,258,259,262,267,246,251,257,261,270,256,244,245,253,260,266,252,254,268,269,250]
/store/data/Run2024F/NoBPTX/RAW/v1/000/382/229/00000/d3d9d965-4853-46a4-ae55-66335d159bdd.root 382229 [199,200,194,195,197,198,202,205,190,191,201,206,210,213,215,216,207,211,208,212,192,203,204,209,193,196,214]
/store/data/Run2024F/NoBPTX/RAW/v1/000/382/229/00000/f6f930d5-41b3-4b47-b6dd-4ee5ca5d5968.root 382229 [173,182,187,188,163,164,165,167,168,169,174,185,166,170,172,176,189,179,184,171,181,175,177,180,183,186,178]
