/store/data/Run2016C/MET/RAW/v2/000/276/092/00000/0AFF1531-4C3F-E611-ACC5-02163E01439B.root [119,120,121]
/store/data/Run2016C/MET/RAW/v2/000/276/092/00000/18C8AD03-4C3F-E611-A877-02163E011D24.root [129,131,132,130]
/store/data/Run2016C/MET/RAW/v2/000/276/092/00000/1AE4DB96-493F-E611-8E8D-02163E0129B9.root [87,85,88,84,86]
/store/data/Run2016C/MET/RAW/v2/000/276/092/00000/1AE62C06-413F-E611-AF41-02163E014118.root [78,77,79,80]
/store/data/Run2016C/MET/RAW/v2/000/276/092/00000/1E344A2C-4C3F-E611-AF29-02163E012179.root [133,135,134,136]
/store/data/Run2016C/MET/RAW/v2/000/276/092/00000/2898120B-4B3F-E611-8E8F-02163E012179.root [107,109,108]
/store/data/Run2016C/MET/RAW/v2/000/276/092/00000/4A1F210D-4B3F-E611-A01B-02163E011833.root [102,101,103]
/store/data/Run2016C/MET/RAW/v2/000/276/092/00000/50D38E8C-493F-E611-B1D7-02163E01390E.root [82,81,83]
/store/data/Run2016C/MET/RAW/v2/000/276/092/00000/606D9B55-4C3F-E611-A9A4-02163E014539.root [145,146,143,144]
/store/data/Run2016C/MET/RAW/v2/000/276/092/00000/641C1880-4C3F-E611-BD13-02163E0129C5.root [142,140,141]
/store/data/Run2016C/MET/RAW/v2/000/276/092/00000/7E16FB6B-4B3F-E611-8398-02163E013617.root [111,112,110]
/store/data/Run2016C/MET/RAW/v2/000/276/092/00000/84B99449-3F3F-E611-9FE8-02163E01350A.root [7,17,20,38,50,21,22,30,33,42,47,66,70,75,1,8,25,26,31,32,37,49,54,59,61,74,76,3,5,6,19,29,44,45,55,56,58,60,71,72,12,43,57,67,69,2,4,13,23,27,36,53,63,64,73,15,16,18,28,34,35,46,48,52,9,10,11,14,24,39,40,41,51,62,65,68]
/store/data/Run2016C/MET/RAW/v2/000/276/092/00000/947BF2CF-4C3F-E611-B5AA-02163E011C56.root [147,148,149]
/store/data/Run2016C/MET/RAW/v2/000/276/092/00000/9AC82C16-4C3F-E611-9278-02163E0143ED.root [125,128,127,126]
/store/data/Run2016C/MET/RAW/v2/000/276/092/00000/A69CF970-493F-E611-AA06-02163E01183F.root [98,97,100,96,99]
/store/data/Run2016C/MET/RAW/v2/000/276/092/00000/B6996A5A-4B3F-E611-91D9-02163E012844.root [104,106,105]
/store/data/Run2016C/MET/RAW/v2/000/276/092/00000/D81AE333-4C3F-E611-82B0-02163E013613.root [114,115,113]
/store/data/Run2016C/MET/RAW/v2/000/276/092/00000/D8E927A5-493F-E611-A926-02163E014394.root [93,95,91,92,94,89,90]
/store/data/Run2016C/MET/RAW/v2/000/276/092/00000/E43A9F28-4C3F-E611-A5D5-02163E0135E8.root [116,118,117]
/store/data/Run2016C/MET/RAW/v2/000/276/092/00000/E4ED5C26-4C3F-E611-8436-02163E014265.root [124,123,122]
/store/data/Run2016C/MET/RAW/v2/000/276/092/00000/EC7CF109-4C3F-E611-AAEF-02163E01339A.root [138,139,137]
