/store/data/Run2022B/BTagMu/RAW/v1/000/355/769/00000/11c983cb-cb92-4bee-bbfa-56f2087bf643.root [61,74,65,78,79,67,76,80,88,91,97,58,71,72,77,83,86,62,63,82,95,66,69,84,85,87,89,92,64,70,90,96,98,59,60,68,73,75,81,93,94,99]
/store/data/Run2022B/BTagMu/RAW/v1/000/355/769/00000/24017f47-68b3-4e6c-a239-1d1cafa9821d.root [294,289,293,295,296,271,274,278,279,284,288,290,269,275,281,283,280,282,285,287,292,277,291,270,286,272,273,276]
/store/data/Run2022B/BTagMu/RAW/v1/000/355/769/00000/2ffa044a-f7c9-49df-8842-65e9af9fbdef.root [35,40,54,32,43,44,49,33,42,45,51,53,30,31,34,38,39,56,41,46,36,50,52,57,29,37,47,48,55]
/store/data/Run2022B/BTagMu/RAW/v1/000/355/769/00000/45c18057-c497-4533-a9da-8dd48595275b.root [109,121,107,110,128,100,102,106,108,122,124,101,111,116,118,123,125,103,114,117,126,127,104,105,112,113,115,119,120]
/store/data/Run2022B/BTagMu/RAW/v1/000/355/769/00000/4a22894b-2c90-4b2f-9d99-43bc53c5a040.root [436,461,430,433,445,446,454,458,424,426,432,438,444,451,455,456,459,423,425,427,443,437,447,449,450,460,421,440,441,435,439,448,453,422,428,429,431,434,442,452,457]
/store/data/Run2022B/BTagMu/RAW/v1/000/355/769/00000/52891376-61fa-457d-be8c-cf4aab7f62b7.root [519,526,527,529,530,533,539,546,548,551,553,522,524,538,535,542,543,550,534,557,520,521,523,525,531,536,544,545,552,555,517,518,528,537,554,556,516,547,549,532,540,541]
/store/data/Run2022B/BTagMu/RAW/v1/000/355/769/00000/5ce269b1-2636-4116-af8d-6e420a5a1389.root [490,501,494,497,514,491,505,515,489,496,500,506,511,495,510,498,503,504,507,509,512,492,493,499,502,508,513]
/store/data/Run2022B/BTagMu/RAW/v1/000/355/769/00000/784621f8-5ddd-4f06-a564-688aaf87e299.root [234,238,242,229,231,233,245,251,252,254,256,263,239,244,247,250,264,232,240,259,260,266,235,246,249,253,267,228,243,248,255,258,261,262,236,237,241,257,268,230,265]
/store/data/Run2022B/BTagMu/RAW/v1/000/355/769/00000/7a8ca313-f798-416e-a3f0-200c59705354.root [199,213,218,220,206,209,214,217,224,207,223,202,225,201,205,219,221,227,200,210,212,215,208,216,222,203,204,211,226]
/store/data/Run2022B/BTagMu/RAW/v1/000/355/769/00000/802437d0-62c2-47e6-8369-298885cad4f8.root [1,3,17,28,11,15,19,2,4,9,13,21,10,14,16,7,20,27,12,23,8,18,24,26,5,6,22,25]
/store/data/Run2022B/BTagMu/RAW/v1/000/355/769/00000/82d544fd-8a75-4f3e-a9de-0f96c2d3ec29.root [166,168,180,156,172,173,188,169,178,183,184,189,190,196,160,164,167,185,187,159,170,174,176,179,192,193,194,158,161,162,163,165,177,186,197,171,175,157,181,182,191,195,198]
/store/data/Run2022B/BTagMu/RAW/v1/000/355/769/00000/87a9afbf-c275-4f8c-9365-3cd0f92ab587.root [405,412,418,398,402,407,408,397,399,415,420,404,401,410,414,393,400,409,411,417,403,406,413,416,419,394,395,396]
/store/data/Run2022B/BTagMu/RAW/v1/000/355/769/00000/914c3e38-b5b0-460c-b68f-fdb2decfa2db.root [326,332,342,343,344,348,349,364,365,328,331,335,336,338,340,330,350,352,353,354,358,361,362,363,345,355,357,360,329,334,337,339,325,333,341,347,351,327,356,346,359]
/store/data/Run2022B/BTagMu/RAW/v1/000/355/769/00000/aa7c7a55-b576-4bd8-9db3-a5ed53e33e0e.root [302,311,312,317,319,316,321,298,300,307,314,297,301,304,306,309,313,318,299,305,320,322,308,323,303,315,310,324]
/store/data/Run2022B/BTagMu/RAW/v1/000/355/769/00000/ae165d2a-8734-4457-a879-6b7f2dfe6549.root [372,378,388,391,381,392,375,370,383,387,366,367,368,369,373,374,376,385,377,382,386,371,379,384,390,380,389]
/store/data/Run2022B/BTagMu/RAW/v1/000/355/769/00000/b6ad516f-5200-436f-9481-2b3f2b0c6c8b.root [142,154,137,144,148,153,130,136,138,146,147,133,134,135,140,145,149,155,131,139,129,132,141,143,150,151,152]
/store/data/Run2022B/BTagMu/RAW/v1/000/355/769/00000/c0ccb611-6a6b-4b62-8b22-f74fa5c29944.root [464,486,462,465,476,482,484,472,480,467,473,479,481,477,463,466,468,469,470,471,474,475,478,485,487,488,483]
