/store/data/Run2024F/EGamma0/RAW/v1/000/382/229/00000/02c33f96-bbe2-45b1-b91c-2ed2d0fb6fd0.root 382229 [64,66,63,65,67]
/store/data/Run2024F/EGamma0/RAW/v1/000/382/229/00000/06eaa93f-3b1c-4db5-86dd-9803e0906aab.root 382229 [50,49,52,48,51]
/store/data/Run2024F/EGamma0/RAW/v1/000/382/229/00000/0a6b4a00-68c9-495f-90c5-0afeccb7046c.root 382229 [60,62,61,58,59]
/store/data/Run2024F/EGamma0/RAW/v1/000/382/229/00000/0b98c14b-8dce-4122-b15a-39478cfd034d.root 382229 [53,54,56,57,55]
/store/data/Run2024F/EGamma0/RAW/v1/000/382/229/00000/0e10608b-0582-40c4-97f5-74ed3de930d0.root 382229 [216,213,215,214]
/store/data/Run2024F/EGamma0/RAW/v1/000/382/229/00000/0f023122-ce5e-4cc9-9c45-030d4c8b01e7.root 382229 [192,193,194,195]
/store/data/Run2024F/EGamma0/RAW/v1/000/382/229/00000/12322a11-df40-4481-88bb-2a24168e886e.root 382229 [204,206,207,205]
/store/data/Run2024F/EGamma0/RAW/v1/000/382/229/00000/13527843-78e5-4d05-ab31-217bcf1bc976.root 382229 [238,237,239,240]
/store/data/Run2024F/EGamma0/RAW/v1/000/382/229/00000/167b51dc-6bbd-4c30-ba92-0f0ccd89535d.root 382229 [85,88,84,87,86,83]
/store/data/Run2024F/EGamma0/RAW/v1/000/382/229/00000/1e1934c2-e800-4524-bc29-76c4af23c002.root 382229 [288,285,286,287]
/store/data/Run2024F/EGamma0/RAW/v1/000/382/229/00000/25e52155-df29-4059-b3e1-ce8672e67fc5.root 382229 [251,249,252,250]
/store/data/Run2024F/EGamma0/RAW/v1/000/382/229/00000/2a078cb1-a71e-4412-8bf7-a367290198fa.root 382229 [173,175,174,172]
/store/data/Run2024F/EGamma0/RAW/v1/000/382/229/00000/2d1cde57-4b24-47c8-9aa4-cb0106fbbc6e.root 382229 [32,33,31,30]
/store/data/Run2024F/EGamma0/RAW/v1/000/382/229/00000/2e722caf-85c6-45c8-ae2b-69f682e8ee23.root 382229 [253,255,256,254]
/store/data/Run2024F/EGamma0/RAW/v1/000/382/229/00000/2e7a750c-7dad-4db6-b807-d14c02b3bbcf.root 382229 [299,297,300,298]
/store/data/Run2024F/EGamma0/RAW/v1/000/382/229/00000/2f1ff80b-d520-433e-bf06-c0acc50f9f02.root 382229 [217,220,219,218]
/store/data/Run2024F/EGamma0/RAW/v1/000/382/229/00000/2f7359e5-876d-49ff-8564-9ef29e7a06fb.root 382229 [108,110,111,109]
/store/data/Run2024F/EGamma0/RAW/v1/000/382/229/00000/33539696-2dd8-4364-9ae2-5945b2d3e9a2.root 382229 [129,128,130,131]
/store/data/Run2024F/EGamma0/RAW/v1/000/382/229/00000/34939199-97fd-4c3c-a6b2-43738bdde767.root 382229 [196,199,197,198]
/store/data/Run2024F/EGamma0/RAW/v1/000/382/229/00000/358cd419-2a85-44cf-ac8f-f35749380207.root 382229 [188,191,189,190]
/store/data/Run2024F/EGamma0/RAW/v1/000/382/229/00000/36da4c3c-637a-4dcb-8d1a-4df58ce4e4a1.root 382229 [19,20,21,18]
/store/data/Run2024F/EGamma0/RAW/v1/000/382/229/00000/3ee3e0b6-9e88-45b8-834e-cca67e7a0ad1.root 382229 [115,114,113,112]
/store/data/Run2024F/EGamma0/RAW/v1/000/382/229/00000/41c17af4-ea52-4776-936e-e70cde66dba4.root 382229 [127,125,126,124]
/store/data/Run2024F/EGamma0/RAW/v1/000/382/229/00000/4a2ea2fd-8f75-4cec-9583-2ac07ab005ff.root 382229 [228,226,225,227]
/store/data/Run2024F/EGamma0/RAW/v1/000/382/229/00000/4dabed1b-5247-4b02-8a5e-d298082af2b5.root 382229 [180,182,183,181]
/store/data/Run2024F/EGamma0/RAW/v1/000/382/229/00000/516ca019-3960-45f5-9b4f-b531c41868a3.root 382229 [231,230,229,232]
/store/data/Run2024F/EGamma0/RAW/v1/000/382/229/00000/55a6ed1b-97ac-48d2-861e-d727498576ff.root 382229 [311,310,312,309]
/store/data/Run2024F/EGamma0/RAW/v1/000/382/229/00000/588ebf50-9215-4821-85df-5d13af91e475.root 382229 [289,292,291,290]
/store/data/Run2024F/EGamma0/RAW/v1/000/382/229/00000/5aebc52d-a572-4a86-92d5-2c42b6e15b01.root 382229 [169,168,171,170]
/store/data/Run2024F/EGamma0/RAW/v1/000/382/229/00000/5aefda2e-8d59-4955-a077-e7c7c3a5e100.root 382229 [155,152,153,154]
/store/data/Run2024F/EGamma0/RAW/v1/000/382/229/00000/5ccfd52a-ee64-4e3b-a95c-95315283dc31.root 382229 [79,81,82,80,78]
/store/data/Run2024F/EGamma0/RAW/v1/000/382/229/00000/5cf98b5e-64ce-45cb-9a0c-93339900c74e.root 382229 [304,303,302,301]
/store/data/Run2024F/EGamma0/RAW/v1/000/382/229/00000/5ead70c8-35f3-4333-9980-b19c92a03a83.root 382229 [149,151,148,150]
/store/data/Run2024F/EGamma0/RAW/v1/000/382/229/00000/5f0a1258-e858-453d-bcc2-fdf71ccd5c17.root 382229 [221,223,222,224]
/store/data/Run2024F/EGamma0/RAW/v1/000/382/229/00000/63c8e807-be58-44e7-9782-9bc6bc752917.root 382229 [159,156,157,158]
/store/data/Run2024F/EGamma0/RAW/v1/000/382/229/00000/66b5c18e-57af-409a-9ffe-0e3f0e64d742.root 382229 [37,34,36,35]
/store/data/Run2024F/EGamma0/RAW/v1/000/382/229/00000/6865af3c-4557-4709-b5f4-cace186de4ab.root 382229 [73,76,74,75,77]
/store/data/Run2024F/EGamma0/RAW/v1/000/382/229/00000/6cd219d0-a6f9-4014-85da-0329756121f0.root 382229 [187,184,186,185]
/store/data/Run2024F/EGamma0/RAW/v1/000/382/229/00000/76c103ca-8945-4104-b044-e8dee25ce327.root 382229 [307,306,308,305]
/store/data/Run2024F/EGamma0/RAW/v1/000/382/229/00000/7f3cd25a-adc9-4bdd-870e-e171f0380446.root 382229 [262,261,263,264]
/store/data/Run2024F/EGamma0/RAW/v1/000/382/229/00000/8092a119-c854-4817-b25a-914522a04294.root 382229 [8,5,6,7]
/store/data/Run2024F/EGamma0/RAW/v1/000/382/229/00000/854903a2-74b9-46fb-8e89-bf0c3413417b.root 382229 [316,317,315,318,319,313,314,320]
/store/data/Run2024F/EGamma0/RAW/v1/000/382/229/00000/867e221e-0d4c-486c-b205-9fbc8ef6c0c5.root 382229 [160,161,162,163]
/store/data/Run2024F/EGamma0/RAW/v1/000/382/229/00000/94e7d9f3-9b6d-47cb-b170-3e062fdeb774.root 382229 [24,23,22,25]
/store/data/Run2024F/EGamma0/RAW/v1/000/382/229/00000/97c0f815-6c59-4001-b909-59b0ffcea213.root 382229 [100,101,103,102]
/store/data/Run2024F/EGamma0/RAW/v1/000/382/229/00000/9f81881e-9cc7-487a-8c0d-fef48e4834b1.root 382229 [93,92,90,91,94,89]
/store/data/Run2024F/EGamma0/RAW/v1/000/382/229/00000/a63925c6-475c-4b4e-8dc7-048f1d8a5753.root 382229 [203,202,201,200]
/store/data/Run2024F/EGamma0/RAW/v1/000/382/229/00000/aa5f36ec-bb2c-4f80-b29a-048baec0bd6b.root 382229 [97,98,95,99,96]
/store/data/Run2024F/EGamma0/RAW/v1/000/382/229/00000/ab7a97f8-a823-4467-9fad-3cee0d464105.root 382229 [267,266,268,265]
/store/data/Run2024F/EGamma0/RAW/v1/000/382/229/00000/b455f63d-a8aa-4b00-9619-c61a444470b7.root 382229 [4,1,2,3]
/store/data/Run2024F/EGamma0/RAW/v1/000/382/229/00000/b724a169-9ecc-4978-b936-ea2f7b84c67d.root 382229 [136,138,139,137]
/store/data/Run2024F/EGamma0/RAW/v1/000/382/229/00000/b73ebb44-6b0b-4a1b-84a9-8b68a65581ad.root 382229 [210,212,208,209,211]
/store/data/Run2024F/EGamma0/RAW/v1/000/382/229/00000/b800a57b-8d83-47fe-94fd-bf353c0a59af.root 382229 [176,177,178,179]
/store/data/Run2024F/EGamma0/RAW/v1/000/382/229/00000/bac78e99-6f3f-4022-89dd-97771b739b95.root 382229 [27,26,28,29]
/store/data/Run2024F/EGamma0/RAW/v1/000/382/229/00000/bcfab10b-27f5-4e75-9f25-4afd978f78c5.root 382229 [166,164,165,167]
/store/data/Run2024F/EGamma0/RAW/v1/000/382/229/00000/bed35e02-2203-440c-afa7-132d103d362c.root 382229 [270,269,271,272]
/store/data/Run2024F/EGamma0/RAW/v1/000/382/229/00000/c3cb9a2e-d7c3-4e7e-bed7-cddbbe166eeb.root 382229 [107,106,105,104]
/store/data/Run2024F/EGamma0/RAW/v1/000/382/229/00000/c57fbf57-5e1d-4ce7-a1ce-f7629138c64d.root 382229 [248,247,246,245]
/store/data/Run2024F/EGamma0/RAW/v1/000/382/229/00000/c801266a-7d53-42be-9ea7-61ff98aa115e.root 382229 [144,146,145,147]
/store/data/Run2024F/EGamma0/RAW/v1/000/382/229/00000/c9e9f6de-291e-4038-a6de-8910ad08dc70.root 382229 [117,119,116,118]
/store/data/Run2024F/EGamma0/RAW/v1/000/382/229/00000/d325dd5d-e23f-478d-965e-5aecc9502343.root 382229 [134,132,135,133]
/store/data/Run2024F/EGamma0/RAW/v1/000/382/229/00000/d3836283-270a-4bcd-ae1f-a836a04638e8.root 382229 [47,45,46,43,44]
/store/data/Run2024F/EGamma0/RAW/v1/000/382/229/00000/da3aa14a-ab40-475f-ba16-4fb78f7c64c5.root 382229 [120,123,121,122]
/store/data/Run2024F/EGamma0/RAW/v1/000/382/229/00000/db18246b-7236-4237-879e-46a19d5776c5.root 382229 [293,294,296,295]
/store/data/Run2024F/EGamma0/RAW/v1/000/382/229/00000/df438f0f-3cd3-47c9-a4c1-6dc06e1cfd10.root 382229 [257,260,258,259]
/store/data/Run2024F/EGamma0/RAW/v1/000/382/229/00000/e4146685-edd5-4d50-a9bb-8f1580117c41.root 382229 [39,40,42,41,38]
/store/data/Run2024F/EGamma0/RAW/v1/000/382/229/00000/e4df2024-3a08-4f81-8fe3-c41da05c964d.root 382229 [282,283,284,281]
/store/data/Run2024F/EGamma0/RAW/v1/000/382/229/00000/e9af7918-9345-4ffc-9c4b-d2c4484ce12c.root 382229 [140,142,141,143]
/store/data/Run2024F/EGamma0/RAW/v1/000/382/229/00000/f0db06cb-9524-46f6-9723-d9f9edb93e9b.root 382229 [277,278,280,279]
/store/data/Run2024F/EGamma0/RAW/v1/000/382/229/00000/f230e1ea-85d2-4aa5-a5c0-53cfe229af84.root 382229 [274,276,275,273]
/store/data/Run2024F/EGamma0/RAW/v1/000/382/229/00000/f2596730-3cd3-4c98-a218-5369f09f617f.root 382229 [9]
/store/data/Run2024F/EGamma0/RAW/v1/000/382/229/00000/f489e7ad-366d-4967-af20-8ac689580497.root 382229 [69,72,70,68,71]
/store/data/Run2024F/EGamma0/RAW/v1/000/382/229/00000/f625c9be-2f8c-4553-8846-29406e9ca3b0.root 382229 [235,234,233,236]
/store/data/Run2024F/EGamma0/RAW/v1/000/382/229/00000/fd0bedeb-1e38-4ec8-988d-a457d924612f.root 382229 [242,244,241,243]
