/store/data/Run2024F/NoBPTX/RAW/v1/000/382/229/00000/2c105ed6-ea23-48d6-a3f1-d29f8954cd3e.root 382229 [85,90,79,89,91,92,104,96,102,103,94,95,101,83,84,82,87,93,80,81,86,88,99,100,105,107,97,98,106,108]
/store/data/Run2024F/NoBPTX/RAW/v1/000/382/229/00000/3911480c-af83-401f-9c65-a56f8ed25114.root 382229 [113,128,132,111,120,125,127,112,130,133,135,118,126,115,124,110,117,122,129,134,116,119,121,109,114,123,131]
/store/data/Run2024F/NoBPTX/RAW/v1/000/382/229/00000/4e1a6c4c-94da-4236-b430-668a9277c26f.root 382229 [22,36,43,33,39,24,25,35,26,34,18,28,29,37,40,19,23,32,41,42,45,21,27,31,44,20,30,38]
/store/data/Run2024F/NoBPTX/RAW/v1/000/382/229/00000/7ab72fef-6697-44f7-9fe9-b4d8a126f277.root 382229 [62,65,71,76,78,77,50,53,74,47,48,56,59,70,73,52,64,66,54,68,51,57,69,46,49,55,58,60,61,63,67,72,75]
/store/data/Run2024F/NoBPTX/RAW/v1/000/382/229/00000/9ef69d02-c1fb-47ab-af5e-8c3e8e22ca7c.root 382229 [1,5,7,6,3,8,2,4,9]
/store/data/Run2024F/NoBPTX/RAW/v1/000/382/229/00000/a5a84628-84be-49f3-91ec-2e330745ce1d.root 382229 [138,142,151,136,155,157,137,141,148,152,158,160,139,140,153,154,162,150,143,145,146,156,159,161,144,147,149]
/store/data/Run2024F/NoBPTX/RAW/v1/000/382/229/00000/bcfef602-b7cf-405c-85ec-79acffdcd0b3.root 382229 [217,223,234,242,243,224,228,230,238,221,232,218,226,229,233,237,240,241,220,225,231,235,236,219,222,227,239]
/store/data/Run2024F/NoBPTX/RAW/v1/000/382/229/00000/bf3d970b-6816-427e-b4cd-5a0dc7e8a373.root 382229 [273,296,271,276,278,279,297,280,282,285,287,291,289,281,286,272,274,275,277,290,293,294,283,284,288,292,295]
/store/data/Run2024F/NoBPTX/RAW/v1/000/382/229/00000/cda4ac32-9dfa-4b6e-8e04-1a55e3d74af4.root 382229 [311,317,320,321,318,300,299,306,307,309,313,322,303,305,315,316,319,310,312,323,298,301,302,304,308,314]
/store/data/Run2024F/NoBPTX/RAW/v1/000/382/229/00000/d0e553a9-e3da-45c4-9635-4222d1d84145.root 382229 [247,255,263,264,265,248,249,258,259,262,267,246,251,257,261,270,256,244,245,253,260,266,252,254,268,269,250]
/store/data/Run2024F/NoBPTX/RAW/v1/000/382/229/00000/d3d9d965-4853-46a4-ae55-66335d159bdd.root 382229 [199,200,194,195,197,198,202,205,190,191,201,206,210,213,215,216,207,211,208,212,192,203,204,209,193,196,214]
/store/data/Run2024F/NoBPTX/RAW/v1/000/382/229/00000/f6f930d5-41b3-4b47-b6dd-4ee5ca5d5968.root 382229 [173,182,187,188,163,164,165,167,168,169,174,185,166,170,172,176,189,179,184,171,181,175,177,180,183,186,178]
/store/data/Run2024F/NoBPTX/RAW/v1/000/382/250/00000/016e9a30-5fd7-439a-9b49-7f9af222fd9c.root 382250 [474,471,476,473,470,478,472,475,477]
/store/data/Run2024F/NoBPTX/RAW/v1/000/382/250/00000/072e39c4-2342-4c3f-a559-48c27655c2d2.root 382250 [736,732,739,734,738,733,737,735]
/store/data/Run2024F/NoBPTX/RAW/v1/000/382/250/00000/081a1742-837e-4ee7-8eae-3cc6de0ed397.root 382250 [135,132,133,137,138,131,134,136,130,139,140,141]
/store/data/Run2024F/NoBPTX/RAW/v1/000/382/250/00000/09449a0a-d57b-4b34-abbb-e283a46f55b2.root 382250 [637,635,638,634,636,639,640,633]
/store/data/Run2024F/NoBPTX/RAW/v1/000/382/250/00000/0d48b397-8661-4ad5-8572-ccc4ee80bccf.root 382250 [846,841,842,844,848,849,850,845,843,847]
/store/data/Run2024F/NoBPTX/RAW/v1/000/382/250/00000/1565b86b-6b31-48d0-8d37-899a94e35930.root 382250 [225,224,228,229,231,223,230,226,227]
/store/data/Run2024F/NoBPTX/RAW/v1/000/382/250/00000/16822681-e3fc-41d2-ac6b-f5e9591a959d.root 382250 [405,407,411,409,404,406,410,403,408]
/store/data/Run2024F/NoBPTX/RAW/v1/000/382/250/00000/16ea4724-fb2f-45d6-85e6-0830b948e062.root 382250 [698,701,704,702,703,699,705,700]
/store/data/Run2024F/NoBPTX/RAW/v1/000/382/250/00000/17adfb6c-e6d0-4afb-80cc-6d129739379e.root 382250 [590,594,596,593,598,591,597,595,592]
/store/data/Run2024F/NoBPTX/RAW/v1/000/382/250/00000/18b5f69a-6cbd-4f88-b993-b4b81ee84cd2.root 382250 [296,295,297,293,294,292]
/store/data/Run2024F/NoBPTX/RAW/v1/000/382/250/00000/1ac32a3a-a84e-4f7e-96cd-c1ea19d13c10.root 382250 [618,624,617,623,622,619,620,621]
/store/data/Run2024F/NoBPTX/RAW/v1/000/382/250/00000/1f353bee-6e1d-4f69-b774-737ad6b2ef21.root 382250 [353,349,354,351,350,352]
/store/data/Run2024F/NoBPTX/RAW/v1/000/382/250/00000/20ad0039-9e03-4353-b333-988f3c9443be.root 382250 [334,341,335,338,339,342,336,337,340]
/store/data/Run2024F/NoBPTX/RAW/v1/000/382/250/00000/212414c4-04ee-4755-9cf9-ca3475cd1d36.root 382250 [562,568,563,564,565,566,560,561,567]
/store/data/Run2024F/NoBPTX/RAW/v1/000/382/250/00000/22dbe6f7-69d1-48c0-a226-7c3b790e2636.root 382250 [188,186,190,184,189,187,191,192,185]
/store/data/Run2024F/NoBPTX/RAW/v1/000/382/250/00000/244fe961-a106-42ce-a8b7-eb14d88f728c.root 382250 [270,271,277,275,276,272,273,274,278]
/store/data/Run2024F/NoBPTX/RAW/v1/000/382/250/00000/29813287-9b13-4428-b5c3-300a722065cc.root 382250 [645,646,643,647,648,644,641,642]
/store/data/Run2024F/NoBPTX/RAW/v1/000/382/250/00000/2c048ddf-1ba7-49f8-a190-fe3bd7347b59.root 382250 [924,922,927,934,920,929,932,921,925,935,937,926,930,933,936,919,931,923,928,938]
/store/data/Run2024F/NoBPTX/RAW/v1/000/382/250/00000/30e2ea82-7904-4f83-a698-673d2d76591d.root 382250 [551,555,553,559,554,557,552,556,558]
/store/data/Run2024F/NoBPTX/RAW/v1/000/382/250/00000/33db5ddf-f10f-4fdd-b1cb-c46b439e9986.root 382250 [500,502,504,503,506,505,507,501,508]
/store/data/Run2024F/NoBPTX/RAW/v1/000/382/250/00000/3486f415-9e33-4dca-b778-6962397dcb1c.root 382250 [649,650,651,652,653,654,655,656]
/store/data/Run2024F/NoBPTX/RAW/v1/000/382/250/00000/3583f591-e735-4c85-9999-f3048385aa8e.root 382250 [199,206,200,202,201,204,203,205,207]
/store/data/Run2024F/NoBPTX/RAW/v1/000/382/250/00000/3ae84a8a-112d-4684-b8ec-374ecac098d9.root 382250 [412,415,416,417,420,419,418,413,414]
/store/data/Run2024F/NoBPTX/RAW/v1/000/382/250/00000/3af65346-5d37-4464-ac44-25c88b84e7af.root 382250 [748,750,751,754,749,753,755,752]
/store/data/Run2024F/NoBPTX/RAW/v1/000/382/250/00000/3d5c6092-a1db-4fae-9eee-073a5f94e489.root 382250 [712,707,708,711,709,710,713,706]
/store/data/Run2024F/NoBPTX/RAW/v1/000/382/250/00000/3d6078ba-0f92-4bfe-b051-a7fe76e70369.root 382250 [322,316,318,324,317,319,323,320,321]
/store/data/Run2024F/NoBPTX/RAW/v1/000/382/250/00000/42cfe95d-256b-40f0-9f16-8dcfb612d268.root 382250 [93,106,108,94,96,98,90,91,99,101,95,102,103,104,105,92,97,100,107]
/store/data/Run2024F/NoBPTX/RAW/v1/000/382/250/00000/436c7bb4-d306-4797-ba5d-01fb0aac0c3d.root 382250 [232,236,235,237,234,233]
/store/data/Run2024F/NoBPTX/RAW/v1/000/382/250/00000/46a7602b-189a-4cf5-8c41-0fd28ecddb24.root 382250 [692,694,696,697,690,693,691,695]
/store/data/Run2024F/NoBPTX/RAW/v1/000/382/250/00000/479ff875-0583-4664-a355-c9102d26f089.root 382250 [355,360,362,357,356,359,363,358,361]
/store/data/Run2024F/NoBPTX/RAW/v1/000/382/250/00000/48676cbf-e644-4de0-96be-3cc1d85abb69.root 382250 [535,533,538,534,536,537]
/store/data/Run2024F/NoBPTX/RAW/v1/000/382/250/00000/4a7eee13-5e77-46fb-984d-53df91bac112.root 382250 [886,891,887,889,893,894,884,885,892,890,888,883]
/store/data/Run2024F/NoBPTX/RAW/v1/000/382/250/00000/4c65e323-14f1-4611-8802-e9530080112a.root 382250 [432,433,430,435,434,431,436,437,438]
/store/data/Run2024F/NoBPTX/RAW/v1/000/382/250/00000/4cdcc655-8167-4890-8a2f-1920a68a264e.root 382250 [211,209,210,213,208,212]
/store/data/Run2024F/NoBPTX/RAW/v1/000/382/250/00000/4f57a2a7-eac8-4614-b592-22eeedadddc4.root 382250 [291,288,290,286,289,287]
/store/data/Run2024F/NoBPTX/RAW/v1/000/382/250/00000/5106f00f-52f7-4304-8cfe-5055ba9d44f3.root 382250 [444,447,441,443,445,439,442,440,446]
/store/data/Run2024F/NoBPTX/RAW/v1/000/382/250/00000/565c7d62-7e88-44e8-a53e-90fd97027e50.root 382250 [764,772,773,765,766,768,769,771,767,770]
/store/data/Run2024F/NoBPTX/RAW/v1/000/382/250/00000/57f8ad3e-b3e8-4daa-ab0e-69db248c0742.root 382250 [570,573,572,569,571,574]
/store/data/Run2024F/NoBPTX/RAW/v1/000/382/250/00000/5857ce31-270a-427c-add5-f6a78ae03feb.root 382250 [154,153,156,152,155,150,151,157]
/store/data/Run2024F/NoBPTX/RAW/v1/000/382/250/00000/585e9c95-79fd-42cf-8609-ade6ef232626.root 382250 [395,396,393,394,391,392]
/store/data/Run2024F/NoBPTX/RAW/v1/000/382/250/00000/5ac6203f-1194-4e81-9bb3-bc72bb6c017f.root 382250 [874,877,880,876,878,879,871,873,881,882,872,875]
/store/data/Run2024F/NoBPTX/RAW/v1/000/382/250/00000/5bda2f86-6f0a-4d43-b0b0-f9319c3f5ee7.root 382250 [114,128,129,110,113,119,124,126,111,115,116,125,117,127,118,121,122,109,112,120,123]
/store/data/Run2024F/NoBPTX/RAW/v1/000/382/250/00000/606420d5-0811-4cb5-ab00-5c4bc46ced72.root 382250 [9,21,22,23,26,27,43,49,50,53,54,5,6,19,20,39,41,42,44,48,61,24,36,45,3,10,12,14,29,30,31,38,47,59,1,25,46,56,7,8,13,28,34,35,51,57,11,17,18,33,37,55,58,2,4,15,16,32,40,52,60]
/store/data/Run2024F/NoBPTX/RAW/v1/000/382/250/00000/65b584f5-153e-46a6-9e0f-c5be6b7b90d1.root 382250 [783,789,782,785,786,784,788,787]
/store/data/Run2024F/NoBPTX/RAW/v1/000/382/250/00000/661f7f26-9f90-45e8-b232-c6fbe83ee41b.root 382250 [499,495,497,496,491,494,498,492,493]
/store/data/Run2024F/NoBPTX/RAW/v1/000/382/250/00000/689c28e1-298a-427b-83bd-908ff5b5b539.root 382250 [851,853,852,860,855,857,859,856,854,858]
/store/data/Run2024F/NoBPTX/RAW/v1/000/382/250/00000/6a646851-3191-475f-9940-e658b3ebc4ea.root 382250 [628,632,625,630,627,629,631,626]
/store/data/Run2024F/NoBPTX/RAW/v1/000/382/250/00000/6a9ae88f-13ab-4ca0-91d7-a35480eb386e.root 382250 [678,673,674,676,675,677,679,680]
/store/data/Run2024F/NoBPTX/RAW/v1/000/382/250/00000/6ac6f052-da41-452c-9317-55a23fd8041b.root 382250 [524,525,526,521,519,520,522,518,523]
/store/data/Run2024F/NoBPTX/RAW/v1/000/382/250/00000/6ddd475f-f42c-4370-b7b6-7ab84ceed6ba.root 382250 [238,242,241,243,239,240]
/store/data/Run2024F/NoBPTX/RAW/v1/000/382/250/00000/70050d7c-db25-42ed-abac-f0bdbba44fd5.root 382250 [176,179,181,175,177,183,178,182,180]
/store/data/Run2024F/NoBPTX/RAW/v1/000/382/250/00000/7101ddf6-67ea-4dc8-b0f4-03b669136002.root 382250 [913,914,917,910,911,915,907,908,909,912,916,918]
/store/data/Run2024F/NoBPTX/RAW/v1/000/382/250/00000/74059f93-ec0e-4571-ba7b-e1bff3af65b1.root 382250 [421,429,422,424,425,426,427,428,423]
/store/data/Run2024F/NoBPTX/RAW/v1/000/382/250/00000/75be2053-a58c-4dd1-8a55-39438998510d.root 382250 [658,660,664,659,657,661,663,662]
/store/data/Run2024F/NoBPTX/RAW/v1/000/382/250/00000/766cf983-2bcb-47cc-b4c2-4bef53ac9a5f.root 382250 [543,540,542,544,541,539]
/store/data/Run2024F/NoBPTX/RAW/v1/000/382/250/00000/79c5e8cb-7583-4c59-941c-dd94514f8138.root 382250 [343,344,346,348,345,347]
/store/data/Run2024F/NoBPTX/RAW/v1/000/382/250/00000/7ad0222f-c712-4332-ae9d-edfae95b08e4.root 382250 [265,266,263,264,267,262,268]
/store/data/Run2024F/NoBPTX/RAW/v1/000/382/250/00000/806d8a02-93f5-4d68-98f5-084862908ca8.root 382250 [372,364,368,370,365,366,371,367,369]
/store/data/Run2024F/NoBPTX/RAW/v1/000/382/250/00000/87619c9c-980a-4ddb-8bf5-9a59b0482db7.root 382250 [160,164,161,158,159,165,162,163]
/store/data/Run2024F/NoBPTX/RAW/v1/000/382/250/00000/880e2cd6-0dfd-4a6c-86a1-fd2d5d38314f.root 382250 [779,778,780,781,774,775,776,777]
/store/data/Run2024F/NoBPTX/RAW/v1/000/382/250/00000/9122f0ac-9b4f-4c34-9dcc-f444f2bb1712.root 382250 [220,222,216,221,219,214,217,218,215]
/store/data/Run2024F/NoBPTX/RAW/v1/000/382/250/00000/92f19166-a4e5-441c-b5ee-5c24f6fb421e.root 382250 [257,254,258,259,260,261,253,255,256]
/store/data/Run2024F/NoBPTX/RAW/v1/000/382/250/00000/93060e45-408d-42e9-b3c7-3f3fcb8b3a86.root 382250 [282,284,281,279,280,283,285]
/store/data/Run2024F/NoBPTX/RAW/v1/000/382/250/00000/967b949f-fd75-4658-943c-ab53c914ac6d.root 382250 [374,380,376,378,381,375,379,373,377]
/store/data/Run2024F/NoBPTX/RAW/v1/000/382/250/00000/9874b073-044d-4a7a-b65c-4be5b46e60e8.root 382250 [169,170,174,172,173,166,171,168,167]
/store/data/Run2024F/NoBPTX/RAW/v1/000/382/250/00000/9a92822c-110a-4daa-b57b-692c83e80c2a.root 382250 [665,668,671,669,670,666,667,672]
/store/data/Run2024F/NoBPTX/RAW/v1/000/382/250/00000/a1b2288b-4550-4cc2-8e28-ee0e6dbeb05b.root 382250 [298,303,304,306,300,299,301,302,305]
/store/data/Run2024F/NoBPTX/RAW/v1/000/382/250/00000/a6425870-916d-44dd-af1c-e435b7396f5b.root 382250 [530,531,529,532,527,528]
/store/data/Run2024F/NoBPTX/RAW/v1/000/382/250/00000/a9f6e8d9-fd41-4a0b-b4a5-ac8b0a4f6339.root 382250 [758,759,762,757,761,760,756,763]
/store/data/Run2024F/NoBPTX/RAW/v1/000/382/250/00000/aa81c2a3-f078-4388-8dc0-4044be62be92.root 382250 [793,797,798,790,791,792,799,795,796,794]
/store/data/Run2024F/NoBPTX/RAW/v1/000/382/250/00000/ab11adb1-7046-40d4-aa5e-69b5d4c04d75.root 382250 [820,814,817,812,813,815,818,811,819,816]
/store/data/Run2024F/NoBPTX/RAW/v1/000/382/250/00000/b14d5fb0-e94d-4353-817c-d597a4f83c03.root 382250 [329,328,327,330,332,333,326,331,325]
/store/data/Run2024F/NoBPTX/RAW/v1/000/382/250/00000/b40aa2cb-d0df-49d8-8435-8b953d2940af.root 382250 [808,801,809,810,800,807,804,805,802,803,806]
/store/data/Run2024F/NoBPTX/RAW/v1/000/382/250/00000/be6b57a7-a379-45b6-a5e2-854ec5d6135a.root 382250 [399,398,402,401,397,400]
/store/data/Run2024F/NoBPTX/RAW/v1/000/382/250/00000/bec5429b-58f5-4484-9c70-afdbf9fdf21c.root 382250 [585,588,586,587,584,589]
/store/data/Run2024F/NoBPTX/RAW/v1/000/382/250/00000/c4b5ed03-c6da-4e91-b3ac-f8196f2630b5.root 382250 [482,484,480,481,479,483]
/store/data/Run2024F/NoBPTX/RAW/v1/000/382/250/00000/c5bc617f-d9fe-4315-ae08-47365e9003fb.root 382250 [899,895,900,901,904,896,897,902,905,906,898,903]
/store/data/Run2024F/NoBPTX/RAW/v1/000/382/250/00000/c7ca283a-54a8-4262-bab9-4beefc5cadd2.root 382250 [579,581,583,578,576,582,575,580,577]
/store/data/Run2024F/NoBPTX/RAW/v1/000/382/250/00000/c90dd7c7-92eb-4d93-bfd8-cf3aa2611fd4.root 382250 [867,863,864,868,861,869,862,865,866,870]
/store/data/Run2024F/NoBPTX/RAW/v1/000/382/250/00000/cc9cc707-fa47-45d2-a181-1e455320132a.root 382250 [77,87,68,74,85,64,66,70,75,80,86,88,65,69,73,82,76,78,62,81,63,67,71,79,83,72,84,89]
/store/data/Run2024F/NoBPTX/RAW/v1/000/382/250/00000/cfcc4675-5e6c-4946-9897-b97439c7ac61.root 382250 [615,613,609,610,611,608,614,612,616]
/store/data/Run2024F/NoBPTX/RAW/v1/000/382/250/00000/d016245d-e9e0-4b1b-b21d-b7752b48e313.root 382250 [546,547,550,549,548,545]
/store/data/Run2024F/NoBPTX/RAW/v1/000/382/250/00000/d04b90a7-01f2-4494-a05d-71e19a696847.root 382250 [681,684,685,687,689,682,686,683,688]
/store/data/Run2024F/NoBPTX/RAW/v1/000/382/250/00000/d0cba81a-3b8b-4df6-be33-b6b536df54bd.root 382250 [511,513,515,512,516,509,517,510,514]
/store/data/Run2024F/NoBPTX/RAW/v1/000/382/250/00000/d427850d-57a6-464a-bdb0-792663115182.root 382250 [718,719,714,721,717,716,722,720,723,715]
/store/data/Run2024F/NoBPTX/RAW/v1/000/382/250/00000/d55582bf-c0d8-49f2-b2e9-8fb074061fba.root 382250 [831,834,837,835,839,836,838,832,840,833]
/store/data/Run2024F/NoBPTX/RAW/v1/000/382/250/00000/d58b7898-ba4c-4d69-abc4-ab873fc2a834.root 382250 [195,196,193,194,198,197]
/store/data/Run2024F/NoBPTX/RAW/v1/000/382/250/00000/da5e7ba9-c503-4d7d-a08b-c9623937349c.root 382250 [485,487,489,488,490,486]
/store/data/Run2024F/NoBPTX/RAW/v1/000/382/250/00000/e0320843-7bb1-4b77-b082-29f8eb71a7b6.root 382250 [822,826,823,827,830,824,825,828,821,829]
/store/data/Run2024F/NoBPTX/RAW/v1/000/382/250/00000/e07b10e8-8b29-4f4c-8a12-44899a12150a.root 382250 [607,599,600,601,603,602,604,605,606]
/store/data/Run2024F/NoBPTX/RAW/v1/000/382/250/00000/e7febd16-6bb7-4922-a8cf-e40c45f2bb79.root 382250 [307,310,308,309,311,315,314,312,313]
/store/data/Run2024F/NoBPTX/RAW/v1/000/382/250/00000/e8108caf-4e06-4a0c-8ee4-9b9244b6599a.root 382250 [743,746,740,744,742,745,747,741]
/store/data/Run2024F/NoBPTX/RAW/v1/000/382/250/00000/eae58631-ee17-496c-ba13-69eeeb94d32d.root 382250 [728,731,725,726,724,727,729,730]
/store/data/Run2024F/NoBPTX/RAW/v1/000/382/250/00000/ee4ed591-2f9c-4de6-aaf2-39114b6d61c8.root 382250 [459,461,462,457,456,455,463,454,458,460]
/store/data/Run2024F/NoBPTX/RAW/v1/000/382/250/00000/f47edd11-c00d-4c72-84ba-95fb4d1eb6f4.root 382250 [453,450,452,449,451,448]
/store/data/Run2024F/NoBPTX/RAW/v1/000/382/250/00000/f6ed21db-8dbb-4614-bedc-2152d8a193f0.root 382250 [149,143,148,144,145,142,146,147]
/store/data/Run2024F/NoBPTX/RAW/v1/000/382/250/00000/f8ebb962-d1ba-4520-9e4f-6ad1c6829428.root 382250 [469,465,468,467,464,466]
/store/data/Run2024F/NoBPTX/RAW/v1/000/382/250/00000/fb97a61d-0339-4fa8-b42a-4e73535eccee.root 382250 [382,386,388,385,389,384,387,390,383]
/store/data/Run2024F/NoBPTX/RAW/v1/000/382/250/00000/fe544511-cbf1-4e04-924e-27d35f1d3cc0.root 382250 [252,250,245,247,248,246,249,251,244]
