/store/data/Run2018A/MuonEG/MINIAOD/17Sep2018-v1/00000/02239447-0679-4644-84E2-3727E83BD7CE.root [299,298,301,303,302,300]
/store/data/Run2018A/MuonEG/MINIAOD/17Sep2018-v1/00000/074AE7A8-AF66-0F47-AC19-36D8BD4916C7.root [95,123,124,125,92,122,94,121,91,93,120,90]
/store/data/Run2018A/MuonEG/MINIAOD/17Sep2018-v1/00000/079F9AA5-A106-5545-A110-2655DE7DCC93.root [292,294,295,297,296,293]
/store/data/Run2018A/MuonEG/MINIAOD/17Sep2018-v1/00000/13E986D3-2AFC-7940-9DFA-234614BCB119.root [353,354,355,358,356,357]
/store/data/Run2018A/MuonEG/MINIAOD/17Sep2018-v1/00000/2FF6ACBA-C340-784C-94FC-3CB238FA5F15.root [678,684,43,44,47,74,77,679,681,683,46,48,75,45,76,78,73,680,682]
/store/data/Run2018A/MuonEG/MINIAOD/17Sep2018-v1/00000/3AFD196D-C12E-E649-A80C-D4B55CF55D23.root [304,257,260,305,364,256,307,362,363,258,259,261,306,308,359,360,309,361]
/store/data/Run2018A/MuonEG/MINIAOD/17Sep2018-v1/00000/3C1CB63A-6710-2040-A422-8A56C59CAECC.root [703,702]
/store/data/Run2018A/MuonEG/MINIAOD/17Sep2018-v1/00000/4A9528F5-0A74-5347-97A8-329B3FDAC462.root [4,3,1,5,6,2]
/store/data/Run2018A/MuonEG/MINIAOD/17Sep2018-v1/00000/4FD98546-45C8-3548-A403-7001D958937E.root [269,179,270,177,255,175,178,268,180,253,176,254]
/store/data/Run2018A/MuonEG/MINIAOD/17Sep2018-v1/00000/547B5047-F5FA-2F45-86B1-AD9C5CA4BA07.root [378,381,382,380,383,377,379]
/store/data/Run2018A/MuonEG/MINIAOD/17Sep2018-v1/00000/61F87B3B-5FFA-FE4B-B4CB-D64F0664E153.root [28,151,161,162,171,193,196,197,232,311,312,327,27,147,153,173,174,233,234,332,335,404,146,149,170,231,331,333,401,25,148,172,195,399,403,194,330,398,152,169,192,230,326,328,336,24,26,145,160,217,329,400,29,150,334,337,402]
/store/data/Run2018A/MuonEG/MINIAOD/17Sep2018-v1/00000/816804C1-66DB-5047-9ED1-E8B1BC002D53.root [190,186,191,188,187,189]
/store/data/Run2018A/MuonEG/MINIAOD/17Sep2018-v1/00000/841672F6-D992-2140-80FC-5D017A83ECF8.root [369,267,365,367,368,265,370,266,366,262,263,264]
/store/data/Run2018A/MuonEG/MINIAOD/17Sep2018-v1/00000/8F8CA537-8105-9A4C-8BC8-3CCB964904B6.root [20,31,49,58,127,17,30,35,54,59,129,158,315,16,212,213,314,319,33,50,157,159,318,13,34,36,37,41,51,53,130,132,154,216,19,38,39,40,55,57,131,215,18,21,23,32,52,316,14,15,22,42,56,64,126,155,156,211,214,313,317]
/store/data/Run2018A/MuonEG/MINIAOD/17Sep2018-v1/00000/90CFAEAF-A8BE-6E44-95E7-523A3079C878.root [81,128,181,203,205,210,219,236,281,282,322,340,344,371,387,417,422,445,447,450,462,469,479,490,491,493,498,511,533,542,547,553,556,578,586,603,604,616,79,86,89,110,135,136,166,168,202,222,246,248,274,284,341,342,347,348,352,373,375,376,410,436,456,474,478,489,492,506,514,536,544,546,551,574,575,583,605,632,60,70,80,83,88,104,105,137,200,201,207,221,223,238,241,244,249,275,276,283,287,289,325,349,384,437,438,444,455,466,476,497,534,537,573,577,607,631,634,68,71,99,106,113,138,183,185,237,271,290,338,388,405,409,418,419,421,431,434,439,467,470,475,481,507,509,512,552,557,615,629,62,69,100,133,134,167,209,239,243,245,272,323,324,385,386,389,407,416,432,441,453,457,510,545,580,601,602,606,617,618,628,630,61,84,85,96,97,98,107,108,184,204,218,220,251,252,277,279,286,288,310,321,339,346,351,372,374,406,420,440,443,458,459,461,463,468,471,472,496,513,515,516,532,535,538,539,554,582,72,82,101,102,112,164,165,198,206,208,235,247,250,278,285,291,320,345,408,433,442,446,454,460,473,477,480,540,549,576,579,584,620,63,65,66,67,87,103,109,111,163,182,199,240,242,273,280,343,350,390,423,435,451,452,464,465,494,495,508,531,541,543,548,550,555,558,581,585,619,621,633]
/store/data/Run2018A/MuonEG/MINIAOD/17Sep2018-v1/00000/A8706929-BEB1-DA40-9655-89782FAC85D2.root [139,140,143,141,142,144]
/store/data/Run2018A/MuonEG/MINIAOD/17Sep2018-v1/00000/A9A4250E-2A04-6A4D-9067-BB6B9CC9925B.root [117,485,487,115,118,483,482,484,114,116,119,488,486]
/store/data/Run2018A/MuonEG/MINIAOD/17Sep2018-v1/00000/ACB8E38B-71EE-9647-85AB-95F1E428D15E.root [12,11,7,10,8,9]
/store/data/Run2018A/MuonEG/MINIAOD/17Sep2018-v1/00000/DDBE73EC-C8A3-4246-A794-DF821BF4E963.root [224,226,228,229,227,225]
/store/data/Run2018A/MuonEG/MINIAOD/17Sep2018-v1/00000/F95DEC21-6C0E-884C-8FFC-3B938728BAFF.root [395,502,503,525,562,564,588,591,596,611,613,646,655,685,687,694,392,397,430,520,567,570,571,589,614,647,662,669,670,696,396,519,566,590,595,610,626,635,640,652,667,675,677,705,412,413,425,426,518,529,565,587,599,623,624,668,672,688,695,709,411,415,424,429,517,530,561,569,572,592,593,622,637,653,656,660,661,394,391,414,428,448,499,501,526,527,559,563,598,625,636,638,642,643,650,664,666,671,673,686,691,692,698,701,704,449,560,568,597,608,627,639,641,644,645,648,654,657,658,665,674,689,690,693,697,699,706,707,393,427,500,504,505,521,522,523,524,528,594,600,609,612,649,651,659,663,676,700,708]
