/store/data/Run2024F/ParkingHH/RAW/v1/000/382/229/00000/0522ba8c-fd30-42da-a08d-a907a720b1ba.root 382229 [228,230,229,231,232]
/store/data/Run2024F/ParkingHH/RAW/v1/000/382/229/00000/0622a140-bd29-4a1c-9439-27b9f9c011b3.root 382229 [47,44,48,45,46]
/store/data/Run2024F/ParkingHH/RAW/v1/000/382/229/00000/076d47fc-d1cc-461a-bce1-56954e261cb9.root 382229 [278,279,280,281,282]
/store/data/Run2024F/ParkingHH/RAW/v1/000/382/229/00000/07d358ca-695a-4328-be4c-f6613a3cfd79.root 382229 [220,221,222,218,219]
/store/data/Run2024F/ParkingHH/RAW/v1/000/382/229/00000/091b3b15-0149-4538-9321-5a9107cce888.root 382229 [42,40,43,39,41,38]
/store/data/Run2024F/ParkingHH/RAW/v1/000/382/229/00000/0cac4471-e9e4-4beb-906c-35a6ac117cab.root 382229 [239,240,241,238,242]
/store/data/Run2024F/ParkingHH/RAW/v1/000/382/229/00000/0daa4f34-baf3-4d48-a8ed-8971651c12b1.root 382229 [113,116,114,115,117]
/store/data/Run2024F/ParkingHH/RAW/v1/000/382/229/00000/11b9c984-650b-4bfd-b04e-f151d1bd57a3.root 382229 [163,165,166,164,167]
/store/data/Run2024F/ParkingHH/RAW/v1/000/382/229/00000/147cf81b-8224-4580-a7a7-e8f7caf5ffa2.root 382229 [104,107,103,105,106]
/store/data/Run2024F/ParkingHH/RAW/v1/000/382/229/00000/155f1e34-ec69-4b5b-80a4-18be143cd75c.root 382229 [140,141,139,142,138]
/store/data/Run2024F/ParkingHH/RAW/v1/000/382/229/00000/163c11a3-d631-4c23-9715-3c86ce5bbc71.root 382229 [130,132,128,129,131]
/store/data/Run2024F/ParkingHH/RAW/v1/000/382/229/00000/1937fbf1-7e49-42be-92ac-384a3f3b2df9.root 382229 [126,124,125,127,123]
/store/data/Run2024F/ParkingHH/RAW/v1/000/382/229/00000/228391dc-e6ce-430a-90ac-5a5be77a877f.root 382229 [250,252,251,249,248]
/store/data/Run2024F/ParkingHH/RAW/v1/000/382/229/00000/24422a8d-316d-4da6-888b-1ff7fb3afe6e.root 382229 [235,233,234,236,237]
/store/data/Run2024F/ParkingHH/RAW/v1/000/382/229/00000/2cbd16b0-7686-423a-b7dd-6c5ddb03b52d.root 382229 [118,120,121,119,122]
/store/data/Run2024F/ParkingHH/RAW/v1/000/382/229/00000/2e3bce04-9bce-446b-9037-dc53558ebc9a.root 382229 [299,298,300,301,302]
/store/data/Run2024F/ParkingHH/RAW/v1/000/382/229/00000/3aa6c1d8-f233-4f29-9c55-e4f03d3aeb72.root 382229 [134,137,135,136,133]
/store/data/Run2024F/ParkingHH/RAW/v1/000/382/229/00000/3ab3594f-8bce-4508-8ab4-c10a2e85433a.root 382229 [179,178,180,181,182]
/store/data/Run2024F/ParkingHH/RAW/v1/000/382/229/00000/3ff1efe3-e56c-40e1-86c8-0ced661de33a.root 382229 [177,176,173,174,175]
/store/data/Run2024F/ParkingHH/RAW/v1/000/382/229/00000/41fa07b7-44ff-4159-974d-4ae8898b7c60.root 382229 [80,84,82,83,79,81]
/store/data/Run2024F/ParkingHH/RAW/v1/000/382/229/00000/42f690c7-68cc-4bc6-b599-8311d8f1a99c.root 382229 [20,22,21,18,19]
/store/data/Run2024F/ParkingHH/RAW/v1/000/382/229/00000/44af7688-537f-4c56-a88c-668a1bd2cd49.root 382229 [68,70,71,67,72,69]
/store/data/Run2024F/ParkingHH/RAW/v1/000/382/229/00000/4514e54e-97c9-4a59-a022-5726cf1cd3f4.root 382229 [268,271,270,269,272]
/store/data/Run2024F/ParkingHH/RAW/v1/000/382/229/00000/4f81fee1-6531-42ed-9867-fff4ade53411.root 382229 [89,90,87,91,86,85,88]
/store/data/Run2024F/ParkingHH/RAW/v1/000/382/229/00000/52cf4f86-2bb0-430d-8483-fa52632bac17.root 382229 [223,224,225,226,227]
/store/data/Run2024F/ParkingHH/RAW/v1/000/382/229/00000/56756e0e-e0a9-4ebf-ae54-6c4cbbd9ece3.root 382229 [306,303,307,304,305]
/store/data/Run2024F/ParkingHH/RAW/v1/000/382/229/00000/5be8a8b8-c2c6-4a2f-b5ed-bdb797906ac6.root 382229 [206,205,207,204,203]
/store/data/Run2024F/ParkingHH/RAW/v1/000/382/229/00000/6b32efb5-c52c-4031-be5f-eb5a67b90506.root 382229 [52,54,50,53,49,51]
/store/data/Run2024F/ParkingHH/RAW/v1/000/382/229/00000/6ee1e8aa-4cc1-478f-a044-bbefd5dd8265.root 382229 [145,146,143,147,144]
/store/data/Run2024F/ParkingHH/RAW/v1/000/382/229/00000/752b66eb-909d-44ea-8d0a-74c0ae379678.root 382229 [148,149,152,150,151]
/store/data/Run2024F/ParkingHH/RAW/v1/000/382/229/00000/76ef7fc4-b70f-4982-9317-fb1b1d47419e.root 382229 [285,283,286,287,284]
/store/data/Run2024F/ParkingHH/RAW/v1/000/382/229/00000/78fdd90a-50b4-4000-884a-0611d48bfd9d.root 382229 [319,315,317,318,320,313,314,316]
/store/data/Run2024F/ParkingHH/RAW/v1/000/382/229/00000/7cdd9985-ffe9-4272-ac5d-414319022a54.root 382229 [308,309,311,312,310]
/store/data/Run2024F/ParkingHH/RAW/v1/000/382/229/00000/83b6b3f6-dfb4-4b3b-b495-82ab18bdc87c.root 382229 [255,256,257,253,254]
/store/data/Run2024F/ParkingHH/RAW/v1/000/382/229/00000/8b2b9e20-24f4-4a4e-93aa-674cd619e1e6.root 382229 [109,110,112,108,111]
/store/data/Run2024F/ParkingHH/RAW/v1/000/382/229/00000/9369bc3f-a542-41a8-a963-cfb841c3a2db.root 382229 [194,196,197,193,195]
/store/data/Run2024F/ParkingHH/RAW/v1/000/382/229/00000/980c6937-bd44-46f4-bd89-00c70fe79358.root 382229 [154,156,155,153,157]
/store/data/Run2024F/ParkingHH/RAW/v1/000/382/229/00000/9f7f190b-7a4e-4331-bd9d-46a4780c4e55.root 382229 [208,212,209,210,211]
/store/data/Run2024F/ParkingHH/RAW/v1/000/382/229/00000/a5a33f3a-ed6b-4c47-9e1d-c17ba60c03ce.root 382229 [168,171,172,169,170]
/store/data/Run2024F/ParkingHH/RAW/v1/000/382/229/00000/a5ff6bcd-149c-4fcb-a9cb-7d4b5c358a08.root 382229 [183,184,187,186,185]
/store/data/Run2024F/ParkingHH/RAW/v1/000/382/229/00000/a8574852-45e3-4512-a3f5-ea01fd119309.root 382229 [56,58,60,59,55,57]
/store/data/Run2024F/ParkingHH/RAW/v1/000/382/229/00000/af1a894a-cdd2-4b82-94c4-a9bf9059b72b.root 382229 [259,262,260,261,258]
/store/data/Run2024F/ParkingHH/RAW/v1/000/382/229/00000/af7f07b0-64d9-44d0-b12c-2f826a864e35.root 382229 [61,63,66,62,64,65]
/store/data/Run2024F/ParkingHH/RAW/v1/000/382/229/00000/b6fd3f95-ab44-445f-af78-6a5f3afcf64b.root 382229 [73,76,77,74,75,78]
/store/data/Run2024F/ParkingHH/RAW/v1/000/382/229/00000/bce5b48c-0a3c-49b1-811a-ec49c99fd343.root 382229 [293,295,297,294,296]
/store/data/Run2024F/ParkingHH/RAW/v1/000/382/229/00000/c645d7cf-8bf0-4511-90bf-0aa7d92860e9.root 382229 [2,1,4,5,3]
/store/data/Run2024F/ParkingHH/RAW/v1/000/382/229/00000/c80172e6-bbfd-4287-a09f-b8fbc415bfe3.root 382229 [243,245,247,246,244]
/store/data/Run2024F/ParkingHH/RAW/v1/000/382/229/00000/cbe11c95-0706-4392-a4cc-508cdbbb00ac.root 382229 [102,101,100,98,99]
/store/data/Run2024F/ParkingHH/RAW/v1/000/382/229/00000/cfce2c83-e945-4cc1-9b02-9d078402f898.root 382229 [162,160,161,158,159]
/store/data/Run2024F/ParkingHH/RAW/v1/000/382/229/00000/dad9ccdf-646a-47b7-88ab-4fd6eda4d324.root 382229 [29,32,30,28,31]
/store/data/Run2024F/ParkingHH/RAW/v1/000/382/229/00000/def82eac-5590-4200-832a-47520b5fcc25.root 382229 [217,216,213,214,215]
/store/data/Run2024F/ParkingHH/RAW/v1/000/382/229/00000/e751dd27-9d79-4ad0-bc23-4f72a92f7692.root 382229 [35,34,36,33,37]
/store/data/Run2024F/ParkingHH/RAW/v1/000/382/229/00000/ea5edaea-3443-4ae7-87bd-ab33016f85b2.root 382229 [290,288,292,289,291]
/store/data/Run2024F/ParkingHH/RAW/v1/000/382/229/00000/eb14f51c-225f-4e6a-8dc2-3111163c1c09.root 382229 [6,8,9,7]
/store/data/Run2024F/ParkingHH/RAW/v1/000/382/229/00000/ebfe770c-00b8-412e-bdf1-4c2264a469c4.root 382229 [188,191,192,189,190]
/store/data/Run2024F/ParkingHH/RAW/v1/000/382/229/00000/ed3366b5-63e4-4d55-bfca-40a6d149e935.root 382229 [277,275,273,274,276]
/store/data/Run2024F/ParkingHH/RAW/v1/000/382/229/00000/eda1638b-e65c-45ef-bda7-c58b2a320fc3.root 382229 [202,200,198,199,201]
/store/data/Run2024F/ParkingHH/RAW/v1/000/382/229/00000/f0bc2d03-bb33-4a5e-8ef6-2c75670a5861.root 382229 [25,26,24,27,23]
/store/data/Run2024F/ParkingHH/RAW/v1/000/382/229/00000/f386e290-22b5-48bf-be0f-3e98c588ca25.root 382229 [95,97,96,92,93,94]
/store/data/Run2024F/ParkingHH/RAW/v1/000/382/229/00000/febcaa1a-b935-433a-8674-fb6c53f7c07d.root 382229 [263,266,264,265,267]
