/store/data/Run2024F/Muon0/RAW/v1/000/382/229/00000/02c87253-3b22-47ed-a947-284fcb2d1f99.root 382229 [256,258,257,261,259,260]
/store/data/Run2024F/Muon0/RAW/v1/000/382/229/00000/02d4ed23-7cbf-4996-9735-48b9c7e1935e.root 382229 [38,36,39,35,37,40]
/store/data/Run2024F/Muon0/RAW/v1/000/382/229/00000/0696cd35-45b7-4f72-bb17-d8210804b195.root 382229 [153,152,154,155,156]
/store/data/Run2024F/Muon0/RAW/v1/000/382/229/00000/22fd731e-1831-4d97-b70b-a62154db4a74.root 382229 [165,166,164,162,163]
/store/data/Run2024F/Muon0/RAW/v1/000/382/229/00000/2cd6ea82-9d45-4847-b89f-0f43d0486b8f.root 382229 [219,220,222,221,218]
/store/data/Run2024F/Muon0/RAW/v1/000/382/229/00000/30d984e6-1c3b-43df-9292-59573324f085.root 382229 [98,99,100,96,95,97]
/store/data/Run2024F/Muon0/RAW/v1/000/382/229/00000/32dd67b9-01d7-484a-b0fc-780f07639d49.root 382229 [320,323,321,322]
/store/data/Run2024F/Muon0/RAW/v1/000/382/229/00000/3692499f-7173-4dc2-855d-cc055cb3ab05.root 382229 [212,213,215,216,217,214]
/store/data/Run2024F/Muon0/RAW/v1/000/382/229/00000/3cb3a44e-72e8-4cac-b35d-6ee81cbc49c6.root 382229 [18,21,22,23,19,20]
/store/data/Run2024F/Muon0/RAW/v1/000/382/229/00000/3ccbe4db-0390-4691-8b3a-bf1bd4107d62.root 382229 [133,132,129,130,131,134]
/store/data/Run2024F/Muon0/RAW/v1/000/382/229/00000/4cd154a9-bc7e-4d62-9504-35ab319c5534.root 382229 [310,313,311,314,316,315,318,312,309,317,319]
/store/data/Run2024F/Muon0/RAW/v1/000/382/229/00000/4fbc91e1-b994-4aca-9d4c-e0b7764a59ef.root 382229 [85,83,84,87,81,86,82]
/store/data/Run2024F/Muon0/RAW/v1/000/382/229/00000/50a61489-a3da-4254-b3be-084947405034.root 382229 [223,227,224,225,226]
/store/data/Run2024F/Muon0/RAW/v1/000/382/229/00000/56f371c2-5c89-4b54-9f34-c0f3c1338b8d.root 382229 [271,268,269,270,267]
/store/data/Run2024F/Muon0/RAW/v1/000/382/229/00000/58bcd5d2-769e-453e-9652-19ff67e0ff0a.root 382229 [186,188,184,185,187]
/store/data/Run2024F/Muon0/RAW/v1/000/382/229/00000/5a72ee51-60c0-4f94-842c-7095b7fc4174.root 382229 [293,295,294,296,297]
/store/data/Run2024F/Muon0/RAW/v1/000/382/229/00000/6148f669-ee49-42db-b515-20e4894662d1.root 382229 [236,235,234,237,233]
/store/data/Run2024F/Muon0/RAW/v1/000/382/229/00000/66ff464d-5b07-4520-a6ca-ee57fec001da.root 382229 [89,92,93,90,94,88,91]
/store/data/Run2024F/Muon0/RAW/v1/000/382/229/00000/67b88a42-4e0b-428d-9975-1bd169dfa3b6.root 382229 [192,189,190,191,193]
/store/data/Run2024F/Muon0/RAW/v1/000/382/229/00000/745635f2-1c15-49db-946d-bf33438a8637.root 382229 [169,171,167,168,170,172]
/store/data/Run2024F/Muon0/RAW/v1/000/382/229/00000/76890e73-3fc5-4600-b008-c4b4cad049ca.root 382229 [230,232,228,231,229]
/store/data/Run2024F/Muon0/RAW/v1/000/382/229/00000/7c7048a7-c75f-4865-a5fe-3c07f9736334.root 382229 [47,52,48,51,50,49]
/store/data/Run2024F/Muon0/RAW/v1/000/382/229/00000/7fd5aec4-07b0-4094-856c-6b9604738c41.root 382229 [274,275,272,273,277,276]
/store/data/Run2024F/Muon0/RAW/v1/000/382/229/00000/87872a31-e417-4109-8e2b-8179c7174feb.root 382229 [200,202,201,203,204,205]
/store/data/Run2024F/Muon0/RAW/v1/000/382/229/00000/88a795ab-3a21-46a6-87ae-9124236a3d9f.root 382229 [299,300,298,302,301]
/store/data/Run2024F/Muon0/RAW/v1/000/382/229/00000/895127d1-4b40-4b89-a887-331ac79d0aaf.root 382229 [127,125,123,126,128,124]
/store/data/Run2024F/Muon0/RAW/v1/000/382/229/00000/95b0bac7-d282-4fd3-bd60-91c9b8f2edd0.root 382229 [143,141,144,145,146,142]
/store/data/Run2024F/Muon0/RAW/v1/000/382/229/00000/9995c128-4fe2-470f-9fb8-8c301d3746b6.root 382229 [197,195,198,199,194,196]
/store/data/Run2024F/Muon0/RAW/v1/000/382/229/00000/a62251db-a577-4ffc-bb00-8f76f0dbf64a.root 382229 [265,266,264,263,262]
/store/data/Run2024F/Muon0/RAW/v1/000/382/229/00000/a8a3d6a0-6524-4102-b8f1-7ade4ce6d8d5.root 382229 [307,303,305,304,308,306]
/store/data/Run2024F/Muon0/RAW/v1/000/382/229/00000/ae91b748-b3d1-4ee7-8779-16868d37de1d.root 382229 [103,104,105,102,101]
/store/data/Run2024F/Muon0/RAW/v1/000/382/229/00000/b176bb48-9b86-4d17-8a6b-65c46adb59d2.root 382229 [8,6,9,7]
/store/data/Run2024F/Muon0/RAW/v1/000/382/229/00000/b3aaeebe-de35-4fb3-89ae-61bbd2e91f7a.root 382229 [246,248,249,247,244,245]
/store/data/Run2024F/Muon0/RAW/v1/000/382/229/00000/b58609b1-328d-417b-a387-ae835cde1575.root 382229 [118,120,121,122,119]
/store/data/Run2024F/Muon0/RAW/v1/000/382/229/00000/b75f6e4b-3935-4513-b09e-c95947e11dff.root 382229 [173,174,178,177,176,175]
/store/data/Run2024F/Muon0/RAW/v1/000/382/229/00000/b93e3dae-d1d3-4b28-bb52-66475b476ab0.root 382229 [243,239,241,240,242,238]
/store/data/Run2024F/Muon0/RAW/v1/000/382/229/00000/b9bc0bfa-03ae-49ce-a2ac-2ed66c5ace6d.root 382229 [2,4,3,5,1]
/store/data/Run2024F/Muon0/RAW/v1/000/382/229/00000/ba1da70d-2b5d-4d83-8bff-6617bab9f97e.root 382229 [278,282,279,281,280]
/store/data/Run2024F/Muon0/RAW/v1/000/382/229/00000/c0d44d2a-d9d6-4fe1-83f6-7701929c6e60.root 382229 [150,147,149,151,148]
/store/data/Run2024F/Muon0/RAW/v1/000/382/229/00000/c2055afd-e4c5-4b0c-ad04-2339d0fb2e0a.root 382229 [181,180,179,183,182]
/store/data/Run2024F/Muon0/RAW/v1/000/382/229/00000/c6eaf26b-a224-4f0f-8a4e-3fa5852cd62f.root 382229 [285,286,284,287,283]
/store/data/Run2024F/Muon0/RAW/v1/000/382/229/00000/c9ff98e7-27c1-4866-b51e-c9df39d19e9b.root 382229 [209,210,211,206,208,207]
/store/data/Run2024F/Muon0/RAW/v1/000/382/229/00000/cd4526fa-6225-476b-bba9-b204f6986286.root 382229 [54,55,56,57,59,53,58]
/store/data/Run2024F/Muon0/RAW/v1/000/382/229/00000/d271cb8a-1239-4815-9ebc-bf91cfd26575.root 382229 [71,72,69,73,67,68,70]
/store/data/Run2024F/Muon0/RAW/v1/000/382/229/00000/d5934d9c-5597-4268-b4b0-813dd94c38fd.root 382229 [135,138,137,139,136,140]
/store/data/Run2024F/Muon0/RAW/v1/000/382/229/00000/d6670f89-cae3-4108-8bdf-93de0e733cf3.root 382229 [60,62,61,63,65,66,64]
/store/data/Run2024F/Muon0/RAW/v1/000/382/229/00000/d9e80544-c604-4be5-b84d-b15b68156bcf.root 382229 [26,25,27,24,28]
/store/data/Run2024F/Muon0/RAW/v1/000/382/229/00000/dcb551b0-478b-4b72-bf19-de0d150c27d5.root 382229 [113,116,115,112,114,117]
/store/data/Run2024F/Muon0/RAW/v1/000/382/229/00000/e212347d-411b-4199-be41-6a95a451dec2.root 382229 [80,75,78,77,79,76,74]
/store/data/Run2024F/Muon0/RAW/v1/000/382/229/00000/f03b685c-c8a5-4ad1-814d-a4c06a08d55d.root 382229 [160,158,161,157,159]
/store/data/Run2024F/Muon0/RAW/v1/000/382/229/00000/f23777cc-6492-4a85-8526-827e7e7c7150.root 382229 [42,43,44,41,45,46]
/store/data/Run2024F/Muon0/RAW/v1/000/382/229/00000/f3c2625b-b550-48d7-9551-f5195b556ecc.root 382229 [111,109,106,107,110,108]
/store/data/Run2024F/Muon0/RAW/v1/000/382/229/00000/f9586958-2b1d-491a-8c7a-9ec68a4d14cc.root 382229 [253,251,250,252,254,255]
/store/data/Run2024F/Muon0/RAW/v1/000/382/229/00000/fb559c84-d794-4ef5-8cc8-3686f8c83755.root 382229 [290,291,288,292,289]
/store/data/Run2024F/Muon0/RAW/v1/000/382/229/00000/fd4b0aca-82c3-427a-b2f9-93a62eb2082e.root 382229 [31,29,30,33,34,32]
/store/data/Run2024F/Muon0/RAW/v1/000/382/250/00000/00158fad-07df-433e-8d8e-a14c065e4418.root 382250 [193]
/store/data/Run2024F/Muon0/RAW/v1/000/382/250/00000/0019cd1c-ba48-4df7-84e4-21bba779fc98.root 382250 [825]
/store/data/Run2024F/Muon0/RAW/v1/000/382/250/00000/0034e3f5-28cd-4732-8c14-fc876522a87b.root 382250 [313]
/store/data/Run2024F/Muon0/RAW/v1/000/382/250/00000/00ec53a5-3081-4366-8080-df200eca6fb1.root 382250 [356]
/store/data/Run2024F/Muon0/RAW/v1/000/382/250/00000/0180e218-b636-4a73-a56a-3dd7aac46e29.root 382250 [90,91,89,92]
/store/data/Run2024F/Muon0/RAW/v1/000/382/250/00000/01ba7545-97fb-4d4c-9461-b9b29c294335.root 382250 [470]
/store/data/Run2024F/Muon0/RAW/v1/000/382/250/00000/01d93d81-17df-417a-bda3-5297971532bd.root 382250 [748]
/store/data/Run2024F/Muon0/RAW/v1/000/382/250/00000/02213f74-5d45-4fdf-ad0f-b6c387e85723.root 382250 [344]
/store/data/Run2024F/Muon0/RAW/v1/000/382/250/00000/0223d6aa-7aaa-41b2-823b-ccef1895d609.root 382250 [524]
/store/data/Run2024F/Muon0/RAW/v1/000/382/250/00000/02356215-f0bb-4840-ad57-554f8cce61f3.root 382250 [379]
/store/data/Run2024F/Muon0/RAW/v1/000/382/250/00000/028c99ca-6f27-43fe-a273-94a6d60a8eef.root 382250 [847]
/store/data/Run2024F/Muon0/RAW/v1/000/382/250/00000/029999a2-7adf-45cd-8ebc-2b2d027325c0.root 382250 [903,902]
/store/data/Run2024F/Muon0/RAW/v1/000/382/250/00000/03a5c64d-5276-4270-8301-5f1e3122a9eb.root 382250 [162]
/store/data/Run2024F/Muon0/RAW/v1/000/382/250/00000/03c7e8ab-58d7-4ba6-b480-9bc5d0a9d236.root 382250 [560]
/store/data/Run2024F/Muon0/RAW/v1/000/382/250/00000/0447d960-20d5-4da9-9f31-fc34457b5a30.root 382250 [658]
/store/data/Run2024F/Muon0/RAW/v1/000/382/250/00000/045cf3e8-1b2f-4467-b6c5-f7b78690b387.root 382250 [853]
/store/data/Run2024F/Muon0/RAW/v1/000/382/250/00000/04e90ced-7919-43c3-842b-1517a2423019.root 382250 [409]
/store/data/Run2024F/Muon0/RAW/v1/000/382/250/00000/0526f989-03a2-4dcb-92d2-f836d777e774.root 382250 [616]
/store/data/Run2024F/Muon0/RAW/v1/000/382/250/00000/056ec50e-2107-49ae-90c2-bba11ee1272b.root 382250 [884,885]
/store/data/Run2024F/Muon0/RAW/v1/000/382/250/00000/05912214-4afe-4b25-a35c-22361e482b0e.root 382250 [226]
/store/data/Run2024F/Muon0/RAW/v1/000/382/250/00000/059a40ce-3a71-45cb-978d-2ddcfcffef2a.root 382250 [651]
/store/data/Run2024F/Muon0/RAW/v1/000/382/250/00000/05aa87cf-6dad-48c2-8a55-69416a3372fb.root 382250 [216]
/store/data/Run2024F/Muon0/RAW/v1/000/382/250/00000/05c668ee-46e1-4534-983e-5fe10e3d0d31.root 382250 [476]
/store/data/Run2024F/Muon0/RAW/v1/000/382/250/00000/06845abb-b662-42fb-8d45-5a613403f441.root 382250 [646]
/store/data/Run2024F/Muon0/RAW/v1/000/382/250/00000/0693088a-2141-45a9-94ef-e9652c373233.root 382250 [795]
/store/data/Run2024F/Muon0/RAW/v1/000/382/250/00000/069ca99d-c6f1-4f0b-b1a3-10678cbfe6e2.root 382250 [826]
/store/data/Run2024F/Muon0/RAW/v1/000/382/250/00000/0742d7c1-d831-47f9-84a6-3e142d372528.root 382250 [205]
/store/data/Run2024F/Muon0/RAW/v1/000/382/250/00000/085301d7-148a-4f5d-bb43-3867660fb34b.root 382250 [432]
/store/data/Run2024F/Muon0/RAW/v1/000/382/250/00000/08697dd0-c33d-4605-bc14-d29e0e1338a2.root 382250 [784]
/store/data/Run2024F/Muon0/RAW/v1/000/382/250/00000/08776aed-9d29-41a4-a82e-9641e8fb307d.root 382250 [292]
/store/data/Run2024F/Muon0/RAW/v1/000/382/250/00000/088ae002-5688-462e-aa11-e92c1b703e15.root 382250 [746]
/store/data/Run2024F/Muon0/RAW/v1/000/382/250/00000/08a4e633-5219-4ed0-8545-3d85eadd9b48.root 382250 [582]
/store/data/Run2024F/Muon0/RAW/v1/000/382/250/00000/08b63393-a736-4781-aafa-a93cf8910d0d.root 382250 [326]
/store/data/Run2024F/Muon0/RAW/v1/000/382/250/00000/08c0863c-2941-49aa-9168-6631621d5941.root 382250 [602]
/store/data/Run2024F/Muon0/RAW/v1/000/382/250/00000/08c33f79-acf4-4582-be35-6aa212d9a729.root 382250 [539]
/store/data/Run2024F/Muon0/RAW/v1/000/382/250/00000/090aa786-8336-453e-b29e-6fc752a41dce.root 382250 [332]
/store/data/Run2024F/Muon0/RAW/v1/000/382/250/00000/094419aa-be16-4352-9e13-d4550d029188.root 382250 [736]
/store/data/Run2024F/Muon0/RAW/v1/000/382/250/00000/098f58d0-8876-4db1-be40-863a6f290c02.root 382250 [65,66,68,67]
/store/data/Run2024F/Muon0/RAW/v1/000/382/250/00000/0a2ed655-9a9a-4e3c-9658-3030d962adae.root 382250 [245]
/store/data/Run2024F/Muon0/RAW/v1/000/382/250/00000/0b389ef5-1648-46a6-b343-65dfcb2dfc91.root 382250 [215]
/store/data/Run2024F/Muon0/RAW/v1/000/382/250/00000/0b6839a8-e8aa-4309-976d-e5dfcb65fc90.root 382250 [697]
/store/data/Run2024F/Muon0/RAW/v1/000/382/250/00000/0bfa255c-2b49-42bd-b841-0d8232bf6094.root 382250 [169]
/store/data/Run2024F/Muon0/RAW/v1/000/382/250/00000/0c22eb1e-b481-4968-927d-07477867ed72.root 382250 [224]
/store/data/Run2024F/Muon0/RAW/v1/000/382/250/00000/0c35a431-0ac0-4008-8725-66491fc56dfd.root 382250 [649]
/store/data/Run2024F/Muon0/RAW/v1/000/382/250/00000/0d064e7c-b904-4509-adec-bfec20f1c514.root 382250 [197]
/store/data/Run2024F/Muon0/RAW/v1/000/382/250/00000/0d657e75-1bc3-4f49-80a3-36f835748173.root 382250 [257]
/store/data/Run2024F/Muon0/RAW/v1/000/382/250/00000/0dd1569e-704a-4720-b7b1-68b55290723a.root 382250 [676]
/store/data/Run2024F/Muon0/RAW/v1/000/382/250/00000/0ddda378-e5af-44be-9763-c3a46412b79b.root 382250 [594]
/store/data/Run2024F/Muon0/RAW/v1/000/382/250/00000/0e305074-0363-4801-a8fb-9e5b956fbc3e.root 382250 [837]
/store/data/Run2024F/Muon0/RAW/v1/000/382/250/00000/0ea6a804-531f-48fe-b2ab-2b60716b3a79.root 382250 [177]
/store/data/Run2024F/Muon0/RAW/v1/000/382/250/00000/0ec4abaf-1e03-488b-afee-d023046396bd.root 382250 [229]
/store/data/Run2024F/Muon0/RAW/v1/000/382/250/00000/0ef58b67-5e0c-46a3-890f-860d7c1c10cf.root 382250 [747]
/store/data/Run2024F/Muon0/RAW/v1/000/382/250/00000/0f19d1f4-209b-44b0-bdc9-0c9e039ac8f9.root 382250 [502]
/store/data/Run2024F/Muon0/RAW/v1/000/382/250/00000/0f986647-09c2-4d3b-8e1c-102e634d1b5f.root 382250 [183]
/store/data/Run2024F/Muon0/RAW/v1/000/382/250/00000/104377eb-4940-4e68-8858-d7ca731b45f7.root 382250 [383]
/store/data/Run2024F/Muon0/RAW/v1/000/382/250/00000/110e6554-9b55-4346-94cd-e1473ffa7efd.root 382250 [879,878]
/store/data/Run2024F/Muon0/RAW/v1/000/382/250/00000/117db380-9442-4360-992d-f1dcbf26089a.root 382250 [461]
/store/data/Run2024F/Muon0/RAW/v1/000/382/250/00000/11c3bb36-8775-4965-a4ab-3296c56a2689.root 382250 [848]
/store/data/Run2024F/Muon0/RAW/v1/000/382/250/00000/11cbafca-cc08-48ef-bfc2-c7ad16ab2387.root 382250 [896,897]
/store/data/Run2024F/Muon0/RAW/v1/000/382/250/00000/11da8d6a-f3d0-4cdf-a53e-801cea02cd88.root 382250 [179]
/store/data/Run2024F/Muon0/RAW/v1/000/382/250/00000/1282b598-8aeb-4929-83ef-e7fb3ec10c72.root 382250 [222]
/store/data/Run2024F/Muon0/RAW/v1/000/382/250/00000/12a78906-0e67-4e3f-b2f2-db08daf0e7de.root 382250 [626]
/store/data/Run2024F/Muon0/RAW/v1/000/382/250/00000/12c30286-76a8-4d8c-9d52-aec10ecf07cf.root 382250 [176]
/store/data/Run2024F/Muon0/RAW/v1/000/382/250/00000/13039b04-3b79-43a7-a262-0a4c88f69407.root 382250 [513]
/store/data/Run2024F/Muon0/RAW/v1/000/382/250/00000/13319d9a-0584-491d-83e6-9f61296f94ae.root 382250 [860]
/store/data/Run2024F/Muon0/RAW/v1/000/382/250/00000/134bc958-f4f1-4587-9e45-3752c0ec10e5.root 382250 [373]
/store/data/Run2024F/Muon0/RAW/v1/000/382/250/00000/13d9ed66-8e4b-4b45-9ea8-a6136c5f3df9.root 382250 [670]
/store/data/Run2024F/Muon0/RAW/v1/000/382/250/00000/13f7b04b-04ff-4ed9-8a4d-4aac1f152475.root 382250 [698]
/store/data/Run2024F/Muon0/RAW/v1/000/382/250/00000/142bb731-ed9e-4328-8ef1-74a50438f557.root 382250 [380]
/store/data/Run2024F/Muon0/RAW/v1/000/382/250/00000/1432146f-f86a-4bd5-9e3c-34f88eea9cff.root 382250 [274]
/store/data/Run2024F/Muon0/RAW/v1/000/382/250/00000/14b9c351-fc67-4890-b237-28d1e25eecd7.root 382250 [894,895]
/store/data/Run2024F/Muon0/RAW/v1/000/382/250/00000/15044d41-4357-47cf-9498-fe4b9d1d4b03.root 382250 [684]
/store/data/Run2024F/Muon0/RAW/v1/000/382/250/00000/1565e489-ae92-42f6-8352-bcd68faf6804.root 382250 [474]
/store/data/Run2024F/Muon0/RAW/v1/000/382/250/00000/15beb27d-8e5e-47ef-9091-58abbc01c4a6.root 382250 [518]
/store/data/Run2024F/Muon0/RAW/v1/000/382/250/00000/15d29cee-3b15-4d36-a013-736d9a7b44cd.root 382250 [444]
/store/data/Run2024F/Muon0/RAW/v1/000/382/250/00000/15e266f9-69af-414d-b3bd-1c29b5c2d1ed.root 382250 [858]
/store/data/Run2024F/Muon0/RAW/v1/000/382/250/00000/15f785ee-1ee5-41a8-b205-a9b1f8f999f1.root 382250 [261]
/store/data/Run2024F/Muon0/RAW/v1/000/382/250/00000/1644c2a6-2598-4a50-abdc-492c5e9ed126.root 382250 [525]
/store/data/Run2024F/Muon0/RAW/v1/000/382/250/00000/16473802-463d-47c7-a041-4ec10d62700d.root 382250 [463]
/store/data/Run2024F/Muon0/RAW/v1/000/382/250/00000/166e29e9-2083-41c0-8be1-21ae086ba1e6.root 382250 [673]
/store/data/Run2024F/Muon0/RAW/v1/000/382/250/00000/167fd1cc-f578-44b9-ad21-52ac5758c6ed.root 382250 [606]
/store/data/Run2024F/Muon0/RAW/v1/000/382/250/00000/16f8df3b-64cb-41eb-a5ed-b61c64b1f228.root 382250 [862]
/store/data/Run2024F/Muon0/RAW/v1/000/382/250/00000/17c2fe30-4ec7-4e0f-802a-215d77731349.root 382250 [572]
/store/data/Run2024F/Muon0/RAW/v1/000/382/250/00000/180397b0-6054-4245-91c8-5d51bac17b09.root 382250 [108,109]
/store/data/Run2024F/Muon0/RAW/v1/000/382/250/00000/1840e428-7094-4582-b9c8-59768dfcde1b.root 382250 [343]
/store/data/Run2024F/Muon0/RAW/v1/000/382/250/00000/188bb035-42d9-4673-88dc-e09947583bcf.root 382250 [436]
/store/data/Run2024F/Muon0/RAW/v1/000/382/250/00000/195f158b-e62d-4aec-96e2-07487cb3fe22.root 382250 [632]
/store/data/Run2024F/Muon0/RAW/v1/000/382/250/00000/196d0034-8110-484b-9ba6-a321a25a4712.root 382250 [843]
/store/data/Run2024F/Muon0/RAW/v1/000/382/250/00000/19aac7cd-e72a-4557-8614-d06662918650.root 382250 [535]
/store/data/Run2024F/Muon0/RAW/v1/000/382/250/00000/19b814a4-13f1-4df9-aeb8-f383f81effd4.root 382250 [217]
/store/data/Run2024F/Muon0/RAW/v1/000/382/250/00000/1aa8abb7-953c-4464-a0a8-e51ec751d0f6.root 382250 [844]
/store/data/Run2024F/Muon0/RAW/v1/000/382/250/00000/1ab137ae-cb44-4c32-b877-7009bcf16492.root 382250 [411]
/store/data/Run2024F/Muon0/RAW/v1/000/382/250/00000/1ac2a0a1-4c15-4a58-8658-95fa5a780da8.root 382250 [764]
/store/data/Run2024F/Muon0/RAW/v1/000/382/250/00000/1b191002-93c5-4f69-a1b8-d4e1a3a00104.root 382250 [173]
/store/data/Run2024F/Muon0/RAW/v1/000/382/250/00000/1b96ccec-227a-4f01-ba7f-49f7deaa5f7c.root 382250 [81,82,84,83]
/store/data/Run2024F/Muon0/RAW/v1/000/382/250/00000/1bf3f546-64ed-4920-bfa8-c37c664661c9.root 382250 [820]
/store/data/Run2024F/Muon0/RAW/v1/000/382/250/00000/1d3b33d7-9677-4188-918c-376953511448.root 382250 [401]
/store/data/Run2024F/Muon0/RAW/v1/000/382/250/00000/1d73f407-e1a4-4019-8680-052fe99dbc63.root 382250 [406]
/store/data/Run2024F/Muon0/RAW/v1/000/382/250/00000/1deed6b6-8fbf-43e6-8cba-148d3642a9a9.root 382250 [242]
/store/data/Run2024F/Muon0/RAW/v1/000/382/250/00000/1e0e65e2-8ca2-4a19-bc3a-feb9c5f30a38.root 382250 [358]
/store/data/Run2024F/Muon0/RAW/v1/000/382/250/00000/1e0ed3bf-90ff-4601-a2d8-e4381c3976ab.root 382250 [867,866]
/store/data/Run2024F/Muon0/RAW/v1/000/382/250/00000/1e6c4b7b-dba6-411c-a94a-4ee409b4b11f.root 382250 [829]
/store/data/Run2024F/Muon0/RAW/v1/000/382/250/00000/1fdd301e-6a8b-436b-ab6d-88f2f4f94415.root 382250 [682]
/store/data/Run2024F/Muon0/RAW/v1/000/382/250/00000/204aac78-93ac-420e-b345-ef1b6c902799.root 382250 [839]
/store/data/Run2024F/Muon0/RAW/v1/000/382/250/00000/20694049-8210-4423-966f-690097f4b17b.root 382250 [619]
/store/data/Run2024F/Muon0/RAW/v1/000/382/250/00000/2127e5c7-96b5-49ea-bb24-6f25b92c7d57.root 382250 [529]
/store/data/Run2024F/Muon0/RAW/v1/000/382/250/00000/2169d243-7d03-488e-9fe0-434412482bd8.root 382250 [881,880]
/store/data/Run2024F/Muon0/RAW/v1/000/382/250/00000/21ec5d20-0cea-4ba3-bfc0-506768740b57.root 382250 [137]
/store/data/Run2024F/Muon0/RAW/v1/000/382/250/00000/21fda359-f14f-4939-94ff-ed25e3c19e9d.root 382250 [700]
/store/data/Run2024F/Muon0/RAW/v1/000/382/250/00000/22c63cc2-5601-4441-9bd2-3576aead9ed2.root 382250 [731]
/store/data/Run2024F/Muon0/RAW/v1/000/382/250/00000/22d3f64a-4ed0-4a77-a51d-dc5dfcc94263.root 382250 [603]
/store/data/Run2024F/Muon0/RAW/v1/000/382/250/00000/23a02c14-1db5-4966-a9a9-1c744bf65db3.root 382250 [644]
/store/data/Run2024F/Muon0/RAW/v1/000/382/250/00000/23af9153-5a50-4015-84df-0543a137d135.root 382250 [300]
/store/data/Run2024F/Muon0/RAW/v1/000/382/250/00000/23ca9d00-fe0c-4921-b261-586f69a17425.root 382250 [371]
/store/data/Run2024F/Muon0/RAW/v1/000/382/250/00000/23f19ed2-e846-4e32-8021-921a23734dde.root 382250 [160]
/store/data/Run2024F/Muon0/RAW/v1/000/382/250/00000/2422f3ec-5273-4078-9a55-825dcf0cf30f.root 382250 [555,554]
/store/data/Run2024F/Muon0/RAW/v1/000/382/250/00000/24cc16aa-b7f6-4e34-b424-5b70dd4de07f.root 382250 [792]
/store/data/Run2024F/Muon0/RAW/v1/000/382/250/00000/24fb8570-666e-471e-8721-1d4b3acd2c8d.root 382250 [211]
/store/data/Run2024F/Muon0/RAW/v1/000/382/250/00000/2536570e-7134-478e-9b2b-f67e4bf1d224.root 382250 [680]
/store/data/Run2024F/Muon0/RAW/v1/000/382/250/00000/25403233-ce1b-4d22-9b68-7bcd8ce02475.root 382250 [437]
/store/data/Run2024F/Muon0/RAW/v1/000/382/250/00000/2594559f-c524-4b26-bffd-8849f60522fc.root 382250 [180]
/store/data/Run2024F/Muon0/RAW/v1/000/382/250/00000/25acc8f5-b8b7-4f5f-a8d2-d5bf684b9f04.root 382250 [530]
/store/data/Run2024F/Muon0/RAW/v1/000/382/250/00000/25dbfb82-bfc9-42d6-8c56-24ae0da07165.root 382250 [427]
/store/data/Run2024F/Muon0/RAW/v1/000/382/250/00000/25e98b14-f9da-4b44-95e1-45d65ddc584b.root 382250 [492]
/store/data/Run2024F/Muon0/RAW/v1/000/382/250/00000/25fbadcf-7432-41ec-ab62-4652d7917d72.root 382250 [548]
/store/data/Run2024F/Muon0/RAW/v1/000/382/250/00000/26652efb-499a-42a2-9b84-f30a422b8d1c.root 382250 [480]
/store/data/Run2024F/Muon0/RAW/v1/000/382/250/00000/2693f1c3-ad03-49b2-9050-093210702348.root 382250 [317]
/store/data/Run2024F/Muon0/RAW/v1/000/382/250/00000/269e63a6-7d73-41e8-9e81-3afd586ba4d0.root 382250 [531]
/store/data/Run2024F/Muon0/RAW/v1/000/382/250/00000/28627072-6402-4cb4-b77f-29f43f35b0c5.root 382250 [600]
/store/data/Run2024F/Muon0/RAW/v1/000/382/250/00000/28aa2a7d-77a5-47ba-8077-4ee947dd7341.root 382250 [372]
/store/data/Run2024F/Muon0/RAW/v1/000/382/250/00000/2943520b-7aeb-438f-a27e-4bd49a655945.root 382250 [400]
/store/data/Run2024F/Muon0/RAW/v1/000/382/250/00000/2987ff0e-995b-4222-8509-9aaf69f3950e.root 382250 [678]
/store/data/Run2024F/Muon0/RAW/v1/000/382/250/00000/29bc5c8b-5b12-474a-81d2-40168641910c.root 382250 [734]
/store/data/Run2024F/Muon0/RAW/v1/000/382/250/00000/29dbc020-3df0-4254-8101-d85b501af652.root 382250 [467]
/store/data/Run2024F/Muon0/RAW/v1/000/382/250/00000/29f17ee6-e87d-4fb8-9a59-20fba73bb838.root 382250 [556]
/store/data/Run2024F/Muon0/RAW/v1/000/382/250/00000/29f56fd4-9921-450e-9bd3-f81756a6bca4.root 382250 [487]
/store/data/Run2024F/Muon0/RAW/v1/000/382/250/00000/2a3e8bb6-485b-48bb-8eac-1fcc841fa275.root 382250 [716]
/store/data/Run2024F/Muon0/RAW/v1/000/382/250/00000/2a40cb1b-9036-453f-bf4f-9002e3bddfc2.root 382250 [613]
/store/data/Run2024F/Muon0/RAW/v1/000/382/250/00000/2a54260b-accf-4956-8432-e0a442ada988.root 382250 [821]
/store/data/Run2024F/Muon0/RAW/v1/000/382/250/00000/2a7e48ae-592e-490f-87a4-17550773c1bc.root 382250 [399]
/store/data/Run2024F/Muon0/RAW/v1/000/382/250/00000/2ac99e52-b92e-4b99-b32f-d6981b761b78.root 382250 [849]
/store/data/Run2024F/Muon0/RAW/v1/000/382/250/00000/2acfdaf1-b335-400c-aee5-186d7eec0bc5.root 382250 [285]
/store/data/Run2024F/Muon0/RAW/v1/000/382/250/00000/2b1b5a03-0a1c-462d-9cfe-0875f411efb0.root 382250 [863]
/store/data/Run2024F/Muon0/RAW/v1/000/382/250/00000/2b44a31c-89f2-4ae9-ac27-87720b8e815d.root 382250 [260]
/store/data/Run2024F/Muon0/RAW/v1/000/382/250/00000/2beb551b-eebf-42f7-8981-accbc9ae6ae5.root 382250 [702]
/store/data/Run2024F/Muon0/RAW/v1/000/382/250/00000/2d201c32-c22a-441f-b561-d6c3afa6d3c4.root 382250 [638]
/store/data/Run2024F/Muon0/RAW/v1/000/382/250/00000/2d9b7c0f-31b8-487b-b4c9-c93a487e7ef3.root 382250 [686]
/store/data/Run2024F/Muon0/RAW/v1/000/382/250/00000/2d9f747c-054b-4cdd-be6b-f961c17bfb95.root 382250 [328]
/store/data/Run2024F/Muon0/RAW/v1/000/382/250/00000/2dc3d6ae-ec8b-4270-9acf-f7ea5d8eea42.root 382250 [189]
/store/data/Run2024F/Muon0/RAW/v1/000/382/250/00000/2dd7ce72-3419-4aab-b1e2-91a5976b3b8d.root 382250 [158]
/store/data/Run2024F/Muon0/RAW/v1/000/382/250/00000/2de5e263-6df7-404f-83eb-042eb256666b.root 382250 [337]
/store/data/Run2024F/Muon0/RAW/v1/000/382/250/00000/2df6de4c-1c76-4040-a369-6125e7fcafe2.root 382250 [256]
/store/data/Run2024F/Muon0/RAW/v1/000/382/250/00000/2ebaad9f-9448-4cac-a17a-b3182e953713.root 382250 [663]
/store/data/Run2024F/Muon0/RAW/v1/000/382/250/00000/2f07cdff-bc59-47a6-8e4d-00ce1e390431.root 382250 [308]
/store/data/Run2024F/Muon0/RAW/v1/000/382/250/00000/2f2a9a58-e1ca-42c8-a2f7-68f8de1df933.root 382250 [681]
/store/data/Run2024F/Muon0/RAW/v1/000/382/250/00000/2f6047da-c384-49d3-8156-25a120369111.root 382250 [754]
/store/data/Run2024F/Muon0/RAW/v1/000/382/250/00000/2f78376e-5f7f-4fcc-9613-94cf3af50959.root 382250 [369]
/store/data/Run2024F/Muon0/RAW/v1/000/382/250/00000/2fac6414-4a29-4886-ba3f-f0d51838a87e.root 382250 [56,55,54,53]
/store/data/Run2024F/Muon0/RAW/v1/000/382/250/00000/2fc2e588-90e5-496d-b19e-65e2dcbc0324.root 382250 [508]
/store/data/Run2024F/Muon0/RAW/v1/000/382/250/00000/3010a373-ab3f-4d8c-b470-101307551bef.root 382250 [816]
/store/data/Run2024F/Muon0/RAW/v1/000/382/250/00000/30427d5d-cfaa-4dd6-a715-e0a7afae608b.root 382250 [138]
/store/data/Run2024F/Muon0/RAW/v1/000/382/250/00000/30ebd250-dc6b-40a3-856e-b3e03e88c97c.root 382250 [788]
/store/data/Run2024F/Muon0/RAW/v1/000/382/250/00000/323dd725-1b42-43ee-b091-0374aa37dac1.root 382250 [617]
/store/data/Run2024F/Muon0/RAW/v1/000/382/250/00000/32903f7c-3bf4-4fc5-8108-cd79a2b1b02a.root 382250 [706]
/store/data/Run2024F/Muon0/RAW/v1/000/382/250/00000/32bfd3d0-b591-483c-876b-7a050c457f6c.root 382250 [567]
/store/data/Run2024F/Muon0/RAW/v1/000/382/250/00000/32d2c2e7-70aa-4de1-8000-213bf1a05580.root 382250 [181]
/store/data/Run2024F/Muon0/RAW/v1/000/382/250/00000/3336e507-d87f-49b4-9fe3-c53c455723f0.root 382250 [571]
/store/data/Run2024F/Muon0/RAW/v1/000/382/250/00000/33434f5b-35a7-4ec9-876d-7588211d88b5.root 382250 [709]
/store/data/Run2024F/Muon0/RAW/v1/000/382/250/00000/33f129cd-e696-406f-b589-a7f338c99b74.root 382250 [660]
/store/data/Run2024F/Muon0/RAW/v1/000/382/250/00000/342dcc10-5312-4788-9a62-2cc643eeffd7.root 382250 [683]
/store/data/Run2024F/Muon0/RAW/v1/000/382/250/00000/3483662f-9bfc-4808-8473-7ff421fe39cf.root 382250 [791]
/store/data/Run2024F/Muon0/RAW/v1/000/382/250/00000/349a9888-eaee-4bee-a7a6-b8395e7fb045.root 382250 [388]
/store/data/Run2024F/Muon0/RAW/v1/000/382/250/00000/34cae507-441f-4e98-9aad-ea0b1ee3aac2.root 382250 [235]
/store/data/Run2024F/Muon0/RAW/v1/000/382/250/00000/356bdce6-1e18-448d-a525-73f1a2f873dd.root 382250 [624]
/store/data/Run2024F/Muon0/RAW/v1/000/382/250/00000/35b07496-43ca-4803-8495-f3eb7ff1547e.root 382250 [213]
/store/data/Run2024F/Muon0/RAW/v1/000/382/250/00000/35bed558-0c73-4ab3-94b5-dfeb942954e7.root 382250 [186]
/store/data/Run2024F/Muon0/RAW/v1/000/382/250/00000/35ec6046-5060-48d2-8f3c-df4e452d45b4.root 382250 [778]
/store/data/Run2024F/Muon0/RAW/v1/000/382/250/00000/365a7852-2a18-4b5f-b995-a84a3645637d.root 382250 [623]
/store/data/Run2024F/Muon0/RAW/v1/000/382/250/00000/365b047b-f62d-4ef2-b6ef-37aad78085b6.root 382250 [760]
/store/data/Run2024F/Muon0/RAW/v1/000/382/250/00000/36c111cd-8f46-4c79-87d1-2faf9f769128.root 382250 [430]
/store/data/Run2024F/Muon0/RAW/v1/000/382/250/00000/373d1950-887d-42ef-9c41-8eb227907ae0.root 382250 [772]
/store/data/Run2024F/Muon0/RAW/v1/000/382/250/00000/3787b088-3507-4967-9dbb-534a1f13f8fa.root 382250 [191]
/store/data/Run2024F/Muon0/RAW/v1/000/382/250/00000/3791732a-f1d0-4199-8af9-f45583c3a816.root 382250 [297]
/store/data/Run2024F/Muon0/RAW/v1/000/382/250/00000/37952ade-8b76-4f71-9213-09521ac3e1b0.root 382250 [696]
/store/data/Run2024F/Muon0/RAW/v1/000/382/250/00000/388fde46-7d42-425e-b681-055a94de6281.root 382250 [397]
/store/data/Run2024F/Muon0/RAW/v1/000/382/250/00000/3a3fd4a0-2a71-4a88-b7c0-416d032a5262.root 382250 [818,819]
/store/data/Run2024F/Muon0/RAW/v1/000/382/250/00000/3a56fb75-ff67-4ba3-a0a8-6c4d7c5bce04.root 382250 [558]
/store/data/Run2024F/Muon0/RAW/v1/000/382/250/00000/3a6c915f-64ce-4f85-9114-d2ee9e11a53c.root 382250 [207]
/store/data/Run2024F/Muon0/RAW/v1/000/382/250/00000/3a9fd70c-ee96-42fb-81a5-5c576069f38c.root 382250 [803]
/store/data/Run2024F/Muon0/RAW/v1/000/382/250/00000/3abaf143-6955-4e1f-8721-3cbb4b65c7e1.root 382250 [316]
/store/data/Run2024F/Muon0/RAW/v1/000/382/250/00000/3b16c3cd-1fa6-4a46-a406-23ada3208f31.root 382250 [314]
/store/data/Run2024F/Muon0/RAW/v1/000/382/250/00000/3b3fc333-501f-4d2d-9fdb-f92c803e651a.root 382250 [415]
/store/data/Run2024F/Muon0/RAW/v1/000/382/250/00000/3b81c565-d589-4a08-bba1-f182d47c5195.root 382250 [705]
/store/data/Run2024F/Muon0/RAW/v1/000/382/250/00000/3c75eb85-8160-4535-9359-e847dfdf0284.root 382250 [506]
/store/data/Run2024F/Muon0/RAW/v1/000/382/250/00000/3cb9120d-f51c-475c-a8ee-165cbd7d9a78.root 382250 [631]
/store/data/Run2024F/Muon0/RAW/v1/000/382/250/00000/3cbe591c-f049-4e81-ba02-62e978779984.root 382250 [920,921]
/store/data/Run2024F/Muon0/RAW/v1/000/382/250/00000/3cc3544a-15a5-4d2c-8d65-f560a2265354.root 382250 [861]
/store/data/Run2024F/Muon0/RAW/v1/000/382/250/00000/3cc4d9cb-daa9-462d-b1ff-cc66b0652db9.root 382250 [538]
/store/data/Run2024F/Muon0/RAW/v1/000/382/250/00000/3ce9c837-8197-47e4-8ebb-e62eff4b5699.root 382250 [434]
/store/data/Run2024F/Muon0/RAW/v1/000/382/250/00000/3d175808-bcd1-402b-980f-ee1501723373.root 382250 [557]
/store/data/Run2024F/Muon0/RAW/v1/000/382/250/00000/3d2f68d7-4ba0-4015-916b-2000ac6da750.root 382250 [621]
/store/data/Run2024F/Muon0/RAW/v1/000/382/250/00000/3d440c07-ff04-4f28-aa56-a53a415a57ec.root 382250 [503]
/store/data/Run2024F/Muon0/RAW/v1/000/382/250/00000/3d63da3e-7e97-49e5-81d7-340f3a1355bf.root 382250 [478]
/store/data/Run2024F/Muon0/RAW/v1/000/382/250/00000/3e07d124-426d-476b-8a41-d9db82a62e76.root 382250 [824]
/store/data/Run2024F/Muon0/RAW/v1/000/382/250/00000/3f4a54a5-ea6d-4e86-8d0e-06d4d8f3ec4e.root 382250 [659]
/store/data/Run2024F/Muon0/RAW/v1/000/382/250/00000/3f5f9bd0-852d-41e4-87a4-574b967d29f7.root 382250 [768]
/store/data/Run2024F/Muon0/RAW/v1/000/382/250/00000/3f7f720a-6bfd-48ba-84d9-790121052d8d.root 382250 [636]
/store/data/Run2024F/Muon0/RAW/v1/000/382/250/00000/3f84b71f-1e55-4e9d-add1-4870ec9b7642.root 382250 [338]
/store/data/Run2024F/Muon0/RAW/v1/000/382/250/00000/3fad6efb-8253-4459-8579-25e67d667277.root 382250 [278]
/store/data/Run2024F/Muon0/RAW/v1/000/382/250/00000/3fb9c915-40c8-43bd-bec8-b598e6df6a22.root 382250 [99,98]
/store/data/Run2024F/Muon0/RAW/v1/000/382/250/00000/3fd55a33-c3f6-4d9d-80f2-c362bfdc8c3b.root 382250 [775]
/store/data/Run2024F/Muon0/RAW/v1/000/382/250/00000/402baea3-330c-4963-bf0c-e0eba0a80456.root 382250 [737]
/store/data/Run2024F/Muon0/RAW/v1/000/382/250/00000/40bac65a-cd87-43f8-967d-cc3dc619a68f.root 382250 [906,907]
/store/data/Run2024F/Muon0/RAW/v1/000/382/250/00000/410f535a-050c-40bb-8a4c-7c5344d33a76.root 382250 [385]
/store/data/Run2024F/Muon0/RAW/v1/000/382/250/00000/4130470c-ccd8-403b-a4b8-60fdfb982c2d.root 382250 [195]
/store/data/Run2024F/Muon0/RAW/v1/000/382/250/00000/417a3c88-c651-43f4-8b8a-5f454dbd57fc.root 382250 [140]
/store/data/Run2024F/Muon0/RAW/v1/000/382/250/00000/4195f747-c404-4286-9741-c1cac4f2d2da.root 382250 [767]
/store/data/Run2024F/Muon0/RAW/v1/000/382/250/00000/41e48357-b69c-4b45-bf2a-902bb442ee85.root 382250 [381]
/store/data/Run2024F/Muon0/RAW/v1/000/382/250/00000/424c9643-c9fe-4908-bd72-f8115c822e62.root 382250 [414]
/store/data/Run2024F/Muon0/RAW/v1/000/382/250/00000/430061f3-87fe-4d81-9941-7d44dd28892c.root 382250 [893,892]
/store/data/Run2024F/Muon0/RAW/v1/000/382/250/00000/43b66b87-6855-4bb9-be7d-4381447734a2.root 382250 [190]
/store/data/Run2024F/Muon0/RAW/v1/000/382/250/00000/443b7b12-cc2f-443a-a065-c1f8d7823c01.root 382250 [677]
/store/data/Run2024F/Muon0/RAW/v1/000/382/250/00000/450a5666-59d2-4633-9932-5ce00d1d3126.root 382250 [457]
/store/data/Run2024F/Muon0/RAW/v1/000/382/250/00000/456549c4-f31a-4894-ba2f-e7329973ecd1.root 382250 [250]
/store/data/Run2024F/Muon0/RAW/v1/000/382/250/00000/458b49d3-87a1-4d54-b7b8-170c36093b5c.root 382250 [142]
/store/data/Run2024F/Muon0/RAW/v1/000/382/250/00000/45b0038a-cb7c-49b1-be1a-b9f61c173835.root 382250 [464]
/store/data/Run2024F/Muon0/RAW/v1/000/382/250/00000/45caf52b-012b-4e84-9d1c-f605a2a6fe60.root 382250 [483]
/store/data/Run2024F/Muon0/RAW/v1/000/382/250/00000/460b0a8f-2496-4080-a375-99bbde0163c8.root 382250 [384]
/store/data/Run2024F/Muon0/RAW/v1/000/382/250/00000/470a96e4-3bdd-4d99-90f1-216182e29b2a.root 382250 [377]
/store/data/Run2024F/Muon0/RAW/v1/000/382/250/00000/472c4c1a-eb9e-479b-8934-ef5fd7cc4b55.root 382250 [688,687]
/store/data/Run2024F/Muon0/RAW/v1/000/382/250/00000/47676d59-7b04-4f5d-837c-4e08a1aa4dae.root 382250 [115,114,116]
/store/data/Run2024F/Muon0/RAW/v1/000/382/250/00000/47a72946-bbb3-480e-9af7-6b318000772f.root 382250 [185]
/store/data/Run2024F/Muon0/RAW/v1/000/382/250/00000/48437a87-bddf-4471-83c4-a525c795b94f.root 382250 [238]
/store/data/Run2024F/Muon0/RAW/v1/000/382/250/00000/48f34349-ed65-42ba-9c53-57362a2638e9.root 382250 [433]
/store/data/Run2024F/Muon0/RAW/v1/000/382/250/00000/49554852-e0cd-400a-8f74-644fc95d32d7.root 382250 [201]
/store/data/Run2024F/Muon0/RAW/v1/000/382/250/00000/495fe9e6-b8a1-4961-9cff-5d8d811a4770.root 382250 [507]
/store/data/Run2024F/Muon0/RAW/v1/000/382/250/00000/4982ec13-fb1a-4f8e-ac1e-2e760eedbd38.root 382250 [704]
/store/data/Run2024F/Muon0/RAW/v1/000/382/250/00000/49d49266-4668-4f7c-8ac0-834890c19de1.root 382250 [899,898]
/store/data/Run2024F/Muon0/RAW/v1/000/382/250/00000/4a3e2d85-898c-4aac-b7c6-9b4ca71edd5d.root 382250 [157]
/store/data/Run2024F/Muon0/RAW/v1/000/382/250/00000/4a60bff1-79dc-4ecf-adbd-99353e711da1.root 382250 [390]
/store/data/Run2024F/Muon0/RAW/v1/000/382/250/00000/4a8c0537-a0d0-4925-a78f-d41ea71779a6.root 382250 [581]
/store/data/Run2024F/Muon0/RAW/v1/000/382/250/00000/4a981645-5547-4ad3-afbb-4bde0678258a.root 382250 [370]
/store/data/Run2024F/Muon0/RAW/v1/000/382/250/00000/4b15fcf7-cd7a-48f7-a72d-bea841fce305.root 382250 [247]
/store/data/Run2024F/Muon0/RAW/v1/000/382/250/00000/4b7d4fa7-fc87-444b-af70-a2f23866dfaa.root 382250 [258]
/store/data/Run2024F/Muon0/RAW/v1/000/382/250/00000/4bcaaae5-9019-4822-abbc-f9d74171d77b.root 382250 [823]
/store/data/Run2024F/Muon0/RAW/v1/000/382/250/00000/4c1f0736-1f6c-459d-9684-36211b1199e7.root 382250 [813]
/store/data/Run2024F/Muon0/RAW/v1/000/382/250/00000/4c22d6f3-d1b1-4ef4-9dd8-a5179665e523.root 382250 [537]
/store/data/Run2024F/Muon0/RAW/v1/000/382/250/00000/4cb53457-3649-4269-9d6c-9fa0a1dd43cb.root 382250 [717]
/store/data/Run2024F/Muon0/RAW/v1/000/382/250/00000/4cca8522-bfa9-42a1-9f24-9248ca1aba77.root 382250 [533]
/store/data/Run2024F/Muon0/RAW/v1/000/382/250/00000/4cd279d1-d112-43b7-805d-bd1452e87c02.root 382250 [271]
/store/data/Run2024F/Muon0/RAW/v1/000/382/250/00000/4dabf793-861e-4ee5-ae80-348b65785ab7.root 382250 [141]
/store/data/Run2024F/Muon0/RAW/v1/000/382/250/00000/4e1d3106-98a1-4599-963c-54dc6b89d11e.root 382250 [756]
/store/data/Run2024F/Muon0/RAW/v1/000/382/250/00000/4e79c157-8b3a-4c30-a9b7-d1deefabae6e.root 382250 [402]
/store/data/Run2024F/Muon0/RAW/v1/000/382/250/00000/4f3a9233-63a1-407b-ab75-ab81efcd0456.root 382250 [763]
/store/data/Run2024F/Muon0/RAW/v1/000/382/250/00000/4f832854-9260-4c9c-a390-681865a33e65.root 382250 [240]
/store/data/Run2024F/Muon0/RAW/v1/000/382/250/00000/4fb10a3a-989e-4f7f-942a-617c105b34eb.root 382250 [443]
/store/data/Run2024F/Muon0/RAW/v1/000/382/250/00000/502186cd-6de6-48d8-9548-fa38bd6be985.root 382250 [204]
/store/data/Run2024F/Muon0/RAW/v1/000/382/250/00000/50c3775c-c695-44ca-9f38-2b4a6e35d43c.root 382250 [701]
/store/data/Run2024F/Muon0/RAW/v1/000/382/250/00000/50d73874-a84b-48fa-99cf-fc3b101171f2.root 382250 [854]
/store/data/Run2024F/Muon0/RAW/v1/000/382/250/00000/50db1847-1cdb-4508-b945-dcaabdd98637.root 382250 [159]
/store/data/Run2024F/Muon0/RAW/v1/000/382/250/00000/51050cab-19d6-457c-b65d-31b7f3bc0a38.root 382250 [729]
/store/data/Run2024F/Muon0/RAW/v1/000/382/250/00000/511260d6-523f-49a8-9201-1d7f73d0b311.root 382250 [486]
/store/data/Run2024F/Muon0/RAW/v1/000/382/250/00000/5129e24a-d65c-44fb-9d95-c1a27319fa31.root 382250 [246]
/store/data/Run2024F/Muon0/RAW/v1/000/382/250/00000/515f6636-ebad-4cd0-b8bb-2e09bccd5a26.root 382250 [751]
/store/data/Run2024F/Muon0/RAW/v1/000/382/250/00000/517670bc-944f-4a34-991b-e89a2bcaaf75.root 382250 [305]
/store/data/Run2024F/Muon0/RAW/v1/000/382/250/00000/5176dfad-5cf4-4095-b285-78d16ea1a5fe.root 382250 [873]
/store/data/Run2024F/Muon0/RAW/v1/000/382/250/00000/51945f3c-0352-4587-9792-92020944eacd.root 382250 [220]
/store/data/Run2024F/Muon0/RAW/v1/000/382/250/00000/51ea8507-55ca-4260-8130-df22be366a0a.root 382250 [608]
/store/data/Run2024F/Muon0/RAW/v1/000/382/250/00000/5223e7c8-f2d0-456e-8847-81189300352a.root 382250 [442]
/store/data/Run2024F/Muon0/RAW/v1/000/382/250/00000/52409156-3a7a-481a-9954-90f5b754f73b.root 382250 [780]
/store/data/Run2024F/Muon0/RAW/v1/000/382/250/00000/52b1e438-6446-4a12-9c07-bebff38f90e1.root 382250 [576]
/store/data/Run2024F/Muon0/RAW/v1/000/382/250/00000/530c9baf-cbad-4256-ba50-5d235d2ec85b.root 382250 [640]
/store/data/Run2024F/Muon0/RAW/v1/000/382/250/00000/5314c12a-4a8a-493b-9eb5-57fef443e979.root 382250 [481]
/store/data/Run2024F/Muon0/RAW/v1/000/382/250/00000/5370bc2c-9881-4e4b-9361-d5ffed87ce03.root 382250 [266]
/store/data/Run2024F/Muon0/RAW/v1/000/382/250/00000/53abe21b-b42d-4aaf-8023-7af836ec25a2.root 382250 [435]
/store/data/Run2024F/Muon0/RAW/v1/000/382/250/00000/53ffb63a-2c35-47ec-939b-7824752c08f8.root 382250 [647]
/store/data/Run2024F/Muon0/RAW/v1/000/382/250/00000/540ed555-0af8-4e3c-887d-6b1c28feb899.root 382250 [96,97]
/store/data/Run2024F/Muon0/RAW/v1/000/382/250/00000/544e402b-3f21-4861-a747-53385fdbee9a.root 382250 [354]
/store/data/Run2024F/Muon0/RAW/v1/000/382/250/00000/5453d673-6e0d-41f8-9eb1-5931152a3dc7.root 382250 [577]
/store/data/Run2024F/Muon0/RAW/v1/000/382/250/00000/546bd50d-43ee-44d8-8b5f-7bef00dfeed2.root 382250 [904,905]
/store/data/Run2024F/Muon0/RAW/v1/000/382/250/00000/547fed6f-876c-419e-8f83-fd90a2ad637e.root 382250 [232]
/store/data/Run2024F/Muon0/RAW/v1/000/382/250/00000/549b2974-6d4f-4209-9512-7f34a9178d6d.root 382250 [828]
/store/data/Run2024F/Muon0/RAW/v1/000/382/250/00000/54df05b8-92ca-49e2-99c7-4f29e07a4a8c.root 382250 [298]
/store/data/Run2024F/Muon0/RAW/v1/000/382/250/00000/54e828d7-81b9-4515-8d07-75e8c82f08cf.root 382250 [420]
/store/data/Run2024F/Muon0/RAW/v1/000/382/250/00000/5562326f-eed1-41be-99e4-20ba6e6d5409.root 382250 [889,888]
/store/data/Run2024F/Muon0/RAW/v1/000/382/250/00000/55f85cc6-7a94-4381-b245-5e6b5399a32f.root 382250 [851]
/store/data/Run2024F/Muon0/RAW/v1/000/382/250/00000/566e33c2-2afa-4496-9557-c6812bcd81d6.root 382250 [786]
/store/data/Run2024F/Muon0/RAW/v1/000/382/250/00000/56d390e3-3303-41fa-b1fc-e802c9afdcfb.root 382250 [290]
/store/data/Run2024F/Muon0/RAW/v1/000/382/250/00000/572e6be5-0460-46e2-a313-cab562377140.root 382250 [425]
/store/data/Run2024F/Muon0/RAW/v1/000/382/250/00000/573f5164-b59a-46e9-83ad-a1f64d6d955a.root 382250 [732]
/store/data/Run2024F/Muon0/RAW/v1/000/382/250/00000/573f611f-066c-4cf2-9e7a-dfe117781fb6.root 382250 [546]
/store/data/Run2024F/Muon0/RAW/v1/000/382/250/00000/57981a05-f94b-4d5c-8422-3fa376eda81e.root 382250 [289]
/store/data/Run2024F/Muon0/RAW/v1/000/382/250/00000/5800b4ea-11f5-455e-bb8c-fe8b2800c235.root 382250 [817]
/store/data/Run2024F/Muon0/RAW/v1/000/382/250/00000/5809db2c-8061-4447-82b6-a584d7a02ef6.root 382250 [711]
/store/data/Run2024F/Muon0/RAW/v1/000/382/250/00000/59b163e8-a258-4b10-8a74-7e215d84642d.root 382250 [174]
/store/data/Run2024F/Muon0/RAW/v1/000/382/250/00000/5a847775-44a0-4c69-8bcf-00bb75f8f61a.root 382250 [147]
/store/data/Run2024F/Muon0/RAW/v1/000/382/250/00000/5a91fd37-9358-4eac-b25b-1dbbd3d06f0e.root 382250 [352]
/store/data/Run2024F/Muon0/RAW/v1/000/382/250/00000/5ac746a8-26a0-4aa3-b2cf-90c9e2481d67.root 382250 [830]
/store/data/Run2024F/Muon0/RAW/v1/000/382/250/00000/5ac8bf15-b5ab-4468-8df5-20f876ab03b0.root 382250 [153]
/store/data/Run2024F/Muon0/RAW/v1/000/382/250/00000/5cd73807-95fb-4a07-9770-f4855022bef3.root 382250 [122,120,121]
/store/data/Run2024F/Muon0/RAW/v1/000/382/250/00000/5d1932df-c6b3-4545-8420-d2510a96190b.root 382250 [691]
/store/data/Run2024F/Muon0/RAW/v1/000/382/250/00000/5d27cca1-54f8-4a4c-8804-6fdd3953ee8b.root 382250 [267,268]
/store/data/Run2024F/Muon0/RAW/v1/000/382/250/00000/5ebe0c93-74a4-4522-b1c2-a1b7bebc8b1c.root 382250 [145]
/store/data/Run2024F/Muon0/RAW/v1/000/382/250/00000/5f40af9f-ba89-491f-a71a-e8fc70dc90ca.root 382250 [446]
/store/data/Run2024F/Muon0/RAW/v1/000/382/250/00000/5fa969fc-a622-4c17-a6da-e9c5dfb63304.root 382250 [484]
/store/data/Run2024F/Muon0/RAW/v1/000/382/250/00000/603b5a37-c218-4757-bcd0-3baab1aca414.root 382250 [694]
/store/data/Run2024F/Muon0/RAW/v1/000/382/250/00000/6059454d-cc39-45de-9f1d-6a3d01ab98f7.root 382250 [237]
/store/data/Run2024F/Muon0/RAW/v1/000/382/250/00000/61c9f3ca-f307-4b15-8d68-7e8dfb9190d0.root 382250 [547]
/store/data/Run2024F/Muon0/RAW/v1/000/382/250/00000/61ec686a-d13a-458e-9de7-5db16aa8b367.root 382250 [597]
/store/data/Run2024F/Muon0/RAW/v1/000/382/250/00000/620a3155-3dce-40b5-8270-ba341c872ae4.root 382250 [543]
/store/data/Run2024F/Muon0/RAW/v1/000/382/250/00000/621fa3b7-3e73-4829-ab4d-d4f7378cd8ef.root 382250 [163]
/store/data/Run2024F/Muon0/RAW/v1/000/382/250/00000/6222520f-7d0b-45bb-aa4f-faa5b48c145c.root 382250 [496]
/store/data/Run2024F/Muon0/RAW/v1/000/382/250/00000/62c57593-2348-48e4-8b4f-aada0d5c2f72.root 382250 [838]
/store/data/Run2024F/Muon0/RAW/v1/000/382/250/00000/62d31dab-226e-4b57-b3be-8233328a3b22.root 382250 [200]
/store/data/Run2024F/Muon0/RAW/v1/000/382/250/00000/63944c78-3369-48b2-aa2e-b47aaadccf78.root 382250 [440]
/store/data/Run2024F/Muon0/RAW/v1/000/382/250/00000/63dda4fe-d7f5-477e-b931-cbf739de008b.root 382250 [745]
/store/data/Run2024F/Muon0/RAW/v1/000/382/250/00000/63f869a7-6c66-4167-ae2d-1b8a5235c866.root 382250 [309]
/store/data/Run2024F/Muon0/RAW/v1/000/382/250/00000/63fd7e1b-4fb0-4a0e-b4f3-6f4d76051cb9.root 382250 [790]
/store/data/Run2024F/Muon0/RAW/v1/000/382/250/00000/641bb90f-0fa2-4ae1-8c1f-b44040d255d9.root 382250 [643]
/store/data/Run2024F/Muon0/RAW/v1/000/382/250/00000/64371749-33ef-486e-ab51-dd6c2cb80473.root 382250 [719]
/store/data/Run2024F/Muon0/RAW/v1/000/382/250/00000/652f27ef-f35a-46b3-8a2e-da9020c5f929.root 382250 [493]
/store/data/Run2024F/Muon0/RAW/v1/000/382/250/00000/655bc0eb-336e-4f4b-b073-cc740846e175.root 382250 [800]
/store/data/Run2024F/Muon0/RAW/v1/000/382/250/00000/656b2032-3196-4403-8899-d491438eed67.root 382250 [635]
/store/data/Run2024F/Muon0/RAW/v1/000/382/250/00000/65cedfa7-169c-4b69-81e9-6a04725e9b05.root 382250 [351]
/store/data/Run2024F/Muon0/RAW/v1/000/382/250/00000/674e1d45-7c30-4ff1-a2e8-d9a2e355bebc.root 382250 [408]
/store/data/Run2024F/Muon0/RAW/v1/000/382/250/00000/676dc8f7-814a-4cfe-a9df-1cb90eaf47a5.root 382250 [541]
/store/data/Run2024F/Muon0/RAW/v1/000/382/250/00000/6773e2c9-51af-401e-9ee8-3f383de3cfcf.root 382250 [799]
/store/data/Run2024F/Muon0/RAW/v1/000/382/250/00000/679f679d-22ee-464e-9426-516a6057a8fd.root 382250 [564]
/store/data/Run2024F/Muon0/RAW/v1/000/382/250/00000/67de0012-e49b-4667-8f38-439bc454f1fa.root 382250 [527]
/store/data/Run2024F/Muon0/RAW/v1/000/382/250/00000/68461f9d-272f-49be-9aba-52c7ba6acd5c.root 382250 [845]
/store/data/Run2024F/Muon0/RAW/v1/000/382/250/00000/68690809-d84e-4ffb-bf1a-263ccdad5468.root 382250 [627]
/store/data/Run2024F/Muon0/RAW/v1/000/382/250/00000/69109ec6-c394-4f32-96fb-5ae0ccb9290e.root 382250 [665]
/store/data/Run2024F/Muon0/RAW/v1/000/382/250/00000/69e3606c-4002-43b4-991f-7aa1cb6e4cd7.root 382250 [540]
/store/data/Run2024F/Muon0/RAW/v1/000/382/250/00000/6a0d4881-2c5f-46cb-9398-6129f0f67526.root 382250 [424]
/store/data/Run2024F/Muon0/RAW/v1/000/382/250/00000/6b3a9d7a-aa6c-46ae-9bb2-5d26bede8b49.root 382250 [793]
/store/data/Run2024F/Muon0/RAW/v1/000/382/250/00000/6be0f994-bb25-4650-9b0b-7eca8ff6fb8b.root 382250 [809]
/store/data/Run2024F/Muon0/RAW/v1/000/382/250/00000/6d3c9bc8-99a5-4cb3-8a38-8ccf323f93c8.root 382250 [575]
/store/data/Run2024F/Muon0/RAW/v1/000/382/250/00000/6df289fe-cf23-41e8-91ef-ea949d624214.root 382250 [360]
/store/data/Run2024F/Muon0/RAW/v1/000/382/250/00000/6df65294-2671-481f-b8a4-630aff92b61b.root 382250 [253]
/store/data/Run2024F/Muon0/RAW/v1/000/382/250/00000/6e5dad17-a053-427f-ace2-8e5fcb49a4cf.root 382250 [565]
/store/data/Run2024F/Muon0/RAW/v1/000/382/250/00000/6e7e5e78-d248-4291-8130-31712dd19d29.root 382250 [287]
/store/data/Run2024F/Muon0/RAW/v1/000/382/250/00000/6ea33079-2ab4-4b0d-ad3f-7588a575fd1f.root 382250 [396]
/store/data/Run2024F/Muon0/RAW/v1/000/382/250/00000/6efe1a96-aa44-4d2e-848a-84f3366637b8.root 382250 [378]
/store/data/Run2024F/Muon0/RAW/v1/000/382/250/00000/6efed53b-a2da-4db4-b4c9-553fc282d21a.root 382250 [146]
/store/data/Run2024F/Muon0/RAW/v1/000/382/250/00000/6fe53207-7d00-41bc-a4e6-1a41249d3da1.root 382250 [404]
/store/data/Run2024F/Muon0/RAW/v1/000/382/250/00000/70a1f9dd-e10c-4fb3-ac77-2f059d2f6f46.root 382250 [192]
/store/data/Run2024F/Muon0/RAW/v1/000/382/250/00000/70ac0c47-f82c-430b-b97e-e9c27ef1a9f7.root 382250 [742]
/store/data/Run2024F/Muon0/RAW/v1/000/382/250/00000/721236d3-480b-49b9-8544-dc03f4628966.root 382250 [203]
/store/data/Run2024F/Muon0/RAW/v1/000/382/250/00000/722a0dc3-1fd3-44cb-9184-6c368e680f56.root 382250 [519]
/store/data/Run2024F/Muon0/RAW/v1/000/382/250/00000/72ecc0fb-19d1-4356-ab31-42a3ce374bba.root 382250 [339]
/store/data/Run2024F/Muon0/RAW/v1/000/382/250/00000/739c1e19-f79e-4776-a1d7-d57bcd849a66.root 382250 [75,73,74,76]
/store/data/Run2024F/Muon0/RAW/v1/000/382/250/00000/741828d3-e0c9-4a54-816a-d9080d27e815.root 382250 [208]
/store/data/Run2024F/Muon0/RAW/v1/000/382/250/00000/7437ffc4-1630-4515-b026-13ccfba89f86.root 382250 [127,128,126]
/store/data/Run2024F/Muon0/RAW/v1/000/382/250/00000/7448db18-7870-4633-b7c5-f68ace28aa30.root 382250 [598]
/store/data/Run2024F/Muon0/RAW/v1/000/382/250/00000/74b4ad01-c946-42bf-9cb8-96935163aaa8.root 382250 [403]
/store/data/Run2024F/Muon0/RAW/v1/000/382/250/00000/74e6bcf3-ad7e-4d75-acfc-2ace80c3e396.root 382250 [874,875]
/store/data/Run2024F/Muon0/RAW/v1/000/382/250/00000/7534468f-6b3e-4852-b7dc-10aa2ea80a80.root 382250 [517]
/store/data/Run2024F/Muon0/RAW/v1/000/382/250/00000/755faa35-001f-462d-a25c-c2f9b9828610.root 382250 [296]
/store/data/Run2024F/Muon0/RAW/v1/000/382/250/00000/756bfcff-6402-4d0c-9346-4bae28f23ab0.root 382250 [225]
/store/data/Run2024F/Muon0/RAW/v1/000/382/250/00000/76533106-bbab-4faa-bab2-491772d000b2.root 382250 [405]
/store/data/Run2024F/Muon0/RAW/v1/000/382/250/00000/767060af-0838-4714-bea4-91b78c18ba6c.root 382250 [168]
/store/data/Run2024F/Muon0/RAW/v1/000/382/250/00000/7677deaa-308e-492b-8fe1-ef7d44832ca9.root 382250 [806,805]
/store/data/Run2024F/Muon0/RAW/v1/000/382/250/00000/76d919f6-f527-4124-9dd7-2d8ed8a9b33c.root 382250 [710]
/store/data/Run2024F/Muon0/RAW/v1/000/382/250/00000/7734fbae-2ebe-4195-9435-d1eec81e2f29.root 382250 [104,105]
/store/data/Run2024F/Muon0/RAW/v1/000/382/250/00000/7790d8aa-6202-4571-8c69-2b3b65fd9bc5.root 382250 [276]
/store/data/Run2024F/Muon0/RAW/v1/000/382/250/00000/779234d5-c870-4789-b59a-d7f302170c49.root 382250 [510]
/store/data/Run2024F/Muon0/RAW/v1/000/382/250/00000/77cbe5e9-0bd6-4a12-8145-63b1b8899de3.root 382250 [279]
/store/data/Run2024F/Muon0/RAW/v1/000/382/250/00000/77d2fa03-b6b3-4a1c-9916-6a578b0f082b.root 382250 [8,21,23,26,29,41,12,14,17,24,32,33,38,4,18,20,22,25,42,5,13,31,39,40,6,10,16,19,27,28,36,37,1,3,9,15,34,35,2,7,11,30]
/store/data/Run2024F/Muon0/RAW/v1/000/382/250/00000/787a589c-5c81-434b-b905-5cf51eb41f9c.root 382250 [166]
/store/data/Run2024F/Muon0/RAW/v1/000/382/250/00000/788fd9a8-2e58-4973-b9b8-5695871a55b2.root 382250 [804]
/store/data/Run2024F/Muon0/RAW/v1/000/382/250/00000/78b28903-0dcc-4ea9-80e4-188e428a6834.root 382250 [301]
/store/data/Run2024F/Muon0/RAW/v1/000/382/250/00000/78eace5e-8804-4e4c-8877-d465a7cb6f8c.root 382250 [733]
/store/data/Run2024F/Muon0/RAW/v1/000/382/250/00000/7920357e-276e-4b9e-9d6c-3cf241e8586c.root 382250 [549]
/store/data/Run2024F/Muon0/RAW/v1/000/382/250/00000/7a4f9543-56ad-448b-92a8-bba06e68e0aa.root 382250 [387]
/store/data/Run2024F/Muon0/RAW/v1/000/382/250/00000/7a55c9a8-6f89-4676-a04d-58a1781b5ca9.root 382250 [695]
/store/data/Run2024F/Muon0/RAW/v1/000/382/250/00000/7b024958-807d-4e4a-8ef9-00bb1045611e.root 382250 [612]
/store/data/Run2024F/Muon0/RAW/v1/000/382/250/00000/7b167e82-0cc1-42ad-bd86-09b5ebdf5eb2.root 382250 [690]
/store/data/Run2024F/Muon0/RAW/v1/000/382/250/00000/7b86ecb6-4bd3-4ece-99bf-e227cbc8e91f.root 382250 [497]
/store/data/Run2024F/Muon0/RAW/v1/000/382/250/00000/7c30506c-bc4b-43ba-99bd-608cfb04f8c9.root 382250 [334]
/store/data/Run2024F/Muon0/RAW/v1/000/382/250/00000/7cee08fe-4e2f-4e8f-92d1-76ff9420eef6.root 382250 [319]
/store/data/Run2024F/Muon0/RAW/v1/000/382/250/00000/7cfb5607-a3b2-4028-a6c8-a52196b8fdba.root 382250 [154]
/store/data/Run2024F/Muon0/RAW/v1/000/382/250/00000/7d3c6327-1ab9-496c-9926-57a13bc1e287.root 382250 [728]
/store/data/Run2024F/Muon0/RAW/v1/000/382/250/00000/7da8ac78-1fd5-42b7-81ec-17f1982d6824.root 382250 [263]
/store/data/Run2024F/Muon0/RAW/v1/000/382/250/00000/7daaf95c-1836-4b57-9752-d84b1c0c29f2.root 382250 [908,909]
/store/data/Run2024F/Muon0/RAW/v1/000/382/250/00000/7e024cfd-1e6b-47d9-9bed-246d8f08995e.root 382250 [810]
/store/data/Run2024F/Muon0/RAW/v1/000/382/250/00000/7e4fb5c8-7e07-45f8-af1e-b018e1008dc0.root 382250 [725]
/store/data/Run2024F/Muon0/RAW/v1/000/382/250/00000/7e6cac16-8a58-49b8-bb28-317c4542ed06.root 382250 [761]
/store/data/Run2024F/Muon0/RAW/v1/000/382/250/00000/7ea2665a-a4df-4423-a0be-750272c384df.root 382250 [605]
/store/data/Run2024F/Muon0/RAW/v1/000/382/250/00000/7f8ec142-62c0-46c0-ae77-93c7df822e17.root 382250 [320]
/store/data/Run2024F/Muon0/RAW/v1/000/382/250/00000/8016fc34-3010-461a-bb20-9c7fd8a859e7.root 382250 [345]
/store/data/Run2024F/Muon0/RAW/v1/000/382/250/00000/803e3f60-2eed-4e0c-9297-76ff327f3e79.root 382250 [254]
/store/data/Run2024F/Muon0/RAW/v1/000/382/250/00000/805abd67-9180-4670-a614-832033e0de80.root 382250 [739]
/store/data/Run2024F/Muon0/RAW/v1/000/382/250/00000/8066243b-eda4-4e34-938a-f176c203a087.root 382250 [609]
/store/data/Run2024F/Muon0/RAW/v1/000/382/250/00000/80d92ef1-7f95-4e5a-a17d-0ef33bddb173.root 382250 [412]
/store/data/Run2024F/Muon0/RAW/v1/000/382/250/00000/814ffaac-49de-4354-88ae-91e0ce9c8041.root 382250 [722,723]
/store/data/Run2024F/Muon0/RAW/v1/000/382/250/00000/81a7fb9c-1ab6-42b4-9b2b-e9ea97d8c89a.root 382250 [505]
/store/data/Run2024F/Muon0/RAW/v1/000/382/250/00000/82544841-da3e-488d-bcdb-1ad1bd6fa1f1.root 382250 [118,119,117]
/store/data/Run2024F/Muon0/RAW/v1/000/382/250/00000/825fadf4-17df-4705-bb8e-28263c0c82f2.root 382250 [713]
/store/data/Run2024F/Muon0/RAW/v1/000/382/250/00000/82f1139e-01ee-461f-b062-9fb63ffe5d2f.root 382250 [526]
/store/data/Run2024F/Muon0/RAW/v1/000/382/250/00000/82feb879-eb9a-4b9d-9ed4-9b871d8cbab0.root 382250 [771]
/store/data/Run2024F/Muon0/RAW/v1/000/382/250/00000/83055885-bd3f-4734-a9d8-299531f8d4c9.root 382250 [831]
/store/data/Run2024F/Muon0/RAW/v1/000/382/250/00000/8347b532-ec9c-490c-b186-6c38a61de2ed.root 382250 [671]
/store/data/Run2024F/Muon0/RAW/v1/000/382/250/00000/8393a61d-a71d-4848-939a-03c623666152.root 382250 [236]
/store/data/Run2024F/Muon0/RAW/v1/000/382/250/00000/8417eb67-27b5-4ef0-8c81-8858b2f02897.root 382250 [61,62,63,64]
/store/data/Run2024F/Muon0/RAW/v1/000/382/250/00000/842c7130-9e2d-4156-a84e-c33f8356c699.root 382250 [591]
/store/data/Run2024F/Muon0/RAW/v1/000/382/250/00000/845812bd-fc86-4197-a3bf-265ef18a89ef.root 382250 [769,770]
/store/data/Run2024F/Muon0/RAW/v1/000/382/250/00000/84637a18-a7b4-4859-88fb-f3603ad44ee4.root 382250 [333]
/store/data/Run2024F/Muon0/RAW/v1/000/382/250/00000/846c145b-0da2-4963-ae32-d06bc14df643.root 382250 [392]
/store/data/Run2024F/Muon0/RAW/v1/000/382/250/00000/84cd379a-3707-4c6c-a4e9-ac0281723779.root 382250 [521]
/store/data/Run2024F/Muon0/RAW/v1/000/382/250/00000/8528cb01-4483-4b48-b576-c81765d508d7.root 382250 [835]
/store/data/Run2024F/Muon0/RAW/v1/000/382/250/00000/854e3200-e212-4b7b-bc33-9a97b2c92ab0.root 382250 [286]
/store/data/Run2024F/Muon0/RAW/v1/000/382/250/00000/855441c9-2a77-4db5-9b19-e4a3b2ba416c.root 382250 [335]
/store/data/Run2024F/Muon0/RAW/v1/000/382/250/00000/85597a1a-27be-44a7-9f66-1ef59f169767.root 382250 [755]
/store/data/Run2024F/Muon0/RAW/v1/000/382/250/00000/85cac140-45a5-4317-ac62-b88efc548d0f.root 382250 [365]
/store/data/Run2024F/Muon0/RAW/v1/000/382/250/00000/86212b0a-3f2d-47da-8e92-b7a8db22b9f6.root 382250 [234]
/store/data/Run2024F/Muon0/RAW/v1/000/382/250/00000/868d6a6f-5382-4c2e-92c3-cfd4f1f9f5c2.root 382250 [707]
/store/data/Run2024F/Muon0/RAW/v1/000/382/250/00000/8700bcd8-11af-47b4-ab2f-2ab5885681e2.root 382250 [512]
/store/data/Run2024F/Muon0/RAW/v1/000/382/250/00000/87c4e51b-388d-4be3-b70b-590a4f82acd7.root 382250 [614]
/store/data/Run2024F/Muon0/RAW/v1/000/382/250/00000/880837db-0152-4889-8bc8-8a0b77398404.root 382250 [374]
/store/data/Run2024F/Muon0/RAW/v1/000/382/250/00000/88180758-bdf2-4569-9907-c38093534ad1.root 382250 [85,88,86,87]
/store/data/Run2024F/Muon0/RAW/v1/000/382/250/00000/89a05ea7-fc26-4d0e-acb8-68da647ae421.root 382250 [458]
/store/data/Run2024F/Muon0/RAW/v1/000/382/250/00000/89f52260-53e7-432b-8ea6-4900a2390e09.root 382250 [815]
/store/data/Run2024F/Muon0/RAW/v1/000/382/250/00000/8abb781a-ec41-41fb-9fe4-ccef64debfc1.root 382250 [715]
/store/data/Run2024F/Muon0/RAW/v1/000/382/250/00000/8acbc653-15d3-4a91-b1cd-281fdaea73ea.root 382250 [272]
/store/data/Run2024F/Muon0/RAW/v1/000/382/250/00000/8b35dc7b-52e9-41e8-946c-e623f3b3db87.root 382250 [653]
/store/data/Run2024F/Muon0/RAW/v1/000/382/250/00000/8b7d970b-9db6-4352-8fb9-117fc2945829.root 382250 [749]
/store/data/Run2024F/Muon0/RAW/v1/000/382/250/00000/8babfe41-1552-4ae3-a6a8-4a74b7360bf4.root 382250 [376]
/store/data/Run2024F/Muon0/RAW/v1/000/382/250/00000/8bc455cf-9494-41bd-8fa8-dc8c8745c133.root 382250 [774]
/store/data/Run2024F/Muon0/RAW/v1/000/382/250/00000/8bc64941-590d-4694-a157-b275f65e6f1b.root 382250 [592]
/store/data/Run2024F/Muon0/RAW/v1/000/382/250/00000/8cc4dda4-462d-403d-8ee6-c2816f65fa44.root 382250 [330]
/store/data/Run2024F/Muon0/RAW/v1/000/382/250/00000/8cf2ac72-47ca-4c74-8db3-fbdef4db51cf.root 382250 [210]
/store/data/Run2024F/Muon0/RAW/v1/000/382/250/00000/8cf68fff-99b1-4510-8937-75cb27d78541.root 382250 [322]
/store/data/Run2024F/Muon0/RAW/v1/000/382/250/00000/8d3cbcae-e3b2-407f-a063-ea95639a4861.root 382250 [534]
/store/data/Run2024F/Muon0/RAW/v1/000/382/250/00000/8dbf773c-3439-4bf9-bc80-a1110294e488.root 382250 [394]
/store/data/Run2024F/Muon0/RAW/v1/000/382/250/00000/8de1c79a-e9a6-4fdf-a39b-8265193cec79.root 382250 [872,871]
/store/data/Run2024F/Muon0/RAW/v1/000/382/250/00000/8e1866c7-f99c-40a9-993c-38588ba55edc.root 382250 [448]
/store/data/Run2024F/Muon0/RAW/v1/000/382/250/00000/8e41101c-e131-4797-9bb1-9e3e0d8d3de5.root 382250 [842]
/store/data/Run2024F/Muon0/RAW/v1/000/382/250/00000/8e5cc690-e092-4937-aeae-bb094cb3a749.root 382250 [741]
/store/data/Run2024F/Muon0/RAW/v1/000/382/250/00000/8f321c67-ece4-4eae-8867-a7a8eb233ebb.root 382250 [393]
/store/data/Run2024F/Muon0/RAW/v1/000/382/250/00000/90af0c21-e6cf-4408-b3a1-ec39f33c8fd0.root 382250 [43,47,48,44,46,45]
/store/data/Run2024F/Muon0/RAW/v1/000/382/250/00000/90b14cbe-285e-4085-8684-3070f51d2f1f.root 382250 [559]
/store/data/Run2024F/Muon0/RAW/v1/000/382/250/00000/918801a1-3687-45c8-b65a-dc7ada252082.root 382250 [693]
/store/data/Run2024F/Muon0/RAW/v1/000/382/250/00000/922ed753-fdac-4bca-b318-267105fc7149.root 382250 [264]
/store/data/Run2024F/Muon0/RAW/v1/000/382/250/00000/92849a94-e072-4df9-98bc-2ed278b3e1cf.root 382250 [812]
/store/data/Run2024F/Muon0/RAW/v1/000/382/250/00000/933e964c-63b7-4ca7-a31f-650ca46e69a2.root 382250 [231]
/store/data/Run2024F/Muon0/RAW/v1/000/382/250/00000/935d54e0-d073-4a92-8b18-a505aeecda3e.root 382250 [599]
/store/data/Run2024F/Muon0/RAW/v1/000/382/250/00000/936f0f4b-a922-4c77-b908-7d09e3571717.root 382250 [148]
/store/data/Run2024F/Muon0/RAW/v1/000/382/250/00000/938dd0d3-e3cf-4e2f-a366-e8675cadc66f.root 382250 [321]
/store/data/Run2024F/Muon0/RAW/v1/000/382/250/00000/93fb3549-3aaa-4f58-986c-fba1b3a730ae.root 382250 [133,134]
/store/data/Run2024F/Muon0/RAW/v1/000/382/250/00000/94a98def-eb63-4c74-9cb6-a54754d57a01.root 382250 [315]
/store/data/Run2024F/Muon0/RAW/v1/000/382/250/00000/95595f55-37e1-41bc-b033-e75a7b561f63.root 382250 [735]
/store/data/Run2024F/Muon0/RAW/v1/000/382/250/00000/95c55f5f-89ec-4f79-91cf-93d28d16eb13.root 382250 [568]
/store/data/Run2024F/Muon0/RAW/v1/000/382/250/00000/95d209fa-6e6e-44e4-ac00-50e2a9f6712b.root 382250 [720]
/store/data/Run2024F/Muon0/RAW/v1/000/382/250/00000/95d22f97-d665-4330-acf7-8446276e03cb.root 382250 [490]
/store/data/Run2024F/Muon0/RAW/v1/000/382/250/00000/95e118f5-7dfd-4a32-bcd5-d818f005f80a.root 382250 [324]
/store/data/Run2024F/Muon0/RAW/v1/000/382/250/00000/95faeb1c-0b30-44b4-bc0a-eeb417f47695.root 382250 [850]
/store/data/Run2024F/Muon0/RAW/v1/000/382/250/00000/96f1c48e-5b60-44d7-9a28-e36ca1f36ebe.root 382250 [657]
/store/data/Run2024F/Muon0/RAW/v1/000/382/250/00000/971c2f8e-d486-4da4-b48a-5b456150ff77.root 382250 [876,877]
/store/data/Run2024F/Muon0/RAW/v1/000/382/250/00000/97309f56-94ec-426b-87ed-6f062bf9e740.root 382250 [781]
/store/data/Run2024F/Muon0/RAW/v1/000/382/250/00000/975f7dc9-518a-4319-bdc4-a1324466e827.root 382250 [857]
/store/data/Run2024F/Muon0/RAW/v1/000/382/250/00000/97a046c6-c3ed-4d9a-bb3c-25f893ae0c5d.root 382250 [113,112]
/store/data/Run2024F/Muon0/RAW/v1/000/382/250/00000/97e8aa38-31c4-44bb-bca6-ea7853c1cb18.root 382250 [551]
/store/data/Run2024F/Muon0/RAW/v1/000/382/250/00000/98b16877-b67e-41dc-9f6c-bf2afc020478.root 382250 [615]
/store/data/Run2024F/Muon0/RAW/v1/000/382/250/00000/9992db9a-10da-43d8-b82b-dd2bb1309c87.root 382250 [325]
/store/data/Run2024F/Muon0/RAW/v1/000/382/250/00000/99a38fc6-5432-4fd5-b65e-58432d03bc93.root 382250 [375]
/store/data/Run2024F/Muon0/RAW/v1/000/382/250/00000/99c36697-e041-4782-a04a-a2b39a3fdd28.root 382250 [386]
/store/data/Run2024F/Muon0/RAW/v1/000/382/250/00000/99ee998f-e015-40d2-b441-0e74a7af088a.root 382250 [455,456]
/store/data/Run2024F/Muon0/RAW/v1/000/382/250/00000/99ff4a2d-0f24-4cd2-9cf5-dee2387bf6e8.root 382250 [255]
/store/data/Run2024F/Muon0/RAW/v1/000/382/250/00000/9a18081b-6f1b-4ddd-affc-c164d10a2ca5.root 382250 [918,919]
/store/data/Run2024F/Muon0/RAW/v1/000/382/250/00000/9a4c7442-a722-44cc-a5e8-d84938e774d0.root 382250 [912,913]
/store/data/Run2024F/Muon0/RAW/v1/000/382/250/00000/9a748a0d-5333-4d91-81e4-83fe3daeabfd.root 382250 [923,924,926,925,922]
/store/data/Run2024F/Muon0/RAW/v1/000/382/250/00000/9b11aeeb-74cd-4f76-af3c-8e6942329194.root 382250 [389]
/store/data/Run2024F/Muon0/RAW/v1/000/382/250/00000/9b379181-cc02-4736-bcd3-c1457ffcbc11.root 382250 [331]
/store/data/Run2024F/Muon0/RAW/v1/000/382/250/00000/9b3b4789-d736-4bf7-9c24-bc7ad383d46e.root 382250 [580]
/store/data/Run2024F/Muon0/RAW/v1/000/382/250/00000/9b8a02ab-128a-4fb6-a051-a6a2c77e16a7.root 382250 [859]
/store/data/Run2024F/Muon0/RAW/v1/000/382/250/00000/9b9b296b-e9e2-4b53-8dae-99a6c0904bad.root 382250 [814]
/store/data/Run2024F/Muon0/RAW/v1/000/382/250/00000/9c320e58-9413-4202-bfea-c58adeab8b0d.root 382250 [890,891]
/store/data/Run2024F/Muon0/RAW/v1/000/382/250/00000/9c62d43e-72da-4921-a15c-7fd4774d44c7.root 382250 [149]
/store/data/Run2024F/Muon0/RAW/v1/000/382/250/00000/9c8955df-8f2e-4de5-abe2-fa6c7e998b72.root 382250 [139]
/store/data/Run2024F/Muon0/RAW/v1/000/382/250/00000/9cbf5c88-4723-4601-bef9-bdebe8eb7194.root 382250 [561]
/store/data/Run2024F/Muon0/RAW/v1/000/382/250/00000/9d3532d6-d3bb-4e91-a7e8-3a98c871ebc2.root 382250 [882,883]
/store/data/Run2024F/Muon0/RAW/v1/000/382/250/00000/9db2f729-f1c4-403d-8de5-382a8d84b4c6.root 382250 [479]
/store/data/Run2024F/Muon0/RAW/v1/000/382/250/00000/9df0f0b5-b206-4722-9d17-f366f1011d41.root 382250 [758]
/store/data/Run2024F/Muon0/RAW/v1/000/382/250/00000/9e0d8632-0973-4366-add1-2879a48c6805.root 382250 [135]
/store/data/Run2024F/Muon0/RAW/v1/000/382/250/00000/9e1ed04f-73c6-4435-9415-beab8a62df05.root 382250 [453]
/store/data/Run2024F/Muon0/RAW/v1/000/382/250/00000/9e4c7eac-837c-4559-9678-04e7085170d2.root 382250 [611]
/store/data/Run2024F/Muon0/RAW/v1/000/382/250/00000/9e5c9e3f-e667-4de3-9fd0-660d45bd93ac.root 382250 [199]
/store/data/Run2024F/Muon0/RAW/v1/000/382/250/00000/9ea665b1-6cb9-44f6-b993-0b6c22cc69ca.root 382250 [515]
/store/data/Run2024F/Muon0/RAW/v1/000/382/250/00000/9ed07676-3d35-417b-9e2a-edeb44fe8757.root 382250 [347]
/store/data/Run2024F/Muon0/RAW/v1/000/382/250/00000/9efe2ef1-1810-40ee-a295-12ed7b6c6ee6.root 382250 [306]
/store/data/Run2024F/Muon0/RAW/v1/000/382/250/00000/9f3c6676-9cfd-4716-8cff-8961e8bb0fc3.root 382250 [439]
/store/data/Run2024F/Muon0/RAW/v1/000/382/250/00000/9f8c04e0-b976-4bdb-84ab-a57ce7a1e7f4.root 382250 [363]
/store/data/Run2024F/Muon0/RAW/v1/000/382/250/00000/9ff3c023-f330-49f2-b6af-8ccbad9ae2b4.root 382250 [132,129,130,131]
/store/data/Run2024F/Muon0/RAW/v1/000/382/250/00000/9ff6f52d-33bb-49d9-9d4d-7f3cfeab3251.root 382250 [311]
/store/data/Run2024F/Muon0/RAW/v1/000/382/250/00000/a0dfe1ce-b07a-4247-81d9-9668fd44ba4f.root 382250 [94,95,93]
/store/data/Run2024F/Muon0/RAW/v1/000/382/250/00000/a138dac5-44a3-4e2d-b9e8-645ed6e116f5.root 382250 [504]
/store/data/Run2024F/Muon0/RAW/v1/000/382/250/00000/a13fbab3-05fc-47ed-a056-4e695857b169.root 382250 [620]
/store/data/Run2024F/Muon0/RAW/v1/000/382/250/00000/a18750ca-5fc6-481c-b142-695d8c12be75.root 382250 [738]
/store/data/Run2024F/Muon0/RAW/v1/000/382/250/00000/a188b23b-b907-4b4f-89df-d97630515ed8.root 382250 [542]
/store/data/Run2024F/Muon0/RAW/v1/000/382/250/00000/a19ffcdf-5cb1-48a3-a5ac-8657cc2b1c38.root 382250 [500]
/store/data/Run2024F/Muon0/RAW/v1/000/382/250/00000/a1f26d4a-36b6-4d0c-b62a-1d219d2a72f9.root 382250 [165]
/store/data/Run2024F/Muon0/RAW/v1/000/382/250/00000/a1fb2646-d7e9-4124-aea9-4482f6718f13.root 382250 [855]
/store/data/Run2024F/Muon0/RAW/v1/000/382/250/00000/a1fbbe91-920d-4ce1-8d00-7a83238bf027.root 382250 [938,932,929,930,931,933,934,927,928,936,937,935]
/store/data/Run2024F/Muon0/RAW/v1/000/382/250/00000/a20b4cc8-a30c-4f77-ac4c-04cb379fd6ce.root 382250 [785]
/store/data/Run2024F/Muon0/RAW/v1/000/382/250/00000/a243eb7b-03df-4aa8-a278-3a09e50c86b6.root 382250 [233]
/store/data/Run2024F/Muon0/RAW/v1/000/382/250/00000/a2d0c6d3-649b-4963-8e31-3f6892a41416.root 382250 [689]
/store/data/Run2024F/Muon0/RAW/v1/000/382/250/00000/a3569e55-5a1b-4d05-a598-440d8fb45110.root 382250 [841]
/store/data/Run2024F/Muon0/RAW/v1/000/382/250/00000/a3968e2b-3e00-4c73-a863-6500855a1778.root 382250 [429]
/store/data/Run2024F/Muon0/RAW/v1/000/382/250/00000/a3d515ff-d8df-4eef-a63e-bb65e8c9b0ff.root 382250 [789]
/store/data/Run2024F/Muon0/RAW/v1/000/382/250/00000/a3ed2ddf-26b1-40d0-a277-6c0a70303bb8.root 382250 [223]
/store/data/Run2024F/Muon0/RAW/v1/000/382/250/00000/a4186a33-f450-44cb-b529-4e01eaff76c2.root 382250 [164]
/store/data/Run2024F/Muon0/RAW/v1/000/382/250/00000/a4333116-d6db-4227-80b7-53ab56faa9a1.root 382250 [865]
/store/data/Run2024F/Muon0/RAW/v1/000/382/250/00000/a530b79b-32b6-401d-a113-1b2e7b3224cc.root 382250 [522]
/store/data/Run2024F/Muon0/RAW/v1/000/382/250/00000/a53fdab5-45a1-4f05-bdc9-4421a3b19048.root 382250 [366]
/store/data/Run2024F/Muon0/RAW/v1/000/382/250/00000/a55aad8c-36a2-4e0e-b851-54f44d17b82e.root 382250 [622]
/store/data/Run2024F/Muon0/RAW/v1/000/382/250/00000/a67e013a-0aff-4b5b-8bcf-935db700d41d.root 382250 [578]
/store/data/Run2024F/Muon0/RAW/v1/000/382/250/00000/a6ecc416-8b6e-455f-bd4f-4360b2a45c5b.root 382250 [291]
/store/data/Run2024F/Muon0/RAW/v1/000/382/250/00000/a757b569-d681-48f5-8bb9-3afd5242a881.root 382250 [601]
/store/data/Run2024F/Muon0/RAW/v1/000/382/250/00000/a7705e77-6fb9-4116-b3e8-f6ee3f0dda58.root 382250 [583]
/store/data/Run2024F/Muon0/RAW/v1/000/382/250/00000/a8695142-a069-4115-8aff-bbf8ccdb92e8.root 382250 [868,869]
/store/data/Run2024F/Muon0/RAW/v1/000/382/250/00000/a8724ed6-a310-4977-8df1-438e423f8a3f.root 382250 [188]
/store/data/Run2024F/Muon0/RAW/v1/000/382/250/00000/a8a8ea5e-7339-426e-a74f-ae6d8dbe7cb5.root 382250 [494]
/store/data/Run2024F/Muon0/RAW/v1/000/382/250/00000/a8c3d5aa-ec12-4d49-8f15-a3b1e40048de.root 382250 [187]
/store/data/Run2024F/Muon0/RAW/v1/000/382/250/00000/a8c55c22-0802-4106-a07c-c3144dcb79b9.root 382250 [219]
/store/data/Run2024F/Muon0/RAW/v1/000/382/250/00000/a8e4b1fa-ea32-4a68-b7cf-25763d039d9b.root 382250 [416]
/store/data/Run2024F/Muon0/RAW/v1/000/382/250/00000/a8f0beb4-713f-4421-85c2-fbfcc7aff36c.root 382250 [765]
/store/data/Run2024F/Muon0/RAW/v1/000/382/250/00000/a9094107-f7f8-472f-91c0-c261c41699af.root 382250 [426]
/store/data/Run2024F/Muon0/RAW/v1/000/382/250/00000/a970b698-4204-40e4-9189-e21703c72c1b.root 382250 [662]
/store/data/Run2024F/Muon0/RAW/v1/000/382/250/00000/a9c5cc06-d50e-46f4-a069-7ab0149c52d9.root 382250 [634]
/store/data/Run2024F/Muon0/RAW/v1/000/382/250/00000/aa729fdb-bf1f-4858-a6bb-fd17c9b7591c.root 382250 [107,106]
/store/data/Run2024F/Muon0/RAW/v1/000/382/250/00000/ab09a0dd-2c1d-4d97-93f3-5dc49e74ea4c.root 382250 [230]
/store/data/Run2024F/Muon0/RAW/v1/000/382/250/00000/ab0a49bf-2c2d-4720-9ddd-fbe98c38112f.root 382250 [259]
/store/data/Run2024F/Muon0/RAW/v1/000/382/250/00000/ab27dbad-9343-430f-b358-d566b272dd3c.root 382250 [675]
/store/data/Run2024F/Muon0/RAW/v1/000/382/250/00000/ab776937-9aac-4923-8e41-9418f7bd3a61.root 382250 [563]
/store/data/Run2024F/Muon0/RAW/v1/000/382/250/00000/ab80c713-2e95-4759-a857-9cf253ea2563.root 382250 [692]
/store/data/Run2024F/Muon0/RAW/v1/000/382/250/00000/abe5f24c-fa06-44cd-bb0a-321dbb740be2.root 382250 [362]
/store/data/Run2024F/Muon0/RAW/v1/000/382/250/00000/ac59e2fd-e5e4-4cea-b987-3658d3c7a550.root 382250 [445]
/store/data/Run2024F/Muon0/RAW/v1/000/382/250/00000/ac860bd7-a815-4151-bfb2-82b798df2e06.root 382250 [428]
/store/data/Run2024F/Muon0/RAW/v1/000/382/250/00000/acde19f4-ac51-46ce-a96a-b0b3b2031ecf.root 382250 [532]
/store/data/Run2024F/Muon0/RAW/v1/000/382/250/00000/acfb22a7-caf2-4c47-ac9a-933ef864775a.root 382250 [495]
/store/data/Run2024F/Muon0/RAW/v1/000/382/250/00000/ad76dff8-8f8f-47b2-bf31-1c7edf1d0f2b.root 382250 [573]
/store/data/Run2024F/Muon0/RAW/v1/000/382/250/00000/adb9c6bb-f27b-425e-a398-c1ac2069fb8f.root 382250 [779]
/store/data/Run2024F/Muon0/RAW/v1/000/382/250/00000/ae0dc4b0-b07d-4c06-b3e0-87bdae298cfb.root 382250 [566]
/store/data/Run2024F/Muon0/RAW/v1/000/382/250/00000/ae235b4f-fba2-4f45-854a-62879ce90935.root 382250 [777]
/store/data/Run2024F/Muon0/RAW/v1/000/382/250/00000/aeb81fc4-5b16-4e78-a9cf-dabf20d60b86.root 382250 [798]
/store/data/Run2024F/Muon0/RAW/v1/000/382/250/00000/af223f68-021c-4dd6-844a-1c7d4b689b6a.root 382250 [639]
/store/data/Run2024F/Muon0/RAW/v1/000/382/250/00000/af59b18e-973c-49a2-8522-1911d84e545e.root 382250 [248]
/store/data/Run2024F/Muon0/RAW/v1/000/382/250/00000/aff02a26-ea8a-451b-812d-2b7de26ccd28.root 382250 [310]
/store/data/Run2024F/Muon0/RAW/v1/000/382/250/00000/aff141e2-4988-4e40-a91a-5c393c23fa0e.root 382250 [593]
/store/data/Run2024F/Muon0/RAW/v1/000/382/250/00000/b01e7359-0844-4aaf-b1ed-0ac1a3b99957.root 382250 [590]
/store/data/Run2024F/Muon0/RAW/v1/000/382/250/00000/b025233f-ea19-46a3-b87e-4e697f488a77.root 382250 [714]
/store/data/Run2024F/Muon0/RAW/v1/000/382/250/00000/b046ee3e-8211-43c6-8f8c-02a849356e51.root 382250 [856]
/store/data/Run2024F/Muon0/RAW/v1/000/382/250/00000/b06d4ce2-cdf2-472a-980d-dae80cbd92fb.root 382250 [536]
/store/data/Run2024F/Muon0/RAW/v1/000/382/250/00000/b0d3f005-0b15-482f-b1b6-075750e95500.root 382250 [740]
/store/data/Run2024F/Muon0/RAW/v1/000/382/250/00000/b0ea6371-964b-49c6-a553-6a1e536687ea.root 382250 [221]
/store/data/Run2024F/Muon0/RAW/v1/000/382/250/00000/b1099955-040c-4064-b06f-f8032a6efb84.root 382250 [674]
/store/data/Run2024F/Muon0/RAW/v1/000/382/250/00000/b11fdd2e-595a-4a6c-b4db-ab712bfe7497.root 382250 [273]
/store/data/Run2024F/Muon0/RAW/v1/000/382/250/00000/b12ec894-6878-4b9f-9cf8-74e5ab20261f.root 382250 [327]
/store/data/Run2024F/Muon0/RAW/v1/000/382/250/00000/b1a0c538-b5ae-4fce-b571-aaeef1707cdc.root 382250 [348]
/store/data/Run2024F/Muon0/RAW/v1/000/382/250/00000/b2245c26-ce4a-446e-81fb-975e1bbd5bbc.root 382250 [423]
/store/data/Run2024F/Muon0/RAW/v1/000/382/250/00000/b3077036-ec0f-4b40-87d7-93e3fdd666e0.root 382250 [656]
/store/data/Run2024F/Muon0/RAW/v1/000/382/250/00000/b312e2ba-cca4-48bb-8f1a-64cdaf3b943d.root 382250 [282]
/store/data/Run2024F/Muon0/RAW/v1/000/382/250/00000/b34eb4b0-a6fd-4b51-a690-c8a0e4cd7248.root 382250 [520]
/store/data/Run2024F/Muon0/RAW/v1/000/382/250/00000/b39ba97e-2b95-41b4-85f1-a2e9dd5c9218.root 382250 [744]
/store/data/Run2024F/Muon0/RAW/v1/000/382/250/00000/b3ad281a-6d6f-475a-a2dc-4597d8997de3.root 382250 [284]
/store/data/Run2024F/Muon0/RAW/v1/000/382/250/00000/b41d20ba-f340-482a-9215-0dd1026a2f66.root 382250 [214]
/store/data/Run2024F/Muon0/RAW/v1/000/382/250/00000/b4286834-330e-43f1-a5f7-d39508043c91.root 382250 [413]
/store/data/Run2024F/Muon0/RAW/v1/000/382/250/00000/b431a7f8-99df-41ce-b65b-6611527558ab.root 382250 [664]
/store/data/Run2024F/Muon0/RAW/v1/000/382/250/00000/b506da68-69c6-4c7b-8cf6-c785529f600d.root 382250 [307]
/store/data/Run2024F/Muon0/RAW/v1/000/382/250/00000/b5be54be-f817-4abd-b891-f030e43240b6.root 382250 [637]
/store/data/Run2024F/Muon0/RAW/v1/000/382/250/00000/b616ed52-c296-4540-97ea-a7eec4dd5c8e.root 382250 [49,50,51,52]
/store/data/Run2024F/Muon0/RAW/v1/000/382/250/00000/b74f7f8f-07d2-4a8d-9fae-924611375c75.root 382250 [462]
/store/data/Run2024F/Muon0/RAW/v1/000/382/250/00000/b784f598-38b7-4e22-ae63-81a500106773.root 382250 [459,460]
/store/data/Run2024F/Muon0/RAW/v1/000/382/250/00000/b81240f6-e95f-445b-9fa4-694a1467ea52.root 382250 [516]
/store/data/Run2024F/Muon0/RAW/v1/000/382/250/00000/b89b8c1d-e270-45f6-be4f-f49277257019.root 382250 [252]
/store/data/Run2024F/Muon0/RAW/v1/000/382/250/00000/b8e1f990-ec35-455e-a38b-9728d7d4724d.root 382250 [262]
/store/data/Run2024F/Muon0/RAW/v1/000/382/250/00000/b93f6685-711b-4133-9b76-892c8857aeac.root 382250 [281,280]
/store/data/Run2024F/Muon0/RAW/v1/000/382/250/00000/b946d3f7-c10a-46cf-957e-1b7cda0ab90c.root 382250 [641]
/store/data/Run2024F/Muon0/RAW/v1/000/382/250/00000/b9a7d734-ae84-460f-94bf-d5698a62bd66.root 382250 [239]
/store/data/Run2024F/Muon0/RAW/v1/000/382/250/00000/b9b3a3de-556d-4e5d-babb-4e79318915d1.root 382250 [438]
/store/data/Run2024F/Muon0/RAW/v1/000/382/250/00000/ba73ac38-cfad-44c0-ba2a-a29c0a74e68f.root 382250 [171]
/store/data/Run2024F/Muon0/RAW/v1/000/382/250/00000/bb2d668e-52f7-44b6-b86c-fede820d852f.root 382250 [570]
/store/data/Run2024F/Muon0/RAW/v1/000/382/250/00000/bb512efc-ce7b-408f-a1eb-fe20d6473da8.root 382250 [124,125,123]
/store/data/Run2024F/Muon0/RAW/v1/000/382/250/00000/bb5f14b3-af67-4ee1-b896-f9375111f8be.root 382250 [587]
/store/data/Run2024F/Muon0/RAW/v1/000/382/250/00000/bb73236e-ce84-4661-886b-a1a61b74d43f.root 382250 [579]
/store/data/Run2024F/Muon0/RAW/v1/000/382/250/00000/bbe65eea-0496-40f9-aeba-1f9e73099598.root 382250 [802]
/store/data/Run2024F/Muon0/RAW/v1/000/382/250/00000/bce55f8f-7783-4530-badd-0b04926a2cc0.root 382250 [776]
/store/data/Run2024F/Muon0/RAW/v1/000/382/250/00000/bd1c1d70-964b-4830-b3a5-9abc27485b86.root 382250 [302]
/store/data/Run2024F/Muon0/RAW/v1/000/382/250/00000/be1fd64c-c59a-4861-9d6f-048332c4fb45.root 382250 [595]
/store/data/Run2024F/Muon0/RAW/v1/000/382/250/00000/beceaef4-a6b2-44d1-a863-72559346e38a.root 382250 [550]
/store/data/Run2024F/Muon0/RAW/v1/000/382/250/00000/bfb0da8e-217c-4b5d-9afe-359048ed7488.root 382250 [102,103]
/store/data/Run2024F/Muon0/RAW/v1/000/382/250/00000/c024898b-9b84-4b47-adbc-704a28424717.root 382250 [834]
/store/data/Run2024F/Muon0/RAW/v1/000/382/250/00000/c035f05c-fddb-474b-9626-2f9253ea169a.root 382250 [249]
/store/data/Run2024F/Muon0/RAW/v1/000/382/250/00000/c0ae5db3-65b9-42aa-a71e-a2f522e8efb2.root 382250 [275]
/store/data/Run2024F/Muon0/RAW/v1/000/382/250/00000/c0ccace9-98ff-4850-90a4-b924d7925d17.root 382250 [498]
/store/data/Run2024F/Muon0/RAW/v1/000/382/250/00000/c1050111-20d7-4289-933a-92b0f2721eb7.root 382250 [604]
/store/data/Run2024F/Muon0/RAW/v1/000/382/250/00000/c1917a21-9460-4608-a150-2b109d14ee8b.root 382250 [852]
/store/data/Run2024F/Muon0/RAW/v1/000/382/250/00000/c193944a-f764-4461-bca0-11d897ec3791.root 382250 [489]
/store/data/Run2024F/Muon0/RAW/v1/000/382/250/00000/c1e3f2cd-d876-47ac-96df-183f92e7b4f7.root 382250 [836]
/store/data/Run2024F/Muon0/RAW/v1/000/382/250/00000/c20378df-eacd-48f4-b389-fb781108e268.root 382250 [782]
/store/data/Run2024F/Muon0/RAW/v1/000/382/250/00000/c2457571-4273-464c-b5e8-b4111baaca89.root 382250 [472]
/store/data/Run2024F/Muon0/RAW/v1/000/382/250/00000/c2a3c2d6-96cf-4346-b773-c2d954f958a4.root 382250 [584]
/store/data/Run2024F/Muon0/RAW/v1/000/382/250/00000/c3ee78d5-3c08-452e-9383-57981cac047d.root 382250 [724]
/store/data/Run2024F/Muon0/RAW/v1/000/382/250/00000/c43452c8-35d4-4288-bf1f-b24510e474e1.root 382250 [607]
/store/data/Run2024F/Muon0/RAW/v1/000/382/250/00000/c43e5b54-0551-4949-bd22-9f6475150140.root 382250 [218]
/store/data/Run2024F/Muon0/RAW/v1/000/382/250/00000/c4d1f9c8-12fd-4ea7-9072-b1139d7eaeba.root 382250 [150]
/store/data/Run2024F/Muon0/RAW/v1/000/382/250/00000/c50597df-6a62-49d2-829b-889fec0d908a.root 382250 [304]
/store/data/Run2024F/Muon0/RAW/v1/000/382/250/00000/c53adbf3-4ec4-44ff-8d86-157baa046907.root 382250 [514]
/store/data/Run2024F/Muon0/RAW/v1/000/382/250/00000/c56fae5d-6ed6-4c65-9347-59e04e4a7a10.root 382250 [750]
/store/data/Run2024F/Muon0/RAW/v1/000/382/250/00000/c58f8dad-0171-411d-8601-297052b703f3.root 382250 [251]
/store/data/Run2024F/Muon0/RAW/v1/000/382/250/00000/c5ec2824-fa83-4466-b94f-46eee168345d.root 382250 [766]
/store/data/Run2024F/Muon0/RAW/v1/000/382/250/00000/c5ecd90f-a45f-4a24-b2eb-3672b0235089.root 382250 [801]
/store/data/Run2024F/Muon0/RAW/v1/000/382/250/00000/c61bd944-9efa-4be3-aec0-4b6cc6f96b56.root 382250 [293]
/store/data/Run2024F/Muon0/RAW/v1/000/382/250/00000/c640b560-3584-44c4-9177-87f4777fd261.root 382250 [471]
/store/data/Run2024F/Muon0/RAW/v1/000/382/250/00000/c674ea36-7872-4cd8-8784-be9b64d6ddb5.root 382250 [391]
/store/data/Run2024F/Muon0/RAW/v1/000/382/250/00000/c693cf58-3648-4c5a-9a1d-27b0b68ed4f2.root 382250 [870]
/store/data/Run2024F/Muon0/RAW/v1/000/382/250/00000/c6acd965-96ed-4998-bd2b-9cea49365056.root 382250 [241]
/store/data/Run2024F/Muon0/RAW/v1/000/382/250/00000/c6ba8d1a-1f18-4102-8ca4-f8ada1fb4885.root 382250 [206]
/store/data/Run2024F/Muon0/RAW/v1/000/382/250/00000/c72f81c9-96a3-4cce-97d1-ba1c8b8a4539.root 382250 [811]
/store/data/Run2024F/Muon0/RAW/v1/000/382/250/00000/c7a4fcfc-ae25-4e15-98a1-60963745f590.root 382250 [569]
/store/data/Run2024F/Muon0/RAW/v1/000/382/250/00000/c8164332-d29e-472c-b575-30cbb2ffc984.root 382250 [451]
/store/data/Run2024F/Muon0/RAW/v1/000/382/250/00000/c8566508-a3a2-4135-ab97-43717ed1a4dd.root 382250 [382]
/store/data/Run2024F/Muon0/RAW/v1/000/382/250/00000/c8a99239-42a8-41b1-906e-c23203d3f8da.root 382250 [757]
/store/data/Run2024F/Muon0/RAW/v1/000/382/250/00000/c8e20344-57dd-4396-9674-f0113bcbe8dc.root 382250 [629]
/store/data/Run2024F/Muon0/RAW/v1/000/382/250/00000/c90c786b-8844-4e57-8708-d47f1aaec08d.root 382250 [100,101]
/store/data/Run2024F/Muon0/RAW/v1/000/382/250/00000/c9470b8c-e147-4e60-a3f1-53601df65605.root 382250 [753]
/store/data/Run2024F/Muon0/RAW/v1/000/382/250/00000/c9f6f7ee-68bb-430d-8125-6658aa264a17.root 382250 [796]
/store/data/Run2024F/Muon0/RAW/v1/000/382/250/00000/ca69ce74-cd2b-4c3c-95ef-0142920e9fbf.root 382250 [361]
/store/data/Run2024F/Muon0/RAW/v1/000/382/250/00000/ca9886d8-4446-441a-a289-8d06577a866b.root 382250 [846]
/store/data/Run2024F/Muon0/RAW/v1/000/382/250/00000/cb2d2125-a940-450d-96ee-a49b3b53ab4b.root 382250 [161]
/store/data/Run2024F/Muon0/RAW/v1/000/382/250/00000/cb51195b-eb25-469e-a000-0039b77e5d5a.root 382250 [650]
/store/data/Run2024F/Muon0/RAW/v1/000/382/250/00000/cb6c13f3-d66b-4045-9597-67ce9ec819a1.root 382250 [712]
/store/data/Run2024F/Muon0/RAW/v1/000/382/250/00000/cb6e15fd-faa4-47d2-96de-5af02ff5d709.root 382250 [312]
/store/data/Run2024F/Muon0/RAW/v1/000/382/250/00000/cba29030-75be-488d-a91f-d35d8b3468d6.root 382250 [482]
/store/data/Run2024F/Muon0/RAW/v1/000/382/250/00000/cc0b7b89-fc7c-4f4b-94cc-2373c35e0e22.root 382250 [340]
/store/data/Run2024F/Muon0/RAW/v1/000/382/250/00000/cc297cd2-8ac1-40c3-a48f-1370f115fcc1.root 382250 [357]
/store/data/Run2024F/Muon0/RAW/v1/000/382/250/00000/cc80ac11-91f5-49a5-ae7c-226a56347832.root 382250 [708]
/store/data/Run2024F/Muon0/RAW/v1/000/382/250/00000/cceb1ddf-7cd9-4481-b79f-3fff253eb83a.root 382250 [721]
/store/data/Run2024F/Muon0/RAW/v1/000/382/250/00000/cd00e75a-84b8-4e40-9828-5ae72c420d5b.root 382250 [58,57,59,60]
/store/data/Run2024F/Muon0/RAW/v1/000/382/250/00000/cd84c148-d5e7-41c5-821c-ad7c7e84692e.root 382250 [477]
/store/data/Run2024F/Muon0/RAW/v1/000/382/250/00000/cdeb3ca5-645b-4551-a517-f7e2335203b4.root 382250 [625]
/store/data/Run2024F/Muon0/RAW/v1/000/382/250/00000/cdf176ba-11d8-489d-9ad4-50e7cbabc2c6.root 382250 [155]
/store/data/Run2024F/Muon0/RAW/v1/000/382/250/00000/ceb33488-fe9d-46b5-8293-e3f7f266d061.root 382250 [178]
/store/data/Run2024F/Muon0/RAW/v1/000/382/250/00000/cf8d8c89-b666-4451-a54c-bc1311448f56.root 382250 [618]
/store/data/Run2024F/Muon0/RAW/v1/000/382/250/00000/cffd23ff-02f7-4708-8bce-eebe85e21312.root 382250 [596]
/store/data/Run2024F/Muon0/RAW/v1/000/382/250/00000/cffe3aca-3259-420b-b08b-64aa44f7e82a.root 382250 [807,808]
/store/data/Run2024F/Muon0/RAW/v1/000/382/250/00000/d189dcb1-f206-4e66-b246-7407b902669c.root 382250 [143]
/store/data/Run2024F/Muon0/RAW/v1/000/382/250/00000/d1ae7fd1-e9d2-4bf2-95d6-93a8bfa36d4b.root 382250 [447]
/store/data/Run2024F/Muon0/RAW/v1/000/382/250/00000/d1c2f0fc-3124-4277-9924-1f1fe4a1e5d3.root 382250 [152]
/store/data/Run2024F/Muon0/RAW/v1/000/382/250/00000/d271df2a-5fe0-43a3-8cd7-0092978203ef.root 382250 [864]
/store/data/Run2024F/Muon0/RAW/v1/000/382/250/00000/d2a2a484-b842-47b9-951b-4b900cc4fb81.root 382250 [589]
/store/data/Run2024F/Muon0/RAW/v1/000/382/250/00000/d2a458de-388e-4c79-bd6a-74894e0374be.root 382250 [227]
/store/data/Run2024F/Muon0/RAW/v1/000/382/250/00000/d30becf2-0987-46bf-a7e2-561e15a636d9.root 382250 [151]
/store/data/Run2024F/Muon0/RAW/v1/000/382/250/00000/d34b5481-9fc2-4b0a-b8ee-1265a6c2ea0d.root 382250 [699]
/store/data/Run2024F/Muon0/RAW/v1/000/382/250/00000/d35a775f-71fe-4289-a30e-c4bdc8a029bd.root 382250 [485]
/store/data/Run2024F/Muon0/RAW/v1/000/382/250/00000/d37991d6-5c33-48ae-88b4-06e9f63c8c41.root 382250 [364]
/store/data/Run2024F/Muon0/RAW/v1/000/382/250/00000/d3e4925a-a2ef-484f-8cce-936c2d9a1948.root 382250 [418]
/store/data/Run2024F/Muon0/RAW/v1/000/382/250/00000/d3fba6b6-1e19-4400-a40f-838ea9f26e3e.root 382250 [488]
/store/data/Run2024F/Muon0/RAW/v1/000/382/250/00000/d437bbe7-cf0b-41dd-8630-23bc7af0b923.root 382250 [295]
/store/data/Run2024F/Muon0/RAW/v1/000/382/250/00000/d44c0846-345f-4a83-8170-1e08ae95cd7b.root 382250 [832]
/store/data/Run2024F/Muon0/RAW/v1/000/382/250/00000/d44da23e-27e1-4142-b235-60773f9ef916.root 382250 [562]
/store/data/Run2024F/Muon0/RAW/v1/000/382/250/00000/d52f87be-dc2f-47c6-8bad-71abb12bbbfa.root 382250 [491]
/store/data/Run2024F/Muon0/RAW/v1/000/382/250/00000/d53371da-14e1-4f6e-a063-94e8868ae1be.root 382250 [349]
/store/data/Run2024F/Muon0/RAW/v1/000/382/250/00000/d5772a45-dc66-4c2a-be20-1f36550cd0ce.root 382250 [552]
/store/data/Run2024F/Muon0/RAW/v1/000/382/250/00000/d5c758d1-b364-443f-838d-40b3da27949f.root 382250 [900,901]
/store/data/Run2024F/Muon0/RAW/v1/000/382/250/00000/d619e338-9f35-4330-8e4f-9f91a5f4a893.root 382250 [454]
/store/data/Run2024F/Muon0/RAW/v1/000/382/250/00000/d63b09d0-185d-4171-9c38-46e84d2dc4ed.root 382250 [422]
/store/data/Run2024F/Muon0/RAW/v1/000/382/250/00000/d6a8f121-94ec-427d-a668-dc30ba500717.root 382250 [72,69,71,70]
/store/data/Run2024F/Muon0/RAW/v1/000/382/250/00000/d6ae012f-1ffa-4e89-a1a3-040ef3305621.root 382250 [299]
/store/data/Run2024F/Muon0/RAW/v1/000/382/250/00000/d6ed7fb9-96e0-4382-9a99-9e361c1f1b8e.root 382250 [283]
/store/data/Run2024F/Muon0/RAW/v1/000/382/250/00000/d757db88-ab4c-4983-ade2-4085fa99df9b.root 382250 [501]
/store/data/Run2024F/Muon0/RAW/v1/000/382/250/00000/d76be4b6-1086-4247-9219-c8e245f3c55f.root 382250 [288]
/store/data/Run2024F/Muon0/RAW/v1/000/382/250/00000/d77a9f58-a652-4ae7-8bae-30c10e241cf3.root 382250 [80,79,77,78]
/store/data/Run2024F/Muon0/RAW/v1/000/382/250/00000/d7b348da-40a9-4e8c-986d-e3796487af16.root 382250 [294]
/store/data/Run2024F/Muon0/RAW/v1/000/382/250/00000/d7bf45fe-9282-4a97-9a11-92ba960273f5.root 382250 [523]
/store/data/Run2024F/Muon0/RAW/v1/000/382/250/00000/d9b96ee7-a420-408b-85a8-6047bb5ce636.root 382250 [184]
/store/data/Run2024F/Muon0/RAW/v1/000/382/250/00000/d9d94332-2096-4d79-9f91-7dc3d833f083.root 382250 [265]
/store/data/Run2024F/Muon0/RAW/v1/000/382/250/00000/d9fe2591-59ff-449c-9201-63e8e17936fc.root 382250 [398]
/store/data/Run2024F/Muon0/RAW/v1/000/382/250/00000/da2ea742-da74-4c2b-b1f4-68915e482d53.root 382250 [743]
/store/data/Run2024F/Muon0/RAW/v1/000/382/250/00000/dab20538-5851-46b6-b0aa-98f9aa33bdfc.root 382250 [441]
/store/data/Run2024F/Muon0/RAW/v1/000/382/250/00000/db16ca88-c7d2-4c64-82ce-f1409e597c3e.root 382250 [654]
/store/data/Run2024F/Muon0/RAW/v1/000/382/250/00000/db17ec12-8e48-4499-9a4d-f5d7e34f5b2f.root 382250 [730]
/store/data/Run2024F/Muon0/RAW/v1/000/382/250/00000/db1fba79-50e2-471d-9329-82e38ea74390.root 382250 [630]
/store/data/Run2024F/Muon0/RAW/v1/000/382/250/00000/db5e5961-7cc2-4873-a246-5a561ac0d869.root 382250 [277]
/store/data/Run2024F/Muon0/RAW/v1/000/382/250/00000/db63ea7b-87c3-4c0e-9a75-5216b0ad0286.root 382250 [367]
/store/data/Run2024F/Muon0/RAW/v1/000/382/250/00000/dc1e2487-85b7-49e3-91e1-42c1d0733b6c.root 382250 [468]
/store/data/Run2024F/Muon0/RAW/v1/000/382/250/00000/dc342fc1-dc29-4700-b57b-5b9dfc7e34ef.root 382250 [419]
/store/data/Run2024F/Muon0/RAW/v1/000/382/250/00000/dc43ce23-17bf-4172-9c4b-b2882f8c8359.root 382250 [648]
/store/data/Run2024F/Muon0/RAW/v1/000/382/250/00000/dc506eaa-d57e-431f-b54d-0fc728296da6.root 382250 [156]
/store/data/Run2024F/Muon0/RAW/v1/000/382/250/00000/dc757211-9d3d-4d07-9e72-455371011bdd.root 382250 [666]
/store/data/Run2024F/Muon0/RAW/v1/000/382/250/00000/dd6725f3-8507-4e30-a32e-d418a12f1dfc.root 382250 [726]
/store/data/Run2024F/Muon0/RAW/v1/000/382/250/00000/dd7373d5-43fd-4b09-bc6d-d60cff971e8f.root 382250 [194]
/store/data/Run2024F/Muon0/RAW/v1/000/382/250/00000/dd806dc8-d5f6-4a97-88ee-0e699cdfe3ea.root 382250 [209]
/store/data/Run2024F/Muon0/RAW/v1/000/382/250/00000/dd834bcf-a295-4ad0-9fab-7df82ec634c7.root 382250 [475]
/store/data/Run2024F/Muon0/RAW/v1/000/382/250/00000/de507365-e594-4f9b-94d2-8f3745ef4fcf.root 382250 [511]
/store/data/Run2024F/Muon0/RAW/v1/000/382/250/00000/dee0bb11-edc1-4736-9e34-77b84413b942.root 382250 [840]
/store/data/Run2024F/Muon0/RAW/v1/000/382/250/00000/deeded9b-6448-4a8a-8581-bc72c0fd213c.root 382250 [175]
/store/data/Run2024F/Muon0/RAW/v1/000/382/250/00000/df731007-bf28-4e2d-83c8-58b32ac65d7a.root 382250 [545]
/store/data/Run2024F/Muon0/RAW/v1/000/382/250/00000/e0369eed-c420-4c03-a6ef-cf916d4747fb.root 382250 [329]
/store/data/Run2024F/Muon0/RAW/v1/000/382/250/00000/e03f9745-f895-45d4-b80f-3a439158cb40.root 382250 [752]
/store/data/Run2024F/Muon0/RAW/v1/000/382/250/00000/e10b052f-d33a-44c7-8881-94c7b1e432fc.root 382250 [528]
/store/data/Run2024F/Muon0/RAW/v1/000/382/250/00000/e1b0313b-12fc-4822-b563-2585688331a3.root 382250 [655]
/store/data/Run2024F/Muon0/RAW/v1/000/382/250/00000/e1e5e195-fd58-4011-bf2a-c67489f562ee.root 382250 [450]
/store/data/Run2024F/Muon0/RAW/v1/000/382/250/00000/e2e5582c-70d3-4e28-8c55-fa10a0ac9579.root 382250 [318]
/store/data/Run2024F/Muon0/RAW/v1/000/382/250/00000/e2ea43f2-c708-44af-a4f7-22138e125552.root 382250 [303]
/store/data/Run2024F/Muon0/RAW/v1/000/382/250/00000/e45d8b89-d1f9-4083-bca7-a817b5621355.root 382250 [136]
/store/data/Run2024F/Muon0/RAW/v1/000/382/250/00000/e4c69797-2579-4f9e-aa65-cf93d093e01d.root 382250 [822]
/store/data/Run2024F/Muon0/RAW/v1/000/382/250/00000/e50683b6-3914-4613-849c-896d5f7ff522.root 382250 [350]
/store/data/Run2024F/Muon0/RAW/v1/000/382/250/00000/e52c56c7-5d05-45b4-b52d-d102bc22e4de.root 382250 [336]
/store/data/Run2024F/Muon0/RAW/v1/000/382/250/00000/e5677f49-090a-496a-a254-cf4599a29b30.root 382250 [431]
/store/data/Run2024F/Muon0/RAW/v1/000/382/250/00000/e5995c35-22e9-4713-b0dc-e37d35d64b0e.root 382250 [672]
/store/data/Run2024F/Muon0/RAW/v1/000/382/250/00000/e5f2f8f8-f58e-41a5-9e73-c39616bfa82d.root 382250 [270]
/store/data/Run2024F/Muon0/RAW/v1/000/382/250/00000/e6781a6b-47b7-449c-91da-ab4f2e49fa9c.root 382250 [452]
/store/data/Run2024F/Muon0/RAW/v1/000/382/250/00000/e6e7c1cc-ae09-49af-a131-44f49b9b60cf.root 382250 [407]
/store/data/Run2024F/Muon0/RAW/v1/000/382/250/00000/e8f2205e-d2cf-4e07-9ad4-70107e288da9.root 382250 [645]
/store/data/Run2024F/Muon0/RAW/v1/000/382/250/00000/e964e0a8-fa20-428a-8666-fdd488d7a82d.root 382250 [465]
/store/data/Run2024F/Muon0/RAW/v1/000/382/250/00000/e981c01c-565e-45d8-8c1d-82efcd10164c.root 382250 [917,916]
/store/data/Run2024F/Muon0/RAW/v1/000/382/250/00000/e9f9a662-9266-432c-8359-51a82734186f.root 382250 [759]
/store/data/Run2024F/Muon0/RAW/v1/000/382/250/00000/e9fa103b-092e-49ea-ba9a-8521fe7a228f.root 382250 [509]
/store/data/Run2024F/Muon0/RAW/v1/000/382/250/00000/ea4e7810-f6a2-4d18-be2c-bf811479e578.root 382250 [574]
/store/data/Run2024F/Muon0/RAW/v1/000/382/250/00000/ea8e07d5-9588-4e10-b717-f9cae9fc9927.root 382250 [553]
/store/data/Run2024F/Muon0/RAW/v1/000/382/250/00000/ea982118-0b52-427e-9e9b-d5c4f51b5d54.root 382250 [473]
/store/data/Run2024F/Muon0/RAW/v1/000/382/250/00000/eb33fb9b-c64f-4464-9636-8125a4641dc6.root 382250 [914,915]
/store/data/Run2024F/Muon0/RAW/v1/000/382/250/00000/eb44d833-35df-4114-87cb-91b0a2b0150b.root 382250 [668]
/store/data/Run2024F/Muon0/RAW/v1/000/382/250/00000/eb956dc1-a39a-4c7f-8d29-019013919e1e.root 382250 [727]
/store/data/Run2024F/Muon0/RAW/v1/000/382/250/00000/ebdcf16d-101e-4ec0-8e97-2b022348fcf0.root 382250 [212]
/store/data/Run2024F/Muon0/RAW/v1/000/382/250/00000/ec52f904-4917-42c8-92e5-ee544ee94144.root 382250 [355]
/store/data/Run2024F/Muon0/RAW/v1/000/382/250/00000/ec7a8a74-3f55-406b-b1e3-1c168e538a98.root 382250 [202]
/store/data/Run2024F/Muon0/RAW/v1/000/382/250/00000/ec8183f6-6179-4ace-a6f3-b780f2ce5d08.root 382250 [341]
/store/data/Run2024F/Muon0/RAW/v1/000/382/250/00000/ecd2359b-3caa-424d-b798-8bcb5f294cce.root 382250 [196]
/store/data/Run2024F/Muon0/RAW/v1/000/382/250/00000/ed5886c8-eecf-4dd0-9a8f-1b8fd0c46d53.root 382250 [610]
/store/data/Run2024F/Muon0/RAW/v1/000/382/250/00000/ed8c656f-f416-402c-9ba9-a34d0ca973de.root 382250 [499]
/store/data/Run2024F/Muon0/RAW/v1/000/382/250/00000/ee158338-818a-4d54-8785-843ce8cbc0ff.root 382250 [170]
/store/data/Run2024F/Muon0/RAW/v1/000/382/250/00000/ee5e3f19-6f8b-407e-927a-988ca242ff27.root 382250 [887,886]
/store/data/Run2024F/Muon0/RAW/v1/000/382/250/00000/ee7395d1-a14e-4325-b8ad-7235e73c0e19.root 382250 [827]
/store/data/Run2024F/Muon0/RAW/v1/000/382/250/00000/ee7b0398-e185-4033-8880-575ea2c5e560.root 382250 [353]
/store/data/Run2024F/Muon0/RAW/v1/000/382/250/00000/eefb3bee-8864-4c5c-a8a2-41700c7c9bd5.root 382250 [544]
/store/data/Run2024F/Muon0/RAW/v1/000/382/250/00000/ef0b5179-e595-4230-848f-8cb574e7d5f8.root 382250 [342]
/store/data/Run2024F/Muon0/RAW/v1/000/382/250/00000/ef45c712-f459-461b-97c3-4c30bb3529b7.root 382250 [586]
/store/data/Run2024F/Muon0/RAW/v1/000/382/250/00000/ef8418f3-21fe-4e67-ab0e-c8871fcd1a23.root 382250 [182]
/store/data/Run2024F/Muon0/RAW/v1/000/382/250/00000/efab6d11-1f0d-43cf-b566-362be73aa489.root 382250 [667]
/store/data/Run2024F/Muon0/RAW/v1/000/382/250/00000/eff75269-5741-4f89-bba9-1f9acef6dd43.root 382250 [703]
/store/data/Run2024F/Muon0/RAW/v1/000/382/250/00000/f034bb0f-a0a9-4744-b4d5-cb44f7fad66e.root 382250 [198]
/store/data/Run2024F/Muon0/RAW/v1/000/382/250/00000/f106ddc4-302f-4201-89b7-8273e3dde048.root 382250 [243]
/store/data/Run2024F/Muon0/RAW/v1/000/382/250/00000/f1386e63-7c33-4839-9bd4-4de502c419a8.root 382250 [787]
/store/data/Run2024F/Muon0/RAW/v1/000/382/250/00000/f15ad40f-9575-43c7-bdd7-7ccc7d313abe.root 382250 [466]
/store/data/Run2024F/Muon0/RAW/v1/000/382/250/00000/f1751237-a5fd-45d9-b1ae-e1b7aa8bd9f4.root 382250 [588]
/store/data/Run2024F/Muon0/RAW/v1/000/382/250/00000/f2b6264b-9978-4e08-827d-1825d22c1648.root 382250 [228]
/store/data/Run2024F/Muon0/RAW/v1/000/382/250/00000/f2e2568d-4a45-43bf-a158-bd8d06a95cd5.root 382250 [417]
/store/data/Run2024F/Muon0/RAW/v1/000/382/250/00000/f404020d-ad40-4091-b4bd-42380d31ce27.root 382250 [911,910]
/store/data/Run2024F/Muon0/RAW/v1/000/382/250/00000/f4a44cbe-057b-448f-955b-14dbc642104f.root 382250 [359]
/store/data/Run2024F/Muon0/RAW/v1/000/382/250/00000/f4ddfa06-74b6-486f-be10-2da4076e8e9e.root 382250 [718]
/store/data/Run2024F/Muon0/RAW/v1/000/382/250/00000/f5610e1d-4800-4876-92d0-aa57f142f87a.root 382250 [244]
/store/data/Run2024F/Muon0/RAW/v1/000/382/250/00000/f62372c2-076a-4d6e-a4b6-74a5ed2858a5.root 382250 [797]
/store/data/Run2024F/Muon0/RAW/v1/000/382/250/00000/f6b3493d-ee8f-44c5-80e1-41c205249dd9.root 382250 [368]
/store/data/Run2024F/Muon0/RAW/v1/000/382/250/00000/f6c5862c-8f34-4fa8-a877-7a8d7b6e2891.root 382250 [469]
/store/data/Run2024F/Muon0/RAW/v1/000/382/250/00000/f6ed9acf-bd34-4b6f-ac94-a03f291813ea.root 382250 [652]
/store/data/Run2024F/Muon0/RAW/v1/000/382/250/00000/f726824a-f9bd-4002-a5ed-4df635b1daf7.root 382250 [449]
/store/data/Run2024F/Muon0/RAW/v1/000/382/250/00000/f7d71bb1-bb5a-415f-a207-26e0d8e2cc69.root 382250 [346]
/store/data/Run2024F/Muon0/RAW/v1/000/382/250/00000/f827f323-875e-49b9-9203-38415a4a030c.root 382250 [642]
/store/data/Run2024F/Muon0/RAW/v1/000/382/250/00000/f9137dcd-5601-4b49-8b29-c1ec5d13e9fe.root 382250 [762]
/store/data/Run2024F/Muon0/RAW/v1/000/382/250/00000/f92b3fbc-f154-4822-a52f-458f949d6a49.root 382250 [395]
/store/data/Run2024F/Muon0/RAW/v1/000/382/250/00000/f935d6a1-52ed-41bd-b566-69139cd98a86.root 382250 [167]
/store/data/Run2024F/Muon0/RAW/v1/000/382/250/00000/fa136321-6203-436b-8432-aac8103d16d6.root 382250 [628]
/store/data/Run2024F/Muon0/RAW/v1/000/382/250/00000/fa730aff-070c-49cf-a02a-e30068de89dd.root 382250 [833]
/store/data/Run2024F/Muon0/RAW/v1/000/382/250/00000/fad4c008-42ed-4cbd-9787-ecce0ed9d6d9.root 382250 [661]
/store/data/Run2024F/Muon0/RAW/v1/000/382/250/00000/fbed45ce-02f6-4ff9-a0f6-b7d24ce20613.root 382250 [172]
/store/data/Run2024F/Muon0/RAW/v1/000/382/250/00000/fbfcf1a4-8e49-448e-8960-4d97bf2fdf96.root 382250 [685]
/store/data/Run2024F/Muon0/RAW/v1/000/382/250/00000/fc1ee17a-37ff-4dd6-883d-ae9746fb798e.root 382250 [794]
/store/data/Run2024F/Muon0/RAW/v1/000/382/250/00000/fc75fa60-df13-4dd2-bf24-23ed65caa1a1.root 382250 [421]
/store/data/Run2024F/Muon0/RAW/v1/000/382/250/00000/fc7e51e8-4493-4663-940e-97da7c3e38b3.root 382250 [410]
/store/data/Run2024F/Muon0/RAW/v1/000/382/250/00000/fca728e0-8a61-42f1-af29-89b3a75ed32e.root 382250 [633]
/store/data/Run2024F/Muon0/RAW/v1/000/382/250/00000/fd2de3ca-9dd0-4ad2-9b83-028424725a9b.root 382250 [773]
/store/data/Run2024F/Muon0/RAW/v1/000/382/250/00000/fd3f9323-83e2-489d-a7ba-b788c5546490.root 382250 [669]
/store/data/Run2024F/Muon0/RAW/v1/000/382/250/00000/fd76559f-a5a6-4525-aeb8-f458abbb4981.root 382250 [111,110]
/store/data/Run2024F/Muon0/RAW/v1/000/382/250/00000/fd85d7b9-fa62-46e1-8591-61d9dae76c35.root 382250 [585]
/store/data/Run2024F/Muon0/RAW/v1/000/382/250/00000/fdedf47f-eea0-4fc0-acb6-b538970a4af0.root 382250 [323]
/store/data/Run2024F/Muon0/RAW/v1/000/382/250/00000/fec75200-824a-4b50-a679-7bc951ad151b.root 382250 [144]
/store/data/Run2024F/Muon0/RAW/v1/000/382/250/00000/fee15233-9234-4202-8242-eddfe4b0ab1c.root 382250 [679]
/store/data/Run2024F/Muon0/RAW/v1/000/382/250/00000/ffc13b9d-921d-4950-a3ce-58f9d9f616cd.root 382250 [783]
