355066
355077
355080
355081
355092
355093
355094
355095
355097
355098
355100
355101
355102
355103
355104
355105
355106
355107
355108
355109
355110
355111
355112
355113
355117
355118
355119
355120
355121
355122
355123
355124
355127
355128
355129
355130
355131
355132
355133
355134
355135
355181
355184
355185
355188
355189
355190
355191
355192
355194
355196
355197
355198
355199
355200
355201
355202
355203
355204
355205
355206
355207
355208
355211
355212
355216
355217
355219
355221
355276
355277
355278
355280
355281
355282
355284
355286
355289
355295
355299
355302
355305
355336
355338
355339
355341
355342
355343
355344
355347
355349
355351
355352
355354
355355
355358
355360
355362
355364
355366
355368
355369
355370
355371
355374
355375
355376
355379
355380
355381
355382
355383
355384
355385
355393
355394
355395
355396
355397
355400
355401
355402
355403
355404
355405
355406
355407
355411
355414
355415
355417
355418
355419
355420
355422
355428
355429
355434
355435
355437
355438
355439
355441
355442
355443
355444
355445
355449
355450
355453
355454
355455
355456
355457
355463
355464
355465
355467
355502
355503
355504
355540
355547
355548
355549
355551
355552
355554
355555
355556
355557
355558
355559
355563
355564
355567
355568
355569
355570
355572
355577
355604
355605
355606
355608
355609
355610
355612
355613
355614
355615
355617
355618
355620
355621
355622
355623
355625
355626
355627
355628
355629
355630
355631
355632
355633
355634
355638
355639
355640
355641
355643
355645
355647
355648
355651
355653
355659
355660
355663
355664
355666
355668
355671
355672
355673
355677
355678
355679
355680
355681
355682
355683
355684
355685
355687
355691
355692
355694
355696
355698
355699
355707
355708
355714
355717
355720
355721
355722
355724
355727
355728
355734
355738
355742
355743
355744
355745
355746
355748
355751
355753
355754
355756
355757
355758
355759
355760
355762
355763
355765
355766
355767
355768
355769
355772
355773
355774
355778
355779
355781
355783
355789
355791
355793
