/store/data/Run2022C/JetHT/RAW/v1/000/355/862/00000/40b62e2f-a96d-4f8a-b0b6-ac67d3311776.root 355862 [126,129,130,127,128]
/store/data/Run2022C/JetHT/RAW/v1/000/355/862/00000/427ad72d-bd1b-4705-8a7f-9a8957181de2.root 355862 [1,6,11,2,4,16,7,13,15,3,5,14,9,8,10,12]
/store/data/Run2022C/JetHT/RAW/v1/000/355/862/00000/76b44f39-3d95-4232-b739-1b0c5425b4f5.root 355862 [131,132,133]
/store/data/Run2022C/JetHT/RAW/v1/000/355/862/00000/d037f3b3-8084-42c0-b1e6-c334340a4eee.root 355862 [122,124,125,123]
/store/data/Run2022C/JetHT/RAW/v1/000/355/862/00000/e712efc3-ba98-484a-91c0-c567e2c8b336.root 355862 [28,58,71,81,82,84,89,113,121,29,39,51,63,65,66,83,87,90,91,100,104,105,107,112,114,120,32,40,42,49,54,77,80,88,94,102,110,115,119,33,35,38,57,69,86,116,118,24,25,26,34,37,41,60,64,67,72,76,97,101,109,21,22,27,30,31,43,47,61,74,78,23,45,50,53,55,62,73,95,96,98,99,108,117,36,44,46,48,52,56,59,68,70,75,79,85,92,93,103,106,111]
/store/data/Run2022C/JetHT/RAW/v1/000/355/863/00000/04320276-1084-4faf-bea6-1db8b573d487.root 355863 [9,6,7,8]
/store/data/Run2022C/JetHT/RAW/v1/000/355/863/00000/0ee5282e-9039-4c04-9114-53f7e68270f3.root 355863 [12,14,10,11,13]
/store/data/Run2022C/JetHT/RAW/v1/000/355/863/00000/f4e1046c-0a91-4192-8ab2-09b96153469a.root 355863 [1,3,2,4,5]
/store/data/Run2022C/JetHT/RAW/v1/000/355/870/00000/6e714a9d-0eab-4471-9f2f-dd6d69089ec9.root 355870 [45,47,48,46]
/store/data/Run2022C/JetHT/RAW/v1/000/355/870/00000/75703f3f-0328-4926-9251-f5b2aecd59b0.root 355870 [54,49,51,53,50,52,55]
/store/data/Run2022C/JetHT/RAW/v1/000/355/870/00000/904b7cff-9596-446d-b553-c09eac30fea5.root 355870 [43,42,44,41]
/store/data/Run2022C/JetHT/RAW/v1/000/355/870/00000/9849bf0f-1597-4377-bff9-9a5fc7ee074f.root 355870 [66,65,58,61,62,63,57,64,56,59,60]
/store/data/Run2022C/JetHT/RAW/v1/000/355/870/00000/aca44f5a-e4a0-4207-bb14-9608c9b08de7.root 355870 [35,34,36]
/store/data/Run2022C/JetHT/RAW/v1/000/355/870/00000/ae2a2f42-d57c-413b-aa06-459e2f997d6b.root 355870 [37,38,39,40]
/store/data/Run2022C/JetHT/RAW/v1/000/355/870/00000/c024d290-0982-40c4-be87-e8b4bf5bf562.root 355870 [1,2,6,9,17,19,20,26,14,18,30,3,8,13,27,28,4,16,33,12,24,10,11,23,25,31,7,15,22,29,32,5,21]
