/store/data/Run2024F/BTagMu/RAW/v1/000/382/229/00000/07ac2bc1-1d81-42e0-a900-2c81411a0bf2.root 382229 [67,70,71,65,69,73,77,66,68,72,76,79,74,80,63,64,75,78]
/store/data/Run2024F/BTagMu/RAW/v1/000/382/229/00000/49e32df8-9947-4ada-b57e-73fd9bc13b7a.root 382229 [130,135,140,137,138,131,133,134,141,142,132,136,143,139,129]
/store/data/Run2024F/BTagMu/RAW/v1/000/382/229/00000/60abe3e8-6761-48e5-be3a-9d9428f46f30.root 382229 [234,227,230,233,239,229,232,235,237,240,238,226,231,236,228]
/store/data/Run2024F/BTagMu/RAW/v1/000/382/229/00000/70647375-e9ef-4354-aee5-123d7da22bf9.root 382229 [116,120,127,124,119,121,126,128,115,122,125,118,117,123,114]
/store/data/Run2024F/BTagMu/RAW/v1/000/382/229/00000/70a6fa95-ed7b-4640-9006-c28c5eb3d1a6.root 382229 [106,108,103,99,102,105,100,101,110,111,107,104,109,112,113]
/store/data/Run2024F/BTagMu/RAW/v1/000/382/229/00000/847c0abb-16d1-4dec-af65-1bc60fd8d2f6.root 382229 [212,214,215,221,223,217,220,222,213,218,219,224,216,225]
/store/data/Run2024F/BTagMu/RAW/v1/000/382/229/00000/8584dd9e-fc6b-477e-b6a0-769e9e02eeac.root 382229 [290,292,293,299,286,288,291,285,296,298,294,287,289,295,297]
/store/data/Run2024F/BTagMu/RAW/v1/000/382/229/00000/93419b6f-a893-4eb9-8e48-981bad885184.root 382229 [260,263,262,267,268,259,266,269,256,264,265,258,270,257,261]
/store/data/Run2024F/BTagMu/RAW/v1/000/382/229/00000/9bfc8ece-2965-42bf-bff3-9402ddb926a2.root 382229 [199,203,204,205,208,211,207,206,210,201,202,197,198,200,209]
/store/data/Run2024F/BTagMu/RAW/v1/000/382/229/00000/a5796248-14ad-43a7-8c29-66112b230868.root 382229 [177,178,176,174,175,182,173,179,180,181]
/store/data/Run2024F/BTagMu/RAW/v1/000/382/229/00000/a944e463-11bb-40d3-b2ce-1857ea3dc8c7.root 382229 [274,276,278,279,281,282,283,271,284,277,272,273,275,280]
/store/data/Run2024F/BTagMu/RAW/v1/000/382/229/00000/aa7cb53d-a2f8-4625-a7ad-3aad249151a6.root 382229 [244,248,250,251,253,245,246,252,254,242,243,249,241,247,255]
/store/data/Run2024F/BTagMu/RAW/v1/000/382/229/00000/af2f2fcb-d126-4c64-97d4-de6bf2157611.root 382229 [183,192,185,188,195,184,189,196,186,193,187,190,191,194]
/store/data/Run2024F/BTagMu/RAW/v1/000/382/229/00000/b2c81632-6045-404f-bb09-c0e35a7ceabb.root 382229 [24,28,26,19,18,21,23,30,20,32,22,29,31,25,27]
/store/data/Run2024F/BTagMu/RAW/v1/000/382/229/00000/b4272fe7-b0af-4f67-ab35-78e9bea2e434.root 382229 [3,5,7,6,1,2,4,8,9]
/store/data/Run2024F/BTagMu/RAW/v1/000/382/229/00000/b609b024-aeff-4d49-9199-cfe968d7ebba.root 382229 [35,40,41,42,44,46,43,36,37,47,34,39,33,38,45]
/store/data/Run2024F/BTagMu/RAW/v1/000/382/229/00000/b99fbea0-8aaa-4f77-9424-7ebe68502381.root 382229 [52,58,60,50,62,48,55,57,53,54,51,59,56,61,49]
/store/data/Run2024F/BTagMu/RAW/v1/000/382/229/00000/d8f40ed6-de9a-4837-879e-ca66be0de5da.root 382229 [148,151,156,150,154,157,145,149,146,152,155,144,147,153]
/store/data/Run2024F/BTagMu/RAW/v1/000/382/229/00000/de0de43e-322e-4a22-84c8-248962e899c3.root 382229 [169,159,164,168,172,158,160,165,166,171,161,162,167,170,163]
/store/data/Run2024F/BTagMu/RAW/v1/000/382/229/00000/e8395958-3bfc-41a6-90db-1cfc9ef3adb4.root 382229 [84,88,92,93,98,91,95,97,82,85,81,94,96,87,89,83,90,86]
/store/data/Run2024F/BTagMu/RAW/v1/000/382/229/00000/f21e75cf-36fb-46fa-80b3-83c0e7980da5.root 382229 [300,304,307,317,308,314,318,315,303,311,301,306,309,312,316,313,302,310,320,305,319]
/store/data/Run2024F/BTagMu/RAW/v1/000/382/250/00000/0130c8ca-af92-4f52-b546-f84a1060236a.root 382250 [785,786,784,783]
/store/data/Run2024F/BTagMu/RAW/v1/000/382/250/00000/01e94701-b3ca-42d7-b7e8-360a5fecdf09.root 382250 [194,193,191,192]
/store/data/Run2024F/BTagMu/RAW/v1/000/382/250/00000/01e9af4c-1ade-472d-acbb-b92ec9c5fc86.root 382250 [675,672,673,674]
/store/data/Run2024F/BTagMu/RAW/v1/000/382/250/00000/025337ef-2f34-4a6c-bc58-3b8a0d8b8371.root 382250 [542,543,540,541]
/store/data/Run2024F/BTagMu/RAW/v1/000/382/250/00000/026d8b28-0041-4384-9a13-1d527e2e7e43.root 382250 [492,493,494,495]
/store/data/Run2024F/BTagMu/RAW/v1/000/382/250/00000/03821d1f-70bc-45c6-8f74-48e79636981e.root 382250 [553,555,552,554]
/store/data/Run2024F/BTagMu/RAW/v1/000/382/250/00000/038ae88b-5d29-4510-9089-ff9533138686.root 382250 [597,596,599,598]
/store/data/Run2024F/BTagMu/RAW/v1/000/382/250/00000/03e10c35-8fc6-45ab-9536-fc01673e23fe.root 382250 [465,466,467,464]
/store/data/Run2024F/BTagMu/RAW/v1/000/382/250/00000/06e1718b-82e1-46d2-8031-38470dd0e34d.root 382250 [798,797,796,795]
/store/data/Run2024F/BTagMu/RAW/v1/000/382/250/00000/06fc9851-5391-44ce-8e65-01fb9441c1e4.root 382250 [2,3]
/store/data/Run2024F/BTagMu/RAW/v1/000/382/250/00000/07d8d1ad-088f-428b-a3cb-367a0bf85727.root 382250 [256,258,255,257]
/store/data/Run2024F/BTagMu/RAW/v1/000/382/250/00000/088b2e98-c702-4c2b-9470-9a0238d99d9a.root 382250 [407,408,409,410]
/store/data/Run2024F/BTagMu/RAW/v1/000/382/250/00000/08e66946-e4df-4223-9b68-ffd8a61d0f89.root 382250 [443,445,446,444]
/store/data/Run2024F/BTagMu/RAW/v1/000/382/250/00000/08ebb837-003f-4bb9-aeb5-0690fc05e69d.root 382250 [170,168,167,169]
/store/data/Run2024F/BTagMu/RAW/v1/000/382/250/00000/09e17bc6-9fda-4a4a-ac1e-2529171d6571.root 382250 [905,906,903,904,902]
/store/data/Run2024F/BTagMu/RAW/v1/000/382/250/00000/0b3c2285-1774-46b5-90d9-b0c814c54c49.root 382250 [100,96,98,101,99,97]
/store/data/Run2024F/BTagMu/RAW/v1/000/382/250/00000/0e5ddd6f-aff6-4bf3-99d1-15cbef8a13c2.root 382250 [614,612,613,615]
/store/data/Run2024F/BTagMu/RAW/v1/000/382/250/00000/1139d2d3-00a9-44c6-9165-d1909be58f66.root 382250 [918,920,919,921,917,922]
/store/data/Run2024F/BTagMu/RAW/v1/000/382/250/00000/122709a2-0f7c-47e6-a3bf-b0df60502711.root 382250 [471,468,470,469]
/store/data/Run2024F/BTagMu/RAW/v1/000/382/250/00000/13a413aa-b0c5-4c36-98f9-1317be91b4fe.root 382250 [850,852,853,851]
/store/data/Run2024F/BTagMu/RAW/v1/000/382/250/00000/147a449c-daa0-4c6a-85b3-72e8dca13bd4.root 382250 [415,416,417,418]
/store/data/Run2024F/BTagMu/RAW/v1/000/382/250/00000/1669ccc3-d1f7-4a23-97c3-141f180282b7.root 382250 [195,198,196,197]
/store/data/Run2024F/BTagMu/RAW/v1/000/382/250/00000/187986b6-6992-4581-8e95-f33a26ae12fe.root 382250 [561,560,563,562]
/store/data/Run2024F/BTagMu/RAW/v1/000/382/250/00000/197fa220-f7b3-4dcd-8bd0-9ee72d3528c7.root 382250 [22,30,43,44,25,26,28,32,34,39,48,38,49,21,33,35,40,41,45,20,42,24,27,31,36,46,47,23,29,37]
/store/data/Run2024F/BTagMu/RAW/v1/000/382/250/00000/1bfe49f5-e174-403f-9a7d-1759a5d9570f.root 382250 [303,305,304,306]
/store/data/Run2024F/BTagMu/RAW/v1/000/382/250/00000/1d4ebca7-6a8d-474b-a3fc-7554463837f8.root 382250 [885,883,884,882,886]
/store/data/Run2024F/BTagMu/RAW/v1/000/382/250/00000/1f1072fb-1257-4403-be98-2aedefd3bcb5.root 382250 [166,163,165,164]
/store/data/Run2024F/BTagMu/RAW/v1/000/382/250/00000/1f32cad2-fddd-4bbe-a2fc-31d2a0fbcd72.root 382250 [385,386,383,384]
/store/data/Run2024F/BTagMu/RAW/v1/000/382/250/00000/2135a765-87f6-4272-a7e5-b7e79b9e008b.root 382250 [127,128,134,132,133,129,131,130]
/store/data/Run2024F/BTagMu/RAW/v1/000/382/250/00000/222fa575-c974-475e-ab0d-fcc3f3a8f8b5.root 382250 [594,595,592,593]
/store/data/Run2024F/BTagMu/RAW/v1/000/382/250/00000/22a89e81-1029-439e-906a-8c3450af38a0.root 382250 [713,716,715,714]
/store/data/Run2024F/BTagMu/RAW/v1/000/382/250/00000/22f02fe3-53a3-44a9-915e-5d821bf8ac31.root 382250 [864,863,867,865,866]
/store/data/Run2024F/BTagMu/RAW/v1/000/382/250/00000/22fcb8e6-a848-4e8a-a1bf-e3842ddf79be.root 382250 [360,362,359,361]
/store/data/Run2024F/BTagMu/RAW/v1/000/382/250/00000/23338309-09f8-4cf4-b274-8375d8e25b4d.root 382250 [419,421,422,420]
/store/data/Run2024F/BTagMu/RAW/v1/000/382/250/00000/2679aa2f-8dd2-41b2-8b7a-20227ab392b3.root 382250 [618,617,616,619]
/store/data/Run2024F/BTagMu/RAW/v1/000/382/250/00000/28ceceff-21e9-4ddb-a52c-a86877640137.root 382250 [638,636,637,639]
/store/data/Run2024F/BTagMu/RAW/v1/000/382/250/00000/28dd5e75-3ba4-4ed7-b342-a90522970c18.root 382250 [439,442,441,440]
/store/data/Run2024F/BTagMu/RAW/v1/000/382/250/00000/2b1a6c6c-4d24-4a2c-acaf-887977815a92.root 382250 [423,425,424,426]
/store/data/Run2024F/BTagMu/RAW/v1/000/382/250/00000/2c158aa6-2510-4465-9b77-92068f4c88a3.root 382250 [686,688,684,687,685]
/store/data/Run2024F/BTagMu/RAW/v1/000/382/250/00000/2cd85369-7bc0-4a1a-b1ac-27286f7e4021.root 382250 [267,268]
/store/data/Run2024F/BTagMu/RAW/v1/000/382/250/00000/2d7d2c37-366a-4d37-94c2-b1fe70b216cd.root 382250 [788,787,790,789]
/store/data/Run2024F/BTagMu/RAW/v1/000/382/250/00000/2e39e2b3-568f-4781-82ff-9faee73ffc9d.root 382250 [7]
/store/data/Run2024F/BTagMu/RAW/v1/000/382/250/00000/2e8db91d-9939-491e-8b9a-9d3cac0a203f.root 382250 [846,847,848,849]
/store/data/Run2024F/BTagMu/RAW/v1/000/382/250/00000/32b10e71-7b4b-494e-a6a3-97eefedab9e2.root 382250 [327,328,330,329]
/store/data/Run2024F/BTagMu/RAW/v1/000/382/250/00000/32c48c57-752e-45ed-a304-c9f7758a533d.root 382250 [601,602,603,600]
/store/data/Run2024F/BTagMu/RAW/v1/000/382/250/00000/3653dcbe-f869-4adf-920f-2c9b1a795109.root 382250 [355,356,357,358]
/store/data/Run2024F/BTagMu/RAW/v1/000/382/250/00000/37cdb0f6-a988-4b2e-800d-0539f3542244.root 382250 [322,319,320,321]
/store/data/Run2024F/BTagMu/RAW/v1/000/382/250/00000/3ad8b542-d508-4212-b7a9-3430f9b8f225.root 382250 [745,742,744,743]
/store/data/Run2024F/BTagMu/RAW/v1/000/382/250/00000/3dc4a260-6904-4afa-aaa4-c7ffd6075987.root 382250 [499,497,498,496]
/store/data/Run2024F/BTagMu/RAW/v1/000/382/250/00000/3dfed95b-ec45-474b-bf6b-9673181c9058.root 382250 [694,693,695,696]
/store/data/Run2024F/BTagMu/RAW/v1/000/382/250/00000/40422724-e9cb-4516-a760-2321dca8883b.root 382250 [271,272,270,273]
/store/data/Run2024F/BTagMu/RAW/v1/000/382/250/00000/40b62e30-202b-4b2c-9700-def95ca19fc2.root 382250 [521,522,523,520]
/store/data/Run2024F/BTagMu/RAW/v1/000/382/250/00000/40c77c70-bb4c-41b7-861d-1a28fd948701.root 382250 [857,855,856,854]
/store/data/Run2024F/BTagMu/RAW/v1/000/382/250/00000/42352744-4727-40b1-b380-819888c3eeb9.root 382250 [532,533,534,535]
/store/data/Run2024F/BTagMu/RAW/v1/000/382/250/00000/424f0f29-fb39-4e52-a7f1-a83aca6d8831.root 382250 [538,536,537,539]
/store/data/Run2024F/BTagMu/RAW/v1/000/382/250/00000/43e8057e-e81f-404c-803b-2bb4b9507cac.root 382250 [77,86,79,80,81,84,85,78,83,87,82]
/store/data/Run2024F/BTagMu/RAW/v1/000/382/250/00000/43f387f5-8a0c-4aab-9145-34862d04069b.root 382250 [819,821,820,817,818]
/store/data/Run2024F/BTagMu/RAW/v1/000/382/250/00000/44e37753-db64-4ae2-8bcd-ec6f90d723b8.root 382250 [640,643,642,641]
/store/data/Run2024F/BTagMu/RAW/v1/000/382/250/00000/467cce1c-3dc6-4b5a-a8af-b0fa87486cda.root 382250 [811,809,810,812]
/store/data/Run2024F/BTagMu/RAW/v1/000/382/250/00000/4c5f5b9a-7e3d-4ae1-8829-4e111839f84f.root 382250 [108,110,111,109,113,112]
/store/data/Run2024F/BTagMu/RAW/v1/000/382/250/00000/4cbefecf-92fb-4620-bdd9-40347e844328.root 382250 [152,154,153,151]
/store/data/Run2024F/BTagMu/RAW/v1/000/382/250/00000/4dd4c310-2e78-4a17-8071-643a5451a233.root 382250 [530,529,528,531]
/store/data/Run2024F/BTagMu/RAW/v1/000/382/250/00000/4e7cc2f1-398d-455b-80bf-3522c6f83c91.root 382250 [186,185,183,184]
/store/data/Run2024F/BTagMu/RAW/v1/000/382/250/00000/4edb029c-36a2-45af-966d-4299b201d37c.root 382250 [710,709,711,712]
/store/data/Run2024F/BTagMu/RAW/v1/000/382/250/00000/4f2a5587-9016-44bb-9f68-6013bd6764e7.root 382250 [205,204,203,206]
/store/data/Run2024F/BTagMu/RAW/v1/000/382/250/00000/4fbfdeb9-5b03-437c-a115-4bb40a219175.root 382250 [683,681,682,680]
/store/data/Run2024F/BTagMu/RAW/v1/000/382/250/00000/50cd5588-755c-4d14-8ed6-7c923300915b.root 382250 [703,701,702,704]
/store/data/Run2024F/BTagMu/RAW/v1/000/382/250/00000/5119c2c4-9014-488e-96f5-5f4da620a839.root 382250 [844,843,845,842]
/store/data/Run2024F/BTagMu/RAW/v1/000/382/250/00000/523cc606-daf9-4c13-b9b1-4dd9af865c2b.root 382250 [676,678,679,677]
/store/data/Run2024F/BTagMu/RAW/v1/000/382/250/00000/5285f8b0-1c08-4d84-954a-89aedd75084c.root 382250 [527,524,526,525]
/store/data/Run2024F/BTagMu/RAW/v1/000/382/250/00000/54a56cfd-831d-4db9-81b9-76c0872bb26b.root 382250 [653,655,652,654]
/store/data/Run2024F/BTagMu/RAW/v1/000/382/250/00000/56511737-34ef-4770-a34a-5c2fc430e97e.root 382250 [665,664,667,666]
/store/data/Run2024F/BTagMu/RAW/v1/000/382/250/00000/56624dc4-4bec-4cce-8fd0-f1c10489a409.root 382250 [403,404,406,405]
/store/data/Run2024F/BTagMu/RAW/v1/000/382/250/00000/58055d2f-355e-41a1-8501-fdd78860e5f2.root 382250 [398,396,397,395]
/store/data/Run2024F/BTagMu/RAW/v1/000/382/250/00000/585af7b6-82ce-464d-afed-36f73851a6c3.root 382250 [735,736,734,737]
/store/data/Run2024F/BTagMu/RAW/v1/000/382/250/00000/58d45f2b-c083-47e9-b30b-72155a3482dd.root 382250 [161,162,159,160]
/store/data/Run2024F/BTagMu/RAW/v1/000/382/250/00000/5b0ac37b-5eba-4eaf-bc5b-dd13804583ef.root 382250 [565,564,567,566]
/store/data/Run2024F/BTagMu/RAW/v1/000/382/250/00000/5b3c3f97-c26c-434a-8932-57f36ef6de78.root 382250 [326,324,325,323]
/store/data/Run2024F/BTagMu/RAW/v1/000/382/250/00000/5c4a2f86-10c6-439b-88ea-8230a896ba6e.root 382250 [908,909,910,911,907]
/store/data/Run2024F/BTagMu/RAW/v1/000/382/250/00000/5ebdd36f-26ac-411e-a70d-6774794293fa.root 382250 [758,759,761,760]
/store/data/Run2024F/BTagMu/RAW/v1/000/382/250/00000/5efdee71-f818-4e0f-ae0a-77fb424d8df3.root 382250 [261,262,259,260]
/store/data/Run2024F/BTagMu/RAW/v1/000/382/250/00000/604c8673-c20f-4fee-8a63-a42b0093faa8.root 382250 [175,176,177,178]
/store/data/Run2024F/BTagMu/RAW/v1/000/382/250/00000/606f36b6-06c1-45ae-8712-bdd57c65cceb.root 382250 [250,248,247,249]
/store/data/Run2024F/BTagMu/RAW/v1/000/382/250/00000/6127e05e-4ef7-4da9-87cb-e771e353daaf.root 382250 [731,730,733,732]
/store/data/Run2024F/BTagMu/RAW/v1/000/382/250/00000/61cc5175-1937-4f10-9722-e3250e26ff8f.root 382250 [775,776,777,778]
/store/data/Run2024F/BTagMu/RAW/v1/000/382/250/00000/6529465d-17d7-4e22-92b9-ee41b70e1c89.root 382250 [18]
/store/data/Run2024F/BTagMu/RAW/v1/000/382/250/00000/665625c9-8d63-4ae1-8f05-11166f6ae7d3.root 382250 [609,611,608,610]
/store/data/Run2024F/BTagMu/RAW/v1/000/382/250/00000/68e58aff-a1a9-4768-afab-7b7ecb219219.root 382250 [689,691,692,690]
/store/data/Run2024F/BTagMu/RAW/v1/000/382/250/00000/69e8d888-89fc-46d2-a4da-41c43048c3b3.root 382250 [286,285,284,283]
/store/data/Run2024F/BTagMu/RAW/v1/000/382/250/00000/6a7ccc25-afa1-4fff-998e-5d0a6022afbc.root 382250 [513,515,512,514]
/store/data/Run2024F/BTagMu/RAW/v1/000/382/250/00000/6d8dd68b-4694-453f-8947-1e66af338400.root 382250 [780,779,781,782]
/store/data/Run2024F/BTagMu/RAW/v1/000/382/250/00000/6e0ac275-ed6b-4f33-8914-1b0fb3f37fd4.root 382250 [605,607,604,606]
/store/data/Run2024F/BTagMu/RAW/v1/000/382/250/00000/6e6c7372-fd03-4a61-8b65-3ca3b536ff4e.root 382250 [5]
/store/data/Run2024F/BTagMu/RAW/v1/000/382/250/00000/6f7684ce-0590-4b86-9b63-684a05de7aff.root 382250 [394,391,392,393]
/store/data/Run2024F/BTagMu/RAW/v1/000/382/250/00000/70bf5318-fb10-4f61-8169-851341cfa405.root 382250 [829,828,826,827]
/store/data/Run2024F/BTagMu/RAW/v1/000/382/250/00000/72b0225f-ade4-45e9-b521-61446fa6f088.root 382250 [295,297,296,298]
/store/data/Run2024F/BTagMu/RAW/v1/000/382/250/00000/72cf3249-d8bb-4beb-8052-fae26f4c104a.root 382250 [432,433,434,431]
/store/data/Run2024F/BTagMu/RAW/v1/000/382/250/00000/736f2c45-0008-4821-8f16-c5ae46206390.root 382250 [148,149,147,150]
/store/data/Run2024F/BTagMu/RAW/v1/000/382/250/00000/7395f5ae-94f1-46e1-83f5-89b7b46ccd48.root 382250 [628,630,631,629]
/store/data/Run2024F/BTagMu/RAW/v1/000/382/250/00000/748bbf57-fbde-422b-84b4-fa774ff8e22e.root 382250 [739,738,741,740]
/store/data/Run2024F/BTagMu/RAW/v1/000/382/250/00000/75f6ca56-a509-47ab-bc99-7cfe4b371b64.root 382250 [754,756,755,757]
/store/data/Run2024F/BTagMu/RAW/v1/000/382/250/00000/76e88330-0290-4dac-ba24-95f1dd124c62.root 382250 [116,118,119,114,115,117]
/store/data/Run2024F/BTagMu/RAW/v1/000/382/250/00000/77f8a54a-4c9b-4ff4-a95b-2165f988d091.root 382250 [582,583,580,581]
/store/data/Run2024F/BTagMu/RAW/v1/000/382/250/00000/783db6bc-2741-482d-a275-4d85581f3ac6.root 382250 [103,104,106,105,102,107]
/store/data/Run2024F/BTagMu/RAW/v1/000/382/250/00000/7961fb04-fc78-4224-99e9-f051b1d02887.root 382250 [490,489,491,488]
/store/data/Run2024F/BTagMu/RAW/v1/000/382/250/00000/7a69be19-925c-4149-9756-e473827695a9.root 382250 [750,753,751,752]
/store/data/Run2024F/BTagMu/RAW/v1/000/382/250/00000/7a70f5a3-f0c8-4ff9-b9ca-81592b08a031.root 382250 [436,438,435,437]
/store/data/Run2024F/BTagMu/RAW/v1/000/382/250/00000/7c27015e-f1f4-4618-94f6-2659662afd5e.root 382250 [367,369,370,368]
/store/data/Run2024F/BTagMu/RAW/v1/000/382/250/00000/7c4fe389-e593-4cf2-a0fd-4e269fdf31f7.root 382250 [275,274,277,276]
/store/data/Run2024F/BTagMu/RAW/v1/000/382/250/00000/7dce91fb-eb8b-4dac-8f37-4263fe133618.root 382250 [661,662,660,663]
/store/data/Run2024F/BTagMu/RAW/v1/000/382/250/00000/7ea2ddc5-e17c-4db4-a164-3bdf5fbed9e9.root 382250 [549,551,550,548]
/store/data/Run2024F/BTagMu/RAW/v1/000/382/250/00000/7fc7cafe-1d98-4347-94de-a6854a601abd.root 382250 [878,879,880,877,881]
/store/data/Run2024F/BTagMu/RAW/v1/000/382/250/00000/8158354e-2c99-4431-8b25-7c19b82df035.root 382250 [861,862,858,859,860]
/store/data/Run2024F/BTagMu/RAW/v1/000/382/250/00000/8180511f-7ccf-475a-af11-83ff35cd27cd.root 382250 [171,173,172,174]
/store/data/Run2024F/BTagMu/RAW/v1/000/382/250/00000/81acef2b-6169-4691-b1a5-23b5118cc327.root 382250 [834,836,835,837]
/store/data/Run2024F/BTagMu/RAW/v1/000/382/250/00000/825aae38-a5a0-485b-b73b-6f26b03c7f2e.root 382250 [573,575,572,574]
/store/data/Run2024F/BTagMu/RAW/v1/000/382/250/00000/83cd3667-7648-4b37-9011-b28bfdcc8bb2.root 382250 [576,578,579,577]
/store/data/Run2024F/BTagMu/RAW/v1/000/382/250/00000/84362ff1-fb5d-4faf-87a9-e30729cb816f.root 382250 [632,635,633,634]
/store/data/Run2024F/BTagMu/RAW/v1/000/382/250/00000/850a40af-c36e-43ad-beb5-fa4cc22c1fbe.root 382250 [503,500,501,502]
/store/data/Run2024F/BTagMu/RAW/v1/000/382/250/00000/85306e05-0a22-4b53-b8f2-e98fb7297a1d.root 382250 [838,841,839,840]
/store/data/Run2024F/BTagMu/RAW/v1/000/382/250/00000/85923617-1705-4e28-b8ff-748c20a76c7b.root 382250 [569,568,570,571]
/store/data/Run2024F/BTagMu/RAW/v1/000/382/250/00000/859ae0f8-869a-4033-abd5-3499150b46e2.root 382250 [934,935,930,924,927,933,923,937,928,932,936,938,926,929,931,925]
/store/data/Run2024F/BTagMu/RAW/v1/000/382/250/00000/87f9e584-1048-4458-a9ef-4798312bf129.root 382250 [590,591,588,589]
/store/data/Run2024F/BTagMu/RAW/v1/000/382/250/00000/892056d2-6c24-4bcd-a898-70ee86fd50b2.root 382250 [871,869,868,870]
/store/data/Run2024F/BTagMu/RAW/v1/000/382/250/00000/8c048c5d-06c6-4af0-a24b-9648b3aff2e0.root 382250 [347,349,348,350]
/store/data/Run2024F/BTagMu/RAW/v1/000/382/250/00000/8c107ea2-b3a6-42ab-9c49-caacfa8b0289.root 382250 [216,218,215,217]
/store/data/Run2024F/BTagMu/RAW/v1/000/382/250/00000/8c158d37-b28b-4ee1-8323-1c6995664c2a.root 382250 [484,485,486,487]
/store/data/Run2024F/BTagMu/RAW/v1/000/382/250/00000/8de64bd8-238f-4f01-8979-a84c02c034a0.root 382250 [201,199,200,202]
/store/data/Run2024F/BTagMu/RAW/v1/000/382/250/00000/8e54f576-69af-4574-b8a4-ecd95bfbdc18.root 382250 [479,476,477,478]
/store/data/Run2024F/BTagMu/RAW/v1/000/382/250/00000/8eec40ef-1d2e-44b9-aece-95b436755666.root 382250 [506,504,507,505]
/store/data/Run2024F/BTagMu/RAW/v1/000/382/250/00000/90825050-c6b5-4152-a15f-e6a1dbe4bfbe.root 382250 [815,813,816,814]
/store/data/Run2024F/BTagMu/RAW/v1/000/382/250/00000/93faa9dd-7c7b-4135-a490-fd803f013b05.root 382250 [725,724,723,721,722]
/store/data/Run2024F/BTagMu/RAW/v1/000/382/250/00000/93fd2eec-4cb9-41b6-b399-e3c7b075c2f0.root 382250 [13,15,12,14,16]
/store/data/Run2024F/BTagMu/RAW/v1/000/382/250/00000/940e770f-6407-4171-81d2-036f1602cc04.root 382250 [427,428,429,430]
/store/data/Run2024F/BTagMu/RAW/v1/000/382/250/00000/94ec3d44-62a4-4cc8-85e6-47deeca2f407.root 382250 [335,337,338,336]
/store/data/Run2024F/BTagMu/RAW/v1/000/382/250/00000/954e161a-5f8e-4dcb-a43b-e8fa5d267607.root 382250 [228,227,230,229]
/store/data/Run2024F/BTagMu/RAW/v1/000/382/250/00000/97159705-2fd8-41c3-96ec-74b6469755ba.root 382250 [472,474,473,475]
/store/data/Run2024F/BTagMu/RAW/v1/000/382/250/00000/987b8666-6f32-4fb2-ae39-f71379de900f.root 382250 [888,890,889,887,891]
/store/data/Run2024F/BTagMu/RAW/v1/000/382/250/00000/98fab1e3-38df-47f2-98e1-6b7ad2403953.root 382250 [61,67,59,63,64,62,65,60,66]
/store/data/Run2024F/BTagMu/RAW/v1/000/382/250/00000/9a82b51e-9904-4d84-9227-381c8b4d2f55.root 382250 [136,137,135,138]
/store/data/Run2024F/BTagMu/RAW/v1/000/382/250/00000/9bb8c02b-f73f-4fda-bf18-c31006b241b2.root 382250 [244,245,246,243]
/store/data/Run2024F/BTagMu/RAW/v1/000/382/250/00000/9e718c92-8dc7-46d0-8527-baec56ff8365.root 382250 [372,373,374,371]
/store/data/Run2024F/BTagMu/RAW/v1/000/382/250/00000/9ecc618e-7235-476d-a76a-9f18e6f5890f.root 382250 [669,671,668,670]
/store/data/Run2024F/BTagMu/RAW/v1/000/382/250/00000/a2475cf2-2905-440c-abba-9e22c710e4d6.root 382250 [456,455,459,457,458]
/store/data/Run2024F/BTagMu/RAW/v1/000/382/250/00000/a496f3a3-6e06-4f47-9383-381d8429e087.root 382250 [339,341,340,342]
/store/data/Run2024F/BTagMu/RAW/v1/000/382/250/00000/a54b789f-447c-4821-a053-dafc716564d5.root 382250 [481,482,483,480]
/store/data/Run2024F/BTagMu/RAW/v1/000/382/250/00000/a5b0de05-7e61-4e35-b2a6-70d424f66092.root 382250 [121,124,122,125,120,123,126]
/store/data/Run2024F/BTagMu/RAW/v1/000/382/250/00000/a5eb8c4e-daa6-49f1-b9e0-70ce3d435c58.root 382250 [225,226,223,224]
/store/data/Run2024F/BTagMu/RAW/v1/000/382/250/00000/a6748234-f692-4238-9091-a7c5cde38f8b.root 382250 [220,221,219,222]
/store/data/Run2024F/BTagMu/RAW/v1/000/382/250/00000/a86a33ae-f11a-4c9d-873b-0c7da995deb0.root 382250 [558,559,556,557]
/store/data/Run2024F/BTagMu/RAW/v1/000/382/250/00000/acbe9346-c7e6-48ed-8c12-9c75720e58c6.root 382250 [69,70,74,76,71,72,75,68,73]
/store/data/Run2024F/BTagMu/RAW/v1/000/382/250/00000/ad1cf166-78d7-453f-af84-37f66d8eac8c.root 382250 [264,266,263,265]
/store/data/Run2024F/BTagMu/RAW/v1/000/382/250/00000/ad3ab1d3-023a-4032-ac2c-bccc119ac91c.root 382250 [509,510,508,511]
/store/data/Run2024F/BTagMu/RAW/v1/000/382/250/00000/add1b0f9-783a-40bd-b9ab-f35fff7d7bf2.root 382250 [623,621,620,622]
/store/data/Run2024F/BTagMu/RAW/v1/000/382/250/00000/b1afed3a-bc5d-48fa-9121-f3f1518149a2.root 382250 [833,831,830,832]
/store/data/Run2024F/BTagMu/RAW/v1/000/382/250/00000/b1f89b18-cca6-40d1-81fd-d0055c53c1c6.root 382250 [139,140,141,142]
/store/data/Run2024F/BTagMu/RAW/v1/000/382/250/00000/b3cfed85-9f87-4d36-9f32-8af3b4fb3c99.root 382250 [452,454,451,453]
/store/data/Run2024F/BTagMu/RAW/v1/000/382/250/00000/b7a689a4-1373-4b07-a536-8d66b68f96fa.root 382250 [791,792,794,793]
/store/data/Run2024F/BTagMu/RAW/v1/000/382/250/00000/b7ddcccf-5550-4f2d-b019-a10c44540096.root 382250 [824,823,822,825]
/store/data/Run2024F/BTagMu/RAW/v1/000/382/250/00000/b920d1b8-e9d1-4acd-8e8d-84167f47f6c1.root 382250 [318,317,316,315]
/store/data/Run2024F/BTagMu/RAW/v1/000/382/250/00000/b98876ad-87b3-4d0b-8a2f-c870d569222b.root 382250 [645,646,647,644]
/store/data/Run2024F/BTagMu/RAW/v1/000/382/250/00000/bc820e49-4e7e-4ae5-a9f6-8cec8b14cfc7.root 382250 [651,649,648,650]
/store/data/Run2024F/BTagMu/RAW/v1/000/382/250/00000/c0c32b6b-db6d-4b78-af37-ddd71fa91af3.root 382250 [213,211,212,214]
/store/data/Run2024F/BTagMu/RAW/v1/000/382/250/00000/c0c4783b-ffee-4d2a-97f2-96991c2a612d.root 382250 [364,365,363,366]
/store/data/Run2024F/BTagMu/RAW/v1/000/382/250/00000/c202e40c-778f-4f51-8e83-d230d497f00f.root 382250 [873,874,872,875,876]
/store/data/Run2024F/BTagMu/RAW/v1/000/382/250/00000/c322e723-f618-40d3-983d-bacfdb739a85.root 382250 [288,290,287,289]
/store/data/Run2024F/BTagMu/RAW/v1/000/382/250/00000/c3f8d003-969d-478f-b472-3f6b2c55a6d1.root 382250 [544,545,547,546]
/store/data/Run2024F/BTagMu/RAW/v1/000/382/250/00000/c4113e52-d579-4e40-87b2-f19b47c8fb3f.root 382250 [179,180,181,182]
/store/data/Run2024F/BTagMu/RAW/v1/000/382/250/00000/c44d15cb-ab6e-403f-b307-358bf5304c39.root 382250 [56,53,51,54,57,50,55,52,58]
/store/data/Run2024F/BTagMu/RAW/v1/000/382/250/00000/c5aec953-9834-4fed-8d44-0de5c1992343.root 382250 [279,280,281,282,278]
/store/data/Run2024F/BTagMu/RAW/v1/000/382/250/00000/c634b33b-0e79-4df4-8f41-4f44837f2d9b.root 382250 [626,627,624,625]
/store/data/Run2024F/BTagMu/RAW/v1/000/382/250/00000/c64f1388-2a10-4ffb-850a-2e510ed5cc8c.root 382250 [292,294,293,291]
/store/data/Run2024F/BTagMu/RAW/v1/000/382/250/00000/c704b940-b759-4b5a-9e15-0f0e47f2dbb9.root 382250 [311,313,312,314]
/store/data/Run2024F/BTagMu/RAW/v1/000/382/250/00000/c7ede271-314d-4d39-aa7a-82c24c6271d3.root 382250 [727,729,726,728]
/store/data/Run2024F/BTagMu/RAW/v1/000/382/250/00000/c9910303-5af9-4e5a-807c-a52766d8f1cf.root 382250 [351,352,354,353]
/store/data/Run2024F/BTagMu/RAW/v1/000/382/250/00000/c9a0bd69-6f93-4bd6-8c44-4c65dd649969.root 382250 [762,763,764,765]
/store/data/Run2024F/BTagMu/RAW/v1/000/382/250/00000/cbbb4ebe-17a7-4afd-a913-cf1f089dd32e.root 382250 [746,748,749,747]
/store/data/Run2024F/BTagMu/RAW/v1/000/382/250/00000/cc789fe1-d7a9-42f8-9332-79cfd5bf8a01.root 382250 [92,93,95,88,91,90,89,94]
/store/data/Run2024F/BTagMu/RAW/v1/000/382/250/00000/cf49f8b5-1649-4a5d-8506-312e3510755b.root 382250 [658,659,657,656]
/store/data/Run2024F/BTagMu/RAW/v1/000/382/250/00000/d071b096-e9c0-4b99-b93e-326e3ec93af5.root 382250 [915,913,914,916,912]
/store/data/Run2024F/BTagMu/RAW/v1/000/382/250/00000/d0d4f952-f592-4660-bcab-b3688de029ae.root 382250 [897,900,899,898,901]
/store/data/Run2024F/BTagMu/RAW/v1/000/382/250/00000/d445adf3-fad7-45c0-b75e-1760cc12ee3a.root 382250 [309,310,308,307]
/store/data/Run2024F/BTagMu/RAW/v1/000/382/250/00000/d4e8afee-aa9a-4e1e-82ef-30e040fc2c83.root 382250 [586,584,585,587]
/store/data/Run2024F/BTagMu/RAW/v1/000/382/250/00000/d5aa39e5-8e46-47e0-a877-dc59c2e74db7.root 382250 [251,252,253,254]
/store/data/Run2024F/BTagMu/RAW/v1/000/382/250/00000/d6247f2b-19d0-47df-8af1-8f4bbd8a9107.root 382250 [805,806,807,808,804,803]
/store/data/Run2024F/BTagMu/RAW/v1/000/382/250/00000/d816c90a-4528-44a3-8163-b04968fd2b39.root 382250 [187,188,189,190]
/store/data/Run2024F/BTagMu/RAW/v1/000/382/250/00000/db956326-5558-49c5-895a-2d839de9164b.root 382250 [331,333,332,334]
/store/data/Run2024F/BTagMu/RAW/v1/000/382/250/00000/dbc261ea-61d6-49b9-85fa-9343a81f4e46.root 382250 [207,209,210,208]
/store/data/Run2024F/BTagMu/RAW/v1/000/382/250/00000/dcd7846d-a0da-495c-83b5-627bca60dc4a.root 382250 [239,241,242,240]
/store/data/Run2024F/BTagMu/RAW/v1/000/382/250/00000/de6b47da-84f0-42d8-9ec2-0a03ed38f196.root 382250 [381,380,379,382]
/store/data/Run2024F/BTagMu/RAW/v1/000/382/250/00000/dee805d4-6390-4e6d-be89-cb8e451a7f03.root 382250 [375,377,376,378]
/store/data/Run2024F/BTagMu/RAW/v1/000/382/250/00000/e0826213-57ee-4971-a9f0-1d4a4f06cb4f.root 382250 [802,799,800,801]
/store/data/Run2024F/BTagMu/RAW/v1/000/382/250/00000/e1795046-fefe-43a3-b5cd-2cb072f353bf.root 382250 [388,389,387,390]
/store/data/Run2024F/BTagMu/RAW/v1/000/382/250/00000/e17ff6e1-ba64-4e17-b818-e74231e53c19.root 382250 [892,894,896,893,895]
/store/data/Run2024F/BTagMu/RAW/v1/000/382/250/00000/e3404af5-9ab5-46f2-950c-124abf7b11ce.root 382250 [414,411,412,413]
/store/data/Run2024F/BTagMu/RAW/v1/000/382/250/00000/e43da690-0961-466a-a782-9543de956f29.root 382250 [9]
/store/data/Run2024F/BTagMu/RAW/v1/000/382/250/00000/e588c6fc-bcf0-45e5-a3da-e4a706888f39.root 382250 [773,774,772,771]
/store/data/Run2024F/BTagMu/RAW/v1/000/382/250/00000/e65d3d8c-099b-4839-a25a-f89a8d09a186.root 382250 [719,718,717,720]
/store/data/Run2024F/BTagMu/RAW/v1/000/382/250/00000/e7072331-d821-4c49-88e6-0bc51ec0e862.root 382250 [237,235,236,238]
/store/data/Run2024F/BTagMu/RAW/v1/000/382/250/00000/e77acadf-f613-4ca4-81e1-8a4ccd740cd8.root 382250 [300,299,301,302]
/store/data/Run2024F/BTagMu/RAW/v1/000/382/250/00000/e7907b91-e8f2-4a32-ad5d-d79752f2ce75.root 382250 [157,158,155,156]
/store/data/Run2024F/BTagMu/RAW/v1/000/382/250/00000/ea609697-7b80-4c12-a57d-6e32eac054e8.root 382250 [706,707,708,705]
/store/data/Run2024F/BTagMu/RAW/v1/000/382/250/00000/ebf72726-239e-4c73-ac2e-89789965f886.root 382250 [463,460,461,462]
/store/data/Run2024F/BTagMu/RAW/v1/000/382/250/00000/ecab37a3-2d68-4f70-b4df-63d42435a2ad.root 382250 [231,232,233,234]
/store/data/Run2024F/BTagMu/RAW/v1/000/382/250/00000/f4ab23af-1ea2-4075-8933-cb406616f14d.root 382250 [697,699,698,700]
/store/data/Run2024F/BTagMu/RAW/v1/000/382/250/00000/f81082d9-22e2-4b55-8601-84c40ebae08e.root 382250 [447,450,448,449]
/store/data/Run2024F/BTagMu/RAW/v1/000/382/250/00000/f96647a8-aa60-4fc5-8455-f7344e8fcf21.root 382250 [345,344,346,343]
/store/data/Run2024F/BTagMu/RAW/v1/000/382/250/00000/f9db8959-1117-4612-bcca-b82cabf49ff8.root 382250 [145,146,144,143]
/store/data/Run2024F/BTagMu/RAW/v1/000/382/250/00000/fb85befd-6898-4ae1-a432-220ae79fdddf.root 382250 [517,519,516,518]
/store/data/Run2024F/BTagMu/RAW/v1/000/382/250/00000/fd7b4c44-68fa-4317-b6bd-ca8ce6db313f.root 382250 [767,770,766,768,769]
/store/data/Run2024F/BTagMu/RAW/v1/000/382/250/00000/fe3b0264-97c8-4455-965d-13e016fbeaf4.root 382250 [401,402,399,400]
