/store/data/Run2023C/HcalNZS/RAW/v1/000/367/095/00000/001a7fd1-e836-4c88-8585-c4a5ab0404eb.root 367095 [492,496,503,488,493,495,499,500,506,485,489,487,494,502,508,509,510,513,486,491,497,501,514,504,511,490,498,507,512,515,484,505]
/store/data/Run2023C/HcalNZS/RAW/v1/000/367/095/00000/0a26313f-65a2-49d4-a960-b73c3766626b.root 367095 [283,292,294,302,281,282,289,291,295,297,293,307,313,284,287,306,312,288,299,300,303,304,308,310,280,286,296,301,305,309,285,290,298,311]
/store/data/Run2023C/HcalNZS/RAW/v1/000/367/095/00000/0a3ec92e-ceb7-4e53-a0ef-bb2cea626a90.root 367095 [430,445,422,428,419,420,436,437,446,448,425,426,429,431,441,444,417,418,423,424,439,440,427,438,443,421,433,434,432,435,442,447]
/store/data/Run2023C/HcalNZS/RAW/v1/000/367/095/00000/0b109157-8e53-4ef6-999c-3a0c5d479438.root 367095 [521,537,519,527,534,535,541,544,549,525,531,533,539,517,518,528,540,545,547,516,526,542,522,524,548,538,543,520,523,529,530,532,536,546]
/store/data/Run2023C/HcalNZS/RAW/v1/000/367/095/00000/0f14f279-2ffc-43f8-bd97-59609815f856.root 367095 [215,218,217,219,221,228,238,216,233,235,237,241,242,244,220,222,225,231,243,226,236,246,223,229,245,214,232,234,240,224,227,230,239]
/store/data/Run2023C/HcalNZS/RAW/v1/000/367/095/00000/32bcca7a-fcf3-43ae-8e92-d603c0847a46.root 367095 [455,462,470,471,472,474,479,452,453,454,460,466,468,469,463,467,477,480,483,475,465,478,482,457,459,464,476,449,450,456,461,473,451,458,481]
/store/data/Run2023C/HcalNZS/RAW/v1/000/367/095/00000/44c6d530-4c7c-4394-bc3a-2e99a8a9d7ba.root 367095 [1,2,13,15,22,25,30,49,50,55,59,61,62,11,14,17,18,20,24,33,44,52,53,5,8,23,28,37,46,48,54,64,4,16,51,63,6,57,65,3,19,21,35,40,42,56,29,38,39,41,43,47,60,7,9,10,12,26,27,31,32,34,36,45,58]
/store/data/Run2023C/HcalNZS/RAW/v1/000/367/095/00000/838835a3-bf45-4711-b2ee-a0c734017ea0.root 367095 [181,193,203,210,213,180,182,186,188,196,198,207,183,189,191,211,184,195,197,199,202,209,190,204,208,212,201,185,187,192,194,200,205,206]
/store/data/Run2023C/HcalNZS/RAW/v1/000/367/095/00000/8c8b745e-4682-4df3-8997-b516d0c46a42.root 367095 [69,78,88,89,93,94,96,97,102,67,70,72,101,104,68,71,86,100,106,108,109,111,112,114,76,82,83,90,107,80,81,95,105,66,84,85,91,99,103,110,113,77,79,92,73,74,75,87,98]
/store/data/Run2023C/HcalNZS/RAW/v1/000/367/095/00000/99af4c05-36d5-4244-a488-1f231edfdb1a.root 367095 [149,151,163,178,150,165,167,171,153,155,156,158,166,162,168,175,177,152,157,164,170,176,179,154,159,161,174,160,169,172,173]
/store/data/Run2023C/HcalNZS/RAW/v1/000/367/095/00000/9f6aa75e-54d3-4a7a-85da-a40efc2719a8.root 367095 [353,354,356,359,365,368,369,364,367,381,355,358,363,374,377,351,366,371,372,378,352,362,370,379,357,375,376,380,382,360,350,361,373]
/store/data/Run2023C/HcalNZS/RAW/v1/000/367/095/00000/a91c6add-c9e1-41d5-aa91-8c100f28206b.root 367095 [391,396,399,402,406,412,413,388,393,408,389,411,414,392,398,400,384,387,405,409,410,383,386,390,394,415,416,385,397,404,407,395,401,403]
/store/data/Run2023C/HcalNZS/RAW/v1/000/367/095/00000/bbc88b07-d026-4ab1-9696-10e214af750b.root 367095 [255,269,254,257,253,259,260,261,266,271,276,247,270,278,248,252,264,272,274,277,258,262,265,268,273,275,249,250,251,256,263,267,279]
/store/data/Run2023C/HcalNZS/RAW/v1/000/367/095/00000/d9a848bc-a32a-4f1a-a38c-7c56cbb18b53.root 367095 [120,123,129,138,118,143,146,116,119,127,139,141,142,147,117,130,124,131,133,121,126,128,135,137,140,115,122,125,132,134,136,144,145,148]
/store/data/Run2023C/HcalNZS/RAW/v1/000/367/095/00000/e1b387c0-ed9f-4005-8b27-fa923b85026d.root 367095 [554,571,574,576,551,563,565,570,575,578,552,553,559,561,569,550,573,577,556,557,558,566,567,555,562,564,568,560,572]
/store/data/Run2023C/HcalNZS/RAW/v1/000/367/095/00000/f2906738-217e-4a07-9a62-965708d5976f.root 367095 [318,322,325,328,348,321,326,337,320,323,335,345,315,331,334,338,339,343,347,349,324,336,342,319,340,316,330,341,346,314,317,327,329,332,333,344]
/store/data/Run2023C/HcalNZS/RAW/v1/000/367/100/00000/0efb50c0-519c-486b-b425-520ac4faff53.root 367100 [114,123,135,148,118,121,137,147,113,139,140,145,115,120,131,134,143,144,136,117,124,128,130,142,126,112,119,122,125,127,129,132,116,111,133,138,141,146,149]
/store/data/Run2023C/HcalNZS/RAW/v1/000/367/100/00000/12a8cb80-9d7f-44d3-82b0-8e515faa3f23.root 367100 [255,257,276,279,258,263,269,273,274,253,264,266,248,260,262,277,280,265,268,250,252,261,270,278,281,249,251,256,259,254,267,271,272,275]
/store/data/Run2023C/HcalNZS/RAW/v1/000/367/100/00000/2d39f617-b55e-4f8d-96cc-724e57f7be19.root 367100 [151,155,170,181,159,165,166,172,176,156,158,180,163,174,175,154,160,167,178,169,161,164,168,153,162,173,179,182,150,152,171,157,177]
/store/data/Run2023C/HcalNZS/RAW/v1/000/367/100/00000/41d041c1-d8cb-4d0c-8d8e-e268554011e0.root 367100 [190,189,213,200,205,197,214,211,198,188,193,196,192,194,195,209,210,212,184,185,203,186,191,183,199,208,187,206,204,207,201,202]
/store/data/Run2023C/HcalNZS/RAW/v1/000/367/100/00000/55717470-1869-4107-b723-40184e7d41d0.root 367100 [224,236,244,219,239,240,242,245,223,225,234,237,229,230,233,217,226,235,238,247,220,221,222,232,241,243,246,218,228,231,215,216,227]
/store/data/Run2023C/HcalNZS/RAW/v1/000/367/100/00000/7d169188-3fe4-4d15-bb44-a5b514fd3c3f.root 367100 [349,359,360,373,354,351,374,353,378,380,381,358,371,377,357,364,368,375,352,355,356,361,362,366,370,350,365,369,376,372,363,367,379]
/store/data/Run2023C/HcalNZS/RAW/v1/000/367/100/00000/90cb8c5f-a59c-4cfa-9074-3168ac260226.root 367100 [308,310,293,299,300,291,307,302,305,309,312,294,303,284,292,297,313,283,286,287,289,306,315,295,311,285,288,298,301,304,314,282,290,296]
/store/data/Run2023C/HcalNZS/RAW/v1/000/367/100/00000/b62366f3-2c5e-449a-a6a5-6ec4eeffcb78.root 367100 [386,385,382,387,383,384,388]
/store/data/Run2023C/HcalNZS/RAW/v1/000/367/100/00000/d0f6c843-4ba5-437a-b4e9-a43a8f004869.root 367100 [1,3,10,13,27,32,45,47,50,62,68,70,73,78,79,82,86,91,96,102,103,104,106,109,12,53,71,89,93,105,108,25,55,56,61,72,77,98,99,101,18,19,35,36,37,41,42,48,54,74,75,76,88,97,110,2,4,11,14,16,17,26,30,52,63,65,66,67,69,83,87,94,5,20,22,28,34,46,57,59,64,84,7,8,23,38,44,58,80,81,6,9,15,21,24,29,31,33,39,40,43,49,51,60,85,90,92,95,100,107]
/store/data/Run2023C/HcalNZS/RAW/v1/000/367/100/00000/f0da641f-26b6-45b9-8093-e233aa12795c.root 367100 [327,346,323,325,328,339,340,343,319,345,324,332,342,316,329,321,337,318,335,338,317,326,330,334,341,347,320,322,331,333,336,344,348]
/store/data/Run2023C/HcalNZS/RAW/v1/000/367/102/00000/091660e1-58fd-4e0e-a481-28268b365ca8.root 367102 [35,54,65,36,40,46,51,42,43,44,57,48,49,56,39,41,47,50,52,63,37,38,45,53,58,62,64,66,55,59,60,61]
/store/data/Run2023C/HcalNZS/RAW/v1/000/367/102/00000/36dd95ce-d43b-4f4e-b122-3f2a5457237c.root 367102 [17,18,21,3,6,7,11,14,22,31,12,33,1,2,4,13,20,32,29,30,9,15,19,23,27,28,34,10,16,25,5,8,24,26]
/store/data/Run2023C/HcalNZS/RAW/v1/000/367/102/00000/46f632af-5024-4f33-88e4-1a6b4a94128f.root 367102 [72,71,75,69,73,74,68,67,70]
/store/data/Run2023C/HcalNZS/RAW/v1/000/367/103/00000/598d6164-6473-46fd-af2e-c05b986e7038.root 367103 [45,48,54,55,57,58,43,46,38,50,61,40,44,59,65,36,37,39,52,47,49,51,56,64,42,60,62,63,41,53]
/store/data/Run2023C/HcalNZS/RAW/v1/000/367/103/00000/79ec1911-b2ec-46a4-b4a7-70d14e210777.root 367103 [3,12,16,27,5,7,13,17,34,20,31,2,4,9,25,28,1,19,29,6,10,15,18,23,26,21,22,24,32,33,35,8,11,14,30]
/store/data/Run2023C/HcalNZS/RAW/v1/000/367/104/00000/0a9a83dd-26d3-4649-be83-f9e5919d4380.root 367104 [47,37,44,49,55,34,41,52,57,59,62,50,54,56,61,63,39,42,48,64,65,66,35,36,38,40,43,46,51,58,45,53,60]
/store/data/Run2023C/HcalNZS/RAW/v1/000/367/104/00000/0aeb0b26-ce81-4ae8-a2a3-a9b5e8b5bc5c.root 367104 [235,239,240,256,228,237,241,251,252,258,233,257,259,260,231,236,242,248,250,238,244,247,249,254,230,253,232,243,226,234,245,246,255,227,229]
/store/data/Run2023C/HcalNZS/RAW/v1/000/367/104/00000/21642199-d07e-46d4-9e44-5057973f9fd7.root 367104 [283,286,293,266,270,287,294,262,275,279,288,292,280,281,264,265,272,277,289,263,271,278,290,261,267,274,282,284,285,268,269,273,276,291]
/store/data/Run2023C/HcalNZS/RAW/v1/000/367/104/00000/22c1948e-e6bf-4943-b075-dc585c0371b4.root 367104 [385,387,390,401,405,408,397,374,377,382,384,400,410,411,375,396,403,407,379,383,392,402,404,393,395,398,409,376,378,388,380,381,386,389,394,373,391,399,406]
/store/data/Run2023C/HcalNZS/RAW/v1/000/367/104/00000/23fcf8e8-d37d-4ffc-bdb8-cf58b7ed6b05.root 367104 [4,18,21,31,1,26,32,3,6,14,30,33,2,11,12,15,29,7,8,10,19,22,13,24,17,23,5,9,16,20,25,27,28]
/store/data/Run2023C/HcalNZS/RAW/v1/000/367/104/00000/246b1ac2-64d5-44d5-b90e-5ccc193a18f4.root 367104 [590,597,598,603,610,618,622,636,596,615,632,616,617,607,611,637,593,594,599,613,620,621,626,630,634,595,591,592,601,619,627,628,600,614,589,602,605,625,608,623,604,624,631,606,609,612,629,633,635]
/store/data/Run2023C/HcalNZS/RAW/v1/000/367/104/00000/2cff0ed9-dd64-45be-b016-9d6cdf5c452a.root 367104 [500,505,512,533,538,498,509,513,536,523,497,507,508,534,537,539,504,501,516,520,503,524,522,525,529,530,531,532,540,506,502,510,514,521,535,517,518,527,496,515,519,528,499,511,526]
/store/data/Run2023C/HcalNZS/RAW/v1/000/367/104/00000/2fa7edd1-c441-403b-906c-11b1a3afd595.root 367104 [133,144,147,156,186,141,136,137,160,165,176,177,184,188,171,142,146,151,155,168,172,175,179,180,145,150,154,135,158,159,161,166,167,170,187,157,164,182,189,134,139,143,153,149,163,173,178,138,148,162,181,183,185,140,152,174,169]
/store/data/Run2023C/HcalNZS/RAW/v1/000/367/104/00000/3c05c2ed-d8b4-4257-b7a1-6bda9ca83942.root 367104 [334,342,348,352,370,345,351,355,366,368,371,344,360,363,365,336,340,346,359,367,369,335,337,339,354,362,349,350,358,364,353,341,338,343,347,357,372,356,361]
/store/data/Run2023C/HcalNZS/RAW/v1/000/367/104/00000/4703e78e-d8ed-4400-b2cd-c0dc1c9dc354.root 367104 [762,764,748,753,761,776,790,794,769,775,778,758,787,791,792,797,773,751,755,768,772,774,782,795,763,771,752,766,781,788,793,760,767,786,747,744,784,770,777,745,750,756,757,759,789,765,746,749,743,754,780,783,785,796,779]
/store/data/Run2023C/HcalNZS/RAW/v1/000/367/104/00000/58fb175a-9792-4327-be13-6fe8147d9e4a.root 367104 [991,994,996,998,1005,1009,1032,1020,1021,1026,1004,1006,1027,1030,985,989,1019,1038,981,984,990,992,997,1024,1031,1036,982,1002,1010,1013,1016,1018,1025,1028,1034,983,1017,979,995,1022,1023,1015,980,1000,1007,1012,1037,1040,988,1014,1035,1041,999,1011,1029,986,987,978,993,1001,1003,1008,1033,1039]
/store/data/Run2023C/HcalNZS/RAW/v1/000/367/104/00000/5a7de51e-2166-429b-809f-437f08e3485b.root 367104 [299,305,308,320,329,333,312,297,301,309,313,314,298,304,315,319,321,311,326,332,327,296,325,303,295,302,306,317,323,318,324,331,300,307,316,322,328,310,330]
/store/data/Run2023C/HcalNZS/RAW/v1/000/367/104/00000/5e916f0d-a13d-4052-99b1-e98ea84661e2.root 367104 [869,878,882,890,897,907,862,870,873,888,891,896,912,913,916,858,867,871,884,886,898,902,908,909,917,874,914,860,861,880,889,895,903,905,872,879,883,893,894,859,863,875,877,881,910,900,866,887,901,904,906,911,915,864,865,868,885,892,899,876]
/store/data/Run2023C/HcalNZS/RAW/v1/000/367/104/00000/6ecf2cae-9f8b-41e7-9132-0821b917800a.root 367104 [100,102,114,122,128,130,106,112,132,113,119,124,104,117,125,129,131,103,109,111,101,107,108,110,118,120,121,105,123,127,115,116,126]
/store/data/Run2023C/HcalNZS/RAW/v1/000/367/104/00000/70e78cba-fd52-49ad-99ef-21a95c5f8a3c.root 367104 [638,643,646,648,651,675,684,685,655,661,671,682,683,642,672,677,680,681,639,641,666,687,670,640,644,658,673,686,688,647,656,659,665,668,669,676,679,650,652,660,663,664,667,678,645,649,653,654,657,662,674]
/store/data/Run2023C/HcalNZS/RAW/v1/000/367/104/00000/8fc6e404-cfdc-46ed-bed3-cbb9a319b50a.root 367104 [694,713,742,738,700,711,718,723,737,719,739,696,697,699,705,710,729,732,721,734,692,706,707,724,715,693,703,714,717,726,689,691,701,702,704,708,716,725,735,740,741,731,695,698,709,728,733,690,712,720,722,727,730,736]
/store/data/Run2023C/HcalNZS/RAW/v1/000/367/104/00000/a48ebb37-b4ed-41a0-8036-51977f0e5901.root 367104 [1073,1085,1086,1072,1094,1044,1046,1059,1092,1045,1049,1053,1057,1061,1066,1096,1070,1052,1058,1060,1081,1090,1095,1050,1051,1062,1069,1078,1079,1091,1042,1054,1064,1065,1074,1075,1077,1080,1082,1087,1089,1043,1047,1048,1055,1056,1063,1067,1068,1071,1076,1083,1084,1088,1093]
/store/data/Run2023C/HcalNZS/RAW/v1/000/367/104/00000/c2610ede-2037-4b43-b759-ae428951bdef.root 367104 [805,806,811,832,803,828,837,846,851,801,809,810,813,818,819,826,804,847,849,821,823,824,825,836,798,808,820,831,802,816,841,852,853,839,800,812,817,833,838,799,830,842,843,850,855,857,815,834,835,840,848,856,814,822,827,829,844,845,854,807]
/store/data/Run2023C/HcalNZS/RAW/v1/000/367/104/00000/c53b7964-1864-40c3-966f-9e9f908cd32b.root 367104 [71,81,82,67,68,69,80,94,99,70,88,92,97,76,87,73,77,85,90,98,79,83,86,89,91,93,96,74,78,84,95,72,75]
/store/data/Run2023C/HcalNZS/RAW/v1/000/367/104/00000/c6f7f041-e964-4618-bd71-33b62855c491.root 367104 [492,494,472,479,473,485,468,482,484,487,475,456,457,458,460,463,471,476,486,462,466,478,489,491,495,490,455,488,483,454,461,464,465,467,481,493,459,469,474,477,480,470]
/store/data/Run2023C/HcalNZS/RAW/v1/000/367/104/00000/d88795fc-dcfd-47fc-912e-3b33e5d888f3.root 367104 [553,560,569,572,581,567,588,542,549,559,582,585,550,557,573,577,579,541,552,554,543,546,563,564,571,576,558,561,587,555,556,544,548,562,565,566,570,584,586,551,574,583,545,547,568,575,580,578]
/store/data/Run2023C/HcalNZS/RAW/v1/000/367/104/00000/dc907466-e259-47bc-874d-fad6e1c24737.root 367104 [922,928,930,934,937,943,946,948,952,956,945,966,972,974,918,935,959,923,942,962,967,975,920,927,938,951,953,958,976,977,921,929,933,947,949,960,961,964,965,969,932,944,957,963,939,970,919,924,925,941,926,950,971,973,931,940,954,955,936,968]
/store/data/Run2023C/HcalNZS/RAW/v1/000/367/104/00000/ea583a1d-e83b-4d1d-bc62-c0e2b1513969.root 367104 [195,205,209,222,224,194,200,190,198,217,221,191,214,197,210,212,225,193,201,202,220,196,204,206,207,211,215,213,218,199,203,208,216,219,223,192]
/store/data/Run2023C/HcalNZS/RAW/v1/000/367/104/00000/f62f8c82-2ac3-44cc-9642-d16a1e07c6c6.root 367104 [420,425,427,453,412,418,428,438,416,417,419,429,451,414,432,439,440,435,423,447,421,430,441,442,443,434,452,422,424,426,433,437,444,450,413,415,445,446,448,431,436,449]
/store/data/Run2023C/HcalNZS/RAW/v1/000/367/111/00000/02ae13a5-0545-4a48-9a33-be74cc34a837.root 367111 [20,25,27,28,31,36,41,42,43,45,14,32,5,11,21,39,1,15,16,24,29,30,34,44,49,3,6,17,33,40,47,2,8,9,23,35,46,48,4,10,13,19,38,7,12,18,22,26,37,50]
/store/data/Run2023C/HcalNZS/RAW/v1/000/367/111/00000/0b4e8203-9ea0-40ae-8e7c-33154f26d8f3.root 367111 [263,266,267,271,273,274,280,293,261,275,287,291,265,277,282,283,286,262,270,276,284,288,292,268,285,289,290,264,269,279,281,272,278]
/store/data/Run2023C/HcalNZS/RAW/v1/000/367/111/00000/2b666290-2b3c-4bdb-905c-fea2e6d7dd97.root 367111 [307,308,309,312,315,300,304,311,296,302,314,320,324,313,318,319,323,294,297,298,299,305,310,317,325,295,306,301,303,316,321,322,326]
/store/data/Run2023C/HcalNZS/RAW/v1/000/367/111/00000/2e519093-2308-447e-8cbf-1aacfb123704.root 367111 [121,122,134,144,155,158,160,162,164,126,146,148,124,129,130,139,156,161,128,133,137,140,153,157,132,142,149,159,163,120,127,135,136,138,150,123,125,154,131,141,143,145,147,151,152]
/store/data/Run2023C/HcalNZS/RAW/v1/000/367/111/00000/765c9ce2-887e-470d-bf84-a164b543c244.root 367111 [240,252,258,251,229,243,244,260,254,234,235,239,255,228,231,232,237,238,256,257,259,233,241,242,245,246,247,249,250,253,230,236,248]
/store/data/Run2023C/HcalNZS/RAW/v1/000/367/111/00000/93cc9ba6-1b61-4ade-bd16-49d14d760a7d.root 367111 [330,332,333,329,331,337,327,328,334,335,336]
/store/data/Run2023C/HcalNZS/RAW/v1/000/367/111/00000/a36449a3-a924-4718-a15e-1c2c8f27b742.root 367111 [198,202,205,212,217,220,200,207,214,218,219,227,203,206,213,216,221,201,204,210,222,224,226,199,208,225,209,211,215,223]
/store/data/Run2023C/HcalNZS/RAW/v1/000/367/111/00000/b9c5f756-605f-4a94-89ee-85022920d40c.root 367111 [165,170,187,166,178,189,194,169,181,182,183,197,184,193,167,168,172,174,188,190,173,176,177,180,191,175,179,186,192,171,185,195,196]
/store/data/Run2023C/HcalNZS/RAW/v1/000/367/111/00000/f51e556d-280a-408b-b8cc-f54514314955.root 367111 [57,109,114,55,62,65,69,74,85,94,102,118,73,77,87,103,105,54,56,61,79,93,98,101,112,117,58,71,72,82,90,95,104,110,113,115,53,80,84,88,92,96,97,99,106,108,59,60,63,64,66,68,83,86,91,107,111,52,67,70,75,76,78,81,89,100,116,119]
/store/data/Run2023C/HcalNZS/RAW/v1/000/367/112/00000/0484f40e-ea35-4452-b95b-bfe17445f755.root 367112 [237,251,258,248,263,261,240,244,245,249,256,257,259,241,253,246,260,264,242,262,266,238,243,250,254,247,265,236,239,252,255,267]
/store/data/Run2023C/HcalNZS/RAW/v1/000/367/112/00000/05a42347-59dc-4770-936c-680bebb3bc67.root 367112 [314,317,333,324,325,329,331,332,334,302,303,321,328,304,309,311,327,305,307,308,318,323,313,306,310,312,315,316,319,320,322,326,330]
/store/data/Run2023C/HcalNZS/RAW/v1/000/367/112/00000/09ae9f77-95a1-4934-8f83-88e730c61b05.root 367112 [102,106,109,114,125,100,103,104,122,132,110,130,115,101,117,128,126,127,107,131,123,113,116,99,105,111,112,121,124,129,108,118,119,120]
/store/data/Run2023C/HcalNZS/RAW/v1/000/367/112/00000/0a0c05b9-8f81-43bc-b875-8961b01edc54.root 367112 [12,30,9,11,28,29,1,5,7,8,25,32,3,14,19,23,27,10,15,17,18,24,31,4,6,13,16,20,26,2,21,22]
/store/data/Run2023C/HcalNZS/RAW/v1/000/367/112/00000/1b32955f-65fc-4593-9557-2fa849e46afe.root 367112 [655,665,669,673,684,659,660,677,683,685,648,649,653,654,657,668,676,678,687,644,645,667,671,679,658,663,666,672,674,675,680,686,682,647,650,651,652,664,670,681,643,646,656,661,662]
/store/data/Run2023C/HcalNZS/RAW/v1/000/367/112/00000/22be0c6d-606e-45c3-a64b-a842eb1f1440.root 367112 [373,375,380,386,391,395,399,403,379,393,396,405,389,374,385,388,370,377,392,384,390,376,378,398,401,387,397,371,382,394,400,383,402,372,381,404]
/store/data/Run2023C/HcalNZS/RAW/v1/000/367/112/00000/28410e07-491b-4cea-902f-793224bfb9ba.root 367112 [482,494,514,479,496,506,486,487,489,492,505,509,513,478,497,516,484,495,499,501,504,515,488,493,500,502,503,507,512,481,483,485,491,480,490,498,508,510,511]
/store/data/Run2023C/HcalNZS/RAW/v1/000/367/112/00000/295fa1d8-86f7-477a-aab6-ce998081c180.root 367112 [782,787,793,805,807,818,826,783,785,795,806,809,781,788,812,823,827,829,784,801,804,810,813,814,819,786,797,799,802,811,816,817,820,828,789,798,815,803,808,822,790,791,792,794,796,800,821,824,825]
/store/data/Run2023C/HcalNZS/RAW/v1/000/367/112/00000/2e211e59-7923-4c5a-8020-4f14bd084d79.root 367112 [1056,1078,1080,1083,1095,1101,1102,1107,1049,1058,1085,1093,1100,1052,1065,1067,1073,1091,1059,1064,1081,1087,1092,1094,1096,1050,1051,1054,1055,1061,1066,1070,1072,1075,1076,1090,1097,1098,1103,1104,1060,1062,1063,1077,1079,1084,1086,1089,1099,1105,1053,1069,1071,1074,1088,1057,1068,1082,1106,1108]
/store/data/Run2023C/HcalNZS/RAW/v1/000/367/112/00000/40b6709e-052f-4a75-8da2-72f3b3509ce1.root 367112 [688,693,714,719,724,689,694,702,711,712,723,730,690,692,697,707,708,709,715,725,703,717,718,722,728,695,699,716,727,729,698,701,704,705,706,710,691,696,700,713,731,732,720,721,726]
/store/data/Run2023C/HcalNZS/RAW/v1/000/367/112/00000/44dc7000-2d3e-4bc4-bae4-4804cf440987.root 367112 [185,189,190,193,197,199,186,192,183,195,200,179,176,178,181,182,184,188,194,171,174,175,187,198,172,173,177,191,169,170,180,196]
/store/data/Run2023C/HcalNZS/RAW/v1/000/367/112/00000/62a711c0-ff02-42c6-8efc-8db78ea45d89.root 367112 [1118,1122,1123,1133,1144,1171,1124,1137,1165,1167,1172,1113,1115,1116,1117,1128,1129,1132,1138,1145,1151,1156,1161,1166,1114,1126,1139,1143,1147,1149,1150,1152,1155,1159,1125,1131,1136,1164,1168,1170,1110,1135,1146,1148,1153,1158,1162,1169,1112,1119,1120,1121,1127,1134,1140,1154,1157,1160,1109,1111,1130,1141,1142,1163]
/store/data/Run2023C/HcalNZS/RAW/v1/000/367/112/00000/62cec5b3-8a97-4a93-bad0-dc456ad9efac.root 367112 [86,88,91,93,94,68,79,82,97,66,67,75,77,85,90,70,71,74,92,95,69,73,78,96,72,80,81,87,89,76,83,84,98]
/store/data/Run2023C/HcalNZS/RAW/v1/000/367/112/00000/7311306a-ec11-4873-8688-6313810fba07.root 367112 [1009,1033,1038,1046,990,998,1023,1026,1030,1002,1013,1017,1018,1021,1025,1036,992,1008,1015,1027,1032,1041,1042,991,1014,1016,1034,1039,997,1000,1006,1007,1010,1011,1012,1022,1035,1045,1048,993,1001,1003,1005,1029,1037,1044,1047,989,994,995,996,999,1004,1019,1020,1024,1028,1031,1040,1043]
/store/data/Run2023C/HcalNZS/RAW/v1/000/367/112/00000/745795e9-0f84-4781-b74b-6c342580818f.root 367112 [338,340,351,362,336,348,353,354,360,357,355,363,359,361,350,364,369,335,343,349,344,352,358,366,367,337,341,342,345,347,365,339,346,356,368]
/store/data/Run2023C/HcalNZS/RAW/v1/000/367/112/00000/77e852f4-aa54-4f84-b768-afda0b0a78bb.root 367112 [1191,1201,1203,1214,1223,1224,1175,1179,1183,1199,1202,1207,1208,1174,1181,1188,1197,1220,1240,1242,1243,1180,1184,1189,1192,1193,1196,1212,1221,1226,1229,1230,1244,1173,1178,1187,1205,1210,1216,1218,1222,1232,1236,1241,1177,1182,1186,1195,1204,1213,1215,1217,1227,1228,1233,1234,1176,1185,1200,1209,1225,1231,1235,1237,1238,1190,1194,1198,1206,1211,1219,1239]
/store/data/Run2023C/HcalNZS/RAW/v1/000/367/112/00000/7982ddb8-4311-4e62-ace0-0a4c37058c28.root 367112 [205,208,214,216,207,210,211,213,230,209,218,222,227,233,221,215,217,223,226,228,206,225,229,201,202,203,204,212,219,220,224,235,231,232,234]
/store/data/Run2023C/HcalNZS/RAW/v1/000/367/112/00000/7a3b2a0c-4677-44a3-abe8-b8d9a995791c.root 367112 [140,145,154,156,167,135,144,146,147,150,152,153,136,138,139,141,157,165,168,143,160,161,163,166,148,137,142,149,151,159,133,134,155,158,162,164]
/store/data/Run2023C/HcalNZS/RAW/v1/000/367/112/00000/7ead7e62-0491-4c07-823d-6698da096139.root 367112 [278,284,290,299,269,277,281,292,300,276,279,286,301,280,285,295,298,268,270,283,288,275,287,297,289,271,274,282,291,293,294,296,272,273]
/store/data/Run2023C/HcalNZS/RAW/v1/000/367/112/00000/7fe3df39-915b-4366-9699-b2ec8e34f4bd.root 367112 [520,530,550,554,523,531,534,536,542,543,544,547,548,557,535,538,541,545,524,529,555,518,532,533,537,539,549,522,525,526,528,540,551,552,558,521,527,546,517,519,553,556]
/store/data/Run2023C/HcalNZS/RAW/v1/000/367/112/00000/84fced8c-928a-41e0-8225-aa9ca95afd9e.root 367112 [837,851,860,867,871,872,836,850,868,879,830,839,843,849,853,856,866,873,854,859,874,844,861,865,877,832,841,842,846,852,863,870,875,876,880,831,833,834,847,862,881,835,838,840,845,848,855,857,858,864,869,878]
/store/data/Run2023C/HcalNZS/RAW/v1/000/367/112/00000/8da7dd04-260a-4a64-a8c5-1d28545f2ac2.root 367112 [411,415,418,435,406,413,421,424,434,436,438,441,407,427,430,433,439,410,426,437,440,423,425,414,422,428,408,409,416,419,431,412,417,420,429,432]
/store/data/Run2023C/HcalNZS/RAW/v1/000/367/112/00000/9cd513f2-8a39-491c-bc74-7e558d2f3a17.root 367112 [752,756,764,755,760,776,733,735,746,750,751,765,770,744,747,754,761,762,767,768,773,774,775,736,737,740,743,748,749,758,763,772,780,741,745,753,757,766,777,779,738,739,769,778,734,742,759,771]
/store/data/Run2023C/HcalNZS/RAW/v1/000/367/112/00000/a0da9896-c156-4707-955d-13ac052f5315.root 367112 [1396,1404,1424,1433,1436,1444,1449,1450,1451,1453,1394,1395,1420,1439,1448,1454,1393,1405,1412,1423,1430,1432,1407,1409,1414,1428,1438,1452,1459,1460,1408,1421,1422,1429,1431,1437,1443,1458,1397,1400,1401,1402,1410,1413,1419,1435,1442,1446,1455,1399,1403,1406,1411,1416,1440,1445,1447,1457,1398,1415,1417,1418,1425,1426,1427,1434,1441,1456]
/store/data/Run2023C/HcalNZS/RAW/v1/000/367/112/00000/a2633012-a883-4876-89a8-2ea241e1e15d.root 367112 [450,456,464,470,472,443,449,463,466,442,461,473,452,455,457,465,475,444,448,462,467,469,471,474,445,477,446,451,454,458,460,476,447,453,459,468]
/store/data/Run2023C/HcalNZS/RAW/v1/000/367/112/00000/a35da708-60e8-4402-ba67-f604be19eb9f.root 367112 [888,897,898,902,912,918,923,893,913,931,932,890,891,894,904,908,920,922,926,883,885,910,914,924,927,930,882,895,896,900,901,903,905,907,909,911,928,889,892,915,919,884,887,899,906,917,925,929,933,886,916,921]
/store/data/Run2023C/HcalNZS/RAW/v1/000/367/112/00000/ace4dc67-9127-4967-9415-830f13ebbd31.root 367112 [1250,1260,1262,1268,1284,1292,1303,1307,1310,1263,1264,1267,1276,1281,1295,1297,1300,1301,1313,1315,1254,1257,1269,1272,1283,1285,1288,1290,1291,1302,1308,1311,1259,1266,1275,1279,1294,1296,1251,1252,1253,1255,1277,1278,1293,1248,1258,1261,1265,1280,1286,1298,1299,1312,1245,1282,1289,1304,1306,1316,1246,1247,1249,1256,1270,1271,1273,1274,1287,1305,1309,1314]
/store/data/Run2023C/HcalNZS/RAW/v1/000/367/112/00000/bcec7ff1-39e8-4357-9cbc-abe5d1ca12d5.root 367112 [938,952,959,966,987,934,939,944,946,950,951,960,963,964,965,970,973,979,986,937,947,948,954,967,971,984,985,936,943,945,953,956,961,974,981,983,955,972,975,978,935,940,941,942,958,962,980,949,957,968,969,976,977,982,988]
/store/data/Run2023C/HcalNZS/RAW/v1/000/367/112/00000/c1993671-295b-4c65-9693-2958050962bc.root 367112 [602,603,617,621,625,634,618,628,641,629,640,604,608,611,616,639,601,612,614,620,633,635,605,606,607,609,615,626,627,637,613,619,622,630,632,636,638,642,610,623,624,631]
/store/data/Run2023C/HcalNZS/RAW/v1/000/367/112/00000/cef7e8f9-96fb-45fa-b87d-f7514ff48d85.root 367112 [43,56,60,64,36,39,40,52,65,49,54,55,45,46,53,59,34,51,33,57,41,50,63,37,42,44,61,62,35,38,47,58,48]
/store/data/Run2023C/HcalNZS/RAW/v1/000/367/112/00000/d5e6c6d7-e18e-4f38-a1ad-03feb6dd0a4e.root 367112 [560,562,566,576,579,589,591,563,573,581,565,570,580,582,585,590,593,597,561,564,567,568,594,596,586,588,600,572,574,575,577,578,598,559,569,571,583,584,587,592,595,599]
/store/data/Run2023C/HcalNZS/RAW/v1/000/367/112/00000/ebc8af1b-2e1f-4ce9-bea4-a54321f6d2e2.root 367112 [1331,1336,1340,1345,1359,1362,1363,1369,1380,1382,1392,1325,1333,1344,1348,1361,1371,1379,1318,1338,1343,1347,1352,1375,1319,1320,1321,1329,1332,1339,1350,1354,1355,1358,1360,1364,1370,1372,1378,1386,1387,1388,1324,1334,1335,1368,1381,1384,1391,1322,1337,1341,1342,1353,1365,1366,1373,1377,1383,1323,1346,1367,1374,1385,1389,1390,1317,1326,1327,1328,1330,1349,1351,1356,1357,1376]
/store/data/Run2023C/HcalNZS/RAW/v1/000/367/127/00000/0fca1a4e-e564-4983-a46f-f4f366917021.root 367127 [301,313,306,309,310,308,297,300,304,311,296,298,299,312,303,305,293,295,302,294,314,307]
/store/data/Run2023C/HcalNZS/RAW/v1/000/367/127/00000/1cb1765b-e9f7-4963-8b63-143f94a2115d.root 367127 [10,23,32,44,51,59,61,13,15,19,25,43,57,3,8,26,41,45,46,60,2,35,37,4,22,48,50,56,62,12,16,27,29,55,5,20,39,7,9,11,49,52,53,58,36,14,17,18,30,33,47,63,21,6,24,28,31,40,42,1,34,38,54]
/store/data/Run2023C/HcalNZS/RAW/v1/000/367/127/00000/2bc7132c-0823-4c3a-a50a-921264c0987c.root 367127 [155,157,150,158,163,153,142,143,154,167,144,145,160,165,166,146,149,147,152,162,164,161,151,168,141,148,159,156]
/store/data/Run2023C/HcalNZS/RAW/v1/000/367/127/00000/4021aa99-3b92-4866-a5ba-40cc667170c0.root 367127 [324,318,332,317,320,334,328,321,323,316,330,322,329,319,327,331,333,335,315,336,325,326]
/store/data/Run2023C/HcalNZS/RAW/v1/000/367/127/00000/44324cba-a904-4c60-adb6-99f997f96291.root 367127 [245,242,249,237,239,244,232,236,246,230,234,235,241,240,231,238,229,233,243,248,247]
/store/data/Run2023C/HcalNZS/RAW/v1/000/367/127/00000/769a3873-cc85-4d08-a4ee-126be5d8d295.root 367127 [337,341,348,340,338,344,339,343,345,346,342,347]
/store/data/Run2023C/HcalNZS/RAW/v1/000/367/127/00000/78a5b059-e456-4d66-9c11-bdd325788a09.root 367127 [276,271,278,290,280,287,288,292,273,285,279,284,291,283,286,289,272,275,281,282,274,277]
/store/data/Run2023C/HcalNZS/RAW/v1/000/367/127/00000/7e037721-b185-41ab-98bb-2304aceec11f.root 367127 [68,83,86,87,65,66,78,82,85,94,101,75,77,90,92,96,102,69,80,81,88,64,93,95,97,72,74,105,71,73,91,98,107,67,70,76,79,84,89,99,100,103,104,106]
/store/data/Run2023C/HcalNZS/RAW/v1/000/367/127/00000/923b8202-a66a-4c48-b0cf-275be48ea80b.root 367127 [183,184,182,169,171,189,174,175,176,178,180,185,187,173,177,190,170,186,188,172,179,181]
/store/data/Run2023C/HcalNZS/RAW/v1/000/367/127/00000/9711eb47-1c66-4202-a9b6-1e04ba2eefa5.root 367127 [134,137,116,109,112,131,132,135,115,117,119,121,125,133,136,139,140,111,122,113,126,130,120,108,124,127,118,110,114,123,128,129,138]
/store/data/Run2023C/HcalNZS/RAW/v1/000/367/127/00000/98576cb4-6125-49ea-b2ad-e3aedfdb89b9.root 367127 [212,214,225,216,224,218,213,228,219,220,221,222,223,215,211,217,226,227]
/store/data/Run2023C/HcalNZS/RAW/v1/000/367/127/00000/ad3fd86c-3796-4dd7-8f8a-798210f80872.root 367127 [191,206,197,198,200,205,201,207,196,194,195,199,208,192,202,203,193,204,209,210]
/store/data/Run2023C/HcalNZS/RAW/v1/000/367/127/00000/fb9ddb10-e83c-468e-9fcb-bedddfea7ed6.root 367127 [258,253,259,262,250,260,266,268,261,267,251,255,256,264,269,257,263,270,265,252,254]
/store/data/Run2023C/HcalNZS/RAW/v1/000/367/128/00000/0fc07875-d65c-4b85-8d82-42f49819f965.root 367128 [8,10,1,3,7,15,4,9,13,5,11,6,2,14,12]
/store/data/Run2023C/HcalNZS/RAW/v1/000/367/129/00000/7bb9773e-bedf-4014-9a27-1025115dd4bf.root 367129 [5,3,4,1,2]
/store/data/Run2023C/HcalNZS/RAW/v1/000/367/130/00000/106196ce-2e6a-4f62-87ec-81de08d0f6ab.root 367130 [156,162,167,161,163,158,164,154,160,153,159,166,155,157,165]
/store/data/Run2023C/HcalNZS/RAW/v1/000/367/130/00000/316e9e70-e81a-49fa-ac36-af2dfaaec053.root 367130 [114,113,116,117,127,108,122,110,121,124,126,119,120,109,111,112,125,106,107,115,118,123]
/store/data/Run2023C/HcalNZS/RAW/v1/000/367/130/00000/477904a0-4d71-4822-97b1-d696310ac0e8.root 367130 [86,87,95,97,98,88,103,96,99,101,81,93,82,85,89,90,91,92,84,94,100,102,83,105,104]
/store/data/Run2023C/HcalNZS/RAW/v1/000/367/130/00000/9d04a419-da9b-45f7-82eb-721e78153740.root 367130 [130,146,132,133,149,137,131,148,128,134,136,151,152,141,143,129,135,140,142,144,145,138,139,147,150]
/store/data/Run2023C/HcalNZS/RAW/v1/000/367/130/00000/fcae54c7-00f4-4db7-b2f5-768916c5928c.root 367130 [10,25,26,8,18,1,3,15,20,12,2,11,6,9,14,19,28,30,23,5,16,17,27,7,22,29,13,21,4,24,31]
/store/data/Run2023C/HcalNZS/RAW/v1/000/367/130/00000/ffb055d4-3fc7-4c34-b24d-f87c46a4af3e.root 367130 [35,52,54,60,67,75,45,51,76,79,32,40,48,49,62,64,65,77,33,50,57,61,63,69,78,36,42,44,55,71,72,34,37,38,43,47,53,56,59,66,68,80,39,41,46,58,73,74,70]
/store/data/Run2023C/HcalNZS/RAW/v1/000/367/131/00000/1543c16a-678b-467b-9990-81b5ee4d01ad.root 367131 [22,9,5,16,3,1,6,7,14,23,20,18,21,8,17,4,11,12,2,13,15,24,10,19]
/store/data/Run2023C/HcalNZS/RAW/v1/000/367/131/00000/3ff0f9f5-2245-4b74-9c07-b02896b4426e.root 367131 [121,123,111,120,124,109,112,113,117,118,122,102,106,125,115,104,110,114,100,101,103,105,108,116,119,107]
/store/data/Run2023C/HcalNZS/RAW/v1/000/367/131/00000/4bc4be13-ce9a-4964-aa89-e37c23814f62.root 367131 [33,38,46,47,67,52,62,65,30,28,29,37,42,43,45,55,57,27,34,41,48,61,36,64,26,31,39,66,53,59,35,40,51,68,44,50,60,25,32,49,56,63,54,58]
/store/data/Run2023C/HcalNZS/RAW/v1/000/367/131/00000/bdddeecc-6f97-4b42-a3b3-59733d569d29.root 367131 [73,77,85,90,97,83,86,96,69,72,88,78,87,89,99,75,79,80,82,84,71,76,91,93,70,74,81,95,92,94,98]
/store/data/Run2023C/HcalNZS/RAW/v1/000/367/131/00000/bf5fc74b-5f3e-402e-90dd-03976e36ca94.root 367131 [148,134,128,131,136,141,146,137,138,142,144,129,130,133,139,145,126,132,135,143,147,127,140]
/store/data/Run2023C/HcalNZS/RAW/v1/000/367/133/00000/1ecb8e1d-f8fe-4f6b-9524-0049ca37b11b.root 367133 [112,113,121,124,125,126,114,119,127,134,118,120,122,131,116,128,110,111,115,117,133,135,123,129,130,132,136]
/store/data/Run2023C/HcalNZS/RAW/v1/000/367/133/00000/2d85e4dd-8620-4504-9460-3473bd181ce2.root 367133 [245,253,257,266,267,268,246,250,254,256,264,244,251,252,255,259,243,247,262,260,263,242,249,258,248,261,265,269]
/store/data/Run2023C/HcalNZS/RAW/v1/000/367/133/00000/414a7353-eeb3-41e7-8362-4b4396a0b088.root 367133 [165,169,174,184,189,170,171,176,178,179,185,188,168,173,181,187,163,172,177,183,166,167,182,186,164,175,180]
/store/data/Run2023C/HcalNZS/RAW/v1/000/367/133/00000/463425c9-fe51-4380-802d-b79f3d5bc194.root 367133 [217,218,219,230,233,240,220,234,236,238,223,226,227,225,235,222,228,237,224,229,232,216,221,231,239,241]
/store/data/Run2023C/HcalNZS/RAW/v1/000/367/133/00000/5188e0c4-32f2-44fe-88db-1d7ca3e8e49e.root 367133 [57,61,64,76,75,78,56,67,69,70,60,65,77,80,59,62,63,66,72,82,74,58,68,71,73,79,81]
/store/data/Run2023C/HcalNZS/RAW/v1/000/367/133/00000/58ab7d5c-2248-4dd9-8e55-8249593e701a.root 367133 [37,50,53,44,32,46,48,36,40,52,55,38,43,29,30,42,45,33,47,49,35,31,34,51,54,39,41]
/store/data/Run2023C/HcalNZS/RAW/v1/000/367/133/00000/74e116df-8cc8-4954-a24a-5c9e078af617.root 367133 [9,16,20,19,24,5,8,27,28,12,2,18,14,17,22,13,3,4,6,7,23,25,15,21,1,10,11,26]
/store/data/Run2023C/HcalNZS/RAW/v1/000/367/133/00000/89a6e1d8-c7be-4dc8-ac04-edf376c5535a.root 367133 [190,206,207,210,191,193,194,199,211,192,197,201,205,212,200,208,209,195,202,204,196,203,214,198,213,215]
/store/data/Run2023C/HcalNZS/RAW/v1/000/367/133/00000/cb02acc7-d6be-4d44-873f-9201115773ee.root 367133 [272,275,271,276,270,274,273]
/store/data/Run2023C/HcalNZS/RAW/v1/000/367/133/00000/da0e6188-6c7e-487b-905c-95a224aff116.root 367133 [144,156,138,159,145,139,147,148,152,160,162,146,149,151,154,161,153,157,141,142,155,158,137,140,143,150]
/store/data/Run2023C/HcalNZS/RAW/v1/000/367/133/00000/f4e657ce-6854-4589-94d7-119156f5547b.root 367133 [83,84,109,90,94,95,108,86,92,97,98,99,103,104,105,87,89,96,85,88,102,91,93,100,101,106,107]
/store/data/Run2023C/HcalNZS/RAW/v1/000/367/228/00000/1835737f-589d-49d2-a7ca-d792092270af.root 367228 [207,229,223,224,227,199,200,204,211,213,225,202,206,212,220,201,203,210,226,197,205,208,209,219,221,228,230,198,214,215,216,217,218,222]
/store/data/Run2023C/HcalNZS/RAW/v1/000/367/228/00000/358ded40-9b06-4b6a-949e-5d80f8f277e0.root 367228 [293,301,285,295,283,289,290,300,303,288,292,294,299,284,286,296,302,304,287,291,297,298]
/store/data/Run2023C/HcalNZS/RAW/v1/000/367/228/00000/87021c50-0f0e-4cc7-a612-d9d67c4f3231.root 367228 [16,28,37,39,56,62,64,68,71,81,82,94,4,5,10,23,25,27,34,55,65,66,69,77,85,90,92,99,103,106,1,7,11,18,26,41,46,53,54,57,67,73,88,104,3,14,20,30,36,40,61,79,97,2,19,21,22,31,38,43,47,50,52,59,87,89,93,100,101,102,17,29,33,45,70,98,32,35,44,49,51,63,72,74,75,76,78,83,91,96,6,8,9,12,13,15,24,42,48,58,60,80,84,86,95,105]
/store/data/Run2023C/HcalNZS/RAW/v1/000/367/228/00000/8c7aa754-d4a3-4886-b8fc-e478422a658a.root 367228 [155,166,167,172,181,182,186,195,165,170,174,177,187,189,191,193,194,163,173,179,190,192,156,158,175,184,188,171,161,169,176,180,185,159,160,162,168,183,196,157,164,178]
/store/data/Run2023C/HcalNZS/RAW/v1/000/367/228/00000/b7645557-b278-4541-985a-89d26762a559.root 367228 [245,247,249,255,231,236,242,233,244,250,254,238,246,253,235,240,252,256,234,248,258,232,237,239,251,241,243,257]
/store/data/Run2023C/HcalNZS/RAW/v1/000/367/228/00000/cf19392f-8e99-44d4-b031-48d5fc2cfda4.root 367228 [108,121,123,124,126,141,142,110,113,117,125,132,134,149,119,129,130,136,138,148,152,109,120,122,139,144,147,107,111,114,128,140,145,150,112,133,137,143,146,151,154,115,116,118,127,131,153,135]
/store/data/Run2023C/HcalNZS/RAW/v1/000/367/228/00000/e927bd6e-eaf1-45b5-a4e8-bd8b8202298f.root 367228 [261,266,268,274,277,281,260,263,269,272,282,259,262,279,273,275,276,280,264,270,265,267,271,278]
/store/data/Run2023C/HcalNZS/RAW/v1/000/367/229/00000/4179a13a-6e2c-4ceb-94f6-41dc8ff7d1fb.root 367229 [3,5,13,20,1,10,17,7,8,12,4,9,14,18,6,16,2,15,19,11]
/store/data/Run2023C/HcalNZS/RAW/v1/000/367/229/00000/c8a16f53-2d7a-4066-acc3-412e37ef570f.root 367229 [22,38,40,44,21,26,28,32,33,37,43,25,30,34,41,39,23,27,42,45,24,29,31,35,36]
/store/data/Run2023C/HcalNZS/RAW/v1/000/367/230/00000/bad7b4c6-df52-49a3-b13e-01079fcab122.root 367230 [4,2,1,3]
/store/data/Run2023C/HcalNZS/RAW/v1/000/367/231/00000/237d3039-9000-472a-843b-e3ade8dba9e0.root 367231 [5,18,15,21,22,1,8,16,2,6,19,20,7,9,12,14,3,4,10,11,13,17]
/store/data/Run2023C/HcalNZS/RAW/v1/000/367/232/00000/00aa95df-3697-4c94-8c50-e61f00c8deb1.root 367232 [264,255,259,260,262,249,252,256,266,268,253,265,251,254,258,261,263,250,257,267]
/store/data/Run2023C/HcalNZS/RAW/v1/000/367/232/00000/0be93591-a77c-4589-bea4-ccd00c64342b.root 367232 [109,119,106,116,105,111,124,107,112,115,120,123,113,114,108,117,122,110,118,121]
/store/data/Run2023C/HcalNZS/RAW/v1/000/367/232/00000/15018a9d-bf12-497c-abda-3dc45d079d3e.root 367232 [230,238,247,231,236,244,243,237,240,229,232,234,235,239,233,242,245,241,246,248]
/store/data/Run2023C/HcalNZS/RAW/v1/000/367/232/00000/183d5a41-57f3-4982-a67b-3c77c22eadb0.root 367232 [48,53,55,49,56,42,47,54,57,59,50,51,58,44,60,46,41,43,45,52]
/store/data/Run2023C/HcalNZS/RAW/v1/000/367/232/00000/21ed108b-48dd-4a54-83db-65798fd3b36b.root 367232 [179,183,185,165,167,172,177,178,180,182,184,166,174,186,168,173,181,170,171,169,175,176]
/store/data/Run2023C/HcalNZS/RAW/v1/000/367/232/00000/22d7af7d-74d5-4768-bda7-02e837dad5db.root 367232 [985,986,989,991,992,981,987,990,984,980,988,982,983]
/store/data/Run2023C/HcalNZS/RAW/v1/000/367/232/00000/230325ee-0185-4bc9-bc36-0074d4411f6f.root 367232 [99,89,90,97,100,101,83,94,86,88,91,93,95,104,84,85,87,98,103,92,96,102]
/store/data/Run2023C/HcalNZS/RAW/v1/000/367/232/00000/23af549f-2a4b-44c5-86ba-a1c31c8f6fea.root 367232 [902,906,911,919,920,909,912,922,896,900,901,905,913,915,903,908,918,921,898,904,916,917,895,899,910,897,907,914]
/store/data/Run2023C/HcalNZS/RAW/v1/000/367/232/00000/2462a12f-2a7e-43a9-867e-3709db459052.root 367232 [187,190,202,189,195,193,188,198,199,201,192,196,200,205,206,191,194,197,203,204]
/store/data/Run2023C/HcalNZS/RAW/v1/000/367/232/00000/2eb2962f-7180-448f-b741-5e33353e860d.root 367232 [126,132,135,140,129,130,134,136,133,137,138,139,143,141,131,142,125,127,128,144]
/store/data/Run2023C/HcalNZS/RAW/v1/000/367/232/00000/32335e07-8854-426d-bdcb-38dff8cfb368.root 367232 [726,741,720,735,727,723,725,731,742,743,733,736,721,722,730,739,724,729,732,737,738,740,728,734]
/store/data/Run2023C/HcalNZS/RAW/v1/000/367/232/00000/426a1634-0711-4351-855e-6d7e4ae4c8c5.root 367232 [338,341,342,345,351,352,344,339,333,335,346,334,340,343,347,350,337,349,353,354,336,348]
/store/data/Run2023C/HcalNZS/RAW/v1/000/367/232/00000/42ac1320-043e-4601-9379-43f64620af0f.root 367232 [543,547,558,545,556,550,552,553,560,546,559,551,561,563,542,544,549,548,557,562,554,555]
/store/data/Run2023C/HcalNZS/RAW/v1/000/367/232/00000/4ba49168-bce2-4492-99f5-2b9ee70aebb0.root 367232 [768,779,781,786,769,777,783,790,773,778,780,791,772,775,776,784,787,782,785,792,770,771,774,789,788]
/store/data/Run2023C/HcalNZS/RAW/v1/000/367/232/00000/4ca827aa-84ea-467e-98e1-0fce9bcb08a7.root 367232 [521,524,526,528,532,533,540,535,536,529,541,522,525,527,539,530,538,520,523,537,531,534]
/store/data/Run2023C/HcalNZS/RAW/v1/000/367/232/00000/52dae122-c0f6-4578-9602-153bffa8eb2b.root 367232 [76,73,75,62,66,81,61,65,77,82,64,67,69,72,68,80,71,78,79,63,70,74]
/store/data/Run2023C/HcalNZS/RAW/v1/000/367/232/00000/5f9f3091-e15a-4729-b2fa-70c591986a13.root 367232 [213,214,216,228,219,221,222,225,224,207,212,217,226,210,223,211,209,220,227,208,215,218]
/store/data/Run2023C/HcalNZS/RAW/v1/000/367/232/00000/6016ee31-32c1-473a-8463-226c554c3a1b.root 367232 [825,839,821,826,818,823,838,824,837,819,829,832,834,827,830,833,835,822,831,836,841,820,828,840]
/store/data/Run2023C/HcalNZS/RAW/v1/000/367/232/00000/6baf2f47-c723-4656-bf6f-9e88ef431f6a.root 367232 [747,749,758,759,764,765,746,766,752,753,756,751,762,763,767,744,755,760,761,745,748,750,754,757]
/store/data/Run2023C/HcalNZS/RAW/v1/000/367/232/00000/6d1948c5-6d5b-4a13-b499-2fb13aef6afe.root 367232 [301,302,304,308,309,294,297,300,296,290,298,310,299,305,306,307,303,289,291,292,293,295]
/store/data/Run2023C/HcalNZS/RAW/v1/000/367/232/00000/7018c30d-bb54-4b67-9392-e779733302cc.root 367232 [323,324,332,312,315,325,331,311,321,326,330,320,314,318,313,317,328,316,319,322,327,329]
/store/data/Run2023C/HcalNZS/RAW/v1/000/367/232/00000/7505c5ea-6a52-43e6-81e5-34b8c0f7913d.root 367232 [443,445,454,455,459,440,442,444,448,453,439,441,446,456,447,450,451,457,438,449,452,458]
/store/data/Run2023C/HcalNZS/RAW/v1/000/367/232/00000/7727c8ec-dc84-4615-a9d0-b188b8bd975b.root 367232 [965,967,972,975,978,954,955,962,973,976,950,963,964,969,971,959,977,951,953,970,957,968,979,952,956,958,966,974,960,961]
/store/data/Run2023C/HcalNZS/RAW/v1/000/367/232/00000/7d6a5133-1591-4fe0-abef-e6da8cc2bf4d.root 367232 [1,2,15,7,8,4,6,11,19,9,10,20,3,5,12,13,17,14,16,18]
/store/data/Run2023C/HcalNZS/RAW/v1/000/367/232/00000/7d6ae92b-c545-41f1-beb4-99ae5358a353.root 367232 [34,38,25,32,28,40,33,37,21,26,36,22,24,30,39,31,35,23,27,29]
/store/data/Run2023C/HcalNZS/RAW/v1/000/367/232/00000/854787d2-954a-49d6-837c-bb282962654a.root 367232 [500,507,508,513,502,518,511,510,514,519,503,516,512,515,517,501,504,505,506,509]
/store/data/Run2023C/HcalNZS/RAW/v1/000/367/232/00000/88022df2-9aa4-4276-afcf-d28b9ac6b41d.root 367232 [851,861,866,867,849,853,842,847,852,857,863,854,860,844,845,846,855,864,843,850,856,858,859,848,862,865]
/store/data/Run2023C/HcalNZS/RAW/v1/000/367/232/00000/9864c4e6-a450-47ff-b198-0ba3e65999d7.root 367232 [796,799,806,807,811,793,794,814,800,802,815,803,808,813,817,795,801,805,797,809,816,798,804,810,812]
/store/data/Run2023C/HcalNZS/RAW/v1/000/367/232/00000/98c81abd-7474-46ec-a07d-7f8736304710.root 367232 [592,594,595,604,610,611,614,627,628,631,593,603,606,613,623,598,605,607,608,629,600,612,622,624,596,616,618,626,630,597,599,617,619,625,602,609,620,621,601,615,632]
/store/data/Run2023C/HcalNZS/RAW/v1/000/367/232/00000/9e9c7fd9-eb90-4a75-818a-b3a23faa6d7d.root 367232 [871,884,894,869,870,873,875,877,872,874,883,892,878,881,868,885,887,893,880,886,888,891,876,879,882,889,890]
/store/data/Run2023C/HcalNZS/RAW/v1/000/367/232/00000/a1e118ac-4679-4805-baed-521fc41de290.root 367232 [417,418,424,430,420,416,421,426,431,436,433,419,422,425,435,429,434,423,427,428,432,437]
/store/data/Run2023C/HcalNZS/RAW/v1/000/367/232/00000/a655027b-c6d7-47da-86cd-273600553d96.root 367232 [683,690,693,679,689,692,684,686,678,681,694,696,697,677,680,682,687,691,676,685,688,695]
/store/data/Run2023C/HcalNZS/RAW/v1/000/367/232/00000/a8b616b7-b9b9-4150-b2cd-5ac87a5c5701.root 367232 [656,659,662,669,665,666,668,670,654,664,673,675,661,663,674,655,658,657,660,667,671,672]
/store/data/Run2023C/HcalNZS/RAW/v1/000/367/232/00000/b5473a1b-36c7-41a9-bca3-e7309c2612a1.root 367232 [633,637,641,643,634,636,639,650,653,640,645,647,638,642,644,646,648,649,652,635,651]
/store/data/Run2023C/HcalNZS/RAW/v1/000/367/232/00000/b619720c-322c-4f17-ab95-087e7a7e1ed3.root 367232 [569,583,587,565,571,577,564,578,585,567,574,576,584,573,568,570,586,575,581,582,566,572,579,580,588,589,590,591]
/store/data/Run2023C/HcalNZS/RAW/v1/000/367/232/00000/b6dfdff6-172d-4b6d-b363-6e7c8f17db95.root 367232 [145,158,162,149,151,160,156,157,159,161,147,164,152,154,146,148,150,153,155,163]
/store/data/Run2023C/HcalNZS/RAW/v1/000/367/232/00000/cae8db62-43f0-4fc4-a031-90d45864b951.root 367232 [284,269,275,281,278,280,283,286,274,285,287,270,273,279,271,276,277,282,288,272]
/store/data/Run2023C/HcalNZS/RAW/v1/000/367/232/00000/d02bc34e-d393-45ea-9bea-683223e919b7.root 367232 [468,471,476,460,463,466,467,472,470,474,477,478,461,464,473,479,465,469,475,462]
/store/data/Run2023C/HcalNZS/RAW/v1/000/367/232/00000/d09cf9cb-b502-4174-bf6f-306a88ebcc6e.root 367232 [393,394,379,380,384,387,376,386,389,377,378,382,383,385,388,392,375,381,390,391]
/store/data/Run2023C/HcalNZS/RAW/v1/000/367/232/00000/d915e332-9954-4e7c-857e-c5a27a0197dd.root 367232 [401,402,403,398,408,395,400,405,414,410,411,413,404,406,409,396,412,415,399,407,397]
/store/data/Run2023C/HcalNZS/RAW/v1/000/367/232/00000/df7f290b-0a9d-4510-aebc-6255d220af7b.root 367232 [483,487,494,498,482,480,486,492,481,493,499,497,485,495,496,484,488,489,490,491]
/store/data/Run2023C/HcalNZS/RAW/v1/000/367/232/00000/e00c5dfd-3775-4771-9ed5-a8f08977e78e.root 367232 [928,934,925,933,945,946,926,938,923,924,931,939,943,949,927,930,932,936,937,948,940,941,944,947,929,935,942]
/store/data/Run2023C/HcalNZS/RAW/v1/000/367/232/00000/e8ecea5e-009f-4ec6-a276-0bc2812f5517.root 367232 [358,368,370,356,373,355,364,367,359,361,366,372,357,362,360,363,369,371,374,365]
/store/data/Run2023C/HcalNZS/RAW/v1/000/367/232/00000/ece13548-3583-4126-bffa-7766c205316d.root 367232 [708,713,714,716,699,701,703,704,705,715,709,711,719,700,707,718,706,710,698,712,717,702]
/store/data/Run2023C/HcalNZS/RAW/v1/000/367/234/00000/117c1e18-be4d-44b6-bf75-5366e48d6bfd.root 367234 [2,8,15,26,27,30,10,16,19,3,14,1,11,25,29,4,7,12,24,5,6,13,17,18,21,23,9,20,22,28]
/store/data/Run2023C/HcalNZS/RAW/v1/000/367/234/00000/1485b872-9ac1-4fee-b86a-fd380a4aa936.root 367234 [261,263,286,287,258,259,279,284,265,283,260,266,270,282,288,291,256,257,262,268,271,274,277,278,280,285,289,264,267,272,275,276,290,269,273,281]
/store/data/Run2023C/HcalNZS/RAW/v1/000/367/234/00000/165755eb-c3f7-4dfb-8fb7-240fce3196b2.root 367234 [93,101,108,119,123,92,104,114,105,107,116,110,112,100,102,109,117,120,99,111,115,121,122,94,95,97,98,106,118,91,96,103,113]
/store/data/Run2023C/HcalNZS/RAW/v1/000/367/234/00000/1c8411e1-1ca7-49fc-8194-523e92878282.root 367234 [246,227,231,232,236,239,243,248,251,224,225,230,220,226,234,238,250,255,229,241,244,253,235,242,249,254,223,228,233,240,245,252,221,222,237,247]
/store/data/Run2023C/HcalNZS/RAW/v1/000/367/234/00000/28ccc6b1-6ad6-4f16-9618-470470e486ae.root 367234 [166,168,171,185,162,169,172,182,156,165,167,173,175,180,159,186,158,160,170,176,178,179,154,155,157,163,181,164,183,161,174,177,184]
/store/data/Run2023C/HcalNZS/RAW/v1/000/367/234/00000/2f8ac108-3cc4-4bfe-a1d2-419a2f43d156.root 367234 [292,293,304,315,325,294,303,305,310,311,321,323,295,299,302,313,316,317,326,301,307,309,312,314,324,296,306,308,320,300,318,319,298,327,297,322]
/store/data/Run2023C/HcalNZS/RAW/v1/000/367/234/00000/9f76301f-ce85-46a9-a9ce-488e8b510dcf.root 367234 [192,198,200,203,211,194,197,201,209,190,213,214,216,188,210,212,217,191,215,204,195,196,199,205,207,208,187,189,193,202,206,218,219]
/store/data/Run2023C/HcalNZS/RAW/v1/000/367/234/00000/a1b3a830-8c54-4787-acd7-a447d8aa3335.root 367234 [80,87,90,72,73,83,62,64,85,88,71,77,82,70,74,78,79,81,61,63,68,75,76,66,69,84,89,65,67,86]
/store/data/Run2023C/HcalNZS/RAW/v1/000/367/234/00000/a37cff50-f95a-4b15-a4e9-47c027c3660a.root 367234 [328,336,349,338,341,344,346,354,362,335,337,340,348,351,356,352,342,361,363,330,331,333,334,339,353,357,360,329,332,343,345,347,350,355,359,358]
/store/data/Run2023C/HcalNZS/RAW/v1/000/367/234/00000/bbc51531-f6ae-4d70-a939-8eb2ebda814d.root 367234 [42,48,36,39,52,55,57,31,43,59,34,35,37,40,45,46,49,53,56,58,33,38,54,32,41,47,50,60,44,51]
/store/data/Run2023C/HcalNZS/RAW/v1/000/367/234/00000/d4d0f10f-6d5c-4605-b953-8fa6f46d9409.root 367234 [127,135,137,147,124,130,136,138,145,152,133,143,144,129,134,141,151,125,131,132,148,150,153,142,149,126,128,139,140,146]
/store/data/Run2023C/HcalNZS/RAW/v1/000/367/234/00000/d884ea8f-6ec8-4e64-b549-30428c9c9fad.root 367234 [408,410,412,420,421,424,432,403,413,418,427,431,411,407,409,404,406,416,428,438,439,405,425,429,436,437,419,422,430,435,441,442,414,415,417,423,426,433,434,440]
/store/data/Run2023C/HcalNZS/RAW/v1/000/367/234/00000/e75ecad1-fbeb-4e5f-a1ae-7ac4ec020731.root 367234 [368,369,382,399,373,376,383,390,377,378,379,381,387,401,364,365,370,371,385,392,393,394,396,397,400,380,388,391,398,374,366,367,372,375,384,386,389,395,402]
/store/data/Run2023C/HcalNZS/RAW/v1/000/367/234/00000/edbc638c-76e3-4f6c-9f4c-fa5da6211f4c.root 367234 [484,485,489,490,492,494,510,515,526,531,535,540,557,558,565,573,501,504,507,511,528,539,548,549,566,571,572,506,514,523,525,532,543,544,547,552,559,570,495,496,499,502,503,518,524,527,555,491,500,512,513,517,520,529,534,537,538,542,545,551,560,568,488,497,498,508,519,530,533,541,550,556,561,564,567,575,486,487,505,509,516,521,522,536,553,569,482,483,493,546,554,562,563,574]
/store/data/Run2023C/HcalNZS/RAW/v1/000/367/234/00000/f04308bc-b3fc-4d83-998d-56b9e9e600ce.root 367234 [475,445,450,452,461,467,470,456,468,447,463,466,472,449,451,459,465,479,446,448,454,455,464,471,477,480,481,443,444,458,460,474,478,453,457,462,469,473,476]
/store/data/Run2023C/HcalNZS/RAW/v1/000/367/260/00000/05ade7e8-6dd5-46bb-8b16-cfb5336b920e.root 367260 [171,168,176,180,184,185,165,166,181,170,175,186,187,174,167,169,172,177,182,188,189,173,178,179,183]
/store/data/Run2023C/HcalNZS/RAW/v1/000/367/260/00000/280789e0-3dba-4b79-b8b7-dee469e1ce28.root 367260 [15,23,24,26,33,40,50,52,65,68,82,85,86,87,97,1,6,10,12,14,37,42,49,59,77,89,5,18,30,31,32,38,67,70,71,72,81,83,4,11,28,29,43,45,48,57,73,88,90,46,55,56,60,61,94,98,3,17,21,34,41,54,58,63,76,93,99,8,9,13,27,35,44,53,69,74,79,80,84,95,2,7,16,19,20,22,25,36,39,47,51,62,64,66,75,78,91,92,96]
/store/data/Run2023C/HcalNZS/RAW/v1/000/367/260/00000/4180f4a4-f299-427a-a483-d74613668384.root 367260 [107,108,113,116,118,126,131,133,101,120,102,105,114,130,103,104,106,109,115,119,128,132,117,123,125,134,110,112,121,100,111,122,124,127,129]
/store/data/Run2023C/HcalNZS/RAW/v1/000/367/260/00000/527f333c-587f-4525-9f0f-74042615057d.root 367260 [233,237,238,243,234,235,236,240,244,245,239,242,241,232]
/store/data/Run2023C/HcalNZS/RAW/v1/000/367/260/00000/5d0e6620-bdc2-4ed4-8a21-d3f2cbe198b4.root 367260 [144,154,155,157,163,137,149,160,161,159,162,164,135,140,148,150,151,138,146,153,156,158,136,139,145,142,143,147,141,152]
/store/data/Run2023C/HcalNZS/RAW/v1/000/367/260/00000/94d96889-2114-435d-a5d6-5bc0558f54d5.root 367260 [197,204,205,191,199,207,192,194,200,206,193,208,210,190,196,198,201,203,209,211,195,202]
/store/data/Run2023C/HcalNZS/RAW/v1/000/367/260/00000/d72406a3-76c3-401d-9005-0e34b93a15b5.root 367260 [212,221,224,226,227,230,214,220,223,213,225,219,222,216,218,231,215,217,228,229]
/store/data/Run2023C/HcalNZS/RAW/v1/000/367/262/00000/01365ff1-ac32-43f7-8283-8d572ef3f502.root 367262 [11,17,20,16,22,8,19,21,15,18,9,12,6,7,13,23,10,1,2,3,4,5,14]
/store/data/Run2023C/HcalNZS/RAW/v1/000/367/262/00000/0e65339f-c0e1-4ab6-9b60-df04954d1ab8.root 367262 [53,55,61,46,58,59,65,67,50,52,48,49,63,62,68,54,56,60,51,66,47,57,64]
/store/data/Run2023C/HcalNZS/RAW/v1/000/367/262/00000/31dea439-ac2e-41bd-bbe6-e428792f6f99.root 367262 [204,216,217,219,223,209,215,213,218,205,210,211,221,207,220,206,214,208,212,222]
/store/data/Run2023C/HcalNZS/RAW/v1/000/367/262/00000/5f9e5efc-9bf4-4bac-a5be-9b8f80973ad3.root 367262 [98,101,108,111,96,99,100,107,103,104,105,92,93,95,109,110,91,94,106,97,102,112,113]
/store/data/Run2023C/HcalNZS/RAW/v1/000/367/262/00000/777ce372-a43f-473f-a217-2cd02f8728ce.root 367262 [176,179,160,168,174,161,162,166,170,173,175,178,163,180,167,177,181,164,165,169,171,172]
/store/data/Run2023C/HcalNZS/RAW/v1/000/367/262/00000/8e39a0d6-e55a-40aa-bb5f-375b2d1debb6.root 367262 [145,158,140,144,151,157,159,139,142,152,156,138,141,149,150,143,146,147,148,154,153,155]
/store/data/Run2023C/HcalNZS/RAW/v1/000/367/262/00000/a20f9b49-2a76-4225-983c-2d10787bcf46.root 367262 [268,271,269,272,270]
/store/data/Run2023C/HcalNZS/RAW/v1/000/367/262/00000/af961d50-0262-4b4d-8716-8919a108a447.root 367262 [75,78,84,87,72,70,77,82,88,74,79,81,71,85,69,86,89,83,73,76,80,90]
/store/data/Run2023C/HcalNZS/RAW/v1/000/367/262/00000/b453407e-cbb7-430c-8f36-8f1b7e536e1e.root 367262 [118,122,116,119,120,131,132,137,114,115,126,127,128,136,125,135,117,121,130,133,123,124,129,134]
/store/data/Run2023C/HcalNZS/RAW/v1/000/367/262/00000/b5ba7de9-08bb-4e17-9b98-71ea40cd7f6b.root 367262 [195,188,190,201,183,189,197,193,185,186,198,182,184,192,196,199,200,202,203,187,191,194]
/store/data/Run2023C/HcalNZS/RAW/v1/000/367/262/00000/bb703fd1-a736-48f7-ac45-c93554ae9e27.root 367262 [28,39,25,31,29,33,34,24,27,32,44,30,38,40,42,26,35,36,37,41,43,45]
/store/data/Run2023C/HcalNZS/RAW/v1/000/367/262/00000/dc20ae77-3b65-4617-9d8d-efe41ed07c7a.root 367262 [227,229,231,235,236,237,245,234,238,241,242,243,225,239,224,240,244,226,233,228,230,232]
/store/data/Run2023C/HcalNZS/RAW/v1/000/367/262/00000/f942f2a9-cf9d-4c3d-84b1-f3ba5f501213.root 367262 [264,251,253,262,263,267,256,259,250,254,258,260,246,255,261,265,266,248,249,247,257,252]
/store/data/Run2023C/HcalNZS/RAW/v1/000/367/263/00000/f44a165d-55bc-4227-810d-7b1337bada39.root 367263 [4,2,10,13,18,6,15,8,19,5,7,14,3,9,11,1,16,17,20,21,12]
/store/data/Run2023C/HcalNZS/RAW/v1/000/367/264/00000/02c476b9-9b2c-49fb-9978-96665b7ca3c2.root 367264 [324,332,334,339,318,320,321,333,340,322,326,330,341,345,319,335,328,329,344,317,325,316,323,327,331,336,337,338,342,343]
/store/data/Run2023C/HcalNZS/RAW/v1/000/367/264/00000/08830f06-ec65-49b7-bc14-c41ba3304cd0.root 367264 [661,665,670,691,659,671,685,689,690,693,694,655,663,678,687,688,666,674,677,667,680,657,658,660,668,672,682,683,684,669,673,675,676,679,656,662,664,681,686,692]
/store/data/Run2023C/HcalNZS/RAW/v1/000/367/264/00000/0884553c-baa8-42b8-a699-16c5b3b98e7b.root 367264 [193,197,202,205,187,198,199,208,189,190,192,200,191,195,196,203,206,207,186,188,194,209,201,204]
/store/data/Run2023C/HcalNZS/RAW/v1/000/367/264/00000/2b6a782d-a9f4-4fc6-ac8e-2bb39a50dc73.root 367264 [395,403,378,379,383,392,393,399,380,388,389,390,391,401,375,376,382,386,397,398,404,384,385,396,377,394,400,387,381,402]
/store/data/Run2023C/HcalNZS/RAW/v1/000/367/264/00000/2d0aa055-f97a-46f9-83df-f65ca117f599.root 367264 [752,761,764,747,748,754,759,760,776,744,762,767,768,771,774,742,758,772,773,749,750,756,765,770,775,778,738,740,743,753,769,739,755,757,766,777,741,745,746,751,763,779]
/store/data/Run2023C/HcalNZS/RAW/v1/000/367/264/00000/31a7b3b7-9e05-42d1-bdf3-2a15542a4a20.root 367264 [695,705,714,701,702,721,723,730,732,733,696,697,703,712,716,718,737,704,725,726,727,731,736,707,709,715,717,728,699,708,710,735,706,719,720,734,698,700,711,713,722,724,729]
/store/data/Run2023C/HcalNZS/RAW/v1/000/367/264/00000/51f882de-b15a-4f80-86c6-17db95315683.root 367264 [441,444,460,461,448,459,443,451,452,453,454,456,470,450,458,462,466,442,445,455,468,438,449,464,457,463,465,439,440,446,447,467,469]
/store/data/Run2023C/HcalNZS/RAW/v1/000/367/264/00000/5d9db372-3667-4514-bc9f-5bc59d6a4b18.root 367264 [789,803,809,780,795,797,798,800,801,808,819,782,785,787,791,817,821,783,786,794,804,811,816,818,823,824,784,792,793,799,802,813,788,815,820,781,806,814,822,790,796,805,807,810,812]
/store/data/Run2023C/HcalNZS/RAW/v1/000/367/264/00000/6bf32da8-647b-4028-b1f5-ac49914fa9bf.root 367264 [616,618,620,629,640,626,633,641,648,652,654,617,622,624,644,646,649,650,621,653,627,630,634,637,647,619,628,623,631,635,636,639,643,625,632,638,642,645,651]
/store/data/Run2023C/HcalNZS/RAW/v1/000/367/264/00000/77461d82-91a3-4f81-823a-d39dbc7ba1de.root 367264 [108,98,99,110,111,93,100,101,94,102,90,92,95,96,103,105,91,107,97,104,109,106]
/store/data/Run2023C/HcalNZS/RAW/v1/000/367/264/00000/82a80a02-40b0-4bb4-9f2b-fc38a66f00ce.root 367264 [180,182,161,166,170,177,185,158,163,167,168,171,172,173,174,175,179,184,155,164,165,169,176,178,181,159,162,183,156,157,160]
/store/data/Run2023C/HcalNZS/RAW/v1/000/367/264/00000/84615f7c-0e8b-43de-9b49-96612b1ef2bf.root 367264 [25,41,27,37,38,43,24,29,31,34,39,40,30,35,44,33,26,28,32,36,42,45]
/store/data/Run2023C/HcalNZS/RAW/v1/000/367/264/00000/8a77b5c2-5af6-4e1d-a0a6-8b54391ccb84.root 367264 [122,129,138,150,120,121,128,134,136,142,151,152,124,130,139,141,148,149,153,115,135,137,140,147,154,117,119,131,113,127,112,114,116,118,125,126,133,144,123,132,143,145,146]
/store/data/Run2023C/HcalNZS/RAW/v1/000/367/264/00000/8e63e334-12f1-4620-b6c9-6b9543ae64ed.root 367264 [420,430,435,405,406,416,421,409,427,437,408,410,412,417,418,423,431,434,407,425,428,432,415,426,411,414,424,436,413,419,422,429,433]
/store/data/Run2023C/HcalNZS/RAW/v1/000/367/264/00000/9db667f8-4847-402e-a7f9-9149d575f8b4.root 367264 [543,551,562,575,577,550,552,559,563,566,568,572,544,554,556,574,578,546,553,564,547,560,561,567,571,545,548,549,558,565,576,555,557,579,569,570,573]
/store/data/Run2023C/HcalNZS/RAW/v1/000/367/264/00000/a6a904fc-0a50-4812-91ba-dee2faa12141.root 367264 [14,17,6,11,18,21,22,3,8,9,20,2,7,12,1,5,10,16,23,4,13,15,19]
/store/data/Run2023C/HcalNZS/RAW/v1/000/367/264/00000/b04782bb-2843-4a1f-bd7e-682f1cc8c307.root 367264 [267,276,277,280,282,283,269,270,287,274,266,268,273,278,275,286,272,284,285,265,279,281,288,289,264,271]
/store/data/Run2023C/HcalNZS/RAW/v1/000/367/264/00000/b7ff0f77-d431-4130-83db-048bd9f74fe2.root 367264 [216,226,228,214,230,232,211,215,218,219,220,222,233,213,225,231,234,212,217,227,235,210,229,221,223,224]
/store/data/Run2023C/HcalNZS/RAW/v1/000/367/264/00000/b9aded91-d4d0-4dee-845e-c38f0c69baef.root 367264 [68,72,74,78,82,83,75,79,81,85,71,77,84,89,69,70,73,76,87,80,88,86]
/store/data/Run2023C/HcalNZS/RAW/v1/000/367/264/00000/c7c44355-427e-40c9-9098-7db75f02af10.root 367264 [482,505,478,484,485,486,489,494,499,502,506,472,480,487,498,476,477,488,493,503,474,490,500,501,471,475,479,483,491,495,496,504,473,481,497,492]
/store/data/Run2023C/HcalNZS/RAW/v1/000/367/264/00000/d0f6b93b-6895-40bf-825a-4bca56cf2f10.root 367264 [46,50,54,53,48,49,55,58,67,52,57,65,66,47,56,62,59,63,51,60,61,64]
/store/data/Run2023C/HcalNZS/RAW/v1/000/367/264/00000/d55d37b2-e178-4ee6-91e8-527e33b799b9.root 367264 [586,588,589,593,598,606,608,614,582,583,595,604,607,610,611,612,584,591,592,596,599,603,585,587,605,613,580,597,600,609,601,615,581,590,594,602]
/store/data/Run2023C/HcalNZS/RAW/v1/000/367/264/00000/d5c40b25-4a69-4783-9033-bb34801f3794.root 367264 [291,300,306,315,290,294,310,301,303,308,313,292,293,296,302,305,314,304,295,297,299,309,311,298,307,312]
/store/data/Run2023C/HcalNZS/RAW/v1/000/367/264/00000/d7ddbf7d-ab6f-47c3-b2b4-743414dc4f13.root 367264 [524,532,522,526,528,530,533,537,538,509,514,516,523,525,541,515,518,507,510,511,512,527,536,535,539,542,508,517,520,521,534,540,513,519,529,531]
/store/data/Run2023C/HcalNZS/RAW/v1/000/367/264/00000/e8a6bd35-868f-46ed-8aa8-ee25ddb5438b.root 367264 [836,847,850,853,855,858,837,835,840,851,841,826,856,830,839,829,848,825,838,832,834,842,843,844,849,852,827,828,831,833,854,857,845,846]
/store/data/Run2023C/HcalNZS/RAW/v1/000/367/264/00000/ebe54266-c5c6-4a08-a5dc-6c9e18fb9808.root 367264 [354,359,368,362,365,367,371,372,370,373,346,369,350,358,348,349,351,353,357,355,363,364,347,352,356,360,361,366,374]
/store/data/Run2023C/HcalNZS/RAW/v1/000/367/264/00000/f36a5d17-525f-4bba-b4e5-0a6e62226a59.root 367264 [241,239,247,254,258,261,244,246,259,262,248,260,242,243,240,250,252,255,238,245,251,256,257,236,237,249,253,263]
