/store/data/Run2023B/JetMET1/RAW/v1/000/366/727/00000/10847d7a-ec53-42b5-bae2-c5d51909c611.root [89,96,90,94,95,91,92,93]
/store/data/Run2023B/JetMET1/RAW/v1/000/366/727/00000/3c17ac30-6edf-4d32-b7bb-13675a97ff15.root [136]
/store/data/Run2023B/JetMET1/RAW/v1/000/366/727/00000/4476f951-e1ef-4031-89d0-89615eee0018.root [32,34,43,30,31,45,35,36,37,41,44,33,38,39,40,42]
/store/data/Run2023B/JetMET1/RAW/v1/000/366/727/00000/4c8dbb4a-a3ec-40b9-b40d-e862629c0ec2.root [70,72,78,79,74,76,71,73,77,75]
/store/data/Run2023B/JetMET1/RAW/v1/000/366/727/00000/5e442bcb-77fd-4f27-a5bf-68c064b080da.root [83,84,85,86,80,88,82,81,87]
/store/data/Run2023B/JetMET1/RAW/v1/000/366/727/00000/5f4c74b1-b742-4add-b152-e6fcca6bdf78.root [2,3,1]
/store/data/Run2023B/JetMET1/RAW/v1/000/366/727/00000/64004f34-b34e-4732-ab2d-8bf2816cdd97.root [100,102,97,98,103,101,99]
/store/data/Run2023B/JetMET1/RAW/v1/000/366/727/00000/7e1abd5f-e3a2-4e10-8f0a-1dcedc517ff5.root [104,107,106,108,109,105]
/store/data/Run2023B/JetMET1/RAW/v1/000/366/727/00000/b81cc1c6-e693-418b-a96b-d6c46ebb800f.root [113,115,112,114,110,111]
/store/data/Run2023B/JetMET1/RAW/v1/000/366/727/00000/bae85d4a-6867-4fcb-94ef-61b8436e1ed9.root [47,58,53,48,52,57,54,46,56,49,50,51,55]
/store/data/Run2023B/JetMET1/RAW/v1/000/366/727/00000/c0a115a7-09c9-4809-b737-d91627703d0e.root [126,129,130,128,127]
/store/data/Run2023B/JetMET1/RAW/v1/000/366/727/00000/c3ae40f3-039b-432f-8eea-607eac18831c.root [123,122,125,124,121]
/store/data/Run2023B/JetMET1/RAW/v1/000/366/727/00000/d310282e-bf3a-4517-9786-c0468701a61c.root [65,67,59,66,68,63,69,61,62,64,60]
/store/data/Run2023B/JetMET1/RAW/v1/000/366/727/00000/f26af8c4-7ab3-4018-8dd1-b7cc6315742c.root [118,119,116,120,117]
/store/data/Run2023B/JetMET1/RAW/v1/000/366/727/00000/fb84e36b-8613-4898-986c-8db90ea0d90a.root [131,132,133,135,134]
