/store/data/Run2018D/MuOnia/RAW/v1/000/320/822/00000/02357359-9D97-E811-A378-FA163E3FD824.root [284,286,282,280,279,283,281,285]
/store/data/Run2018D/MuOnia/RAW/v1/000/320/822/00000/04A23BCE-9B97-E811-9A6C-FA163E1E6FE0.root [207,208,210,211,206,212,209]
/store/data/Run2018D/MuOnia/RAW/v1/000/320/822/00000/04CB36A5-9B97-E811-8389-FA163EF6F61C.root [239,241,242,243,237,238,240,244]
/store/data/Run2018D/MuOnia/RAW/v1/000/320/822/00000/0E5FAC96-9B97-E811-B17A-FA163E6FD2C6.root [235,232,233,236,229,230,231,234]
/store/data/Run2018D/MuOnia/RAW/v1/000/320/822/00000/0EFD56BC-8C97-E811-B638-FA163EE69F5F.root [31,27,29,30,26,28]
/store/data/Run2018D/MuOnia/RAW/v1/000/320/822/00000/12711590-A097-E811-AE35-FA163EA93053.root [314,318,319,316,317,312,313,311,315]
/store/data/Run2018D/MuOnia/RAW/v1/000/320/822/00000/1615EA4D-9D97-E811-B0CB-02163E01A0CC.root [288,289,290,291,293,287,292,294]
/store/data/Run2018D/MuOnia/RAW/v1/000/320/822/00000/16D6408F-9997-E811-B270-FA163E83A95C.root [97,98,100,99,103,101,102]
/store/data/Run2018D/MuOnia/RAW/v1/000/320/822/00000/1CF0CFB0-9B97-E811-9790-FA163E5769CE.root [190,193,197,191,194,196,192,195]
/store/data/Run2018D/MuOnia/RAW/v1/000/320/822/00000/209BB759-9397-E811-B0B2-FA163E4621F6.root [40,42,43,38,41,39]
/store/data/Run2018D/MuOnia/RAW/v1/000/320/822/00000/263B6B7B-9097-E811-9C90-FA163E942906.root [35,33,34,32,37,36]
/store/data/Run2018D/MuOnia/RAW/v1/000/320/822/00000/32B74CA0-B197-E811-99D5-FA163E477BED.root [436,437,438,432,439,434,433,440,435,431]
/store/data/Run2018D/MuOnia/RAW/v1/000/320/822/00000/36B2ECB9-9997-E811-B6F5-02163E00B572.root [126,127,128,125,129,131,130]
/store/data/Run2018D/MuOnia/RAW/v1/000/320/822/00000/42FEF086-B197-E811-B98B-FA163E122C57.root [518,519,522,517,520,515,521,513,514,516]
/store/data/Run2018D/MuOnia/RAW/v1/000/320/822/00000/4A693A57-B197-E811-BA24-FA163E5CE18A.root [510,512,509,502,505,507,504,506,508,511,503]
/store/data/Run2018D/MuOnia/RAW/v1/000/320/822/00000/509D27D2-9697-E811-93C6-02163E019FB4.root [56,62,61,58,60,57,59]
/store/data/Run2018D/MuOnia/RAW/v1/000/320/822/00000/56056C50-B197-E811-A018-FA163EDC0938.root [384,386,389,390,391,387,383,388,385]
/store/data/Run2018D/MuOnia/RAW/v1/000/320/822/00000/568BBBB8-8C97-E811-8661-FA163ECD054E.root [7,10,11,9,8,12]
/store/data/Run2018D/MuOnia/RAW/v1/000/320/822/00000/56D88DA1-B197-E811-994C-FA163ED01E21.root [495,498,494,496,497,492,493,501,500,499]
/store/data/Run2018D/MuOnia/RAW/v1/000/320/822/00000/5A5CEF29-9A97-E811-BBD9-FA163E94E4CF.root [121,119,122,124,118,120,123]
/store/data/Run2018D/MuOnia/RAW/v1/000/320/822/00000/5E3BCEEC-9297-E811-AD23-FA163EAE6D9D.root [54,51,55,53,50,52]
/store/data/Run2018D/MuOnia/RAW/v1/000/320/822/00000/5E8998EE-9B97-E811-8231-FA163E046877.root [221,227,223,225,224,226,222,228]
/store/data/Run2018D/MuOnia/RAW/v1/000/320/822/00000/5EF7C49A-9B97-E811-84E8-FA163E3ECB15.root [245,246,252,247,249,248,250,251]
/store/data/Run2018D/MuOnia/RAW/v1/000/320/822/00000/60E1A2AF-9997-E811-8C2E-FA163E76D066.root [86,88,85,83,89,87,84]
/store/data/Run2018D/MuOnia/RAW/v1/000/320/822/00000/66C7BA19-9A97-E811-B24E-FA163EA997F5.root [140,139,141,142,144,145,143]
/store/data/Run2018D/MuOnia/RAW/v1/000/320/822/00000/6854047F-9D97-E811-9EA4-02163E00B778.root [307,306,308,309,310,303,305,304]
/store/data/Run2018D/MuOnia/RAW/v1/000/320/822/00000/68718B93-9997-E811-935F-FA163E7452A8.root [80,78,81,82,76,77,79]
/store/data/Run2018D/MuOnia/RAW/v1/000/320/822/00000/6C8A6203-AE97-E811-94FB-02163E013C92.root [331,334,336,333,337,329,330,332,335]
/store/data/Run2018D/MuOnia/RAW/v1/000/320/822/00000/72773562-B197-E811-B9AA-FA163E4050E1.root [449,450,441,443,444,445,446,447,448,442]
/store/data/Run2018D/MuOnia/RAW/v1/000/320/822/00000/76FD9092-9B97-E811-9573-FA163EEECA4B.root [186,188,183,184,185,187,189,182]
/store/data/Run2018D/MuOnia/RAW/v1/000/320/822/00000/78DD4894-9B97-E811-8B42-FA163E65DFD0.root [174,178,176,177,179,175,180,181]
/store/data/Run2018D/MuOnia/RAW/v1/000/320/822/00000/7CDF2093-9B97-E811-B10E-FA163EF3AC83.root [162,164,166,161,165,160,163]
/store/data/Run2018D/MuOnia/RAW/v1/000/320/822/00000/8A17FF44-9D97-E811-A4FF-FA163E6A2D6E.root [258,260,259,253,254,255,256,257]
/store/data/Run2018D/MuOnia/RAW/v1/000/320/822/00000/9047EB54-9D97-E811-8B7C-FA163EE49D4F.root [275,277,278,276,271,272,270,274,273]
/store/data/Run2018D/MuOnia/RAW/v1/000/320/822/00000/92397D7F-9C97-E811-9167-FA163E2415B4.root [146,148,150,147,151,149,152]
/store/data/Run2018D/MuOnia/RAW/v1/000/320/822/00000/925AAD50-9D97-E811-982A-FA163ECFF8BE.root [300,301,298,299,297,295,296,302]
/store/data/Run2018D/MuOnia/RAW/v1/000/320/822/00000/9493AEB1-A097-E811-B5B5-FA163E887231.root [322,323,321,328,320,325,326,324,327]
/store/data/Run2018D/MuOnia/RAW/v1/000/320/822/00000/A8E9184F-B197-E811-8729-FA163EC75482.root [374,380,378,377,375,376,379,381,382]
/store/data/Run2018D/MuOnia/RAW/v1/000/320/822/00000/AA319BB9-B197-E811-8245-FA163E6502F7.root [364,360,362,356,363,361,357,358,359]
/store/data/Run2018D/MuOnia/RAW/v1/000/320/822/00000/AACEEE8E-9B97-E811-B597-FA163E1C91FA.root [201,205,203,202,198,200,204,199]
/store/data/Run2018D/MuOnia/RAW/v1/000/320/822/00000/AC32DF67-AD97-E811-90FA-FA163EFB74D5.root [338,346,342,343,339,341,340,344,345]
/store/data/Run2018D/MuOnia/RAW/v1/000/320/822/00000/AC4D14C3-B197-E811-93BB-FA163EF3AEC8.root [412,414,413,417,419,418,420,415,411,416]
/store/data/Run2018D/MuOnia/RAW/v1/000/320/822/00000/B08FBE5F-B197-E811-B1DD-FA163E5CD976.root [485,490,486,489,491,482,484,488,483,487]
/store/data/Run2018D/MuOnia/RAW/v1/000/320/822/00000/B262BCC5-8C97-E811-9126-02163E019FBC.root [21,22,24,19,20,23,25]
/store/data/Run2018D/MuOnia/RAW/v1/000/320/822/00000/B87314F1-9297-E811-9C00-FA163E329AAC.root [47,49,44,45,48,46]
/store/data/Run2018D/MuOnia/RAW/v1/000/320/822/00000/BA584E8D-9997-E811-B36B-FA163E510BE5.root [104,108,107,105,109,106,110]
/store/data/Run2018D/MuOnia/RAW/v1/000/320/822/00000/BCAAA5BA-B197-E811-A634-02163E019F71.root [398,392,396,399,394,395,393,397,400]
/store/data/Run2018D/MuOnia/RAW/v1/000/320/822/00000/C2942B8F-9997-E811-9970-FA163EE7B33A.root [73,74,70,69,72,71,75]
/store/data/Run2018D/MuOnia/RAW/v1/000/320/822/00000/C2F845FF-9B97-E811-86A0-FA163EBDB555.root [170,172,173,169,167,168,171]
/store/data/Run2018D/MuOnia/RAW/v1/000/320/822/00000/C6190556-B197-E811-A04C-FA163E2E7215.root [369,371,366,372,365,367,368,370,373]
/store/data/Run2018D/MuOnia/RAW/v1/000/320/822/00000/C6729F8E-9997-E811-AA52-FA163E7B6908.root [138,134,137,135,132,133,136]
/store/data/Run2018D/MuOnia/RAW/v1/000/320/822/00000/C8068D6B-B197-E811-8D47-FA163EA81608.root [427,426,429,424,421,422,425,430,428,423]
/store/data/Run2018D/MuOnia/RAW/v1/000/320/822/00000/CA39A192-9B97-E811-985A-FA163EF16FDF.root [159,155,153,154,156,157,158]
/store/data/Run2018D/MuOnia/RAW/v1/000/320/822/00000/CCD0B862-B197-E811-B6B7-A4BF0127B056.root [348,350,352,354,347,353,349,351,355]
/store/data/Run2018D/MuOnia/RAW/v1/000/320/822/00000/CE78E34C-B197-E811-AED8-FA163E862C57.root [458,457,459,460,456,453,455,451,452,454]
/store/data/Run2018D/MuOnia/RAW/v1/000/320/822/00000/CEFEED05-9A97-E811-A02A-02163E0148F4.root [116,113,115,111,114,112,117]
/store/data/Run2018D/MuOnia/RAW/v1/000/320/822/00000/D2479BF5-8C97-E811-AA3A-FA163E84738D.root [1,3,5,4,6,2]
/store/data/Run2018D/MuOnia/RAW/v1/000/320/822/00000/D6461450-B197-E811-A7EE-FA163E4CFF4B.root [463,469,461,464,467,462,471,466,468,465,470]
/store/data/Run2018D/MuOnia/RAW/v1/000/320/822/00000/D653F699-9B97-E811-B7B4-FA163E16A836.root [215,216,220,218,219,214,217,213]
/store/data/Run2018D/MuOnia/RAW/v1/000/320/822/00000/E661C94C-B197-E811-A6A6-FA163E9283C8.root [403,407,408,405,406,402,409,401,410,404]
/store/data/Run2018D/MuOnia/RAW/v1/000/320/822/00000/E6EEE5D6-9697-E811-8590-FA163E4D6DEF.root [67,64,66,63,65,68]
/store/data/Run2018D/MuOnia/RAW/v1/000/320/822/00000/EE933ACD-9E97-E811-AC51-FA163E8C894B.root [261,263,265,262,267,269,264,268,266]
/store/data/Run2018D/MuOnia/RAW/v1/000/320/822/00000/F08A142D-B297-E811-AEAD-02163E013A37.root [476,478,479,481,472,477,480,475,473,474]
/store/data/Run2018D/MuOnia/RAW/v1/000/320/822/00000/F0D8CB01-8D97-E811-94E8-FA163E17F3DA.root [13,14,15,18,16,17]
/store/data/Run2018D/MuOnia/RAW/v1/000/320/822/00000/FAE37694-9997-E811-BE10-FA163EF16FDF.root [93,90,94,92,91,95,96]
