/store/data/Run2015C/SingleMuon/RAW/v1/000/254/790/00000/046221E0-3648-E511-828C-02163E011E5B.root [177,172,180,170,171,175,179,181,178,173,176,182,174,183,169]
/store/data/Run2015C/SingleMuon/RAW/v1/000/254/790/00000/069C37D9-3648-E511-8859-02163E01559C.root [120,121,126,119,122,124,127,123,125]
/store/data/Run2015C/SingleMuon/RAW/v1/000/254/790/00000/10156720-4248-E511-BF0A-02163E011CBD.root [342,338,340,339,341,343,344,345,347,346]
/store/data/Run2015C/SingleMuon/RAW/v1/000/254/790/00000/1246DDC3-3648-E511-94AC-02163E0139AD.root [185,186,192,184,191,187,189,188,190]
/store/data/Run2015C/SingleMuon/RAW/v1/000/254/790/00000/12A35E20-4248-E511-B0BE-02163E011CBD.root [460,461,463,466,458,465,467,459,464,462]
/store/data/Run2015C/SingleMuon/RAW/v1/000/254/790/00000/1680331F-4248-E511-B445-02163E014466.root [359,361,364,362,363,365,360,358,366,367]
/store/data/Run2015C/SingleMuon/RAW/v1/000/254/790/00000/1C9E0123-4248-E511-B5F6-02163E012838.root [449,456,457,454,450,451,452,453,448,455]
/store/data/Run2015C/SingleMuon/RAW/v1/000/254/790/00000/20D579DA-3648-E511-8FD8-02163E01422E.root [205,202,208,203,206,207,209,204,210]
/store/data/Run2015C/SingleMuon/RAW/v1/000/254/790/00000/26E758A6-3748-E511-AF0B-02163E01455F.root [111,110,116,112,114,117,115,113,118]
/store/data/Run2015C/SingleMuon/RAW/v1/000/254/790/00000/28B411F4-3E48-E511-B87B-02163E014576.root [228,220,221,222,225,226,229,223,224,227]
/store/data/Run2015C/SingleMuon/RAW/v1/000/254/790/00000/2E2B981F-4248-E511-A278-02163E0144A5.root [375,376,370,372,368,369,373,374,371,377]
/store/data/Run2015C/SingleMuon/RAW/v1/000/254/790/00000/32C4F317-4248-E511-AB20-02163E011E27.root [250,249,252,253,257,255,251,256,254]
/store/data/Run2015C/SingleMuon/RAW/v1/000/254/790/00000/34FEBDA2-4248-E511-AE42-02163E01345A.root [739,737,736,741,742,744,735,740,738,745,743]
/store/data/Run2015C/SingleMuon/RAW/v1/000/254/790/00000/36DEA5C4-4248-E511-ACE6-02163E014222.root [576,569,581,575,572,580,573,574,568,570,571,577,578,579]
/store/data/Run2015C/SingleMuon/RAW/v1/000/254/790/00000/3893A621-4248-E511-B5EF-02163E011ED0.root [300,305,298,302,301,303,307,304,306,299]
/store/data/Run2015C/SingleMuon/RAW/v1/000/254/790/00000/3E2CB3D6-3648-E511-AD38-02163E014366.root [200,194,199,197,198,201,193,195,196]
/store/data/Run2015C/SingleMuon/RAW/v1/000/254/790/00000/42D5A9D8-3648-E511-9989-02163E012933.root [157,159,161,162,168,156,160,166,155,158,165,163,164,167]
/store/data/Run2015C/SingleMuon/RAW/v1/000/254/790/00000/485FC9A4-4248-E511-A707-02163E014296.root [520,521,523,522,527,526,518,519,524,525]
/store/data/Run2015C/SingleMuon/RAW/v1/000/254/790/00000/50ECDCA6-4248-E511-B089-02163E0137EF.root [707,708,702,704,711,705,709,712,706,703,710]
/store/data/Run2015C/SingleMuon/RAW/v1/000/254/790/00000/5A453320-4248-E511-A34D-02163E011FF9.root [315,316,311,317,308,309,312,310,313,314]
/store/data/Run2015C/SingleMuon/RAW/v1/000/254/790/00000/5A658F3A-4248-E511-9544-02163E0142E1.root [429,432,428,437,436,433,434,435,430,431]
/store/data/Run2015C/SingleMuon/RAW/v1/000/254/790/00000/5C1D0925-4248-E511-9024-02163E014243.root [408,412,417,409,414,413,411,416,410,415]
/store/data/Run2015C/SingleMuon/RAW/v1/000/254/790/00000/5C78F6A4-4248-E511-A740-02163E014752.root [607,601,600,602,603,606,608,604,599,605,609]
/store/data/Run2015C/SingleMuon/RAW/v1/000/254/790/00000/5CA15644-4248-E511-9982-02163E012A4C.root [268,271,276,272,273,270,275,274,277,269]
/store/data/Run2015C/SingleMuon/RAW/v1/000/254/790/00000/5E8C8EA6-4248-E511-B39C-02163E012B60.root [622,625,627,629,630,620,621,624,623,626,628]
/store/data/Run2015C/SingleMuon/RAW/v1/000/254/790/00000/60A506A5-4248-E511-90C8-02163E0139AD.root [720,715,723,713,714,716,722,719,721,717,718]
/store/data/Run2015C/SingleMuon/RAW/v1/000/254/790/00000/62F646D7-3648-E511-9711-02163E0137F4.root [152,149,146,151,154,147,148,150,153]
/store/data/Run2015C/SingleMuon/RAW/v1/000/254/790/00000/640653A3-4248-E511-8440-02163E014775.root [750,756,747,755,753,749,754,746,748,751,752]
/store/data/Run2015C/SingleMuon/RAW/v1/000/254/790/00000/6A67271C-4348-E511-967F-02163E014301.root [533,535,536,537,529,531,534,530,528,532]
/store/data/Run2015C/SingleMuon/RAW/v1/000/254/790/00000/6AB69BA4-4248-E511-A611-02163E0143DD.root [658,659,662,655,657,663,654,661,660,653,656]
/store/data/Run2015C/SingleMuon/RAW/v1/000/254/790/00000/6C9914A6-4248-E511-B19F-02163E014366.root [645,642,649,646,643,644,647,650,651,648,652]
/store/data/Run2015C/SingleMuon/RAW/v1/000/254/790/00000/74B0C120-4248-E511-BC54-02163E0145BB.root [383,379,382,384,386,385,381,378,380,387]
/store/data/Run2015C/SingleMuon/RAW/v1/000/254/790/00000/7682C8AE-4248-E511-B350-02163E016C4C.root [543,544,545,539,541,540,546,547,538,542]
/store/data/Run2015C/SingleMuon/RAW/v1/000/254/790/00000/76A005A4-4248-E511-82CB-02163E0145A2.root [727,731,730,732,734,729,724,725,726,728,733]
/store/data/Run2015C/SingleMuon/RAW/v1/000/254/790/00000/862447A6-4248-E511-801E-02163E0144A5.root [691,686,687,692,694,696,689,693,695,688,697,690,701]
/store/data/Run2015C/SingleMuon/RAW/v1/000/254/790/00000/86E1C4A2-4248-E511-BB1E-02163E01345A.root [517,512,514,516,510,511,508,513,509,515]
/store/data/Run2015C/SingleMuon/RAW/v1/000/254/790/00000/88CEFB22-4248-E511-96EB-02163E012838.root [330,331,333,329,332,334,337,335,328,336]
/store/data/Run2015C/SingleMuon/RAW/v1/000/254/790/00000/90E05923-4248-E511-B4F8-02163E01464A.root [259,266,265,260,261,258,262,263,267,264]
/store/data/Run2015C/SingleMuon/RAW/v1/000/254/790/00000/923BE4A4-4248-E511-8062-02163E01469F.root [672,668,674,664,666,670,673,671,665,667,669]
/store/data/Run2015C/SingleMuon/RAW/v1/000/254/790/00000/929A8A22-4248-E511-AB47-02163E01381A.root [439,442,438,444,445,446,443,447,440,441]
/store/data/Run2015C/SingleMuon/RAW/v1/000/254/790/00000/92EB80F7-3E48-E511-89F9-02163E016C4C.root [231,232,234,233,235,238,236,230,237]
/store/data/Run2015C/SingleMuon/RAW/v1/000/254/790/00000/94485EA3-4248-E511-B398-02163E014775.root [551,556,553,548,557,550,552,554,555,549]
/store/data/Run2015C/SingleMuon/RAW/v1/000/254/790/00000/98FD01A6-4248-E511-AE96-02163E01381A.root [565,560,563,559,566,567,558,564,561,562]
/store/data/Run2015C/SingleMuon/RAW/v1/000/254/790/00000/9E694023-4248-E511-9DE6-02163E01559C.root [399,403,406,401,407,400,402,404,398,405]
/store/data/Run2015C/SingleMuon/RAW/v1/000/254/790/00000/A23004D7-3648-E511-974E-02163E0119B5.root [133,132,130,129,135,128,136,131,134]
/store/data/Run2015C/SingleMuon/RAW/v1/000/254/790/00000/A2900A24-4248-E511-ADE2-02163E016C4C.root [478,480,481,479,484,483,486,487,485,482]
/store/data/Run2015C/SingleMuon/RAW/v1/000/254/790/00000/A88262DF-3648-E511-A283-02163E014576.root [137,138,139,140,144,145,141,143,142]
/store/data/Run2015C/SingleMuon/RAW/v1/000/254/790/00000/BA549CAB-4248-E511-9C5C-02163E014663.root [680,685,684,675,677,676,679,681,683,678,682]
/store/data/Run2015C/SingleMuon/RAW/v1/000/254/790/00000/BADC99A3-4248-E511-A443-02163E014243.root [501,505,502,506,500,504,503,499,498,507]
/store/data/Run2015C/SingleMuon/RAW/v1/000/254/790/00000/BAEAF223-4248-E511-8828-02163E016C4C.root [393,396,391,389,397,388,392,394,390,395]
/store/data/Run2015C/SingleMuon/RAW/v1/000/254/790/00000/C69DF3A4-4248-E511-A6B2-02163E014652.root [611,612,613,618,616,619,614,615,617,610]
/store/data/Run2015C/SingleMuon/RAW/v1/000/254/790/00000/C8D3A65A-2E48-E511-B758-02163E01381A.root [14,24,37,43,64,67,69,70,85,19,38,40,45,65,68,72,76,78,82,84,95,10,16,26,27,31,34,36,41,51,62,77,96,99,11,20,21,22,33,50,63,73,75,79,83,86,87,17,28,39,44,47,52,54,55,57,58,90,93,12,13,23,25,46,48,56,59,66,74,88,94,97,100,9,18,30,35,42,49,71,80,81,15,29,32,53,60,61,98]
/store/data/Run2015C/SingleMuon/RAW/v1/000/254/790/00000/D8040223-4248-E511-82C7-02163E01381A.root [293,294,297,289,295,292,296,288,290,291]
/store/data/Run2015C/SingleMuon/RAW/v1/000/254/790/00000/D8569E20-4248-E511-BC7B-02163E014296.root [321,326,318,319,324,322,327,320,323,325]
/store/data/Run2015C/SingleMuon/RAW/v1/000/254/790/00000/DA5FBB20-4248-E511-8826-02163E0145A2.root [473,477,476,471,474,475,469,472,468,470]
/store/data/Run2015C/SingleMuon/RAW/v1/000/254/790/00000/DCD971DB-3648-E511-8904-02163E011851.root [212,214,215,213,211,218,217,219,216]
/store/data/Run2015C/SingleMuon/RAW/v1/000/254/790/00000/E07402E1-4248-E511-8086-02163E01464A.root [771,782,784,769,774,778,772,787,768,776,777,779,770,773,780,785,786,788,775,781,783,789,792]
/store/data/Run2015C/SingleMuon/RAW/v1/000/254/790/00000/E2C9E51F-4248-E511-A58A-02163E013537.root [284,286,279,280,281,282,283,278,287,285]
/store/data/Run2015C/SingleMuon/RAW/v1/000/254/790/00000/E4209521-4248-E511-AF51-02163E011ED0.root [422,426,423,420,427,421,424,418,419,425]
/store/data/Run2015C/SingleMuon/RAW/v1/000/254/790/00000/E4B53DA7-4248-E511-8FE4-02163E011FF9.root [760,757,761,765,759,766,767,758,763,764,762]
/store/data/Run2015C/SingleMuon/RAW/v1/000/254/790/00000/EA8267A5-4248-E511-A97D-02163E011E27.root [585,590,596,584,587,591,589,593,594,597,588,592,582,586,598,583,595]
/store/data/Run2015C/SingleMuon/RAW/v1/000/254/790/00000/EABC23A5-4248-E511-9470-02163E011CBD.root [489,488,493,491,496,494,495,497,490,492]
/store/data/Run2015C/SingleMuon/RAW/v1/000/254/790/00000/F41DE2D7-3648-E511-82CE-02163E01447C.root [102,105,106,107,109,108,101,103,104]
/store/data/Run2015C/SingleMuon/RAW/v1/000/254/790/00000/F440121F-4248-E511-B02C-02163E0137F4.root [348,353,356,355,350,354,357,349,352,351]
/store/data/Run2015C/SingleMuon/RAW/v1/000/254/790/00000/FE7689A8-4248-E511-9F73-02163E014643.root [631,633,639,638,635,640,641,632,634,636,637]
/store/data/Run2015C/SingleMuon/RAW/v1/000/254/790/00000/FE91CAF5-3E48-E511-890E-02163E01464A.root [241,244,247,248,243,240,246,239,242,245]
