/store/data/Run2017F/NoBPTX/RAW/v1/000/305/064/00000/26F8189C-0FB1-E711-97C3-02163E014130.root [262,264,273,276,278,280,283,293,306,270,284,286,294,300,310,316,261,304,309,319,289,297,301,267,268,272,287,291,296,299,303,308,311,313,260,263,288,295,315,318,265,269,275,277,285,302,307,314,266,271,274,279,281,282,290,292,298,305,312,317]
/store/data/Run2017F/NoBPTX/RAW/v1/000/305/064/00000/28398779-76B1-E711-BE51-02163E014628.root [1882,1885,1889,1909,1913,1932,1938,1946,1949,2002,1866,1868,1876,1877,1886,1893,1912,1922,1939,1952,1962,1983,1996,2000,2003,2004,1873,1890,1894,1895,1908,1920,1929,1930,1942,1956,1971,1973,1988,1990,1995,1998,1863,1874,1881,1883,1887,1892,1897,1900,1906,1907,1910,1915,1917,1931,1936,1964,1966,1969,1976,1986,1994,1864,1869,1871,1879,1902,1903,1904,1911,1916,1921,1926,1927,1928,1935,1940,1941,1955,1958,1959,1960,1961,1963,1965,1967,1968,1970,1975,1979,1981,1982,1991,1865,1867,1870,1896,1925,1933,1934,1950,1951,1954,1972,1977,1978,1980,1989,1997,1872,1880,1884,1888,1898,1943,1944,1945,1947,1953,1974,1992,1993,1999,2006,1862,1875,1878,1891,1899,1901,1905,1914,1918,1919,1923,1924,1937,1948,1957,1984,1985,1987,2001,2005]
/store/data/Run2017F/NoBPTX/RAW/v1/000/305/064/00000/2A23C507-19B1-E711-8384-02163E0136AD.root [454,457,465,470,476,486,493,494,502,505,451,467,478,483,497,504,508,452,459,468,488,492,501,464,474,477,487,503,507,511,458,460,463,466,469,475,479,482,485,498,448,450,453,455,489,491,495,500,512,456,462,472,480,496,506,449,461,471,473,481,484,490,499,509,510]
/store/data/Run2017F/NoBPTX/RAW/v1/000/305/064/00000/32217E24-6FB1-E711-9DC6-02163E01477D.root [583,606,612,621,628,632,633,637,639,649,598,599,600,623,630,641,645,650,585,588,607,613,616,620,631,634,652,586,587,603,627,584,593,601,604,608,611,624,625,635,646,648,589,597,610,614,619,638,582,590,594,595,602,605,615,617,618,626,629,636,640,642,644,651,653,591,592,596,609,622,643,647]
/store/data/Run2017F/NoBPTX/RAW/v1/000/305/064/00000/32DEB08C-76B1-E711-BA59-02163E014702.root [1332,1342,1343,1344,1345,1351,1356,1357,1360,1361,1366,1368,1382,1384,1391,1399,1402,1418,1421,1422,1426,1427,1438,1439,1452,1341,1352,1355,1362,1380,1381,1392,1393,1401,1419,1420,1424,1425,1434,1440,1335,1371,1372,1377,1379,1414,1429,1449,1333,1338,1339,1347,1348,1350,1353,1369,1373,1376,1390,1397,1398,1404,1409,1415,1416,1428,1433,1442,1446,1450,1340,1383,1412,1431,1436,1437,1448,1334,1337,1346,1354,1363,1364,1374,1375,1385,1389,1403,1406,1408,1411,1413,1417,1430,1435,1444,1451,1453,1454,1336,1365,1378,1386,1387,1394,1400,1405,1445,1447,1349,1358,1359,1367,1370,1388,1395,1396,1407,1410,1423,1432,1441,1443,1455]
/store/data/Run2017F/NoBPTX/RAW/v1/000/305/064/00000/44F2CE77-74B1-E711-92ED-02163E01A781.root [824,826,835,840,844,845,846,850,859,868,870,877,879,880,881,884,888,893,822,829,831,832,836,842,843,858,876,885,896,898,899,901,907,851,878,889,890,891,894,897,905,908,828,848,849,852,860,862,874,883,895,903,904,820,821,839,847,856,863,866,875,882,887,892,900,823,837,838,854,855,872,873,830,841,861,864,865,867,869,871,886,902,906,909,825,827,833,834,853,857]
/store/data/Run2017F/NoBPTX/RAW/v1/000/305/064/00000/5840B05F-76B1-E711-9CFA-02163E01A4EF.root [1600,1614,1630,1659,1664,1665,1667,1693,1698,1699,1716,1719,1592,1593,1599,1613,1615,1638,1643,1650,1653,1655,1661,1669,1683,1687,1695,1711,1607,1608,1609,1616,1625,1633,1644,1648,1658,1675,1688,1690,1691,1703,1591,1601,1604,1617,1627,1631,1652,1694,1696,1697,1700,1701,1708,1594,1596,1606,1623,1624,1639,1646,1649,1654,1660,1663,1668,1670,1673,1674,1677,1681,1686,1704,1706,1710,1590,1595,1597,1611,1618,1620,1636,1637,1641,1657,1662,1666,1672,1682,1685,1692,1712,1713,1714,1598,1603,1612,1621,1622,1628,1629,1635,1645,1651,1676,1689,1705,1718,1589,1602,1605,1610,1619,1626,1632,1634,1640,1642,1647,1656,1671,1678,1679,1680,1684,1702,1707,1709,1715,1717,1720,1721]
/store/data/Run2017F/NoBPTX/RAW/v1/000/305/064/00000/60D0984F-74B1-E711-9E5D-02163E01417F.root [740,744,773,777,785,794,748,761,765,767,790,791,793,801,804,816,747,751,753,758,763,769,780,784,789,798,813,735,741,762,770,774,792,796,799,808,810,814,736,738,739,745,757,764,772,776,795,797,802,743,749,750,752,766,768,771,778,779,781,787,800,809,815,819,737,742,754,760,782,786,805,817,818,746,755,756,759,775,783,788,803,806,807,811,812]
/store/data/Run2017F/NoBPTX/RAW/v1/000/305/064/00000/64CD2747-74B1-E711-8BF9-02163E014345.root [671,692,696,711,713,718,662,664,669,677,680,684,687,688,689,708,725,727,656,682,690,694,701,706,714,716,717,719,724,655,659,660,661,665,666,667,672,675,676,693,697,699,705,709,733,658,670,674,681,702,703,723,729,663,673,686,695,700,707,721,732,734,657,668,679,691,698,704,712,720,728,730,678,683,685,710,715,722,726,731]
/store/data/Run2017F/NoBPTX/RAW/v1/000/305/064/00000/68B4F8D8-76B1-E711-B0BC-02163E01A24E.root [2007,2010,2026,2028,2035,2020,2025,2027,2032,2037,2040,2050,2054,2056,2008,2011,2016,2022,2024,2029,2038,2051,2021,2030,2031,2041,2045,2012,2014,2015,2018,2044,2047,2048,2053,2009,2019,2033,2039,2046,2052,2013,2017,2042,2043,2049,2055,2023,2034,2036]
/store/data/Run2017F/NoBPTX/RAW/v1/000/305/064/00000/78F32946-0CB1-E711-A173-02163E0140ED.root [214,216,218,233,234,250,252,255,258,259,200,203,212,228,232,245,248,207,223,230,242,253,256,217,220,221,235,246,204,206,227,240,241,249,210,213,222,224,229,231,239,243,244,254,257,201,205,215,238,247,202,208,209,211,219,225,226,236,237,251]
/store/data/Run2017F/NoBPTX/RAW/v1/000/305/064/00000/7CF8805D-76B1-E711-AE4F-02163E01A5CB.root [1471,1476,1478,1490,1493,1499,1512,1525,1526,1529,1531,1545,1552,1556,1571,1576,1582,1461,1472,1479,1480,1482,1486,1488,1505,1506,1516,1519,1524,1528,1532,1536,1541,1555,1559,1566,1574,1578,1580,1581,1583,1460,1463,1464,1469,1475,1481,1500,1501,1509,1518,1535,1538,1542,1548,1551,1563,1569,1458,1467,1473,1491,1495,1503,1511,1513,1539,1544,1547,1568,1575,1584,1586,1484,1485,1489,1497,1502,1510,1515,1553,1557,1567,1570,1456,1477,1483,1492,1494,1507,1514,1522,1534,1537,1540,1546,1561,1573,1577,1459,1462,1466,1468,1487,1504,1508,1521,1523,1530,1533,1543,1549,1554,1562,1564,1572,1585,1457,1465,1470,1474,1496,1498,1517,1520,1527,1550,1558,1560,1565,1579,1587,1588]
/store/data/Run2017F/NoBPTX/RAW/v1/000/305/064/00000/84D2826F-76B1-E711-80CA-02163E01A34C.root [1014,1025,1027,1031,1033,1038,1052,1062,1068,1089,1091,1101,1104,1105,1021,1035,1048,1061,1074,1096,1007,1020,1023,1024,1030,1043,1055,1057,1070,1071,1072,1083,1086,1006,1008,1013,1016,1022,1039,1041,1050,1051,1058,1081,1088,1099,1103,1009,1010,1012,1017,1019,1026,1028,1029,1046,1053,1056,1063,1064,1066,1067,1084,1085,1100,1011,1015,1032,1036,1037,1045,1059,1060,1065,1073,1076,1079,1090,1092,1095,1102,1106,1034,1040,1044,1049,1054,1075,1097,1098,1107,1018,1042,1047,1069,1077,1078,1080,1082,1087,1093,1094]
/store/data/Run2017F/NoBPTX/RAW/v1/000/305/064/00000/8A9C9758-76B1-E711-B9D0-02163E014639.root [1108,1113,1114,1119,1140,1142,1147,1150,1178,1180,1184,1200,1204,1205,1206,1208,1111,1117,1126,1132,1148,1169,1170,1171,1176,1191,1192,1194,1198,1211,1110,1129,1141,1152,1160,1163,1165,1174,1183,1185,1190,1210,1109,1115,1120,1128,1135,1143,1168,1173,1189,1127,1134,1138,1175,1186,1187,1193,1195,1203,1212,1215,1112,1123,1133,1136,1137,1144,1146,1149,1154,1157,1164,1188,1196,1202,1209,1213,1116,1118,1121,1131,1139,1145,1159,1161,1166,1167,1172,1177,1182,1197,1199,1201,1122,1124,1125,1130,1151,1153,1155,1156,1158,1162,1179,1181,1207,1214]
/store/data/Run2017F/NoBPTX/RAW/v1/000/305/064/00000/92CAFAAC-01B1-E711-B79B-02163E019B40.root [15,17,41,48,51,53,56,66,13,23,35,45,50,58,59,60,67,5,24,36,37,52,55,7,11,21,30,46,47,4,19,20,22,27,31,34,49,68,1,8,10,26,33,38,54,61,62,63,65,2,3,6,9,14,25,39,40,43,44,12,16,18,28,29,32,42,57,64]
/store/data/Run2017F/NoBPTX/RAW/v1/000/305/064/00000/96F1C8A9-15B1-E711-8A3D-02163E013758.root [322,335,337,347,349,356,375,379,380,321,323,328,341,346,350,357,361,368,370,378,381,382,334,336,344,359,365,371,377,338,339,353,367,331,340,342,352,358,363,373,324,327,330,333,345,369,376,383,326,343,355,366,320,325,329,332,348,351,354,360,362,364,372,374]
/store/data/Run2017F/NoBPTX/RAW/v1/000/305/064/00000/98297DBD-09B1-E711-9CA9-02163E01346A.root [141,161,164,170,171,172,173,183,184,187,197,137,150,153,166,177,188,194,139,148,152,154,159,163,179,182,192,196,144,162,168,176,185,190,191,193,138,145,156,186,189,136,146,149,155,160,169,181,143,147,158,165,175,195,199,140,142,151,157,167,174,178,180,198]
/store/data/Run2017F/NoBPTX/RAW/v1/000/305/064/00000/9CB40A69-05B1-E711-8A63-02163E019BD2.root [72,80,86,99,113,122,125,128,129,76,77,89,97,111,116,132,69,101,103,114,120,73,81,84,85,93,112,117,119,126,134,70,75,78,82,87,88,92,94,106,108,121,123,127,135,74,96,102,104,110,118,124,71,83,90,91,95,107,109,115,130,131,79,98,100,105,133]
/store/data/Run2017F/NoBPTX/RAW/v1/000/305/064/00000/9CBF91B2-15B1-E711-ABAF-02163E011DDB.root [388,397,416,429,442,385,402,406,417,433,439,389,393,410,412,418,425,432,447,384,386,394,404,431,443,390,391,395,396,403,423,424,427,435,437,441,444,445,392,399,405,408,415,434,438,440,398,400,401,407,419,420,421,422,428,430,436,446,387,409,411,413,414,426]
/store/data/Run2017F/NoBPTX/RAW/v1/000/305/064/00000/AA972366-76B1-E711-9290-02163E012322.root [1226,1245,1246,1249,1250,1255,1273,1285,1316,1217,1221,1224,1227,1229,1233,1235,1248,1256,1271,1288,1291,1293,1302,1306,1320,1324,1330,1238,1239,1251,1258,1267,1268,1270,1280,1305,1307,1310,1321,1223,1225,1228,1234,1236,1247,1259,1261,1262,1286,1289,1292,1309,1319,1322,1327,1329,1331,1220,1252,1263,1264,1265,1269,1274,1275,1276,1290,1298,1299,1300,1301,1303,1317,1323,1328,1231,1237,1241,1243,1244,1257,1266,1283,1304,1311,1315,1325,1218,1222,1230,1240,1254,1260,1272,1277,1278,1281,1282,1284,1287,1294,1295,1296,1326,1216,1219,1232,1242,1253,1279,1297,1308,1312,1313,1314,1318]
/store/data/Run2017F/NoBPTX/RAW/v1/000/305/064/00000/B48ACB4F-74B1-E711-A520-02163E0139CE.root [911,922,935,936,958,960,972,974,980,987,989,995,913,927,930,937,941,953,954,956,968,977,978,993,994,998,999,915,918,920,928,943,944,969,970,973,992,1005,917,921,923,939,946,949,950,967,1002,912,924,925,929,934,940,947,957,961,965,991,996,1004,914,926,945,948,951,963,979,984,985,990,997,1001,916,932,955,976,986,988,1000,910,919,931,933,938,942,952,959,962,964,966,971,975,981,982,983,1003]
/store/data/Run2017F/NoBPTX/RAW/v1/000/305/064/00000/B84A9682-76B1-E711-B755-02163E0144ED.root [1738,1742,1745,1747,1748,1750,1751,1767,1776,1788,1791,1799,1802,1824,1839,1849,1860,1727,1759,1761,1775,1777,1781,1782,1784,1786,1798,1800,1808,1809,1814,1830,1831,1832,1840,1844,1845,1734,1737,1741,1744,1749,1757,1760,1766,1785,1793,1795,1796,1804,1805,1842,1723,1725,1730,1731,1740,1755,1756,1771,1773,1780,1803,1806,1816,1820,1822,1823,1827,1833,1835,1850,1853,1857,1722,1729,1733,1753,1762,1764,1772,1778,1783,1797,1810,1811,1813,1821,1829,1838,1843,1724,1728,1739,1752,1754,1769,1779,1789,1812,1815,1826,1847,1848,1851,1858,1859,1743,1746,1765,1770,1790,1807,1818,1819,1828,1836,1837,1841,1852,1854,1861,1726,1732,1735,1736,1758,1763,1768,1774,1787,1792,1794,1801,1817,1825,1834,1846,1855,1856]
/store/data/Run2017F/NoBPTX/RAW/v1/000/305/064/00000/D0CD2AA9-1BB1-E711-8E66-02163E014115.root [514,515,525,531,541,543,547,575,519,520,526,536,540,577,578,534,542,558,569,513,518,521,524,533,537,538,539,549,552,555,560,563,564,565,573,574,579,580,522,527,529,530,532,535,544,545,556,557,562,571,576,581,548,561,567,516,550,566,572,517,523,528,546,551,553,554,559,568,570]
