/store/data/Run2024B/EGamma0/RAW/v1/000/379/238/00000/06e4663c-5577-4185-b310-b72c9738907d.root [289,290,291,292]
/store/data/Run2024B/EGamma0/RAW/v1/000/379/238/00000/0759177f-772f-488e-b374-2737285f3b61.root [121,117,118,119,120,116]
/store/data/Run2024B/EGamma0/RAW/v1/000/379/238/00000/0f82c79f-222d-4715-801d-afdfd8076905.root [229,227,228,230]
/store/data/Run2024B/EGamma0/RAW/v1/000/379/238/00000/125abf57-a8e3-4efe-b143-43ea472fa590.root [183,184,182,185]
/store/data/Run2024B/EGamma0/RAW/v1/000/379/238/00000/1b764998-7ea5-4326-aab2-fd659a1b7272.root [222,221,223]
/store/data/Run2024B/EGamma0/RAW/v1/000/379/238/00000/1d7ae3fc-10c8-4384-991c-b05e0efe735b.root [111,112,113,114,115,110]
/store/data/Run2024B/EGamma0/RAW/v1/000/379/238/00000/1ebd6831-27a6-4aa6-9447-847162bb5719.root [257,256,255]
/store/data/Run2024B/EGamma0/RAW/v1/000/379/238/00000/24d88433-b091-4fd9-b6c9-04c75bf738df.root [178,179,180,181]
/store/data/Run2024B/EGamma0/RAW/v1/000/379/238/00000/2e5e63c7-f2b3-4d9d-a39b-aa5d33c65167.root [159,160,161,158]
/store/data/Run2024B/EGamma0/RAW/v1/000/379/238/00000/332644b1-f236-4427-ae7c-984750115ea2.root [247,246,248]
/store/data/Run2024B/EGamma0/RAW/v1/000/379/238/00000/3d0b81cc-9f9b-4a3c-a8fc-e06cc34af420.root [192,191,193,190]
/store/data/Run2024B/EGamma0/RAW/v1/000/379/238/00000/3f307988-c778-4001-9c88-c499f81ea207.root [208,206,207,209]
/store/data/Run2024B/EGamma0/RAW/v1/000/379/238/00000/5d61c5d0-47b8-41ac-90f6-01c79090604f.root [241,240,238,239]
/store/data/Run2024B/EGamma0/RAW/v1/000/379/238/00000/5f7073d5-75d6-4d8f-bc37-6a6bb806e389.root [152,150,153,151]
/store/data/Run2024B/EGamma0/RAW/v1/000/379/238/00000/5fab5016-2b18-4ddc-a050-7aeeaa6b46da.root [280,277,278,279]
/store/data/Run2024B/EGamma0/RAW/v1/000/379/238/00000/5fdbb4e2-818b-4f25-b216-4819eb9850ac.root [46,43,50,56,48,54,51,55,47,41,44,45,49,53,42,52]
/store/data/Run2024B/EGamma0/RAW/v1/000/379/238/00000/6812c060-1e39-446b-a088-e099e5a78c3f.root [284,283,282,281]
/store/data/Run2024B/EGamma0/RAW/v1/000/379/238/00000/6ccb0f70-f083-4487-9ff6-da3ba3b63cb8.root [269,270,272,271]
/store/data/Run2024B/EGamma0/RAW/v1/000/379/238/00000/70fd271f-6b4e-4769-9513-79adb8a61999.root [87,85,90,83,84,89,86,88]
/store/data/Run2024B/EGamma0/RAW/v1/000/379/238/00000/72e66d43-95e7-4335-96de-d0ceb7c8f3ad.root [94,96,91,92,93,97,95]
/store/data/Run2024B/EGamma0/RAW/v1/000/379/238/00000/7550fdfd-e4d9-4359-a6f9-8dde36a4c65e.root [285,286,287,288]
/store/data/Run2024B/EGamma0/RAW/v1/000/379/238/00000/7ceab9ad-637e-4bd7-9ab4-04a9f1a9c645.root [195,194,197,196]
/store/data/Run2024B/EGamma0/RAW/v1/000/379/238/00000/86a3ae0f-498f-4ed8-96ae-cd7ed8b18c05.root [107,105,109,104,106,108]
/store/data/Run2024B/EGamma0/RAW/v1/000/379/238/00000/87bf04ec-9044-43f0-9f18-69bc4d5a4970.root [243,244,245,242]
/store/data/Run2024B/EGamma0/RAW/v1/000/379/238/00000/8cf3bf49-292d-44f4-98d4-e0f36bff2cf7.root [293,294]
/store/data/Run2024B/EGamma0/RAW/v1/000/379/238/00000/917afb9c-6efb-45e6-9f2d-97c4249dc376.root [236,237,235]
/store/data/Run2024B/EGamma0/RAW/v1/000/379/238/00000/9b1bea90-79d6-4db8-a98d-54f306f8063d.root [198,199,200,201]
/store/data/Run2024B/EGamma0/RAW/v1/000/379/238/00000/9df32149-e609-4f69-bc2d-a8061ddab0fb.root [205,202,204,203]
/store/data/Run2024B/EGamma0/RAW/v1/000/379/238/00000/a3867f8a-186d-4c61-96fd-35152583f00c.root [8,34,14,18,24,13,30,21,28,39,3,15,17,26,29,32,36,40,4,9,22,23,25,33,38,2,5,6,10,16,20,27,35,1,7,11,12,19,31,37]
/store/data/Run2024B/EGamma0/RAW/v1/000/379/238/00000/a55a9526-eaa5-4030-9fe3-cb6119eb568d.root [164,163,162,165]
/store/data/Run2024B/EGamma0/RAW/v1/000/379/238/00000/a866cafc-7411-4b15-834e-4e37786522b0.root [141,145,143,144,142]
/store/data/Run2024B/EGamma0/RAW/v1/000/379/238/00000/a87ef2d3-7b58-4a04-860c-6dbabd56ff6e.root [265,266,267,268]
/store/data/Run2024B/EGamma0/RAW/v1/000/379/238/00000/ab6a8dca-6457-4629-995a-fd8cafb556b3.root [126,127,125,123,128,124,122]
/store/data/Run2024B/EGamma0/RAW/v1/000/379/238/00000/ad2b81c3-1017-4546-ba0e-ed52a8fab7e3.root [226,224,225]
/store/data/Run2024B/EGamma0/RAW/v1/000/379/238/00000/ae3c84f1-2cca-402a-bb55-8ce1b046060d.root [262,261,263,264]
/store/data/Run2024B/EGamma0/RAW/v1/000/379/238/00000/aec545bb-32df-4d8c-85ed-b0fd5eeea9d3.root [170,173,171,172]
/store/data/Run2024B/EGamma0/RAW/v1/000/379/238/00000/b19dde91-42b5-471e-a819-e871e3ef0a5e.root [188,189,186,187]
/store/data/Run2024B/EGamma0/RAW/v1/000/379/238/00000/ba863e48-ad29-4305-a76d-287b7cd824e9.root [133,135,134,136]
/store/data/Run2024B/EGamma0/RAW/v1/000/379/238/00000/cb99a061-1204-42e1-9014-769b6fb36d6d.root [273,276,275,274]
/store/data/Run2024B/EGamma0/RAW/v1/000/379/238/00000/cfb9023c-ec7a-4685-a757-1d911bf3c117.root [249,251,250]
/store/data/Run2024B/EGamma0/RAW/v1/000/379/238/00000/d2d21575-2d0c-44b4-9a92-3c56733d07dc.root [129,132,130,131]
/store/data/Run2024B/EGamma0/RAW/v1/000/379/238/00000/d5d8449a-801c-4a68-a5dc-d45c6ff22bcb.root [232,233,231,234]
/store/data/Run2024B/EGamma0/RAW/v1/000/379/238/00000/d9b1e9fa-2bc5-49aa-be1c-0601c0bc597f.root [169,167,166,168]
/store/data/Run2024B/EGamma0/RAW/v1/000/379/238/00000/df1a0402-06ad-4632-9c43-90d944b8d493.root [217,216,214,215]
/store/data/Run2024B/EGamma0/RAW/v1/000/379/238/00000/e28f98c3-7cd9-42b8-b646-fb7bfa0d6d3e.root [146,147,148,149]
/store/data/Run2024B/EGamma0/RAW/v1/000/379/238/00000/e6815f72-0b25-4526-b67b-cf3b8b6ac07d.root [174,177,175,176]
/store/data/Run2024B/EGamma0/RAW/v1/000/379/238/00000/e8d0c987-c7d2-431b-8a67-0f7ba6850172.root [60,67,72,65,61,62,68,70,57,63,69,71,58,59,64,66]
/store/data/Run2024B/EGamma0/RAW/v1/000/379/238/00000/ea1c1dd3-dc46-40aa-9c79-900b13d02aaf.root [258,260,259]
/store/data/Run2024B/EGamma0/RAW/v1/000/379/238/00000/ebca8da3-2df4-4fa5-b3d8-00658c6d0d3d.root [218,219,220]
/store/data/Run2024B/EGamma0/RAW/v1/000/379/238/00000/ef189b80-659a-45ea-9fc5-82a3b8bb8f70.root [157,154,155,156]
/store/data/Run2024B/EGamma0/RAW/v1/000/379/238/00000/f0a02139-bc9d-402c-8fe7-4767c9f61b68.root [102,101,100,98,99,103]
/store/data/Run2024B/EGamma0/RAW/v1/000/379/238/00000/f20d4cbc-1f0e-4861-a4de-27a65975fb4b.root [138,137,139,140]
/store/data/Run2024B/EGamma0/RAW/v1/000/379/238/00000/f5eb2836-bad1-4106-aeb8-afd9e2b1d175.root [252,253,254]
/store/data/Run2024B/EGamma0/RAW/v1/000/379/238/00000/fc1514d0-a56a-41a1-8e5f-974bac5a1fc8.root [73,81,74,80,75,76,77,79,78,82]
/store/data/Run2024B/EGamma0/RAW/v1/000/379/238/00000/fdc3368a-fb80-415e-8fcc-0f48a6d26bdc.root [210,211,212,213]
