/store/data/Run2015D/SingleMuon/RAW/v1/000/260/627/00000/0000A363-0D82-E511-9AA9-02163E01476B.root [451,450]
/store/data/Run2015D/SingleMuon/RAW/v1/000/260/627/00000/00641C4B-8E82-E511-947A-02163E0146C9.root [1002,1001]
/store/data/Run2015D/SingleMuon/RAW/v1/000/260/627/00000/00784277-8782-E511-BD3F-02163E014410.root [1750,1749,1751]
/store/data/Run2015D/SingleMuon/RAW/v1/000/260/627/00000/00B26ACD-6082-E511-8F6B-02163E0133D7.root [1605,1606,1607]
/store/data/Run2015D/SingleMuon/RAW/v1/000/260/627/00000/00D368E1-4B82-E511-BEC3-02163E0141EA.root [1103,1102,1104]
/store/data/Run2015D/SingleMuon/RAW/v1/000/260/627/00000/020EA9C5-4982-E511-AC85-02163E01478E.root [816,817]
/store/data/Run2015D/SingleMuon/RAW/v1/000/260/627/00000/02196A34-E781-E511-AF28-02163E011DEA.root [107,108]
/store/data/Run2015D/SingleMuon/RAW/v1/000/260/627/00000/0219C42B-0E82-E511-A074-02163E014429.root [428,427]
/store/data/Run2015D/SingleMuon/RAW/v1/000/260/627/00000/0220AC6B-4882-E511-A3F8-02163E0146A1.root [858,859]
/store/data/Run2015D/SingleMuon/RAW/v1/000/260/627/00000/025E24BF-4882-E511-9D91-02163E0143C3.root [791,790]
/store/data/Run2015D/SingleMuon/RAW/v1/000/260/627/00000/0271CDCC-6082-E511-8ACB-02163E011CEE.root [1477,1476,1478]
/store/data/Run2015D/SingleMuon/RAW/v1/000/260/627/00000/028B3D8F-0F82-E511-96F1-02163E0134CE.root [147,148]
/store/data/Run2015D/SingleMuon/RAW/v1/000/260/627/00000/02ABA4DB-4A82-E511-814F-02163E0133E4.root [1116,1117]
/store/data/Run2015D/SingleMuon/RAW/v1/000/260/627/00000/02BF211F-4982-E511-9C9C-02163E01462D.root [774,775]
/store/data/Run2015D/SingleMuon/RAW/v1/000/260/627/00000/04062B17-0E82-E511-8F94-02163E011FB1.root [283,284]
/store/data/Run2015D/SingleMuon/RAW/v1/000/260/627/00000/04376895-0D82-E511-A5F5-02163E0144CB.root [261,262]
/store/data/Run2015D/SingleMuon/RAW/v1/000/260/627/00000/04932851-0D82-E511-BC61-02163E01412F.root [202,201]
/store/data/Run2015D/SingleMuon/RAW/v1/000/260/627/00000/04B1E352-4B82-E511-9EDB-02163E0143D8.root [1386,1388,1387]
/store/data/Run2015D/SingleMuon/RAW/v1/000/260/627/00000/0610A868-6082-E511-8E27-02163E01391B.root [1616,1614,1615]
/store/data/Run2015D/SingleMuon/RAW/v1/000/260/627/00000/061143EC-4A82-E511-926A-02163E0141E9.root [1363,1364,1362]
/store/data/Run2015D/SingleMuon/RAW/v1/000/260/627/00000/06762C84-8782-E511-8A0C-02163E014529.root [1743,1745,1744]
/store/data/Run2015D/SingleMuon/RAW/v1/000/260/627/00000/06C2D05E-0D82-E511-BD85-02163E0139A6.root [408,407]
/store/data/Run2015D/SingleMuon/RAW/v1/000/260/627/00000/0801937A-4882-E511-9F84-02163E01182F.root [754,755]
/store/data/Run2015D/SingleMuon/RAW/v1/000/260/627/00000/08032FCD-4882-E511-8D1A-02163E013987.root [687,686]
/store/data/Run2015D/SingleMuon/RAW/v1/000/260/627/00000/080D3E95-0D82-E511-A967-02163E01392E.root [500,501]
/store/data/Run2015D/SingleMuon/RAW/v1/000/260/627/00000/08114044-0D82-E511-93F4-02163E013523.root [448,449]
/store/data/Run2015D/SingleMuon/RAW/v1/000/260/627/00000/0837880A-8882-E511-9A6E-02163E0134CE.root [1852,1856,1858,1851,1860,1845,1848,1859,1853,1846,1849]
/store/data/Run2015D/SingleMuon/RAW/v1/000/260/627/00000/08CD4435-8882-E511-95B9-02163E01386A.root [1776,1777,1778]
/store/data/Run2015D/SingleMuon/RAW/v1/000/260/627/00000/08D3914E-0D82-E511-A31C-02163E01182F.root [495,494]
/store/data/Run2015D/SingleMuon/RAW/v1/000/260/627/00000/08D44671-7082-E511-8851-02163E0141EA.root [1689,1691,1690]
/store/data/Run2015D/SingleMuon/RAW/v1/000/260/627/00000/0A2155FC-1482-E511-99CD-02163E0139C3.root [307,308]
/store/data/Run2015D/SingleMuon/RAW/v1/000/260/627/00000/0A4364D6-4A82-E511-BCBE-02163E014169.root [950,949]
/store/data/Run2015D/SingleMuon/RAW/v1/000/260/627/00000/0A47A3A0-6082-E511-9BC8-02163E011927.root [1508,1506,1507]
/store/data/Run2015D/SingleMuon/RAW/v1/000/260/627/00000/0A4DA55F-4982-E511-BAD7-02163E01377A.root [746,747]
/store/data/Run2015D/SingleMuon/RAW/v1/000/260/627/00000/0A703C64-0D82-E511-BC43-02163E0145D2.root [215,216]
/store/data/Run2015D/SingleMuon/RAW/v1/000/260/627/00000/0A7D156E-4A82-E511-95FA-02163E014529.root [971,972]
/store/data/Run2015D/SingleMuon/RAW/v1/000/260/627/00000/0A823399-6082-E511-B1A2-02163E01185E.root [1513,1514,1512]
/store/data/Run2015D/SingleMuon/RAW/v1/000/260/627/00000/0AA42B18-0E82-E511-8A31-02163E014539.root [605,606]
/store/data/Run2015D/SingleMuon/RAW/v1/000/260/627/00000/0AD300BA-0D82-E511-BAC0-02163E0146C9.root [156,155]
/store/data/Run2015D/SingleMuon/RAW/v1/000/260/627/00000/0ADD685A-5582-E511-ACAB-02163E0136DB.root [1095,1094,1096]
/store/data/Run2015D/SingleMuon/RAW/v1/000/260/627/00000/0C43AB20-0D82-E511-8009-02163E0133D0.root [453,452]
/store/data/Run2015D/SingleMuon/RAW/v1/000/260/627/00000/0C87075E-4882-E511-90BE-02163E01295E.root [737,736]
/store/data/Run2015D/SingleMuon/RAW/v1/000/260/627/00000/0C8ECAC1-4C82-E511-9FA6-02163E014630.root [1326,1328,1327]
/store/data/Run2015D/SingleMuon/RAW/v1/000/260/627/00000/0C9DEE7A-6082-E511-8E14-02163E01218B.root [1573,1574,1572]
/store/data/Run2015D/SingleMuon/RAW/v1/000/260/627/00000/0CA51DD8-0D82-E511-B24B-02163E0146F3.root [466,467]
/store/data/Run2015D/SingleMuon/RAW/v1/000/260/627/00000/0CE17492-6082-E511-96AC-02163E0146A1.root [1518,1519,1520]
/store/data/Run2015D/SingleMuon/RAW/v1/000/260/627/00000/0CF9AD99-0D82-E511-AB69-02163E0146F3.root [329,330]
/store/data/Run2015D/SingleMuon/RAW/v1/000/260/627/00000/0CFE0766-4B82-E511-B212-02163E0142BE.root [1407,1408,1409]
/store/data/Run2015D/SingleMuon/RAW/v1/000/260/627/00000/0E1AF558-4882-E511-9DA4-02163E0134BF.root [676,677]
/store/data/Run2015D/SingleMuon/RAW/v1/000/260/627/00000/0E5FC361-4F82-E511-A6DC-02163E014685.root [1126,1127]
/store/data/Run2015D/SingleMuon/RAW/v1/000/260/627/00000/0E602314-4B82-E511-A8F8-02163E0144BD.root [1081,1082]
/store/data/Run2015D/SingleMuon/RAW/v1/000/260/627/00000/0E7CE0DB-4A82-E511-A693-02163E01230A.root [975,976]
/store/data/Run2015D/SingleMuon/RAW/v1/000/260/627/00000/0E7F5750-7082-E511-BC8D-02163E014685.root [1706,1705,1704]
/store/data/Run2015D/SingleMuon/RAW/v1/000/260/627/00000/0EA24EEE-0D82-E511-A6DA-02163E0138CD.root [338,337]
/store/data/Run2015D/SingleMuon/RAW/v1/000/260/627/00000/0EA3E10C-4C82-E511-AE1E-02163E011A7E.root [1330,1329,1331]
/store/data/Run2015D/SingleMuon/RAW/v1/000/260/627/00000/0EB1004F-0F82-E511-8ADA-02163E011D4A.root [175,176]
/store/data/Run2015D/SingleMuon/RAW/v1/000/260/627/00000/0ECA8FD4-4A82-E511-947A-02163E0141E9.root [1423,1422,1424]
/store/data/Run2015D/SingleMuon/RAW/v1/000/260/627/00000/0ED86BB4-1282-E511-819C-02163E0136AF.root [528,530,529]
/store/data/Run2015D/SingleMuon/RAW/v1/000/260/627/00000/0EDCF87F-6082-E511-876F-02163E0136E5.root [1630,1631,1629]
/store/data/Run2015D/SingleMuon/RAW/v1/000/260/627/00000/10002E59-4F82-E511-B72E-02163E014286.root [1356,1357,1358]
/store/data/Run2015D/SingleMuon/RAW/v1/000/260/627/00000/105D709E-6082-E511-ABF3-02163E0144CB.root [1533,1534,1535]
/store/data/Run2015D/SingleMuon/RAW/v1/000/260/627/00000/10C0212E-0D82-E511-BA10-02163E011D35.root [460,461]
/store/data/Run2015D/SingleMuon/RAW/v1/000/260/627/00000/10CF839A-4882-E511-BB24-02163E014190.root [766,767]
/store/data/Run2015D/SingleMuon/RAW/v1/000/260/627/00000/1232C7D4-4C82-E511-A98B-02163E0146CC.root [669,668]
/store/data/Run2015D/SingleMuon/RAW/v1/000/260/627/00000/124241A1-8782-E511-AF1C-02163E014414.root [1787,1785,1786]
/store/data/Run2015D/SingleMuon/RAW/v1/000/260/627/00000/1423D27B-4882-E511-9AAE-02163E011AB8.root [685,684]
/store/data/Run2015D/SingleMuon/RAW/v1/000/260/627/00000/1441786C-4882-E511-BF62-02163E01182F.root [613,614]
/store/data/Run2015D/SingleMuon/RAW/v1/000/260/627/00000/144C395E-0D82-E511-8CA2-02163E011AB8.root [260,259]
/store/data/Run2015D/SingleMuon/RAW/v1/000/260/627/00000/16073B16-4B82-E511-828A-02163E0136AF.root [1263,1264,1265]
/store/data/Run2015D/SingleMuon/RAW/v1/000/260/627/00000/1625D0D6-0E82-E511-8EE0-02163E014539.root [157,158]
/store/data/Run2015D/SingleMuon/RAW/v1/000/260/627/00000/16A54C0E-4E82-E511-B232-02163E013584.root [1191,1189,1190]
/store/data/Run2015D/SingleMuon/RAW/v1/000/260/627/00000/16C7F76D-0D82-E511-9697-02163E0144B8.root [266,265]
/store/data/Run2015D/SingleMuon/RAW/v1/000/260/627/00000/18228E97-4A82-E511-91EE-02163E013805.root [1020,1019]
/store/data/Run2015D/SingleMuon/RAW/v1/000/260/627/00000/1888C08A-5082-E511-92F0-02163E014286.root [1121,1120]
/store/data/Run2015D/SingleMuon/RAW/v1/000/260/627/00000/188A0419-0E82-E511-B920-02163E011D4A.root [143,144]
/store/data/Run2015D/SingleMuon/RAW/v1/000/260/627/00000/188ECD43-6182-E511-BA2B-02163E0138E1.root [1593,1594,1595]
/store/data/Run2015D/SingleMuon/RAW/v1/000/260/627/00000/1894320C-4C82-E511-9528-02163E013555.root [1218,1220,1219]
/store/data/Run2015D/SingleMuon/RAW/v1/000/260/627/00000/18C70BDC-9282-E511-B7E7-02163E01418A.root [1766,1764,1763,1761,1762,1765]
/store/data/Run2015D/SingleMuon/RAW/v1/000/260/627/00000/1A0CB880-8782-E511-B77D-02163E0141E9.root [1809,1811,1810]
/store/data/Run2015D/SingleMuon/RAW/v1/000/260/627/00000/1A43D1B1-4C82-E511-B90A-02163E012A34.root [928,927]
/store/data/Run2015D/SingleMuon/RAW/v1/000/260/627/00000/1A474A72-8782-E511-A685-02163E013932.root [1838,1837,1836]
/store/data/Run2015D/SingleMuon/RAW/v1/000/260/627/00000/1A541FB6-4882-E511-8DEB-02163E01476D.root [660,661]
/store/data/Run2015D/SingleMuon/RAW/v1/000/260/627/00000/1AA27E80-6282-E511-A2C2-02163E0145B5.root [1524,1526,1525]
/store/data/Run2015D/SingleMuon/RAW/v1/000/260/627/00000/1AB55287-6082-E511-B40A-02163E011A3C.root [1663,1662,1664]
/store/data/Run2015D/SingleMuon/RAW/v1/000/260/627/00000/1ABAD05D-4882-E511-8A58-02163E013987.root [848,849]
/store/data/Run2015D/SingleMuon/RAW/v1/000/260/627/00000/1ADBFEC5-0E82-E511-A501-02163E0146AE.root [247,248]
/store/data/Run2015D/SingleMuon/RAW/v1/000/260/627/00000/1AEEBFA9-4C82-E511-A00D-02163E011CEE.root [1051,1052]
/store/data/Run2015D/SingleMuon/RAW/v1/000/260/627/00000/1C021ABB-4882-E511-BACC-02163E013736.root [794,795]
/store/data/Run2015D/SingleMuon/RAW/v1/000/260/627/00000/1C1F5D55-6282-E511-B531-02163E0145D5.root [1499,1498,1497]
/store/data/Run2015D/SingleMuon/RAW/v1/000/260/627/00000/1C27F385-4882-E511-87D8-02163E011AB8.root [610,609]
/store/data/Run2015D/SingleMuon/RAW/v1/000/260/627/00000/1C3C4BB9-4882-E511-9180-02163E0145D5.root [707,706]
/store/data/Run2015D/SingleMuon/RAW/v1/000/260/627/00000/1C560074-4B82-E511-8FB8-02163E0133DE.root [1232,1230,1231]
/store/data/Run2015D/SingleMuon/RAW/v1/000/260/627/00000/1C8F15C7-4A82-E511-9735-02163E0141E9.root [891,892]
/store/data/Run2015D/SingleMuon/RAW/v1/000/260/627/00000/1CFE47E9-4A82-E511-B86C-02163E014152.root [1178,1177,1179]
/store/data/Run2015D/SingleMuon/RAW/v1/000/260/627/00000/1E030822-4B82-E511-88BC-02163E0137A6.root [1285,1284,1286]
/store/data/Run2015D/SingleMuon/RAW/v1/000/260/627/00000/1E6CFB9A-6182-E511-99B3-02163E013627.root [1602,1604,1603]
/store/data/Run2015D/SingleMuon/RAW/v1/000/260/627/00000/1E7C5F9D-0E82-E511-A113-02163E0146F3.root [239,240]
/store/data/Run2015D/SingleMuon/RAW/v1/000/260/627/00000/1EBB35A8-4882-E511-868D-02163E011D4A.root [703,702]
/store/data/Run2015D/SingleMuon/RAW/v1/000/260/627/00000/202EA4A1-4882-E511-8B2D-02163E014417.root [745,744]
/store/data/Run2015D/SingleMuon/RAW/v1/000/260/627/00000/2031A999-4882-E511-BC52-02163E01476D.root [785,784]
/store/data/Run2015D/SingleMuon/RAW/v1/000/260/627/00000/204F617A-8782-E511-A144-02163E012A34.root [1806,1807,1808]
/store/data/Run2015D/SingleMuon/RAW/v1/000/260/627/00000/206A0487-0D82-E511-A84C-02163E011FB1.root [392,391,390]
/store/data/Run2015D/SingleMuon/RAW/v1/000/260/627/00000/2077555D-1082-E511-A43E-02163E013866.root [314,312,313]
/store/data/Run2015D/SingleMuon/RAW/v1/000/260/627/00000/2090C6B6-4A82-E511-832F-02163E01351C.root [1015,1016]
/store/data/Run2015D/SingleMuon/RAW/v1/000/260/627/00000/22705387-6082-E511-8B57-02163E011A3C.root [1608,1610,1609]
/store/data/Run2015D/SingleMuon/RAW/v1/000/260/627/00000/229B1146-0E82-E511-8D7A-02163E011CD9.root [569,570]
/store/data/Run2015D/SingleMuon/RAW/v1/000/260/627/00000/22B5637E-4B82-E511-99C6-02163E014685.root [1319,1318,1317]
/store/data/Run2015D/SingleMuon/RAW/v1/000/260/627/00000/22CEF407-0E82-E511-887A-02163E01436A.root [510,511]
/store/data/Run2015D/SingleMuon/RAW/v1/000/260/627/00000/22D4714F-7082-E511-87FA-02163E013677.root [1703,1702,1701]
/store/data/Run2015D/SingleMuon/RAW/v1/000/260/627/00000/241232D0-4982-E511-904B-02163E011866.root [689,688]
/store/data/Run2015D/SingleMuon/RAW/v1/000/260/627/00000/2434ADC8-4A82-E511-8EE5-02163E014364.root [945,946]
/store/data/Run2015D/SingleMuon/RAW/v1/000/260/627/00000/249E8EA0-0E82-E511-88FE-02163E0146F3.root [545,544]
/store/data/Run2015D/SingleMuon/RAW/v1/000/260/627/00000/24DD3BBE-4A82-E511-85AF-02163E0141E5.root [1053,1054]
/store/data/Run2015D/SingleMuon/RAW/v1/000/260/627/00000/24E7333B-0D82-E511-A9E3-02163E01412F.root [357,358]
/store/data/Run2015D/SingleMuon/RAW/v1/000/260/627/00000/266875FA-1582-E511-92FB-02163E0139C3.root [480,481]
/store/data/Run2015D/SingleMuon/RAW/v1/000/260/627/00000/26A8F848-0E82-E511-857D-02163E011CD9.root [209,210]
/store/data/Run2015D/SingleMuon/RAW/v1/000/260/627/00000/28829D6B-4C82-E511-8764-02163E014761.root [1380,1381,1382]
/store/data/Run2015D/SingleMuon/RAW/v1/000/260/627/00000/288AA947-7082-E511-8314-02163E013909.root [1692,1694,1693]
/store/data/Run2015D/SingleMuon/RAW/v1/000/260/627/00000/28988C7E-4882-E511-A34E-02163E0119DE.root [735,734]
/store/data/Run2015D/SingleMuon/RAW/v1/000/260/627/00000/28CE78E9-6082-E511-AC21-02163E0133D7.root [1501,1500,1502]
/store/data/Run2015D/SingleMuon/RAW/v1/000/260/627/00000/2A353B52-0E82-E511-8E9F-02163E0146FA.root [320,319]
/store/data/Run2015D/SingleMuon/RAW/v1/000/260/627/00000/2A55AC67-0D82-E511-A316-02163E013805.root [188,187]
/store/data/Run2015D/SingleMuon/RAW/v1/000/260/627/00000/2A6830D9-4F82-E511-9F4B-02163E014107.root [770,771]
/store/data/Run2015D/SingleMuon/RAW/v1/000/260/627/00000/2A737B79-0E82-E511-809A-02163E013469.root [565,564,566]
/store/data/Run2015D/SingleMuon/RAW/v1/000/260/627/00000/2AD3DEDD-4A82-E511-9D04-02163E011CD9.root [915,916]
/store/data/Run2015D/SingleMuon/RAW/v1/000/260/627/00000/2ADB4F93-0D82-E511-A205-02163E0141B5.root [146,145]
/store/data/Run2015D/SingleMuon/RAW/v1/000/260/627/00000/2AE1BBEB-4C82-E511-969E-02163E0133DE.root [1273,1272,1274]
/store/data/Run2015D/SingleMuon/RAW/v1/000/260/627/00000/2C564A75-4A82-E511-8BD7-02163E01417B.root [963,964]
/store/data/Run2015D/SingleMuon/RAW/v1/000/260/627/00000/2CDB1DE9-4B82-E511-8F8D-02163E01417B.root [1047,1048]
/store/data/Run2015D/SingleMuon/RAW/v1/000/260/627/00000/2CE60373-0D82-E511-B18D-02163E0144AB.root [292,291]
/store/data/Run2015D/SingleMuon/RAW/v1/000/260/627/00000/2CE6BE9E-0D82-E511-AEDC-02163E0146AE.root [402,401]
/store/data/Run2015D/SingleMuon/RAW/v1/000/260/627/00000/2CF856EE-4A82-E511-B8CC-02163E01418A.root [1130,1129,1128]
/store/data/Run2015D/SingleMuon/RAW/v1/000/260/627/00000/2E5ECDA1-4A82-E511-8895-02163E0135FA.root [1041,1042]
/store/data/Run2015D/SingleMuon/RAW/v1/000/260/627/00000/2E67937A-4882-E511-B9AC-02163E011F29.root [645,644]
/store/data/Run2015D/SingleMuon/RAW/v1/000/260/627/00000/2E8B3EDB-4A82-E511-AD64-02163E0133E4.root [1295,1294,1293]
/store/data/Run2015D/SingleMuon/RAW/v1/000/260/627/00000/301C6757-0E82-E511-9792-02163E0146FA.root [412,411]
/store/data/Run2015D/SingleMuon/RAW/v1/000/260/627/00000/305E6BC8-6082-E511-95F2-02163E014710.root [1479,1480,1481]
/store/data/Run2015D/SingleMuon/RAW/v1/000/260/627/00000/30B073D0-0D82-E511-AD75-02163E014598.root [381,380]
/store/data/Run2015D/SingleMuon/RAW/v1/000/260/627/00000/320D8B39-6582-E511-9752-02163E0143FF.root [1487,1485,1486]
/store/data/Run2015D/SingleMuon/RAW/v1/000/260/627/00000/3254AE2C-0D82-E511-8330-02163E01388F.root [404,403]
/store/data/Run2015D/SingleMuon/RAW/v1/000/260/627/00000/327576B2-6182-E511-BA3D-02163E01464C.root [1557,1559,1558]
/store/data/Run2015D/SingleMuon/RAW/v1/000/260/627/00000/32C58322-1782-E511-8F7A-02163E0140F0.root [431,432]
/store/data/Run2015D/SingleMuon/RAW/v1/000/260/627/00000/32CB8EC3-4B82-E511-B2FB-02163E0133EE.root [1340,1338,1339]
/store/data/Run2015D/SingleMuon/RAW/v1/000/260/627/00000/32EE719E-6082-E511-8C09-02163E0144CB.root [1632,1633,1634]
/store/data/Run2015D/SingleMuon/RAW/v1/000/260/627/00000/341F525C-0D82-E511-96AB-02163E0144AA.root [199,200]
/store/data/Run2015D/SingleMuon/RAW/v1/000/260/627/00000/344F5485-4D82-E511-BEBF-02163E014423.root [1175,1174,1176]
/store/data/Run2015D/SingleMuon/RAW/v1/000/260/627/00000/34536EE1-4B82-E511-AFCF-02163E01366F.root [1377,1378,1379]
/store/data/Run2015D/SingleMuon/RAW/v1/000/260/627/00000/34633D80-8782-E511-914F-02163E01442F.root [1748,1746,1747]
/store/data/Run2015D/SingleMuon/RAW/v1/000/260/627/00000/3491DDEB-4882-E511-B303-02163E014417.root [635,634]
/store/data/Run2015D/SingleMuon/RAW/v1/000/260/627/00000/34946EBD-6082-E511-A3F1-02163E014152.root [1658,1656,1657]
/store/data/Run2015D/SingleMuon/RAW/v1/000/260/627/00000/34A9F4C9-4A82-E511-A996-02163E0141E9.root [1136,1137]
/store/data/Run2015D/SingleMuon/RAW/v1/000/260/627/00000/34B23AC1-5482-E511-8FF9-02163E01381E.root [1167,1166,1165]
/store/data/Run2015D/SingleMuon/RAW/v1/000/260/627/00000/34CFA066-0E82-E511-B1F3-02163E0146FA.root [219,220]
/store/data/Run2015D/SingleMuon/RAW/v1/000/260/627/00000/34D62655-1082-E511-A59D-02163E0145D5.root [233,234]
/store/data/Run2015D/SingleMuon/RAW/v1/000/260/627/00000/34E796D3-4C82-E511-93F2-02163E0146CC.root [777,776]
/store/data/Run2015D/SingleMuon/RAW/v1/000/260/627/00000/34E84CAD-4882-E511-BA19-02163E01419C.root [621,622]
/store/data/Run2015D/SingleMuon/RAW/v1/000/260/627/00000/3602AC1F-4C82-E511-A5F5-02163E01460F.root [1371,1373,1372]
/store/data/Run2015D/SingleMuon/RAW/v1/000/260/627/00000/36237662-0F82-E511-B01D-02163E01338B.root [506,507]
/store/data/Run2015D/SingleMuon/RAW/v1/000/260/627/00000/36379871-6082-E511-A7E4-02163E011CEE.root [1516,1515,1517]
/store/data/Run2015D/SingleMuon/RAW/v1/000/260/627/00000/363B313A-4B82-E511-A1F2-02163E011DEA.root [1124,1125]
/store/data/Run2015D/SingleMuon/RAW/v1/000/260/627/00000/365844D9-0D82-E511-B8AD-02163E0133D7.root [333,334]
/store/data/Run2015D/SingleMuon/RAW/v1/000/260/627/00000/3673C793-4B82-E511-9403-02163E0133DE.root [1323,1324,1325]
/store/data/Run2015D/SingleMuon/RAW/v1/000/260/627/00000/3683FA73-8782-E511-BBFB-02163E014414.root [1767,1769,1768]
/store/data/Run2015D/SingleMuon/RAW/v1/000/260/627/00000/36C8BBCD-4A82-E511-9EFA-02163E014152.root [970,969]
/store/data/Run2015D/SingleMuon/RAW/v1/000/260/627/00000/382A01C9-4B82-E511-9842-02163E013555.root [919,920]
/store/data/Run2015D/SingleMuon/RAW/v1/000/260/627/00000/3843D18A-8782-E511-9473-02163E0142A9.root [1780,1779,1781]
/store/data/Run2015D/SingleMuon/RAW/v1/000/260/627/00000/3886555D-4882-E511-ADA7-02163E014775.root [799,798]
/store/data/Run2015D/SingleMuon/RAW/v1/000/260/627/00000/38AFA4A2-0D82-E511-ACD8-02163E013997.root [455,454]
/store/data/Run2015D/SingleMuon/RAW/v1/000/260/627/00000/38DFAC46-4A82-E511-8AC6-02163E011DCB.root [646,647]
/store/data/Run2015D/SingleMuon/RAW/v1/000/260/627/00000/3A042B3C-4B82-E511-936F-02163E011DEA.root [1303,1304,1302]
/store/data/Run2015D/SingleMuon/RAW/v1/000/260/627/00000/3A2AE06B-4F82-E511-B691-02163E01462D.root [1211,1210,1209]
/store/data/Run2015D/SingleMuon/RAW/v1/000/260/627/00000/3A2D0C41-E781-E511-892E-02163E01250D.root [100,99]
/store/data/Run2015D/SingleMuon/RAW/v1/000/260/627/00000/3A447F8B-4E82-E511-BF66-02163E014423.root [1299,1300,1301]
/store/data/Run2015D/SingleMuon/RAW/v1/000/260/627/00000/3A76F2D8-6082-E511-AF4B-02163E0133EE.root [1491,1492,1493]
/store/data/Run2015D/SingleMuon/RAW/v1/000/260/627/00000/3A7DCEB2-0D82-E511-8F0C-02163E014142.root [487,486]
/store/data/Run2015D/SingleMuon/RAW/v1/000/260/627/00000/3AC9AD30-4B82-E511-83A9-02163E011927.root [895,896]
/store/data/Run2015D/SingleMuon/RAW/v1/000/260/627/00000/3C3FAADA-4A82-E511-9832-02163E01182F.root [960,959]
/store/data/Run2015D/SingleMuon/RAW/v1/000/260/627/00000/3C88CE3A-4B82-E511-AC53-02163E011A85.root [1044,1043]
/store/data/Run2015D/SingleMuon/RAW/v1/000/260/627/00000/3CDCA639-6182-E511-A631-02163E0138E1.root [1562,1560,1561]
/store/data/Run2015D/SingleMuon/RAW/v1/000/260/627/00000/3CE89BCF-4C82-E511-B7E6-02163E014630.root [893,894]
/store/data/Run2015D/SingleMuon/RAW/v1/000/260/627/00000/3E4435EF-0D82-E511-913E-02163E0133D7.root [543,542]
/store/data/Run2015D/SingleMuon/RAW/v1/000/260/627/00000/3E5EC42D-0D82-E511-955A-02163E011D35.root [592,591]
/store/data/Run2015D/SingleMuon/RAW/v1/000/260/627/00000/3EC6D3D1-4B82-E511-ADE3-02163E0141EA.root [1375,1376,1374]
/store/data/Run2015D/SingleMuon/RAW/v1/000/260/627/00000/3ECCEB65-0D82-E511-B79F-02163E013805.root [438,437]
/store/data/Run2015D/SingleMuon/RAW/v1/000/260/627/00000/3EE500AA-0E82-E511-88B1-02163E012628.root [557,558]
/store/data/Run2015D/SingleMuon/RAW/v1/000/260/627/00000/3EEF7563-0D82-E511-A3D7-02163E01388F.root [536,535,537]
/store/data/Run2015D/SingleMuon/RAW/v1/000/260/627/00000/401DAA7C-0D82-E511-B753-02163E0144AB.root [190,189]
/store/data/Run2015D/SingleMuon/RAW/v1/000/260/627/00000/40479F24-4B82-E511-AC65-02163E011CE0.root [987,988]
/store/data/Run2015D/SingleMuon/RAW/v1/000/260/627/00000/406B6F78-0D82-E511-837A-02163E011FB1.root [245,246]
/store/data/Run2015D/SingleMuon/RAW/v1/000/260/627/00000/4092FFB7-4882-E511-B5B0-02163E01476B.root [729,728]
/store/data/Run2015D/SingleMuon/RAW/v1/000/260/627/00000/40C9FF57-0D82-E511-810E-02163E01182F.root [415,416]
/store/data/Run2015D/SingleMuon/RAW/v1/000/260/627/00000/42218DCE-4A82-E511-BA53-02163E0141E6.root [1009,1010]
/store/data/Run2015D/SingleMuon/RAW/v1/000/260/627/00000/425E4695-6082-E511-826A-02163E012AE2.root [1600,1601,1599]
/store/data/Run2015D/SingleMuon/RAW/v1/000/260/627/00000/42665AD1-0D82-E511-8873-02163E011BB6.root [601,602]
/store/data/Run2015D/SingleMuon/RAW/v1/000/260/627/00000/4288D98A-0D82-E511-BAC6-02163E0146AE.root [477,476]
/store/data/Run2015D/SingleMuon/RAW/v1/000/260/627/00000/42A4BD71-0D82-E511-BC76-02163E014262.root [573,574]
/store/data/Run2015D/SingleMuon/RAW/v1/000/260/627/00000/42C4343C-5682-E511-9DC1-02163E0140DF.root [758,759]
/store/data/Run2015D/SingleMuon/RAW/v1/000/260/627/00000/42DA5EBD-0D82-E511-A56E-02163E01412F.root [457,456]
/store/data/Run2015D/SingleMuon/RAW/v1/000/260/627/00000/44041E86-4A82-E511-8FB5-02163E014276.root [990,989]
/store/data/Run2015D/SingleMuon/RAW/v1/000/260/627/00000/4449E6E1-4A82-E511-B81A-02163E0137A6.root [873,874]
/store/data/Run2015D/SingleMuon/RAW/v1/000/260/627/00000/447C6266-0D82-E511-BD8A-02163E014279.root [198,197]
/store/data/Run2015D/SingleMuon/RAW/v1/000/260/627/00000/449CB3FD-4A82-E511-9B19-02163E0133E4.root [1429,1430,1428]
/store/data/Run2015D/SingleMuon/RAW/v1/000/260/627/00000/4606E000-7382-E511-B468-02163E01476B.root [1682,1681,1680]
/store/data/Run2015D/SingleMuon/RAW/v1/000/260/627/00000/462A3800-4D82-E511-9802-02163E0142BE.root [1236,1238,1237]
/store/data/Run2015D/SingleMuon/RAW/v1/000/260/627/00000/46308EC4-4A82-E511-95DE-02163E01366F.root [1262,1260,1261]
/store/data/Run2015D/SingleMuon/RAW/v1/000/260/627/00000/464FEAC1-4A82-E511-A613-02163E0146A1.root [1072,1071]
/store/data/Run2015D/SingleMuon/RAW/v1/000/260/627/00000/46961061-4882-E511-905E-02163E0146A1.root [662,663]
/store/data/Run2015D/SingleMuon/RAW/v1/000/260/627/00000/480CA577-4882-E511-8A17-02163E01471A.root [837,836]
/store/data/Run2015D/SingleMuon/RAW/v1/000/260/627/00000/487690DE-4A82-E511-9FA7-02163E014169.root [1353,1355,1354]
/store/data/Run2015D/SingleMuon/RAW/v1/000/260/627/00000/48824056-0D82-E511-A133-02163E014279.root [471,470]
/store/data/Run2015D/SingleMuon/RAW/v1/000/260/627/00000/48B5EA68-4A82-E511-91E8-02163E011DCB.root [808,809]
/store/data/Run2015D/SingleMuon/RAW/v1/000/260/627/00000/48CBE361-1082-E511-AC26-02163E01338B.root [386,387]
/store/data/Run2015D/SingleMuon/RAW/v1/000/260/627/00000/4A06762F-6482-E511-99EB-02163E0142B6.root [1584,1586,1585]
/store/data/Run2015D/SingleMuon/RAW/v1/000/260/627/00000/4A9AD487-8782-E511-8E18-02163E0144BD.root [1732,1731,1733]
/store/data/Run2015D/SingleMuon/RAW/v1/000/260/627/00000/4AA79593-0D82-E511-AFB2-02163E0144CB.root [297,298]
/store/data/Run2015D/SingleMuon/RAW/v1/000/260/627/00000/4AE66588-4A82-E511-8E0F-02163E011EC1.root [1065,1066]
/store/data/Run2015D/SingleMuon/RAW/v1/000/260/627/00000/4AFCB16A-6082-E511-AB14-02163E01391B.root [1667,1665,1666]
/store/data/Run2015D/SingleMuon/RAW/v1/000/260/627/00000/4C29E298-4B82-E511-BAC7-02163E01439F.root [780,781]
/store/data/Run2015D/SingleMuon/RAW/v1/000/260/627/00000/4C37E942-4B82-E511-8D9B-02163E01450F.root [1242,1243,1244]
/store/data/Run2015D/SingleMuon/RAW/v1/000/260/627/00000/4C39339C-5582-E511-8220-02163E0139C3.root [715,714]
/store/data/Run2015D/SingleMuon/RAW/v1/000/260/627/00000/4C4C8F94-4882-E511-8A2A-02163E013987.root [643,642]
/store/data/Run2015D/SingleMuon/RAW/v1/000/260/627/00000/4C908A9A-0D82-E511-844B-02163E01443E.root [521,520]
/store/data/Run2015D/SingleMuon/RAW/v1/000/260/627/00000/4CF4550A-4B82-E511-9834-02163E0144BD.root [1347,1348,1349]
/store/data/Run2015D/SingleMuon/RAW/v1/000/260/627/00000/4CF48A21-0E82-E511-9058-02163E011D4A.root [496,497]
/store/data/Run2015D/SingleMuon/RAW/v1/000/260/627/00000/4E547770-4882-E511-A359-02163E0137F3.root [727,726]
/store/data/Run2015D/SingleMuon/RAW/v1/000/260/627/00000/4E54867A-4882-E511-B2D2-02163E011D4A.root [628,629]
/store/data/Run2015D/SingleMuon/RAW/v1/000/260/627/00000/4E63963F-4B82-E511-98FB-02163E01460F.root [1198,1199]
/store/data/Run2015D/SingleMuon/RAW/v1/000/260/627/00000/4E8C998B-8782-E511-B5EA-02163E0142A9.root [1796,1795,1794]
/store/data/Run2015D/SingleMuon/RAW/v1/000/260/627/00000/4E9EB17D-4882-E511-8470-02163E0141E5.root [667,666]
/store/data/Run2015D/SingleMuon/RAW/v1/000/260/627/00000/4EA9BE71-0F82-E511-8E94-02163E0141CD.root [396,395]
/store/data/Run2015D/SingleMuon/RAW/v1/000/260/627/00000/4EAFB9A2-4B82-E511-97C6-02163E01361E.root [1351,1350,1352]
/store/data/Run2015D/SingleMuon/RAW/v1/000/260/627/00000/4EBE3273-4882-E511-85D2-02163E013802.root [624,623,625]
/store/data/Run2015D/SingleMuon/RAW/v1/000/260/627/00000/4ED4F1BC-4C82-E511-913F-02163E014685.root [1036,1035]
/store/data/Run2015D/SingleMuon/RAW/v1/000/260/627/00000/50264281-4882-E511-A20B-02163E0134BE.root [638,639]
/store/data/Run2015D/SingleMuon/RAW/v1/000/260/627/00000/503AEB2C-0D82-E511-B279-02163E0133D0.root [571,572]
/store/data/Run2015D/SingleMuon/RAW/v1/000/260/627/00000/5043906A-0D82-E511-B070-02163E0136E3.root [238,237]
/store/data/Run2015D/SingleMuon/RAW/v1/000/260/627/00000/509C5598-4882-E511-A3F6-02163E014713.root [709,708]
/store/data/Run2015D/SingleMuon/RAW/v1/000/260/627/00000/5221D5BC-4A82-E511-82E6-02163E013812.root [1091,1092,1093]
/store/data/Run2015D/SingleMuon/RAW/v1/000/260/627/00000/52668AD5-4B82-E511-AC04-02163E0141EA.root [1239,1240,1241]
/store/data/Run2015D/SingleMuon/RAW/v1/000/260/627/00000/52B28D53-8882-E511-A44B-02163E0141CD.root [1802,1801,1800]
/store/data/Run2015D/SingleMuon/RAW/v1/000/260/627/00000/52D74C04-4E82-E511-BDD4-02163E013584.root [1389,1390,1391]
/store/data/Run2015D/SingleMuon/RAW/v1/000/260/627/00000/52DB7DFC-4882-E511-88CD-02163E0141D1.root [802,803]
/store/data/Run2015D/SingleMuon/RAW/v1/000/260/627/00000/52F20EA8-4A82-E511-963B-02163E01448B.root [1028,1027]
/store/data/Run2015D/SingleMuon/RAW/v1/000/260/627/00000/54232C2D-1682-E511-8A86-02163E0139C3.root [551,552]
/store/data/Run2015D/SingleMuon/RAW/v1/000/260/627/00000/56577F00-4B82-E511-B5E9-02163E0141E9.root [1246,1245,1247]
/store/data/Run2015D/SingleMuon/RAW/v1/000/260/627/00000/56A32171-8782-E511-B48E-02163E0146C9.root [1835,1833,1834]
/store/data/Run2015D/SingleMuon/RAW/v1/000/260/627/00000/56A91288-6082-E511-A55D-02163E01442F.root [1548,1550,1549]
/store/data/Run2015D/SingleMuon/RAW/v1/000/260/627/00000/56BE7E50-0D82-E511-82FD-02163E01436A.root [336,335]
/store/data/Run2015D/SingleMuon/RAW/v1/000/260/627/00000/56D77FBB-4B82-E511-930F-02163E0144F2.root [878,877]
/store/data/Run2015D/SingleMuon/RAW/v1/000/260/627/00000/5851C3E4-0D82-E511-A352-02163E012A38.root [211,212]
/store/data/Run2015D/SingleMuon/RAW/v1/000/260/627/00000/5857357C-0D82-E511-B6FF-02163E011FB1.root [150,149]
/store/data/Run2015D/SingleMuon/RAW/v1/000/260/627/00000/5859BE6F-4882-E511-BCA2-02163E0134BF.root [797,796]
/store/data/Run2015D/SingleMuon/RAW/v1/000/260/627/00000/586161DC-7182-E511-A51B-02163E014281.root [1676,1674,1675]
/store/data/Run2015D/SingleMuon/RAW/v1/000/260/627/00000/5865C160-4882-E511-AC81-02163E0144AC.root [697,696]
/store/data/Run2015D/SingleMuon/RAW/v1/000/260/627/00000/587C447A-0D82-E511-A790-02163E014262.root [301,302]
/store/data/Run2015D/SingleMuon/RAW/v1/000/260/627/00000/58A2BCF7-4B82-E511-A48E-02163E0133EE.root [1426,1427,1425]
/store/data/Run2015D/SingleMuon/RAW/v1/000/260/627/00000/58DD70C8-0E82-E511-A1AA-02163E0134CE.root [603,604]
/store/data/Run2015D/SingleMuon/RAW/v1/000/260/627/00000/5A55F6E6-4A82-E511-B511-02163E0144AC.root [1018,1017]
/store/data/Run2015D/SingleMuon/RAW/v1/000/260/627/00000/5AB7DD71-0D82-E511-B16D-02163E012A38.root [115,114]
/store/data/Run2015D/SingleMuon/RAW/v1/000/260/627/00000/5AD0F0E6-4D82-E511-A309-02163E011F2B.root [1089,1088,1090]
/store/data/Run2015D/SingleMuon/RAW/v1/000/260/627/00000/5ADF7881-0D82-E511-9B38-02163E0144CB.root [213,214]
/store/data/Run2015D/SingleMuon/RAW/v1/000/260/627/00000/5C067250-7182-E511-9AE9-02163E011B44.root [1677,1678,1679]
/store/data/Run2015D/SingleMuon/RAW/v1/000/260/627/00000/5C103BBF-4882-E511-8040-02163E0143C3.root [654,655]
/store/data/Run2015D/SingleMuon/RAW/v1/000/260/627/00000/5C3CE5FC-1182-E511-B292-02163E0138E3.root [563,562]
/store/data/Run2015D/SingleMuon/RAW/v1/000/260/627/00000/5C9762DD-0D82-E511-8F3E-02163E01450F.root [206,205]
/store/data/Run2015D/SingleMuon/RAW/v1/000/260/627/00000/5E278359-7082-E511-AD03-02163E01450F.root [1728,1729,1730]
/store/data/Run2015D/SingleMuon/RAW/v1/000/260/627/00000/5E47A6CD-4A82-E511-862C-02163E014152.root [1100,1099,1101]
/store/data/Run2015D/SingleMuon/RAW/v1/000/260/627/00000/5E694162-0D82-E511-B132-02163E014598.root [482,483]
/store/data/Run2015D/SingleMuon/RAW/v1/000/260/627/00000/5E6D2462-0D82-E511-B48A-02163E014598.root [331,332]
/store/data/Run2015D/SingleMuon/RAW/v1/000/260/627/00000/5E6D6341-0D82-E511-838F-02163E01436A.root [228,227]
/store/data/Run2015D/SingleMuon/RAW/v1/000/260/627/00000/5E73B290-4A82-E511-8CE7-02163E01418A.root [1098,1097]
/store/data/Run2015D/SingleMuon/RAW/v1/000/260/627/00000/5E8E4FA5-8782-E511-B4B2-02163E0145ED.root [1792,1793,1791]
/store/data/Run2015D/SingleMuon/RAW/v1/000/260/627/00000/5E9D068B-4A82-E511-9167-02163E0146C9.root [914,913]
/store/data/Run2015D/SingleMuon/RAW/v1/000/260/627/00000/5EC5DEED-4B82-E511-95E9-02163E0141E5.root [1106,1105,1107]
/store/data/Run2015D/SingleMuon/RAW/v1/000/260/627/00000/5EC5F677-4F82-E511-8531-02163E0135A1.root [907,908]
/store/data/Run2015D/SingleMuon/RAW/v1/000/260/627/00000/5ECF8D8A-5082-E511-B49F-02163E014686.root [1076,1075]
/store/data/Run2015D/SingleMuon/RAW/v1/000/260/627/00000/60371549-E781-E511-A2D3-02163E01450F.root [106,105]
/store/data/Run2015D/SingleMuon/RAW/v1/000/260/627/00000/6075005F-7082-E511-A243-02163E01448A.root [1698,1700,1699]
/store/data/Run2015D/SingleMuon/RAW/v1/000/260/627/00000/6079EE14-4B82-E511-B348-02163E011A7E.root [1212,1214,1213]
/store/data/Run2015D/SingleMuon/RAW/v1/000/260/627/00000/60847467-4982-E511-9E9C-02163E01220C.root [701,700]
/store/data/Run2015D/SingleMuon/RAW/v1/000/260/627/00000/60BC1656-0D82-E511-A172-02163E01182F.root [129,130,128]
/store/data/Run2015D/SingleMuon/RAW/v1/000/260/627/00000/60BDA766-6082-E511-8811-02163E014468.root [1635,1637,1636]
/store/data/Run2015D/SingleMuon/RAW/v1/000/260/627/00000/60E7383B-0D82-E511-B179-02163E01412F.root [522,523]
/store/data/Run2015D/SingleMuon/RAW/v1/000/260/627/00000/60EEDEBB-4D82-E511-95A2-02163E0137F5.root [850,851]
/store/data/Run2015D/SingleMuon/RAW/v1/000/260/627/00000/621819E5-4A82-E511-894C-02163E01462D.root [1025,1026]
/store/data/Run2015D/SingleMuon/RAW/v1/000/260/627/00000/6235048E-0D82-E511-96F6-02163E013997.root [534,533]
/store/data/Run2015D/SingleMuon/RAW/v1/000/260/627/00000/62415C05-4B82-E511-9A92-02163E0145D2.root [1451,1449,1450]
/store/data/Run2015D/SingleMuon/RAW/v1/000/260/627/00000/6249B588-4882-E511-BA51-02163E011AB8.root [788,789]
/store/data/Run2015D/SingleMuon/RAW/v1/000/260/627/00000/6265256F-0D82-E511-8043-02163E012A38.root [356,355]
/store/data/Run2015D/SingleMuon/RAW/v1/000/260/627/00000/62834F8D-4C82-E511-8E4C-02163E013555.root [1399,1398,1400]
/store/data/Run2015D/SingleMuon/RAW/v1/000/260/627/00000/62A56575-4A82-E511-815F-02163E01417B.root [958,957]
/store/data/Run2015D/SingleMuon/RAW/v1/000/260/627/00000/62A56653-7082-E511-8A9F-02163E011971.root [1707,1709,1708]
/store/data/Run2015D/SingleMuon/RAW/v1/000/260/627/00000/644F5304-1382-E511-B59F-02163E012746.root [429,430]
/store/data/Run2015D/SingleMuon/RAW/v1/000/260/627/00000/64743692-4A82-E511-AEC2-02163E0133BA.root [995,996]
/store/data/Run2015D/SingleMuon/RAW/v1/000/260/627/00000/6490363B-0D82-E511-A505-02163E01412F.root [170,169]
/store/data/Run2015D/SingleMuon/RAW/v1/000/260/627/00000/64A25111-4B82-E511-9B06-02163E0137A6.root [1414,1415,1413]
/store/data/Run2015D/SingleMuon/RAW/v1/000/260/627/00000/64CDB6FD-1482-E511-9541-02163E0139C3.root [414,413]
/store/data/Run2015D/SingleMuon/RAW/v1/000/260/627/00000/64F39BB4-4882-E511-BF6B-02163E0145D5.root [832,833]
/store/data/Run2015D/SingleMuon/RAW/v1/000/260/627/00000/661F03B9-4A82-E511-98FD-02163E0138E1.root [1059,1060]
/store/data/Run2015D/SingleMuon/RAW/v1/000/260/627/00000/6629D3B3-4882-E511-8227-02163E013736.root [693,692]
/store/data/Run2015D/SingleMuon/RAW/v1/000/260/627/00000/66EA87B8-0F82-E511-8E97-02163E0141CD.root [504,505]
/store/data/Run2015D/SingleMuon/RAW/v1/000/260/627/00000/66F87774-8782-E511-ABEF-02163E0143D8.root [1784,1782,1783]
/store/data/Run2015D/SingleMuon/RAW/v1/000/260/627/00000/68230C07-4D82-E511-B335-02163E011C57.root [1463,1462,1461]
/store/data/Run2015D/SingleMuon/RAW/v1/000/260/627/00000/686E0793-4882-E511-8FC1-02163E013812.root [814,815]
/store/data/Run2015D/SingleMuon/RAW/v1/000/260/627/00000/68B066C2-0E82-E511-BA8F-02163E0134CE.root [277,278]
/store/data/Run2015D/SingleMuon/RAW/v1/000/260/627/00000/68C5C85D-4C82-E511-BE21-02163E0141F7.root [1073,1074]
/store/data/Run2015D/SingleMuon/RAW/v1/000/260/627/00000/68DA1363-4B82-E511-AFD6-02163E014465.root [1433,1431,1432]
/store/data/Run2015D/SingleMuon/RAW/v1/000/260/627/00000/68EB9D7C-8782-E511-B93B-02163E013909.root [1736,1734,1735]
/store/data/Run2015D/SingleMuon/RAW/v1/000/260/627/00000/6A4E2EBF-4A82-E511-B006-02163E013812.root [1254,1256,1255]
/store/data/Run2015D/SingleMuon/RAW/v1/000/260/627/00000/6A8890B5-0D82-E511-BD8D-02163E014142.root [225,226]
/store/data/Run2015D/SingleMuon/RAW/v1/000/260/627/00000/6AA3B2E5-4A82-E511-89F3-02163E01471F.root [740,741]
/store/data/Run2015D/SingleMuon/RAW/v1/000/260/627/00000/6AA8A5E8-4A82-E511-BCC9-02163E0133E4.root [1251,1252,1253]
/store/data/Run2015D/SingleMuon/RAW/v1/000/260/627/00000/6AD8867A-4882-E511-985D-02163E011D4A.root [843,842]
/store/data/Run2015D/SingleMuon/RAW/v1/000/260/627/00000/6AE5025F-0D82-E511-B6B0-02163E0145D2.root [418,417]
/store/data/Run2015D/SingleMuon/RAW/v1/000/260/627/00000/6C20FF52-0D82-E511-A6A4-02163E0145D2.root [577,578]
/store/data/Run2015D/SingleMuon/RAW/v1/000/260/627/00000/6C43E95B-1082-E511-8D6B-02163E0145D5.root [353,354]
/store/data/Run2015D/SingleMuon/RAW/v1/000/260/627/00000/6C57B44A-4C82-E511-A587-02163E014761.root [897,898]
/store/data/Run2015D/SingleMuon/RAW/v1/000/260/627/00000/6CF7AA66-0D82-E511-A4A5-02163E0145D2.root [499,498]
/store/data/Run2015D/SingleMuon/RAW/v1/000/260/627/00000/6E133B16-4B82-E511-A02B-02163E0136AF.root [1457,1456,1455]
/store/data/Run2015D/SingleMuon/RAW/v1/000/260/627/00000/6E3A9977-8782-E511-B27F-02163E01417D.root [1737,1739,1738]
/store/data/Run2015D/SingleMuon/RAW/v1/000/260/627/00000/6E42EEB7-1282-E511-9017-02163E0133DA.root [409,410]
/store/data/Run2015D/SingleMuon/RAW/v1/000/260/627/00000/6EBFBCB7-0D82-E511-8BE6-02163E014142.root [365,366]
/store/data/Run2015D/SingleMuon/RAW/v1/000/260/627/00000/6ED4A94D-4D82-E511-B8DE-02163E014438.root [690,691]
/store/data/Run2015D/SingleMuon/RAW/v1/000/260/627/00000/6EE354CD-4A82-E511-AA60-02163E0133DB.root [1014,1013]
/store/data/Run2015D/SingleMuon/RAW/v1/000/260/627/00000/70591C3D-4B82-E511-8368-02163E013889.root [1446,1448,1447]
/store/data/Run2015D/SingleMuon/RAW/v1/000/260/627/00000/7246D0E5-4A82-E511-B88D-02163E013398.root [1419,1420,1421]
/store/data/Run2015D/SingleMuon/RAW/v1/000/260/627/00000/72618308-4B82-E511-908E-02163E014152.root [1297,1296,1298]
/store/data/Run2015D/SingleMuon/RAW/v1/000/260/627/00000/72B0FF6B-0D82-E511-A491-02163E0136E3.root [142,141]
/store/data/Run2015D/SingleMuon/RAW/v1/000/260/627/00000/72DD8161-4F82-E511-8F09-02163E01250D.root [1412,1410,1411]
/store/data/Run2015D/SingleMuon/RAW/v1/000/260/627/00000/74015A84-6082-E511-BCC6-02163E011927.root [1552,1553,1551]
/store/data/Run2015D/SingleMuon/RAW/v1/000/260/627/00000/740624F8-4A82-E511-A05C-02163E011DEA.root [923,924]
/store/data/Run2015D/SingleMuon/RAW/v1/000/260/627/00000/7431EC71-6082-E511-831E-02163E01366F.root [1488,1489,1490]
/store/data/Run2015D/SingleMuon/RAW/v1/000/260/627/00000/74506DF2-5382-E511-8F8F-02163E0136DB.root [738,739]
/store/data/Run2015D/SingleMuon/RAW/v1/000/260/627/00000/7487FA7C-5082-E511-BEAA-02163E01440C.root [1320,1322,1321]
/store/data/Run2015D/SingleMuon/RAW/v1/000/260/627/00000/74883B48-6182-E511-877C-02163E01234C.root [1579,1580,1578]
/store/data/Run2015D/SingleMuon/RAW/v1/000/260/627/00000/74C09B7D-4882-E511-9ED8-02163E0133DB.root [812,813]
/store/data/Run2015D/SingleMuon/RAW/v1/000/260/627/00000/74DFFB58-7082-E511-8C60-02163E014607.root [1714,1713,1715]
/store/data/Run2015D/SingleMuon/RAW/v1/000/260/627/00000/762F794A-4B82-E511-9761-02163E013889.root [1394,1392,1393]
/store/data/Run2015D/SingleMuon/RAW/v1/000/260/627/00000/7638B8BA-6082-E511-B089-02163E014152.root [1544,1542,1543]
/store/data/Run2015D/SingleMuon/RAW/v1/000/260/627/00000/764A3953-0D82-E511-8A66-02163E0144B8.root [479,478]
/store/data/Run2015D/SingleMuon/RAW/v1/000/260/627/00000/765CB0F5-4A82-E511-8088-02163E013398.root [942,941]
/store/data/Run2015D/SingleMuon/RAW/v1/000/260/627/00000/7683D2CE-4B82-E511-A67A-02163E01361E.root [1229,1227,1228]
/store/data/Run2015D/SingleMuon/RAW/v1/000/260/627/00000/76A30BA9-4A82-E511-B1D0-02163E01448B.root [1058,1057]
/store/data/Run2015D/SingleMuon/RAW/v1/000/260/627/00000/76AA7F5D-4882-E511-8CA2-02163E01230A.root [825,824]
/store/data/Run2015D/SingleMuon/RAW/v1/000/260/627/00000/76EFFC69-4C82-E511-90A7-02163E013555.root [1162,1163,1164]
/store/data/Run2015D/SingleMuon/RAW/v1/000/260/627/00000/78031756-0D82-E511-A17E-02163E01182F.root [575,576]
/store/data/Run2015D/SingleMuon/RAW/v1/000/260/627/00000/782649C1-6082-E511-8191-02163E01432E.root [1528,1527,1529]
/store/data/Run2015D/SingleMuon/RAW/v1/000/260/627/00000/78272EE8-0D82-E511-8DB1-02163E0138CD.root [172,171]
/store/data/Run2015D/SingleMuon/RAW/v1/000/260/627/00000/78294919-4C82-E511-8B2A-02163E011927.root [947,948]
/store/data/Run2015D/SingleMuon/RAW/v1/000/260/627/00000/787DA12C-4B82-E511-85A5-02163E0143D8.root [931,932]
/store/data/Run2015D/SingleMuon/RAW/v1/000/260/627/00000/78BC9799-0D82-E511-AFD4-02163E0146AE.root [138,137]
/store/data/Run2015D/SingleMuon/RAW/v1/000/260/627/00000/78E94262-0D82-E511-A18E-02163E014598.root [546,547]
/store/data/Run2015D/SingleMuon/RAW/v1/000/260/627/00000/78F09959-0D82-E511-B08E-02163E011AB8.root [207,208]
/store/data/Run2015D/SingleMuon/RAW/v1/000/260/627/00000/7A090B97-4882-E511-8765-02163E01419C.root [749,748]
/store/data/Run2015D/SingleMuon/RAW/v1/000/260/627/00000/7A253B16-4B82-E511-B8AF-02163E0136AF.root [1313,1311,1312]
/store/data/Run2015D/SingleMuon/RAW/v1/000/260/627/00000/7A396BB2-4C82-E511-B403-02163E01391B.root [1275,1277,1276]
/store/data/Run2015D/SingleMuon/RAW/v1/000/260/627/00000/7A4C8F66-4882-E511-9B70-02163E011F29.root [778,779]
/store/data/Run2015D/SingleMuon/RAW/v1/000/260/627/00000/7A540678-0D82-E511-95F6-02163E01417D.root [120,122,121,123]
/store/data/Run2015D/SingleMuon/RAW/v1/000/260/627/00000/7A55419E-4B82-E511-BD7B-02163E01361E.root [1403,1401,1402]
/store/data/Run2015D/SingleMuon/RAW/v1/000/260/627/00000/7A5A43EF-4882-E511-838B-02163E01464C.root [743,742]
/store/data/Run2015D/SingleMuon/RAW/v1/000/260/627/00000/7A84EAC1-4A82-E511-AF93-02163E0146A1.root [977,978]
/store/data/Run2015D/SingleMuon/RAW/v1/000/260/627/00000/7A94646E-5082-E511-9AE2-02163E014686.root [1122,1123]
/store/data/Run2015D/SingleMuon/RAW/v1/000/260/627/00000/7A9552BC-4A82-E511-AD5C-02163E014685.root [1139,1140,1138]
/store/data/Run2015D/SingleMuon/RAW/v1/000/260/627/00000/7ACA67A3-4B82-E511-B165-02163E0142BE.root [879,880]
/store/data/Run2015D/SingleMuon/RAW/v1/000/260/627/00000/7C8BAF9E-0E82-E511-8A93-02163E0146AE.root [554,553]
/store/data/Run2015D/SingleMuon/RAW/v1/000/260/627/00000/7CBE3F06-6182-E511-A818-02163E0138E1.root [1643,1641,1642]
/store/data/Run2015D/SingleMuon/RAW/v1/000/260/627/00000/7E31A652-4882-E511-85EF-02163E0146A1.root [750,751]
/store/data/Run2015D/SingleMuon/RAW/v1/000/260/627/00000/7E47257D-6082-E511-A1BD-02163E014244.root [1653,1654,1655]
/store/data/Run2015D/SingleMuon/RAW/v1/000/260/627/00000/7E4D9947-0D82-E511-AEF8-02163E01381B.root [244,243]
/store/data/Run2015D/SingleMuon/RAW/v1/000/260/627/00000/7EDF7BA0-0D82-E511-961D-02163E014429.root [173,174]
/store/data/Run2015D/SingleMuon/RAW/v1/000/260/627/00000/7EE55A1F-0E82-E511-900D-02163E0144AB.root [343,344]
/store/data/Run2015D/SingleMuon/RAW/v1/000/260/627/00000/800E94B0-4A82-E511-819F-02163E01437B.root [1067,1068]
/store/data/Run2015D/SingleMuon/RAW/v1/000/260/627/00000/805821FD-0D82-E511-9FCB-02163E011CD9.root [250,249]
/store/data/Run2015D/SingleMuon/RAW/v1/000/260/627/00000/805D681F-0E82-E511-B792-02163E0146F3.root [276,275]
/store/data/Run2015D/SingleMuon/RAW/v1/000/260/627/00000/80630B99-4A82-E511-9F35-02163E011F29.root [982,981]
/store/data/Run2015D/SingleMuon/RAW/v1/000/260/627/00000/806B22D9-4A82-E511-BFF8-02163E013812.root [1153,1152,1154]
/store/data/Run2015D/SingleMuon/RAW/v1/000/260/627/00000/80791F58-7082-E511-AF5F-02163E011EC1.root [1720,1719,1721]
/store/data/Run2015D/SingleMuon/RAW/v1/000/260/627/00000/808A6F2C-0E82-E511-BBE1-02163E0146F3.root [368,367]
/store/data/Run2015D/SingleMuon/RAW/v1/000/260/627/00000/809A19DE-6082-E511-AD69-02163E0142D6.root [1521,1522,1523]
/store/data/Run2015D/SingleMuon/RAW/v1/000/260/627/00000/809A4522-4B82-E511-B873-02163E0141E9.root [1207,1208,1206]
/store/data/Run2015D/SingleMuon/RAW/v1/000/260/627/00000/80C024C3-4A82-E511-BD9E-02163E014413.root [1111,1112,1113]
/store/data/Run2015D/SingleMuon/RAW/v1/000/260/627/00000/80EDC31E-4B82-E511-82AA-02163E014648.root [1064,1063]
/store/data/Run2015D/SingleMuon/RAW/v1/000/260/627/00000/8212077F-0D82-E511-8A76-02163E01381B.root [160,159]
/store/data/Run2015D/SingleMuon/RAW/v1/000/260/627/00000/82672F0F-4B82-E511-95B3-02163E011DEA.root [1158,1159]
/store/data/Run2015D/SingleMuon/RAW/v1/000/260/627/00000/82A1F542-0D82-E511-8A5B-02163E01436A.root [446,447]
/store/data/Run2015D/SingleMuon/RAW/v1/000/260/627/00000/82AF1E32-4B82-E511-B889-02163E01450F.root [1416,1417,1418]
/store/data/Run2015D/SingleMuon/RAW/v1/000/260/627/00000/82E25F4E-1082-E511-91D1-02163E0145D5.root [433,434]
/store/data/Run2015D/SingleMuon/RAW/v1/000/260/627/00000/82F21158-0D82-E511-9330-02163E014279.root [235,236]
/store/data/Run2015D/SingleMuon/RAW/v1/000/260/627/00000/82FE909D-8782-E511-87BA-02163E01442F.root [1759,1760,1758]
/store/data/Run2015D/SingleMuon/RAW/v1/000/260/627/00000/843031C6-0D82-E511-95EF-02163E014539.root [360,359]
/store/data/Run2015D/SingleMuon/RAW/v1/000/260/627/00000/845631BD-4A82-E511-B207-02163E014685.root [1233,1234,1235]
/store/data/Run2015D/SingleMuon/RAW/v1/000/260/627/00000/847D447A-0D82-E511-A5E8-02163E014262.root [445,444]
/store/data/Run2015D/SingleMuon/RAW/v1/000/260/627/00000/86170CE5-4882-E511-B4B0-02163E01220C.root [650,651]
/store/data/Run2015D/SingleMuon/RAW/v1/000/260/627/00000/86735AB1-0E82-E511-9483-02163E011D4A.root [425,426]
/store/data/Run2015D/SingleMuon/RAW/v1/000/260/627/00000/86A69134-0D82-E511-9E82-02163E0139A6.root [508,509]
/store/data/Run2015D/SingleMuon/RAW/v1/000/260/627/00000/86B23B5F-0E82-E511-AE49-02163E011CD9.root [285,286]
/store/data/Run2015D/SingleMuon/RAW/v1/000/260/627/00000/86F9AA10-4C82-E511-AFC3-02163E0146A1.root [801,800]
/store/data/Run2015D/SingleMuon/RAW/v1/000/260/627/00000/888832A9-4F82-E511-90A0-02163E01464C.root [838,839]
/store/data/Run2015D/SingleMuon/RAW/v1/000/260/627/00000/88C12E78-8782-E511-BDBF-02163E014685.root [1820,1819,1818]
/store/data/Run2015D/SingleMuon/RAW/v1/000/260/627/00000/88CA4281-4882-E511-B342-02163E0134BE.root [752,753]
/store/data/Run2015D/SingleMuon/RAW/v1/000/260/627/00000/8A05B243-5282-E511-BEC9-02163E014630.root [925,926]
/store/data/Run2015D/SingleMuon/RAW/v1/000/260/627/00000/8A086D55-0F82-E511-90D8-02163E012628.root [295,296]
/store/data/Run2015D/SingleMuon/RAW/v1/000/260/627/00000/8A0CAB8C-4A82-E511-9ACB-02163E011866.root [973,974]
/store/data/Run2015D/SingleMuon/RAW/v1/000/260/627/00000/8A0ED255-0D82-E511-B7A4-02163E014449.root [306,305]
/store/data/Run2015D/SingleMuon/RAW/v1/000/260/627/00000/8A3A88D9-4C82-E511-B340-02163E01437B.root [852,853]
/store/data/Run2015D/SingleMuon/RAW/v1/000/260/627/00000/8A6EFBBF-4B82-E511-9CAC-02163E011A7E.root [940,939]
/store/data/Run2015D/SingleMuon/RAW/v1/000/260/627/00000/8AD2FAEA-4982-E511-AE59-02163E013840.root [826,827]
/store/data/Run2015D/SingleMuon/RAW/v1/000/260/627/00000/8C5A353B-0D82-E511-998E-02163E01412F.root [309,311,310]
/store/data/Run2015D/SingleMuon/RAW/v1/000/260/627/00000/8C6A6D8A-6182-E511-87EC-02163E01464C.root [1598,1597,1596]
/store/data/Run2015D/SingleMuon/RAW/v1/000/260/627/00000/8CABC482-0D82-E511-93EC-02163E0144CB.root [179,180]
/store/data/Run2015D/SingleMuon/RAW/v1/000/260/627/00000/8CC4EF00-4B82-E511-8FF4-02163E0144F2.root [943,944]
/store/data/Run2015D/SingleMuon/RAW/v1/000/260/627/00000/8CC9B96B-4882-E511-A0F7-02163E01182F.root [652,653]
/store/data/Run2015D/SingleMuon/RAW/v1/000/260/627/00000/8E36436D-0D82-E511-861B-02163E01476B.root [526,527]
/store/data/Run2015D/SingleMuon/RAW/v1/000/260/627/00000/8E41DEBC-4982-E511-9E0B-02163E0127CA.root [657,656]
/store/data/Run2015D/SingleMuon/RAW/v1/000/260/627/00000/8E4211A6-4A82-E511-83B8-02163E0133D7.root [1024,1023]
/store/data/Run2015D/SingleMuon/RAW/v1/000/260/627/00000/8E5155A0-4882-E511-B561-02163E0142F1.root [704,705]
/store/data/Run2015D/SingleMuon/RAW/v1/000/260/627/00000/8E5917AE-4882-E511-B91F-02163E014713.root [847,846]
/store/data/Run2015D/SingleMuon/RAW/v1/000/260/627/00000/8EA8D4A4-4A82-E511-BEF2-02163E0146AE.root [938,937]
/store/data/Run2015D/SingleMuon/RAW/v1/000/260/627/00000/90500C98-6682-E511-BB0A-02163E0142B6.root [1494,1496,1495]
/store/data/Run2015D/SingleMuon/RAW/v1/000/260/627/00000/90877390-4882-E511-8B74-02163E012A34.root [786,787]
/store/data/Run2015D/SingleMuon/RAW/v1/000/260/627/00000/909F8F33-0D82-E511-A4D2-02163E011F29.root [221,222]
/store/data/Run2015D/SingleMuon/RAW/v1/000/260/627/00000/90A285F1-4B82-E511-9D11-02163E013555.root [1460,1459,1458]
/store/data/Run2015D/SingleMuon/RAW/v1/000/260/627/00000/90B1F182-0D82-E511-BB7F-02163E0144CB.root [516,517]
/store/data/Run2015D/SingleMuon/RAW/v1/000/260/627/00000/90C54241-4E82-E511-AC90-02163E014423.root [900,899]
/store/data/Run2015D/SingleMuon/RAW/v1/000/260/627/00000/9203C9B0-4A82-E511-A742-02163E014737.root [722,723]
/store/data/Run2015D/SingleMuon/RAW/v1/000/260/627/00000/921717AB-4882-E511-AC22-02163E01419C.root [856,857]
/store/data/Run2015D/SingleMuon/RAW/v1/000/260/627/00000/92235B35-4B82-E511-AE21-02163E011DEA.root [868,867]
/store/data/Run2015D/SingleMuon/RAW/v1/000/260/627/00000/923424E3-4A82-E511-91B7-02163E013398.root [1291,1292,1290]
/store/data/Run2015D/SingleMuon/RAW/v1/000/260/627/00000/925CA86C-6082-E511-89D0-02163E01366F.root [1583,1581,1582]
/store/data/Run2015D/SingleMuon/RAW/v1/000/260/627/00000/92884BC5-6082-E511-A3C6-02163E01432E.root [1620,1621,1622]
/store/data/Run2015D/SingleMuon/RAW/v1/000/260/627/00000/92E33092-0D82-E511-9C26-02163E013997.root [347,348]
/store/data/Run2015D/SingleMuon/RAW/v1/000/260/627/00000/9447B250-0D82-E511-A6F3-02163E0139A6.root [193,194]
/store/data/Run2015D/SingleMuon/RAW/v1/000/260/627/00000/94545383-4F82-E511-BC00-02163E014630.root [1366,1367,1365]
/store/data/Run2015D/SingleMuon/RAW/v1/000/260/627/00000/94918359-7082-E511-A74F-02163E01450F.root [1686,1688,1687]
/store/data/Run2015D/SingleMuon/RAW/v1/000/260/627/00000/94A14FB0-5682-E511-8AB2-02163E0139C3.root [999,1000]
/store/data/Run2015D/SingleMuon/RAW/v1/000/260/627/00000/94C9A278-4A82-E511-926B-02163E0141E6.root [712,713]
/store/data/Run2015D/SingleMuon/RAW/v1/000/260/627/00000/94D89BEF-8E82-E511-9F99-02163E0137A6.root [1469,1468,1467]
/store/data/Run2015D/SingleMuon/RAW/v1/000/260/627/00000/9660E38E-4B82-E511-B36C-02163E01460F.root [1437,1438,1439]
/store/data/Run2015D/SingleMuon/RAW/v1/000/260/627/00000/96879481-0D82-E511-A5E6-02163E012A38.root [462,463]
/store/data/Run2015D/SingleMuon/RAW/v1/000/260/627/00000/96B67CC1-4C82-E511-92AC-02163E014775.root [1069,1070]
/store/data/Run2015D/SingleMuon/RAW/v1/000/260/627/00000/96E1768A-4A82-E511-9DB6-02163E01442F.root [991,992]
/store/data/Run2015D/SingleMuon/RAW/v1/000/260/627/00000/96EFC493-0D82-E511-8E19-02163E0146C9.root [400,399]
/store/data/Run2015D/SingleMuon/RAW/v1/000/260/627/00000/96F6625B-4B82-E511-A09E-02163E011DEA.root [1192,1194,1193]
/store/data/Run2015D/SingleMuon/RAW/v1/000/260/627/00000/981781DA-0D82-E511-B3AB-02163E0133D7.root [385,384]
/store/data/Run2015D/SingleMuon/RAW/v1/000/260/627/00000/98191D67-6082-E511-9EBF-02163E01250D.root [1466,1465,1464]
/store/data/Run2015D/SingleMuon/RAW/v1/000/260/627/00000/981982B2-4B82-E511-A120-02163E01366F.root [1442,1440,1441]
/store/data/Run2015D/SingleMuon/RAW/v1/000/260/627/00000/98287801-4D82-E511-BFDA-02163E011CEE.root [1077,1078]
/store/data/Run2015D/SingleMuon/RAW/v1/000/260/627/00000/98368D7D-0D82-E511-9BD2-02163E0144AB.root [153,154]
/store/data/Run2015D/SingleMuon/RAW/v1/000/260/627/00000/98E0155B-4882-E511-96B4-02163E013805.root [716,717]
/store/data/Run2015D/SingleMuon/RAW/v1/000/260/627/00000/98F05139-4B82-E511-A76F-02163E01361E.root [934,933]
/store/data/Run2015D/SingleMuon/RAW/v1/000/260/627/00000/98F6D7A3-4A82-E511-9FB5-02163E0119DE.root [1012,1011]
/store/data/Run2015D/SingleMuon/RAW/v1/000/260/627/00000/98FD147A-0D82-E511-8EEA-02163E011FB1.root [472,473]
/store/data/Run2015D/SingleMuon/RAW/v1/000/260/627/00000/98FE7965-4882-E511-9E6A-02163E012312.root [618,617]
/store/data/Run2015D/SingleMuon/RAW/v1/000/260/627/00000/9A0C3E95-0D82-E511-90F4-02163E01392E.root [217,218]
/store/data/Run2015D/SingleMuon/RAW/v1/000/260/627/00000/9A2C93C3-5082-E511-91C5-02163E014286.root [903,904]
/store/data/Run2015D/SingleMuon/RAW/v1/000/260/627/00000/9A469A7D-4882-E511-8C49-02163E0133DB.root [665,664]
/store/data/Run2015D/SingleMuon/RAW/v1/000/260/627/00000/9A6618E1-4B82-E511-A1D4-02163E0141EA.root [1188,1187,1186]
/store/data/Run2015D/SingleMuon/RAW/v1/000/260/627/00000/9A669196-4A82-E511-A2F2-02163E0144BD.root [956,955]
/store/data/Run2015D/SingleMuon/RAW/v1/000/260/627/00000/9AA7007A-4D82-E511-A9BF-02163E0143C0.root [1305,1307,1306]
/store/data/Run2015D/SingleMuon/RAW/v1/000/260/627/00000/9ADAA39A-6082-E511-B412-02163E01185E.root [1611,1612,1613]
/store/data/Run2015D/SingleMuon/RAW/v1/000/260/627/00000/9C231373-8782-E511-8A30-02163E0142FA.root [1843,1844,1842]
/store/data/Run2015D/SingleMuon/RAW/v1/000/260/627/00000/9C3187CE-4A82-E511-A3E5-02163E01230A.root [1156,1155,1157]
/store/data/Run2015D/SingleMuon/RAW/v1/000/260/627/00000/9CA246BE-4882-E511-B022-02163E014152.root [783,782]
/store/data/Run2015D/SingleMuon/RAW/v1/000/260/627/00000/9CCAE497-0D82-E511-83FB-02163E0141B5.root [588,587]
/store/data/Run2015D/SingleMuon/RAW/v1/000/260/627/00000/9CCCC87C-1F82-E511-98CB-02163E014740.root [514,515]
/store/data/Run2015D/SingleMuon/RAW/v1/000/260/627/00000/9CCF18BA-4882-E511-96EA-02163E01437B.root [805,804]
/store/data/Run2015D/SingleMuon/RAW/v1/000/260/627/00000/9E1A8FD4-4C82-E511-AEE5-02163E011C57.root [1182,1180,1181]
/store/data/Run2015D/SingleMuon/RAW/v1/000/260/627/00000/9E309780-8782-E511-BCD8-02163E012051.root [1805,1804,1803]
/store/data/Run2015D/SingleMuon/RAW/v1/000/260/627/00000/9E431D20-0E82-E511-A89A-02163E013805.root [229,230]
/store/data/Run2015D/SingleMuon/RAW/v1/000/260/627/00000/9E7A4E7C-0D82-E511-8B9D-02163E01417D.root [182,181]
/store/data/Run2015D/SingleMuon/RAW/v1/000/260/627/00000/9E7F246F-0D82-E511-9619-02163E012A38.root [254,253]
/store/data/Run2015D/SingleMuon/RAW/v1/000/260/627/00000/9EA3C83E-6182-E511-A12D-02163E011CE0.root [1541,1540,1539]
/store/data/Run2015D/SingleMuon/RAW/v1/000/260/627/00000/9EC90BEB-4B82-E511-A984-02163E013588.root [1046,1045]
/store/data/Run2015D/SingleMuon/RAW/v1/000/260/627/00000/9EE3B826-0D82-E511-9FD8-02163E01388F.root [288,287]
/store/data/Run2015D/SingleMuon/RAW/v1/000/260/627/00000/A071B6FF-4B82-E511-B1AF-02163E013588.root [1061,1062]
/store/data/Run2015D/SingleMuon/RAW/v1/000/260/627/00000/A085D551-0D82-E511-85F9-02163E0139A6.root [299,300]
/store/data/Run2015D/SingleMuon/RAW/v1/000/260/627/00000/A09CAB75-6082-E511-9930-02163E01414D.root [1536,1537,1538]
/store/data/Run2015D/SingleMuon/RAW/v1/000/260/627/00000/A21D73F5-4A82-E511-8485-02163E0145D2.root [910,909]
/store/data/Run2015D/SingleMuon/RAW/v1/000/260/627/00000/A2249379-0E82-E511-A386-02163E011CD9.root [117,116]
/store/data/Run2015D/SingleMuon/RAW/v1/000/260/627/00000/A24A5D06-4B82-E511-A128-02163E0144BD.root [979,980]
/store/data/Run2015D/SingleMuon/RAW/v1/000/260/627/00000/A259551E-5982-E511-B6B2-02163E0143E0.root [1055,1056]
/store/data/Run2015D/SingleMuon/RAW/v1/000/260/627/00000/A2740252-0D82-E511-85B8-02163E0141B5.root [382,383]
/store/data/Run2015D/SingleMuon/RAW/v1/000/260/627/00000/A2779442-E781-E511-964F-02163E01220C.root [104,103]
/store/data/Run2015D/SingleMuon/RAW/v1/000/260/627/00000/A27A5ABB-4A82-E511-B046-02163E01230A.root [983,984]
/store/data/Run2015D/SingleMuon/RAW/v1/000/260/627/00000/A2B4F1C5-E781-E511-893A-02163E011927.root [110,109]
/store/data/Run2015D/SingleMuon/RAW/v1/000/260/627/00000/A425881E-0D82-E511-919B-02163E0136D2.root [484,485]
/store/data/Run2015D/SingleMuon/RAW/v1/000/260/627/00000/A43C693D-4B82-E511-A6E5-02163E01361E.root [875,876]
/store/data/Run2015D/SingleMuon/RAW/v1/000/260/627/00000/A6326C74-8782-E511-953F-02163E01450F.root [1829,1827,1828]
/store/data/Run2015D/SingleMuon/RAW/v1/000/260/627/00000/A639C118-4B82-E511-8E02-02163E0144F2.root [1336,1335,1337]
/store/data/Run2015D/SingleMuon/RAW/v1/000/260/627/00000/A64FA674-4982-E511-BF0F-02163E0138E1.root [818,819]
/store/data/Run2015D/SingleMuon/RAW/v1/000/260/627/00000/A654436E-0D82-E511-B71A-02163E01381B.root [195,196]
/store/data/Run2015D/SingleMuon/RAW/v1/000/260/627/00000/A6683B79-8782-E511-BCA3-02163E011AFF.root [1822,1821,1823]
/store/data/Run2015D/SingleMuon/RAW/v1/000/260/627/00000/A6699CB9-0D82-E511-933D-02163E014142.root [325,326]
/store/data/Run2015D/SingleMuon/RAW/v1/000/260/627/00000/A6C6495E-0E82-E511-97B6-02163E012628.root [420,419]
/store/data/Run2015D/SingleMuon/RAW/v1/000/260/627/00000/A6F40D55-4882-E511-A85C-02163E014775.root [678,679]
/store/data/Run2015D/SingleMuon/RAW/v1/000/260/627/00000/A80C46C4-4A82-E511-91BA-02163E01230A.root [1083,1084]
/store/data/Run2015D/SingleMuon/RAW/v1/000/260/627/00000/A8178490-0D82-E511-9915-02163E013997.root [231,232]
/store/data/Run2015D/SingleMuon/RAW/v1/000/260/627/00000/A83325C4-0D82-E511-B5B2-02163E0133D7.root [464,465]
/store/data/Run2015D/SingleMuon/RAW/v1/000/260/627/00000/A873EAE0-4A82-E511-BBCB-02163E0133E4.root [1145,1144,1146]
/store/data/Run2015D/SingleMuon/RAW/v1/000/260/627/00000/A8777068-4882-E511-AE7D-02163E014152.root [641,640]
/store/data/Run2015D/SingleMuon/RAW/v1/000/260/627/00000/A87B6500-0D82-E511-BA50-02163E011F2F.root [593,594]
/store/data/Run2015D/SingleMuon/RAW/v1/000/260/627/00000/AA5D9BFA-4882-E511-99F8-02163E01377A.root [659,658]
/store/data/Run2015D/SingleMuon/RAW/v1/000/260/627/00000/AA608D5F-0D82-E511-BCF1-02163E0139A6.root [590,589]
/store/data/Run2015D/SingleMuon/RAW/v1/000/260/627/00000/AA956CB0-4882-E511-905E-02163E011C0F.root [710,711]
/store/data/Run2015D/SingleMuon/RAW/v1/000/260/627/00000/AA96E8B4-9482-E511-8898-02163E014235.root [1797,1799,1798]
/store/data/Run2015D/SingleMuon/RAW/v1/000/260/627/00000/AC3FD3A5-0E82-E511-96A2-02163E0141CD.root [204,203]
/store/data/Run2015D/SingleMuon/RAW/v1/000/260/627/00000/AC43F431-0D82-E511-A943-02163E01450F.root [118,119]
/store/data/Run2015D/SingleMuon/RAW/v1/000/260/627/00000/AC8D9895-6082-E511-894E-02163E0146A1.root [1554,1556,1555]
/store/data/Run2015D/SingleMuon/RAW/v1/000/260/627/00000/ACEDDC60-0F82-E511-A3A7-02163E0134CE.root [406,405]
/store/data/Run2015D/SingleMuon/RAW/v1/000/260/627/00000/ACF21678-0E82-E511-A4FD-02163E0146FA.root [548,550,549]
/store/data/Run2015D/SingleMuon/RAW/v1/000/260/627/00000/AE0C1DA2-0D82-E511-8177-02163E01392E.root [321,322]
/store/data/Run2015D/SingleMuon/RAW/v1/000/260/627/00000/AE11E5B6-4982-E511-995B-02163E0133BA.root [764,765]
/store/data/Run2015D/SingleMuon/RAW/v1/000/260/627/00000/AE13666D-6082-E511-9A1F-02163E013608.root [1640,1638,1639]
/store/data/Run2015D/SingleMuon/RAW/v1/000/260/627/00000/AE19D056-4D82-E511-8F55-02163E014438.root [619,620]
/store/data/Run2015D/SingleMuon/RAW/v1/000/260/627/00000/AE20A096-7282-E511-BC0E-02163E0138FD.root [1685,1683,1684]
/store/data/Run2015D/SingleMuon/RAW/v1/000/260/627/00000/AE2FE390-0D82-E511-97BC-02163E0141B5.root [183,184]
/store/data/Run2015D/SingleMuon/RAW/v1/000/260/627/00000/AE713BBE-4A82-E511-A48A-02163E0141E5.root [953,954]
/store/data/Run2015D/SingleMuon/RAW/v1/000/260/627/00000/AEA56C8A-4B82-E511-B396-02163E0141E9.root [1171,1172,1173]
/store/data/Run2015D/SingleMuon/RAW/v1/000/260/627/00000/AEB08681-4882-E511-99E7-02163E012312.root [674,675]
/store/data/Run2015D/SingleMuon/RAW/v1/000/260/627/00000/AEB76952-1082-E511-B2A4-02163E013866.root [608,607]
/store/data/Run2015D/SingleMuon/RAW/v1/000/260/627/00000/AEE1EC90-6082-E511-9676-02163E0146A1.root [1473,1475,1474]
/store/data/Run2015D/SingleMuon/RAW/v1/000/260/627/00000/B03ECFA1-4A82-E511-A7A4-02163E0135FA.root [1032,1031]
/store/data/Run2015D/SingleMuon/RAW/v1/000/260/627/00000/B0902C33-E781-E511-8E0C-02163E01476C.root [8,14,20,39,48,49,65,66,88,92,9,10,11,28,32,44,46,73,75,77,80,83,85,96,4,5,23,26,27,37,51,54,56,57,61,71,84,33,58,60,74,90,97,13,18,29,35,40,42,43,45,53,55,59,63,70,76,81,87,91,93,94,95,3,6,16,22,31,47,52,67,68,79,82,7,15,17,19,21,25,36,50,62,64,69,78,89,98,12,24,30,34,38,41,72,86]
/store/data/Run2015D/SingleMuon/RAW/v1/000/260/627/00000/B2187F10-4B82-E511-84FE-02163E013909.root [1288,1287,1289]
/store/data/Run2015D/SingleMuon/RAW/v1/000/260/627/00000/B225FB9A-4B82-E511-B525-02163E014630.root [1435,1434,1436]
/store/data/Run2015D/SingleMuon/RAW/v1/000/260/627/00000/B287E683-1082-E511-9521-02163E011CD1.root [371,372]
/store/data/Run2015D/SingleMuon/RAW/v1/000/260/627/00000/B29128EF-4E82-E511-A6C5-02163E0133DA.root [721,720]
/store/data/Run2015D/SingleMuon/RAW/v1/000/260/627/00000/B2968DAA-6082-E511-8C39-02163E01234C.root [1545,1546,1547]
/store/data/Run2015D/SingleMuon/RAW/v1/000/260/627/00000/B29C4267-6182-E511-897A-02163E0136E5.root [1587,1589,1588]
/store/data/Run2015D/SingleMuon/RAW/v1/000/260/627/00000/B4674395-6082-E511-919D-02163E0126E1.root [1590,1591,1592]
/store/data/Run2015D/SingleMuon/RAW/v1/000/260/627/00000/B48954D7-4A82-E511-97FF-02163E014465.root [889,890]
/store/data/Run2015D/SingleMuon/RAW/v1/000/260/627/00000/B4AD6E54-4E82-E511-835B-02163E014423.root [1361,1360,1359]
/store/data/Run2015D/SingleMuon/RAW/v1/000/260/627/00000/B4EE1288-4982-E511-8196-02163E0146B2.root [724,725]
/store/data/Run2015D/SingleMuon/RAW/v1/000/260/627/00000/B60D435E-4A82-E511-91E6-02163E013491.root [730,731]
/store/data/Run2015D/SingleMuon/RAW/v1/000/260/627/00000/B625C75C-4B82-E511-AA1A-02163E0142BE.root [1141,1143,1142]
/store/data/Run2015D/SingleMuon/RAW/v1/000/260/627/00000/B6283BBE-4A82-E511-8E16-02163E0141E5.root [862,863]
/store/data/Run2015D/SingleMuon/RAW/v1/000/260/627/00000/B64D436A-0D82-E511-AE7E-02163E0144AA.root [151,152]
/store/data/Run2015D/SingleMuon/RAW/v1/000/260/627/00000/B67CDC19-0E82-E511-ACF4-02163E0141F4.root [177,178]
/store/data/Run2015D/SingleMuon/RAW/v1/000/260/627/00000/B682B02B-5482-E511-B7E2-02163E0142F1.root [1161,1160]
/store/data/Run2015D/SingleMuon/RAW/v1/000/260/627/00000/B6A03C1C-4B82-E511-80BF-02163E0144F2.root [1282,1283,1281]
/store/data/Run2015D/SingleMuon/RAW/v1/000/260/627/00000/B6A25284-4882-E511-9A4B-02163E014689.root [772,773]
/store/data/Run2015D/SingleMuon/RAW/v1/000/260/627/00000/B80BC466-4882-E511-A17B-02163E013802.root [672,673]
/store/data/Run2015D/SingleMuon/RAW/v1/000/260/627/00000/B82F749F-4A82-E511-A7B6-02163E011F29.root [1008,1007]
/store/data/Run2015D/SingleMuon/RAW/v1/000/260/627/00000/B836FFF9-0D82-E511-B6E1-02163E011EC1.root [488,489]
/store/data/Run2015D/SingleMuon/RAW/v1/000/260/627/00000/B8390471-7082-E511-8A6E-02163E0141EA.root [1722,1723,1724]
/store/data/Run2015D/SingleMuon/RAW/v1/000/260/627/00000/B876963F-4B82-E511-B6E1-02163E01460F.root [1118,1119]
/store/data/Run2015D/SingleMuon/RAW/v1/000/260/627/00000/B88391E0-4C82-E511-8B2B-02163E014761.root [1444,1445,1443]
/store/data/Run2015D/SingleMuon/RAW/v1/000/260/627/00000/B8AF91EC-4B82-E511-994C-02163E0133EE.root [887,888]
/store/data/Run2015D/SingleMuon/RAW/v1/000/260/627/00000/B8B22F99-0D82-E511-80B7-02163E011EC1.root [163,164]
/store/data/Run2015D/SingleMuon/RAW/v1/000/260/627/00000/B8E5DC82-4882-E511-885B-02163E01197B.root [761,760]
/store/data/Run2015D/SingleMuon/RAW/v1/000/260/627/00000/B8FB2C95-4882-E511-B615-02163E012A34.root [670,671]
/store/data/Run2015D/SingleMuon/RAW/v1/000/260/627/00000/BA0093DB-8A82-E511-B822-02163E0142BE.root [1815,1816,1817]
/store/data/Run2015D/SingleMuon/RAW/v1/000/260/627/00000/BA43B2C6-4C82-E511-B943-02163E0142BE.root [1280,1278,1279]
/store/data/Run2015D/SingleMuon/RAW/v1/000/260/627/00000/BA66AEFF-0D82-E511-9C45-02163E011CD9.root [370,369]
/store/data/Run2015D/SingleMuon/RAW/v1/000/260/627/00000/BAAE5115-4982-E511-B380-02163E01437B.root [682,683]
/store/data/Run2015D/SingleMuon/RAW/v1/000/260/627/00000/BC1D5FF4-4A82-E511-8DC3-02163E013398.root [883,884]
/store/data/Run2015D/SingleMuon/RAW/v1/000/260/627/00000/BC5B59C3-4882-E511-8B23-02163E0141E5.root [626,627]
/store/data/Run2015D/SingleMuon/RAW/v1/000/260/627/00000/BC795149-7082-E511-95FB-02163E0142D6.root [1727,1725,1726]
/store/data/Run2015D/SingleMuon/RAW/v1/000/260/627/00000/BCBB66CC-0E82-E511-BA95-02163E014474.root [568,567]
/store/data/Run2015D/SingleMuon/RAW/v1/000/260/627/00000/BCC5EE81-4982-E511-B9CB-02163E01464C.root [631,630]
/store/data/Run2015D/SingleMuon/RAW/v1/000/260/627/00000/BCEABD95-0F82-E511-B68E-02163E0141CD.root [167,168]
/store/data/Run2015D/SingleMuon/RAW/v1/000/260/627/00000/BCECF07B-0D82-E511-BC10-02163E0136E3.root [340,339]
/store/data/Run2015D/SingleMuon/RAW/v1/000/260/627/00000/BCFF32CE-4C82-E511-A0F0-02163E0143C0.root [1453,1454,1452]
/store/data/Run2015D/SingleMuon/RAW/v1/000/260/627/00000/BE118152-4882-E511-90D2-02163E0133D7.root [719,718]
/store/data/Run2015D/SingleMuon/RAW/v1/000/260/627/00000/BE2FCB62-4882-E511-880A-02163E012669.root [763,762]
/store/data/Run2015D/SingleMuon/RAW/v1/000/260/627/00000/BE36A356-4882-E511-AE6F-02163E01432E.root [821,820]
/store/data/Run2015D/SingleMuon/RAW/v1/000/260/627/00000/BE71EA7D-0D82-E511-84A3-02163E012A38.root [581,582]
/store/data/Run2015D/SingleMuon/RAW/v1/000/260/627/00000/BE94FE13-0E82-E511-9718-02163E011D4A.root [317,318]
/store/data/Run2015D/SingleMuon/RAW/v1/000/260/627/00000/BEE9E294-0D82-E511-9756-02163E0136E3.root [442,443]
/store/data/Run2015D/SingleMuon/RAW/v1/000/260/627/00000/C00CD517-4B82-E511-8196-02163E0133EB.root [872,871]
/store/data/Run2015D/SingleMuon/RAW/v1/000/260/627/00000/C02F1B7A-6682-E511-B714-02163E0142B6.root [1626,1627,1628]
/store/data/Run2015D/SingleMuon/RAW/v1/000/260/627/00000/C05D9969-7082-E511-A1CF-02163E014529.root [1671,1672,1673]
/store/data/Run2015D/SingleMuon/RAW/v1/000/260/627/00000/C072A987-4B82-E511-80F3-02163E01460F.root [1314,1315,1316]
/store/data/Run2015D/SingleMuon/RAW/v1/000/260/627/00000/C0A875B0-6182-E511-BFAB-02163E01464C.root [1650,1652,1651]
/store/data/Run2015D/SingleMuon/RAW/v1/000/260/627/00000/C0BB1656-0D82-E511-BC2D-02163E01182F.root [223,224]
/store/data/Run2015D/SingleMuon/RAW/v1/000/260/627/00000/C2541A7E-E781-E511-8032-02163E01450F.root [111,113,112]
/store/data/Run2015D/SingleMuon/RAW/v1/000/260/627/00000/C280795E-0D82-E511-9423-02163E01182F.root [316,315]
/store/data/Run2015D/SingleMuon/RAW/v1/000/260/627/00000/C290D7E2-1082-E511-9141-02163E0136AF.root [374,373]
/store/data/Run2015D/SingleMuon/RAW/v1/000/260/627/00000/C2B5F5CE-4A82-E511-8EAC-02163E01417B.root [1033,1034]
/store/data/Run2015D/SingleMuon/RAW/v1/000/260/627/00000/C2E448C5-4A82-E511-BA8A-02163E014413.root [1133,1131,1132]
/store/data/Run2015D/SingleMuon/RAW/v1/000/260/627/00000/C42B0F85-0D82-E511-BEB0-02163E0144CB.root [136,135]
/store/data/Run2015D/SingleMuon/RAW/v1/000/260/627/00000/C4462E11-4C82-E511-88CD-02163E011927.root [1396,1397,1395]
/store/data/Run2015D/SingleMuon/RAW/v1/000/260/627/00000/C4490E7E-6082-E511-9578-02163E014423.root [1567,1566,1568]
/store/data/Run2015D/SingleMuon/RAW/v1/000/260/627/00000/C4D12A7A-6082-E511-A1D0-02163E011BC4.root [1564,1565,1563]
/store/data/Run2015D/SingleMuon/RAW/v1/000/260/627/00000/C4EE5B8C-4B82-E511-BFDF-02163E0133DE.root [881,882]
/store/data/Run2015D/SingleMuon/RAW/v1/000/260/627/00000/C65E1681-5282-E511-AFCF-02163E01460F.root [1384,1383,1385]
/store/data/Run2015D/SingleMuon/RAW/v1/000/260/627/00000/C66CFC7C-0D82-E511-B990-02163E01436A.root [134,132,133,131]
/store/data/Run2015D/SingleMuon/RAW/v1/000/260/627/00000/C676B852-0D82-E511-97A8-02163E0141B5.root [503,502]
/store/data/Run2015D/SingleMuon/RAW/v1/000/260/627/00000/C6944C87-0D82-E511-9506-02163E0136E3.root [281,282]
/store/data/Run2015D/SingleMuon/RAW/v1/000/260/627/00000/C6EDBB7C-4A82-E511-9B81-02163E011AB8.root [952,951]
/store/data/Run2015D/SingleMuon/RAW/v1/000/260/627/00000/C86CBA4A-4882-E511-95FD-02163E01381B.root [694,695]
/store/data/Run2015D/SingleMuon/RAW/v1/000/260/627/00000/C8775A21-4E82-E511-885B-02163E011ED1.root [841,840]
/store/data/Run2015D/SingleMuon/RAW/v1/000/260/627/00000/C8BA2E4F-0E82-E511-90C6-02163E0146AE.root [294,293]
/store/data/Run2015D/SingleMuon/RAW/v1/000/260/627/00000/C8FD910F-1182-E511-92BC-02163E013866.root [394,393]
/store/data/Run2015D/SingleMuon/RAW/v1/000/260/627/00000/CA13B0D6-4A82-E511-AD4D-02163E011A7E.root [869,870]
/store/data/Run2015D/SingleMuon/RAW/v1/000/260/627/00000/CAED1386-0D82-E511-BFEB-02163E0144CB.root [435,436]
/store/data/Run2015D/SingleMuon/RAW/v1/000/260/627/00000/CAF8403F-0D82-E511-A5E1-02163E0146C9.root [519,518]
/store/data/Run2015D/SingleMuon/RAW/v1/000/260/627/00000/CC39E793-6082-E511-BB81-02163E0146A1.root [1669,1668,1670]
/store/data/Run2015D/SingleMuon/RAW/v1/000/260/627/00000/CC3D969A-6082-E511-9BBF-02163E01185E.root [1659,1661,1660]
/store/data/Run2015D/SingleMuon/RAW/v1/000/260/627/00000/CC5178A6-4A82-E511-BA07-02163E0136E8.root [905,906]
/store/data/Run2015D/SingleMuon/RAW/v1/000/260/627/00000/CC6AC52D-0D82-E511-BF40-02163E011D35.root [349,350]
/store/data/Run2015D/SingleMuon/RAW/v1/000/260/627/00000/CC6D17F0-4A82-E511-B0D2-02163E0144F2.root [1150,1151]
/store/data/Run2015D/SingleMuon/RAW/v1/000/260/627/00000/CC852590-4882-E511-A28B-02163E012A34.root [637,636]
/store/data/Run2015D/SingleMuon/RAW/v1/000/260/627/00000/CCBC00E3-4C82-E511-AADA-02163E01439F.root [648,649]
/store/data/Run2015D/SingleMuon/RAW/v1/000/260/627/00000/CE052A5A-4882-E511-85A0-02163E01476B.root [854,855]
/store/data/Run2015D/SingleMuon/RAW/v1/000/260/627/00000/CE23D559-4882-E511-AC93-02163E012312.root [810,811]
/store/data/Run2015D/SingleMuon/RAW/v1/000/260/627/00000/CE503D9B-0D82-E511-9FDD-02163E014429.root [327,328]
/store/data/Run2015D/SingleMuon/RAW/v1/000/260/627/00000/CE6ED768-0F82-E511-8551-02163E0141CD.root [583,584]
/store/data/Run2015D/SingleMuon/RAW/v1/000/260/627/00000/CEA8802A-8882-E511-92F2-02163E0143E5.root [1755,1757,1756,1752,1753,1754]
/store/data/Run2015D/SingleMuon/RAW/v1/000/260/627/00000/CECA8A6C-6082-E511-865A-02163E011816.root [1470,1471,1472]
/store/data/Run2015D/SingleMuon/RAW/v1/000/260/627/00000/CEDB6702-4B82-E511-B5E4-02163E01450F.root [1370,1369,1368]
/store/data/Run2015D/SingleMuon/RAW/v1/000/260/627/00000/D032B6CA-0D82-E511-A019-02163E011F29.root [599,600]
/store/data/Run2015D/SingleMuon/RAW/v1/000/260/627/00000/D04958ED-4A82-E511-9523-02163E014413.root [1169,1170,1168]
/store/data/Run2015D/SingleMuon/RAW/v1/000/260/627/00000/D06097DC-0F82-E511-8FDD-02163E014142.root [597,598]
/store/data/Run2015D/SingleMuon/RAW/v1/000/260/627/00000/D07A4C21-4C82-E511-90D7-02163E013909.root [1346,1345,1344]
/store/data/Run2015D/SingleMuon/RAW/v1/000/260/627/00000/D0B26BA3-4A82-E511-A646-02163E014169.root [901,902]
/store/data/Run2015D/SingleMuon/RAW/v1/000/260/627/00000/D0F1ADF2-4C82-E511-B8BD-02163E014761.root [1201,1202,1200]
/store/data/Run2015D/SingleMuon/RAW/v1/000/260/627/00000/D23775FC-6082-E511-BC90-02163E011CEE.root [1617,1619,1618]
/store/data/Run2015D/SingleMuon/RAW/v1/000/260/627/00000/D25CBDCD-4A82-E511-AE89-02163E01418A.root [985,986]
/store/data/Run2015D/SingleMuon/RAW/v1/000/260/627/00000/D29B3133-4B82-E511-92CF-02163E0146A1.root [1110,1108,1109]
/store/data/Run2015D/SingleMuon/RAW/v1/000/260/627/00000/D2C6806F-0D82-E511-9D0E-02163E01417D.root [241,242]
/store/data/Run2015D/SingleMuon/RAW/v1/000/260/627/00000/D2E7AA8C-4A82-E511-A3D2-02163E011866.root [968,967]
/store/data/Run2015D/SingleMuon/RAW/v1/000/260/627/00000/D4279875-8782-E511-8BB4-02163E0138FD.root [1824,1825,1826]
/store/data/Run2015D/SingleMuon/RAW/v1/000/260/627/00000/D44FFE2B-4D82-E511-905B-02163E011C57.root [921,922]
/store/data/Run2015D/SingleMuon/RAW/v1/000/260/627/00000/D45BFFDA-4A82-E511-81C8-02163E01230A.root [1195,1197,1196]
/store/data/Run2015D/SingleMuon/RAW/v1/000/260/627/00000/D4603162-0F82-E511-BEFF-02163E01338B.root [585,586]
/store/data/Run2015D/SingleMuon/RAW/v1/000/260/627/00000/D48D656F-4B82-E511-BE03-02163E011A85.root [1086,1085,1087]
/store/data/Run2015D/SingleMuon/RAW/v1/000/260/627/00000/D4ACDA50-7182-E511-B343-02163E011B44.root [1711,1712,1710]
/store/data/Run2015D/SingleMuon/RAW/v1/000/260/627/00000/D6020870-0E82-E511-B418-02163E012628.root [161,162]
/store/data/Run2015D/SingleMuon/RAW/v1/000/260/627/00000/D6652E36-4B82-E511-BC58-02163E01361E.root [1134,1135]
/store/data/Run2015D/SingleMuon/RAW/v1/000/260/627/00000/D6718834-4B82-E511-9EC5-02163E014648.root [1257,1259,1258]
/store/data/Run2015D/SingleMuon/RAW/v1/000/260/627/00000/D67E403F-0D82-E511-936F-02163E0146C9.root [255,256]
/store/data/Run2015D/SingleMuon/RAW/v1/000/260/627/00000/D6893916-4B82-E511-80B6-02163E0136AF.root [1147,1149,1148]
/store/data/Run2015D/SingleMuon/RAW/v1/000/260/627/00000/D6B80482-0D82-E511-ACF6-02163E01182F.root [264,263]
/store/data/Run2015D/SingleMuon/RAW/v1/000/260/627/00000/D6BD4229-0F82-E511-8A00-02163E012628.root [192,191]
/store/data/Run2015D/SingleMuon/RAW/v1/000/260/627/00000/D6C13BF2-4882-E511-971D-02163E01220C.root [835,834]
/store/data/Run2015D/SingleMuon/RAW/v1/000/260/627/00000/D809BEDC-8782-E511-BCE1-02163E0146AB.root [1741,1740,1742]
/store/data/Run2015D/SingleMuon/RAW/v1/000/260/627/00000/D829BF7A-4B82-E511-B4B2-02163E0143D8.root [1217,1215,1216]
/store/data/Run2015D/SingleMuon/RAW/v1/000/260/627/00000/D85D6226-4B82-E511-A09C-02163E012A34.root [1006,1005]
/store/data/Run2015D/SingleMuon/RAW/v1/000/260/627/00000/D89D61BB-0D82-E511-B702-02163E01437B.root [596,595]
/store/data/Run2015D/SingleMuon/RAW/v1/000/260/627/00000/D8F5577D-7082-E511-A1A0-02163E01471F.root [1716,1717,1718]
/store/data/Run2015D/SingleMuon/RAW/v1/000/260/627/00000/DA0161C0-4882-E511-B229-02163E01437B.root [611,612]
/store/data/Run2015D/SingleMuon/RAW/v1/000/260/627/00000/DA2799F3-5782-E511-95A1-02163E013662.root [917,918]
/store/data/Run2015D/SingleMuon/RAW/v1/000/260/627/00000/DA5366B8-0D82-E511-92DB-02163E0146F3.root [185,186]
/store/data/Run2015D/SingleMuon/RAW/v1/000/260/627/00000/DA542280-6082-E511-9C7D-02163E013802.root [1624,1623,1625]
/store/data/Run2015D/SingleMuon/RAW/v1/000/260/627/00000/DAEE27A4-1082-E511-BA93-02163E011CD1.root [539,538]
/store/data/Run2015D/SingleMuon/RAW/v1/000/260/627/00000/DAF5DD89-4A82-E511-A013-02163E011EC1.root [1030,1029]
/store/data/Run2015D/SingleMuon/RAW/v1/000/260/627/00000/DC48489A-4D82-E511-98A3-02163E0133EB.root [936,935]
/store/data/Run2015D/SingleMuon/RAW/v1/000/260/627/00000/DC6C1812-4B82-E511-925B-02163E0137A6.root [1248,1249,1250]
/store/data/Run2015D/SingleMuon/RAW/v1/000/260/627/00000/DC6FA640-0E82-E511-8445-02163E0144B8.root [375,376]
/store/data/Run2015D/SingleMuon/RAW/v1/000/260/627/00000/DC70BF59-0D82-E511-9229-02163E014279.root [555,556]
/store/data/Run2015D/SingleMuon/RAW/v1/000/260/627/00000/DCBFF08A-6082-E511-91AB-02163E014152.root [1509,1511,1510]
/store/data/Run2015D/SingleMuon/RAW/v1/000/260/627/00000/DCE32BE8-0D82-E511-B1A3-02163E0138CD.root [270,269]
/store/data/Run2015D/SingleMuon/RAW/v1/000/260/627/00000/DCF934F9-5082-E511-A8D2-02163E014286.root [1225,1224,1226]
/store/data/Run2015D/SingleMuon/RAW/v1/000/260/627/00000/DE0513E0-8782-E511-8742-02163E014278.root [1841,1839,1840]
/store/data/Run2015D/SingleMuon/RAW/v1/000/260/627/00000/DE45881E-0D82-E511-B49D-02163E0136D2.root [389,388]
/store/data/Run2015D/SingleMuon/RAW/v1/000/260/627/00000/DE493DFF-0E82-E511-80BB-02163E014539.root [524,525]
/store/data/Run2015D/SingleMuon/RAW/v1/000/260/627/00000/DE766D6F-8782-E511-BA38-02163E01460F.root [1830,1831,1832]
/store/data/Run2015D/SingleMuon/RAW/v1/000/260/627/00000/DECAA16D-6082-E511-8185-02163E011EBC.root [1530,1531,1532]
/store/data/Run2015D/SingleMuon/RAW/v1/000/260/627/00000/E0186092-0F82-E511-8A0D-02163E011821.root [468,469]
/store/data/Run2015D/SingleMuon/RAW/v1/000/260/627/00000/E043BFA9-4A82-E511-9D0C-02163E014689.root [997,998]
/store/data/Run2015D/SingleMuon/RAW/v1/000/260/627/00000/E0640AE8-4A82-E511-95A3-02163E013909.root [1406,1404,1405]
/store/data/Run2015D/SingleMuon/RAW/v1/000/260/627/00000/E068725B-4D82-E511-8E6F-02163E014438.root [831,830]
/store/data/Run2015D/SingleMuon/RAW/v1/000/260/627/00000/E073B8F9-0D82-E511-935B-02163E0141B5.root [274,273]
/store/data/Run2015D/SingleMuon/RAW/v1/000/260/627/00000/E07A8125-0D82-E511-AA26-02163E014449.root [492,493]
/store/data/Run2015D/SingleMuon/RAW/v1/000/260/627/00000/E0BBCA98-8782-E511-A967-02163E01471C.root [1773,1774,1775]
/store/data/Run2015D/SingleMuon/RAW/v1/000/260/627/00000/E0FA9C24-0E82-E511-9B8C-02163E011EC1.root [397,398]
/store/data/Run2015D/SingleMuon/RAW/v1/000/260/627/00000/E21A108B-0D82-E511-8AE9-02163E0144AB.root [439,441,440]
/store/data/Run2015D/SingleMuon/RAW/v1/000/260/627/00000/E224A36D-6082-E511-986E-02163E011EBC.root [1484,1483,1482]
/store/data/Run2015D/SingleMuon/RAW/v1/000/260/627/00000/E2A2FBF9-4882-E511-A5DA-02163E0142F1.root [615,616]
/store/data/Run2015D/SingleMuon/RAW/v1/000/260/627/00000/E2E46CDB-0E82-E511-851C-02163E0141CD.root [303,304]
/store/data/Run2015D/SingleMuon/RAW/v1/000/260/627/00000/E403D59E-0D82-E511-BAF8-02163E014429.root [268,267]
/store/data/Run2015D/SingleMuon/RAW/v1/000/260/627/00000/E42C6645-4882-E511-B2D1-02163E011866.root [822,823]
/store/data/Run2015D/SingleMuon/RAW/v1/000/260/627/00000/E45A4766-0E82-E511-B413-02163E011CD9.root [341,342]
/store/data/Run2015D/SingleMuon/RAW/v1/000/260/627/00000/E46DC993-0F82-E511-B844-02163E011821.root [364,363]
/store/data/Run2015D/SingleMuon/RAW/v1/000/260/627/00000/E4C16C68-4882-E511-902E-02163E0134BF.root [632,633]
/store/data/Run2015D/SingleMuon/RAW/v1/000/260/627/00000/E6241675-4B82-E511-A876-02163E0143D8.root [1333,1334,1332]
/store/data/Run2015D/SingleMuon/RAW/v1/000/260/627/00000/E631BCB9-0D82-E511-97F5-02163E0144B8.root [351,352]
/store/data/Run2015D/SingleMuon/RAW/v1/000/260/627/00000/E6911840-6182-E511-A1F1-02163E011CE0.root [1571,1570,1569]
/store/data/Run2015D/SingleMuon/RAW/v1/000/260/627/00000/E6A07437-5982-E511-AE5A-02163E014673.root [1049,1050]
/store/data/Run2015D/SingleMuon/RAW/v1/000/260/627/00000/E6ED1973-0D82-E511-99A9-02163E011EC1.root [279,280]
/store/data/Run2015D/SingleMuon/RAW/v1/000/260/627/00000/E6F9D7F3-0D82-E511-AD9F-02163E014262.root [257,258]
/store/data/Run2015D/SingleMuon/RAW/v1/000/260/627/00000/E8059B35-4B82-E511-B4E7-02163E013909.root [866,865,864]
/store/data/Run2015D/SingleMuon/RAW/v1/000/260/627/00000/E84952BE-0D82-E511-AC09-02163E014539.root [251,252]
/store/data/Run2015D/SingleMuon/RAW/v1/000/260/627/00000/E87B0F62-4882-E511-B911-02163E0141E5.root [793,792]
/store/data/Run2015D/SingleMuon/RAW/v1/000/260/627/00000/E89FB244-4E82-E511-82AB-02163E0136E8.root [699,698]
/store/data/Run2015D/SingleMuon/RAW/v1/000/260/627/00000/E8AA8152-4882-E511-9D1F-02163E0133D7.root [844,845]
/store/data/Run2015D/SingleMuon/RAW/v1/000/260/627/00000/EA639192-4C82-E511-BE10-02163E011B44.root [756,757]
/store/data/Run2015D/SingleMuon/RAW/v1/000/260/627/00000/EA6687DD-0D82-E511-99DC-02163E013997.root [139,140]
/store/data/Run2015D/SingleMuon/RAW/v1/000/260/627/00000/EA8327B7-0D82-E511-995D-02163E014539.root [458,459]
/store/data/Run2015D/SingleMuon/RAW/v1/000/260/627/00000/EACF44CF-4A82-E511-BC02-02163E011CE0.root [962,961]
/store/data/Run2015D/SingleMuon/RAW/v1/000/260/627/00000/EC3B4916-4B82-E511-9186-02163E0144F2.root [1184,1185,1183]
/store/data/Run2015D/SingleMuon/RAW/v1/000/260/627/00000/EC8D4495-6082-E511-9540-02163E012AE2.root [1644,1645,1646]
/store/data/Run2015D/SingleMuon/RAW/v1/000/260/627/00000/EE0CA890-0D82-E511-AFF8-02163E0146C9.root [289,290]
/store/data/Run2015D/SingleMuon/RAW/v1/000/260/627/00000/F00C3F57-0D82-E511-BA08-02163E014279.root [271,272]
/store/data/Run2015D/SingleMuon/RAW/v1/000/260/627/00000/F02E3CD0-4C82-E511-93E8-02163E013584.root [930,929]
/store/data/Run2015D/SingleMuon/RAW/v1/000/260/627/00000/F29D7845-4882-E511-A800-02163E011C8D.root [769,768]
/store/data/Run2015D/SingleMuon/RAW/v1/000/260/627/00000/F2AF22C9-4982-E511-A713-02163E01417B.root [807,806]
/store/data/Run2015D/SingleMuon/RAW/v1/000/260/627/00000/F2CE2A98-0D82-E511-8F3A-02163E01392E.root [423,424]
/store/data/Run2015D/SingleMuon/RAW/v1/000/260/627/00000/F2F3ECCD-4A82-E511-9F02-02163E01418A.root [1223,1222,1221]
/store/data/Run2015D/SingleMuon/RAW/v1/000/260/627/00000/F4299577-5282-E511-BD17-02163E013987.root [1310,1309,1308]
/store/data/Run2015D/SingleMuon/RAW/v1/000/260/627/00000/F4487C4E-7082-E511-A739-02163E014741.root [1697,1695,1696]
/store/data/Run2015D/SingleMuon/RAW/v1/000/260/627/00000/F46B79AE-4A82-E511-91A8-02163E0139A6.root [886,885]
/store/data/Run2015D/SingleMuon/RAW/v1/000/260/627/00000/F47B6DC3-4A82-E511-A154-02163E0138E1.root [1079,1080]
/store/data/Run2015D/SingleMuon/RAW/v1/000/260/627/00000/F4C1C337-0D82-E511-A617-02163E01450F.root [166,165]
/store/data/Run2015D/SingleMuon/RAW/v1/000/260/627/00000/F4D22529-0D82-E511-BEB6-02163E014382.root [474,475]
/store/data/Run2015D/SingleMuon/RAW/v1/000/260/627/00000/F4E4536A-4A82-E511-8A6B-02163E014685.root [965,966]
/store/data/Run2015D/SingleMuon/RAW/v1/000/260/627/00000/F604AD59-0D82-E511-B2FF-02163E011AB8.root [362,361]
/store/data/Run2015D/SingleMuon/RAW/v1/000/260/627/00000/F618784B-E781-E511-B1ED-02163E013736.root [102,101]
/store/data/Run2015D/SingleMuon/RAW/v1/000/260/627/00000/F67BC082-4F82-E511-B629-02163E01427F.root [994,993]
/store/data/Run2015D/SingleMuon/RAW/v1/000/260/627/00000/F68A259F-0F82-E511-B4DD-02163E011821.root [541,540]
/store/data/Run2015D/SingleMuon/RAW/v1/000/260/627/00000/F6EA87AC-4982-E511-A9EC-02163E0142F1.root [828,829]
/store/data/Run2015D/SingleMuon/RAW/v1/000/260/627/00000/F6FB584D-0D82-E511-85B0-02163E013805.root [345,346]
/store/data/Run2015D/SingleMuon/RAW/v1/000/260/627/00000/F82B8125-0D82-E511-930C-02163E014449.root [421,422]
/store/data/Run2015D/SingleMuon/RAW/v1/000/260/627/00000/F82E95A1-6082-E511-8B45-02163E013627.root [1505,1503,1504]
/store/data/Run2015D/SingleMuon/RAW/v1/000/260/627/00000/F83F5830-0D82-E511-8FA6-02163E014700.root [561,560,559]
/store/data/Run2015D/SingleMuon/RAW/v1/000/260/627/00000/F843055D-4D82-E511-A8FA-02163E011F2B.root [1040,1039]
/store/data/Run2015D/SingleMuon/RAW/v1/000/260/627/00000/F8592EB2-4A82-E511-9713-02163E014741.root [1003,1004]
/store/data/Run2015D/SingleMuon/RAW/v1/000/260/627/00000/F8A488CA-4B82-E511-9B01-02163E01450F.root [1203,1204,1205]
/store/data/Run2015D/SingleMuon/RAW/v1/000/260/627/00000/F8C7F122-4E82-E511-83D0-02163E011ED1.root [732,733]
/store/data/Run2015D/SingleMuon/RAW/v1/000/260/627/00000/F8E1BEBC-4A82-E511-BC64-02163E013840.root [1021,1022]
/store/data/Run2015D/SingleMuon/RAW/v1/000/260/627/00000/F8FCD964-0D82-E511-B084-02163E014279.root [378,379,377]
/store/data/Run2015D/SingleMuon/RAW/v1/000/260/627/00000/FA11D4FC-4A82-E511-BA5D-02163E014413.root [1267,1268,1266]
/store/data/Run2015D/SingleMuon/RAW/v1/000/260/627/00000/FA9C464F-4B82-E511-89F0-02163E013889.root [1271,1270,1269]
/store/data/Run2015D/SingleMuon/RAW/v1/000/260/627/00000/FAE89797-4C82-E511-BE9B-02163E013555.root [1341,1342,1343]
/store/data/Run2015D/SingleMuon/RAW/v1/000/260/627/00000/FAFDE0CB-8782-E511-AB5F-02163E0134CE.root [1770,1771,1772]
/store/data/Run2015D/SingleMuon/RAW/v1/000/260/627/00000/FC15D76E-6182-E511-941D-02163E013627.root [1648,1649,1647]
/store/data/Run2015D/SingleMuon/RAW/v1/000/260/627/00000/FC20ED54-4B82-E511-B9A5-02163E014685.root [1115,1114]
/store/data/Run2015D/SingleMuon/RAW/v1/000/260/627/00000/FC2ECD4B-4882-E511-90A9-02163E01351C.root [680,681]
/store/data/Run2015D/SingleMuon/RAW/v1/000/260/627/00000/FC3441F3-0D82-E511-9D30-02163E012840.root [579,580]
/store/data/Run2015D/SingleMuon/RAW/v1/000/260/627/00000/FC39C735-0E82-E511-9699-02163E011CD9.root [491,490]
/store/data/Run2015D/SingleMuon/RAW/v1/000/260/627/00000/FC5E0584-4882-E511-9422-02163E01295E.root [860,861]
/store/data/Run2015D/SingleMuon/RAW/v1/000/260/627/00000/FCA82A4C-4D82-E511-BDE1-02163E0141F7.root [1038,1037]
/store/data/Run2015D/SingleMuon/RAW/v1/000/260/627/00000/FE108D58-1082-E511-8711-02163E0145D5.root [512,513]
/store/data/Run2015D/SingleMuon/RAW/v1/000/260/627/00000/FE4C0066-0D82-E511-99B6-02163E0145D2.root [323,324]
/store/data/Run2015D/SingleMuon/RAW/v1/000/260/627/00000/FEA3186F-0D82-E511-940E-02163E0145D2.root [126,125,124,127]
/store/data/Run2015D/SingleMuon/RAW/v1/000/260/627/00000/FEBA027B-8782-E511-83A2-02163E011A3C.root [1812,1813,1814]
/store/data/Run2015D/SingleMuon/RAW/v1/000/260/627/00000/FECC3F4F-4B82-E511-A836-02163E01460F.root [912,911]
/store/data/Run2015D/SingleMuon/RAW/v1/000/260/627/00000/FEDF1885-6082-E511-8A2D-02163E0134BE.root [1576,1575,1577]
/store/data/Run2015D/SingleMuon/RAW/v1/000/260/627/00000/FEE321C0-0E82-E511-B010-02163E0134CE.root [531,532]
/store/data/Run2015D/SingleMuon/RAW/v1/000/260/627/00000/FEF27273-8782-E511-B890-02163E0146EF.root [1788,1790,1789]
