/store/data/Run2016E/MuonEG/MINIAOD/HIPM_UL2016_MiniAODv2-v2/140000/0A8C27A4-A975-364A-9B61-19FB93BF3EA5.root [286,301,304,280,287,294,300,302,306,279,289,293,284,295,305,282,303,281,297,298,288,292,283,285,290,291,296,299]
/store/data/Run2016E/MuonEG/MINIAOD/HIPM_UL2016_MiniAODv2-v2/140000/123AA518-9653-2A47-845B-0A0D8EAC2A94.root [1051,1057,1063,1967,1968,1983,1998,2010,1023,1045,1049,1053,1960,1979,1984,1999,2007,1058,1060,1069,1971,1976,1982,1996,1039,1041,1061,1064,1072,1974,1978,1991,1992,2003,1046,1048,1052,1065,1068,1964,1986,1993,1994,2000,2006,1021,1050,1059,1066,1067,1961,1981,1987,1989,2001,1020,1042,1043,1047,1070,1962,1963,1965,1966,1969,1972,1973,1980,1985,1990,1997,2004,2008,1022,1040,1044,1054,1055,1056,1062,1071,1970,1975,1977,1988,1995,2002,2005,2009]
/store/data/Run2016E/MuonEG/MINIAOD/HIPM_UL2016_MiniAODv2-v2/140000/185DE962-A171-B249-9844-0B32551ED509.root [38,39,45,107,111,145,152,154,155,160,163,204,205,226,43,48,102,103,108,114,139,146,148,158,165,208,222,229,232,275,278,110,140,141,144,150,156,209,272,276,37,40,44,112,162,164,221,228,230,41,109,143,149,157,161,206,227,231,269,270,277,42,153,223,225,273,46,105,147,224,271,106,113,137,138,142,151,274]
/store/data/Run2016E/MuonEG/MINIAOD/HIPM_UL2016_MiniAODv2-v2/140000/18CA97EB-A413-0C42-AB7C-4DF6F0071B69.root [1812,1818,1827,1833,1841,1848,1851,1853,1813,1817,1831,1839,1850,1854,1828,1834,1837,1838,1855,1811,1814,1832,1835,1843,1846,1857,1815,1819,1842,1852,1858,1821,1824,1826,1840,1844,1849,1859,1860,1816,1822,1829,1847,1856,1820,1825,1830,1836,1845]
/store/data/Run2016E/MuonEG/MINIAOD/HIPM_UL2016_MiniAODv2-v2/140000/2371F3F5-6E78-A840-B637-6D18BEAAAF5D.root [812,820,826,842,843,856,859,865,1099,1105,1210,1211,1216,1219,1225,819,827,870,907,1083,1088,1091,1097,1098,1177,1180,1221,1224,816,837,840,844,846,848,849,850,854,857,869,906,1073,1074,1078,1082,1086,1089,1095,1122,1181,1183,1193,1201,1204,1206,1207,1220,767,813,823,829,830,831,845,847,852,858,868,1075,1104,1123,1176,1179,1195,1203,766,810,811,821,822,824,834,838,839,851,867,1076,1079,1081,1092,1096,1100,1101,1103,1121,1182,1198,1205,1227,807,817,833,836,855,861,862,1087,1093,1094,1102,1106,1120,1192,1200,1222,1223,1226,765,808,809,818,825,828,841,863,866,871,904,1085,1090,1178,1194,1196,1197,1209,1217,814,815,832,835,853,860,864,905,1077,1080,1084,1199,1202,1208,1218]
/store/data/Run2016E/MuonEG/MINIAOD/HIPM_UL2016_MiniAODv2-v2/140000/3067BBD8-1989-B541-A504-4812BFFD071E.root [1624,1637,1640,1644,1613,1628,1638,1672,1614,1619,1625,1626,1629,1670,1671,1627,1639,1645,1649,1653,1665,1667,1622,1646,1648,1651,1652,1618,1631,1642,1643,1664,1666,1668,1615,1616,1620,1621,1623,1630,1647,1650,1669,1617,1641,1654]
/store/data/Run2016E/MuonEG/MINIAOD/HIPM_UL2016_MiniAODv2-v2/140000/37FBFCD1-82E9-D245-BA95-ADC86F778247.root [969,981,987,993,1019,1028,1030,1186,1191,1488,1494,1495,1496,1500,1503,1512,1532,1551,1554,1556,1564,1573,959,990,1011,1027,1031,1032,1038,1115,1117,1124,1160,1168,1501,1505,1521,1525,1538,1545,1550,955,956,972,974,985,1000,1010,1012,1013,1037,1108,1110,1164,1173,1185,1190,1489,1514,1515,1523,1527,1536,1540,1546,1548,1555,971,973,983,1003,1005,1125,1161,1163,1166,1189,1470,1509,1511,1518,1519,1526,1539,1544,1553,1563,1568,1572,982,991,992,994,1004,1007,1025,1034,1036,1113,1116,1159,1167,1184,1490,1517,1537,1542,1559,1565,1566,1569,1570,1571,958,968,976,977,988,1001,1008,1017,1026,1033,1109,1169,1187,1188,1469,1493,1499,1502,1506,1507,1508,1524,1530,1531,1534,1535,1541,1560,1562,954,967,970,978,986,995,996,998,999,1002,1009,1014,1018,1024,1035,1111,1112,1114,1162,1165,1171,1172,1471,1491,1504,1510,1513,1516,1520,1528,1529,1543,1549,1558,957,975,979,980,984,989,997,1006,1015,1016,1029,1107,1158,1170,1174,1175,1468,1492,1497,1498,1522,1533,1547,1552,1557,1561]
/store/data/Run2016E/MuonEG/MINIAOD/HIPM_UL2016_MiniAODv2-v2/140000/738016B1-A99B-A347-A66B-FC825786E6CF.root [662,664,666,672,1658,1677,1680,1697,1702,1705,669,684,691,1683,1685,1687,1689,1694,660,676,678,1657,1700,1711,668,670,681,692,1661,1662,1673,1679,1682,1688,1690,1704,1712,661,674,690,1659,1660,1676,1678,1691,1693,1699,1703,1713,1714,665,673,675,679,680,682,685,686,687,688,1655,1656,1681,1684,1686,1692,1695,1698,1701,663,667,677,1663,1675,1706,1707,671,683,689,1674,1696]
/store/data/Run2016E/MuonEG/MINIAOD/HIPM_UL2016_MiniAODv2-v2/140000/7A860829-5BB8-6045-B29F-3737A46CBCEB.root [1364,1369,1374,1385,1393,1403,1410,1420,1485,1581,1582,1585,1586,1590,1867,1883,1893,1902,1904,1915,1920,1930,1946,1947,1951,1956,1360,1382,1391,1394,1408,1411,1414,1417,1419,1424,1427,1430,1434,1484,1583,1591,1595,1605,1606,1607,1635,1865,1875,1878,1880,1888,1896,1913,1914,1924,1929,1936,1944,1949,1952,1958,1359,1368,1373,1380,1387,1399,1423,1425,1431,1481,1578,1579,1594,1603,1610,1636,1877,1881,1894,1908,1916,1923,1931,1935,1939,1941,1945,1959,1381,1383,1390,1396,1402,1405,1407,1429,1480,1482,1574,1580,1597,1600,1609,1611,1632,1634,1872,1873,1879,1890,1895,1905,1907,1918,1937,1954,1361,1365,1378,1392,1412,1415,1418,1426,1432,1433,1567,1593,1598,1608,1633,1862,1863,1866,1869,1871,1884,1889,1911,1919,1926,1928,1948,1953,1363,1367,1371,1375,1388,1389,1395,1404,1406,1478,1487,1575,1576,1599,1602,1861,1864,1874,1892,1898,1900,1910,1912,1932,1933,1940,1943,1957,1366,1372,1384,1397,1400,1401,1409,1416,1421,1428,1587,1592,1596,1604,1612,1870,1891,1897,1899,1906,1917,1927,1934,1942,1950,1955,1362,1370,1379,1386,1398,1413,1422,1477,1479,1483,1486,1577,1584,1588,1589,1601,1868,1876,1882,1885,1886,1887,1901,1903,1909,1921,1922,1925,1938]
/store/data/Run2016E/MuonEG/MINIAOD/HIPM_UL2016_MiniAODv2-v2/140000/93074694-F28F-6942-B337-B9BBD7888666.root [1,8,9,11,2,4,12,19,20,3,7,14,24,23,6,10,13,33,15,17,21,18,22,5,16,25,32]
/store/data/Run2016E/MuonEG/MINIAOD/HIPM_UL2016_MiniAODv2-v2/140000/9C064C89-FA96-3B4F-8A77-D00187C6E687.root [1212,1228,1728,1755,1756,1772,1786,1794,1809,1214,1232,1233,1237,1268,1271,1732,1747,1752,1753,1767,1773,1780,1787,1789,1790,1797,1213,1215,1231,1239,1243,1267,1270,1277,1725,1727,1735,1737,1739,1748,1749,1758,1759,1763,1766,1778,1791,1798,1804,1240,1275,1282,1722,1736,1743,1761,1774,1793,1801,1238,1249,1250,1272,1273,1280,1716,1720,1723,1724,1726,1745,1764,1769,1775,1781,1783,1792,1796,1805,1808,1236,1241,1242,1251,1266,1281,1719,1740,1746,1751,1754,1757,1760,1771,1777,1784,1785,1800,1810,1230,1234,1235,1248,1274,1276,1283,1715,1721,1729,1730,1733,1738,1742,1779,1782,1788,1795,1802,1803,1806,1807,1229,1269,1284,1717,1718,1731,1734,1741,1744,1750,1762,1765,1768,1770,1776,1799]
/store/data/Run2016E/MuonEG/MINIAOD/HIPM_UL2016_MiniAODv2-v2/140000/A111F4F0-16FA-274B-8721-6D49CEF30E71.root [179,180,263,261,184,258,257,259,262,264,266,268,265,178,185,260,267,181,186]
/store/data/Run2016E/MuonEG/MINIAOD/HIPM_UL2016_MiniAODv2-v2/140000/B3FFA2E9-EA93-604C-814A-1871C4A6FE86.root [191,203,308,329,332,333,448,455,456,464,469,187,188,194,312,314,318,429,431,433,443,459,460,466,473,483,167,170,176,182,195,196,307,311,313,322,324,453,454,463,467,169,193,202,316,369,432,441,446,472,481,482,192,321,323,325,327,331,368,426,428,439,442,461,465,468,470,480,183,189,201,309,315,319,320,330,365,373,430,458,474,159,166,171,190,197,198,310,317,326,334,366,371,372,427,434,435,438,444,445,447,451,457,462,471,168,199,200,328,335,367,370,436,437,440,449,450,452]
/store/data/Run2016E/MuonEG/MINIAOD/HIPM_UL2016_MiniAODv2-v2/140000/DD7A1B07-ED5D-8B4D-906C-709CAB34A535.root [2011,2012,2014,2015,2027,2036,2045,2047,2056,2057,2060,2074,2091,2092,2097,2119,2138,2150,2157,2160,2161,2180,2046,2050,2058,2064,2065,2079,2082,2096,2110,2127,2128,2146,2018,2030,2031,2038,2049,2053,2055,2080,2081,2094,2098,2120,2125,2134,2143,2145,2152,2153,2155,2179,2033,2037,2042,2043,2052,2062,2066,2067,2070,2083,2089,2090,2093,2105,2117,2122,2126,2129,2130,2133,2140,2142,2144,2151,2156,2177,2020,2021,2025,2026,2032,2040,2041,2061,2069,2072,2077,2086,2106,2112,2116,2118,2147,2149,2162,2028,2035,2051,2075,2076,2084,2087,2095,2101,2102,2108,2121,2123,2124,2131,2135,2141,2148,2154,2178,2013,2016,2029,2039,2048,2054,2068,2078,2085,2088,2099,2103,2107,2109,2111,2114,2115,2132,2136,2137,2139,2158,2159,2176,2017,2019,2022,2023,2024,2034,2044,2059,2063,2071,2073,2100,2104,2113,2181]
/store/data/Run2016E/MuonEG/MINIAOD/HIPM_UL2016_MiniAODv2-v2/140000/EAC88C27-B642-744C-9A4D-771F2D270DE9.root [632,637,639,642,654,655,911,914,915,916,939,951,1324,1326,1339,1346,647,658,910,941,942,963,965,966,1278,1279,1333,1347,1350,1353,636,644,919,938,946,960,1323,1336,1341,1349,1357,629,633,657,908,940,943,945,949,950,964,1328,1343,1358,625,627,630,631,638,645,648,656,659,912,953,1332,1334,1335,1338,1342,1345,1348,1352,1356,628,634,635,649,651,652,944,1321,1325,1351,626,646,913,917,918,937,948,961,1337,1340,1376,643,650,653,909,920,947,952,962,1322,1327,1329,1330,1331,1344,1354,1355,1377]
/store/data/Run2016E/MuonEG/MINIAOD/HIPM_UL2016_MiniAODv2-v2/140000/EB9354FB-7295-224A-8CCA-6B19EE86294E.root [351,363,364,475,478,490,521,522,595,598,601,602,615,619,640,761,2169,2188,337,347,358,360,479,488,495,518,596,599,603,608,622,623,694,696,697,698,701,774,2172,2192,344,349,350,354,355,510,513,514,517,604,605,609,611,705,770,773,2164,2165,2170,2191,2194,339,343,476,493,594,606,613,614,693,695,703,707,763,2166,352,353,359,361,487,492,494,509,511,520,523,607,610,612,711,712,713,771,2168,2171,2173,2184,2186,2196,2208,336,340,345,346,348,356,357,484,491,519,618,700,768,769,2167,2174,2183,2187,2190,2193,2210,2212,338,341,342,477,486,600,616,620,624,641,704,764,772,2175,2182,2185,2189,2211,362,485,489,515,516,597,617,621,699,702,706,708,709,710,759,760,762,2163,2195,2209]
/store/data/Run2016E/MuonEG/MINIAOD/HIPM_UL2016_MiniAODv2-v2/140000/F3F554FE-D3CE-5A46-A766-DEAD2D0A95FE.root [34,31,28,30,47,52,58,173,26,29,36,49,175,27,50,53,54,55,172,174,177,35,51,56,57]
/store/data/Run2016E/MuonEG/MINIAOD/HIPM_UL2016_MiniAODv2-v2/270000/218903DB-5762-E445-9BB5-20F25899E790.root [237,244,246,251,252,247,384,220,236,248,234,235,243,245,250,240,241,242,249,253,256,219,239,233,238,254,255]
/store/data/Run2016E/MuonEG/MINIAOD/HIPM_UL2016_MiniAODv2-v2/270000/2974EBCF-4BCA-E645-AF00-666C584796D2.root [410,412,414,420,423,500,501,504,723,730,745,755,779,799,805,806,880,885,896,897,406,408,424,575,757,758,775,782,783,788,790,792,877,881,417,592,720,721,732,743,748,749,751,795,802,804,886,405,411,422,503,512,585,715,724,756,785,793,796,878,404,407,409,413,418,419,421,589,590,717,725,734,735,739,741,750,752,753,777,778,781,784,786,872,879,884,887,425,496,499,586,593,719,726,729,736,742,744,754,787,789,801,873,874,882,883,898,497,502,587,588,591,716,722,746,776,794,797,875,415,498,714,718,727,728,731,733,737,738,740,747,780,791,798,800,803,876]
/store/data/Run2016E/MuonEG/MINIAOD/HIPM_UL2016_MiniAODv2-v2/270000/34BE6A3F-C4D3-5C4E-9414-E0FB8491E60E.root [64,65,66,74,83,59,70,71,77,82,78,60,61,62,63,72,80,81,69,79,67,73,75,68,76]
/store/data/Run2016E/MuonEG/MINIAOD/HIPM_UL2016_MiniAODv2-v2/270000/378850DB-9E16-AB4D-B141-F611C5443F3D.root [508,528,529,537,547,563,566,584,507,524,526,530,532,540,557,565,569,573,578,525,546,549,556,558,560,571,581,582,527,534,544,548,553,555,568,570,572,574,576,579,541,542,559,567,577,505,531,539,551,554,562,583,533,536,538,543,545,561,564,580,506,535,550,552]
/store/data/Run2016E/MuonEG/MINIAOD/HIPM_UL2016_MiniAODv2-v2/270000/8D4D9E95-9FB3-6243-8D0D-065A21474085.root [1118,1139,1142,1143,1145,1148,1150,1155,1119,1137,1141,1255,1263,1264,1134,1138,1151,1156,1157,1257,1252,1254,1256,1146,1262,1135,1147,1153,1154,1259,1152,1260,1265,1136,1140,1144,1149,1253,1258,1261]
/store/data/Run2016E/MuonEG/MINIAOD/HIPM_UL2016_MiniAODv2-v2/270000/A6D5D8C3-31A6-D344-9450-EBE68D5167D2.root [889,922,924,927,1245,1290,1306,1307,1316,1442,1447,1456,1457,1459,1462,1466,921,925,931,1128,1131,1308,1315,1438,1443,1445,1448,1455,1472,2213,894,926,932,933,936,1129,1130,1132,1133,1287,1288,1296,1299,1311,1313,1435,1436,1463,1467,2198,2203,893,903,1244,1289,1304,1318,1446,1453,1458,1461,2201,2207,888,892,899,902,930,1127,1247,1300,1310,1320,1450,1474,1476,890,891,895,901,929,935,1297,1298,1305,1317,1441,1464,1465,900,923,928,934,1286,1291,1294,1302,1309,1319,1437,1444,1451,1452,1454,1473,1475,2197,2199,2204,2205,2206,1126,1246,1285,1292,1293,1295,1301,1303,1312,1314,1439,1440,1449,1460,2200,2202,2214]
/store/data/Run2016E/MuonEG/MINIAOD/HIPM_UL2016_MiniAODv2-v2/270000/BBC35344-8C1C-064B-BB8D-7AE43D44E08B.root [88,120,130,214,379,383,401,89,123,129,136,374,376,381,385,386,402,92,100,101,135,215,392,397,399,90,98,115,126,207,212,213,378,394,395,400,86,87,99,104,133,217,375,377,403,84,91,94,116,119,124,125,128,218,387,390,391,393,396,95,96,117,121,131,134,210,416,85,93,97,118,122,127,132,211,216,380,382,388,389,398]
/store/data/Run2016E/MuonEG/MINIAOD/HIPM_UL2016_MiniAODv2-v2/270000/DA6FE05D-D2EB-A548-8974-2870967394A5.root [2220,2222,2223,2215,2219,2216,2226,2231,2237,2228,2217,2238,2218,2221,2224,2225,2227]
