/store/data/Run2015D/JetHT/RAW/v1/000/256/677/00000/04798841-5B5D-E511-8610-02163E01424B.root [429,425,426,428,424,427,430,423]
/store/data/Run2015D/JetHT/RAW/v1/000/256/677/00000/0A138176-475D-E511-9A77-02163E013394.root [232,234,230,233,236,231,235]
/store/data/Run2015D/JetHT/RAW/v1/000/256/677/00000/0ACDA40D-325D-E511-943D-02163E01427D.root [118,119,117,120,122,121,123]
/store/data/Run2015D/JetHT/RAW/v1/000/256/677/00000/0CB38CAC-315D-E511-B371-02163E014115.root [81,83,84,82,85,79,80]
/store/data/Run2015D/JetHT/RAW/v1/000/256/677/00000/0CD008F0-315D-E511-A669-02163E01348C.root [125,126,129,130,124,128,127]
/store/data/Run2015D/JetHT/RAW/v1/000/256/677/00000/165E9042-5B5D-E511-AE1D-02163E014144.root [480,483,484,481,479,485,482]
/store/data/Run2015D/JetHT/RAW/v1/000/256/677/00000/1E10E972-315D-E511-BE2D-02163E011820.root [62,59,61,64,63,60,58]
/store/data/Run2015D/JetHT/RAW/v1/000/256/677/00000/1E682AED-365D-E511-B744-02163E0143CF.root [159,160,162,161,164,165,163]
/store/data/Run2015D/JetHT/RAW/v1/000/256/677/00000/26132D8D-315D-E511-84CA-02163E0142A7.root [65,69,70,66,67,68,71]
/store/data/Run2015D/JetHT/RAW/v1/000/256/677/00000/28FEE54E-5B5D-E511-B01F-02163E0119BD.root [449,454,451,453,447,452,448,450]
/store/data/Run2015D/JetHT/RAW/v1/000/256/677/00000/2AEA8BE9-2C5D-E511-8E1F-02163E0143CF.root [9,11,8,12,14,15,10,13]
/store/data/Run2015D/JetHT/RAW/v1/000/256/677/00000/2C932D6E-5B5D-E511-A4BC-02163E01449B.root [416,419,420,415,417,421,418,422]
/store/data/Run2015D/JetHT/RAW/v1/000/256/677/00000/36621706-5B5D-E511-BC62-02163E01279C.root [350,343,347,349,346,344,345,348]
/store/data/Run2015D/JetHT/RAW/v1/000/256/677/00000/3C77846B-315D-E511-9914-02163E014742.root [38,39,40,41,43,37,42]
/store/data/Run2015D/JetHT/RAW/v1/000/256/677/00000/42EE871F-5C5D-E511-8845-02163E01266E.root [387,384,383,385,389,390,386,388]
/store/data/Run2015D/JetHT/RAW/v1/000/256/677/00000/44097156-475D-E511-BF5B-02163E013518.root [222,216,219,221,217,220,218]
/store/data/Run2015D/JetHT/RAW/v1/000/256/677/00000/48F5BEF1-365D-E511-942B-02163E01279C.root [195,200,197,196,198,199,201]
/store/data/Run2015D/JetHT/RAW/v1/000/256/677/00000/561687E3-575D-E511-8614-02163E0145CF.root [304,310,306,307,309,305,308]
/store/data/Run2015D/JetHT/RAW/v1/000/256/677/00000/5A7C5AE1-3A5D-E511-A27B-02163E014213.root [202,205,207,203,206,208,204]
/store/data/Run2015D/JetHT/RAW/v1/000/256/677/00000/5AEA4DF7-365D-E511-AA90-02163E01416B.root [174,179,173,176,177,175,178]
/store/data/Run2015D/JetHT/RAW/v1/000/256/677/00000/7042C7E6-5A5D-E511-85D2-02163E0122FF.root [362,364,360,365,363,366,361,359]
/store/data/Run2015D/JetHT/RAW/v1/000/256/677/00000/70DE6CCC-5B5D-E511-B78B-02163E0119B2.root [456,458,462,460,455,459,457,461]
/store/data/Run2015D/JetHT/RAW/v1/000/256/677/00000/70FF5005-375D-E511-AEF8-02163E0133FB.root [148,149,151,146,145,150,147]
/store/data/Run2015D/JetHT/RAW/v1/000/256/677/00000/74920829-5B5D-E511-B07E-02163E013843.root [465,467,470,463,464,466,468,469]
/store/data/Run2015D/JetHT/RAW/v1/000/256/677/00000/74B7B03D-5B5D-E511-924F-02163E0143CF.root [409,407,411,414,413,412,408,410]
/store/data/Run2015D/JetHT/RAW/v1/000/256/677/00000/88D7005A-5B5D-E511-88B4-02163E0145CF.root [472,473,474,476,478,471,475,477]
/store/data/Run2015D/JetHT/RAW/v1/000/256/677/00000/8EA1B1E9-2C5D-E511-BF44-02163E0136D4.root [18,19,22,21,16,17,20]
/store/data/Run2015D/JetHT/RAW/v1/000/256/677/00000/90B176FE-365D-E511-A17D-02163E014511.root [154,157,156,155,152,153,158]
/store/data/Run2015D/JetHT/RAW/v1/000/256/677/00000/92C0B5B8-315D-E511-A124-02163E01266E.root [33,35,36,32,31,34,30]
/store/data/Run2015D/JetHT/RAW/v1/000/256/677/00000/963933D1-325D-E511-A446-02163E01437B.root [142,140,141,143,144,138,139]
/store/data/Run2015D/JetHT/RAW/v1/000/256/677/00000/9E4CEBA8-325D-E511-8F2C-02163E014338.root [96,86,95,93,92,87,91,94,97,89,88,90]
/store/data/Run2015D/JetHT/RAW/v1/000/256/677/00000/9EE2E0E8-575D-E511-A6E3-02163E013850.root [252,259,263,287,295,261,262,265,270,273,275,290,251,253,255,260,269,283,285,291,293,257,258,266,282,254,256,264,267,268,271,276,277,278,279,280,281,286,288,289,272,274,284,294]
/store/data/Run2015D/JetHT/RAW/v1/000/256/677/00000/A4C8115E-575D-E511-AB1C-02163E0145CF.root [237,243,247,249,250,240,242,246,248,241,244,245,238,239]
/store/data/Run2015D/JetHT/RAW/v1/000/256/677/00000/A4F866EE-5A5D-E511-9073-02163E0143AC.root [353,355,351,357,354,356,352,358]
/store/data/Run2015D/JetHT/RAW/v1/000/256/677/00000/ACB0FA78-315D-E511-8D00-02163E014743.root [104,109,98,102,103,99,108,100,101,106,107,105]
/store/data/Run2015D/JetHT/RAW/v1/000/256/677/00000/AEBF8D19-5B5D-E511-BB3B-02163E0118A4.root [342,337,339,338,340,341,335,336]
/store/data/Run2015D/JetHT/RAW/v1/000/256/677/00000/B248BF14-5B5D-E511-BC5E-02163E0119C7.root [368,374,367,369,370,373,371,372]
/store/data/Run2015D/JetHT/RAW/v1/000/256/677/00000/B6ABF3F9-575D-E511-8A55-02163E014736.root [296,299,303,297,298,300,301,302]
/store/data/Run2015D/JetHT/RAW/v1/000/256/677/00000/B8DA59F2-315D-E511-AC15-02163E011820.root [135,137,134,131,133,136,132]
/store/data/Run2015D/JetHT/RAW/v1/000/256/677/00000/BA11F9FB-315D-E511-A262-02163E0144F7.root [115,110,113,114,111,112,116]
/store/data/Run2015D/JetHT/RAW/v1/000/256/677/00000/BA49E884-315D-E511-88FC-02163E0119C7.root [54,53,56,57,55,51,52]
/store/data/Run2015D/JetHT/RAW/v1/000/256/677/00000/BA76A5E6-3A5D-E511-A779-02163E011A4C.root [211,212,210,214,209,213,215]
/store/data/Run2015D/JetHT/RAW/v1/000/256/677/00000/C02F5232-5B5D-E511-8F8F-02163E01420D.root [391,395,398,396,392,393,394,397]
/store/data/Run2015D/JetHT/RAW/v1/000/256/677/00000/C0C61B32-375D-E511-B3A1-02163E014187.root [191,188,194,192,190,193,189]
/store/data/Run2015D/JetHT/RAW/v1/000/256/677/00000/C20DE386-315D-E511-8464-02163E011FBB.root [47,49,44,48,45,46,50]
/store/data/Run2015D/JetHT/RAW/v1/000/256/677/00000/C4ACC1ED-365D-E511-8555-02163E011B44.root [186,180,187,182,181,183,184,185]
/store/data/Run2015D/JetHT/RAW/v1/000/256/677/00000/C8207557-475D-E511-82FC-02163E014225.root [228,226,223,225,227,224,229]
/store/data/Run2015D/JetHT/RAW/v1/000/256/677/00000/D072143B-5B5D-E511-80F1-02163E014260.root [442,444,443,439,445,440,441,446]
/store/data/Run2015D/JetHT/RAW/v1/000/256/677/00000/D0796AE9-2C5D-E511-BCAE-02163E014187.root [5,6,2,3,1,4,7]
/store/data/Run2015D/JetHT/RAW/v1/000/256/677/00000/E0EAB198-5A5D-E511-AF06-02163E01468C.root [330,332,333,327,328,329,331,334]
/store/data/Run2015D/JetHT/RAW/v1/000/256/677/00000/E4B802E0-315D-E511-9546-02163E0118FE.root [75,74,72,76,78,77,73]
/store/data/Run2015D/JetHT/RAW/v1/000/256/677/00000/E65F4008-375D-E511-88CE-02163E01424B.root [166,170,168,171,167,169,172]
/store/data/Run2015D/JetHT/RAW/v1/000/256/677/00000/EA0705B1-635D-E511-8072-02163E01364A.root [435,437,431,432,434,438,433,436]
/store/data/Run2015D/JetHT/RAW/v1/000/256/677/00000/EE7AF41F-2F5D-E511-8AFB-02163E013843.root [27,24,25,23,26,29,28]
/store/data/Run2015D/JetHT/RAW/v1/000/256/677/00000/F8BD831B-5C5D-E511-9D0C-02163E0128A6.root [320,324,322,323,325,319,321,326]
/store/data/Run2015D/JetHT/RAW/v1/000/256/677/00000/FA3AA003-5B5D-E511-9F3F-02163E01468C.root [378,376,380,375,377,382,379,381]
/store/data/Run2015D/JetHT/RAW/v1/000/256/677/00000/FADC1EFA-575D-E511-B2DF-02163E0143AC.root [313,314,315,316,317,318,311,312]
/store/data/Run2015D/JetHT/RAW/v1/000/256/677/00000/FEC7A715-5B5D-E511-A200-02163E014132.root [399,400,405,401,404,406,403,402]
