/store/data/Run2024C/NoBPTX/RAW/v1/000/379/416/00000/1880470b-6cf4-4c06-a8c3-0a2bc7b57b61.root 379416 [163,161,165,158,164,159,160,166,162,157]
/store/data/Run2024C/NoBPTX/RAW/v1/000/379/416/00000/3414e4dc-f51a-4c82-8b5c-5f1324a4e99d.root 379416 [147,152,154,155,150,153,148,149,151,156]
/store/data/Run2024C/NoBPTX/RAW/v1/000/379/416/00000/42c5d70a-0e0a-4ad8-a673-54ec12e2a113.root 379416 [169,174,176,173,170,171,172,167,168,175]
/store/data/Run2024C/NoBPTX/RAW/v1/000/379/416/00000/59d02593-1e61-47b4-a4cf-09c6956d39e8.root 379416 [190,189,188,191,193,194,187,192,195,196]
/store/data/Run2024C/NoBPTX/RAW/v1/000/379/416/00000/63d3188f-7844-4ab6-83fb-61ec07e19ea5.root 379416 [217,227,226,231,233,221,222,228,218,219,229,220,223,225,232,224,230]
/store/data/Run2024C/NoBPTX/RAW/v1/000/379/416/00000/6c5c8d7f-289d-4d6a-804f-ff159f0c1230.root 379416 [2,16,31,33,34,8,10,22,28,29,7,24,11,21,26,27,30,12,18,25,3,5,9,20,23,32,1,4,6,13,14,15,17,19]
/store/data/Run2024C/NoBPTX/RAW/v1/000/379/416/00000/8766f56d-5aec-48ef-9b96-05170f20a6ba.root 379416 [204,205,206,200,198,201,199,202,203,197]
/store/data/Run2024C/NoBPTX/RAW/v1/000/379/416/00000/a2a19629-0681-43c4-8627-712f3bcf8a7f.root 379416 [130,129,134,136,133,132,135,128,131,127]
/store/data/Run2024C/NoBPTX/RAW/v1/000/379/416/00000/a2b383f8-6476-491e-9360-87ff0c8d3523.root 379416 [60,63,56,61,66,55,58,62,65,59,57,64]
/store/data/Run2024C/NoBPTX/RAW/v1/000/379/416/00000/ade9640a-ccb7-4ed4-aa09-ad10a9098d4d.root 379416 [37,39,41,43,45,53,35,54,49,50,44,36,42,52,38,47,40,46,48,51]
/store/data/Run2024C/NoBPTX/RAW/v1/000/379/416/00000/b3f5d5e6-10db-4f19-ae62-fe5e7ef0c1fb.root 379416 [210,211,213,216,208,207,209,214,215,212]
/store/data/Run2024C/NoBPTX/RAW/v1/000/379/416/00000/bc32ecc8-bfa5-4e91-ac80-220c85c35d52.root 379416 [108,109,112,114,113,117,111,115,110,116]
/store/data/Run2024C/NoBPTX/RAW/v1/000/379/416/00000/c13dcac1-a7df-47be-8227-c645957b2655.root 379416 [92,86,88,90,87,89,91,93,94,95]
/store/data/Run2024C/NoBPTX/RAW/v1/000/379/416/00000/c210b762-dba7-441c-8122-0f89177572d0.root 379416 [181,184,177,178,180,182,185,179,183,186]
/store/data/Run2024C/NoBPTX/RAW/v1/000/379/416/00000/ce713359-d12d-4436-8fca-e4ba04cce0a4.root 379416 [119,122,124,118,123,125,120,126,121]
/store/data/Run2024C/NoBPTX/RAW/v1/000/379/416/00000/d84e5074-3d4e-4f2b-9eea-476bc11a69bd.root 379416 [100,103,99,101,104,105,97,107,96,98,106,102]
/store/data/Run2024C/NoBPTX/RAW/v1/000/379/416/00000/da35c68c-48fd-40b9-82bf-458c94c29e80.root 379416 [81,78,80,82,79,83,85,76,84,77]
/store/data/Run2024C/NoBPTX/RAW/v1/000/379/416/00000/e6edc19c-10df-4bd9-87c7-41d0c7906886.root 379416 [139,146,137,145,140,141,142,143,138,144]
/store/data/Run2024C/NoBPTX/RAW/v1/000/379/416/00000/ef2ea08e-d30e-4a4c-8d7d-cf9da94d8a1d.root 379416 [72,67,70,71,75,69,73,68,74]
