/store/data/Run2023C/TestEnablesEcalHcal/RAW/Express-v4/000/368/489/00000/01d602ae-4578-4756-a54b-9c70e3b7a85f.root [592,587,588,593,582,589,583,585,584,581,590,586,591]
/store/data/Run2023C/TestEnablesEcalHcal/RAW/Express-v4/000/368/489/00000/02ff1584-eb36-481a-a589-ae54308a6241.root [616,615,608,611,614,606,607,609,610,613,617,612]
/store/data/Run2023C/TestEnablesEcalHcal/RAW/Express-v4/000/368/489/00000/0520473a-6110-44d7-afde-89cc6ca6abf0.root [987,985,989,991,995,983,988,990,992,984,986,993,994]
/store/data/Run2023C/TestEnablesEcalHcal/RAW/Express-v4/000/368/489/00000/06c961ac-a040-4a2c-a58f-ae5d610b2a4e.root [1170,1162,1168,1160,1164,1165,1171,1166,1163,1167,1169,1172,1161]
/store/data/Run2023C/TestEnablesEcalHcal/RAW/Express-v4/000/368/489/00000/12637887-aeac-4529-b13e-c2eb5fd0590c.root [745,747,749,751,746,752,753,748,750,755,756,754]
/store/data/Run2023C/TestEnablesEcalHcal/RAW/Express-v4/000/368/489/00000/12bf05ff-ae3c-4d68-ab4a-440bb8aa8d87.root [821,825,829,830,820,828,822,826,831,819,823,824,827]
/store/data/Run2023C/TestEnablesEcalHcal/RAW/Express-v4/000/368/489/00000/140aba84-1560-4f44-ad80-420a54defc9d.root [1186,1187]
/store/data/Run2023C/TestEnablesEcalHcal/RAW/Express-v4/000/368/489/00000/143b1f4f-9da4-4850-8cc2-415ad2c584a0.root [56,59,52,54,61,55,58,62,57,60,53,64,63]
/store/data/Run2023C/TestEnablesEcalHcal/RAW/Express-v4/000/368/489/00000/16b58292-3228-46aa-be61-3180ff5fd9d1.root [1575,1577,1578,1579,1574,1573,1571,1576,1581,1570,1572,1580,1582]
/store/data/Run2023C/TestEnablesEcalHcal/RAW/Express-v4/000/368/489/00000/1705b663-5416-4884-bce1-719adb7cbce3.root [1024,1025,1034,1023,1028,1029,1032,1027,1031,1033,1026,1030,1035]
/store/data/Run2023C/TestEnablesEcalHcal/RAW/Express-v4/000/368/489/00000/17657031-88d5-4fc7-863f-f78fe69b250c.root [771,773,775,776,777,778,769,770,774,779,780,772]
/store/data/Run2023C/TestEnablesEcalHcal/RAW/Express-v4/000/368/489/00000/1b500d15-c2af-4cd1-9963-1827fda2e323.root [1049,1054,1059,1050,1053,1057,1060,1058,1061,1055,1052,1051,1056]
/store/data/Run2023C/TestEnablesEcalHcal/RAW/Express-v4/000/368/489/00000/1c6be790-945f-4188-9314-7bb56f8ae8c0.root [669,674,678,675,677,680,671,679,670,672,673,676]
/store/data/Run2023C/TestEnablesEcalHcal/RAW/Express-v4/000/368/489/00000/23679078-6020-45ad-ac61-59c0662e6da0.root [1396,1392,1390,1391,1393,1395,1397,1399,1398,1394,1400,1401,1389]
/store/data/Run2023C/TestEnablesEcalHcal/RAW/Express-v4/000/368/489/00000/25311a95-a10b-45e7-b028-d7907a56e6b7.root [95,103,102,92,100,99,96,91,93,98,101,94,97]
/store/data/Run2023C/TestEnablesEcalHcal/RAW/Express-v4/000/368/489/00000/253ff865-1de3-435f-b95b-6c4b362a17b4.root [1207,1208,1200,1203,1206,1202,1205,1209,1211,1201,1204,1210]
/store/data/Run2023C/TestEnablesEcalHcal/RAW/Express-v4/000/368/489/00000/2661851b-4a69-4e77-ad81-8526514f991a.root [483,486,491,492,484,489,490,485,487,493,488,494]
/store/data/Run2023C/TestEnablesEcalHcal/RAW/Express-v4/000/368/489/00000/2924b4f6-29f4-43ad-b694-e7a030c8829d.root [1337,1341,1340,1336,1342,1347,1348,1343,1338,1345,1346,1339,1344]
/store/data/Run2023C/TestEnablesEcalHcal/RAW/Express-v4/000/368/489/00000/29fbd7d0-d496-42b7-abb1-30218148ed42.root [470,478,468,472,476,479,474,471,475,467,469,473,477]
/store/data/Run2023C/TestEnablesEcalHcal/RAW/Express-v4/000/368/489/00000/2aecd51b-5fcb-4281-bfeb-5f943cd017c9.root [1493,1494,1497,1492,1498,1499,1500,1490,1495,1496,1489,1491]
/store/data/Run2023C/TestEnablesEcalHcal/RAW/Express-v4/000/368/489/00000/2cd25247-38d2-47bf-8343-ee0e24e30435.root [523,525,530,521,526,519,522,529,520,524,527,528]
/store/data/Run2023C/TestEnablesEcalHcal/RAW/Express-v4/000/368/489/00000/2f23cfde-87b3-4eca-9f2f-c4081bfee7f2.root [1477,1479,1485,1488,1480,1481,1487,1478,1484,1482,1483,1486]
/store/data/Run2023C/TestEnablesEcalHcal/RAW/Express-v4/000/368/489/00000/304c2ebb-6eee-47db-9b34-98e1c8156e89.root [553,543,549,550,546,544,548,552,551,545,547,554]
/store/data/Run2023C/TestEnablesEcalHcal/RAW/Express-v4/000/368/489/00000/35aec911-064d-4e5c-a488-e6ef058eb87e.root [1425,1426,1418,1416,1420,1421,1423,1422,1415,1417,1424,1419]
/store/data/Run2023C/TestEnablesEcalHcal/RAW/Express-v4/000/368/489/00000/3736ce61-423f-49f6-bd2c-cfd1521ffdf8.root [961,959,967,963,965,969,960,964,968,970,962,966]
/store/data/Run2023C/TestEnablesEcalHcal/RAW/Express-v4/000/368/489/00000/37ec3600-31be-472f-9dd2-2ee966ba9726.root [1386,1385,1388,1387]
/store/data/Run2023C/TestEnablesEcalHcal/RAW/Express-v4/000/368/489/00000/3c9427f0-ac94-45d0-b0e0-a6a0dba83748.root [1278,1283,1282,1277,1274,1280,1273,1275,1279,1281,1284,1276,1285]
/store/data/Run2023C/TestEnablesEcalHcal/RAW/Express-v4/000/368/489/00000/3cf05e38-5b02-4bff-839c-0daaeadc09ad.root [1429,1435,1432,1427,1430,1434,1436,1438,1433,1428,1431,1437,1439]
/store/data/Run2023C/TestEnablesEcalHcal/RAW/Express-v4/000/368/489/00000/3d0063ee-c168-47e3-9242-aacfe9bc3fa2.root [537,532,541,535,534,539,540,531,536,533,538,542]
/store/data/Run2023C/TestEnablesEcalHcal/RAW/Express-v4/000/368/489/00000/41a3f70f-6062-47b6-835d-613b44f1d8f3.root [356,366,367,355,364,361,358,363,365,357,359,360,362]
/store/data/Run2023C/TestEnablesEcalHcal/RAW/Express-v4/000/368/489/00000/41ce0eec-37cb-41b1-b8a0-4d45ba38a19d.root [1111,1120,1121,1116,1112,1118,1115,1117,1113,1114,1119,1122]
/store/data/Run2023C/TestEnablesEcalHcal/RAW/Express-v4/000/368/489/00000/4210dda9-3125-499b-91d8-bed0bc80e299.root [17,20,24,14,23,16,18,15,19,21,25,22]
/store/data/Run2023C/TestEnablesEcalHcal/RAW/Express-v4/000/368/489/00000/45434d4d-4362-4b35-81a8-2daed426be59.root [1289,1292,1296,1286,1291,1298,1287,1288,1294,1290,1295,1297,1293]
/store/data/Run2023C/TestEnablesEcalHcal/RAW/Express-v4/000/368/489/00000/47f1c76f-b066-42db-9cc9-e18eb5f6e02d.root [844,845,851,855,847,850,854,846,852,849,848,853]
/store/data/Run2023C/TestEnablesEcalHcal/RAW/Express-v4/000/368/489/00000/481eab56-7fe6-4481-b582-3d815b700360.root [27,28,34,36,33,35,26,29,30,32,31,37]
/store/data/Run2023C/TestEnablesEcalHcal/RAW/Express-v4/000/368/489/00000/486849ae-e9f3-4576-ad8b-25145634d86c.root [763,765,757,759,760,762,766,758,761,764,767,768]
/store/data/Run2023C/TestEnablesEcalHcal/RAW/Express-v4/000/368/489/00000/493215e8-04d9-423b-a310-6623172ebde4.root [651,650,653,642,644,643,646,649,645,647,648,652]
/store/data/Run2023C/TestEnablesEcalHcal/RAW/Express-v4/000/368/489/00000/4c978c7c-035e-4833-b252-cab497d73391.root [155,156,154,157]
/store/data/Run2023C/TestEnablesEcalHcal/RAW/Express-v4/000/368/489/00000/4f5ae94b-5f54-4d9e-9810-44c7f923fb3c.root [1366,1361,1362,1371,1363,1368,1369,1372,1364,1365,1367,1370]
/store/data/Run2023C/TestEnablesEcalHcal/RAW/Express-v4/000/368/489/00000/516071fd-ee96-4de0-9517-aa5e2b13ebbe.root [1504,1503,1505,1501,1510,1511,1513,1512,1506,1507,1502,1508,1509]
/store/data/Run2023C/TestEnablesEcalHcal/RAW/Express-v4/000/368/489/00000/51baeb6c-70cb-4eee-ad82-59f118da29ac.root [255,256,257,247,254,252,249,253,246,248,250,251]
/store/data/Run2023C/TestEnablesEcalHcal/RAW/Express-v4/000/368/489/00000/52c9ef1a-f195-47e5-ada9-4af86f91158d.root [1263,1264,1269,1271,1268,1270,1265,1267,1260,1262,1266,1261,1272]
/store/data/Run2023C/TestEnablesEcalHcal/RAW/Express-v4/000/368/489/00000/5349155d-2244-44cb-a672-512e27b90ddd.root [216,207,212,219,214,217,210,213,215,208,209,218,211]
/store/data/Run2023C/TestEnablesEcalHcal/RAW/Express-v4/000/368/489/00000/54338107-5001-4dc7-9826-4eb6f30127cc.root [407,411,414,406,408,412,409,415,405,410,413,416]
/store/data/Run2023C/TestEnablesEcalHcal/RAW/Express-v4/000/368/489/00000/582e7d70-1332-47ad-bdc2-d85e26c848ee.root [896,898,906,899,901,907,903,904,905,897,900,902]
/store/data/Run2023C/TestEnablesEcalHcal/RAW/Express-v4/000/368/489/00000/5dc1b9e4-f36e-411b-b8a2-18e2c10f55f9.root [693,683,685,681,688,691,692,682,684,686,687,690,689]
/store/data/Run2023C/TestEnablesEcalHcal/RAW/Express-v4/000/368/489/00000/5fa0f1da-e98d-430e-b1c0-79d311fd0b2f.root [1218,1216,1217,1219,1222,1213,1215,1223,1212,1221,1214,1220]
/store/data/Run2023C/TestEnablesEcalHcal/RAW/Express-v4/000/368/489/00000/617d7ffe-376f-493b-aee7-90f81a1feee3.root [781,783,787,791,782,784,786,789,790,785,788,792]
/store/data/Run2023C/TestEnablesEcalHcal/RAW/Express-v4/000/368/489/00000/62a0e2d3-51c6-4cf0-8abd-c633b606ffd5.root [503,505,495,499,501,502,496,500,506,497,498,504]
/store/data/Run2023C/TestEnablesEcalHcal/RAW/Express-v4/000/368/489/00000/6c051918-406d-48ee-bfea-b389ae8a10ad.root [628,623,627,621,618,619,622,624,626,629,620,625]
/store/data/Run2023C/TestEnablesEcalHcal/RAW/Express-v4/000/368/489/00000/6c184b89-05b1-48bb-8808-f18924d28671.root [417,420,426,422,423,427,428,424,425,418,421,419]
/store/data/Run2023C/TestEnablesEcalHcal/RAW/Express-v4/000/368/489/00000/70f54a21-41e9-4466-8657-b6783e8f0d9c.root [1382,1383,1374,1377,1384,1375,1373,1376,1379,1380,1378,1381]
/store/data/Run2023C/TestEnablesEcalHcal/RAW/Express-v4/000/368/489/00000/766c8c66-5a64-4308-8d65-d3660ba16d79.root [144,148,149,152,145,150,151,142,143,147,146,153]
/store/data/Run2023C/TestEnablesEcalHcal/RAW/Express-v4/000/368/489/00000/783339de-e6b6-4367-883a-ff87273fbb55.root [1300,1304,1307,1310,1311,1301,1306,1303,1305,1308,1309,1299,1302]
/store/data/Run2023C/TestEnablesEcalHcal/RAW/Express-v4/000/368/489/00000/790094a4-ed2f-4170-9545-51d41622083a.root [190,184,186,187,193,188,189,192,183,185,191,194]
/store/data/Run2023C/TestEnablesEcalHcal/RAW/Express-v4/000/368/489/00000/798db5ba-7b91-4b98-8cfb-8efdea31e3f9.root [1124,1128,1132,1134,1125,1133,1127,1130,1131,1126,1129,1123]
/store/data/Run2023C/TestEnablesEcalHcal/RAW/Express-v4/000/368/489/00000/7ae75ef6-a827-49e8-b3cb-04fe7d1bfe88.root [381,385,388,389,386,387,382,380,383,390,391,384]
/store/data/Run2023C/TestEnablesEcalHcal/RAW/Express-v4/000/368/489/00000/7cc5a619-0fee-40a6-9f09-33f87a43d543.root [74,71,73,76,65,66,67,70,72,77,69,68,75]
/store/data/Run2023C/TestEnablesEcalHcal/RAW/Express-v4/000/368/489/00000/7f2a5750-4be3-4e29-aee3-ba0b925ff431.root [723,731,721,722,726,728,725,730,724,729,727,732]
/store/data/Run2023C/TestEnablesEcalHcal/RAW/Express-v4/000/368/489/00000/824aa314-bfb7-4f53-bf83-257b8d4cf93c.root [1191,1194,1196,1190,1188,1198,1189,1199,1193,1192,1195,1197]
/store/data/Run2023C/TestEnablesEcalHcal/RAW/Express-v4/000/368/489/00000/8383d2f8-85ef-4bcb-975f-503305a19261.root [372,370,377,371,378,368,369,375,376,379,374,373]
/store/data/Run2023C/TestEnablesEcalHcal/RAW/Express-v4/000/368/489/00000/877e3c71-7dde-482d-bb96-d733e9e36804.root [259,265,266,267,268,258,261,264,260,262,263,269]
/store/data/Run2023C/TestEnablesEcalHcal/RAW/Express-v4/000/368/489/00000/87937d13-7382-4bdc-88d2-f9530e1f72b8.root [235,237,239,242,244,243,236,240,233,234,238,241,245]
/store/data/Run2023C/TestEnablesEcalHcal/RAW/Express-v4/000/368/489/00000/886d8441-04dd-4795-94ea-a779812f6647.root [662,665,659,666,664,667,668,657,660,663,658,661]
/store/data/Run2023C/TestEnablesEcalHcal/RAW/Express-v4/000/368/489/00000/89aebd0e-997a-405c-bed8-8ed8279e89ee.root [1138,1141,1136,1146,1137,1143,1145,1135,1139,1142,1140,1144]
/store/data/Run2023C/TestEnablesEcalHcal/RAW/Express-v4/000/368/489/00000/8af8399b-7986-4ff3-9b0d-06943759fd7a.root [1404,1411,1403,1407,1408,1410,1406,1412,1414,1402,1405,1409,1413]
/store/data/Run2023C/TestEnablesEcalHcal/RAW/Express-v4/000/368/489/00000/8baa4405-5971-4cf9-9977-b65fd029e057.root [1514,1524,1515,1518,1520,1521,1522,1526,1517,1519,1516,1523,1525]
/store/data/Run2023C/TestEnablesEcalHcal/RAW/Express-v4/000/368/489/00000/8c343d17-4e7a-416c-aba0-ddf527d6db8e.root [402,403,401,398,392,393,404,396,400,395,394,397,399]
/store/data/Run2023C/TestEnablesEcalHcal/RAW/Express-v4/000/368/489/00000/91abb7b4-9330-4d01-a1a8-52b5d5b6db1a.root [942,937,935,943,934,940,936,938,941,944,939,946,945]
/store/data/Run2023C/TestEnablesEcalHcal/RAW/Express-v4/000/368/489/00000/91f91272-40b7-49b9-b2cc-dec884e7852e.root [346,354,347,352,349,350,353,348,351]
/store/data/Run2023C/TestEnablesEcalHcal/RAW/Express-v4/000/368/489/00000/9259fed7-92b3-4d2c-ab06-aeca3b2a69fc.root [814,818,813,806,816,810,817,815,808,807,809,811,812]
/store/data/Run2023C/TestEnablesEcalHcal/RAW/Express-v4/000/368/489/00000/94341402-aa2f-488c-ae71-95fa693a9d21.root [459,461,454,465,464,458,457,460,463,455,456,462,466]
/store/data/Run2023C/TestEnablesEcalHcal/RAW/Express-v4/000/368/489/00000/948b7890-5ac7-4ba8-8743-a50cd1337b10.root [698,697,702,705,694,700,701,704,707,695,703,706,696,699]
/store/data/Run2023C/TestEnablesEcalHcal/RAW/Express-v4/000/368/489/00000/96729b03-d71e-4951-bbcd-6d32006adcf3.root [1459,1461,1452,1460,1464,1453,1463,1454,1456,1462,1457,1458,1455]
/store/data/Run2023C/TestEnablesEcalHcal/RAW/Express-v4/000/368/489/00000/97f4d576-e7c1-45e6-b5f4-b98917eddd5f.root [117,125,119,120,127,128,121,122,123,118,124,126,129]
/store/data/Run2023C/TestEnablesEcalHcal/RAW/Express-v4/000/368/489/00000/9ba3e480-b15a-41e4-a25c-5432c57270f5.root [1075,1076,1078,1083,1082,1084,1077,1085,1086,1079,1081,1080]
/store/data/Run2023C/TestEnablesEcalHcal/RAW/Express-v4/000/368/489/00000/9d947fbd-f5d5-4275-81c0-2a7b27016a8b.root [1552,1547,1556,1550,1551,1554,1553,1555,1548,1546,1549,1557]
/store/data/Run2023C/TestEnablesEcalHcal/RAW/Express-v4/000/368/489/00000/9f3b69fa-8e36-40dd-a465-ee52f700268b.root [510,507,511,512,516,514,509,515,517,508,513,518]
/store/data/Run2023C/TestEnablesEcalHcal/RAW/Express-v4/000/368/489/00000/a0103344-3d49-4c89-9c22-caf181bb4fb0.root [50,41,43,49,51,38,44,47,42,39,45,46,40,48]
/store/data/Run2023C/TestEnablesEcalHcal/RAW/Express-v4/000/368/489/00000/a3e698a7-a58a-44ed-9a8e-9d1b05fadd8f.root [1017,1012,1013,1014,1015,1008,1010,1016,1011,1009,1018,1019]
/store/data/Run2023C/TestEnablesEcalHcal/RAW/Express-v4/000/368/489/00000/a740ba8f-8d21-4ec3-a543-2f70e1b0e7dc.root [600,604,595,602,603,594,597,598,601,599,596,605]
/store/data/Run2023C/TestEnablesEcalHcal/RAW/Express-v4/000/368/489/00000/a7d7d7d4-2d6b-427e-863f-9c4279af5e6e.root [231,228,221,232,227,220,223,230,222,225,226,224,229]
/store/data/Run2023C/TestEnablesEcalHcal/RAW/Express-v4/000/368/489/00000/a811c162-931d-4b31-be43-66bc5e2bae66.root [1063,1066,1067,1069,1071,1072,1064,1065,1073,1074,1068,1070,1062]
/store/data/Run2023C/TestEnablesEcalHcal/RAW/Express-v4/000/368/489/00000/a8b1a090-f554-4dc6-90d6-341d3c455b6f.root [630,633,641,636,631,639,634,638,640,635,637,632]
/store/data/Run2023C/TestEnablesEcalHcal/RAW/Express-v4/000/368/489/00000/a9b1932a-c781-4201-997d-6bd407930093.root [575,579,571,573,576,570,572,574,578,580,568,569,577]
/store/data/Run2023C/TestEnablesEcalHcal/RAW/Express-v4/000/368/489/00000/aab3b5c3-0808-412d-a055-8af00fd31465.root [975,977,978,980,982,972,976,971,974,979,973,981]
/store/data/Run2023C/TestEnablesEcalHcal/RAW/Express-v4/000/368/489/00000/abadcbfb-0f1d-4a72-80a7-b32a9a074a85.root [272,271,276,278,280,273,277,270,274,275,279,281]
/store/data/Run2023C/TestEnablesEcalHcal/RAW/Express-v4/000/368/489/00000/b3649a27-2e9e-456c-8e16-32eacbb1433c.root [1561,1558,1568,1559,1567,1563,1564,1565,1566,1562,1560,1569]
/store/data/Run2023C/TestEnablesEcalHcal/RAW/Express-v4/000/368/489/00000/b3cb9a08-fff7-461a-8a87-e5a041da9237.root [1468,1472,1474,1476,1469,1471,1466,1467,1475,1470,1465,1473]
/store/data/Run2023C/TestEnablesEcalHcal/RAW/Express-v4/000/368/489/00000/b3d715bd-eeac-4a4a-88a2-d2fbce1743b2.root [1105,1102,1103,1099,1101,1108,1100,1104,1110,1107,1106,1109]
/store/data/Run2023C/TestEnablesEcalHcal/RAW/Express-v4/000/368/489/00000/b3e548ba-dd18-4c40-9033-0ccae6fc4960.root [996,1001,1006,1000,1002,1004,999,998,1003,997,1005,1007]
/store/data/Run2023C/TestEnablesEcalHcal/RAW/Express-v4/000/368/489/00000/b3e70b49-f7bd-434f-87ae-a7a8cea404c6.root [1595,1597,1599,1602,1604,1596,1601,1605,1598,1600,1603]
/store/data/Run2023C/TestEnablesEcalHcal/RAW/Express-v4/000/368/489/00000/b41cf728-e3fa-4db8-9f95-ac8a6d2a6936.root [284,289,290,293,287,291,294,283,292,282,285,286,288]
/store/data/Run2023C/TestEnablesEcalHcal/RAW/Express-v4/000/368/489/00000/b65b5e5b-2e7b-417c-8f76-8858d76d0f1d.root [6,7,9,4,8,10,2,5,12,13,1,3,11]
/store/data/Run2023C/TestEnablesEcalHcal/RAW/Express-v4/000/368/489/00000/b6bb490f-05c0-4f2e-aec4-663b1c8a2919.root [834,836,843,839,832,841,842,835,837,840,833,838]
/store/data/Run2023C/TestEnablesEcalHcal/RAW/Express-v4/000/368/489/00000/b834b1df-4d47-4680-a052-e97e4b3e2754.root [200,205,206,196,197,199,202,198,204,195,201,203]
/store/data/Run2023C/TestEnablesEcalHcal/RAW/Express-v4/000/368/489/00000/b9aa6ed8-4e16-44cb-8fc3-02a73b460f3e.root [928,924,930,931,922,925,926,932,921,927,929,933,923]
/store/data/Run2023C/TestEnablesEcalHcal/RAW/Express-v4/000/368/489/00000/ba4e7ede-8d3b-4cf9-8872-1de003afcaa2.root [876,881,872,874,880,875,878,877,879,882,871,883,873]
/store/data/Run2023C/TestEnablesEcalHcal/RAW/Express-v4/000/368/489/00000/ba76538a-a7de-40a0-91a0-eb4b15e9641d.root [181,172,173,177,178,176,171,175,180,179,174,182]
/store/data/Run2023C/TestEnablesEcalHcal/RAW/Express-v4/000/368/489/00000/be45d67d-2c6f-438f-a862-4060874285df.root [429,440,434,431,435,438,433,430,432,437,439,436]
/store/data/Run2023C/TestEnablesEcalHcal/RAW/Express-v4/000/368/489/00000/c0fc1282-f4e9-423f-82f7-9c760129c27f.root [1253,1258,1259,1248,1252,1254,1257,1251,1256,1255,1249,1250]
/store/data/Run2023C/TestEnablesEcalHcal/RAW/Express-v4/000/368/489/00000/c163c9a2-713c-4b5b-96c3-923b51800059.root [79,87,78,90,86,88,84,81,83,80,85,82,89]
/store/data/Run2023C/TestEnablesEcalHcal/RAW/Express-v4/000/368/489/00000/c16f5b61-c9ef-4d71-bc34-baec929572db.root [1535,1531,1538,1528,1536,1537,1527,1533,1529,1532,1530,1539,1534]
/store/data/Run2023C/TestEnablesEcalHcal/RAW/Express-v4/000/368/489/00000/c3adcb91-51cc-4111-8d52-8084c07adec6.root [1240,1242,1238,1244,1241,1236,1239,1243,1245,1237,1246,1247]
/store/data/Run2023C/TestEnablesEcalHcal/RAW/Express-v4/000/368/489/00000/c6b29969-0321-4072-882a-30ab6056ed08.root [710,715,716,709,720,708,714,719,712,711,713,717,718]
/store/data/Run2023C/TestEnablesEcalHcal/RAW/Express-v4/000/368/489/00000/ca5c5d9b-1962-4f3a-83b7-095634192e89.root [890,891,884,887,893,885,889,894,888,892,895,886]
/store/data/Run2023C/TestEnablesEcalHcal/RAW/Express-v4/000/368/489/00000/cca743eb-b1bf-410b-a70e-3afe840a73ff.root [298,299,301,303,306,295,300,302,305,297,304,296,307]
/store/data/Run2023C/TestEnablesEcalHcal/RAW/Express-v4/000/368/489/00000/ccdad90d-1a46-46d8-b9e2-a6202bf68133.root [325,322,324,323,326,327,320,321,330,328,329,331,332]
/store/data/Run2023C/TestEnablesEcalHcal/RAW/Express-v4/000/368/489/00000/ce8bd9e3-0527-4ff4-845e-1c16b3ced11a.root [1440,1445,1443,1446,1442,1444,1448,1450,1447,1441,1449,1451]
/store/data/Run2023C/TestEnablesEcalHcal/RAW/Express-v4/000/368/489/00000/d1282d03-7d84-4004-93a3-5d5a8ce14de1.root [1329,1335,1328,1332,1327,1324,1325,1326,1331,1334,1330,1333]
/store/data/Run2023C/TestEnablesEcalHcal/RAW/Express-v4/000/368/489/00000/d5032c46-2c4c-4e7b-a290-dc70cc2a4426.root [106,112,109,114,107,108,104,105,110,113,111,115,116]
/store/data/Run2023C/TestEnablesEcalHcal/RAW/Express-v4/000/368/489/00000/d5d0e9fd-47ee-4bfd-8bc0-15550738f3cc.root [949,951,947,953,958,948,950,956,957,952,954,955]
/store/data/Run2023C/TestEnablesEcalHcal/RAW/Express-v4/000/368/489/00000/d7136974-b944-459c-87b2-1b1dde54824a.root [656,654,655]
/store/data/Run2023C/TestEnablesEcalHcal/RAW/Express-v4/000/368/489/00000/d9c6bb9b-3474-4edc-a337-5d0d6397ae27.root [339,342,336,333,344,345,335,343,337,338,334,340,341]
/store/data/Run2023C/TestEnablesEcalHcal/RAW/Express-v4/000/368/489/00000/dbde7f50-87db-446f-877b-8969a4fc139e.root [1182,1173,1185,1179,1181,1175,1177,1178,1180,1183,1184,1174,1176]
/store/data/Run2023C/TestEnablesEcalHcal/RAW/Express-v4/000/368/489/00000/dddcf273-584d-43b6-a2cd-b8b2007369c5.root [864,863,867,860,866,870,859,862,865,869,861,868]
/store/data/Run2023C/TestEnablesEcalHcal/RAW/Express-v4/000/368/489/00000/df2326de-d38b-4931-8993-885988306ed1.root [1098,1089,1094,1096,1088,1091,1087,1090,1092,1093,1095,1097]
/store/data/Run2023C/TestEnablesEcalHcal/RAW/Express-v4/000/368/489/00000/e0271be4-fbc3-4d57-863b-a33148bf43b6.root [856,857,858]
/store/data/Run2023C/TestEnablesEcalHcal/RAW/Express-v4/000/368/489/00000/e0c5b8c6-e864-49c5-a80a-c162b6423ec1.root [1022,1020,1021]
/store/data/Run2023C/TestEnablesEcalHcal/RAW/Express-v4/000/368/489/00000/e0dddfb0-6e41-464b-bb59-890c46efc359.root [310,314,315,312,309,313,319,308,311,316,317,318]
/store/data/Run2023C/TestEnablesEcalHcal/RAW/Express-v4/000/368/489/00000/e102ec4e-bd9d-40d5-bd43-c7b41f7f9b64.root [441,451,444,453,446,447,450,443,448,442,445,449,452]
/store/data/Run2023C/TestEnablesEcalHcal/RAW/Express-v4/000/368/489/00000/e14a0ddf-285a-47d2-884e-512cf81d340f.root [561,565,558,559,566,555,562,567,556,557,564,563,560]
/store/data/Run2023C/TestEnablesEcalHcal/RAW/Express-v4/000/368/489/00000/e2fe2480-0f10-4a58-8e5b-3c51b919c016.root [1352,1356,1351,1353,1359,1350,1360,1357,1358,1349,1354,1355]
/store/data/Run2023C/TestEnablesEcalHcal/RAW/Express-v4/000/368/489/00000/e7979260-f21c-483e-b695-03a48e9f17e2.root [130,133,137,138,141,132,135,131,134,140,139,136]
/store/data/Run2023C/TestEnablesEcalHcal/RAW/Express-v4/000/368/489/00000/e818cd28-462f-4f38-9542-e9813c510e7c.root [796,799,801,802,794,793,797,800,804,798,803,805,795]
/store/data/Run2023C/TestEnablesEcalHcal/RAW/Express-v4/000/368/489/00000/ea86195a-237e-4c70-a9c6-9ad38e3b72ff.root [481,480,482]
/store/data/Run2023C/TestEnablesEcalHcal/RAW/Express-v4/000/368/489/00000/ead08391-055d-4f2f-8254-5b96614282f5.root [1042,1043,1046,1047,1048,1037,1040,1045,1041,1036,1039,1044,1038]
/store/data/Run2023C/TestEnablesEcalHcal/RAW/Express-v4/000/368/489/00000/ed1834b0-f6c2-4cd2-9878-0db1b97f7d8b.root [1584,1586,1587,1591,1583,1593,1594,1589,1590,1585,1592,1588]
/store/data/Run2023C/TestEnablesEcalHcal/RAW/Express-v4/000/368/489/00000/f543069b-53ee-4577-83fa-9f240889b04c.root [1321,1322,1315,1323,1313,1319,1320,1316,1318,1312,1314,1317]
/store/data/Run2023C/TestEnablesEcalHcal/RAW/Express-v4/000/368/489/00000/f96b2509-4c48-4b5e-9c97-b1c6884409bd.root [162,169,165,159,163,168,164,166,158,167,160,161,170]
/store/data/Run2023C/TestEnablesEcalHcal/RAW/Express-v4/000/368/489/00000/fc2edac3-5589-4e98-b0a3-267b69be25c1.root [1154,1155,1159,1151,1152,1147,1158,1149,1150,1156,1157,1148,1153]
/store/data/Run2023C/TestEnablesEcalHcal/RAW/Express-v4/000/368/489/00000/ff27f72f-806e-4fb7-b1ac-1f78601200fa.root [1540,1544,1541,1542,1543,1545]
/store/data/Run2023C/TestEnablesEcalHcal/RAW/Express-v4/000/368/489/00000/ff542ba3-9b39-4afb-9edd-3b1e0dda6a70.root [910,911,912,918,916,920,909,908,914,915,917,913,919]
/store/data/Run2023C/TestEnablesEcalHcal/RAW/Express-v4/000/368/489/00000/ffbd9838-5ca2-46a5-ae43-191f5cdec365.root [1230,1232,1234,1224,1231,1233,1226,1227,1225,1229,1235,1228]
/store/data/Run2023C/TestEnablesEcalHcal/RAW/Express-v4/000/368/489/00000/fffe1d24-45ae-4b08-b55e-65db6b3a3afe.root [744,740,733,737,735,736,742,743,734,738,739,741]
