/store/data/Run2022C/DisplacedJet/RAW/v1/000/356/381/00000/00469c33-8d90-4def-a44b-dda4412b2c7c.root [267,265,271,269,266,270,272,263,264,268]
/store/data/Run2022C/DisplacedJet/RAW/v1/000/356/381/00000/01b8867f-2718-49f4-a7f7-b1d6100dce13.root [616,620,605,607,608,610,612,617,606,614,618,611,619,609,613,615]
/store/data/Run2022C/DisplacedJet/RAW/v1/000/356/381/00000/058303ad-39dc-4656-b875-c681e4758c49.root [348,343,345,347,341,342,344,340,346,349,339]
/store/data/Run2022C/DisplacedJet/RAW/v1/000/356/381/00000/06247b31-05e5-4a1f-8888-2c0649bde436.root [445,444,450,451,440,441,442,449,446,448,447,452,443]
/store/data/Run2022C/DisplacedJet/RAW/v1/000/356/381/00000/144e5ac2-a950-41c1-a4d3-7eea7338e607.root [66,67,69,65,64,68,70]
/store/data/Run2022C/DisplacedJet/RAW/v1/000/356/381/00000/1522a2af-28df-4c32-88ba-f92ea71b26e3.root [791,797,802,803,808,809,801,794,795,804,789,792,796,805,807,798,799,790,793,800,810,806]
/store/data/Run2022C/DisplacedJet/RAW/v1/000/356/381/00000/173d8340-8115-4ee1-9f7f-faea5abfe360.root [896,888,877,889,890,891,892,895,879,881,878,884,885,897,880,882,883,886,893,887,894,898]
/store/data/Run2022C/DisplacedJet/RAW/v1/000/356/381/00000/1877fda0-02e9-4879-894c-160d60cc01dd.root [108,102,103,106,104,105,109,110,107]
/store/data/Run2022C/DisplacedJet/RAW/v1/000/356/381/00000/2021e278-f7ac-47ac-8029-601286033129.root [384,386,376,377,375,382,381,378,380,385,379,383]
/store/data/Run2022C/DisplacedJet/RAW/v1/000/356/381/00000/23ae09eb-2b95-49a4-a2d8-f58dec703bfe.root [595,601,602,589,594,590,599,603,591,598,597,600,604,592,593,596]
/store/data/Run2022C/DisplacedJet/RAW/v1/000/356/381/00000/261e3e47-c3ea-4d15-9c7c-cc99dc0c6436.root [756,767,754,755,757,759,760,749,762,763,766,752,753,761,765,764,768,750,751,758]
/store/data/Run2022C/DisplacedJet/RAW/v1/000/356/381/00000/306b413f-fa61-403b-a2cf-230e5e46abdb.root [129,134,128,133,130,131,127,132]
/store/data/Run2022C/DisplacedJet/RAW/v1/000/356/381/00000/30d7a0ee-74ee-442d-803e-0aa4a352b766.root [206,205,210,213,212,207,209,211,208]
/store/data/Run2022C/DisplacedJet/RAW/v1/000/356/381/00000/312e376e-21dc-4667-a569-02d8d54d8857.root [855,858,856,860,864,869,870,859,863,867,868,857,875,862,871,873,874,876,865,866,861,872]
/store/data/Run2022C/DisplacedJet/RAW/v1/000/356/381/00000/3b3b3278-03c5-4cd1-998d-9a0de476ed04.root [814,816,823,820,831,813,819,822,824,827,828,826,812,821,825,829,811,818,830,832,815,817]
/store/data/Run2022C/DisplacedJet/RAW/v1/000/356/381/00000/3e913f6c-1d12-443b-9478-d9caac324d42.root [512,513,519,520,511,516,518,523,510,521,522,524,514,515,517,509]
/store/data/Run2022C/DisplacedJet/RAW/v1/000/356/381/00000/40fdb867-09af-468d-a50d-3eb13edad0e5.root [902,907,909,915,908,912,916,917,899,910,918,900,911,914,919,920,904,921,906,913,901,903,922,905]
/store/data/Run2022C/DisplacedJet/RAW/v1/000/356/381/00000/426c04ae-0038-4ea5-b3e3-69efefd22edd.root [480,477,479,467,469,476,475,471,473,468,472,474,478,470]
/store/data/Run2022C/DisplacedJet/RAW/v1/000/356/381/00000/4306b355-523d-4f90-9f15-a254ace393a0.root [26,28,25,22,23,24,27]
/store/data/Run2022C/DisplacedJet/RAW/v1/000/356/381/00000/44aeb939-9db8-4dd9-82e3-325bfbe07a30.root [984,974,975,991,985,986,987,994,979,988,971,977,983,972,976,990,973,978,980,981,982,989,992,993]
/store/data/Run2022C/DisplacedJet/RAW/v1/000/356/381/00000/47305836-8a8e-4732-a36f-28309b91cf6d.root [1005,998,1000,1003,1008,1018,1021,1002,1006,1010,1004,1019,1020,996,1016,1017,1001,995,1007,1011,1012,1013,1014,1015,997,999,1009]
/store/data/Run2022C/DisplacedJet/RAW/v1/000/356/381/00000/4b6d50f9-e965-4d53-8a2e-1a8649e46b7b.root [273,278,282,283,275,281,274,277,279,280,276]
/store/data/Run2022C/DisplacedJet/RAW/v1/000/356/381/00000/519f2cb3-7d3d-4842-b37a-f0354b22666b.root [52,56,51,53,50,54,55]
/store/data/Run2022C/DisplacedJet/RAW/v1/000/356/381/00000/547ae223-323e-4c98-aceb-b5d40567cbad.root [537,532,525,527,531,534,533,535,538,529,528,530,536,540,526,539]
/store/data/Run2022C/DisplacedJet/RAW/v1/000/356/381/00000/6058153e-d7a6-4f6d-a9b0-26ddc076bfd9.root [1191,1193,1190,1192]
/store/data/Run2022C/DisplacedJet/RAW/v1/000/356/381/00000/61f0d8bd-8da4-4ca5-a381-ffed90724187.root [368,370,372,365,366,374,364,369,373,362,363,371,367]
/store/data/Run2022C/DisplacedJet/RAW/v1/000/356/381/00000/62251930-59df-4ee6-a1a4-e6610479dad8.root [838,843,844,845,836,842,834,848,851,835,840,852,837,839,841,847,850,833,846,849,853,854]
/store/data/Run2022C/DisplacedJet/RAW/v1/000/356/381/00000/664f467c-0b25-4ea9-b52b-1302b8849d0e.root [398,390,391,387,394,388,389,392,393,399,395,396,397]
/store/data/Run2022C/DisplacedJet/RAW/v1/000/356/381/00000/7433bdd6-fd89-4588-be78-b00c7c6290df.root [58,59,61,57,63,60,62]
/store/data/Run2022C/DisplacedJet/RAW/v1/000/356/381/00000/744b41f1-641c-4c61-b667-85ba219f9ba5.root [495,497,503,504,506,496,501,502,505,507,498,499,500,508]
/store/data/Run2022C/DisplacedJet/RAW/v1/000/356/381/00000/757d51cf-328a-49a9-944b-452b4d084037.root [36,38,41,37,39,40,42]
/store/data/Run2022C/DisplacedJet/RAW/v1/000/356/381/00000/7d0d664e-a9a1-4f75-8f11-25585e58dbef.root [201,199,203,202,200,197,196,204,198]
/store/data/Run2022C/DisplacedJet/RAW/v1/000/356/381/00000/7e8f1c7c-538d-41ca-828a-01e2a58c6b63.root [84,80,82,85,79,81,78,83]
/store/data/Run2022C/DisplacedJet/RAW/v1/000/356/381/00000/7e973b2c-59f9-4211-a706-1dba442e756c.root [138,135,141,139,137,140,142,136,143]
/store/data/Run2022C/DisplacedJet/RAW/v1/000/356/381/00000/7e9f57b1-b671-4b1a-9f3c-ada313427d7e.root [729,730,740,736,732,734,747,733,742,744,745,731,746,748,738,739,743,735,737,741]
/store/data/Run2022C/DisplacedJet/RAW/v1/000/356/381/00000/80907e39-b961-401a-a563-acc1ce4647be.root [625,636,623,637,638,632,622,627,624,626,628,630,633,634,635,621,629,631]
/store/data/Run2022C/DisplacedJet/RAW/v1/000/356/381/00000/80b9a5fd-eac7-4eb1-aae4-097a0059ea85.root [191,192,190,193,188,195,189,187,194]
/store/data/Run2022C/DisplacedJet/RAW/v1/000/356/381/00000/81075a98-2ed8-4ac3-a4d5-dbb85c09c590.root [434,430,432,438,429,435,439,426,427,437,428,433,436,431]
/store/data/Run2022C/DisplacedJet/RAW/v1/000/356/381/00000/82ce98e1-2b29-4dcd-ae08-edf6454b83cf.root [1078,1084,1086,1088,1097,1087,1089,1095,1077,1083,1093,1098,1076,1092,1094,1090,1099,1079,1082,1096,1100,1101,1102,1080,1081,1085,1091]
/store/data/Run2022C/DisplacedJet/RAW/v1/000/356/381/00000/84e67946-1247-4204-9cca-df60a83162f2.root [121,122,124,126,123,119,120,125]
/store/data/Run2022C/DisplacedJet/RAW/v1/000/356/381/00000/85448ecb-24ae-4303-85d5-26f70c319991.root [314,306,308,309,311,307,310,313,305,312,315]
/store/data/Run2022C/DisplacedJet/RAW/v1/000/356/381/00000/867f2c5e-7754-479c-b1a2-fbefe4b2b323.root [668,672,660,664,665,673,659,662,670,671,658,666,669,667,661,663,657,674]
/store/data/Run2022C/DisplacedJet/RAW/v1/000/356/381/00000/884dd404-0e1c-4728-8489-05886b885aad.root [214,218,215,216,221,222,217,219,220]
/store/data/Run2022C/DisplacedJet/RAW/v1/000/356/381/00000/8be64fa8-93e8-4bee-a960-dcd2a9434a70.root [226,230,232,224,229,227,231,223,228,225]
/store/data/Run2022C/DisplacedJet/RAW/v1/000/356/381/00000/8c14a101-9ab4-46ba-a596-4f5d003a0dec.root [405,408,403,410,401,411,406,407,400,404,409,402,412]
/store/data/Run2022C/DisplacedJet/RAW/v1/000/356/381/00000/8db42dc0-90e5-41a5-a265-22b739e04ed1.root [772,781,787,786,773,776,788,769,770,771,775,779,780,783,785,782,784,774,777,778]
/store/data/Run2022C/DisplacedJet/RAW/v1/000/356/381/00000/8fc85c53-7742-4bd1-bbe2-571dd0d27189.root [245,247,249,252,250,251,246,244,248,243]
/store/data/Run2022C/DisplacedJet/RAW/v1/000/356/381/00000/90f86a88-1969-48c6-b5c9-9e60f0217c54.root [254,261,262,258,253,260,256,255,257,259]
/store/data/Run2022C/DisplacedJet/RAW/v1/000/356/381/00000/91ce34d6-92d6-4bd7-83a5-236dcedfb5bb.root [31,35,30,32,29,34,33]
/store/data/Run2022C/DisplacedJet/RAW/v1/000/356/381/00000/96b119fa-0b65-4bd2-8007-10d5a765ebb0.root [17,16,20,15,18,21,19]
/store/data/Run2022C/DisplacedJet/RAW/v1/000/356/381/00000/99269f9e-6007-4465-b43f-8d1f928edde8.root [678,681,683,684,691,685,686,677,687,679,690,692,675,688,689,676,680,682]
/store/data/Run2022C/DisplacedJet/RAW/v1/000/356/381/00000/9a8f54a4-b87e-42bf-b353-6beeda4f532f.root [168,164,160,163,167,162,166,161,165]
/store/data/Run2022C/DisplacedJet/RAW/v1/000/356/381/00000/a0ebe8fc-d00b-4c07-a7e7-c202b8cc8dc2.root [114,117,116,111,113,115,118,112]
/store/data/Run2022C/DisplacedJet/RAW/v1/000/356/381/00000/a1568412-02ad-4743-a5b8-b397360e6121.root [100,99,101,94,98,97,95,96]
/store/data/Run2022C/DisplacedJet/RAW/v1/000/356/381/00000/a64f0475-dc23-4121-a32a-f2c9dc93c273.root [704,705,706,695,709,697,694,699,702,707,708,696,693,698,701,700,703,710]
/store/data/Run2022C/DisplacedJet/RAW/v1/000/356/381/00000/a683626e-9984-465d-8b3a-fb27aa96f1d7.root [1039,1043,1034,1038,1041,1042,1022,1027,1036,1037,1044,1045,1023,1026,1035,1030,1046,1028,1031,1032,1040,1047,1024,1029,1033,1048,1025]
/store/data/Run2022C/DisplacedJet/RAW/v1/000/356/381/00000/a6bb09dd-6c57-4886-aa5e-6a45563dbd72.root [554,542,548,546,553,544,541,555,543,551,547,550,545,549,552,556]
/store/data/Run2022C/DisplacedJet/RAW/v1/000/356/381/00000/aca5cdf9-f29d-418d-beb3-22efe388923a.root [2,5,7,1,3,4,6]
/store/data/Run2022C/DisplacedJet/RAW/v1/000/356/381/00000/b1232922-2064-43d3-bcdf-bc1cec877935.root [643,649,656,640,654,645,646,650,639,641,642,644,653,655,647,648,651,652]
/store/data/Run2022C/DisplacedJet/RAW/v1/000/356/381/00000/b1cbbf75-8c89-43db-8f95-5316018e30e2.root [317,318,320,326,321,323,324,322,316,319,325]
/store/data/Run2022C/DisplacedJet/RAW/v1/000/356/381/00000/b43fc3a3-ad85-4fa9-b821-90836866581f.root [1169,1171,1173,1177,1180,1182,1162,1176,1185,1187,1164,1167,1189,1170,1172,1174,1178,1160,1168,1179,1184,1161,1166,1181,1183,1186,1188,1163,1165,1175]
/store/data/Run2022C/DisplacedJet/RAW/v1/000/356/381/00000/b5d94c2b-cfef-483d-8280-916c620bcf28.root [459,458,462,460,465,466,456,457,454,455,461,463,464,453]
/store/data/Run2022C/DisplacedJet/RAW/v1/000/356/381/00000/b7ef3731-3ecf-4e45-a7e3-f25d34c0ffbc.root [148,150,151,149,144,146,147,145]
/store/data/Run2022C/DisplacedJet/RAW/v1/000/356/381/00000/b9dcc0ec-9c2e-461d-85c9-ab537a09a123.root [575,581,578,580,586,587,577,584,585,574,576,588,573,579,582,583]
/store/data/Run2022C/DisplacedJet/RAW/v1/000/356/381/00000/baa7df47-8be7-4dbd-b05d-39e6cfff3770.root [1110,1111,1109,1127,1129,1108,1117,1120,1123,1124,1125,1126,1106,1115,1116,1103,1104,1105,1119,1113,1118,1122,1112,1121,1107,1114,1128]
/store/data/Run2022C/DisplacedJet/RAW/v1/000/356/381/00000/bc1f4e6a-3ce0-4d34-bd24-1a627c3fcdae.root [74,77,73,75,71,76,72]
/store/data/Run2022C/DisplacedJet/RAW/v1/000/356/381/00000/bd0cfd77-cbb6-4b9a-ade5-c4e3eda6304f.root [295,296,301,302,303,297,298,299,304,300,294]
/store/data/Run2022C/DisplacedJet/RAW/v1/000/356/381/00000/c107f49a-cc8a-4d18-a0ba-be85e74acdf6.root [952,954,957,958,962,949,951,963,968,969,970,956,961,964,965,948,953,960,966,947,959,955,950,967]
/store/data/Run2022C/DisplacedJet/RAW/v1/000/356/381/00000/d2e52d1d-39d3-4d37-b875-d8d92f5234b8.root [1135,1140,1141,1143,1145,1134,1142,1147,1152,1156,1137,1138,1157,1131,1151,1154,1149,1130,1136,1139,1144,1148,1158,1159,1132,1133,1150,1153,1146,1155]
/store/data/Run2022C/DisplacedJet/RAW/v1/000/356/381/00000/d352b6eb-4ee1-402a-a525-6e2d04da1962.root [928,923,931,933,936,937,938,939,943,924,935,941,942,946,925,927,932,944,926,930,940,929,934,945]
/store/data/Run2022C/DisplacedJet/RAW/v1/000/356/381/00000/d8bf40a7-b94d-491c-9f1f-829e1ad3557d.root [566,569,561,562,563,568,570,565,572,559,564,557,558,560,567,571]
/store/data/Run2022C/DisplacedJet/RAW/v1/000/356/381/00000/da45ae44-8027-4193-a030-7ad45945aab6.root [10,13,11,8,12,14,9]
/store/data/Run2022C/DisplacedJet/RAW/v1/000/356/381/00000/da63053e-57a6-454e-bb54-42b786e3b02c.root [494,488,485,486,487,491,481,482,483,492,493,484,489,490]
/store/data/Run2022C/DisplacedJet/RAW/v1/000/356/381/00000/dcf9d94b-f55f-4701-9f84-36ae09b13360.root [47,46,43,48,44,49,45]
/store/data/Run2022C/DisplacedJet/RAW/v1/000/356/381/00000/dd4d76eb-484f-4b3e-83cd-847e98049f14.root [414,422,420,421,425,415,416,417,413,419,423,418,424]
/store/data/Run2022C/DisplacedJet/RAW/v1/000/356/381/00000/e19f7d3c-9ef4-4234-a72a-68ea0f4a993b.root [288,284,286,290,289,285,287,291,292,293]
/store/data/Run2022C/DisplacedJet/RAW/v1/000/356/381/00000/e3b553b8-cab6-4137-8f21-e50529eb568d.root [90,89,93,86,92,87,91,88]
/store/data/Run2022C/DisplacedJet/RAW/v1/000/356/381/00000/e9ea61f0-a404-4450-9c5e-65234b5f344b.root [328,331,335,337,330,338,329,332,333,334,336,327]
/store/data/Run2022C/DisplacedJet/RAW/v1/000/356/381/00000/ec8ed46b-a230-4cf8-bc13-2411bbdef57a.root [159,152,154,155,156,157,158,153]
/store/data/Run2022C/DisplacedJet/RAW/v1/000/356/381/00000/ed057e8a-2f51-4f8c-b19a-9a214c5802e5.root [238,242,236,237,240,233,235,234,239,241]
/store/data/Run2022C/DisplacedJet/RAW/v1/000/356/381/00000/ed0f8395-cc8b-46ca-a189-e636d31471b2.root [711,721,727,720,723,722,724,717,719,715,725,726,728,713,716,712,718,714]
/store/data/Run2022C/DisplacedJet/RAW/v1/000/356/381/00000/edf27a5a-ca05-4a24-92b4-80de444546d4.root [353,351,352,356,357,360,354,350,355,358,359,361]
/store/data/Run2022C/DisplacedJet/RAW/v1/000/356/381/00000/f0835326-00c3-49ce-962e-6f48bbd27df0.root [173,170,171,169,174,177,172,175,176]
/store/data/Run2022C/DisplacedJet/RAW/v1/000/356/381/00000/f0a524ea-f81d-4f87-9b79-c1b43879277b.root [1068,1069,1073,1051,1061,1070,1056,1060,1066,1067,1071,1072,1052,1059,1054,1062,1065,1074,1050,1055,1057,1064,1075,1049,1053,1058,1063]
/store/data/Run2022C/DisplacedJet/RAW/v1/000/356/381/00000/f6e86b53-dfe5-439a-aa2b-de571514d6d7.root [184,180,183,178,179,182,185,186,181]
