/store/data/Run2022E/Muon/RAW/v1/000/359/569/00000/14403120-cd8f-4e28-8f98-ebe86925ad93.root 359569 [67,73,75,81,68,70,71,74,79,76,82,72,78,69,77,80]
/store/data/Run2022E/Muon/RAW/v1/000/359/569/00000/6ca05a3c-4001-4257-a990-1131ffe7a8d0.root 359569 [1,3,6,7,29,12,14,20,23,26,31,8,2,10,17,18,19,9,11,21,32,5,13,15,22,24,28,27,4,16,25,30,33]
/store/data/Run2022E/Muon/RAW/v1/000/359/569/00000/e666a8fa-ca88-476d-a140-c1091016f4ab.root 359569 [36,55,57,35,44,46,47,65,38,50,56,60,37,41,58,66,40,45,53,64,39,54,61,62,63,42,48,51,34,43,49,52,59]
/store/data/Run2022E/Muon/RAW/v1/000/359/571/00000/7471a2ff-d2b8-4a47-85cb-39af89911a1a.root 359571 [50,53,63,64,66,72,37,42,47,48,58,69,70,38,43,46,55,57,61,65,51,68,71,41,52,56,54,60,39,49,59,67,40,44,45,62]
/store/data/Run2022E/Muon/RAW/v1/000/359/571/00000/8efc11dd-35ea-411c-83c5-941a04542850.root 359571 [4,17,23,24,35,1,5,6,10,13,14,26,30,32,36,12,22,25,29,11,16,9,15,19,21,31,33,3,8,18,20,34,7,27,28,2]
/store/data/Run2022E/Muon/RAW/v1/000/359/571/00000/c507e3b2-5328-488c-85a4-d059352dac27.root 359571 [150,157,163,165,167,156,158,159,162,152,153,154,161,166,151,155,164,148,146,147,149,160]
/store/data/Run2022E/Muon/RAW/v1/000/359/571/00000/c60ec3f8-28e5-42bb-9802-81c5c868259f.root 359571 [73,77,92,97,100,102,89,101,86,88,94,108,80,90,91,95,96,98,99,74,76,82,83,85,75,87,106,79,93,104,105,107,78,81,84,103,109]
/store/data/Run2022E/Muon/RAW/v1/000/359/571/00000/df0eccae-41ad-4c5b-8f7b-672b3b065a3a.root 359571 [110,111,117,118,120,126,136,141,142,112,119,128,144,116,129,130,124,127,138,139,113,122,125,135,131,137,145,114,121,115,123,132,133,134,140,143]
/store/data/Run2022E/Muon/RAW/v1/000/359/575/00000/6ab138f8-b6d0-482c-98f5-fa8d3814b9cc.root 359575 [35,37,3,10,24,26,28,33,34,9,12,20,29,6,18,22,4,13,16,32,2,8,11,15,25,30,31,5,17,19,21,23,1,7,14,27,36]
/store/data/Run2022E/Muon/RAW/v1/000/359/575/00000/78ab8522-e6bb-4486-ae7d-1d33966415c3.root 359575 [88,86,76,83,89,82,81,84,85,78,79,80,75,87,77]
/store/data/Run2022E/Muon/RAW/v1/000/359/575/00000/cea3c78a-8b37-4757-8e12-bad760c6be14.root 359575 [46,60,69,71,38,55,56,59,66,72,74,39,40,43,45,47,58,49,61,70,42,44,48,57,73,51,52,67,62,63,68,41,50,53,54,64,65]
/store/data/Run2022E/Muon/RAW/v1/000/359/595/00000/0e3725be-a43e-4de2-a06c-2b9730b95c55.root 359595 [220,218,216,217,222,223,225,219,224,227,221,226]
/store/data/Run2022E/Muon/RAW/v1/000/359/595/00000/0ee0a2c3-43bc-44e8-a061-e9bf8c301f54.root 359595 [40,45,38,41,44,50,48,52,56,46,47,51,42,43,54,57,39,49,53,55]
/store/data/Run2022E/Muon/RAW/v1/000/359/595/00000/125a6d19-1372-491f-8c4a-f12b38f301d0.root 359595 [243,244,242,250,246,249,251,248,253,245,252,241,247]
/store/data/Run2022E/Muon/RAW/v1/000/359/595/00000/17c806c2-7484-452e-85bc-b18ed9026e85.root 359595 [154,158,164,155,156,157,159,161,153,160,162,163]
/store/data/Run2022E/Muon/RAW/v1/000/359/595/00000/18a5dab6-e9a6-42e4-bccb-959caa1c7cec.root 359595 [197,190,194,199,193,202,191,198,192,195,196,200,201]
/store/data/Run2022E/Muon/RAW/v1/000/359/595/00000/26f1fd0b-345d-40d8-b367-da5a434d9b0b.root 359595 [122,114,115,118,120,123,119,116,117,124,121,125,126]
/store/data/Run2022E/Muon/RAW/v1/000/359/595/00000/3ac55ecc-5f73-488b-b327-bd4b5340e43e.root 359595 [232,234,237,229,239,240,231,235,238,228,236,230,233]
/store/data/Run2022E/Muon/RAW/v1/000/359/595/00000/57853b6a-7bfb-4b4a-b228-e3f94b674dff.root 359595 [81,83,85,82,84,75,76,80,77,86,87,78,79]
/store/data/Run2022E/Muon/RAW/v1/000/359/595/00000/67d86beb-d58a-4603-a72f-7109394d719a.root 359595 [166,165,169,170,173,175,167,168,171,174,176,172]
/store/data/Run2022E/Muon/RAW/v1/000/359/595/00000/84af2887-bc88-40c1-96ac-4c14b33e5d25.root 359595 [66,64,69,73,60,61,70,74,72,58,65,62,63,67,68,59,71]
/store/data/Run2022E/Muon/RAW/v1/000/359/595/00000/862edeb7-aea8-4c6a-b0ce-e9319446923b.root 359595 [107,111,104,108,110,113,102,105,109,112,101,103,106]
/store/data/Run2022E/Muon/RAW/v1/000/359/595/00000/923bfcdb-6c56-4a06-b1da-4b29681f351c.root 359595 [269,272,274,276,279,271,280,268,273,275,277,278,270]
/store/data/Run2022E/Muon/RAW/v1/000/359/595/00000/9336f1e4-4291-4147-baea-666d1920aa08.root 359595 [287,282,285,286,283,289,284,281,288]
/store/data/Run2022E/Muon/RAW/v1/000/359/595/00000/968c9454-a547-42da-8462-25034be89858.root 359595 [128,133,134,138,132,127,130,139,131,135,129,136,137]
/store/data/Run2022E/Muon/RAW/v1/000/359/595/00000/9dda8cd7-2bda-4fc2-a6eb-4d5e88876a12.root 359595 [177,179,180,182,188,178,183,185,186,181,187,189,184]
/store/data/Run2022E/Muon/RAW/v1/000/359/595/00000/afa33acf-2e7b-458b-bfa4-3ca368819848.root 359595 [9,18,20,21,32,17,24,27,30,34,23,1,3,8,12,5,6,7,11,13,35,4,10,15,25,28,29,36,2,14,16,26,33,37,19,22,31]
/store/data/Run2022E/Muon/RAW/v1/000/359/595/00000/b9286b31-0762-46e1-abbf-e82a7283a96e.root 359595 [140,142,145,141,144,146,149,151,152,150,143,147,148]
/store/data/Run2022E/Muon/RAW/v1/000/359/595/00000/ba08280c-12af-432e-88ca-65468ac55701.root 359595 [255,261,263,267,256,257,258,262,259,266,254,260,265,264]
/store/data/Run2022E/Muon/RAW/v1/000/359/595/00000/d71a549b-dff5-4cb1-b7b1-ebc514aa6cb0.root 359595 [204,208,212,207,203,206,209,211,214,205,210,215,213]
/store/data/Run2022E/Muon/RAW/v1/000/359/595/00000/e778ba6a-4b61-41d4-958e-b252c3d29ce2.root 359595 [90,95,88,94,96,98,97,89,91,99,100,92,93]
/store/data/Run2022E/Muon/RAW/v1/000/359/597/00000/17643aa9-3de2-4e9a-a831-ad84c9f09976.root 359597 [23,17,27,29,18,25,22,20,21,26,19,24,28]
/store/data/Run2022E/Muon/RAW/v1/000/359/597/00000/32ee92f6-37ea-4903-ab36-7dda1c17b49b.root 359597 [36,40,33,35,38,41,34,42,31,32,39,30,37,43]
/store/data/Run2022E/Muon/RAW/v1/000/359/597/00000/467176b1-975c-4199-8a38-178f3502fa90.root 359597 [63,62,68,64,70,71,58,59,65,66,67,69,60,61]
/store/data/Run2022E/Muon/RAW/v1/000/359/597/00000/5445a3ff-c798-4111-b24e-d8bccdd1da38.root 359597 [72,73,76,75,78,83,85,77,82,74,79,81,84,80]
/store/data/Run2022E/Muon/RAW/v1/000/359/597/00000/57890475-6963-46f3-b5fb-b46251533936.root 359597 [10,3,7,8,1,9,11,15,5,6,12,14,2,4,13,16]
/store/data/Run2022E/Muon/RAW/v1/000/359/597/00000/92354e72-fc41-4246-b31d-c111e4aae99a.root 359597 [55,50,53,44,51,52,56,48,45,54,46,47,49,57]
/store/data/Run2022E/Muon/RAW/v1/000/359/597/00000/d380daa1-3e8a-4c68-b893-0520486323f4.root 359597 [87,100,104,105,90,88,91,101,92,97,99,102,94,107,89,95,96,98,103,86,93,106]
/store/data/Run2022E/Muon/RAW/v1/000/359/602/00000/18637e4d-afcd-4734-a11e-fd81a10a54f7.root 359602 [31,33,29,30,32]
/store/data/Run2022E/Muon/RAW/v1/000/359/602/00000/1fc312f9-81a5-4f39-81cd-569cd5ba6e59.root 359602 [24,27,23,26,28,25]
/store/data/Run2022E/Muon/RAW/v1/000/359/602/00000/2a0066e3-94d6-4208-beff-6bff49d9c1e3.root 359602 [44,43,46,45]
/store/data/Run2022E/Muon/RAW/v1/000/359/602/00000/2f6ae072-157f-4047-b92e-5c1f6dc8ab7f.root 359602 [22,21,19,20,17,18]
/store/data/Run2022E/Muon/RAW/v1/000/359/602/00000/3a787c18-d63f-4126-88e9-8e74d55cfabf.root 359602 [8,10,6,7,9]
/store/data/Run2022E/Muon/RAW/v1/000/359/602/00000/41b49495-a263-49ff-a21e-73c1ae8f03c3.root 359602 [60,59,61,62]
/store/data/Run2022E/Muon/RAW/v1/000/359/602/00000/5ed637e5-1a6d-435c-8c73-aadcb649afde.root 359602 [66,67,68]
/store/data/Run2022E/Muon/RAW/v1/000/359/602/00000/706e1363-3424-42cf-aa8d-aa76b14efc98.root 359602 [51,52,53,54]
/store/data/Run2022E/Muon/RAW/v1/000/359/602/00000/851c7d77-bd68-415c-be58-12a298280ecc.root 359602 [56,58,55,57]
/store/data/Run2022E/Muon/RAW/v1/000/359/602/00000/a329c3f9-2884-4709-9142-18e12cf2d109.root 359602 [49,50,48,47]
/store/data/Run2022E/Muon/RAW/v1/000/359/602/00000/b7458c64-13f5-4bcb-8354-569ba7e3b395.root 359602 [15,13,11,12,16,14]
/store/data/Run2022E/Muon/RAW/v1/000/359/602/00000/c5616521-d384-4b4a-9027-009dac52c58c.root 359602 [69,71,70]
/store/data/Run2022E/Muon/RAW/v1/000/359/602/00000/d1be0b30-2a08-4d11-b59d-72391eeea8e4.root 359602 [4,3,1,2,5]
/store/data/Run2022E/Muon/RAW/v1/000/359/602/00000/d46747bb-2de8-4695-a5fd-98a156334258.root 359602 [64,63,65]
/store/data/Run2022E/Muon/RAW/v1/000/359/602/00000/da2300bb-8f86-47d0-9c0a-cf30b292adb9.root 359602 [41,39,40,42]
/store/data/Run2022E/Muon/RAW/v1/000/359/602/00000/e04374d4-6ebc-4477-aa05-c1ef77ed635d.root 359602 [73,72]
/store/data/Run2022E/Muon/RAW/v1/000/359/602/00000/f28d2f0f-3d9a-4533-aeb3-fbe7eaf72512.root 359602 [36,37,34,35,38]
/store/data/Run2022E/Muon/RAW/v1/000/359/609/00000/35286aae-104b-43a2-a156-0a10a5af86e3.root 359609 [9,6,7,8]
/store/data/Run2022E/Muon/RAW/v1/000/359/609/00000/42ce3772-241b-4666-8321-5efadeae0f56.root 359609 [17,18,19,16,15]
/store/data/Run2022E/Muon/RAW/v1/000/359/609/00000/af7f3d1a-1abb-43c8-b882-7a1fbf87949f.root 359609 [14,11,13,10,12]
/store/data/Run2022E/Muon/RAW/v1/000/359/609/00000/d9e3bb54-71bf-49dc-8481-8c28fac0e3eb.root 359609 [2,4,5,3,1]
/store/data/Run2022E/Muon/RAW/v1/000/359/609/00000/e2233d82-3817-465e-8408-81310f525d92.root 359609 [20,22,24,23,21]
/store/data/Run2022E/Muon/RAW/v1/000/359/612/00000/2bcd6098-8fa1-4915-8a0c-05ddecf4d2e6.root 359612 [12,11]
/store/data/Run2022E/Muon/RAW/v1/000/359/612/00000/d6ab8684-446f-4b3d-87e7-31597cfdbdf8.root 359612 [8,6,9,7,10]
/store/data/Run2022E/Muon/RAW/v1/000/359/612/00000/f212cabe-0f07-42b6-87bb-4ff59a222f6e.root 359612 [2,1,3,5,4]
/store/data/Run2022E/Muon/RAW/v1/000/359/661/00000/015be72b-ee75-400d-aad7-5cc8cacebf41.root 359661 [230,231]
/store/data/Run2022E/Muon/RAW/v1/000/359/661/00000/0232ce3d-cad4-4bf2-ada1-9f137ba9693b.root 359661 [157,158]
/store/data/Run2022E/Muon/RAW/v1/000/359/661/00000/0699a8ac-70f7-4e3c-9d4f-75f68603cea7.root 359661 [100,101,102]
/store/data/Run2022E/Muon/RAW/v1/000/359/661/00000/0890b5d7-e89e-4eee-9a03-cbfad65ece88.root 359661 [169,168]
/store/data/Run2022E/Muon/RAW/v1/000/359/661/00000/09efca6f-0221-4365-bf04-a6f408649960.root 359661 [54,56,55,53]
/store/data/Run2022E/Muon/RAW/v1/000/359/661/00000/0d42747c-4a19-413b-9bfc-7251bf9f21ce.root 359661 [208,209]
/store/data/Run2022E/Muon/RAW/v1/000/359/661/00000/0fbb7cd9-1258-4d08-a129-0c385a5be11d.root 359661 [136,137,138]
/store/data/Run2022E/Muon/RAW/v1/000/359/661/00000/11b26809-8c06-4202-a283-57674d253155.root 359661 [67,68,65,66]
/store/data/Run2022E/Muon/RAW/v1/000/359/661/00000/1247b128-d286-485d-b4dc-4a9baa1cb186.root 359661 [171,170]
/store/data/Run2022E/Muon/RAW/v1/000/359/661/00000/14539506-1473-4740-a1e4-e3a36ac32d83.root 359661 [132,131,130]
/store/data/Run2022E/Muon/RAW/v1/000/359/661/00000/150568fb-da31-4232-b6d1-a3498d756201.root 359661 [216,217]
/store/data/Run2022E/Muon/RAW/v1/000/359/661/00000/238818fc-e34a-42d6-a49d-12db282b20dd.root 359661 [77,79,80,78]
/store/data/Run2022E/Muon/RAW/v1/000/359/661/00000/292bca8e-1d33-4972-8725-9b47d83e595e.root 359661 [194,195]
/store/data/Run2022E/Muon/RAW/v1/000/359/661/00000/2b4fe56e-e277-49c3-ac57-e4af83766b7d.root 359661 [155,156]
/store/data/Run2022E/Muon/RAW/v1/000/359/661/00000/317dbe04-f814-428b-995f-ee7cbaaac4cc.root 359661 [172,173]
/store/data/Run2022E/Muon/RAW/v1/000/359/661/00000/365e24c7-b51a-400e-9eba-a0fe32cfb1d3.root 359661 [218,219]
/store/data/Run2022E/Muon/RAW/v1/000/359/661/00000/3c01e6e3-e50d-43bc-b4e8-e2fbe9c04eec.root 359661 [176,177]
/store/data/Run2022E/Muon/RAW/v1/000/359/661/00000/3f8c562f-4987-416a-b9d3-7124395240fa.root 359661 [149,148,150]
/store/data/Run2022E/Muon/RAW/v1/000/359/661/00000/4311401e-e224-424a-87bc-3b75d05f73c6.root 359661 [8,9,14,41,12,15,25,26,33,5,7,13,23,34,42,44,4,6,11,18,28,29,32,40,3,16,20,21,24,30,31,38,39,10,19,22,35,2,27,36,37,1,17,43]
/store/data/Run2022E/Muon/RAW/v1/000/359/661/00000/44ed7fd2-50d6-4058-a232-fc0f54e2cef9.root 359661 [154,153]
/store/data/Run2022E/Muon/RAW/v1/000/359/661/00000/45b412d2-4361-4464-9b86-c0822ea22270.root 359661 [212,213]
/store/data/Run2022E/Muon/RAW/v1/000/359/661/00000/460d94dd-43c5-4449-9419-893c74f2cc75.root 359661 [124,125,126]
/store/data/Run2022E/Muon/RAW/v1/000/359/661/00000/5973d4c5-85c9-413e-9fb4-6b2e4ed9e043.root 359661 [221,220]
/store/data/Run2022E/Muon/RAW/v1/000/359/661/00000/5dc8ac31-b9ed-4a35-ab39-0a6af971bccf.root 359661 [192,193]
/store/data/Run2022E/Muon/RAW/v1/000/359/661/00000/5f9c0862-09c6-4916-9103-cb36c788cce1.root 359661 [163,162]
/store/data/Run2022E/Muon/RAW/v1/000/359/661/00000/5fdfe035-c44e-42e1-840c-d99ad96f0332.root 359661 [175,174]
/store/data/Run2022E/Muon/RAW/v1/000/359/661/00000/6321d740-2167-4dde-9c29-a4ebdddce84a.root 359661 [72,69,70,71]
/store/data/Run2022E/Muon/RAW/v1/000/359/661/00000/64e414fe-3834-480d-8335-0bf7f285437d.root 359661 [119,118,120]
/store/data/Run2022E/Muon/RAW/v1/000/359/661/00000/696e0c6b-7b6a-4a8d-bf89-70c9638e8984.root 359661 [116,115,117]
/store/data/Run2022E/Muon/RAW/v1/000/359/661/00000/69c40bd6-550f-40d1-b3a8-e3787357fc2d.root 359661 [197,196]
/store/data/Run2022E/Muon/RAW/v1/000/359/661/00000/6d4ae471-cc8f-423d-a1f7-77f41dd1e1ca.root 359661 [63,62,61,64]
/store/data/Run2022E/Muon/RAW/v1/000/359/661/00000/7374f4f9-9579-47c0-9efc-fba671777470.root 359661 [45,47,46,48]
/store/data/Run2022E/Muon/RAW/v1/000/359/661/00000/74711af0-d0fb-41ad-a37e-24f1604d7d9d.root 359661 [164,165]
/store/data/Run2022E/Muon/RAW/v1/000/359/661/00000/793696eb-b9ff-4709-9f40-fd19a25d44bb.root 359661 [215,214]
/store/data/Run2022E/Muon/RAW/v1/000/359/661/00000/820545fb-ef6f-4642-a8cd-dd19bd511e0a.root 359661 [223,222]
/store/data/Run2022E/Muon/RAW/v1/000/359/661/00000/84a0c4e2-6626-440a-a41c-30392e31afc6.root 359661 [127,128,129]
/store/data/Run2022E/Muon/RAW/v1/000/359/661/00000/86902a99-525b-491c-b4e7-3096e0b47c7a.root 359661 [181,180]
/store/data/Run2022E/Muon/RAW/v1/000/359/661/00000/8d43b854-0faa-4115-b348-44752f587d7b.root 359661 [232]
/store/data/Run2022E/Muon/RAW/v1/000/359/661/00000/8d9c56b2-f29f-484d-ae48-a3d754f9328a.root 359661 [203,202]
/store/data/Run2022E/Muon/RAW/v1/000/359/661/00000/922e48a6-8d5b-4f30-9e32-2f7ba273535b.root 359661 [185,184]
/store/data/Run2022E/Muon/RAW/v1/000/359/661/00000/944903ae-fa63-4091-a5b0-e0c03eac11fe.root 359661 [145,146,147]
/store/data/Run2022E/Muon/RAW/v1/000/359/661/00000/98d027a8-e618-43ac-9ead-e962f695281b.root 359661 [151,152]
/store/data/Run2022E/Muon/RAW/v1/000/359/661/00000/9d3d39f1-baab-4142-88b3-1c828fc2d62d.root 359661 [204,205]
/store/data/Run2022E/Muon/RAW/v1/000/359/661/00000/9e594f30-6e0d-4a61-9d32-ad4308c0960b.root 359661 [199,198]
/store/data/Run2022E/Muon/RAW/v1/000/359/661/00000/a1031c5f-a7de-4906-9831-a7583cc66543.root 359661 [139,141,140]
/store/data/Run2022E/Muon/RAW/v1/000/359/661/00000/a118deb7-ac2d-46b6-9949-ca1d1f7ceb95.root 359661 [226,227]
/store/data/Run2022E/Muon/RAW/v1/000/359/661/00000/a7728176-5ab1-4c29-810d-478efb58fe07.root 359661 [211,210]
/store/data/Run2022E/Muon/RAW/v1/000/359/661/00000/aab1fb66-8cbf-4db1-8697-d08d9c4b6cf4.root 359661 [114,112,113]
/store/data/Run2022E/Muon/RAW/v1/000/359/661/00000/acf4f714-aa73-476c-9e49-14263b54d38a.root 359661 [121,123,122]
/store/data/Run2022E/Muon/RAW/v1/000/359/661/00000/ae433324-8336-4005-b30d-da25d721318f.root 359661 [190,191]
/store/data/Run2022E/Muon/RAW/v1/000/359/661/00000/b0a152a6-7c42-422d-b117-3f218f153baf.root 359661 [228,229]
/store/data/Run2022E/Muon/RAW/v1/000/359/661/00000/b1ef8c0c-03f6-46b9-b559-337bfa684aa1.root 359661 [106,108,107]
/store/data/Run2022E/Muon/RAW/v1/000/359/661/00000/b47f845e-4170-4c39-8a0d-10b6ea7b5a20.root 359661 [160,159,161]
/store/data/Run2022E/Muon/RAW/v1/000/359/661/00000/b5a71133-ad45-486f-902d-c50c30616325.root 359661 [109,110,111]
/store/data/Run2022E/Muon/RAW/v1/000/359/661/00000/b70b8351-7592-4050-8c28-3c54e2056bf3.root 359661 [50,52,49,51]
/store/data/Run2022E/Muon/RAW/v1/000/359/661/00000/b7317d24-6070-4b1a-950d-2b7df0f102c7.root 359661 [207,206]
/store/data/Run2022E/Muon/RAW/v1/000/359/661/00000/b74d3f7b-10f9-47da-bac8-73edc196069b.root 359661 [93,96,95,94]
/store/data/Run2022E/Muon/RAW/v1/000/359/661/00000/ba6546dc-1420-420a-95e4-cd859e4221df.root 359661 [182,183]
/store/data/Run2022E/Muon/RAW/v1/000/359/661/00000/bd1c4dfb-fbfa-4a65-887e-12f1f74ad3a9.root 359661 [74,75,76,73]
/store/data/Run2022E/Muon/RAW/v1/000/359/661/00000/bea23c88-d6ef-433d-9817-f9a6a7084c67.root 359661 [225,224]
/store/data/Run2022E/Muon/RAW/v1/000/359/661/00000/c3d70310-d70f-47b0-a280-193aa456f015.root 359661 [58,59,57,60]
/store/data/Run2022E/Muon/RAW/v1/000/359/661/00000/c5f240ef-4586-4e30-a925-ebf43dafc98c.root 359661 [134,133,135]
/store/data/Run2022E/Muon/RAW/v1/000/359/661/00000/c741619c-f635-4f64-a9d6-1600dd4b458e.root 359661 [187,186]
/store/data/Run2022E/Muon/RAW/v1/000/359/661/00000/ca463f97-7dbb-45ac-aba6-59d1e85aab6f.root 359661 [88,85,86,87]
/store/data/Run2022E/Muon/RAW/v1/000/359/661/00000/cd694789-a011-4d64-90a3-3f5d37f79039.root 359661 [97,99,98]
/store/data/Run2022E/Muon/RAW/v1/000/359/661/00000/d1cb8c8c-a47a-4e08-b07e-ef87f2fabceb.root 359661 [142,143,144]
/store/data/Run2022E/Muon/RAW/v1/000/359/661/00000/de83d42f-40d9-480c-970a-2598024ef247.root 359661 [188,189]
/store/data/Run2022E/Muon/RAW/v1/000/359/661/00000/e889c5fa-0db1-4590-a6e3-057bbbc15ed9.root 359661 [105,103,104]
/store/data/Run2022E/Muon/RAW/v1/000/359/661/00000/ee3036fc-3d89-4832-913e-9b08ee7f4b0e.root 359661 [167,166]
/store/data/Run2022E/Muon/RAW/v1/000/359/661/00000/f5793c53-679e-487f-bb53-be7b8828c67c.root 359661 [178,179]
/store/data/Run2022E/Muon/RAW/v1/000/359/661/00000/f65cfbbd-b019-4259-a967-886e78c81fda.root 359661 [200,201]
/store/data/Run2022E/Muon/RAW/v1/000/359/661/00000/fce70146-9312-48ed-b48e-fc6ee58b83d6.root 359661 [91,89,90,92]
/store/data/Run2022E/Muon/RAW/v1/000/359/661/00000/fdf0eb36-35c7-49b3-aed0-08e48a1ba3ca.root 359661 [84,81,82,83]
