/store/data/Run2024E/MuonEG/RAW/v1/000/380/963/00000/00a9e4ad-bde9-46b0-b6b3-c30c85198962.root 380963 [357,359,360,358]
/store/data/Run2024E/MuonEG/RAW/v1/000/380/963/00000/021afcc4-df07-4df7-999d-fbbe405f154c.root 380963 [268,271,270,269]
/store/data/Run2024E/MuonEG/RAW/v1/000/380/963/00000/034d5f3f-8893-4039-8a72-8e01000c0b6e.root 380963 [534,536,535,533]
/store/data/Run2024E/MuonEG/RAW/v1/000/380/963/00000/042bdacd-022d-4575-b4a2-71dae9c0c2f1.root 380963 [584,583,585,581,582]
/store/data/Run2024E/MuonEG/RAW/v1/000/380/963/00000/0609c0e4-7281-4206-b171-03eb40195eca.root 380963 [647,648,650,646,649]
/store/data/Run2024E/MuonEG/RAW/v1/000/380/963/00000/064c664c-0f2a-4685-a48d-ba18ba47ce50.root 380963 [236,237,238,239]
/store/data/Run2024E/MuonEG/RAW/v1/000/380/963/00000/0780e8b4-45b8-447e-9ac4-5ceb340d9407.root 380963 [827,828,829,830,826,825]
/store/data/Run2024E/MuonEG/RAW/v1/000/380/963/00000/07935b97-79d4-482d-8113-487314dfd662.root 380963 [374,373,376,375]
/store/data/Run2024E/MuonEG/RAW/v1/000/380/963/00000/098d3394-5a86-4699-b44d-729f6bbc6c64.root 380963 [419,420,421,418]
/store/data/Run2024E/MuonEG/RAW/v1/000/380/963/00000/09d83a05-f551-4084-8ffc-97a9abdfeab6.root 380963 [759,763,760,761,762,764]
/store/data/Run2024E/MuonEG/RAW/v1/000/380/963/00000/0bec8c33-23c7-4a04-bfd3-51212a103929.root 380963 [504,503,502,505]
/store/data/Run2024E/MuonEG/RAW/v1/000/380/963/00000/0cd6d6ec-424e-44ae-a94e-e30d4dda2f11.root 380963 [606,607,610,608,609]
/store/data/Run2024E/MuonEG/RAW/v1/000/380/963/00000/0d78a685-17ad-46a0-a674-3c861e8f0eda.root 380963 [537,541,540,538,539]
/store/data/Run2024E/MuonEG/RAW/v1/000/380/963/00000/0ff2c0ca-1806-4455-b11e-50f788759101.root 380963 [643,642,644,645,641]
/store/data/Run2024E/MuonEG/RAW/v1/000/380/963/00000/103b8ba5-b8da-448f-9c82-265c46519ec0.root 380963 [84,85,80,83,86,79,82,81]
/store/data/Run2024E/MuonEG/RAW/v1/000/380/963/00000/115c8744-efcc-4a96-9428-e0904c305466.root 380963 [605,604,601,602,603]
/store/data/Run2024E/MuonEG/RAW/v1/000/380/963/00000/11a81b87-339f-4632-88d4-8c47eba2c23b.root 380963 [862,863,864,866,867,868,865]
/store/data/Run2024E/MuonEG/RAW/v1/000/380/963/00000/1207f245-a4a2-4fa6-809d-cb1ddf065bdd.root 380963 [873,869,870,871,872,874]
/store/data/Run2024E/MuonEG/RAW/v1/000/380/963/00000/126415dd-6090-465c-9b65-81b525496742.root 380963 [208,210,209,211]
/store/data/Run2024E/MuonEG/RAW/v1/000/380/963/00000/12892162-7d68-4a9c-8458-166e3376512a.root 380963 [272,274,273,275]
/store/data/Run2024E/MuonEG/RAW/v1/000/380/963/00000/155c0cdd-4831-4043-a5de-ef604eadd549.root 380963 [571,575,572,573,574]
/store/data/Run2024E/MuonEG/RAW/v1/000/380/963/00000/164284d6-dfaf-4f4d-aa58-5df98c0fad0b.root 380963 [217,219,216,218]
/store/data/Run2024E/MuonEG/RAW/v1/000/380/963/00000/19b6caab-cf2f-47c5-b46a-27313227f58b.root 380963 [662,663,664,665,661]
/store/data/Run2024E/MuonEG/RAW/v1/000/380/963/00000/1b624aab-d772-40e3-bf30-8f8b08da90a0.root 380963 [363,362,361,364]
/store/data/Run2024E/MuonEG/RAW/v1/000/380/963/00000/1b9e7593-110e-4518-b3f8-599cba713038.root 380963 [335,334,336,333]
/store/data/Run2024E/MuonEG/RAW/v1/000/380/963/00000/1c45593d-3776-4f6f-b90a-0903e0f82ae4.root 380963 [753,754,758,755,756,757,752]
/store/data/Run2024E/MuonEG/RAW/v1/000/380/963/00000/23a5aafb-2300-4dc8-9e8b-25839ca4e844.root 380963 [312,309,311,310]
/store/data/Run2024E/MuonEG/RAW/v1/000/380/963/00000/23aae3c9-ffbb-46a9-a282-a0636181dce8.root 380963 [446,448,449,447]
/store/data/Run2024E/MuonEG/RAW/v1/000/380/963/00000/2464c18c-04fa-4fc2-8307-03cf281710b5.root 380963 [110,112,111,107,108,109]
/store/data/Run2024E/MuonEG/RAW/v1/000/380/963/00000/24d8a30c-a34b-493b-ac05-1fce77ea63ba.root 380963 [767,770,768,766,769,765]
/store/data/Run2024E/MuonEG/RAW/v1/000/380/963/00000/2652a5db-5668-4196-8c9a-fa707d5b2bee.root 380963 [424,423,422,425]
/store/data/Run2024E/MuonEG/RAW/v1/000/380/963/00000/2682992a-0436-4e53-82e1-2c020b8bfe7e.root 380963 [919,921,916,917,920,918,915]
/store/data/Run2024E/MuonEG/RAW/v1/000/380/963/00000/28bcd63a-cf6c-4fb0-9041-c506c6d46694.root 380963 [797,799,796,798,795,800]
/store/data/Run2024E/MuonEG/RAW/v1/000/380/963/00000/2c6a64f0-bcd2-4089-893a-6e870846c3ae.root 380963 [717,720,716,719,721,718]
/store/data/Run2024E/MuonEG/RAW/v1/000/380/963/00000/2d21834d-ef2d-4e00-9c44-c0c22d8b5c99.root 380963 [787,788,786,783,784,785]
/store/data/Run2024E/MuonEG/RAW/v1/000/380/963/00000/2e96d28e-439f-4137-bdc5-ae6afce6dbe3.root 380963 [478,479,480,481]
/store/data/Run2024E/MuonEG/RAW/v1/000/380/963/00000/307ac8a2-5cf3-47ee-97b5-1e27885717f4.root 380963 [105,103,102,104,106,101]
/store/data/Run2024E/MuonEG/RAW/v1/000/380/963/00000/31054444-3c04-4c75-862d-ce0b93a7ca65.root 380963 [407,409,406,408]
/store/data/Run2024E/MuonEG/RAW/v1/000/380/963/00000/33783730-0da0-4685-ae8e-baa91967ae6e.root 380963 [385,381,382,383,384]
/store/data/Run2024E/MuonEG/RAW/v1/000/380/963/00000/3697d856-e219-4366-a952-d4d50b2db1db.root 380963 [490,493,491,492]
/store/data/Run2024E/MuonEG/RAW/v1/000/380/963/00000/37a19879-bb2e-459f-9007-a50dd397f84e.root 380963 [405,403,404,402]
/store/data/Run2024E/MuonEG/RAW/v1/000/380/963/00000/3a787873-2b17-474c-b2d1-b4a95ff028af.root 380963 [555,552,553,551,554]
/store/data/Run2024E/MuonEG/RAW/v1/000/380/963/00000/3baf8067-0f69-4746-846a-6d5c068a5dc6.root 380963 [951,953,954,955,952]
/store/data/Run2024E/MuonEG/RAW/v1/000/380/963/00000/3bb7d334-d745-45ef-b587-b60bcfa5cd91.root 380963 [414,416,417,415]
/store/data/Run2024E/MuonEG/RAW/v1/000/380/963/00000/3d15b40b-42e9-4ae4-8a8f-6428fe09fe6b.root 380963 [298,300,299,297]
/store/data/Run2024E/MuonEG/RAW/v1/000/380/963/00000/3dacd643-88e9-44d2-b251-edbbc01debd7.root 380963 [469,467,466,468]
/store/data/Run2024E/MuonEG/RAW/v1/000/380/963/00000/3f2f6c0b-5d2f-4694-b6f1-40f9242c8cd7.root 380963 [831,835,836,832,834,833]
/store/data/Run2024E/MuonEG/RAW/v1/000/380/963/00000/4223a861-eb18-47ae-a51b-9b33dd569980.root 380963 [666,667,668,669,670]
/store/data/Run2024E/MuonEG/RAW/v1/000/380/963/00000/423ba038-91a7-4a8a-a9a9-e8ca3525b897.root 380963 [156,159,157,158]
/store/data/Run2024E/MuonEG/RAW/v1/000/380/963/00000/42a170ea-1846-4947-8236-997bb8a89c6f.root 380963 [591,592,595,593,594]
/store/data/Run2024E/MuonEG/RAW/v1/000/380/963/00000/447ccce4-4f52-4b60-b6e2-2a9ad166ccff.root 380963 [396,397,394,395]
/store/data/Run2024E/MuonEG/RAW/v1/000/380/963/00000/46a85489-2c77-4146-8f48-e20b8954a8d4.root 380963 [371,370,369,372]
/store/data/Run2024E/MuonEG/RAW/v1/000/380/963/00000/4a692a2a-f529-4414-93fd-edb844fd1b82.root 380963 [499,500,498,501]
/store/data/Run2024E/MuonEG/RAW/v1/000/380/963/00000/4b8ac0af-33d9-4060-a068-3a9a31b67a8d.root 380963 [894,899,898,895,900,896,897]
/store/data/Run2024E/MuonEG/RAW/v1/000/380/963/00000/4bae4170-c64c-4333-8388-478dcbc653e4.root 380963 [258,259,256,257]
/store/data/Run2024E/MuonEG/RAW/v1/000/380/963/00000/4d8925b2-5d1c-46d7-bd17-c473e7e56e45.root 380963 [807,809,811,812,810,808]
/store/data/Run2024E/MuonEG/RAW/v1/000/380/963/00000/50ee895d-e3f5-4236-98a2-65826fbca5c6.root 380963 [656,657,660,658,659]
/store/data/Run2024E/MuonEG/RAW/v1/000/380/963/00000/50ff2209-7645-4aaf-b77a-a0597782b3c3.root 380963 [198,199,196,197]
/store/data/Run2024E/MuonEG/RAW/v1/000/380/963/00000/52b0cf6d-a7fc-4484-bc56-4ad0ac33a3fb.root 380963 [529,530,531,532,528]
/store/data/Run2024E/MuonEG/RAW/v1/000/380/963/00000/532e5503-460b-40e3-911f-40c1b8650592.root 380963 [861,860,856,857,858,855,859]
/store/data/Run2024E/MuonEG/RAW/v1/000/380/963/00000/53febd5d-6b84-42b7-aab2-3b2a70915696.root 380963 [569,566,567,570,568]
/store/data/Run2024E/MuonEG/RAW/v1/000/380/963/00000/54cfbb4c-6dd7-4a14-b71d-c563381813a3.root 380963 [178,177,176,179]
/store/data/Run2024E/MuonEG/RAW/v1/000/380/963/00000/569784e6-5c32-49c3-8126-57aad2d49a18.root 380963 [488,489,487,486]
/store/data/Run2024E/MuonEG/RAW/v1/000/380/963/00000/58f544e3-f264-436d-92dd-f3f959826859.root 380963 [284,287,285,286]
/store/data/Run2024E/MuonEG/RAW/v1/000/380/963/00000/594d4be8-1c56-480d-ac90-de7ce17c1fb3.root 380963 [377,380,379,378]
/store/data/Run2024E/MuonEG/RAW/v1/000/380/963/00000/5a6a8a9b-9710-4bce-bcb3-d3cc489fa30a.root 380963 [398,400,401,399]
/store/data/Run2024E/MuonEG/RAW/v1/000/380/963/00000/5bd2cfbc-c9a0-4cd4-ae83-7d5a006f8a53.root 380963 [207,205,206,204]
/store/data/Run2024E/MuonEG/RAW/v1/000/380/963/00000/5e54cfb9-99a5-41b9-bd4f-236301e2c120.root 380963 [890,888,889,891,892,893]
/store/data/Run2024E/MuonEG/RAW/v1/000/380/963/00000/5ea3daa0-f80c-421b-be41-2f742940751c.root 380963 [249,251,248,250]
/store/data/Run2024E/MuonEG/RAW/v1/000/380/963/00000/5fedb333-6976-43cf-8c19-6a26265b8bbd.root 380963 [252,253,254,255]
/store/data/Run2024E/MuonEG/RAW/v1/000/380/963/00000/611c4dba-e96c-4996-a8e7-9f85080a589f.root 380963 [928,922,923,925,927,924,926]
/store/data/Run2024E/MuonEG/RAW/v1/000/380/963/00000/620aee9a-bc25-4132-b0e9-4ccb9bfd8df4.root 380963 [368,365,367,366]
/store/data/Run2024E/MuonEG/RAW/v1/000/380/963/00000/667fa60c-2a33-4295-a83b-c9d24cd1861b.root 380963 [328,326,325,327]
/store/data/Run2024E/MuonEG/RAW/v1/000/380/963/00000/68a474dd-4169-4999-83cd-df7232acd27d.root 380963 [636,639,640,637,638]
/store/data/Run2024E/MuonEG/RAW/v1/000/380/963/00000/69a2c51a-12d8-4657-bc08-d86cc802e05e.root 380963 [652,654,651,653,655]
/store/data/Run2024E/MuonEG/RAW/v1/000/380/963/00000/6a449ad1-7b40-45eb-a804-99b23cc75596.root 380963 [188,190,191,189]
/store/data/Run2024E/MuonEG/RAW/v1/000/380/963/00000/6bace4eb-9b05-49d5-833d-1935f4bfaa1d.root 380963 [320,317,319,318]
/store/data/Run2024E/MuonEG/RAW/v1/000/380/963/00000/6c21c562-6635-4337-84bb-160f2d7cd54e.root 380963 [88,92,93,87,91,89,90]
/store/data/Run2024E/MuonEG/RAW/v1/000/380/963/00000/71e1c815-a77d-457f-8d47-4625a4a26f17.root 380963 [182,183,180,181]
/store/data/Run2024E/MuonEG/RAW/v1/000/380/963/00000/75d3292f-b2a0-4c0a-b507-9836341cb393.root 380963 [699,703,702,701,700]
/store/data/Run2024E/MuonEG/RAW/v1/000/380/963/00000/7711b9ed-cf00-4cbe-983a-447bca9cf992.root 380963 [706,707,708,709,705,704]
/store/data/Run2024E/MuonEG/RAW/v1/000/380/963/00000/776202fb-cd14-45b9-9e5d-da999e7db383.root 380963 [840,837,838,839,841,842]
/store/data/Run2024E/MuonEG/RAW/v1/000/380/963/00000/7950ff57-9de4-4b17-97ec-35f96877b0c3.root 380963 [612,615,613,614,611]
/store/data/Run2024E/MuonEG/RAW/v1/000/380/963/00000/7a9a6086-e723-40be-aca0-a71c3e96b35e.root 380963 [684,685,687,683,686]
/store/data/Run2024E/MuonEG/RAW/v1/000/380/963/00000/7b141eb2-b3f2-4c52-8ae3-11170c58a851.root 380963 [95,100,97,99,94,96,98]
/store/data/Run2024E/MuonEG/RAW/v1/000/380/963/00000/7b1aad02-37cf-4aea-be11-c643d73dfbdb.root 380963 [266,265,264,267]
/store/data/Run2024E/MuonEG/RAW/v1/000/380/963/00000/7d216304-9560-4798-b23f-73255b54f999.root 380963 [450,452,453,451]
/store/data/Run2024E/MuonEG/RAW/v1/000/380/963/00000/7f6310fd-60ee-4326-b92e-b7d6b4e1aa93.root 380963 [6,8,7]
/store/data/Run2024E/MuonEG/RAW/v1/000/380/963/00000/80039faa-37cf-4b98-a52a-f3aa7a87f9b7.root 380963 [288,292,289,291,290]
/store/data/Run2024E/MuonEG/RAW/v1/000/380/963/00000/81aab077-925c-4ca6-baef-bb22d5a3783b.root 380963 [694,695,693,697,698,696]
/store/data/Run2024E/MuonEG/RAW/v1/000/380/963/00000/821db3c7-57c5-492e-91b8-de38e4f651e1.root 380963 [13,14,31,44,47,16,25,33,42,48,53,54,15,17,26,34,43,23,28,41,10,21,35,39,40,45,12,19,20,22,24,30,32,49,51,18,27,29,37,46,50,11,36,38,52]
/store/data/Run2024E/MuonEG/RAW/v1/000/380/963/00000/82dbab2a-ed9a-4058-b5b8-66fe8b33a715.root 380963 [679,682,680,681,678]
/store/data/Run2024E/MuonEG/RAW/v1/000/380/963/00000/83c07b05-a6ff-41e0-8346-2eb6e70c91ff.root 380963 [526,527,523,524,525]
/store/data/Run2024E/MuonEG/RAW/v1/000/380/963/00000/85fd0091-0c65-48ec-90f7-9e772e9195c6.root 380963 [823,824,820,819,821,822]
/store/data/Run2024E/MuonEG/RAW/v1/000/380/963/00000/8621a0b5-271d-4636-a8b5-0558fab7d014.root 380963 [742,743,744,741,745,740]
/store/data/Run2024E/MuonEG/RAW/v1/000/380/963/00000/8747e7ba-0a91-4e2c-825b-0ebc557747e9.root 380963 [470,471,473,472]
/store/data/Run2024E/MuonEG/RAW/v1/000/380/963/00000/892101fe-b110-443b-b1c6-8936febcbcb6.root 380963 [512,511,510,513]
/store/data/Run2024E/MuonEG/RAW/v1/000/380/963/00000/896330ae-d11b-41b5-8b8f-794d04a67b32.root 380963 [224,225,226,227]
/store/data/Run2024E/MuonEG/RAW/v1/000/380/963/00000/8b900b73-0537-4f93-9fd4-49be72dea440.root 380963 [546,549,550,548,547]
/store/data/Run2024E/MuonEG/RAW/v1/000/380/963/00000/8fea2fd5-c659-446d-ad73-f5456b85d564.root 380963 [515,518,514,516,517]
/store/data/Run2024E/MuonEG/RAW/v1/000/380/963/00000/90058c57-0a75-4ae7-a4b9-2415534a8f37.root 380963 [172,173,174,175]
/store/data/Run2024E/MuonEG/RAW/v1/000/380/963/00000/90765c71-733e-4973-9a9b-cf1ad93c67ac.root 380963 [847,848,843,845,844,846]
/store/data/Run2024E/MuonEG/RAW/v1/000/380/963/00000/909a807b-3788-4705-8ac0-c2d946c8190d.root 380963 [431,432,433,430]
/store/data/Run2024E/MuonEG/RAW/v1/000/380/963/00000/90a59972-4853-41a5-9a5f-533c08de8193.root 380963 [427,426,428,429]
/store/data/Run2024E/MuonEG/RAW/v1/000/380/963/00000/90e88926-972a-4061-a436-08dd3730f383.root 380963 [154,152,155,153]
/store/data/Run2024E/MuonEG/RAW/v1/000/380/963/00000/9161f073-9dc0-4496-b45e-df3d2424b483.root 380963 [343,342,344,341]
/store/data/Run2024E/MuonEG/RAW/v1/000/380/963/00000/92c3f459-403d-432e-bf67-8b814cd7f01b.root 380963 [483,482,485,484]
/store/data/Run2024E/MuonEG/RAW/v1/000/380/963/00000/95c74d2f-1e8c-4311-b0d1-0a58e78e262b.root 380963 [246,244,245,247]
/store/data/Run2024E/MuonEG/RAW/v1/000/380/963/00000/95d8f578-2a1f-4c47-ab08-b86cb9f2fddb.root 380963 [931,936,929,932,935,930,933,934]
/store/data/Run2024E/MuonEG/RAW/v1/000/380/963/00000/972bc2a0-8155-44e8-bc0a-bfe03fe230ee.root 380963 [386,389,387,388]
/store/data/Run2024E/MuonEG/RAW/v1/000/380/963/00000/98f2af98-1c29-41ab-9e14-b83e386880cc.root 380963 [302,303,301,304]
/store/data/Run2024E/MuonEG/RAW/v1/000/380/963/00000/9d03a71f-6189-4557-82b7-a38f5c334a89.root 380963 [746,751,749,750,747,748]
/store/data/Run2024E/MuonEG/RAW/v1/000/380/963/00000/9d8ac548-e467-419a-96c7-dd54325f483b.root 380963 [220,221,222,223]
/store/data/Run2024E/MuonEG/RAW/v1/000/380/963/00000/9e581c7d-af38-4bd8-bf51-6ea87cdccd82.root 380963 [351,352,350,349]
/store/data/Run2024E/MuonEG/RAW/v1/000/380/963/00000/9ee5013d-d480-4d59-8847-a23197f33d52.root 380963 [556,560,557,558,559]
/store/data/Run2024E/MuonEG/RAW/v1/000/380/963/00000/9f9746e8-e008-46f7-bad8-33ed008ae2cc.root 380963 [203,202,200,201]
/store/data/Run2024E/MuonEG/RAW/v1/000/380/963/00000/a43a874c-76ee-4bfe-ba7f-bc5345aa43af.root 380963 [1,2]
/store/data/Run2024E/MuonEG/RAW/v1/000/380/963/00000/a574fd44-3f04-4b6d-92ce-a30dfdf12ac4.root 380963 [124,123,122,125,126,121,120]
/store/data/Run2024E/MuonEG/RAW/v1/000/380/963/00000/a6cfbd53-402e-460a-84be-d971b6522ecf.root 380963 [390,392,393,391]
/store/data/Run2024E/MuonEG/RAW/v1/000/380/963/00000/a7f49710-7ecc-458b-95a5-05da1c74f646.root 380963 [214,213,212,215]
/store/data/Run2024E/MuonEG/RAW/v1/000/380/963/00000/a89ede74-3e94-440a-9aca-ca474827214e.root 380963 [476,475,474,477]
/store/data/Run2024E/MuonEG/RAW/v1/000/380/963/00000/a8aeda89-e27e-4eff-94e0-f5e2b4b0ab9a.root 380963 [193,194,192,195]
/store/data/Run2024E/MuonEG/RAW/v1/000/380/963/00000/a8afbc86-870e-46cf-8681-bb5638da4b5d.root 380963 [722,723,725,727,724,726]
/store/data/Run2024E/MuonEG/RAW/v1/000/380/963/00000/a8de8994-21a1-4e1f-91f8-966b4338ce4a.root 380963 [880,875,877,879,876,878]
/store/data/Run2024E/MuonEG/RAW/v1/000/380/963/00000/a94e0671-a451-4269-9c0b-a3df73d72cd2.root 380963 [794,791,790,792,789,793]
/store/data/Run2024E/MuonEG/RAW/v1/000/380/963/00000/a9c35667-574b-455f-87f7-ad95dba3f5c1.root 380963 [959]
/store/data/Run2024E/MuonEG/RAW/v1/000/380/963/00000/aba36f8a-c672-4ff5-baa4-394735ed4f91.root 380963 [497,496,494,495]
/store/data/Run2024E/MuonEG/RAW/v1/000/380/963/00000/ae0c8b8d-5b29-4098-b21c-20962510d713.root 380963 [64,57,65,66,63,55,56,59,60,62,58,61]
/store/data/Run2024E/MuonEG/RAW/v1/000/380/963/00000/aee6a0b8-2e3d-4e61-8bb6-9c834a073a54.root 380963 [136,138,139,135,137]
/store/data/Run2024E/MuonEG/RAW/v1/000/380/963/00000/af4ec6f0-30aa-4042-81c4-109d3cf243c1.root 380963 [589,586,588,590,587]
/store/data/Run2024E/MuonEG/RAW/v1/000/380/963/00000/afa3533b-7cbb-4460-9198-eee46680933c.root 380963 [294,296,293,295]
/store/data/Run2024E/MuonEG/RAW/v1/000/380/963/00000/b15afd2f-b2ff-49ec-9f8b-a77686fbab60.root 380963 [337,338,340,339]
/store/data/Run2024E/MuonEG/RAW/v1/000/380/963/00000/b2185e52-42bc-4730-9a3e-7c51f39c5651.root 380963 [851,852,853,854,849,850]
/store/data/Run2024E/MuonEG/RAW/v1/000/380/963/00000/b4b246cd-f83f-43f0-9cc4-80e3df053a18.root 380963 [600,598,596,597,599]
/store/data/Run2024E/MuonEG/RAW/v1/000/380/963/00000/b6a4dc48-5cdf-446c-9935-5493d081b914.root 380963 [711,712,714,710,713,715]
/store/data/Run2024E/MuonEG/RAW/v1/000/380/963/00000/b8fe3b7f-c098-4639-8e8f-94215cedf797.root 380963 [306,308,307,305]
/store/data/Run2024E/MuonEG/RAW/v1/000/380/963/00000/ba79039d-a1aa-403c-9e61-18cd76f9d409.root 380963 [411,412,413,410]
/store/data/Run2024E/MuonEG/RAW/v1/000/380/963/00000/bc00ffbf-dac0-4ed7-b3a8-4d254fa3c8b3.root 380963 [520,522,519,521]
/store/data/Run2024E/MuonEG/RAW/v1/000/380/963/00000/bcdce03b-7cdc-492b-84b5-757a8d46d07f.root 380963 [940,939,942,938,941,943,937]
/store/data/Run2024E/MuonEG/RAW/v1/000/380/963/00000/be025097-fa30-4ded-a663-9e488650a6f0.root 380963 [577,580,579,576,578]
/store/data/Run2024E/MuonEG/RAW/v1/000/380/963/00000/c26520bd-0789-4936-bdac-06996a5a8ffb.root 380963 [145,144,146,147]
/store/data/Run2024E/MuonEG/RAW/v1/000/380/963/00000/c30f1cc0-b953-4cde-a438-b768631d2c70.root 380963 [441,438,440,439]
/store/data/Run2024E/MuonEG/RAW/v1/000/380/963/00000/c40102ee-4384-4195-9dd0-8d91417a25d6.root 380963 [187,186,185,184]
/store/data/Run2024E/MuonEG/RAW/v1/000/380/963/00000/c4f38c5f-d8ea-45db-b17a-6c0c81dd5db9.root 380963 [445,442,444,443]
/store/data/Run2024E/MuonEG/RAW/v1/000/380/963/00000/c801432f-c07b-41c3-8914-a1eef0edfbc1.root 380963 [737,739,734,736,738,735]
/store/data/Run2024E/MuonEG/RAW/v1/000/380/963/00000/c9af3fe7-38fb-4c3f-ae8f-76ddf9f9fc42.root 380963 [347,345,346,348]
/store/data/Run2024E/MuonEG/RAW/v1/000/380/963/00000/ca5b08e2-909f-4e84-85b0-1d5e97835dd2.root 380963 [623,621,622,624,625]
/store/data/Run2024E/MuonEG/RAW/v1/000/380/963/00000/cb2e33ae-e347-4bf8-8439-a26ea0d557e7.root 380963 [634,635,633,631,632]
/store/data/Run2024E/MuonEG/RAW/v1/000/380/963/00000/cbb05faa-360e-49a7-8ebd-d54a19f5606a.root 380963 [241,242,240,243]
/store/data/Run2024E/MuonEG/RAW/v1/000/380/963/00000/cc71624b-a0f8-4c72-89df-2de253b738d8.root 380963 [947,944,950,949,946,945,948]
/store/data/Run2024E/MuonEG/RAW/v1/000/380/963/00000/ccc3f6cd-87b7-47c0-b0f8-e1389e9e35d8.root 380963 [261,260,262,263]
/store/data/Run2024E/MuonEG/RAW/v1/000/380/963/00000/ccd1e9a4-eb13-47d0-8e4b-03b4f10a1572.root 380963 [283,280,281,282]
/store/data/Run2024E/MuonEG/RAW/v1/000/380/963/00000/cd0d28f6-50dd-44f8-bbbd-4c3a7f1af224.root 380963 [454,456,457,455]
/store/data/Run2024E/MuonEG/RAW/v1/000/380/963/00000/d0429daf-7d18-4e1b-b25e-bf2b838a7632.root 380963 [322,321,323,324]
/store/data/Run2024E/MuonEG/RAW/v1/000/380/963/00000/d059dddb-95d8-4414-be73-6051b955bfb8.root 380963 [142,143,141,140]
/store/data/Run2024E/MuonEG/RAW/v1/000/380/963/00000/d0b43b11-63fe-407a-a84a-629936b9f748.root 380963 [881,884,885,886,887,882,883]
/store/data/Run2024E/MuonEG/RAW/v1/000/380/963/00000/d61f97a0-4725-4ff7-b214-a69b65fe5dd6.root 380963 [914,910,911,913,908,909,912]
/store/data/Run2024E/MuonEG/RAW/v1/000/380/963/00000/d80923a8-b8bc-4f3b-bb8a-d2141337cf38.root 380963 [353,354,355,356]
/store/data/Run2024E/MuonEG/RAW/v1/000/380/963/00000/d88472be-9c45-4101-bf58-b3eb35292dc3.root 380963 [166,165,164,167]
/store/data/Run2024E/MuonEG/RAW/v1/000/380/963/00000/d9463e6e-6b2b-4779-853e-e54385fb8c5d.root 380963 [168,171,169,170]
/store/data/Run2024E/MuonEG/RAW/v1/000/380/963/00000/d971ceee-40ba-4567-bf79-a29b790b6a42.root 380963 [316,314,313,315]
/store/data/Run2024E/MuonEG/RAW/v1/000/380/963/00000/dbb03e43-0cb3-401a-a39f-62c8bf936349.root 380963 [127,134,132,133,129,131,128,130]
/store/data/Run2024E/MuonEG/RAW/v1/000/380/963/00000/ddbfd8ed-af0b-4f8d-91f7-8410ffb2c103.root 380963 [543,542,545,544]
/store/data/Run2024E/MuonEG/RAW/v1/000/380/963/00000/de670fe2-6087-4d9c-9ac9-7ade9592304a.root 380963 [508,506,507,509]
/store/data/Run2024E/MuonEG/RAW/v1/000/380/963/00000/e1d65aab-3bf5-4add-b45c-f9db7d059312.root 380963 [674,671,675,673,676,677,672]
/store/data/Run2024E/MuonEG/RAW/v1/000/380/963/00000/e28763f6-c5e5-4397-8107-e8896c210783.root 380963 [148,150,149,151]
/store/data/Run2024E/MuonEG/RAW/v1/000/380/963/00000/e3839d64-8d68-4a1c-a273-db11627da756.root 380963 [772,776,773,774,775,771]
/store/data/Run2024E/MuonEG/RAW/v1/000/380/963/00000/e386d56c-2dee-4334-9207-1f05a3b36b2f.root 380963 [162,161,160,163]
/store/data/Run2024E/MuonEG/RAW/v1/000/380/963/00000/e3cd93d4-ca67-4b77-a3c1-aa0c69e4f2ae.root 380963 [617,620,618,616,619]
/store/data/Run2024E/MuonEG/RAW/v1/000/380/963/00000/e6d1ce7c-a49e-49f1-abe8-74c6862e55b3.root 380963 [565,564,562,563,561]
/store/data/Run2024E/MuonEG/RAW/v1/000/380/963/00000/e77ac92c-a441-463b-82c7-ac58e21a3d81.root 380963 [279,278,276,277]
/store/data/Run2024E/MuonEG/RAW/v1/000/380/963/00000/e77b3b96-18fb-4e45-88b2-a4795b32df7a.root 380963 [232,233,234,235]
/store/data/Run2024E/MuonEG/RAW/v1/000/380/963/00000/e79d48c5-468f-4508-ad4e-8c34d6934919.root 380963 [71,74,67,78,68,76,77,70,73,69,72,75]
/store/data/Run2024E/MuonEG/RAW/v1/000/380/963/00000/ea46e71b-801f-43ad-9883-10c6ffcf004c.root 380963 [814,815,813,816,818,817]
/store/data/Run2024E/MuonEG/RAW/v1/000/380/963/00000/eacc8cda-b303-47f4-9c49-b5fe258f3818.root 380963 [902,905,906,907,901,903,904]
/store/data/Run2024E/MuonEG/RAW/v1/000/380/963/00000/ec0311dd-587a-470e-a0ca-f07f5f6dbaa2.root 380963 [731,730,732,729,728,733]
/store/data/Run2024E/MuonEG/RAW/v1/000/380/963/00000/eeb105f7-cdd7-4534-97ee-7d71a8c4bb74.root 380963 [332,331,329,330]
/store/data/Run2024E/MuonEG/RAW/v1/000/380/963/00000/f0cb13a7-e3e9-4019-a23f-9728d1aa6978.root 380963 [626,627,628,629,630]
/store/data/Run2024E/MuonEG/RAW/v1/000/380/963/00000/f1ec33af-1883-4b83-ba57-76d0c17dedf8.root 380963 [115,117,113,114,116,118,119]
/store/data/Run2024E/MuonEG/RAW/v1/000/380/963/00000/f23f431f-e603-4cb4-8055-562aff1238e5.root 380963 [231,230,228,229]
/store/data/Run2024E/MuonEG/RAW/v1/000/380/963/00000/f3e4f42c-41a8-4acd-99c7-2035de47e679.root 380963 [459,460,458,461]
/store/data/Run2024E/MuonEG/RAW/v1/000/380/963/00000/f805071f-c8dc-4359-8db4-b140496d43a7.root 380963 [462,463,464,465]
/store/data/Run2024E/MuonEG/RAW/v1/000/380/963/00000/f91541c7-bf9b-47dc-95df-40dad73f5aa4.root 380963 [4]
/store/data/Run2024E/MuonEG/RAW/v1/000/380/963/00000/f983035e-8ca5-4fc7-888f-90f07bc725af.root 380963 [778,777,780,781,782,779]
/store/data/Run2024E/MuonEG/RAW/v1/000/380/963/00000/fca47709-8191-4692-822f-37d68e7d26f4.root 380963 [688,690,691,689,692]
/store/data/Run2024E/MuonEG/RAW/v1/000/380/963/00000/fcbf2931-77c3-4633-9182-75e519e6cdea.root 380963 [435,434,436,437]
/store/data/Run2024E/MuonEG/RAW/v1/000/380/963/00000/fcf7dbbc-a6b3-4823-b484-adc506a76405.root 380963 [805,801,802,803,804,806]
/store/data/Run2024E/MuonEG/RAW/v1/000/381/022/00000/01331049-853a-499f-b916-fea44157fc50.root 381022 [223,221,220,222]
/store/data/Run2024E/MuonEG/RAW/v1/000/381/022/00000/05d1f003-0e33-4f69-b253-36673960bac0.root 381022 [130,128,127,129]
/store/data/Run2024E/MuonEG/RAW/v1/000/381/022/00000/05df46df-084b-4535-b39c-b2e4d553044b.root 381022 [334,335,333,332]
/store/data/Run2024E/MuonEG/RAW/v1/000/381/022/00000/0824e542-8182-425a-8d83-f3a549202cfd.root 381022 [274,273,271,272]
/store/data/Run2024E/MuonEG/RAW/v1/000/381/022/00000/084e7def-9061-49e9-997f-b7853644e4d7.root 381022 [134,132,133,135,131]
/store/data/Run2024E/MuonEG/RAW/v1/000/381/022/00000/09bb5e21-177c-45b2-acbb-6bd26f2dd920.root 381022 [379,380,381,382]
/store/data/Run2024E/MuonEG/RAW/v1/000/381/022/00000/0d5e4210-0152-48da-a2a9-0c67aa10a4de.root 381022 [587,586,588,585]
/store/data/Run2024E/MuonEG/RAW/v1/000/381/022/00000/0eb76738-1fb4-4258-9de1-826f128dd821.root 381022 [185,186,183,184]
/store/data/Run2024E/MuonEG/RAW/v1/000/381/022/00000/0f69e187-1021-4b50-8fd9-61539e008067.root 381022 [106,107,109,105,110,108]
/store/data/Run2024E/MuonEG/RAW/v1/000/381/022/00000/112d9d58-1436-42bc-8d3e-25dde1639ec6.root 381022 [209,210,207,208,211]
/store/data/Run2024E/MuonEG/RAW/v1/000/381/022/00000/11e197f7-7262-4b10-9462-89eafeea6a43.root 381022 [534,535,537,536,538]
/store/data/Run2024E/MuonEG/RAW/v1/000/381/022/00000/150fb552-62ab-468a-84ee-0075a7a86924.root 381022 [144,145,146,147]
/store/data/Run2024E/MuonEG/RAW/v1/000/381/022/00000/1814944c-a0b8-4541-aec4-fcbd1a7ee230.root 381022 [468,469,470,467]
/store/data/Run2024E/MuonEG/RAW/v1/000/381/022/00000/1a7daf2f-5a47-4cf9-ba92-4b00294aea8f.root 381022 [101,103,99,102,104,100]
/store/data/Run2024E/MuonEG/RAW/v1/000/381/022/00000/217945af-1d9b-4c68-9a7a-af3f1419e6ae.root 381022 [377,378,375,376]
/store/data/Run2024E/MuonEG/RAW/v1/000/381/022/00000/21fd255f-d74d-4e63-881f-2bb7bcc15848.root 381022 [596,597,593,594,595]
/store/data/Run2024E/MuonEG/RAW/v1/000/381/022/00000/2243e917-4d6a-4cb2-a6b8-ae4440bd615b.root 381022 [297,301,300,299,298]
/store/data/Run2024E/MuonEG/RAW/v1/000/381/022/00000/22d7f0e1-1eb6-499f-8ac3-1aa800999e60.root 381022 [394,395,393,392]
/store/data/Run2024E/MuonEG/RAW/v1/000/381/022/00000/24200d71-6d7f-4467-b3c9-463669f0bc69.root 381022 [416,417,418,414,415]
/store/data/Run2024E/MuonEG/RAW/v1/000/381/022/00000/242fab06-ca24-4f03-8533-efd65dec62a3.root 381022 [254,253,255,256]
/store/data/Run2024E/MuonEG/RAW/v1/000/381/022/00000/256fdd51-aa6d-4922-bf8d-a1ec5bc2ca2c.root 381022 [598,600,601,599]
/store/data/Run2024E/MuonEG/RAW/v1/000/381/022/00000/289beb8f-6adc-45a5-b745-0a7753f3a256.root 381022 [327,326,325,324]
/store/data/Run2024E/MuonEG/RAW/v1/000/381/022/00000/28b069e4-26fd-47cc-8479-10d7db301331.root 381022 [82,79,80,77,84,83,78,81]
/store/data/Run2024E/MuonEG/RAW/v1/000/381/022/00000/2b368381-fd32-4d1a-9ff9-189074df8973.root 381022 [336,339,338,337]
/store/data/Run2024E/MuonEG/RAW/v1/000/381/022/00000/2e1b1af2-02d0-4d24-8add-677af4ad7dd3.root 381022 [438,437,435,436]
/store/data/Run2024E/MuonEG/RAW/v1/000/381/022/00000/2fe373d4-1777-4487-a8db-2f095553d483.root 381022 [212,213,214,215]
/store/data/Run2024E/MuonEG/RAW/v1/000/381/022/00000/31b1b261-35b0-4083-8050-21b3371355fd.root 381022 [359,358,360,357]
/store/data/Run2024E/MuonEG/RAW/v1/000/381/022/00000/31d7515c-1205-4ffa-8d9e-aa02e351de82.root 381022 [257,258,260,259,261]
/store/data/Run2024E/MuonEG/RAW/v1/000/381/022/00000/328cf622-fca9-4855-83c3-8ae6a3784157.root 381022 [553,554,557,556,555]
/store/data/Run2024E/MuonEG/RAW/v1/000/381/022/00000/39969176-339d-4ea8-83e2-d7b4d92168c5.root 381022 [426,425,423,424]
/store/data/Run2024E/MuonEG/RAW/v1/000/381/022/00000/39c65e43-f831-42c8-8ace-f7301cc48f14.root 381022 [249,250,251,252]
/store/data/Run2024E/MuonEG/RAW/v1/000/381/022/00000/3a60a472-afba-457d-9cea-b6bbe36c903c.root 381022 [322,320,321,323]
/store/data/Run2024E/MuonEG/RAW/v1/000/381/022/00000/3e0d4edd-a5f3-4782-8326-49e1501520cc.root 381022 [522,523,520,521]
/store/data/Run2024E/MuonEG/RAW/v1/000/381/022/00000/3f1ba325-30c7-41de-a68a-b14cfb0956c4.root 381022 [413,410,412,411]
/store/data/Run2024E/MuonEG/RAW/v1/000/381/022/00000/3f9bb3f1-91d2-4c6f-92cd-d7b5e43185af.root 381022 [383,384,386,385]
/store/data/Run2024E/MuonEG/RAW/v1/000/381/022/00000/3fa55ea5-7b79-4360-8069-bbdc490c6bee.root 381022 [283,282,279,281,280]
/store/data/Run2024E/MuonEG/RAW/v1/000/381/022/00000/3fcabf87-6d01-454c-b8aa-0b88e3bc2e24.root 381022 [471,474,472,473]
/store/data/Run2024E/MuonEG/RAW/v1/000/381/022/00000/40ca82ea-de41-4b9a-aacf-0ec9acf96267.root 381022 [429,427,430,428]
/store/data/Run2024E/MuonEG/RAW/v1/000/381/022/00000/41517c13-bf5a-4619-971f-07d085132627.root 381022 [617,615,618,614,616]
/store/data/Run2024E/MuonEG/RAW/v1/000/381/022/00000/43f26f34-31a0-4d6f-87dd-27b12a972088.root 381022 [226,225,227,224]
/store/data/Run2024E/MuonEG/RAW/v1/000/381/022/00000/493f4d23-d6e4-4aa1-af32-1df594a055b7.root 381022 [513,511,515,512,514]
/store/data/Run2024E/MuonEG/RAW/v1/000/381/022/00000/4b991e70-d2c4-4503-a502-d3c8a7f7c3cf.root 381022 [119,120,121,117,118]
/store/data/Run2024E/MuonEG/RAW/v1/000/381/022/00000/4c671b88-5518-4218-8507-7ac589e27c9f.root 381022 [592,589,591,590]
/store/data/Run2024E/MuonEG/RAW/v1/000/381/022/00000/4e5c1e03-bfaa-4c90-898c-266ff72c0029.root 381022 [232,233,236,235,234]
/store/data/Run2024E/MuonEG/RAW/v1/000/381/022/00000/4ee119e3-0efb-4b65-bacd-9c46f29e0fc2.root 381022 [622,621,619,620]
/store/data/Run2024E/MuonEG/RAW/v1/000/381/022/00000/529154d6-d547-49ce-948f-7bf29fed3f08.root 381022 [304,305,302,303]
/store/data/Run2024E/MuonEG/RAW/v1/000/381/022/00000/529726de-e89b-4e35-9cec-da96a6f76461.root 381022 [63,64,68,70,74,76,65,67,69,73,72,66,75,71]
/store/data/Run2024E/MuonEG/RAW/v1/000/381/022/00000/55411305-8804-4242-b7fe-0b2877b08777.root 381022 [355,354,356,352,353]
/store/data/Run2024E/MuonEG/RAW/v1/000/381/022/00000/5825a944-a9e5-4333-a0f6-c9ea870ca1e4.root 381022 [267,270,266,269,268]
/store/data/Run2024E/MuonEG/RAW/v1/000/381/022/00000/5a67873a-7f00-41b8-9fea-dbf60d5c1e71.root 381022 [91,87,88,89,85,90,86]
/store/data/Run2024E/MuonEG/RAW/v1/000/381/022/00000/5a956a6d-5743-4222-bf58-fb65182e0f6c.root 381022 [581,582,584,583]
/store/data/Run2024E/MuonEG/RAW/v1/000/381/022/00000/5b624b00-a2cb-4932-8324-48c1f967ce24.root 381022 [262,264,265,263]
/store/data/Run2024E/MuonEG/RAW/v1/000/381/022/00000/5eeb735a-b203-4f47-96d2-a1fc8dfb7590.root 381022 [445,444,443,446,447]
/store/data/Run2024E/MuonEG/RAW/v1/000/381/022/00000/5fb3b58c-f334-4e33-a2f1-044f176acc59.root 381022 [489,491,493,490,492]
/store/data/Run2024E/MuonEG/RAW/v1/000/381/022/00000/62d38056-ed1c-4d0f-a1d2-52598ea1dc35.root 381022 [362,364,361,365,363]
/store/data/Run2024E/MuonEG/RAW/v1/000/381/022/00000/644457b3-0b51-43df-911b-bb91baf3a9b1.root 381022 [328,329,331,330]
/store/data/Run2024E/MuonEG/RAW/v1/000/381/022/00000/68936056-d2cb-4f62-b9eb-15843d6f707b.root 381022 [434,433,431,432]
/store/data/Run2024E/MuonEG/RAW/v1/000/381/022/00000/68f61be2-ee30-4dd3-8eb6-3ed23460ce0b.root 381022 [628,629,625,624,623,626,627,630]
/store/data/Run2024E/MuonEG/RAW/v1/000/381/022/00000/69eb8c6a-0170-4eb1-8b67-4a924a48f35a.root 381022 [602,604,603,605]
/store/data/Run2024E/MuonEG/RAW/v1/000/381/022/00000/6a45db23-8f84-4270-97b6-60eb596c74c3.root 381022 [500,499,498,501]
/store/data/Run2024E/MuonEG/RAW/v1/000/381/022/00000/6b652bef-549a-41fe-a1a6-137ca7d7036b.root 381022 [572,575,574,573]
/store/data/Run2024E/MuonEG/RAW/v1/000/381/022/00000/6d92611f-850e-486d-a802-aba4511d5f7d.root 381022 [7,8,16,13,9,12,17,10,11,14,15,18]
/store/data/Run2024E/MuonEG/RAW/v1/000/381/022/00000/72c420a3-2845-40c0-9abf-ad34eb8ada82.root 381022 [295,296,294,292,293]
/store/data/Run2024E/MuonEG/RAW/v1/000/381/022/00000/73687de9-9d70-4aea-8a1e-a5ded18fdc8b.root 381022 [160,156,157,158,159]
/store/data/Run2024E/MuonEG/RAW/v1/000/381/022/00000/7722151a-6790-41d5-8a5d-cfaf2274974b.root 381022 [228,231,229,230]
/store/data/Run2024E/MuonEG/RAW/v1/000/381/022/00000/77a8d922-13c2-4758-812c-91287b085be2.root 381022 [559,558,560,561]
/store/data/Run2024E/MuonEG/RAW/v1/000/381/022/00000/786f33d0-2724-4575-920c-7b3c2f62e484.root 381022 [114,115,116,111,112,113]
/store/data/Run2024E/MuonEG/RAW/v1/000/381/022/00000/796fa6aa-930a-4aaf-8353-31abc2c828f9.root 381022 [610,611,612,613]
/store/data/Run2024E/MuonEG/RAW/v1/000/381/022/00000/79a881a6-37db-47d1-8c63-2d0b6de02761.root 381022 [93,95,96,97,94,92,98]
/store/data/Run2024E/MuonEG/RAW/v1/000/381/022/00000/7cd00ad8-301d-4909-b42c-1ad1887b1cdb.root 381022 [475,476,477,478,479]
/store/data/Run2024E/MuonEG/RAW/v1/000/381/022/00000/81ec1030-8d47-4080-95a8-867100957ab3.root 381022 [397,398,399,396]
/store/data/Run2024E/MuonEG/RAW/v1/000/381/022/00000/89392631-bc9d-4296-95ab-4b5edf2a7cfc.root 381022 [419,420,421,422]
/store/data/Run2024E/MuonEG/RAW/v1/000/381/022/00000/8f05ff77-53a0-4106-9cd8-bbcbf9ffcf49.root 381022 [315,318,316,319,317]
/store/data/Run2024E/MuonEG/RAW/v1/000/381/022/00000/8f62202b-6396-466b-b80d-0536b70f8042.root 381022 [288,290,291,289]
/store/data/Run2024E/MuonEG/RAW/v1/000/381/022/00000/9000bce2-eabe-4768-9cb2-ac343e7cb3ed.root 381022 [192,191,193,194]
/store/data/Run2024E/MuonEG/RAW/v1/000/381/022/00000/9015a9ec-f541-4c11-a485-f2b872bf9857.root 381022 [138,139,137,136]
/store/data/Run2024E/MuonEG/RAW/v1/000/381/022/00000/9270674a-b408-4685-82a3-4d6d0ae72af5.root 381022 [125,126,123,124,122]
/store/data/Run2024E/MuonEG/RAW/v1/000/381/022/00000/9d615291-2254-4d76-ba7e-e66c647453b3.root 381022 [509,507,510,508]
/store/data/Run2024E/MuonEG/RAW/v1/000/381/022/00000/a24eb414-b185-4eb9-98b9-171ac6b7bd32.root 381022 [149,151,148,150]
/store/data/Run2024E/MuonEG/RAW/v1/000/381/022/00000/a2c77dce-2b36-4162-bc8f-d4d21dcec1e2.root 381022 [166,168,167,169]
/store/data/Run2024E/MuonEG/RAW/v1/000/381/022/00000/a2e77e55-0599-4bbe-b976-683e174186ec.root 381022 [607,608,606,609]
/store/data/Run2024E/MuonEG/RAW/v1/000/381/022/00000/a46019d6-9f1a-41c7-892c-5682b388723d.root 381022 [494,497,495,496]
/store/data/Run2024E/MuonEG/RAW/v1/000/381/022/00000/a7a036de-88ab-428d-9ce0-456e3e8cfc49.root 381022 [544,547,548,545,546]
/store/data/Run2024E/MuonEG/RAW/v1/000/381/022/00000/b55923d3-75b5-47fc-a3de-54e6cb32c818.root 381022 [308,310,309,307,306]
/store/data/Run2024E/MuonEG/RAW/v1/000/381/022/00000/b7653942-40e5-4e76-8da3-603887085e1c.root 381022 [371,372,374,373]
/store/data/Run2024E/MuonEG/RAW/v1/000/381/022/00000/b9647a4c-e582-414c-98ea-ecc18ad1e9c7.root 381022 [480,483,481,484,482]
/store/data/Run2024E/MuonEG/RAW/v1/000/381/022/00000/b97a684f-386c-4bcd-b4ec-956f93cd6249.root 381022 [344,345,346,347]
/store/data/Run2024E/MuonEG/RAW/v1/000/381/022/00000/bbc3aca7-4ac1-4efa-9fe9-76d168692b01.root 381022 [180,181,182,179]
/store/data/Run2024E/MuonEG/RAW/v1/000/381/022/00000/bd86bf0d-029d-4a6a-9156-109a95e26656.root 381022 [170,171,172,173,174]
/store/data/Run2024E/MuonEG/RAW/v1/000/381/022/00000/becf7a69-b295-42db-a6dd-697abf82c5b4.root 381022 [219,217,218,216]
/store/data/Run2024E/MuonEG/RAW/v1/000/381/022/00000/bf46e477-7cb7-4a02-b93c-563e12b2a213.root 381022 [570,568,567,569,571]
/store/data/Run2024E/MuonEG/RAW/v1/000/381/022/00000/c129d67e-43a2-43d5-8946-435cab04d678.root 381022 [551,552,549,550]
/store/data/Run2024E/MuonEG/RAW/v1/000/381/022/00000/cae760a8-374d-4c7e-bd4e-224617de2db3.root 381022 [343,340,342,341]
/store/data/Run2024E/MuonEG/RAW/v1/000/381/022/00000/cb74fa0f-207e-4994-82b7-a7e060dc9686.root 381022 [404,403,401,400,402]
/store/data/Run2024E/MuonEG/RAW/v1/000/381/022/00000/cc03407a-8f2c-44de-93e3-fc380571e57d.root 381022 [526,524,525,528,527]
/store/data/Run2024E/MuonEG/RAW/v1/000/381/022/00000/cdfd43cc-b192-4810-b34d-0b3758d6d60f.root 381022 [162,164,161,165,163]
/store/data/Run2024E/MuonEG/RAW/v1/000/381/022/00000/ce58fe14-768c-4706-973c-dbdbe1b7f2dc.root 381022 [576,580,577,579,578]
/store/data/Run2024E/MuonEG/RAW/v1/000/381/022/00000/cfb78f37-9a8b-4f92-af9b-89340e01a6fe.root 381022 [313,311,312,314]
/store/data/Run2024E/MuonEG/RAW/v1/000/381/022/00000/d11a7474-485e-4d15-a5d3-2f7c991848d8.root 381022 [566,564,565,562,563]
/store/data/Run2024E/MuonEG/RAW/v1/000/381/022/00000/d1784fe8-c1a0-4682-87af-f0a79a095884.root 381022 [152,154,155,153]
/store/data/Run2024E/MuonEG/RAW/v1/000/381/022/00000/d271b7bf-dbdc-4584-9b5f-72fcf196f8f5.root 381022 [466,465,462,463,464]
/store/data/Run2024E/MuonEG/RAW/v1/000/381/022/00000/d31f0e92-9d7b-4e80-9a7f-a4696f8bb5b2.root 381022 [539,543,541,542,540]
/store/data/Run2024E/MuonEG/RAW/v1/000/381/022/00000/d54090f7-a720-4f22-850e-f0c5f5dbe7e5.root 381022 [487,488,486,485]
/store/data/Run2024E/MuonEG/RAW/v1/000/381/022/00000/d54418a9-2b8e-4a6d-943d-bcf1c43a89f3.root 381022 [195,196,198,197]
/store/data/Run2024E/MuonEG/RAW/v1/000/381/022/00000/d920493d-fd56-4c6e-b1d1-f3b447fe42c9.root 381022 [142,140,141,143]
/store/data/Run2024E/MuonEG/RAW/v1/000/381/022/00000/db69cd74-7806-467e-b935-2fed957bde5a.root 381022 [454,455,452,453]
/store/data/Run2024E/MuonEG/RAW/v1/000/381/022/00000/ddfc6bf5-2dfe-4dd3-8b76-06f8f433625b.root 381022 [441,442,439,440]
/store/data/Run2024E/MuonEG/RAW/v1/000/381/022/00000/df6ef83a-a912-4b49-ac37-ad6f66aacd30.root 381022 [518,517,519,516]
/store/data/Run2024E/MuonEG/RAW/v1/000/381/022/00000/e05203ba-748d-48c3-9661-592ca4504816.root 381022 [285,287,284,286]
/store/data/Run2024E/MuonEG/RAW/v1/000/381/022/00000/e27cb99b-8c92-479c-8228-7cc2d60bde93.root 381022 [187,190,188,189]
/store/data/Run2024E/MuonEG/RAW/v1/000/381/022/00000/e35c51a1-1dce-4b96-81f6-89efa296b1f2.root 381022 [531,533,530,532,529]
/store/data/Run2024E/MuonEG/RAW/v1/000/381/022/00000/e52e427d-7dc5-46d4-9be7-82b5ba447d38.root 381022 [238,240,237,239]
/store/data/Run2024E/MuonEG/RAW/v1/000/381/022/00000/e5d6dad4-4545-4ac3-a58d-9162ee46fbd8.root 381022 [241,242,243,244]
/store/data/Run2024E/MuonEG/RAW/v1/000/381/022/00000/e6ab342d-19a9-4be3-9d15-4b79553ed5eb.root 381022 [275,276,277,278]
/store/data/Run2024E/MuonEG/RAW/v1/000/381/022/00000/e9a934cd-41c6-4488-94af-2019763ec742.root 381022 [505,503,502,504,506]
/store/data/Run2024E/MuonEG/RAW/v1/000/381/022/00000/ece1659b-5a5a-40ec-bdaf-b71473a8ab4b.root 381022 [245,247,246,248]
/store/data/Run2024E/MuonEG/RAW/v1/000/381/022/00000/ece50487-5543-4830-b2a4-bd4adbce427b.root 381022 [204,205,203,206]
/store/data/Run2024E/MuonEG/RAW/v1/000/381/022/00000/ed74a09c-1578-46c5-abc8-82e495c090a6.root 381022 [25,28,32,40,45,56,41,60,33,47,48,51,53,61,62,20,21,22,23,27,30,34,38,46,54,57,36,39,43,24,31,35,26,29,42,49,50,52,55,58,37,44,59]
/store/data/Run2024E/MuonEG/RAW/v1/000/381/022/00000/ee90fb76-0dc2-4785-ba25-0b46a3daa2a1.root 381022 [200,201,202,199]
/store/data/Run2024E/MuonEG/RAW/v1/000/381/022/00000/eeab7e94-5dcd-4394-842a-944d1a9c6745.root 381022 [390,387,388,389,391]
/store/data/Run2024E/MuonEG/RAW/v1/000/381/022/00000/f083706a-cab7-4b17-9094-36a89e1ff124.root 381022 [175,176,178,177]
/store/data/Run2024E/MuonEG/RAW/v1/000/381/022/00000/f5b28be5-17e1-43ee-8b37-4d090e8054bc.root 381022 [5,4]
/store/data/Run2024E/MuonEG/RAW/v1/000/381/022/00000/f6baf816-769d-4c17-929c-d75cc49c9bf1.root 381022 [350,348,349,351]
/store/data/Run2024E/MuonEG/RAW/v1/000/381/022/00000/fa3f8319-20a0-493e-b892-cc993ddcc806.root 381022 [2,1]
/store/data/Run2024E/MuonEG/RAW/v1/000/381/022/00000/fb8778a2-adaa-4e87-b28d-9c056ff9cce2.root 381022 [406,409,407,405,408]
/store/data/Run2024E/MuonEG/RAW/v1/000/381/022/00000/fd235094-b889-4211-8323-7ecbda8face2.root 381022 [457,461,458,459,460]
/store/data/Run2024E/MuonEG/RAW/v1/000/381/022/00000/fdf24b35-02ea-4cf6-a354-6dcb841d4802.root 381022 [448,450,451,449]
/store/data/Run2024E/MuonEG/RAW/v1/000/381/022/00000/fe760f0e-35fe-4a8c-9b81-3296126593d0.root 381022 [367,366,368,369,370]
