/store/data/Run2017F/JetHT/AOD/09Aug2019_UL2017-v1/260000/09B5AB94-3CBC-9C4B-95E6-939C4B13A7B2.root [1178,1185,1187,1163,1165,1186,1164,1179,1180,1184]
/store/data/Run2017F/JetHT/AOD/09Aug2019_UL2017-v1/260000/0DBD5A47-6118-374E-9F62-E2BCB8BA6310.root [1339,1362,1360,1370,1341,1352,1361,1353,1351,1369,1340]
/store/data/Run2017F/JetHT/AOD/09Aug2019_UL2017-v1/260000/14EDBCFC-DA30-2E44-ACA5-237E584156D4.root [1608,1598,1599,1606,1607,1617,1620,1619,1605,1618]
/store/data/Run2017F/JetHT/AOD/09Aug2019_UL2017-v1/260000/21DB7B2A-704F-4E4F-81BD-ECE12F90BE33.root [1791,1790,1793,1777,1789,1794,1779,1792,1795,1778,1780]
/store/data/Run2017F/JetHT/AOD/09Aug2019_UL2017-v1/260000/28E4BA42-859F-EA4C-85CF-F6AB50E119B7.root [1862,1912,1913,1863,1885,1886,1861,1888,1914,1887,1864]
/store/data/Run2017F/JetHT/AOD/09Aug2019_UL2017-v1/260000/36E9AFB5-AABC-7947-B2F2-8F0DB260EA75.root [864,882,865,948,883,885,895,859,884,894]
/store/data/Run2017F/JetHT/AOD/09Aug2019_UL2017-v1/260000/37F0EF35-8767-F542-86CF-D4C742889E62.root [1621,1642,1625,1628,1623,1641,1622,1624,1626,1627]
/store/data/Run2017F/JetHT/AOD/09Aug2019_UL2017-v1/260000/381E6621-7D01-434A-8DA1-39E22F9C1019.root [982,1074,1044,1075,1045,1073,1082,983,1083]
/store/data/Run2017F/JetHT/AOD/09Aug2019_UL2017-v1/260000/3BFEE2B8-F136-9346-B7A1-C4DDDD69C38A.root [1929,1928,1935,1934,1926,1932,1930,1931,1933,1936,1927]
/store/data/Run2017F/JetHT/AOD/09Aug2019_UL2017-v1/260000/3CEA63D2-F4DB-D848-99DE-AA44EDC7B75F.root [1915,1917,1922,1924,1916,1921,1923,1920,1925,1918,1919]
/store/data/Run2017F/JetHT/AOD/09Aug2019_UL2017-v1/260000/4479FEB5-5B34-0D4E-8BE4-5DA8EDA96775.root [2013,2024,2026,2012,2032,2027,2033,2014,2015,2016,2025,2028,2031,2029,2030,2040]
/store/data/Run2017F/JetHT/AOD/09Aug2019_UL2017-v1/260000/4938ED51-72EB-6548-9F38-F3F15E0F53A1.root [1449,1485,1483,1447,1448,1450,1499,1500,1486,1501,1484]
/store/data/Run2017F/JetHT/AOD/09Aug2019_UL2017-v1/260000/4D15B0B7-F550-014D-8B05-3A018AE4A57E.root [1706,1709,1712,1707,1708,1711,1710,1702,1703,1705]
/store/data/Run2017F/JetHT/AOD/09Aug2019_UL2017-v1/260000/61D52131-FC8B-7F41-BA44-4DAC3BC73FF7.root [1509,1520,1504,1522,1503,1506,1507,1508,1521,1502,1510,1505]
/store/data/Run2017F/JetHT/AOD/09Aug2019_UL2017-v1/260000/687C0380-5925-FF46-A11A-E96141BF8378.root [1246,1268,1244,1242,1253,1255,1254,1245,1241,1243]
/store/data/Run2017F/JetHT/AOD/09Aug2019_UL2017-v1/260000/71E21A83-2654-9A4D-8B2E-FA9A3619D995.root [1972,1985,1981,1986,1973,1974,1978,1975,1977,1979,1980,1984]
/store/data/Run2017F/JetHT/AOD/09Aug2019_UL2017-v1/260000/74A5ABAC-139A-C44D-992B-773531A51238.root [1337,1291,1315,1316,1322,1338,1317,1336,1323,1321]
/store/data/Run2017F/JetHT/AOD/09Aug2019_UL2017-v1/260000/7CE2AC3E-17D9-EB42-8856-746D0ACB846E.root [1228,1237,1240,1226,1227,1235,1236,1213,1238,1239]
/store/data/Run2017F/JetHT/AOD/09Aug2019_UL2017-v1/260000/7EFDCE10-5F95-8E45-B22A-65405FBE4C7C.root [1405,1408,1409,1401,1403,1399,1402,1404,1398,1400,1406]
/store/data/Run2017F/JetHT/AOD/09Aug2019_UL2017-v1/260000/7F301B8C-A492-7142-B90A-55D49F8145D5.root [1585,1593,1583,1595,1586,1596,1597,1600,1575,1584,1594]
/store/data/Run2017F/JetHT/AOD/09Aug2019_UL2017-v1/260000/86C897E6-9339-C544-BA13-47410C2CE07B.root [1947,1948,1957,1961,1959,1951,1958,1960,1949,1950,1976]
/store/data/Run2017F/JetHT/AOD/09Aug2019_UL2017-v1/260000/88AB816B-38DE-3D4C-A313-627E913E208F.root [1982,2001,2000,1997,2007,1983,2010,1998,1999,2008,2011,2009]
/store/data/Run2017F/JetHT/AOD/09Aug2019_UL2017-v1/260000/89B6BD42-509C-124E-B955-0A0BA0DF556C.root [1149,1127,1153,1148,1139,1141,1151,1152,1150,1140]
/store/data/Run2017F/JetHT/AOD/09Aug2019_UL2017-v1/260000/8D3B3E62-56B9-D941-89EE-41ACCD657674.root [1734,1735,1749,1767,1752,1750,1751,1768,1766,1765]
/store/data/Run2017F/JetHT/AOD/09Aug2019_UL2017-v1/260000/8D88FC22-501D-BB4E-8FA8-8BFB81287010.root [969,949,950,968,972,973,962,964,963,970,971]
/store/data/Run2017F/JetHT/AOD/09Aug2019_UL2017-v1/260000/91C12148-8205-A346-93D2-A0F42873BA44.root [751,752,732,735,734,754,733,736,753]
/store/data/Run2017F/JetHT/AOD/09Aug2019_UL2017-v1/260000/997D2159-CED4-4345-B34C-D8A1F74CE7D6.root [694,714,705,713,731,706,729,693,730]
/store/data/Run2017F/JetHT/AOD/09Aug2019_UL2017-v1/260000/9D183FAE-7DCD-CF47-B51A-9A905B0FB9FD.root [1269,1277,1270,1279,1286,1278,1287,1290,1288,1289]
/store/data/Run2017F/JetHT/AOD/09Aug2019_UL2017-v1/260000/A00C915C-D693-0341-930B-11BFD3D5482C.root [1420,1421,1430,1419,1410,1422,1427,1432,1429,1407,1428]
/store/data/Run2017F/JetHT/AOD/09Aug2019_UL2017-v1/260000/A0DD3BE2-B692-784F-82EE-9C1E5061E27F.root [843,852,853,848,851,850,842,815,858,849]
/store/data/Run2017F/JetHT/AOD/09Aug2019_UL2017-v1/260000/A7D5A8AA-D091-4841-9B44-A422FFAE3DCE.root [1433,1435,1436,1439,1431,1434,1438,1437,1440,1441,1442]
/store/data/Run2017F/JetHT/AOD/09Aug2019_UL2017-v1/260000/AB353EFD-1D98-6F4F-BC42-A2C35DED2776.root [1095,1113,1109,1096,1084,1094,1111,1112,1110]
/store/data/Run2017F/JetHT/AOD/09Aug2019_UL2017-v1/260000/BDE695E4-5C09-F34D-862A-0C56A49C28D1.root [1372,1397,1373,1385,1379,1378,1380,1384,1386,1371,1374]
/store/data/Run2017F/JetHT/AOD/09Aug2019_UL2017-v1/260000/C09B643D-7D37-2042-8BE3-83D8E41D4B8C.root [302,306,305]
/store/data/Run2017F/JetHT/AOD/09Aug2019_UL2017-v1/260000/C4F01F6E-950D-9442-BD02-A22339DF4B16.root [1799,1803,1802,1804,1805,1800,1796,1797,1798,1801,1808]
/store/data/Run2017F/JetHT/AOD/09Aug2019_UL2017-v1/260000/CD859547-C8E2-3244-9F44-5972077B7F93.root [1119,1124,1114,1120,1128,1129,1126,1125,1118]
/store/data/Run2017F/JetHT/AOD/09Aug2019_UL2017-v1/260000/CD95311A-93BE-3346-A390-880F7A557134.root [2041,2039,2042,2043]
/store/data/Run2017F/JetHT/AOD/09Aug2019_UL2017-v1/260000/D0577AED-D116-7C42-921D-F0E263028960.root [1188,1197,1201,1196,1199,1200,1212,1189,1198,1211]
/store/data/Run2017F/JetHT/AOD/09Aug2019_UL2017-v1/260000/D1BF3127-AE7F-CA49-9A14-B1C2473CD031.root [1688,1704,1694,1696,1701,1686,1695,1685,1693,1687]
/store/data/Run2017F/JetHT/AOD/09Aug2019_UL2017-v1/260000/D33CF740-7299-5042-86A2-08D03647B57A.root [1728,1733,1730,1725,1727,1732,1726,1729,1731,1736]
/store/data/Run2017F/JetHT/AOD/09Aug2019_UL2017-v1/260000/D3AA5436-7A36-D849-B0B4-E937E528DCC0.root [690,674,675,677,691,692,676,678,689]
/store/data/Run2017F/JetHT/AOD/09Aug2019_UL2017-v1/260000/D47A527A-FC7E-4342-A74E-92A18D17E488.root [9,652,653,673,655,660,15,659,656]
/store/data/Run2017F/JetHT/AOD/09Aug2019_UL2017-v1/260000/F306830E-DBDE-7B4D-929F-5900EC01C3B8.root [1651,1666,1667,1665,1649,1644,1668,1643,1650,1652]
/store/data/Run2017F/JetHT/AOD/09Aug2019_UL2017-v1/260000/F547A301-6EE7-D746-AEE7-29B841FE4AAE.root [1540,1541,1532,1535,1538,1533,1519,1531,1537,1534,1536,1539]
/store/data/Run2017F/JetHT/AOD/09Aug2019_UL2017-v1/260000/FB7C1732-70BF-7949-BADE-1423A50E9355.root [1812,1809,1816,1813,1806,1815,1814,1817,1807,1810,1811]
/store/data/Run2017F/JetHT/AOD/09Aug2019_UL2017-v1/260000/FBB7308A-7A42-8144-B6EF-217DE7959C0F.root [783,795,804,767,814,768,781,794,805,782]
/store/data/Run2017F/JetHT/AOD/09Aug2019_UL2017-v1/260000/FDDE1CB6-D9E9-6D4E-BA7A-EDA055E76AA5.root [1819,1832,1826,1827,1830,1828,1829,1831,1818,1820,1825]
/store/data/Run2017F/JetHT/AOD/09Aug2019_UL2017-v1/260000/FF67A72D-27CD-7F44-BA0F-E8DA4150B951.root [1544,1554,1576,1577,1552,1551,1578,1543,1546,1542,1545,1553]
/store/data/Run2017F/JetHT/AOD/09Aug2019_UL2017-v1/260001/076A9EA1-8A24-5442-B92E-4B0539915FFF.root [1603,1589,1591,1588,1590,1587,1592,1601,1602]
/store/data/Run2017F/JetHT/AOD/09Aug2019_UL2017-v1/260001/0AA4034A-6473-3D44-819A-3AEF6DF0F6A9.root [1717,1720,1700,1721,1715,1718,1716,1719,1713,1714]
/store/data/Run2017F/JetHT/AOD/09Aug2019_UL2017-v1/260001/0E6A0A80-7EAA-3545-B55B-D05CF7B303CD.root [668,671,679,682,681,670,669,672,680]
/store/data/Run2017F/JetHT/AOD/09Aug2019_UL2017-v1/260001/0FAA082F-2DB7-CA45-9155-E6A9529E0DAC.root [1260,1264,1273,1267,1265,1266,1272,1262,1263,1261]
/store/data/Run2017F/JetHT/AOD/09Aug2019_UL2017-v1/260001/0FEA8B64-A872-AE41-BAB0-AE512A977DE7.root [1875,1883,1877,1879,1876,1881,1880,1878,1882,1874,1884]
/store/data/Run2017F/JetHT/AOD/09Aug2019_UL2017-v1/260001/1005A1C1-F1DA-3C4D-A0A9-8259944FBD6A.root [1202,1203,1194,1204,1207,1208,1193,1205,1195,1206]
/store/data/Run2017F/JetHT/AOD/09Aug2019_UL2017-v1/260001/13B9B7EA-144E-754B-86A1-903E077F4D8D.root [22,17,6,20,21,5,19]
/store/data/Run2017F/JetHT/AOD/09Aug2019_UL2017-v1/260001/148CE4DF-0C9D-4D49-8488-0B964F848791.root [1673,1681,1680,1677,1671,1675,1678,1676,1674,1679]
/store/data/Run2017F/JetHT/AOD/09Aug2019_UL2017-v1/260001/152563B3-D590-5E4B-B262-4062419D6915.root [1382,1363,1366,1365,1375,1376,1364,1381,1368,1377,1367]
/store/data/Run2017F/JetHT/AOD/09Aug2019_UL2017-v1/260001/1700A227-0576-3945-9DE6-CC9CD74BE2C6.root [1462,1459,1467,1455,1461,1463,1466,1465,1464,1458,1460]
/store/data/Run2017F/JetHT/AOD/09Aug2019_UL2017-v1/260001/1CE46BCB-2932-8540-802F-D1A2D4F7555A.root [1318,1320,1328,1329,1319,1324,1325,1326,1313,1314]
/store/data/Run2017F/JetHT/AOD/09Aug2019_UL2017-v1/260001/1E9E6186-71E2-4E4F-8C83-A1D9F47EE497.root [866,856,861,854,855,857,860,847,862,863]
/store/data/Run2017F/JetHT/AOD/09Aug2019_UL2017-v1/260001/1EA8B079-3A7F-244B-9DB8-71FC263FEE67.root [1017,1022,1016,1023,1021,1015,1019,1018,1020]
/store/data/Run2017F/JetHT/AOD/09Aug2019_UL2017-v1/260001/21B5A07A-5161-E44C-86D3-3FA9DC3DF928.root [1757,1764,1771,1759,1761,1758,1763,1770,1762,1769]
/store/data/Run2017F/JetHT/AOD/09Aug2019_UL2017-v1/260001/228890FB-A212-D745-B8CB-E8D0FD478ADC.root [807,809,811,810,802,806,808,803,812]
/store/data/Run2017F/JetHT/AOD/09Aug2019_UL2017-v1/260001/279C3362-0469-2D4D-85BE-3C25132ED271.root [1134,1144,1137,1142,1133,1136,1132,1135,1138,1143]
/store/data/Run2017F/JetHT/AOD/09Aug2019_UL2017-v1/260001/28FB05E6-490B-D94D-AB42-C3EF436A69C5.root [1107,1108,1121,1123,1115,1117,1122,1116,1130,1131]
/store/data/Run2017F/JetHT/AOD/09Aug2019_UL2017-v1/260001/2D6B219B-530F-A848-868B-D639A1F4AE6D.root [1349,1350,1346,1356,1355,1347,1348,1354,1357,1358,1359]
/store/data/Run2017F/JetHT/AOD/09Aug2019_UL2017-v1/260001/32B8B08D-A5AB-0340-919B-0A10B44DB600.root [700,701,702,698,699,707,703,704,708]
/store/data/Run2017F/JetHT/AOD/09Aug2019_UL2017-v1/260001/374243CC-6A61-944D-8551-C1C8BE024579.root [1993,1969,1987,1988,1970,1967,1989,1992,1994,1990,1991,1971]
/store/data/Run2017F/JetHT/AOD/09Aug2019_UL2017-v1/260001/38AC1A91-658B-2D4E-9015-D5F9186EEA91.root [25,23,26,27,24,28,29,30]
/store/data/Run2017F/JetHT/AOD/09Aug2019_UL2017-v1/260001/3DDB4FE1-3E8E-2244-A905-505939739FA2.root [1302,1307,1305,1303,1310,1306,1309,1312,1304,1308,1311]
/store/data/Run2017F/JetHT/AOD/09Aug2019_UL2017-v1/260001/4060665B-D685-7A47-8263-4CE4E05DC3EB.root [915,920,911,913,919,914,924,916,912,923]
/store/data/Run2017F/JetHT/AOD/09Aug2019_UL2017-v1/260001/40830797-2C30-3E41-AC05-C62293253506.root [1087,1088,1089,1091,1092,1090,1097,1086,1093]
/store/data/Run2017F/JetHT/AOD/09Aug2019_UL2017-v1/260001/435459F0-4483-3545-800A-CEABBA9350B7.root [596,590,595,594,593,597,592,591]
/store/data/Run2017F/JetHT/AOD/09Aug2019_UL2017-v1/260001/4D4AA221-8BF1-2C41-BCD6-1E8BFBECE647.root [1956,1952,1962,1966,1968,1964,1965,1954,1955,1963,1953]
/store/data/Run2017F/JetHT/AOD/09Aug2019_UL2017-v1/260001/4F49749C-201D-A646-B547-2EE16627EFFA.root [1480,1488,1493,1479,1494,1481,1487,1489,1482,1490,1491,1492]
/store/data/Run2017F/JetHT/AOD/09Aug2019_UL2017-v1/260001/54361B5C-1F1C-874B-8CE7-3F8F5737E7D2.root [1737,1740,1742,1724,1739,1741,1723,1738,1744,1722]
/store/data/Run2017F/JetHT/AOD/09Aug2019_UL2017-v1/260001/59218DDD-19D4-1140-B01C-988294974BA0.root [1633,1638,1637,1630,1629,1636,1635,1631,1634,1640]
/store/data/Run2017F/JetHT/AOD/09Aug2019_UL2017-v1/260001/5B9FF80D-4002-8E44-8B59-6F9616D5B326.root [1555,1560,1563,1565,1558,1564,1557,1559,1556,1561,1562,1566]
/store/data/Run2017F/JetHT/AOD/09Aug2019_UL2017-v1/260001/5E08D8B4-1770-2342-9D43-15936417F2AC.root [1046,1043,1048,1042,1050,1052,1047,1049,1051]
/store/data/Run2017F/JetHT/AOD/09Aug2019_UL2017-v1/260001/5FC3BAA8-4B1C-6D43-9EB4-BEF6427461AC.root [747,748,750,749,755,757,758,746,756]
/store/data/Run2017F/JetHT/AOD/09Aug2019_UL2017-v1/260001/60A7AE77-1116-B543-829F-5B7F32783CDA.root [1996,2020,2022,2002,2006,2021,1995,2003,2004,2018,2005,2019,2017]
/store/data/Run2017F/JetHT/AOD/09Aug2019_UL2017-v1/260001/62EDFC3B-CBCC-E74E-B1E1-1AE1362D3625.root [607,612,606,609,611,610,613,608]
/store/data/Run2017F/JetHT/AOD/09Aug2019_UL2017-v1/260001/64794294-1C09-A849-8C83-5EE8B2A67664.root [623,624,628,629,626,627,625,622]
/store/data/Run2017F/JetHT/AOD/09Aug2019_UL2017-v1/260001/669C9590-31FC-C24A-96C1-4CAF2117D0FB.root [271,272,301,253,254,261,262]
/store/data/Run2017F/JetHT/AOD/09Aug2019_UL2017-v1/260001/6B1B4642-20D8-D54F-A123-9506B5698982.root [2044,2053,2023,2037,2049,2038,2045,2050,2051,2052,2036,2048,2034,2047,2035,2046]
/store/data/Run2017F/JetHT/AOD/09Aug2019_UL2017-v1/260001/6D8C709B-9A2B-2941-AE0E-AECBEABDB1F4.root [1072,1062,1067,1068,1063,1065,1066,1069,1064]
/store/data/Run2017F/JetHT/AOD/09Aug2019_UL2017-v1/260001/6EE456FF-8C66-C643-BFD7-ECF9D17E2029.root [1389,1383,1388,1390,1391,1395,1392,1394,1387,1393,1396]
/store/data/Run2017F/JetHT/AOD/09Aug2019_UL2017-v1/260001/71735465-7FE1-4D43-BA33-6EEAC30D1EE6.root [13,11,16,18,12,14,98]
/store/data/Run2017F/JetHT/AOD/09Aug2019_UL2017-v1/260001/71FEF9A8-F702-764B-967D-4EFEEE0B7875.root [1513,1518,1511,1496,1498,1495,1517,1497,1512,1514,1515,1516]
/store/data/Run2017F/JetHT/AOD/09Aug2019_UL2017-v1/260001/72333CDD-282C-3F4C-87D1-E75D11028FCB.root [997,998,1002,1001,1000,1003,1004,1005,999]
/store/data/Run2017F/JetHT/AOD/09Aug2019_UL2017-v1/260001/73E6E94B-1D08-CC48-8320-EC5235EBD858.root [954,958,960,956,961,966,955,965,957,959,967]
/store/data/Run2017F/JetHT/AOD/09Aug2019_UL2017-v1/260001/75D80809-180A-BE45-8E47-CFE364CC2C9C.root [877,879,880,887,878,881,886,889,888,898]
/store/data/Run2017F/JetHT/AOD/09Aug2019_UL2017-v1/260001/7BCC824F-8520-AD4C-AC00-FBF83A160DC2.root [762,769,760,766,761,763,759,765,764]
/store/data/Run2017F/JetHT/AOD/09Aug2019_UL2017-v1/260001/7D950627-D549-4846-8E8B-FCC5D64CBA2F.root [1055,1056,1058,1053,1057,1059,1061,1054,1060]
/store/data/Run2017F/JetHT/AOD/09Aug2019_UL2017-v1/260001/7F15151C-D698-D842-A87C-5650F823C8DC.root [642,640,644,646,645,641,647,643]
/store/data/Run2017F/JetHT/AOD/09Aug2019_UL2017-v1/260001/7FAB17F8-3C5F-AF4F-BBC0-464B96BAD38E.root [1786,1821,1822,1836,1833,1787,1823,1824,1835,1834,1788]
/store/data/Run2017F/JetHT/AOD/09Aug2019_UL2017-v1/260001/804CE6F8-07CE-434E-908A-E1DD3320E8C4.root [1412,1426,1425,1414,1416,1424,1413,1415,1411,1417,1418]
/store/data/Run2017F/JetHT/AOD/09Aug2019_UL2017-v1/260001/854C4FC3-D0EB-8042-8E18-1F9CD30DA154.root [722,724,727,719,728,723,725,726,721]
/store/data/Run2017F/JetHT/AOD/09Aug2019_UL2017-v1/260001/85C13DAF-5905-544D-861E-9A01C471E30D.root [243,247,250,249,244,242,248]
/store/data/Run2017F/JetHT/AOD/09Aug2019_UL2017-v1/260001/868819ED-C758-5F4D-8700-B30F52D25C2E.root [1860,1870,1865,1872,1869,1873,1866,1867,1868,1859,1871]
/store/data/Run2017F/JetHT/AOD/09Aug2019_UL2017-v1/260001/891CB0BC-416B-5449-9DAA-B70B24984FA7.root [925,929,930,926,928,931,927,934,935,953]
/store/data/Run2017F/JetHT/AOD/09Aug2019_UL2017-v1/260001/8B48E7BA-C7A3-0842-8CC6-03C8F5A8F7C1.root [40,42,44,41,43,38,39]
/store/data/Run2017F/JetHT/AOD/09Aug2019_UL2017-v1/260001/8B62B477-1409-E341-BAC1-8FD00A501754.root [786,789,780,784,788,787,779,785,790]
/store/data/Run2017F/JetHT/AOD/09Aug2019_UL2017-v1/260001/9081FD87-8C92-9A48-B3EC-0E7961F334FC.root [80,84,78,83,79,81,77,82]
/store/data/Run2017F/JetHT/AOD/09Aug2019_UL2017-v1/260001/91864573-D592-A941-A989-D2BE7CF22E6E.root [867,873,868,876,869,870,871,875,872,874]
/store/data/Run2017F/JetHT/AOD/09Aug2019_UL2017-v1/260001/945B6920-5A96-5344-A86D-41D7943A3350.root [771,773,774,777,772,775,770,776,778]
/store/data/Run2017F/JetHT/AOD/09Aug2019_UL2017-v1/260001/956D7CD3-A522-104A-BCC9-33EB2CB1E3E4.root [845,846,838,841,840,836,835,837,839,844]
/store/data/Run2017F/JetHT/AOD/09Aug2019_UL2017-v1/260001/959A1D4A-2BA4-6D4D-B93A-F5B4FD7BFD6D.root [35,33,37,32,34,31,36]
/store/data/Run2017F/JetHT/AOD/09Aug2019_UL2017-v1/260001/99521FD0-9EF1-0F4F-8F5E-6369E1E1D4CC.root [737,740,741,738,743,744,742,739,745]
/store/data/Run2017F/JetHT/AOD/09Aug2019_UL2017-v1/260001/9AC7B055-9093-1C4E-B4E0-58F39E6C0691.root [1292,1294,1298,1300,1299,1296,1297,1295,1301,1293]
/store/data/Run2017F/JetHT/AOD/09Aug2019_UL2017-v1/260001/9C93743C-A0CA-C746-9FF2-5FFA629BF4B9.root [583,589,584,585,582,586,588,587]
/store/data/Run2017F/JetHT/AOD/09Aug2019_UL2017-v1/260001/9E382834-4E37-7C4B-BDBB-B8601DE85812.root [996,991,995,990,992,994,988,989,993]
/store/data/Run2017F/JetHT/AOD/09Aug2019_UL2017-v1/260001/9E8B6DFB-8EFA-EC4F-9242-40F3306C6F44.root [88,91,85,89,87,86,90,92]
/store/data/Run2017F/JetHT/AOD/09Aug2019_UL2017-v1/260001/9EB9A532-E708-8348-B09D-2B743AC6B0B6.root [1006,1009,1010,1013,1014,1007,1012,1008,1011]
/store/data/Run2017F/JetHT/AOD/09Aug2019_UL2017-v1/260001/9F53A4DA-D889-C041-BDED-91AC47A0F153.root [1469,1472,1478,1468,1477,1474,1475,1476,1473,1470,1471]
/store/data/Run2017F/JetHT/AOD/09Aug2019_UL2017-v1/260001/9F69BE5C-45B2-634A-B530-1E21B334C8F3.root [630,631,636,635,637,638,639,634]
/store/data/Run2017F/JetHT/AOD/09Aug2019_UL2017-v1/260001/A6FFA955-47AE-7B48-917C-4C8AA0039D2B.root [1026,1028,1027,1031,1032,1025,1029,1030,1024]
/store/data/Run2017F/JetHT/AOD/09Aug2019_UL2017-v1/260001/A8995A8F-DA6F-3C4A-8061-BD90D75C3F16.root [1171,1161,1170,1172,1168,1169,1162,1166,1167,1173]
/store/data/Run2017F/JetHT/AOD/09Aug2019_UL2017-v1/260001/AB397B46-488A-3148-BEC6-D13188768C6A.root [1852,1857,1851,1858,1850,1853,1856,1849,1854,1855,1847]
/store/data/Run2017F/JetHT/AOD/09Aug2019_UL2017-v1/260001/ACBA61C0-E5BD-4247-B1EB-5D8B74F3FFB9.root [1443,1423,1444,1446,1456,1451,1454,1445,1457,1453,1452]
/store/data/Run2017F/JetHT/AOD/09Aug2019_UL2017-v1/260001/AEE2B425-840F-B743-B350-AE029829D073.root [710,712,716,717,709,718,720,711,715]
/store/data/Run2017F/JetHT/AOD/09Aug2019_UL2017-v1/260001/B098E9F0-A90A-CD4A-A207-B63282321716.root [1784,1774,1782,1775,1776,1781,1783,1785,1772,1773]
/store/data/Run2017F/JetHT/AOD/09Aug2019_UL2017-v1/260001/B0A9ED45-A198-484A-93BA-6E3004402229.root [1659,1658,1664,1670,1663,1660,1669,1661,1662,1672]
/store/data/Run2017F/JetHT/AOD/09Aug2019_UL2017-v1/260001/B163F334-B6BF-FC49-89B7-9730920362CE.root [4,8,10,2,7,1,3]
/store/data/Run2017F/JetHT/AOD/09Aug2019_UL2017-v1/260001/B2A40807-17F2-224A-9B30-1C9CBDDF750B.root [1247,1256,1257,1250,1248,1249,1252,1251,1258,1259]
/store/data/Run2017F/JetHT/AOD/09Aug2019_UL2017-v1/260001/B2BF2F92-D544-3349-AA14-027676320285.root [50,46,49,51,45,52,47,48]
/store/data/Run2017F/JetHT/AOD/09Aug2019_UL2017-v1/260001/B3703B76-1E76-624F-8B9B-6EA8115296AD.root [1906,1900,1908,1909,1902,1905,1910,1901,1903,1907,1904]
/store/data/Run2017F/JetHT/AOD/09Aug2019_UL2017-v1/260001/B412BA81-F377-ED4F-A865-5985B19F65C5.root [617,619,621,614,620,618,615,616]
/store/data/Run2017F/JetHT/AOD/09Aug2019_UL2017-v1/260001/B4F75320-8B2D-1B49-A713-9F59856A076C.root [1648,1654,1657,1656,1645,1646,1653,1655,1639,1647]
/store/data/Run2017F/JetHT/AOD/09Aug2019_UL2017-v1/260001/B8D71C09-3412-DB40-B7BB-3FFB5BEC4BD9.root [687,695,686,696,697,684,685,688,683]
/store/data/Run2017F/JetHT/AOD/09Aug2019_UL2017-v1/260001/BA932AE3-B3FB-EE46-9346-E69710F7AAAC.root [70,69,71,75,76,72,74,73]
/store/data/Run2017F/JetHT/AOD/09Aug2019_UL2017-v1/260001/BF128E22-911F-D942-B7A3-98782CC532EA.root [1890,1889,1893,1899,1894,1891,1892,1898,1896,1897,1895]
/store/data/Run2017F/JetHT/AOD/09Aug2019_UL2017-v1/260001/C20158D6-D542-B44D-9DAE-E9809B1A1429.root [791,796,799,800,793,798,801,792,797]
/store/data/Run2017F/JetHT/AOD/09Aug2019_UL2017-v1/260001/C384C85A-F6E8-5641-AE28-8AE68D476E82.root [1938,1939,1946,1940,1911,1937,1942,1941,1945,1943,1944]
/store/data/Run2017F/JetHT/AOD/09Aug2019_UL2017-v1/260001/C873893B-9C76-8D45-825C-2B56534BFE90.root [900,901,902,907,910,903,899,906,909,908]
/store/data/Run2017F/JetHT/AOD/09Aug2019_UL2017-v1/260001/C9BAE372-C95A-C842-AF91-588CC40229D3.root [53,60,54,55,56,58,57,59]
/store/data/Run2017F/JetHT/AOD/09Aug2019_UL2017-v1/260001/CF8E06E7-5FD7-B644-BA45-0C814A1BDF6B.root [1843,1844,1846,1838,1837,1839,1848,1840,1842,1845,1841]
/store/data/Run2017F/JetHT/AOD/09Aug2019_UL2017-v1/260001/D088BB0C-A8F7-A04D-8BD4-2B270DD0DA19.root [1632,1609,1613,1615,1604,1612,1614,1610,1611,1616]
/store/data/Run2017F/JetHT/AOD/09Aug2019_UL2017-v1/260001/D0F998A1-9BDA-9E4D-912A-20948905DB4E.root [1275,1276,1285,1282,1280,1274,1284,1281,1271,1283]
/store/data/Run2017F/JetHT/AOD/09Aug2019_UL2017-v1/260001/D7489E0C-6FAC-4A4B-820D-2E661AD15417.root [827,829,833,831,834,825,832,826,828,830]
/store/data/Run2017F/JetHT/AOD/09Aug2019_UL2017-v1/260001/D839C7A7-7DF5-C942-B454-6EC9839EFA35.root [662,658,664,665,657,663,666,661,667]
/store/data/Run2017F/JetHT/AOD/09Aug2019_UL2017-v1/260001/D91A8A34-6B38-EE4C-966C-20A1BF9CE382.root [1070,1077,1081,1085,1071,1078,1076,1079,1080]
/store/data/Run2017F/JetHT/AOD/09Aug2019_UL2017-v1/260001/D9986A22-E2DC-D443-8F9D-FD64B11AC9BF.root [1036,1034,1039,1038,1033,1040,1035,1037,1041]
/store/data/Run2017F/JetHT/AOD/09Aug2019_UL2017-v1/260001/DB3F3255-D582-AB42-81D2-FC90EA4632C0.root [238,103,106,104,237,105,241]
/store/data/Run2017F/JetHT/AOD/09Aug2019_UL2017-v1/260001/DD3A80F9-F7C2-0949-9EA2-5AF1149C7668.root [550,570,571,465,466,551,467,468,374,552]
/store/data/Run2017F/JetHT/AOD/09Aug2019_UL2017-v1/260001/E353B7ED-B284-B443-B0F3-68D7C720BA28.root [819,821,816,824,817,818,820,822,813,823]
/store/data/Run2017F/JetHT/AOD/09Aug2019_UL2017-v1/260001/E3724212-F0E9-D24F-B897-AE6097D0CD61.root [1327,1331,1335,1342,1332,1333,1334,1345,1343,1330,1344]
/store/data/Run2017F/JetHT/AOD/09Aug2019_UL2017-v1/260001/E388110B-958B-C04C-A133-4421F5C624D5.root [985,978,976,986,984,974,979,975,977,987]
/store/data/Run2017F/JetHT/AOD/09Aug2019_UL2017-v1/260001/E38B10BB-68F0-234F-B2B3-50573705594C.root [603,604,598,600,605,602,599,601]
/store/data/Run2017F/JetHT/AOD/09Aug2019_UL2017-v1/260001/E670BA47-A139-9A45-805D-FB1643D623E6.root [1567,1569,1571,1580,1568,1572,1573,1574,1582,1579,1581,1570]
/store/data/Run2017F/JetHT/AOD/09Aug2019_UL2017-v1/260001/EB544A8B-F7F6-8148-8387-FCD107FA1C08.root [1157,1159,1158,1154,1155,1147,1156,1146,1160,1145]
/store/data/Run2017F/JetHT/AOD/09Aug2019_UL2017-v1/260001/EB9720F2-1068-1549-B587-DD67C32D7378.root [1174,1183,1175,1176,1190,1191,1181,1192,1177,1182]
/store/data/Run2017F/JetHT/AOD/09Aug2019_UL2017-v1/260001/ECD02D4D-BC4E-9B44-AD1C-C877ED4EDD3D.root [1524,1526,1549,1523,1527,1525,1547,1550,1530,1528,1529,1548]
/store/data/Run2017F/JetHT/AOD/09Aug2019_UL2017-v1/260001/F08E7C50-7CB2-E14F-B3CF-0DB8B79D330C.root [62,63,64,66,67,61,65,68]
/store/data/Run2017F/JetHT/AOD/09Aug2019_UL2017-v1/260001/F3146B47-9781-0242-869B-66DFF5E0AA68.root [1100,1101,1102,1105,1103,1106,1098,1104,1099]
/store/data/Run2017F/JetHT/AOD/09Aug2019_UL2017-v1/260001/F334889C-EF2D-5444-AEBC-139477563D83.root [1692,1699,1697,1698,1682,1689,1690,1683,1684,1691]
/store/data/Run2017F/JetHT/AOD/09Aug2019_UL2017-v1/260001/F61265CC-3381-C546-9CEC-5DE9DFD48819.root [96,93,94,101,95,97,99,100]
/store/data/Run2017F/JetHT/AOD/09Aug2019_UL2017-v1/260001/F7DDB28C-9644-4349-8EEB-7E145FA6A138.root [1223,1232,1233,1224,1222,1225,1230,1229,1231,1234]
/store/data/Run2017F/JetHT/AOD/09Aug2019_UL2017-v1/260001/F7E9F9F2-455C-DA44-9860-6F2BB0847BF1.root [573,575,576,580,572,577,578,581]
/store/data/Run2017F/JetHT/AOD/09Aug2019_UL2017-v1/260001/FBA83993-151E-FC45-B22D-521C10DA7257.root [107,313,314,337,373,102,236,235,336]
/store/data/Run2017F/JetHT/AOD/09Aug2019_UL2017-v1/260001/FD82A9C7-4328-AB47-853B-FAD811C595DE.root [648,650,649,651]
/store/data/Run2017F/JetHT/AOD/09Aug2019_UL2017-v1/260001/FDD0CEA9-1F85-9040-9770-97107CE38295.root [1218,1210,1214,1217,1219,1220,1221,1215,1209,1216]
/store/data/Run2017F/JetHT/AOD/09Aug2019_UL2017-v1/260001/FE26D1F0-926D-8D4E-BC5B-931BDE9A0CFB.root [1753,1756,1746,1747,1754,1748,1755,1760,1743,1745]
/store/data/Run2017F/JetHT/AOD/09Aug2019_UL2017-v1/270000/031E55FA-DBE2-FF44-B77C-855DCC99199B.root [189,193,194,191,188,192,190]
/store/data/Run2017F/JetHT/AOD/09Aug2019_UL2017-v1/270000/05C10854-CD9D-A54D-B0B1-58458915DD2A.root [267,265,266,263,268,269,264]
/store/data/Run2017F/JetHT/AOD/09Aug2019_UL2017-v1/270000/071B831D-59DD-8F4D-92CC-5969FA3FFB35.root [476,478,479,480,481,482,477,483]
/store/data/Run2017F/JetHT/AOD/09Aug2019_UL2017-v1/270000/0734C521-7FD7-8945-85A2-4BB7F587DABE.root [509,511,513,506,510,507,508,512]
/store/data/Run2017F/JetHT/AOD/09Aug2019_UL2017-v1/270000/0FAEFA48-3D18-0840-9EF1-0778F95F2036.root [152,158,153,157,155,154,156]
/store/data/Run2017F/JetHT/AOD/09Aug2019_UL2017-v1/270000/19D391B8-2CE6-5B4B-BCBC-6301C8FE2405.root [423,419,417,418,424,421,422,420]
/store/data/Run2017F/JetHT/AOD/09Aug2019_UL2017-v1/270000/1E9B6311-DAE7-A746-B407-509609505649.root [540,543,539,544,545,538,542,541]
/store/data/Run2017F/JetHT/AOD/09Aug2019_UL2017-v1/270000/275F79F1-6B8E-2D4D-A1FB-68C02987E48C.root [443,441,448,442,445,447,446,444]
/store/data/Run2017F/JetHT/AOD/09Aug2019_UL2017-v1/270000/28C2FF3E-2213-1A4E-A8E1-94CF390D2F91.root [537,534,533,530,531,535,532,536]
/store/data/Run2017F/JetHT/AOD/09Aug2019_UL2017-v1/270000/39262EBB-ACB4-6740-B765-72778FC44464.root [492,495,494,496,498,493,497]
/store/data/Run2017F/JetHT/AOD/09Aug2019_UL2017-v1/270000/39AF2E6D-6411-8F4E-AE79-2A73990DACE9.root [273,278,275,276,270,274,277]
/store/data/Run2017F/JetHT/AOD/09Aug2019_UL2017-v1/270000/3E4D700F-CA86-764C-9E1B-4EB7E1A8148E.root [429,427,431,428,425,426,432,430]
/store/data/Run2017F/JetHT/AOD/09Aug2019_UL2017-v1/270000/40919B89-27CB-ED48-88DC-FF900822C117.root [633,567,566,579,569,632,565,568,574]
/store/data/Run2017F/JetHT/AOD/09Aug2019_UL2017-v1/270000/41EF66A5-74A4-6A42-BCA9-9ECB2E7F71F7.root [223,219,221,222,224,217,220,218]
/store/data/Run2017F/JetHT/AOD/09Aug2019_UL2017-v1/270000/457474A3-C40A-4141-B48B-3ECB03C34445.root [503,500,505,501,502,499,504]
/store/data/Run2017F/JetHT/AOD/09Aug2019_UL2017-v1/270000/4AA26993-FC01-CD46-8245-C602C1F99A5F.root [210,212,215,211,214,209,216,213]
/store/data/Run2017F/JetHT/AOD/09Aug2019_UL2017-v1/270000/4B841723-C136-4D4A-9998-94DF8D0D0D42.root [936,941,921,938,939,922,933,940,932,937]
/store/data/Run2017F/JetHT/AOD/09Aug2019_UL2017-v1/270000/4D5330D4-D77D-C942-B064-A04865688F03.root [390,387,385,388,386,389,392,391]
/store/data/Run2017F/JetHT/AOD/09Aug2019_UL2017-v1/270000/4FBA7EA0-9B50-2447-83D3-E44D58516980.root [183,186,187,184,181,185,182]
/store/data/Run2017F/JetHT/AOD/09Aug2019_UL2017-v1/270000/5030F339-E3E1-B24E-BAE1-A893F22F3F5C.root [144,146,147,148,145,150,151,149]
/store/data/Run2017F/JetHT/AOD/09Aug2019_UL2017-v1/270000/516053C0-9306-0A4A-81AA-6C3E32DC9685.root [454,449,453,452,455,451,456,450]
/store/data/Run2017F/JetHT/AOD/09Aug2019_UL2017-v1/270000/59458593-073F-5E45-8F43-F08CCA917878.root [401,405,403,402,408,404,407,406]
/store/data/Run2017F/JetHT/AOD/09Aug2019_UL2017-v1/270000/5B469076-1111-224F-904D-F768BC9E434E.root [284,286,281,283,285,282,279,280]
/store/data/Run2017F/JetHT/AOD/09Aug2019_UL2017-v1/270000/605EBCAF-DA42-584A-84A0-4F3E082B9F12.root [123,125,127,122,126,128,124]
/store/data/Run2017F/JetHT/AOD/09Aug2019_UL2017-v1/270000/63EDE1F0-9A49-6047-8EEF-497DEA9971AA.root [160,162,166,159,161,165,163,164]
/store/data/Run2017F/JetHT/AOD/09Aug2019_UL2017-v1/270000/6984ECA6-417B-1B41-A095-BE666718BE79.root [326,321,322,324,325,323,328]
/store/data/Run2017F/JetHT/AOD/09Aug2019_UL2017-v1/270000/6C2847B5-CA79-F54C-99CB-3DF04C6CC2E0.root [257,255,258,256,259,260,252]
/store/data/Run2017F/JetHT/AOD/09Aug2019_UL2017-v1/270000/6D38DA79-089E-3D44-A1DB-40C618E01B67.root [516,519,518,520,521,514,515,517]
/store/data/Run2017F/JetHT/AOD/09Aug2019_UL2017-v1/270000/7A2300BE-0227-154D-AE3D-821B83DB551F.root [200,201,195,198,197,199,196]
/store/data/Run2017F/JetHT/AOD/09Aug2019_UL2017-v1/270000/80E558B8-76D3-834A-A302-C1DC6A2A65FA.root [470,472,471,469,473,474,475]
/store/data/Run2017F/JetHT/AOD/09Aug2019_UL2017-v1/270000/842DE2DB-B84D-E54F-8DD1-67C8B59B80F6.root [203,205,208,202,204,206,207]
/store/data/Run2017F/JetHT/AOD/09Aug2019_UL2017-v1/270000/859F256D-7D80-3246-80B2-72A51E145F2B.root [344,342,345,338,340,341,339,343]
/store/data/Run2017F/JetHT/AOD/09Aug2019_UL2017-v1/270000/894ADB79-C5BC-FD44-9604-4EBDFF013295.root [132,133,129,130,135,136,131,134]
/store/data/Run2017F/JetHT/AOD/09Aug2019_UL2017-v1/270000/91D10097-3D77-424B-8B1F-A3968466DA4C.root [170,172,173,167,169,171,168]
/store/data/Run2017F/JetHT/AOD/09Aug2019_UL2017-v1/270000/94207E95-7817-4E44-99B7-C5E0F6AA350B.root [440,438,434,433,435,436,437,439]
/store/data/Run2017F/JetHT/AOD/09Aug2019_UL2017-v1/270000/96087D80-CD42-B647-8955-EE8BFE124CA6.root [299,294,298,295,297,300,296]
/store/data/Run2017F/JetHT/AOD/09Aug2019_UL2017-v1/270000/960B13D9-24DC-C64C-992F-B343EA55B0F3.root [547,546,548,553,555,554,556,549]
/store/data/Run2017F/JetHT/AOD/09Aug2019_UL2017-v1/270000/9C62DD3B-BBC5-6E45-8D42-D954F0A0B375.root [233,239,234,245,251,240,246]
/store/data/Run2017F/JetHT/AOD/09Aug2019_UL2017-v1/270000/9C6E2410-819C-0047-8ED9-9D2122F9817A.root [382,377,378,384,383,380,379,381]
/store/data/Run2017F/JetHT/AOD/09Aug2019_UL2017-v1/270000/9EB6D06B-4505-C244-9DEB-56D8CCE1420B.root [175,178,174,180,176,179,177]
/store/data/Run2017F/JetHT/AOD/09Aug2019_UL2017-v1/270000/A160723F-1CCF-E84F-8ABB-09DE5774EA09.root [140,137,142,138,141,139,143]
/store/data/Run2017F/JetHT/AOD/09Aug2019_UL2017-v1/270000/A8206CDC-C382-EB44-8820-1C8F8298C91C.root [309,304,307,310,303,308,312]
/store/data/Run2017F/JetHT/AOD/09Aug2019_UL2017-v1/270000/A947220E-5D6D-1E40-8568-4C3EAE1B133F.root [561,557,559,560,563,564,562,558]
/store/data/Run2017F/JetHT/AOD/09Aug2019_UL2017-v1/270000/AB65DE1D-AD2B-9646-B17F-0FF558A1DA2A.root [399,400,394,398,395,396,397,393]
/store/data/Run2017F/JetHT/AOD/09Aug2019_UL2017-v1/270000/AF99C526-3DAE-0A43-A956-E0A9CE010084.root [361,365,364,366,363,360,362]
/store/data/Run2017F/JetHT/AOD/09Aug2019_UL2017-v1/270000/B284FC0B-5484-174A-A061-7DBDAAE33E0A.root [462,460,464,459,461,458,457,463]
/store/data/Run2017F/JetHT/AOD/09Aug2019_UL2017-v1/270000/B6899DF0-F8C7-794F-BF69-64433AD5DFF8.root [317,318,315,311,319,316,320]
/store/data/Run2017F/JetHT/AOD/09Aug2019_UL2017-v1/270000/B756F9FE-B5DC-7249-B14B-24025169E12F.root [527,529,523,524,528,525,522,526]
/store/data/Run2017F/JetHT/AOD/09Aug2019_UL2017-v1/270000/B7BE4C14-B8AE-824B-8B43-EF2CEC0BE4FF.root [376,370,369,367,372,368,371,375]
/store/data/Run2017F/JetHT/AOD/09Aug2019_UL2017-v1/270000/BA367433-072A-E340-944D-5E2F8F6505D8.root [228,227,229,231,230,225,226,232]
/store/data/Run2017F/JetHT/AOD/09Aug2019_UL2017-v1/270000/BB899EDC-48D7-DD40-BAAB-0C4215E7346D.root [409,410,412,414,411,415,413,416]
/store/data/Run2017F/JetHT/AOD/09Aug2019_UL2017-v1/270000/C7481D52-4C30-AE4B-B7DB-D0535E7E5A32.root [288,291,289,292,287,293,290]
/store/data/Run2017F/JetHT/AOD/09Aug2019_UL2017-v1/270000/D236D80D-2E7F-094B-BAA8-4B8066E47EE3.root [117,115,118,120,116,119,121]
/store/data/Run2017F/JetHT/AOD/09Aug2019_UL2017-v1/270000/D42D28F5-E266-5D47-AED5-0DC42800D308.root [355,356,358,359,354,353,357]
/store/data/Run2017F/JetHT/AOD/09Aug2019_UL2017-v1/270000/DA8B1DA5-F329-AF44-886E-D08776D75089.root [112,108,111,110,113,114,109]
/store/data/Run2017F/JetHT/AOD/09Aug2019_UL2017-v1/270000/DF2FED0A-0437-3D48-A470-F681EE3E9F53.root [327,330,332,334,335,329,331,333]
/store/data/Run2017F/JetHT/AOD/09Aug2019_UL2017-v1/270000/E71691A9-B0A7-064D-A3C7-1A02643B5E54.root [349,347,346,350,348,351,352]
/store/data/Run2017F/JetHT/AOD/09Aug2019_UL2017-v1/270000/EC58564E-14B3-DA42-95C4-D4849841C78B.root [484,485,486,489,487,488,490,491]
/store/data/Run2017F/JetHT/AOD/09Aug2019_UL2017-v1/270000/F8177206-6B3F-2A4C-883E-FDC38A89D67D.root [897,892,905,891,917,893,896,904,890,918]
/store/data/Run2017F/JetHT/AOD/09Aug2019_UL2017-v1/270000/FA98FD6A-DFE6-1B47-9548-EF03752BFEAD.root [951,942,945,980,981,943,947,952,944,946]
