/store/data/Run2018D/HLTPhysics/RAW/v1/000/320/822/00000/24B24AFC-8D97-E811-852B-02163E019F9F.root [47,61,54,62,56,58,50,57,48,52,55,51,53,49,59,60]
/store/data/Run2018D/HLTPhysics/RAW/v1/000/320/822/00000/2C39360C-A497-E811-95D3-FA163ED8FB28.root [383,384,392,390,396,388,397,381,389,393,395,394,380,382,385,386,379,387,391,398]
/store/data/Run2018D/HLTPhysics/RAW/v1/000/320/822/00000/2E538A58-AB97-E811-B4B6-FA163EE23257.root [486,487,491,493,495,498,500,489,504,492,496,503,485,494,499,502,490,497,482,483,484,501,488]
/store/data/Run2018D/HLTPhysics/RAW/v1/000/320/822/00000/2E8FCE01-A097-E811-A9D1-02163E019F63.root [287,279,280,274,284,285,278,283,288,275,277,282,286,289,276,281]
/store/data/Run2018D/HLTPhysics/RAW/v1/000/320/822/00000/48403DD0-8D97-E811-B876-A4BF012CB7F9.root [80,82,86,78,85,90,79,89,87,91,83,84,88,81,92]
/store/data/Run2018D/HLTPhysics/RAW/v1/000/320/822/00000/52754C8F-9997-E811-BCA1-FA163E89B277.root [220,232,233,234,235,218,226,217,223,230,236,229,219,221,225,227,228,224,222,231]
/store/data/Run2018D/HLTPhysics/RAW/v1/000/320/822/00000/56B1E7DA-9F97-E811-96F4-FA163E6DFE22.root [254,264,269,270,253,259,263,256,260,266,267,272,273,257,261,268,271,255,258,262,265]
/store/data/Run2018D/HLTPhysics/RAW/v1/000/320/822/00000/5AD05CCF-9097-E811-B912-FA163E5F04DA.root [122,130,125,126,134,123,128,127,129,131,132,136,121,124,133,135]
/store/data/Run2018D/HLTPhysics/RAW/v1/000/320/822/00000/6E937250-9697-E811-9C52-FA163ED49435.root [183,177,179,170,172,178,181,182,171,175,176,180,184,169,173,174]
/store/data/Run2018D/HLTPhysics/RAW/v1/000/320/822/00000/80519974-A397-E811-9789-FA163EE02984.root [408,413,415,401,402,414,399,400,404,406,405,409,410,411,403,416,418,407,412,417]
/store/data/Run2018D/HLTPhysics/RAW/v1/000/320/822/00000/867FA6FF-9F97-E811-87C2-02163E01A140.root [361,365,366,369,360,368,374,377,362,359,370,372,375,358,363,373,378,364,367,371,376]
/store/data/Run2018D/HLTPhysics/RAW/v1/000/320/822/00000/8C761DEC-9497-E811-9C08-FA163E6E9572.root [186,187,198,188,191,192,193,189,195,199,185,196,190,200,194,197]
/store/data/Run2018D/HLTPhysics/RAW/v1/000/320/822/00000/92CECE7E-AC97-E811-87D9-02163E00B572.root [420,422,423,424,425,433,435,419,428,429,430,426,431,421,436,434,437,438,427,432]
/store/data/Run2018D/HLTPhysics/RAW/v1/000/320/822/00000/98A8C440-8D97-E811-ABAB-FA163E8CA755.root [16,25,17,31,18,19,21,22,30,24,23,26,29,27,20,28]
/store/data/Run2018D/HLTPhysics/RAW/v1/000/320/822/00000/A04306EF-9F97-E811-8D39-FA163EEC9D8D.root [290,294,297,298,296,301,292,303,305,291,299,300,295,304,293,302]
/store/data/Run2018D/HLTPhysics/RAW/v1/000/320/822/00000/A6F89AEA-9F97-E811-ABF1-FA163E6D1BE2.root [331,333,334,330,335,327,326,337,324,323,325,328,336,322,329,332]
/store/data/Run2018D/HLTPhysics/RAW/v1/000/320/822/00000/B6355FDE-9F97-E811-A0A8-FA163E1A125C.root [306,310,314,318,309,313,319,308,312,315,311,320,307,317,321,316]
/store/data/Run2018D/HLTPhysics/RAW/v1/000/320/822/00000/B69BE868-8F97-E811-B03F-FA163E8E784C.root [110,116,111,119,112,108,114,120,109,113,115,118,107,117]
/store/data/Run2018D/HLTPhysics/RAW/v1/000/320/822/00000/B81745DF-8997-E811-9F0F-FA163E67CBD7.root [10,1,8,2,4,11,12,3,5,6,13,15,7,14,9]
/store/data/Run2018D/HLTPhysics/RAW/v1/000/320/822/00000/BA6C5F4A-9497-E811-B703-FA163E23FE9C.root [156,157,164,167,160,165,153,159,163,168,154,162,158,166,155,161]
/store/data/Run2018D/HLTPhysics/RAW/v1/000/320/822/00000/BC941242-8D97-E811-83D3-FA163ECD054E.root [37,38,46,36,41,32,40,34,43,45,33,35,39,42,44]
/store/data/Run2018D/HLTPhysics/RAW/v1/000/320/822/00000/BCF11083-AA97-E811-8E12-FA163E887231.root [465,472,475,479,466,480,462,468,473,477,461,460,463,464,470,474,476,469,471,481,467,478]
/store/data/Run2018D/HLTPhysics/RAW/v1/000/320/822/00000/C0BEAE00-A097-E811-BE29-FA163E521E8E.root [339,356,343,352,353,344,346,341,338,345,349,350,348,351,340,347,354,355,342,357]
/store/data/Run2018D/HLTPhysics/RAW/v1/000/320/822/00000/DA1F4D87-AA97-E811-AF8B-FA163E6547BC.root [439,444,452,454,447,441,445,448,450,453,457,440,451,455,456,443,446,442,449,458,459]
/store/data/Run2018D/HLTPhysics/RAW/v1/000/320/822/00000/EC23EBC7-8D97-E811-B719-FA163E78BFE5.root [94,97,106,101,95,102,103,96,98,104,100,105,93,99]
/store/data/Run2018D/HLTPhysics/RAW/v1/000/320/822/00000/EC6E8D76-9C97-E811-AF2B-FA163EB8310B.root [239,250,251,245,247,240,243,246,249,237,242,241,244,248,238,252]
/store/data/Run2018D/HLTPhysics/RAW/v1/000/320/822/00000/EE1D98B2-9597-E811-A2B3-FA163E2890BA.root [214,201,208,216,207,202,211,213,203,205,210,206,209,212,204,215]
/store/data/Run2018D/HLTPhysics/RAW/v1/000/320/822/00000/F40B5B66-9497-E811-9E19-02163E01A0FF.root [137,140,143,139,144,147,138,141,146,145,152,150,151,142,148,149]
/store/data/Run2018D/HLTPhysics/RAW/v1/000/320/822/00000/F475E0C3-8D97-E811-BF2C-FA163ECD054E.root [64,63,76,65,67,66,70,73,71,74,77,68,75,72,69]
/store/data/Run2018D/HLTPhysics/RAW/v1/000/320/822/00000/FA235B5E-AB97-E811-BA5C-02163E019FC5.root [511,514,518,517,520,522,505,510,512,519,506,509,513,521,507,508,515,516]
