/store/data/Run2015D/SinglePhoton/RAW/v1/000/256/677/00000/1ADDE997-605D-E511-944F-02163E01424B.root [416,424,425,415,427,438,419,421,429,432,413,436,417,420,431,434,422,430,437,414,418,423,433,426,428,435]
/store/data/Run2015D/SinglePhoton/RAW/v1/000/256/677/00000/3A7A43C4-3B5D-E511-A4DF-02163E01279C.root [163,164,169,171,174,182,175,177,158,162,167,173,180,159,166,178,179,161,160,168,170,176,181,165,172,183]
/store/data/Run2015D/SinglePhoton/RAW/v1/000/256/677/00000/5A6DD30F-5C5D-E511-9C14-02163E0143F7.root [363,371,372,379,383,384,359,367,368,381,358,362,366,376,370,373,374,375,357,369,377,378,380,364,365,382,360,361]
/store/data/Run2015D/SinglePhoton/RAW/v1/000/256/677/00000/62D20D54-345D-E511-B152-02163E014144.root [5,8,18,6,11,14,24,3,4,23,1,26,7,9,10,13,19,21,22,2,15,12,16,17,20,25]
/store/data/Run2015D/SinglePhoton/RAW/v1/000/256/677/00000/6602D588-405D-E511-A98A-02163E014144.root [210,225,231,232,218,234,223,216,220,222,227,229,230,235,211,233,221,226,212,214,219,224,213,215,217,228]
/store/data/Run2015D/SinglePhoton/RAW/v1/000/256/677/00000/684D6F1C-5C5D-E511-B1A9-02163E01228A.root [392,410,405,412,385,387,398,399,400,407,409,411,394,403,396,397,388,393,395,401,402,390,391,404,408,386,389,406]
/store/data/Run2015D/SinglePhoton/RAW/v1/000/256/677/00000/6E18202B-355D-E511-82D1-02163E0143D9.root [52,54,69,58,63,67,71,56,57,55,60,64,65,68,73,74,53,66,51,59,61,62,70,72]
/store/data/Run2015D/SinglePhoton/RAW/v1/000/256/677/00000/84DF48FF-5A5D-E511-8139-02163E0170AD.root [311,321,312,307,313,324,325,326,306,309,310,317,316,320,328,329,308,318,323,305,319,314,315,322,327,330]
/store/data/Run2015D/SinglePhoton/RAW/v1/000/256/677/00000/94C0AB89-405D-E511-903E-02163E0170AD.root [192,194,184,188,197,200,186,196,206,209,191,193,199,187,190,195,185,189,205,208,198,201,202,203,204,207]
/store/data/Run2015D/SinglePhoton/RAW/v1/000/256/677/00000/966F42A4-605D-E511-B23B-02163E011D99.root [446,459,462,442,445,448,464,444,454,456,457,461,443,447,439,449,450,453,455,460,440,441,451,452,458,463]
/store/data/Run2015D/SinglePhoton/RAW/v1/000/256/677/00000/AC1A8112-395D-E511-A06B-02163E01424B.root [113,127,116,121,129,117,122,123,128,133,120,125,110,119,114,126,132,112,115,131,111,118,124,130]
/store/data/Run2015D/SinglePhoton/RAW/v1/000/256/677/00000/B4326E1D-355D-E511-BB93-02163E014272.root [83,84,90,98,78,79,81,88,92,102,104,91,99,77,87,82,85,89,100,103,76,95,97,105,106,75,94,101,107,80,86,93,96,108,109]
/store/data/Run2015D/SinglePhoton/RAW/v1/000/256/677/00000/BE8BF1CE-605D-E511-A2E6-02163E014186.root [472,484,476,471,475,482,465,467,469,480,481,473,483,466,478,485,470,486,468,474,477,479]
/store/data/Run2015D/SinglePhoton/RAW/v1/000/256/677/00000/BEAE75FB-5A5D-E511-9457-02163E0122FF.root [264,267,274,283,291,295,296,237,244,253,266,281,286,297,298,240,242,245,246,250,259,269,271,272,251,252,254,260,261,262,263,270,280,293,249,257,273,276,277,279,284,287,289,299,300,301,303,248,256,258,265,278,282,285,304,236,239,247,255,275,288,290,238,241,243,268,294,302]
/store/data/Run2015D/SinglePhoton/RAW/v1/000/256/677/00000/C0CDC0C2-3B5D-E511-8452-02163E01211E.root [135,151,157,140,149,136,144,156,134,137,138,143,148,150,139,146,147,141,142,152,154,155,145,153]
/store/data/Run2015D/SinglePhoton/RAW/v1/000/256/677/00000/C8A3235B-355D-E511-B68F-02163E014459.root [27,37,41,49,28,40,46,47,29,38,42,45,31,32,39,44,50,30,34,43,48,33,35,36]
/store/data/Run2015D/SinglePhoton/RAW/v1/000/256/677/00000/DA7F6DFD-5A5D-E511-9C4E-02163E0134BE.root [350,332,334,340,336,338,346,349,335,342,343,344,356,331,341,345,354,355,333,337,351,339,347,352,348,353]
