/store/data/Run2022A/MinimumBias/RAW/v1/000/353/015/00000/0f61080f-07ab-4895-9c85-b805a17830c1.root [282,283,265,276,277,279,289,268,270,278,284,271,272,274,286,291,281,288,266,267,269,273,275,280,285,287,290]
/store/data/Run2022A/MinimumBias/RAW/v1/000/353/015/00000/360622c4-ce53-45ad-ab0e-4cd766d420ee.root [80,88,93,90,92,101,86,87,94,81,91,96,98,99,82,84,100,76,78,79,89,95,97,102,77,83,85]
/store/data/Run2022A/MinimumBias/RAW/v1/000/353/015/00000/6b640d20-2e32-4f5f-b0f4-9c779cde846b.root [210,184,192,195,201,202,203,205,188,193,194,196,209,197,207,189,198,200,204,206,185,186,187,190,191,199,208]
/store/data/Run2022A/MinimumBias/RAW/v1/000/353/015/00000/6cea69e5-28a4-4747-afd0-3b06b5f4f7cf.root [60,63,67,75,55,64,73,56,69,70,50,51,57,72,74,49,53,58,59,61,62,66,68,52,54,65,71]
/store/data/Run2022A/MinimumBias/RAW/v1/000/353/015/00000/8d6efee8-74b5-4868-a4ae-f36f08423e9b.root [9,16,19,20,22,13,5,24,12,15,18,23,2,7,8,10,11,14,17,1,3,4,6,21]
/store/data/Run2022A/MinimumBias/RAW/v1/000/353/015/00000/9ceb07a2-019e-411c-a579-ca751de21184.root [313,314,299,308,309,312,315,297,305,310,293,294,298,304,307,300,292,295,301,303,306,311,296,302,316]
/store/data/Run2022A/MinimumBias/RAW/v1/000/353/015/00000/a062cc31-5637-4451-a931-4b0939ade8fd.root [106,107,109,121,108,123,124,111,118,103,115,122,104,125,128,129,105,110,114,116,119,120,113,117,126,127,112]
/store/data/Run2022A/MinimumBias/RAW/v1/000/353/015/00000/a7cd83c6-f0a2-45a8-a93f-b714264f615c.root [30,31,35,45,25,27,28,37,42,47,40,41,43,29,32,33,36,44,34,38,39,26,46,48]
/store/data/Run2022A/MinimumBias/RAW/v1/000/353/015/00000/b95cfcbb-4fc3-48b0-96bb-94b49cc591f6.root [253,257,238,239,242,244,261,240,252,250,245,247,249,259,260,243,246,262,254,255,256,258,264,241,248,251,263]
/store/data/Run2022A/MinimumBias/RAW/v1/000/353/015/00000/d411c73c-6dac-4c3f-92fe-9a1b471b5c8d.root [212,224,230,232,237,214,216,218,219,222,233,217,220,223,225,227,215,228,213,229,221,226,231,211,234,235,236]
/store/data/Run2022A/MinimumBias/RAW/v1/000/353/015/00000/e436f42a-eee3-4526-bc77-253dd463a97c.root [154,156,133,143,149,132,138,147,150,134,152,153,136,139,145,135,146,131,141,148,151,130,137,140,142,144,155]
/store/data/Run2022A/MinimumBias/RAW/v1/000/353/015/00000/e48d04b4-4474-4f37-bc9e-0d43e89e5185.root [160,176,157,159,161,173,166,170,172,174,180,181,163,165,171,168,169,178,183,162,167,175,177,179,158,164,182]
