/store/data/Run2022E/DisplacedJet/RAW/v1/000/359/569/00000/f9eeba01-8a13-4e9f-9569-69aa978ae0b4.root 359569 [19,21,29,33,50,51,57,66,73,74,76,78,82,2,10,20,27,35,36,40,41,45,47,49,65,75,3,8,18,25,32,55,64,5,15,22,23,37,42,53,67,4,6,13,26,30,34,38,39,44,72,1,12,43,46,58,59,60,70,79,80,7,11,16,17,24,28,31,52,54,61,63,69,77,9,14,48,56,62,68,71,81]
/store/data/Run2022E/DisplacedJet/RAW/v1/000/359/571/00000/228f530b-f312-478e-a082-80db86e102e1.root 359571 [149,150,159,162,163,151,152,157,145,148,161,167,154,158,164,147,155,165,166,156,160,146,153]
/store/data/Run2022E/DisplacedJet/RAW/v1/000/359/571/00000/6ae03b82-164f-479d-a76a-38254cd8479f.root 359571 [22,36,38,39,45,51,59,70,114,120,131,143,13,16,24,47,50,55,63,65,74,90,99,104,107,129,138,3,6,14,20,26,28,37,41,46,48,58,69,73,78,91,96,100,102,111,10,17,31,42,43,54,56,57,60,61,62,66,81,86,93,95,103,110,112,117,125,130,133,140,144,2,12,15,30,32,40,52,72,94,97,106,109,123,126,127,18,23,27,29,33,44,49,53,64,75,80,83,85,87,98,115,119,136,137,5,7,21,71,76,77,82,88,89,101,116,135,139,1,4,8,9,11,19,25,34,35,67,68,79,84,92,105,108,113,118,121,122,124,128,132,134,141,142]
/store/data/Run2022E/DisplacedJet/RAW/v1/000/359/575/00000/3373b104-4479-46fc-865d-f83eccc7c9eb.root 359575 [71,75,77,67,68,81,85,87,72,73,74,78,79,89,70,84,86,88,69,82,80,83,76]
/store/data/Run2022E/DisplacedJet/RAW/v1/000/359/575/00000/6f538858-1754-4f31-9512-c216f014d921.root 359575 [52,58,45,48,50,59,49,51,53,56,65,47,60,46,61,63,54,55,62,64,66,57]
/store/data/Run2022E/DisplacedJet/RAW/v1/000/359/575/00000/86d9dc6b-71dc-4d57-b6bb-aeed28f8ed64.root 359575 [32,44,35,25,30,31,34,41,43,27,33,36,38,42,29,37,39,40,23,24,28,26]
/store/data/Run2022E/DisplacedJet/RAW/v1/000/359/575/00000/d2d2ecf8-1451-4bbe-8719-cecb3988decc.root 359575 [2,3,17,19,10,21,4,8,9,22,5,6,11,14,1,13,20,7,12,15,16,18]
/store/data/Run2022E/DisplacedJet/RAW/v1/000/359/595/00000/0d90560a-8fb8-40c8-9941-1ed1f09c0d90.root 359595 [254,255,253,257,250,251,252,256]
/store/data/Run2022E/DisplacedJet/RAW/v1/000/359/595/00000/16e29b09-67aa-4c29-81a1-99249590d414.root 359595 [78,76,82,79,81,75,77,80]
/store/data/Run2022E/DisplacedJet/RAW/v1/000/359/595/00000/466d4163-6faa-49d3-8155-7dfdbd083709.root 359595 [155,157,158,161,156,159,160,162]
/store/data/Run2022E/DisplacedJet/RAW/v1/000/359/595/00000/49a10159-7b08-4b6f-ad7c-9acf64525591.root 359595 [6]
/store/data/Run2022E/DisplacedJet/RAW/v1/000/359/595/00000/5130e729-e01a-4741-becd-d9ef3b74b709.root 359595 [140,143,141,139,144,145,146,142]
/store/data/Run2022E/DisplacedJet/RAW/v1/000/359/595/00000/54941685-046a-4736-92be-7fa0353cde16.root 359595 [271,274,272,273,269,268,267,270]
/store/data/Run2022E/DisplacedJet/RAW/v1/000/359/595/00000/5d9bd358-ffa1-4646-9892-c564036c6037.root 359595 [85,87,88,90,84,86,83,89]
/store/data/Run2022E/DisplacedJet/RAW/v1/000/359/595/00000/6a4effa2-383b-4d25-a559-1635b2c467a6.root 359595 [286,287,284,289,283,288,285]
/store/data/Run2022E/DisplacedJet/RAW/v1/000/359/595/00000/7637c5aa-c42e-45ff-8f9f-97b0101b0eb8.root 359595 [239,238,235,236,241,234,237,240]
/store/data/Run2022E/DisplacedJet/RAW/v1/000/359/595/00000/7e7b7b5f-ffd8-4a57-81f9-a726b1cf3b25.root 359595 [106,99,100,102,101,103,104,105]
/store/data/Run2022E/DisplacedJet/RAW/v1/000/359/595/00000/7fc95f5f-85fc-435d-a785-29f952fdde12.root 359595 [128,123,130,129,127,124,125,126]
/store/data/Run2022E/DisplacedJet/RAW/v1/000/359/595/00000/8ca21814-c189-46d9-8bc2-88d051717285.root 359595 [189,190,193,194,187,192,188,191]
/store/data/Run2022E/DisplacedJet/RAW/v1/000/359/595/00000/8dd8c545-2a05-4f87-bf04-c3e7dda5259b.root 359595 [137,138,136,133,135,131,132,134]
/store/data/Run2022E/DisplacedJet/RAW/v1/000/359/595/00000/916efe4e-71d6-42d8-9072-3d4c9f0ec79c.root 359595 [215,213,216,211,217,214,212]
/store/data/Run2022E/DisplacedJet/RAW/v1/000/359/595/00000/91b9e68a-185d-4a6b-8685-664d3ce98e21.root 359595 [68,70,71,67,73,69,74,66,72]
/store/data/Run2022E/DisplacedJet/RAW/v1/000/359/595/00000/94d07c5e-3157-4b4d-80fb-04ccbaace5f3.root 359595 [204,205,206,207,203,208,210,209]
/store/data/Run2022E/DisplacedJet/RAW/v1/000/359/595/00000/96458886-3e2f-4706-8300-915621fe7441.root 359595 [277,275,278,280,282,281,276,279]
/store/data/Run2022E/DisplacedJet/RAW/v1/000/359/595/00000/96581416-8589-4776-b0e4-869b2c5ed68f.root 359595 [116,117,121,115,120,118,122,119]
/store/data/Run2022E/DisplacedJet/RAW/v1/000/359/595/00000/98407fe0-eb1e-4089-a710-aa71d9f477ff.root 359595 [232,231,226,227,233,228,229,230]
/store/data/Run2022E/DisplacedJet/RAW/v1/000/359/595/00000/abb80c6d-a4c7-4bca-a1d6-846ea05dd257.root 359595 [44,45,46,50,54,47,48,52,51,43,49,53]
/store/data/Run2022E/DisplacedJet/RAW/v1/000/359/595/00000/bb902024-2bcb-446a-9711-be63b39ebb48.root 359595 [221,219,224,223,218,220,225,222]
/store/data/Run2022E/DisplacedJet/RAW/v1/000/359/595/00000/bc355ed9-cc27-4693-bbda-fb6f99910844.root 359595 [165,164,166,170,163,168,167,169]
/store/data/Run2022E/DisplacedJet/RAW/v1/000/359/595/00000/bc70dcd7-3320-433c-9072-999ccf0e49c1.root 359595 [247,248,244,246,242,243,245,249]
/store/data/Run2022E/DisplacedJet/RAW/v1/000/359/595/00000/c0aca2e1-5e9b-4d5f-bc23-2410220045dd.root 359595 [22,26,13,20,25,30,14,18,27,24,28,16,23,15,21,17,19,29]
/store/data/Run2022E/DisplacedJet/RAW/v1/000/359/595/00000/c22cf719-ab28-448c-a182-c1bb7e4f35c5.root 359595 [199,201,198,197,195,200,202,196]
/store/data/Run2022E/DisplacedJet/RAW/v1/000/359/595/00000/c58ee9d1-ba83-441f-9aa0-85398c901258.root 359595 [94,91,92,93,96,98,95,97]
/store/data/Run2022E/DisplacedJet/RAW/v1/000/359/595/00000/ca064998-d772-4713-8034-de9f9b947cc0.root 359595 [171,176,178,177,172,173,174,175]
/store/data/Run2022E/DisplacedJet/RAW/v1/000/359/595/00000/dc203993-c5aa-445b-afbb-1cf412f94ce1.root 359595 [111,110,112,114,113,107,108,109]
/store/data/Run2022E/DisplacedJet/RAW/v1/000/359/595/00000/dcf8d847-00f8-4230-8dc9-7ad438cb2516.root 359595 [148,150,153,154,147,151,149,152]
/store/data/Run2022E/DisplacedJet/RAW/v1/000/359/595/00000/de8b0fab-d40d-440c-9fd0-9e9f413c9f4e.root 359595 [8]
/store/data/Run2022E/DisplacedJet/RAW/v1/000/359/595/00000/e70d4679-e455-4720-a254-1a98941f7ab3.root 359595 [258,264,266,260,263,261,259,262,265]
/store/data/Run2022E/DisplacedJet/RAW/v1/000/359/595/00000/e792e5c5-b0e5-4bf4-95e5-2fd82bac0bff.root 359595 [40,41,42,33,35,39,36,34,38,32,37,31]
/store/data/Run2022E/DisplacedJet/RAW/v1/000/359/595/00000/f1ee7faf-9831-490d-9f38-662bfef0871b.root 359595 [181,182,183,179,186,180,184,185]
/store/data/Run2022E/DisplacedJet/RAW/v1/000/359/595/00000/f276b27d-3d56-40e9-b13a-191575f80a51.root 359595 [59,60,55,56,57,62,65,61,64,58,63]
/store/data/Run2022E/DisplacedJet/RAW/v1/000/359/597/00000/02400f21-9ec8-4858-a7d5-4090917b17be.root 359597 [30,35,28,29,32,36,31,33,34]
/store/data/Run2022E/DisplacedJet/RAW/v1/000/359/597/00000/064294b3-e777-41f3-bf8c-7654fdf63a36.root 359597 [104,103]
/store/data/Run2022E/DisplacedJet/RAW/v1/000/359/597/00000/0e9e1757-0fa7-490e-8b30-18fe0ace0838.root 359597 [56,59,60,61,57,58,62,63,55]
/store/data/Run2022E/DisplacedJet/RAW/v1/000/359/597/00000/20ab5862-b706-4c3d-9325-0ef76ddebbef.root 359597 [74,76,77,78,73,81,75,80,79]
/store/data/Run2022E/DisplacedJet/RAW/v1/000/359/597/00000/319f2901-84e6-41dc-805d-88b45dec92c9.root 359597 [43,39,41,42,38,44,45,37,40]
/store/data/Run2022E/DisplacedJet/RAW/v1/000/359/597/00000/355a0033-97ef-47b2-8f2d-ddb868b21cb4.root 359597 [85,88,84,86,87,90,83,82,89]
/store/data/Run2022E/DisplacedJet/RAW/v1/000/359/597/00000/53545c18-a9d3-43fe-96d6-732ecb6d789c.root 359597 [21,22,24,27,26,23,25,20]
/store/data/Run2022E/DisplacedJet/RAW/v1/000/359/597/00000/7f912451-88af-49a7-ad3e-609902764035.root 359597 [99,93,100,92,96,97,91,95,94,98]
/store/data/Run2022E/DisplacedJet/RAW/v1/000/359/597/00000/9085dc04-6eed-418c-a5cd-8c9c030bc790.root 359597 [70,69,71,67,68,72,66,64,65]
/store/data/Run2022E/DisplacedJet/RAW/v1/000/359/597/00000/93817b7b-ac3a-4b4e-9362-9edc9615254b.root 359597 [12,19,14,15,17,18,13,16]
/store/data/Run2022E/DisplacedJet/RAW/v1/000/359/597/00000/dfb97780-eb83-4129-af97-3d7444d0eb4f.root 359597 [2,6,5,7,10,1,9,4,3,8,11]
/store/data/Run2022E/DisplacedJet/RAW/v1/000/359/597/00000/e9b56c78-6676-4032-8de1-e32f14bfb996.root 359597 [47,53,49,50,48,51,46,52,54]
