380949
380952
380955
380956
380957
380959
380961
380963
380964
380966
380970
380972
380973
380975
380977
380979
380980
380981
380985
380996
380998
381000
381001
381003
381005
381006
381007
381008
381009
381011
381012
381014
381016
381017
381018
381019
381021
381022
381024
381025
381026
381027
381029
381030
381031
381032
381033
381034
381035
381036
381037
381038
381041
381047
381049
381052
381053
381054
381058
381063
381064
381065
381067
381068
381069
381070
381071
381072
381073
381075
381078
381079
381080
381083
381094
381096
381102
381103
381105
381107
381108
381111
381113
381114
381115
381116
381126
381130
381131
381138
381139
381141
381143
381147
381148
381149
381150
381151
381152
381153
381154
381158
381160
381161
381162
381164
381166
381176
381179
381180
381183
381184
381188
381189
381190
381191
381192
381193
381194
381197
381199
381202
381203
381206
381208
381210
381212
381214
381216
381223
381226
381234
381255
381265
381266
381267
381269
381271
381272
381273
381274
381276
381277
381279
381280
381284
381285
381286
381287
381288
381289
381290
381291
381292
381294
381295
381298
381301
381303
381304
381306
381307
381308
381309
381311
381312
381316
381338
381339
381340
381341
381342
381343
381344
381345
381349
381350
381351
381353
381355
381357
381358
381359
381361
381364
381365
381366
381369
381370
381371
381372
381377
381378
381379
381380
381381
381382
381384
381385
381386
381387
381388
381390
381397
381398
381404
381406
381407
381410
381412
381413
381414
381415
381416
381417
381418
381419
381420
381421
381425
381426
381428
381429
381430
381432
381437
381438
381439
381440
381441
381443
381445
381447
381448
381450
381453
381454
381455
381456
381458
381459
381460
381462
381463
381464
381465
381466
381467
381470
381472
381473
381474
381475
381477
381478
381479
381480
381482
381483
381484
381485
381487
381488
381489
381493
381495
381496
381498
381499
381500
381502
381509
381510
381512
381514
381515
381516
381518
381519
381526
381540
381542
381543
381544
381553
381554
381555
381556
381559
381560
381561
381562
381574
381575
381577
381578
381580
381581
381582
381583
381584
381585
381588
381590
381592
381593
381594
381595
381596
381597
381690
381693
381694
381695
381696
381697
381698
381700
381704
381705
381710
381714
381720
381747
381756
381766
381768
381769
381773
381774
381775
381776
381777
381778
381779
381792
381793
381796
381797
381798
381800
381803
381845
381851
381853
381857
381859
381861
381864
381868
381870
381876
381890
381897
381898
381899
381900
381901
381902
381903
381906
381907
381908
381910
381911
381912
381925
381926
381927
381928
381932
381937
381941
381943
