/store/data/Run2018B/MET/RAW/v1/000/317/435/00000/00E0799A-AE68-E811-9D76-FA163E9C5EB9.root [434,430,431,432,433]
/store/data/Run2018B/MET/RAW/v1/000/317/435/00000/00E3CFE4-B068-E811-846D-02163E019FFA.root [747,746,745,743,748,744]
/store/data/Run2018B/MET/RAW/v1/000/317/435/00000/020B4C8A-B068-E811-A509-FA163E126A2C.root [762,761,767,765,763,764,766]
/store/data/Run2018B/MET/RAW/v1/000/317/435/00000/02833399-B068-E811-B9A9-FA163EBB9A14.root [1026,1025,1029,1027,1024,1031,1032,1028,1030]
/store/data/Run2018B/MET/RAW/v1/000/317/435/00000/02D578FD-AF68-E811-A846-FA163EA21A97.root [525,521,522,526,523,524]
/store/data/Run2018B/MET/RAW/v1/000/317/435/00000/0419FF3F-AB68-E811-953F-FA163E5BC5DF.root [133,134,132]
/store/data/Run2018B/MET/RAW/v1/000/317/435/00000/062606AE-AE68-E811-84B1-FA163EE36261.root [419,416,417,415,418]
/store/data/Run2018B/MET/RAW/v1/000/317/435/00000/08E04AD3-B068-E811-99A7-FA163E49299E.root [1227,1234,1228,1231,1233,1229,1230,1232,1235]
/store/data/Run2018B/MET/RAW/v1/000/317/435/00000/0A1D54D7-AF68-E811-96E4-FA163ED08668.root [535,533,538,537,536,534]
/store/data/Run2018B/MET/RAW/v1/000/317/435/00000/0A9457C7-AE68-E811-B1BC-FA163E97BFDC.root [287,289,290,288]
/store/data/Run2018B/MET/RAW/v1/000/317/435/00000/0C1EDB14-B168-E811-88D1-02163E019FC5.root [738,739,741,737,742,740]
/store/data/Run2018B/MET/RAW/v1/000/317/435/00000/0C29E0F1-AF68-E811-93E6-FA163E1CB1B4.root [573,569,571,574,570,572]
/store/data/Run2018B/MET/RAW/v1/000/317/435/00000/0CBE55C9-AF68-E811-B689-FA163E9142A0.root [546,547,549,545,548,550]
/store/data/Run2018B/MET/RAW/v1/000/317/435/00000/0CFC6DC4-AE68-E811-A2E2-FA163EADE996.root [338,337,335,336]
/store/data/Run2018B/MET/RAW/v1/000/317/435/00000/0E04D4A7-B068-E811-A0DF-02163E01A0AF.root [1302,1305,1301,1306,1307,1303,1300,1304,1299]
/store/data/Run2018B/MET/RAW/v1/000/317/435/00000/0E2986A3-B068-E811-B38D-FA163E57763C.root [800,801,798,794,797,799,795,796]
/store/data/Run2018B/MET/RAW/v1/000/317/435/00000/0E5B5EE6-AE68-E811-8A86-FA163EAC9497.root [213,212,214,211]
/store/data/Run2018B/MET/RAW/v1/000/317/435/00000/0ED34683-B168-E811-9E54-FA163EC26C98.root [1394,1397,1395,1392,1393,1396]
/store/data/Run2018B/MET/RAW/v1/000/317/435/00000/10B63C4A-5B68-E811-8321-FA163E8BEE57.root [5,6,4]
/store/data/Run2018B/MET/RAW/v1/000/317/435/00000/10C20935-B068-E811-8B0B-FA163EF84031.root [464,461,463,462]
/store/data/Run2018B/MET/RAW/v1/000/317/435/00000/1284EC7E-B068-E811-B5D2-FA163EA0A2DC.root [803,805,806,804,802,807]
/store/data/Run2018B/MET/RAW/v1/000/317/435/00000/149CFA1A-AB68-E811-80EF-FA163E60A5FD.root [147,146,148]
/store/data/Run2018B/MET/RAW/v1/000/317/435/00000/16E42DAC-B068-E811-987D-02163E017F64.root [1274,1275,1279,1280,1277,1272,1273,1276,1278]
/store/data/Run2018B/MET/RAW/v1/000/317/435/00000/180D1B8F-B068-E811-8F44-FA163E37E893.root [752,751,753,749,750,754]
/store/data/Run2018B/MET/RAW/v1/000/317/435/00000/182C3C8D-AE68-E811-8ED6-FA163EC3DAE6.root [268,270,267,269]
/store/data/Run2018B/MET/RAW/v1/000/317/435/00000/18694823-B168-E811-B3B7-FA163E8027F7.root [1138,1139,1141,1137,1143,1135,1142,1136,1140]
/store/data/Run2018B/MET/RAW/v1/000/317/435/00000/18A060FC-B068-E811-A960-FA163E72F6E3.root [1258,1254,1262,1257,1261,1256,1260,1255,1259]
/store/data/Run2018B/MET/RAW/v1/000/317/435/00000/18F8D3DA-B168-E811-B10B-FA163EF59FA1.root [1364,1359,1360,1361,1367,1362,1368,1363,1365,1366,1369]
/store/data/Run2018B/MET/RAW/v1/000/317/435/00000/1ACB9AC2-B068-E811-B8BB-FA163EBE0386.root [792,787,788,793,791,786,789,790]
/store/data/Run2018B/MET/RAW/v1/000/317/435/00000/1C0CDEFC-AE68-E811-9E0E-FA163E09F2C4.root [251,253,254,252]
/store/data/Run2018B/MET/RAW/v1/000/317/435/00000/1CF90BDD-AE68-E811-99C5-FA163EE52637.root [408,405,407,406,409]
/store/data/Run2018B/MET/RAW/v1/000/317/435/00000/1E348293-AE68-E811-9B6E-FA163E67DEC6.root [299,301,302,300]
/store/data/Run2018B/MET/RAW/v1/000/317/435/00000/20089FC9-5D68-E811-ADEF-02163E017EE5.root [17,18,16]
/store/data/Run2018B/MET/RAW/v1/000/317/435/00000/209A4E9E-6068-E811-9568-FA163E61E995.root [26,25,27]
/store/data/Run2018B/MET/RAW/v1/000/317/435/00000/20E270A6-AC68-E811-89F7-FA163EAC9497.root [179,180,177,178]
/store/data/Run2018B/MET/RAW/v1/000/317/435/00000/2254CE02-B168-E811-ABA8-FA163E0A261B.root [756,758,759,760,757,755]
/store/data/Run2018B/MET/RAW/v1/000/317/435/00000/22C208C3-AC68-E811-BB40-FA163EA76F2E.root [167,168,169]
/store/data/Run2018B/MET/RAW/v1/000/317/435/00000/22C9B912-6468-E811-AA9A-FA163ECE80EF.root [89,90,91]
/store/data/Run2018B/MET/RAW/v1/000/317/435/00000/22DAC400-AF68-E811-9EE5-FA163ECF15D8.root [275,276,278,277]
/store/data/Run2018B/MET/RAW/v1/000/317/435/00000/24536A30-6468-E811-AA0A-FA163EBF387E.root [101,103,102]
/store/data/Run2018B/MET/RAW/v1/000/317/435/00000/24E61979-B068-E811-8BE7-FA163EE41DA4.root [630,629,631,633,634,632]
/store/data/Run2018B/MET/RAW/v1/000/317/435/00000/2805FC9D-AE68-E811-BEA5-FA163ECECD19.root [280,281,282,279]
/store/data/Run2018B/MET/RAW/v1/000/317/435/00000/28781317-B068-E811-8C97-FA163EE52637.root [493,495,494,496]
/store/data/Run2018B/MET/RAW/v1/000/317/435/00000/28BD9092-AE68-E811-9BD2-FA163E97A487.root [440,442,443,441,439]
/store/data/Run2018B/MET/RAW/v1/000/317/435/00000/2A494FEE-B068-E811-853D-FA163E8CA755.root [917,923,920,918,921,922,919,924]
/store/data/Run2018B/MET/RAW/v1/000/317/435/00000/2AD09E6D-B068-E811-900B-FA163E77814C.root [698,699,695,697,696,700]
/store/data/Run2018B/MET/RAW/v1/000/317/435/00000/2AE0F4B1-B068-E811-86DD-FA163E2224F0.root [1240,1239,1237,1241,1238,1242,1243,1236,1244]
/store/data/Run2018B/MET/RAW/v1/000/317/435/00000/2C9C740B-B068-E811-8A2F-FA163E4E62C5.root [539,541,542,544,543,540]
/store/data/Run2018B/MET/RAW/v1/000/317/435/00000/2CBE7C19-AF68-E811-9EF2-FA163EE3824E.root [351,354,352,353]
/store/data/Run2018B/MET/RAW/v1/000/317/435/00000/2CD49566-B068-E811-B961-FA163EAB4AB6.root [769,770,772,773,768,771]
/store/data/Run2018B/MET/RAW/v1/000/317/435/00000/2CE41495-AC68-E811-82EE-FA163EBE4CE4.root [158,160,159]
/store/data/Run2018B/MET/RAW/v1/000/317/435/00000/302B4DC7-B068-E811-AB46-FA163EDBE573.root [642,644,641,645,643,646]
/store/data/Run2018B/MET/RAW/v1/000/317/435/00000/30B36552-6268-E811-A2F4-FA163EC799D8.root [43,44,45]
/store/data/Run2018B/MET/RAW/v1/000/317/435/00000/323531AA-B068-E811-8B26-FA163E19119E.root [1069,1070,1071,1073,1075,1072,1074,1077,1076]
/store/data/Run2018B/MET/RAW/v1/000/317/435/00000/329164AE-AE68-E811-BCCF-FA163E89DAA9.root [207,208,209,210]
/store/data/Run2018B/MET/RAW/v1/000/317/435/00000/32AFD9B9-B068-E811-B805-FA163E09EE02.root [841,845,846,843,842,844,839,840]
/store/data/Run2018B/MET/RAW/v1/000/317/435/00000/340D947C-B068-E811-9F7F-FA163E40AA27.root [927,931,929,933,928,930,932,925,926]
/store/data/Run2018B/MET/RAW/v1/000/317/435/00000/38CC52ED-6368-E811-B825-02163E01A136.root [57,55,56]
/store/data/Run2018B/MET/RAW/v1/000/317/435/00000/3A6BE887-B068-E811-B718-FA163EA51F6D.root [991,996,994,988,990,995,989,992,993]
/store/data/Run2018B/MET/RAW/v1/000/317/435/00000/3A8A0EF9-AE68-E811-9970-FA163EDD7452.root [332,331,333,334]
/store/data/Run2018B/MET/RAW/v1/000/317/435/00000/3AC61497-B068-E811-97F0-FA163E377044.root [638,640,637,635,639,636]
/store/data/Run2018B/MET/RAW/v1/000/317/435/00000/3AECB0E3-B068-E811-AA6A-FA163E6FF3B7.root [1101,1098,1099,1100,1105,1104,1096,1102,1103,1097]
/store/data/Run2018B/MET/RAW/v1/000/317/435/00000/3C28E32E-6468-E811-8BEB-FA163E28C9AF.root [80,81,79]
/store/data/Run2018B/MET/RAW/v1/000/317/435/00000/3E299ECC-6268-E811-AC75-FA163E1B5C71.root [30,28,29]
/store/data/Run2018B/MET/RAW/v1/000/317/435/00000/3EE202B1-B068-E811-82CE-FA163EFC186C.root [1209,1212,1215,1213,1210,1214,1207,1208,1211]
/store/data/Run2018B/MET/RAW/v1/000/317/435/00000/40C66F00-AF68-E811-A419-FA163E2D815C.root [399,398,395,396,397]
/store/data/Run2018B/MET/RAW/v1/000/317/435/00000/4251A929-B068-E811-BB30-FA163EF4E3E9.root [488,487,485,486]
/store/data/Run2018B/MET/RAW/v1/000/317/435/00000/42962EB8-B168-E811-88FB-FA163ECD65AF.root [1371,1374,1378,1370,1375,1373,1377,1372,1379,1376]
/store/data/Run2018B/MET/RAW/v1/000/317/435/00000/44C342A8-B068-E811-8D73-FA163E83B4BF.root [1156,1158,1160,1161,1153,1154,1155,1157,1159]
/store/data/Run2018B/MET/RAW/v1/000/317/435/00000/46D2A553-AF68-E811-A586-FA163E9D2431.root [271,272,273,274]
/store/data/Run2018B/MET/RAW/v1/000/317/435/00000/46F1FFC1-AE68-E811-88A4-FA163E309992.root [452,451,449,450]
/store/data/Run2018B/MET/RAW/v1/000/317/435/00000/48A0A559-AC68-E811-B9D6-02163E019EEC.root [176,175,173,174]
/store/data/Run2018B/MET/RAW/v1/000/317/435/00000/4A183F4A-6268-E811-8B53-FA163EBD7862.root [48,46,47]
/store/data/Run2018B/MET/RAW/v1/000/317/435/00000/4A31EAA0-B068-E811-A74F-FA163EC6DCA7.root [1055,1056,1059,1057,1051,1052,1053,1054,1058]
/store/data/Run2018B/MET/RAW/v1/000/317/435/00000/4A511D96-AE68-E811-9241-FA163E260A95.root [284,283,286,285]
/store/data/Run2018B/MET/RAW/v1/000/317/435/00000/4A6D475B-6268-E811-BFDB-02163E017FFD.root [51,49,50]
/store/data/Run2018B/MET/RAW/v1/000/317/435/00000/4AB9EB18-6468-E811-9C23-FA163E8BC3ED.root [104,105,106]
/store/data/Run2018B/MET/RAW/v1/000/317/435/00000/4AC80ED7-AF68-E811-9D67-FA163EF89580.root [587,591,590,588,589,592]
/store/data/Run2018B/MET/RAW/v1/000/317/435/00000/4AE5C7CA-AE68-E811-92BE-FA163EE1DFA4.root [188,189,190]
/store/data/Run2018B/MET/RAW/v1/000/317/435/00000/4C11C3F6-AE68-E811-BAC2-FA163E26BC93.root [244,245,243,246]
/store/data/Run2018B/MET/RAW/v1/000/317/435/00000/4E09FAA7-AE68-E811-A4E8-FA163E076D70.root [200,201,199,202]
/store/data/Run2018B/MET/RAW/v1/000/317/435/00000/4E2469CD-AE68-E811-A928-FA163EFD0E9F.root [420,421,422,423,424]
/store/data/Run2018B/MET/RAW/v1/000/317/435/00000/50516ECB-AE68-E811-9FEC-FA163E9C202A.root [340,342,341,339]
/store/data/Run2018B/MET/RAW/v1/000/317/435/00000/505D1BB2-AF68-E811-922E-FA163E444CC8.root [477,479,478,480]
/store/data/Run2018B/MET/RAW/v1/000/317/435/00000/541FF6FD-6368-E811-852E-FA163E126126.root [71,70,72]
/store/data/Run2018B/MET/RAW/v1/000/317/435/00000/547146D3-AA68-E811-8F4F-FA163E786D96.root [143,142,144,145]
/store/data/Run2018B/MET/RAW/v1/000/317/435/00000/5494EABA-B068-E811-9EFC-FA163E4B6104.root [664,660,662,663,661,659]
/store/data/Run2018B/MET/RAW/v1/000/317/435/00000/561B51CF-AC68-E811-8195-FA163E82F168.root [181,184,182,183]
/store/data/Run2018B/MET/RAW/v1/000/317/435/00000/562F7499-B068-E811-ACCC-FA163EC38162.root [1067,1068,1060,1062,1061,1064,1063,1065,1066]
/store/data/Run2018B/MET/RAW/v1/000/317/435/00000/580CA904-6468-E811-AE16-FA163ED39CC9.root [84,82,83]
/store/data/Run2018B/MET/RAW/v1/000/317/435/00000/581D73C0-AE68-E811-8AF4-FA163E337D5D.root [349,347,348,350]
/store/data/Run2018B/MET/RAW/v1/000/317/435/00000/58740095-AF68-E811-B643-FA163E336245.root [466,467,468,465]
/store/data/Run2018B/MET/RAW/v1/000/317/435/00000/58D594A3-B068-E811-8C91-FA163E6FE197.root [1130,1131,1128,1132,1124,1127,1133,1129,1134,1126,1125]
/store/data/Run2018B/MET/RAW/v1/000/317/435/00000/5C045BF5-B068-E811-9698-FA163ED2DE85.root [1152,1147,1148,1149,1145,1150,1151,1144,1146]
/store/data/Run2018B/MET/RAW/v1/000/317/435/00000/5C2CB59B-B068-E811-9AA4-FA163E97A487.root [1048,1044,1046,1043,1047,1049,1042,1050,1045]
/store/data/Run2018B/MET/RAW/v1/000/317/435/00000/5C933FCE-AF68-E811-9A2D-02163E017F04.root [607,605,608,609,606,610]
/store/data/Run2018B/MET/RAW/v1/000/317/435/00000/5CD56263-B068-E811-B846-FA163EC00689.root [729,730,725,726,727,728]
/store/data/Run2018B/MET/RAW/v1/000/317/435/00000/5CF5FC47-AD68-E811-A2CD-FA163EBFAD68.root [152,153,154]
/store/data/Run2018B/MET/RAW/v1/000/317/435/00000/5EF9A922-B168-E811-9535-FA163E6EDA8C.root [817,821,820,818,816,819,822,823]
/store/data/Run2018B/MET/RAW/v1/000/317/435/00000/604540B4-AE68-E811-A1E0-FA163EB4EBF9.root [204,205,203,206]
/store/data/Run2018B/MET/RAW/v1/000/317/435/00000/60630BB2-AE68-E811-97DB-FA163ECF1778.root [249,247,250,248]
/store/data/Run2018B/MET/RAW/v1/000/317/435/00000/6221E7F0-B068-E811-BE09-FA163E0D4BAF.root [1263,1271,1265,1266,1267,1269,1264,1268,1270]
/store/data/Run2018B/MET/RAW/v1/000/317/435/00000/6242DCAF-AE68-E811-A231-FA163EC7A03B.root [436,437,435,438]
/store/data/Run2018B/MET/RAW/v1/000/317/435/00000/648B72F0-AF68-E811-9655-FA163E0F815B.root [623,627,624,625,626,628]
/store/data/Run2018B/MET/RAW/v1/000/317/435/00000/64AB19FD-6368-E811-A532-FA163E8B9CEF.root [61,62,63]
/store/data/Run2018B/MET/RAW/v1/000/317/435/00000/66039297-B068-E811-B4EB-FA163E7C20B1.root [1079,1081,1078,1080,1086,1082,1083,1084,1085]
/store/data/Run2018B/MET/RAW/v1/000/317/435/00000/66289F6B-AF68-E811-9B20-FA163E64D371.root [307,309,308,310]
/store/data/Run2018B/MET/RAW/v1/000/317/435/00000/6A089394-AE68-E811-8E3E-FA163E581BE9.root [240,239,242,241]
/store/data/Run2018B/MET/RAW/v1/000/317/435/00000/6ABAA0C6-5D68-E811-802F-FA163E8E5071.root [7,8,9]
/store/data/Run2018B/MET/RAW/v1/000/317/435/00000/6C1613D6-AA68-E811-B308-FA163E105698.root [141,139,140,138]
/store/data/Run2018B/MET/RAW/v1/000/317/435/00000/6C2AA94C-6268-E811-A876-FA163E5CBB1F.root [38,37,39]
/store/data/Run2018B/MET/RAW/v1/000/317/435/00000/6C3E070C-A968-E811-AD1E-FA163E6F0F4A.root [121,122,123]
/store/data/Run2018B/MET/RAW/v1/000/317/435/00000/6E5685A3-B068-E811-A2C8-FA163E554F4D.root [1107,1111,1109,1108,1112,1110,1106,1113,1114]
/store/data/Run2018B/MET/RAW/v1/000/317/435/00000/6E653A6C-6068-E811-AC69-FA163E0A71E5.root [19,21,20]
/store/data/Run2018B/MET/RAW/v1/000/317/435/00000/6E9DB410-6468-E811-8D4B-FA163ED7EF98.root [67,69,68]
/store/data/Run2018B/MET/RAW/v1/000/317/435/00000/6ECBFCB0-AC68-E811-8D64-FA163EFBABC4.root [151,150,149]
/store/data/Run2018B/MET/RAW/v1/000/317/435/00000/7072B911-6468-E811-B965-FA163EACCAC4.root [99,100,98]
/store/data/Run2018B/MET/RAW/v1/000/317/435/00000/70D0F1D5-AE68-E811-9297-FA163ED190E5.root [260,261,262,259]
/store/data/Run2018B/MET/RAW/v1/000/317/435/00000/72DEE9CB-B068-E811-9457-FA163E621846.root [703,702,705,701,704,706]
/store/data/Run2018B/MET/RAW/v1/000/317/435/00000/72FF7B6E-B068-E811-8BD6-FA163E64D371.root [675,672,676,671,673,674]
/store/data/Run2018B/MET/RAW/v1/000/317/435/00000/7459CBA6-AE68-E811-8673-FA163E4D501C.root [411,414,413,410,412]
/store/data/Run2018B/MET/RAW/v1/000/317/435/00000/746E23A6-B068-E811-8955-FA163E3F3CC0.root [901,896,898,902,899,895,897,900]
/store/data/Run2018B/MET/RAW/v1/000/317/435/00000/74BE58F4-AA68-E811-8FAD-FA163EEFE78F.root [126,127,128]
/store/data/Run2018B/MET/RAW/v1/000/317/435/00000/768746C0-5D68-E811-AD1F-FA163E7DBAC6.root [13,15,14]
/store/data/Run2018B/MET/RAW/v1/000/317/435/00000/786E83A3-AE68-E811-BBB3-FA163EF1F39A.root [319,322,321,320]
/store/data/Run2018B/MET/RAW/v1/000/317/435/00000/78E949E7-B068-E811-A8CD-FA163E93AB3F.root [884,879,881,883,885,886,880,882]
/store/data/Run2018B/MET/RAW/v1/000/317/435/00000/7AE5F3A8-B068-E811-8D09-FA163EFF40BE.root [777,779,776,774,775,778]
/store/data/Run2018B/MET/RAW/v1/000/317/435/00000/7AEC5DD4-AF68-E811-9410-FA163E49299E.root [566,564,563,568,567,565]
/store/data/Run2018B/MET/RAW/v1/000/317/435/00000/7C2C4ABE-B068-E811-9132-FA163E4B44F5.root [911,916,913,912,914,915]
/store/data/Run2018B/MET/RAW/v1/000/317/435/00000/7C387D16-B068-E811-9FD0-FA163E66E373.root [584,582,583,585,586,581]
/store/data/Run2018B/MET/RAW/v1/000/317/435/00000/7C50CEC6-AF68-E811-A87E-FA163EE24CAD.root [472,470,469,471]
/store/data/Run2018B/MET/RAW/v1/000/317/435/00000/7C5315BD-B068-E811-9FBB-FA163E960594.root [1344,1345,1341,1342,1338,1346,1339,1340,1343]
/store/data/Run2018B/MET/RAW/v1/000/317/435/00000/7E425B8B-B068-E811-B8D6-FA163EEFAAC2.root [1036,1038,1040,1037,1041,1034,1039,1033,1035]
/store/data/Run2018B/MET/RAW/v1/000/317/435/00000/7E46CDA6-B068-E811-A30C-FA163E3F84E6.root [1175,1173,1171,1176,1177,1178,1174,1172,1179]
/store/data/Run2018B/MET/RAW/v1/000/317/435/00000/80451DA1-B068-E811-AFBC-FA163EE048DE.root [649,651,652,647,650,648]
/store/data/Run2018B/MET/RAW/v1/000/317/435/00000/80E6ECFD-B068-E811-9BD2-FA163E2E4B1A.root [691,694,689,692,693,690]
/store/data/Run2018B/MET/RAW/v1/000/317/435/00000/826D9592-AE68-E811-B1CC-FA163E6A6DD4.root [390,391,393,392,394]
/store/data/Run2018B/MET/RAW/v1/000/317/435/00000/82F8BF89-B168-E811-9C4D-FA163E13F978.root [1115,1116,1119,1121,1122,1118,1117,1120,1123]
/store/data/Run2018B/MET/RAW/v1/000/317/435/00000/840D9948-6268-E811-BFEC-FA163E7247B0.root [31,33,32]
/store/data/Run2018B/MET/RAW/v1/000/317/435/00000/84D40C0C-6468-E811-8A99-FA163EABC162.root [92,93,94]
/store/data/Run2018B/MET/RAW/v1/000/317/435/00000/86AF5085-B068-E811-B64A-FA163E9142A0.root [837,834,833,836,838,832,831,835]
/store/data/Run2018B/MET/RAW/v1/000/317/435/00000/88E22992-AE68-E811-B08B-FA163E53400A.root [313,312,314,311]
/store/data/Run2018B/MET/RAW/v1/000/317/435/00000/88EFEC89-6468-E811-A359-FA163EC23B66.root [95,97,96]
/store/data/Run2018B/MET/RAW/v1/000/317/435/00000/8A0DFFE9-AE68-E811-8222-FA163EE6AF41.root [237,236,238,235]
/store/data/Run2018B/MET/RAW/v1/000/317/435/00000/8A6BBDFD-B068-E811-A30C-02163E019F07.root [984,980,981,985,986,983,979,982,987]
/store/data/Run2018B/MET/RAW/v1/000/317/435/00000/8A6F4DEC-B068-E811-A661-FA163E25A2DB.root [903,908,906,904,905,910,907,909]
/store/data/Run2018B/MET/RAW/v1/000/317/435/00000/8C8A59F2-6368-E811-BC35-FA163EC968BB.root [58,60,59]
/store/data/Run2018B/MET/RAW/v1/000/317/435/00000/8E9D9051-A968-E811-AD59-FA163E1CB1B4.root [124]
/store/data/Run2018B/MET/RAW/v1/000/317/435/00000/8EB9C6FE-6368-E811-9FA0-FA163E2F466D.root [73,74,75]
/store/data/Run2018B/MET/RAW/v1/000/317/435/00000/8EE305F9-AF68-E811-9937-FA163EC00689.root [593,594,598,595,596,597]
/store/data/Run2018B/MET/RAW/v1/000/317/435/00000/90A81EAA-B068-E811-9072-FA163E444CC8.root [685,683,688,686,684,687]
/store/data/Run2018B/MET/RAW/v1/000/317/435/00000/90B4392A-AF68-E811-B12D-FA163E70EFE5.root [292,291,293,294]
/store/data/Run2018B/MET/RAW/v1/000/317/435/00000/92B3402B-AB68-E811-A24C-FA163E287B7F.root [137,136,135]
/store/data/Run2018B/MET/RAW/v1/000/317/435/00000/92ED6D27-B168-E811-A0AC-FA163E944D67.root [1218,1224,1226,1220,1222,1219,1216,1221,1217,1223,1225]
/store/data/Run2018B/MET/RAW/v1/000/317/435/00000/92EE3D90-AE68-E811-AF11-FA163E802403.root [256,255,257,258]
/store/data/Run2018B/MET/RAW/v1/000/317/435/00000/9865EC94-B068-E811-B4F9-FA163E24ADB9.root [890,889,888,893,887,891,894,892]
/store/data/Run2018B/MET/RAW/v1/000/317/435/00000/98F56355-AC68-E811-B32A-FA163E866727.root [156,157,155]
/store/data/Run2018B/MET/RAW/v1/000/317/435/00000/9A4F43CB-AF68-E811-9C2D-FA163E83B4BF.root [604,600,599,601,602,603]
/store/data/Run2018B/MET/RAW/v1/000/317/435/00000/9AE905E7-AF68-E811-8C1C-FA163E561F15.root [577,578,579,576,575,580]
/store/data/Run2018B/MET/RAW/v1/000/317/435/00000/9C34D6C0-AE68-E811-9775-FA163E832FBF.root [459,460,458,457]
/store/data/Run2018B/MET/RAW/v1/000/317/435/00000/9C5ADCC0-AF68-E811-A6F9-02163E01A095.root [612,613,615,611,614,616]
/store/data/Run2018B/MET/RAW/v1/000/317/435/00000/9CB9B163-B068-E811-93A5-FA163E03CDF2.root [656,653,654,657,658,655]
/store/data/Run2018B/MET/RAW/v1/000/317/435/00000/9E2BA18E-AE68-E811-A4BA-FA163E4F3B21.root [297,298,296,295]
/store/data/Run2018B/MET/RAW/v1/000/317/435/00000/9E4990F3-AF68-E811-8B96-FA163E367374.root [506,501,502,505,503,504]
/store/data/Run2018B/MET/RAW/v1/000/317/435/00000/9E851483-B068-E811-BAB6-FA163EA0C012.root [809,811,815,808,812,810,814,813]
/store/data/Run2018B/MET/RAW/v1/000/317/435/00000/9ECAEEA9-B068-E811-AD44-FA163EDDAD9B.root [1190,1195,1197,1191,1189,1193,1192,1194,1196]
/store/data/Run2018B/MET/RAW/v1/000/317/435/00000/A06BD2F9-AC68-E811-B0AB-FA163EEA790F.root [187,186,185]
/store/data/Run2018B/MET/RAW/v1/000/317/435/00000/A07E97FB-AF68-E811-94C6-02163E019EEC.root [510,508,507,509]
/store/data/Run2018B/MET/RAW/v1/000/317/435/00000/A2B4802B-6468-E811-95EE-FA163E8FB12D.root [116,115,117]
/store/data/Run2018B/MET/RAW/v1/000/317/435/00000/A2D16BE7-AE68-E811-B12C-02163E01A101.root [323,324,325,326]
/store/data/Run2018B/MET/RAW/v1/000/317/435/00000/A418798F-B068-E811-B0EF-FA163EB4EBF9.root [960,957,953,955,952,956,958,954,959]
/store/data/Run2018B/MET/RAW/v1/000/317/435/00000/A49516CF-B068-E811-8E7D-FA163E3D470E.root [678,680,679,677,682,681]
/store/data/Run2018B/MET/RAW/v1/000/317/435/00000/A60485A9-B068-E811-97FF-FA163EFF1C10.root [1283,1285,1287,1284,1289,1282,1288,1286,1281]
/store/data/Run2018B/MET/RAW/v1/000/317/435/00000/A669A67E-AF68-E811-AF8A-FA163EB9CE9F.root [196,198,195,197]
/store/data/Run2018B/MET/RAW/v1/000/317/435/00000/A685E5B2-AC68-E811-AE76-FA163E11E1E9.root [161,162,163]
/store/data/Run2018B/MET/RAW/v1/000/317/435/00000/A6AB18C4-B068-E811-AA58-FA163E4E6CF7.root [970,973,976,972,977,975,971,974,978]
/store/data/Run2018B/MET/RAW/v1/000/317/435/00000/A6F2ADE4-AE68-E811-AF17-FA163ED05A75.root [221,220,222,219]
/store/data/Run2018B/MET/RAW/v1/000/317/435/00000/A8935024-B168-E811-ACBB-02163E01A05F.root [1095,1094,1092,1088,1090,1089,1091,1087,1093]
/store/data/Run2018B/MET/RAW/v1/000/317/435/00000/AA669BCF-AE68-E811-91A5-FA163E920180.root [428,427,425,429,426]
/store/data/Run2018B/MET/RAW/v1/000/317/435/00000/AA74DB95-AE68-E811-B3E3-FA163EB92228.root [343,344,346,345]
/store/data/Run2018B/MET/RAW/v1/000/317/435/00000/AACF86A6-B068-E811-A5BB-FA163EC5E773.root [1186,1188,1180,1181,1185,1183,1184,1182,1187]
/store/data/Run2018B/MET/RAW/v1/000/317/435/00000/AADC19B6-B068-E811-9DBB-FA163E0CD856.root [720,719,721,723,722,724]
/store/data/Run2018B/MET/RAW/v1/000/317/435/00000/AAEA6EFD-B068-E811-8497-FA163EAF9ADD.root [964,961,968,969,967,963,966,962,965]
/store/data/Run2018B/MET/RAW/v1/000/317/435/00000/AC1DA6A1-AF68-E811-B0B2-FA163E406A25.root [473,475,474,476]
/store/data/Run2018B/MET/RAW/v1/000/317/435/00000/AC283793-AE68-E811-AFFD-FA163E406A25.root [234,233,231,232]
/store/data/Run2018B/MET/RAW/v1/000/317/435/00000/AEA6F2AA-B068-E811-AC09-FA163E395E49.root [1166,1167,1164,1168,1163,1169,1162,1165,1170]
/store/data/Run2018B/MET/RAW/v1/000/317/435/00000/B066EBF1-AE68-E811-899A-02163E019FD9.root [448,446,444,445,447]
/store/data/Run2018B/MET/RAW/v1/000/317/435/00000/B2AC0E08-B068-E811-A7DA-FA163EB7DF4A.root [622,618,619,620,621,617]
/store/data/Run2018B/MET/RAW/v1/000/317/435/00000/B2C05ED5-B068-E811-9FE0-FA163E551BF7.root [1290,1298,1291,1293,1296,1294,1297,1292,1295]
/store/data/Run2018B/MET/RAW/v1/000/317/435/00000/B4969EBD-B068-E811-8E16-FA163E850BF4.root [858,856,862,860,861,857,859,855]
/store/data/Run2018B/MET/RAW/v1/000/317/435/00000/B69047CD-B068-E811-A29E-FA163E1B69FC.root [1335,1333,1329,1330,1334,1332,1336,1337,1331]
/store/data/Run2018B/MET/RAW/v1/000/317/435/00000/B69770E3-B068-E811-BC88-FA163EB53A0B.root [1324,1328,1325,1327,1317,1320,1321,1322,1326,1318,1319,1323]
/store/data/Run2018B/MET/RAW/v1/000/317/435/00000/BA33AE56-5B68-E811-8AF0-FA163E3F84E6.root [1,2,3]
/store/data/Run2018B/MET/RAW/v1/000/317/435/00000/BA5D6314-6468-E811-A474-FA163E39C1F2.root [109,107,110,108]
/store/data/Run2018B/MET/RAW/v1/000/317/435/00000/BA6454BD-AE68-E811-B766-FA163ECFF8BE.root [401,402,403,404,400]
/store/data/Run2018B/MET/RAW/v1/000/317/435/00000/BAA123A2-AE68-E811-8BB9-FA163EEFAAC2.root [330,327,329,328]
/store/data/Run2018B/MET/RAW/v1/000/317/435/00000/BCBDBD97-B068-E811-9B05-FA163EB7B53C.root [1007,1006,1010,1013,1014,1009,1011,1012,1008]
/store/data/Run2018B/MET/RAW/v1/000/317/435/00000/BE28A8E5-B068-E811-B13E-FA163E010862.root [733,734,736,731,735,732]
/store/data/Run2018B/MET/RAW/v1/000/317/435/00000/BEFFE5C0-B168-E811-B975-02163E01A10A.root [1354,1357,1358,1350,1355,1353,1356,1347,1348,1349,1351,1352]
/store/data/Run2018B/MET/RAW/v1/000/317/435/00000/C04A9085-AF68-E811-BC39-FA163E5DED89.root [316,318,315,317]
/store/data/Run2018B/MET/RAW/v1/000/317/435/00000/C43F06A7-B068-E811-80E1-FA163EDB79CE.root [1248,1249,1247,1251,1250,1253,1245,1246,1252]
/store/data/Run2018B/MET/RAW/v1/000/317/435/00000/C6042B93-B068-E811-A727-FA163E22408B.root [1017,1020,1016,1019,1021,1023,1015,1022,1018]
/store/data/Run2018B/MET/RAW/v1/000/317/435/00000/C607F386-B068-E811-9B9C-FA163E561F15.root [945,943,949,944,951,947,946,950,948]
/store/data/Run2018B/MET/RAW/v1/000/317/435/00000/C6753A58-AC68-E811-96EB-FA163E336245.root [164,165,166]
/store/data/Run2018B/MET/RAW/v1/000/317/435/00000/C679D078-B068-E811-BF0A-FA163EC64BA5.root [670,666,665,669,667,668]
/store/data/Run2018B/MET/RAW/v1/000/317/435/00000/CA02706A-B068-E811-9E80-FA163EE8B82A.root [709,711,712,708,710,707]
/store/data/Run2018B/MET/RAW/v1/000/317/435/00000/CAEFAE9D-B068-E811-B07B-FA163EEB6CBF.root [877,873,871,872,874,875,876,878]
/store/data/Run2018B/MET/RAW/v1/000/317/435/00000/CC51B5A2-AF68-E811-A37D-FA163E192E5D.root [512,513,511,514]
/store/data/Run2018B/MET/RAW/v1/000/317/435/00000/CC583BD1-5D68-E811-B095-02163E019F22.root [10,11,12]
/store/data/Run2018B/MET/RAW/v1/000/317/435/00000/CC82C682-B068-E811-AE94-02163E01A095.root [824,825,830,827,829,826,828]
/store/data/Run2018B/MET/RAW/v1/000/317/435/00000/CCA0F5A5-AE68-E811-92D7-FA163E786D96.root [263,265,264,266]
/store/data/Run2018B/MET/RAW/v1/000/317/435/00000/CCD66B2A-6068-E811-8487-FA163EC92B39.root [23,22,24]
/store/data/Run2018B/MET/RAW/v1/000/317/435/00000/CE00AF88-B068-E811-84AF-FA163E9E511D.root [938,941,934,939,935,937,940,936,942]
/store/data/Run2018B/MET/RAW/v1/000/317/435/00000/CE83772E-B068-E811-9E15-02163E015E0F.root [555,553,551,554,556,552]
/store/data/Run2018B/MET/RAW/v1/000/317/435/00000/CE917A40-B068-E811-9398-FA163E6B593C.root [497,498,499,500]
/store/data/Run2018B/MET/RAW/v1/000/317/435/00000/CEBE9449-AB68-E811-BE51-FA163E7A194F.root [130,129,131]
/store/data/Run2018B/MET/RAW/v1/000/317/435/00000/D477D6DB-AE68-E811-8DFD-02163E019EEC.root [304,303,305,306]
/store/data/Run2018B/MET/RAW/v1/000/317/435/00000/D694B622-AF68-E811-85A7-FA163EC9A14D.root [227,229,230,228]
/store/data/Run2018B/MET/RAW/v1/000/317/435/00000/D8D0AE58-B168-E811-B30D-FA163EC67281.root [997,998,1002,1004,1000,1001,1003,999,1005]
/store/data/Run2018B/MET/RAW/v1/000/317/435/00000/D8ED6DC4-AF68-E811-A608-FA163E9C5EB9.root [481,482,483,484]
/store/data/Run2018B/MET/RAW/v1/000/317/435/00000/DA7B5896-AE68-E811-B290-FA163E192E5D.root [357,359,355,356,358]
/store/data/Run2018B/MET/RAW/v1/000/317/435/00000/DA86F375-B068-E811-8527-FA163E749606.root [850,854,848,853,851,847,849,852]
/store/data/Run2018B/MET/RAW/v1/000/317/435/00000/DAAC3A55-AF68-E811-AE7A-FA163E51B015.root [370,372,371,373,374]
/store/data/Run2018B/MET/RAW/v1/000/317/435/00000/DACCEECB-AF68-E811-9629-FA163EBF9BFB.root [226,225,223,224]
/store/data/Run2018B/MET/RAW/v1/000/317/435/00000/DC06B48F-AE68-E811-A979-FA163EB800AB.root [368,367,369,366,365]
/store/data/Run2018B/MET/RAW/v1/000/317/435/00000/DC7E9C56-6468-E811-9D4F-FA163E23B1D9.root [118,120,119]
/store/data/Run2018B/MET/RAW/v1/000/317/435/00000/DCCAEA0C-6468-E811-A728-FA163E5601EC.root [65,64,66]
/store/data/Run2018B/MET/RAW/v1/000/317/435/00000/DE6EF2BC-B068-E811-8DD0-02163E01A154.root [716,718,717,713,715,714]
/store/data/Run2018B/MET/RAW/v1/000/317/435/00000/DEF01D4A-6268-E811-9F04-02163E01A022.root [35,34,36]
/store/data/Run2018B/MET/RAW/v1/000/317/435/00000/E0BBB4AB-B068-E811-AADC-FA163E5ED053.root [869,870,863,864,867,868,865,866]
/store/data/Run2018B/MET/RAW/v1/000/317/435/00000/E24392B9-AE68-E811-ADDB-FA163E850BF4.root [362,361,360,363,364]
/store/data/Run2018B/MET/RAW/v1/000/317/435/00000/E84D4C0B-B168-E811-B6E3-02163E019EEC.root [1316,1310,1312,1315,1311,1313,1308,1309,1314]
/store/data/Run2018B/MET/RAW/v1/000/317/435/00000/E88E599E-B168-E811-B62E-FA163E164BEE.root [1382,1383,1384,1390,1391,1381,1386,1388,1380,1385,1387,1389]
/store/data/Run2018B/MET/RAW/v1/000/317/435/00000/EA04F250-6268-E811-B08B-FA163EE02984.root [40,41,42]
/store/data/Run2018B/MET/RAW/v1/000/317/435/00000/EA1700C0-AE68-E811-8B7A-02163E01A0F3.root [375,376,378,379,377]
/store/data/Run2018B/MET/RAW/v1/000/317/435/00000/EAA7EC29-6468-E811-8996-FA163EE28A99.root [78,76,77]
/store/data/Run2018B/MET/RAW/v1/000/317/435/00000/EC113476-AF68-E811-85FA-FA163EE66323.root [216,217,215,218]
/store/data/Run2018B/MET/RAW/v1/000/317/435/00000/EE1460BE-AE68-E811-B005-FA163EB7DF4A.root [381,382,384,380,383]
/store/data/Run2018B/MET/RAW/v1/000/317/435/00000/F03DFBA2-AE68-E811-9647-FA163E78D626.root [193,194,191,192]
/store/data/Run2018B/MET/RAW/v1/000/317/435/00000/F043CEDC-AF68-E811-AFD1-FA163EBB0161.root [491,492,489,490]
/store/data/Run2018B/MET/RAW/v1/000/317/435/00000/F0559FAE-AF68-E811-AF20-02163E01A057.root [527,532,530,528,529,531]
/store/data/Run2018B/MET/RAW/v1/000/317/435/00000/F2C1C4B1-AF68-E811-9C96-FA163EEFAAC2.root [560,561,557,559,562,558]
/store/data/Run2018B/MET/RAW/v1/000/317/435/00000/F410819B-AE68-E811-B89E-FA163E498C7B.root [386,388,389,385,387]
/store/data/Run2018B/MET/RAW/v1/000/317/435/00000/F43E6F86-AC68-E811-B9D5-FA163EFD0C51.root [171,172,170]
/store/data/Run2018B/MET/RAW/v1/000/317/435/00000/F6EAE571-B068-E811-BA16-FA163E5E2D2A.root [781,782,784,785,780,783]
/store/data/Run2018B/MET/RAW/v1/000/317/435/00000/F80E6D25-6468-E811-AB79-FA163EED8032.root [86,88,87,85]
/store/data/Run2018B/MET/RAW/v1/000/317/435/00000/F81263D9-B068-E811-9866-FA163E3C0C41.root [1200,1205,1198,1201,1206,1199,1204,1202,1203]
/store/data/Run2018B/MET/RAW/v1/000/317/435/00000/F835914C-6568-E811-AD31-02163E0148E0.root [113,111,112,114]
/store/data/Run2018B/MET/RAW/v1/000/317/435/00000/FAB73BE8-6368-E811-ADA1-FA163EDFA8AB.root [52,53,54]
/store/data/Run2018B/MET/RAW/v1/000/317/435/00000/FADF7633-B068-E811-BA57-FA163E742E53.root [517,520,516,518,519,515]
/store/data/Run2018B/MET/RAW/v1/000/317/435/00000/FCCE5FE2-AE68-E811-A520-FA163E61CC5B.root [453,454,456,455]
