/store/data/Run2022B/DoubleMuon/RAW/v1/000/355/374/00000/aaa9b473-01e2-4500-8d38-e71af82c9b39.root 355374 [4,9,29,14,18,20,33,48,50,60,71,72,74,83,8,10,13,17,21,23,44,49,51,54,56,73,82,2,12,16,28,30,34,37,38,40,47,59,61,68,69,1,25,27,31,42,43,45,46,63,64,70,76,77,6,35,36,65,67,75,81,7,11,19,24,26,41,55,57,62,66,78,79,84,3,5,15,22,32,39,52,53,58,80]
/store/data/Run2022B/DoubleMuon/RAW/v1/000/355/381/00000/65b31d2a-81af-4e4c-b563-47b62ea75a49.root 355381 [164,182,185,187,189,190,196,202,203,215,228,230,240,263,266,277,278,295,298,299,313,316,318,322,330,337,338,344,349,353,355,356,195,198,205,237,242,245,246,247,250,256,262,271,282,297,308,309,323,326,328,343,350,354,357,173,184,188,191,201,204,217,219,229,231,238,241,249,252,253,261,267,268,275,283,301,302,324,325,333,341,342,351,352,166,169,175,194,197,209,210,211,220,222,223,244,264,265,269,272,274,279,286,291,320,327,332,339,346,347,348,170,177,192,193,214,259,280,287,293,314,317,331,335,345,167,176,179,200,213,221,224,226,227,233,234,236,243,254,273,276,284,288,294,305,311,321,340,165,171,172,178,180,181,186,199,208,212,216,218,239,248,255,257,258,260,281,285,289,296,304,312,315,329,334,168,174,183,206,207,225,232,235,251,270,290,292,300,303,306,307,310,319,336]
/store/data/Run2022B/DoubleMuon/RAW/v1/000/355/381/00000/bbf0178c-8da0-487b-b478-adf9bb9d0daa.root 355381 [7,11,19,31,35,39,46,47,60,74,77,82,85,89,90,91,99,117,118,123,125,128,154,157,162,4,8,15,16,26,50,56,59,61,67,70,71,104,116,122,129,136,138,143,147,151,158,12,29,32,44,51,88,97,120,126,140,144,145,153,3,6,20,22,25,28,36,40,48,52,68,75,83,92,94,103,107,111,112,113,130,135,148,150,155,1,5,17,18,23,33,41,45,53,54,84,86,101,108,119,139,146,159,161,2,9,13,14,21,27,30,37,38,43,49,57,65,66,98,115,131,132,134,152,160,24,58,63,69,73,78,81,93,96,100,102,105,106,127,141,10,34,42,55,62,64,72,76,79,80,87,95,109,110,114,121,124,133,137,142,149,156]
/store/data/Run2022B/DoubleMuon/RAW/v1/000/355/381/00000/d29818de-4ad7-4c09-b1bd-fb4ce46677cf.root 355381 [163]
/store/data/Run2022B/DoubleMuon/RAW/v1/000/355/418/00000/b1ea413d-69df-4bb8-941e-d475d935d6b7.root 355418 [10,22,26,37,40,17,11,13,19,21,25,29,30,35,41,1,9,27,36,38,4,14,18,20,24,33,2,5,3,15,16,31,32,34,39,6,7,8,12,23,28]
/store/data/Run2022B/DoubleMuon/RAW/v1/000/355/419/00000/23caa4f3-7c22-4268-bf9a-9605a4653314.root 355419 [86,101,4,6,7,9,24,43,46,50,53,60,63,77,82,91,106,18,25,28,35,38,69,75,76,83,95,96,97,98,22,27,32,36,40,42,44,56,62,94,108,3,15,17,19,20,26,34,52,58,65,68,81,100,102,105,2,5,11,23,55,59,61,67,71,74,84,1,12,30,37,39,41,47,57,70,72,78,87,89,92,99,103,107,109,8,10,14,16,29,31,45,48,49,64,66,73,79,85,88,90,93,104,13,21,33,51,54,80]
/store/data/Run2022B/DoubleMuon/RAW/v1/000/355/429/00000/4105963a-b7a3-40b5-9fb5-8362a853f9d3.root 355429 [30,46,47,58,60,64,71,75,78,84,85,90,14,16,32,36,37,42,44,57,65,66,76,89,93,1,7,10,11,35,40,56,79,80,83,96,4,5,8,17,22,39,63,67,69,81,82,87,88,98,12,24,27,34,41,49,52,55,59,73,91,97,3,6,13,18,19,25,26,28,31,33,38,51,53,61,68,72,86,92,100,103,15,29,45,48,54,62,74,77,94,102,2,9,20,21,23,43,50,70,95,99,101]
/store/data/Run2022B/DoubleMuon/RAW/v1/000/355/435/00000/b9e1263b-2618-4b87-9abc-5d52f1865c71.root 355435 [1,3,5,10,13,18,28,31,32,54,55,57,61,62,67,76,78,79,2,8,40,41,46,50,74,82,17,35,42,63,84,4,16,23,34,52,65,68,19,24,25,27,37,39,51,64,71,77,83,7,11,12,15,29,36,43,44,66,73,6,21,26,30,33,38,53,70,75,80,9,14,20,22,45,47,48,49,56,58,59,60,69,72,81]
/store/data/Run2022B/DoubleMuon/RAW/v1/000/355/442/00000/d58dde70-f523-456c-b2be-4a06915d3ab6.root 355442 [2,3,13,6,8,21,22,14,4,11,19,12,17,20,1,5,9,10,7,15,16,18]
/store/data/Run2022B/DoubleMuon/RAW/v1/000/355/443/00000/b9b85f51-c866-4770-9f01-e79140de2fa6.root 355443 [17,29,30,39,43,54,57,61,66,67,73,74,78,1,6,7,9,14,19,31,40,45,51,65,71,5,11,21,24,63,68,72,77,79,2,10,22,28,53,76,13,20,23,27,47,69,70,16,26,33,36,38,46,52,64,75,3,4,8,12,34,42,44,48,50,55,58,80,15,18,25,32,35,37,41,49,56,59,60,62,81]
/store/data/Run2022B/DoubleMuon/RAW/v1/000/355/443/00000/e2a89650-34d9-4d65-b60a-aec4a4a895c3.root 355443 [164,168,194,198,212,213,215,216,229,235,236,195,202,204,232,238,166,173,177,179,183,193,197,210,214,217,220,223,227,231,239,199,203,207,209,221,228,170,172,184,188,190,191,192,206,225,240,167,171,175,178,181,187,189,200,201,205,211,226,234,237,165,169,174,176,180,182,185,196,218,222,230,186,208,219,224,233]
/store/data/Run2022B/DoubleMuon/RAW/v1/000/355/443/00000/fbd2d5d2-02f4-49fd-8e03-d3c599d6a9af.root 355443 [90,95,106,134,137,144,161,83,88,92,96,100,109,111,115,116,121,123,146,148,151,91,93,107,110,117,119,120,133,139,145,149,160,87,104,105,108,113,114,125,126,132,140,153,157,158,163,85,101,103,130,131,135,138,143,154,156,86,89,98,124,141,147,152,162,82,94,97,99,102,112,118,127,128,129,136,142,150,155,84,122,159]
/store/data/Run2022B/DoubleMuon/RAW/v1/000/355/444/00000/ecae1b1f-b29f-494c-a51a-cc0618865ee8.root 355444 [16,20,23,25,36,40,42,44,45,49,57,62,68,73,13,17,21,30,34,35,50,51,54,64,74,4,5,9,12,15,41,43,55,59,66,3,10,19,24,47,67,69,77,2,6,8,22,29,31,39,53,60,63,7,37,38,61,70,79,1,11,26,27,32,33,48,56,58,65,75,76,14,18,28,46,52,71,72,78]
/store/data/Run2022B/DoubleMuon/RAW/v1/000/355/444/00000/f1ee12ac-f803-4416-8127-fd2cca0ef283.root 355444 [82,83,85,87,107,115,126,143,80,84,93,94,95,101,109,110,112,116,118,119,131,140,142,144,89,97,114,120,123,149,90,91,103,105,132,153,81,117,125,136,137,147,152,86,92,99,106,108,127,129,130,133,138,141,148,151,154,96,100,102,121,122,128,134,145,150,88,98,104,111,113,124,135,139,146]
/store/data/Run2022B/DoubleMuon/RAW/v1/000/355/445/00000/1a9291ae-772a-4071-9289-d8a29eeb1b67.root 355445 [235,237,241,246,249,250,231,248,233,236,238,251,252,232,234,244,253,240,247,239,242,243,245]
/store/data/Run2022B/DoubleMuon/RAW/v1/000/355/445/00000/2292321c-0809-4d51-b23b-67ba55e662ed.root 355445 [6,8,33,40,53,75,83,3,7,15,20,27,28,29,35,36,39,49,52,55,59,65,67,80,14,22,46,47,50,54,56,57,61,72,85,86,87,2,17,19,31,34,48,77,78,84,89,21,23,26,30,32,82,1,4,9,10,11,13,16,18,38,42,45,63,66,70,71,76,81,88,5,51,58,62,64,74,90,12,24,25,37,41,43,44,60,68,69,73,79]
/store/data/Run2022B/DoubleMuon/RAW/v1/000/355/445/00000/98d79100-5721-42e8-a7ea-3066423aec98.root 355445 [91,94,115,125,128,130,135,139,141,146,150,152,153,156,172,180,186,189,205,211,218,219,228,102,107,111,112,123,140,154,155,171,179,184,195,197,203,207,216,217,220,229,92,93,100,101,109,117,126,133,134,136,148,158,159,170,178,191,196,199,227,230,118,122,124,132,160,164,174,176,182,208,103,108,119,121,129,137,147,151,163,169,183,187,190,201,204,206,213,226,95,96,105,116,127,149,162,165,167,173,177,185,188,192,193,200,210,215,222,98,99,110,120,131,138,142,144,145,157,161,166,168,175,198,202,212,214,224,97,104,106,113,114,143,181,194,209,221,223,225]
/store/data/Run2022B/DoubleMuon/RAW/v1/000/355/454/00000/64a9c716-b15b-4007-a0cf-c6b645dcfbe4.root 355454 [15,19,21,29,30,42,46,54,58,66,73,76,78,79,1,7,10,11,18,24,32,50,52,57,61,82,2,4,25,28,33,34,41,59,67,74,9,13,70,75,77,81,5,8,12,17,22,23,38,40,48,68,72,85,3,14,26,27,36,39,44,45,64,86,16,43,51,53,55,56,60,71,6,20,31,35,37,47,49,62,63,65,69,80,83,84]
/store/data/Run2022B/DoubleMuon/RAW/v1/000/355/454/00000/8b25e8ba-875f-4399-96e7-51ff9da564bb.root 355454 [92,94,97,103,108,109,113,89,110,114,116,88,93,96,101,111,87,90,95,98,105,112,117,99,91,100,104,106,107,102,115]
/store/data/Run2022B/DoubleMuon/RAW/v1/000/355/455/00000/6e19efb1-aa25-453c-a1d2-2b7caac25b8d.root 355455 [1,2,4,6,7,22,33,5,8,11,14,15,18,21,26,34,13,17,20,27,3,12,16,25,28,29,35,38,9,24,32,37,10,19,30,31,23,36,39]
/store/data/Run2022B/DoubleMuon/RAW/v1/000/355/456/00000/0142d35e-6be8-4030-bfe7-481d38b66d32.root 355456 [318,321,324,344,352,359,363,316,327,334,342,349,358,315,320,338,339,341,346,350,360,332,335,340,365,366,317,323,329,333,337,343,351,355,357,361,364,314,367,325,328,330,336,348,353,319,322,326,331,345,347,354,356,362,368]
/store/data/Run2022B/DoubleMuon/RAW/v1/000/355/456/00000/0b801572-c037-4da0-8909-b09ff2125e8d.root 355456 [211,214,223,227,232,234,235,213,220,221,241,246,252,259,210,217,226,231,216,219,237,239,240,243,248,258,224,225,233,244,245,251,253,207,228,238,242,256,212,215,222,229,230,236,247,250,254,257,208,209,218,249,255]
/store/data/Run2022B/DoubleMuon/RAW/v1/000/355/456/00000/41f19c69-1ae0-4101-99f0-335a92d2bc6d.root 355456 [425,426,433,439,440,442,460,463,468,476,477,480,482,429,449,457,430,437,447,456,465,434,453,467,469,470,428,435,436,444,452,454,464,466,478,479,427,431,443,450,455,462,473,474,481,438,445,446,448,451,461,471,475,432,441,458,459,472]
/store/data/Run2022B/DoubleMuon/RAW/v1/000/355/456/00000/6ed55512-5adb-4bd3-9240-a9c65fbb8100.root 355456 [492,498,487,489,493,494,488,496,483,485,499,500,495,501,486,490,491,484,497,502]
/store/data/Run2022B/DoubleMuon/RAW/v1/000/355/456/00000/7777ea74-6e11-4c71-ae02-180d961407e2.root 355456 [263,266,272,282,288,293,304,305,269,270,280,284,286,292,302,308,273,277,294,295,267,271,276,279,289,301,309,261,281,283,291,307,313,275,278,296,297,310,262,265,268,274,287,298,299,306,311,260,264,285,290,300,303,312]
/store/data/Run2022B/DoubleMuon/RAW/v1/000/355/456/00000/847489ff-1848-4b4e-92da-1540058f6c38.root 355456 [53,75,76,81,93,94,57,61,62,64,71,77,80,90,101,58,72,78,82,83,87,89,102,65,73,79,52,59,70,84,88,92,95,96,68,86,91,97,99,55,54,56,60,63,66,67,69,74,85,98,100]
/store/data/Run2022B/DoubleMuon/RAW/v1/000/355/456/00000/99159024-e8a4-4917-a7c5-91775a3875ce.root 355456 [103,115,119,124,126,128,133,117,120,137,139,140,144,146,149,152,106,108,111,122,130,145,107,109,121,123,127,131,134,141,148,150,153,105,132,142,113,135,147,151,104,110,112,116,129,136,143,114,118,125,138,154]
/store/data/Run2022B/DoubleMuon/RAW/v1/000/355/456/00000/9c53ff86-c95a-41c2-82c1-bd0ad159a4f9.root 355456 [13,20,28,38,39,42,51,7,11,19,22,24,25,37,43,14,21,45,2,9,15,16,34,44,50,6,12,18,23,35,41,3,4,8,10,30,31,32,48,36,40,46,1,5,17,26,27,29,33,47,49]
/store/data/Run2022B/DoubleMuon/RAW/v1/000/355/456/00000/b52791df-c944-4e2a-9f05-91dabf238eb2.root 355456 [373,376,382,388,397,411,415,374,375,394,399,405,409,417,385,401,406,408,370,379,381,391,393,395,403,413,418,369,386,392,400,402,414,420,384,407,412,416,421,424,371,372,378,380,387,396,410,419,377,383,389,390,398,404,422,423]
/store/data/Run2022B/DoubleMuon/RAW/v1/000/355/456/00000/cf892f70-372d-4428-9b41-18cc30218d9c.root 355456 [159,169,175,177,184,185,198,206,156,164,165,192,197,199,201,202,205,172,183,188,191,193,155,166,180,182,189,196,200,158,162,167,178,181,190,160,171,173,174,194,195,204,163,170,176,179,186,203,157,161,168,187]
/store/data/Run2022B/DoubleMuon/RAW/v1/000/355/558/00000/06c6706a-b699-4137-9142-666d5ac93ef0.root 355558 [309,311,315,318,307,319,316,321,306,310,312,322,314,317,313,320,308]
/store/data/Run2022B/DoubleMuon/RAW/v1/000/355/558/00000/30511762-5247-44d7-8e32-15b5d81a710c.root 355558 [292,296,293,295,300,304,299,303,291,294,305,298,290,301,297,302]
/store/data/Run2022B/DoubleMuon/RAW/v1/000/355/558/00000/342c4d78-abd0-4817-bdd7-3b1523457e3a.root 355558 [275,282,280,283,284,277,287,289,276,279,281,274,285,288,278,286]
/store/data/Run2022B/DoubleMuon/RAW/v1/000/355/558/00000/4497b262-f638-4c4e-9613-c9f48ad017bb.root 355558 [383,372,373,380,384,377,385,374,379,381,387,375,382,376,386,378]
/store/data/Run2022B/DoubleMuon/RAW/v1/000/355/558/00000/4b03b1e2-f630-4bee-88b2-9e6e8bedd643.root 355558 [17,22,24,49,52,57,58,89,102,111,7,13,23,41,43,46,48,51,67,68,71,75,80,81,93,8,9,12,15,21,35,63,65,66,83,86,87,99,103,110,4,6,18,19,31,34,38,50,79,84,88,94,98,109,112,116,119,121,123,1,2,10,16,28,36,37,40,42,59,77,90,97,101,104,106,113,118,11,20,27,32,45,55,60,62,76,78,85,91,92,100,105,115,5,56,69,72,73,74,96,108,120,122,3,14,25,26,29,30,33,39,44,47,53,54,61,64,70,82,95,107,114,117]
/store/data/Run2022B/DoubleMuon/RAW/v1/000/355/558/00000/51831611-9ab5-42a4-8fde-f8e05799e98f.root 355558 [194,197,199,201,200,206,204,205,193,196,198,207,202,203,208,195]
/store/data/Run2022B/DoubleMuon/RAW/v1/000/355/558/00000/632aec6e-edfc-40a4-b5ed-3fd36dda8026.root 355558 [407,405,406]
/store/data/Run2022B/DoubleMuon/RAW/v1/000/355/558/00000/85711aab-9f87-48e1-8dd8-79861f79841f.root 355558 [181,187,189,176,177,178,182,183,185,190,191,188,192,175,179,180,184,186]
/store/data/Run2022B/DoubleMuon/RAW/v1/000/355/558/00000/8c00d994-340a-4526-b7f4-153c63f8ed0e.root 355558 [244,245,251,256,252,253,254,242,248,249,250,255,257,247,243,246]
/store/data/Run2022B/DoubleMuon/RAW/v1/000/355/558/00000/8f541bb8-4192-4bda-a5a2-9c5d3b376c13.root 355558 [127,130,124,129,133,136,128,126,134,135,137,132,138,139,125,131]
/store/data/Run2022B/DoubleMuon/RAW/v1/000/355/558/00000/8f7fb37c-2bab-4fdf-9580-1b3cc31a38af.root 355558 [389,390,395,400,401,396,404,388,397,399,402,392,403,398,391,393,394]
/store/data/Run2022B/DoubleMuon/RAW/v1/000/355/558/00000/a2a47b5b-e777-435e-bfa5-042ec4b24bbc.root 355558 [161,164,167,160,162,174,158,168,159,165,171,173,163,166,169,172,170]
/store/data/Run2022B/DoubleMuon/RAW/v1/000/355/558/00000/a66ed694-0f89-40a3-bd2d-61c607f7d96f.root 355558 [366,365,368,370,359,369,371,358,360,357,364,363,361,362,367]
/store/data/Run2022B/DoubleMuon/RAW/v1/000/355/558/00000/b8f4545a-b3c0-4718-86b6-52eb918260f9.root 355558 [342,343,347,344,348,340,354,355,349,345,346,356,341,351,353,350,352]
/store/data/Run2022B/DoubleMuon/RAW/v1/000/355/558/00000/c0b9baf8-57e5-45d7-a092-eb256f7864f3.root 355558 [212,218,221,222,211,210,220,213,219,223,216,224,209,214,215,217]
/store/data/Run2022B/DoubleMuon/RAW/v1/000/355/558/00000/c2620334-1b62-4e59-931c-356f6d0dd71e.root 355558 [226,236,239,230,228,235,237,229,232,234,227,231,225,233,238,240,241]
/store/data/Run2022B/DoubleMuon/RAW/v1/000/355/558/00000/cfc2b0ba-d4f6-4d04-8d54-dee52b0a05f5.root 355558 [339,324,328,326,333,334,336,323,325,330,331,335,338,327,329,332,337]
/store/data/Run2022B/DoubleMuon/RAW/v1/000/355/558/00000/e8b3d844-392a-400f-9e69-1be77fa35bac.root 355558 [142,141,146,155,140,143,148,157,149,154,150,152,144,145,147,151,153,156]
/store/data/Run2022B/DoubleMuon/RAW/v1/000/355/558/00000/ffee31a4-7630-4f0f-ada4-6340acf3a393.root 355558 [268,261,272,258,260,263,264,267,269,273,259,265,270,262,266,271]
