/store/data/Run2023D/HcalNZS/RAW/v1/000/369/927/00000/446b4e7d-4e62-4990-8b32-c76465e34e1e.root 369927 [15,17,33,34,53,57,69,81,86,88,99,136,137,150,161,164,173,183,197,199,211,228,232,240,254,255,269,270,274,337,344,353,356,367,8,10,16,22,47,48,56,62,65,73,78,90,91,92,101,104,117,122,123,124,129,141,145,148,160,169,171,179,196,204,215,221,226,229,239,245,251,261,266,280,282,284,286,287,294,295,311,325,327,339,342,360,371,378,379,3,5,19,20,30,35,40,41,44,54,66,77,89,95,119,121,128,147,159,162,175,181,182,193,195,201,218,244,247,249,258,259,265,278,288,289,292,293,302,307,310,314,315,317,322,324,332,348,6,9,21,39,80,82,96,114,115,116,120,126,132,138,154,156,189,194,202,206,210,212,219,223,227,237,241,246,260,262,263,268,271,277,290,296,297,301,303,313,316,330,333,340,354,355,357,361,373,376,11,12,14,26,36,38,42,46,49,55,63,75,85,97,102,103,105,106,108,109,112,113,127,134,143,168,176,177,178,184,198,207,208,213,216,225,233,243,250,267,273,300,304,308,309,328,335,345,347,349,352,358,372,2,7,13,18,27,29,31,45,50,51,61,64,67,68,74,76,79,93,125,142,144,151,153,163,172,174,180,188,191,192,217,222,224,231,242,253,256,279,285,291,305,329,341,343,346,350,359,374,381,384,385,386,1,25,28,32,43,52,59,60,84,87,94,107,110,111,130,131,135,140,146,155,158,167,187,200,203,205,209,214,220,234,235,238,252,257,272,276,298,312,318,326,331,334,338,351,362,364,368,369,370,375,382,383,4,23,24,37,58,70,71,72,83,98,100,118,133,139,149,152,157,165,166,170,185,186,190,230,236,248,264,275,281,283,299,306,319,320,321,323,336,363,365,366,377,380,387]
/store/data/Run2023D/HcalNZS/RAW/v1/000/369/943/00000/129c29b7-f94b-4591-9069-b33a761fe58a.root 369943 [85,88,90,97,100,128,133,135,145,152,79,87,95,99,103,104,105,110,113,114,119,120,122,140,155,81,115,126,138,141,144,82,89,92,108,116,130,131,134,137,151,83,84,86,93,98,101,107,109,121,136,146,153,96,111,112,117,127,143,154,91,106,129,132,139,150,80,94,102,118,123,124,125,142,147,148,149]
/store/data/Run2023D/HcalNZS/RAW/v1/000/369/943/00000/7c6a894d-2e67-435a-9c0e-25d48e2f28fc.root 369943 [314,315,328,335,349,355,360,361,364,365,378,316,320,321,329,331,332,354,358,368,381,394,396,324,345,348,351,352,353,370,385,389,398,317,327,333,339,350,367,374,380,384,391,393,397,312,313,319,322,337,338,341,342,357,359,362,375,386,387,390,330,334,343,346,356,373,388,392,318,336,340,363,366,371,376,379,382,383,395,323,325,326,344,347,369,372,377]
/store/data/Run2023D/HcalNZS/RAW/v1/000/369/943/00000/bc4ef61a-173e-417f-91f9-186fc3cceaa9.root 369943 [166,177,178,191,201,206,208,214,223,225,232,172,174,175,180,182,184,186,187,197,211,212,219,160,163,168,170,188,195,220,226,157,159,164,165,169,173,176,179,183,218,227,171,198,203,210,216,224,228,233,158,161,185,190,200,204,207,222,229,230,162,167,181,189,192,193,196,205,213,217,221,156,194,199,202,209,215,231]
/store/data/Run2023D/HcalNZS/RAW/v1/000/369/943/00000/d2a1f48a-55be-4fb5-b094-cd20ba62fc76.root 369943 [243,244,248,251,264,280,281,282,286,290,294,301,245,249,269,270,275,278,291,242,247,257,283,285,303,236,252,266,267,271,273,276,295,297,309,263,274,277,299,305,306,310,311,234,237,241,250,258,260,268,279,287,288,292,293,298,307,246,254,259,265,272,300,302,304,235,238,239,240,253,255,256,261,262,284,289,296,308]
/store/data/Run2023D/HcalNZS/RAW/v1/000/369/943/00000/dd457aae-17ca-44ca-a30a-8214db4fcd4d.root 369943 [7,9,33,36,40,44,60,61,64,67,10,13,14,19,57,63,66,70,2,30,31,35,41,46,59,68,73,15,17,20,21,24,29,42,48,49,62,65,71,1,3,6,22,27,32,34,47,52,56,74,75,76,77,4,5,8,23,37,38,39,43,51,54,78,11,12,25,26,45,50,53,55,72,16,18,28,58,69]
/store/data/Run2023D/HcalNZS/RAW/v1/000/369/956/00000/0c323ec6-dd60-4698-a066-92d39d3a8150.root 369956 [5,8,20,22,25,39,60,64,66,71,79,87,90,106,107,11,36,51,55,67,76,82,84,89,100,101,103,104,14,16,19,31,44,54,59,72,74,95,9,15,24,32,37,42,43,46,47,48,50,57,69,73,81,85,92,2,7,12,28,29,35,41,49,53,58,75,77,94,96,102,105,1,10,13,30,56,61,65,68,91,97,3,4,6,21,23,26,27,33,34,38,45,52,62,83,86,88,17,18,40,63,70,78,80,93,98,99]
/store/data/Run2023D/HcalNZS/RAW/v1/000/369/956/00000/0d44b0b5-6b6c-430b-b7bc-d64f0128c0dc.root 369956 [169,177,199,200,201,203,167,168,186,197,205,172,198,202,166,173,178,179,187,191,192,164,180,182,183,184,189,193,195,196,207,165,190,171,176,181,185,170,174,175,188,194,204,206,208]
/store/data/Run2023D/HcalNZS/RAW/v1/000/369/956/00000/32cc695e-30fc-44e7-9ac9-f98e4b69e81f.root 369956 [978,980,982,986,989,997,967,970,975,990,991,993,973,979,985,994,1004,968,969,971,977,1002,974,983,984,987,995,998,1003,976,981,999,988,996,972,992,1000,1001,1005]
/store/data/Run2023D/HcalNZS/RAW/v1/000/369/956/00000/4499f6ed-8ff3-4ae0-b5d3-ad6db65d9385.root 369956 [118,127,130,138,143,153,119,140,141,142,146,148,152,155,108,121,137,110,114,117,123,126,128,132,134,135,145,147,154,160,122,124,125,113,115,129,151,158,109,111,112,120,131,133,136,139,157,159,162,163,116,144,149,150,156,161]
/store/data/Run2023D/HcalNZS/RAW/v1/000/369/956/00000/54d03f40-b8f9-4812-8680-6f9b434f8ff2.root 369956 [817,820,823,833,835,838,850,818,821,824,836,842,844,830,831,832,837,849,851,815,819,826,827,828,814,816,834,839,841,843,846,825,829,840,848,822,845,847,852]
/store/data/Run2023D/HcalNZS/RAW/v1/000/369/956/00000/6edf8591-3569-4387-af51-981b1b6e132c.root 369956 [1045,1056,1062,1063,1066,1069,1073,1049,1050,1055,1061,1078,1086,1046,1054,1060,1070,1071,1080,1084,1065,1074,1077,1079,1083,1047,1051,1059,1064,1072,1075,1052,1082,1057,1058,1085,1048,1053,1067,1068,1076,1081]
/store/data/Run2023D/HcalNZS/RAW/v1/000/369/956/00000/9d00f2b4-b6ec-4a4e-b3d5-6643c88d31fd.root 369956 [709,714,213,214,222,231,244,247,249,253,263,266,277,286,289,294,302,303,328,337,351,357,360,361,369,382,383,387,412,422,427,429,442,473,479,492,499,530,533,559,574,576,577,578,581,582,584,586,599,603,611,615,617,627,643,645,654,657,658,665,676,680,683,689,691,692,695,717,722,723,726,229,236,258,260,270,273,275,278,282,284,287,293,296,298,301,319,330,331,334,338,346,350,352,365,375,379,389,391,401,402,420,430,438,448,452,461,470,490,503,507,522,527,528,534,536,537,548,567,570,572,573,600,605,608,613,620,624,628,644,652,653,655,659,664,668,670,681,688,706,712,713,715,719,720,210,230,238,243,252,255,285,295,299,311,322,325,333,341,364,370,385,413,414,440,444,446,450,453,454,456,458,459,465,466,481,489,505,506,508,511,514,517,526,535,542,544,546,566,569,593,596,609,616,619,636,637,639,640,662,663,672,674,679,684,704,728,212,221,227,233,234,241,250,259,274,276,279,280,292,326,340,343,353,372,373,384,399,415,419,435,437,439,441,445,447,464,474,496,497,501,509,510,513,518,520,539,554,565,583,587,590,598,622,629,630,647,675,678,703,707,716,725,248,264,297,310,313,317,324,327,332,344,348,349,359,374,390,392,400,403,431,451,455,457,469,472,483,486,493,495,512,523,525,532,538,540,541,543,545,549,552,556,571,592,597,607,614,618,625,626,648,656,661,685,697,710,215,219,220,226,235,237,240,245,268,271,281,300,306,312,320,321,323,329,336,345,347,358,363,366,377,378,393,394,424,425,426,432,433,434,443,475,482,488,491,502,521,524,547,551,563,564,575,579,588,595,606,610,612,621,623,631,633,634,635,641,642,646,660,666,671,682,687,693,696,701,702,711,721,209,218,223,225,228,232,239,267,272,291,315,318,335,355,362,367,371,380,381,386,388,395,397,398,406,407,409,410,416,421,423,428,460,462,463,467,471,476,477,478,480,487,500,529,531,550,555,558,560,568,580,589,591,632,649,650,651,686,694,699,708,718,724,727,211,216,217,224,242,246,251,254,256,257,261,262,265,269,283,288,290,304,305,307,308,309,314,316,339,342,354,356,368,376,396,404,405,408,411,417,418,436,449,468,484,485,494,498,504,515,516,519,553,557,561,562,585,594,601,602,604,638,667,669,673,677,690,698,700,705]
/store/data/Run2023D/HcalNZS/RAW/v1/000/369/956/00000/ac7c71e5-f057-4d7e-84ad-3251367899d1.root 369956 [1010,1016,1038,1043,1006,1013,1027,1033,1042,1044,1014,1026,1028,1034,1036,1015,1017,1019,1023,1031,1032,1007,1020,1025,1035,1039,1011,1012,1018,1021,1029,1040,1041,1024,1030,1008,1009,1022,1037]
/store/data/Run2023D/HcalNZS/RAW/v1/000/369/956/00000/bc30dd0c-11c9-45b9-990e-6903b11b35fa.root 369956 [898,907,909,914,918,919,922,925,912,924,926,930,895,903,905,915,916,928,894,900,913,917,920,892,893,902,904,906,908,910,923,897,901,921,929,896,899,911,927]
/store/data/Run2023D/HcalNZS/RAW/v1/000/369/956/00000/cd2e8e1f-955c-4a21-bcf5-7e23de3e261a.root 369956 [857,864,853,854,862,863,866,868,869,873,882,888,890,859,867,874,886,872,884,887,856,861,877,879,860,871,876,880,885,855,865,858,870,875,878,881,883,889,891]
/store/data/Run2023D/HcalNZS/RAW/v1/000/369/956/00000/ce83642d-524b-4b19-a86f-bf062c5b2409.root 369956 [777,779,785,788,789,794,796,805,812,778,784,786,798,804,781,790,801,813,782,783,787,799,803,776,795,809,780,791,793,797,800,807,775,792,802,806,808,810,811]
/store/data/Run2023D/HcalNZS/RAW/v1/000/369/956/00000/d3eb5cb9-580b-490a-af96-f3aa755de1e8.root 369956 [739,744,745,747,754,760,765,729,734,740,759,761,763,730,731,735,736,741,750,752,770,771,773,737,753,764,766,772,774,732,756,769,733,743,746,749,757,762,768,738,742,748,751,755,758,767]
/store/data/Run2023D/HcalNZS/RAW/v1/000/369/956/00000/fcfe503b-3746-4a87-9944-aafb43010ee8.root 369956 [932,933,934,940,958,966,935,937,941,946,955,965,931,948,956,961,964,943,960,936,938,945,951,953,957,959,949,950,939,942,944,952,954,962,963,947]
/store/data/Run2023D/HcalNZS/RAW/v1/000/369/978/00000/21d1fb95-8301-4043-9d3e-814437f441b9.root 369978 [633,634,637,643,647,650,660,641,635,638,644,653,655,658,659,636,648,657,661,664,639,642,649,640,645,662,665,646,651,652,654,663,656]
/store/data/Run2023D/HcalNZS/RAW/v1/000/369/978/00000/317d4c61-4c5c-4a26-a6ff-d3516041eb29.root 369978 [545,556,564,553,555,565,566,550,554,559,570,546,558,562,569,571,551,557,560,568,547,548,552,567,549,561,563,572]
/store/data/Run2023D/HcalNZS/RAW/v1/000/369/978/00000/452436bc-5e20-4c85-be7c-d9ac805cc861.root 369978 [699,719,701,708,712,726,727,729,705,707,709,721,725,711,731,732,702,706,720,722,724,730,714,716,718,728,710,715,717,734,700,703,704,713,723,733]
/store/data/Run2023D/HcalNZS/RAW/v1/000/369/978/00000/46b0c867-135c-4010-a45b-bf09ebbdbd01.root 369978 [305,319,323,301,302,303,313,321,324,304,307,314,309,311,316,306,320,300,312,317,299,315,318,322,308,310]
/store/data/Run2023D/HcalNZS/RAW/v1/000/369/978/00000/48a87c40-4af1-4931-bb7b-cfbe246dfd2b.root 369978 [812,820,823,807,808,817,818,821,809,815,814,816,810,819,822,813,824,811]
/store/data/Run2023D/HcalNZS/RAW/v1/000/369/978/00000/4b6146d1-5072-4f97-a4c9-efa7ff00a024.root 369978 [380,383,400,404,406,407,381,391,394,399,390,392,396,397,385,386,387,403,382,388,395,398,393,401,389,402,405,384]
/store/data/Run2023D/HcalNZS/RAW/v1/000/369/978/00000/4ed0cf60-86c7-4ea4-a1fb-741ca10f50a5.root 369978 [163,164,178,183,161,187,191,192,177,184,174,175,188,190,166,168,170,172,173,176,180,185,189,169,171,162,165,179,182,186,167,181]
/store/data/Run2023D/HcalNZS/RAW/v1/000/369/978/00000/5745144f-36d8-47ec-8ad8-873ca7aeb238.root 369978 [605,608,614,619,606,607,616,622,631,610,613,625,609,620,626,627,629,630,603,617,621,604,611,612,618,623,632,624,615,628]
/store/data/Run2023D/HcalNZS/RAW/v1/000/369/978/00000/699c8843-b8d8-4567-acc2-d03715870e51.root 369978 [333,337,340,349,350,351,326,327,332,341,347,325,338,343,328,329,346,348,330,331,335,334,336,352,339,342,344,345]
/store/data/Run2023D/HcalNZS/RAW/v1/000/369/978/00000/6c91d8aa-8b39-4118-9436-b4241c9c182d.root 369978 [5,9,19,28,29,32,38,39,40,48,51,54,59,67,79,84,87,93,107,112,116,41,47,49,92,99,103,111,18,27,30,31,43,45,56,57,60,62,63,72,73,74,81,82,89,109,113,118,7,13,15,22,23,42,52,55,69,71,91,97,102,106,2,6,10,14,17,21,25,34,75,77,86,96,110,3,20,35,44,46,66,68,88,94,104,105,1,8,11,16,36,53,58,61,80,83,85,90,95,101,108,4,12,24,26,33,37,50,64,65,70,76,78,98,100,114,115,117]
/store/data/Run2023D/HcalNZS/RAW/v1/000/369/978/00000/7c2baf04-cdd8-4b3d-94d9-919349544fe6.root 369978 [146,157,127,132,120,123,124,130,140,147,148,155,158,136,141,151,156,160,119,121,122,129,131,134,137,138,143,144,149,126,135,139,154,159,128,150,125,133,142,145,152,153]
/store/data/Run2023D/HcalNZS/RAW/v1/000/369/978/00000/8bb58830-fdbc-4fc5-a17f-faafc38ab976.root 369978 [520,530,538,540,544,519,522,529,543,531,542,525,526,528,537,523,533,541,518,521,534,536,524,527,532,535,539]
/store/data/Run2023D/HcalNZS/RAW/v1/000/369/978/00000/997635cb-7800-40c5-9c61-b97e6bd86af2.root 369978 [772,791,795,796,797,801,805,775,779,789,793,800,803,778,781,787,790,794,798,799,771,773,774,792,804,780,802,782,786,777,783,784,785,788,806,776]
/store/data/Run2023D/HcalNZS/RAW/v1/000/369/978/00000/a6075a4e-b24e-4bcc-aa7f-b6be13e79564.root 369978 [249,251,261,263,266,259,260,262,246,257,269,252,253,254,264,256,258,265,268,247,248,250,267,271,255,270]
/store/data/Run2023D/HcalNZS/RAW/v1/000/369/978/00000/a6fd08c5-bffd-4754-b78d-91794c482b8c.root 369978 [672,678,697,667,674,676,677,682,690,698,670,675,695,685,687,669,671,691,694,668,684,692,693,666,673,679,680,681,683,686,689,688,696]
/store/data/Run2023D/HcalNZS/RAW/v1/000/369/978/00000/ae2b3332-73ca-454b-a468-87f68cf1f504.root 369978 [223,224,233,236,241,227,221,228,234,237,240,242,225,226,243,244,245,229,222,230,231,232,235,238,239]
/store/data/Run2023D/HcalNZS/RAW/v1/000/369/978/00000/b8e9d75d-44dc-4591-b48c-682514e761db.root 369978 [492,494,497,506,507,508,515,491,504,509,514,493,496,516,499,500,510,512,513,501,505,511,517,495,498,502,503]
/store/data/Run2023D/HcalNZS/RAW/v1/000/369/978/00000/bc820448-d103-4fb3-b5d7-ffd5e7390d0c.root 369978 [276,286,295,275,290,284,285,280,291,278,288,296,297,298,273,279,281,282,292,294,283,289,293,272,274,277,287]
/store/data/Run2023D/HcalNZS/RAW/v1/000/369/978/00000/bec7bbb2-1f0c-458e-9e57-6cbc35a36ca7.root 369978 [195,196,203,205,213,215,218,208,211,212,214,202,204,206,217,194,209,198,199,200,207,210,193,197,216,219,220,201]
/store/data/Run2023D/HcalNZS/RAW/v1/000/369/978/00000/c2b062ec-d2a1-4838-9366-3b02a52f0c07.root 369978 [486,465,473,475,476,471,481,485,467,472,477,484,488,487,489,468,469,483,464,466,470,482,463,474,478,479,480,490]
/store/data/Run2023D/HcalNZS/RAW/v1/000/369/978/00000/d705b0fb-eaf0-47f1-90da-4de32f7a30e2.root 369978 [408,423,431,434,415,419,426,428,432,409,412,420,424,429,433,422,414,416,418,425,410,411,413,417,430,421,427]
/store/data/Run2023D/HcalNZS/RAW/v1/000/369/978/00000/db7fe874-2797-4e92-9ce8-6fda37091045.root 369978 [438,447,453,435,436,451,455,457,441,446,439,448,452,456,454,459,460,462,440,443,445,449,458,461,437,444,450,442]
/store/data/Run2023D/HcalNZS/RAW/v1/000/369/978/00000/e9b939a8-ec57-4a9b-b367-610234bc565a.root 369978 [740,742,743,752,761,768,737,741,744,746,750,751,760,747,759,763,765,767,738,754,755,762,736,739,757,764,749,769,770,735,745,748,753,756,758,766]
/store/data/Run2023D/HcalNZS/RAW/v1/000/369/978/00000/f25f797f-e594-474c-862f-f239589b3eb1.root 369978 [577,585,590,574,578,595,597,601,579,582,586,600,573,576,584,591,593,594,602,583,587,588,581,589,598,599,575,580,592,596]
/store/data/Run2023D/HcalNZS/RAW/v1/000/369/978/00000/f43b2143-7f80-48e6-81f5-13240e49c1aa.root 369978 [359,361,366,369,370,372,363,358,373,367,374,376,362,368,378,354,375,364,365,353,355,356,357,360,371,377,379]
/store/data/Run2023D/HcalNZS/RAW/v1/000/369/998/00000/3bb86c63-620b-4e53-b6f9-6eb8dd520ea3.root 369998 [100,105,91,93,101,110,94,98,106,109,95,108,96,97,99,103,104,90,92,102,107]
/store/data/Run2023D/HcalNZS/RAW/v1/000/369/998/00000/68362aa2-8138-4a29-8197-08e0dde5568c.root 369998 [68,77,82,86,73,75,79,67,69,74,80,87,72,84,66,83,70,76,78,85,88,71,81,89]
/store/data/Run2023D/HcalNZS/RAW/v1/000/369/998/00000/6e265bfe-77d4-48bc-8d5a-cf813206a0f9.root 369998 [115,118,126,122,124,127,117,112,121,113,114,111,116,120,119,123,125,128,129,130]
/store/data/Run2023D/HcalNZS/RAW/v1/000/369/998/00000/795b9774-333c-47bf-b9d6-6a94c48b91aa.root 369998 [164,150,159,160,165,156,149,161,166,152,154,155,153,158,162,163,151,157]
/store/data/Run2023D/HcalNZS/RAW/v1/000/369/998/00000/92bf9c9a-b347-4b09-84ad-90448a8ca3c2.root 369998 [134,141,137,143,144,145,148,138,146,132,136,131,133,135,139,142,140,147]
/store/data/Run2023D/HcalNZS/RAW/v1/000/369/998/00000/9ab39565-a11a-42f3-aa77-3d5a9119343a.root 369998 [170,174,176,167,173,171,172,175,178,168,169,177]
/store/data/Run2023D/HcalNZS/RAW/v1/000/369/998/00000/cd2bbbb2-5f27-4f56-b9d0-c4ef7f7bb89a.root 369998 [25,22,4,5,8,13,17,20,24,1,2,6,21,23,28,36,38,3,7,14,18,29,9,10,15,33,34,35,37,11,12,26,27,30,31,16,19,32]
/store/data/Run2023D/HcalNZS/RAW/v1/000/369/998/00000/e139fc36-e55d-485f-8af9-0243f14355e6.root 369998 [40,48,52,54,61,64,60,39,45,49,57,58,65,41,47,42,50,43,51,53,63,44,46,55,56,59,62]
/store/data/Run2023D/HcalNZS/RAW/v1/000/369/999/00000/9b4c5a66-2cd4-49a9-85b9-755c59adc86d.root 369999 [31,27,30,29,21,25,32,19,23,24,26,20,34,35,22,28,33,36]
/store/data/Run2023D/HcalNZS/RAW/v1/000/369/999/00000/c4c614e1-3dfa-4f20-afc5-9d467dbbf9af.root 369999 [3,4,5,11,15,16,2,8,18,1,12,10,7,13,6,9,14,17]
/store/data/Run2023D/HcalNZS/RAW/v1/000/369/999/00000/faa36215-9782-4b4c-8505-6e6e3c7ccf3c.root 369999 [38,39,41,37,40]
/store/data/Run2023D/HcalNZS/RAW/v1/000/370/093/00000/039f8c06-30ab-424b-9c7a-20eb27b8a2fb.root 370093 [265,266,267,257,258,259,268,261,262,254,269,255,264,256,260,263]
/store/data/Run2023D/HcalNZS/RAW/v1/000/370/093/00000/0a5d0d80-9951-4a75-b320-4bb3127aaaa5.root 370093 [179,186,195,197,204,206,207,210,211,178,187,190,196,199,202,209,182,184,188,192,193,201,181,189,194,198,180,183,185,191,200,203,205,208]
/store/data/Run2023D/HcalNZS/RAW/v1/000/370/093/00000/0da2ddeb-dfef-4e9e-80f3-3a6c682eb91b.root 370093 [8,5,15,22,23,32,41,42,2,11,31,3,6,9,14,30,38,4,20,21,29,35,10,12,18,34,40,43,7,13,16,19,26,28,36,37,39,1,17,24,25,27,33]
/store/data/Run2023D/HcalNZS/RAW/v1/000/370/093/00000/1aba20c5-637f-4ae6-9b51-d15c50dc2c5e.root 370093 [299,307,300,308,309,311,304,298,303,306,301,302,305,310]
/store/data/Run2023D/HcalNZS/RAW/v1/000/370/093/00000/22d1cc23-7b18-422c-bc80-a4a0fd3a6493.root 370093 [143,150,157,141,142,151,152,155,165,133,137,149,154,161,166,176,153,160,134,135,156,169,138,139,140,144,159,163,167,170,172,177,136,146,147,158,162,173,145,148,164,168,171,174,175]
/store/data/Run2023D/HcalNZS/RAW/v1/000/370/093/00000/42965b38-faf3-4e6e-bfcb-ef83f6558f33.root 370093 [380,368,374,370,375,371,372,376,378,369,377,381,373,379]
/store/data/Run2023D/HcalNZS/RAW/v1/000/370/093/00000/4eca49e3-3d8d-4afd-af58-5cb0d1d14308.root 370093 [241,245,253,250,242,244,247,239,246,249,240,252,248,251,236,238,237,243]
/store/data/Run2023D/HcalNZS/RAW/v1/000/370/093/00000/53c46604-da95-4f52-ba4d-585030b7d28d.root 370093 [438,450,441,449,445,442,444,446,448,439,443,440,447]
/store/data/Run2023D/HcalNZS/RAW/v1/000/370/093/00000/7ec4e0c4-6cd3-4240-b3e4-814901232158.root 370093 [363,364,367,358,360,361,356,354,355,359,357,362,365,366]
/store/data/Run2023D/HcalNZS/RAW/v1/000/370/093/00000/83d12d3f-48cf-4f94-a894-93045e557136.root 370093 [318,321,325,312,315,323,324,317,320,313,316,322,314,319]
/store/data/Run2023D/HcalNZS/RAW/v1/000/370/093/00000/883a931c-d53e-4a2e-ba28-367a95e64a56.root 370093 [212,226,233,221,216,217,219,222,227,232,225,230,235,229,215,218,224,228,223,231,213,214,220,234]
/store/data/Run2023D/HcalNZS/RAW/v1/000/370/093/00000/bbb37b8f-2eeb-41ee-8a24-dedc20ee2888.root 370093 [402,398,401,404,396,406,405,407,397,399,400,408,409,403]
/store/data/Run2023D/HcalNZS/RAW/v1/000/370/093/00000/c3ce23e0-fd62-4cbb-8062-69bd4e1f458c.root 370093 [427,424,425,435,429,433,430,431,434,426,432,428,436,437]
/store/data/Run2023D/HcalNZS/RAW/v1/000/370/093/00000/c94a9551-6ab9-4231-a1d9-dd69dfc114bc.root 370093 [334,337,336,328,326,330,335,329,338,327,333,339,331,332]
/store/data/Run2023D/HcalNZS/RAW/v1/000/370/093/00000/ccf624d7-d6a8-413f-993d-8d49f0bc8f07.root 370093 [423,414,417,413,421,411,419,420,422,415,418,410,416,412]
/store/data/Run2023D/HcalNZS/RAW/v1/000/370/093/00000/ce89d30f-2600-485e-84c5-a344d848ae50.root 370093 [66,71,83,47,49,57,60,69,48,52,53,68,75,76,45,58,59,65,70,77,86,46,56,67,74,81,87,44,63,72,73,50,61,62,64,78,79,80,84,51,54,55,82,85]
/store/data/Run2023D/HcalNZS/RAW/v1/000/370/093/00000/d14c4111-b15d-436b-96b0-839b28f91475.root 370093 [270,275,278,279,282,276,277,274,283,271,272,273,280,281]
/store/data/Run2023D/HcalNZS/RAW/v1/000/370/093/00000/d7f3f34d-21e6-41cc-bc71-3873fd24763c.root 370093 [284,290,291,287,293,285,286,297,294,296,288,289,292,295]
/store/data/Run2023D/HcalNZS/RAW/v1/000/370/093/00000/db5d2504-342b-4e3c-8ba2-d36e64b56dc5.root 370093 [383,389,388,395,390,391,392,393,394,386,382,384,385,387]
/store/data/Run2023D/HcalNZS/RAW/v1/000/370/093/00000/e6cf9b57-914a-409d-93e7-0786943f7476.root 370093 [342,343,341,346,344,349,352,348,340,347,351,353,345,350]
/store/data/Run2023D/HcalNZS/RAW/v1/000/370/093/00000/fffeca4f-eb52-4c76-8000-469ef93d3479.root 370093 [90,94,102,116,119,122,128,130,91,97,104,109,110,113,89,93,98,107,111,112,88,101,103,125,92,99,106,126,117,118,108,121,129,95,96,100,105,114,115,120,123,124,127,131,132]
/store/data/Run2023D/HcalNZS/RAW/v1/000/370/097/00000/005da89d-9083-4973-ab39-d99ec5bb6508.root 370097 [159,171,154,155,157,161,172,163,164,168,175,156,169,170,173,160,167,176,165,174,162,158,166]
/store/data/Run2023D/HcalNZS/RAW/v1/000/370/097/00000/1eb99800-a8bd-4956-8c1f-efe6ff3d7f16.root 370097 [316,326,308,313,317,315,322,312,321,324,311,314,327,307,318,319,320,323,325,329,306,309,328,310]
/store/data/Run2023D/HcalNZS/RAW/v1/000/370/097/00000/2991fde3-c245-4317-b584-ce52b6a16d77.root 370097 [135,136,139,144,148,147,152,140,142,137,141,143,138,145,149,150,146,151,134]
/store/data/Run2023D/HcalNZS/RAW/v1/000/370/097/00000/2d8a5d34-1605-4d3f-87a7-a76ca8bbfd66.root 370097 [283,291,300,282,289,293,294,285,290,287,304,286,296,302,303,292,295,298,299,284,288,297,301,305]
/store/data/Run2023D/HcalNZS/RAW/v1/000/370/097/00000/380e5e4f-a908-410f-9ffb-c1300595345a.root 370097 [198,200,201,214,215,205,213,209,218,204,211,202,208,216,199,203,210,212,207,217,206]
/store/data/Run2023D/HcalNZS/RAW/v1/000/370/097/00000/42fd7bd6-36fb-419a-a7a4-08ebd4bb0a4f.root 370097 [181,178,180,193,194,177,186,191,197,179,189,183,190,192,184,185,187,188,196,182,195]
/store/data/Run2023D/HcalNZS/RAW/v1/000/370/097/00000/5339bd14-23e0-4eed-9322-dacda7632406.root 370097 [227,230,233,239,224,226,229,228,220,223,232,234,236,235,237,238,221,219,222,225,231]
/store/data/Run2023D/HcalNZS/RAW/v1/000/370/097/00000/5d2d0d6d-7607-4151-863a-a82aeb8feca5.root 370097 [26,38,23,27,30,33,34,22,31,28,21,24,29,37,25,32,36,35]
/store/data/Run2023D/HcalNZS/RAW/v1/000/370/097/00000/745643c4-5774-438b-bab5-8deec49f0d7c.root 370097 [265,276,267,271,278,280,262,268,277,270,272,273,274,279,263,264,269,261,266,275,281]
/store/data/Run2023D/HcalNZS/RAW/v1/000/370/097/00000/7537e514-47fa-4ecc-bafb-7d3c8c9dbe8f.root 370097 [114,120,122,127,118,124,117,121,125,130,132,119,133,115,129,131,123,126,116,128]
/store/data/Run2023D/HcalNZS/RAW/v1/000/370/097/00000/7dbda765-d0cc-4cda-b5c9-f83c3701ce5d.root 370097 [251,245,246,260,241,243,258,259,248,253,254,257,240,249,252,242,244,247,250,255,256]
/store/data/Run2023D/HcalNZS/RAW/v1/000/370/097/00000/85bd80bb-cea4-4804-9e76-1ef7ff846d41.root 370097 [48,51,39,42,47,50,55,43,40,41,45,49,53,54,56,46,44,52]
/store/data/Run2023D/HcalNZS/RAW/v1/000/370/097/00000/99faacc6-23ae-4ad2-96aa-fcd8c2de26da.root 370097 [75,84,85,88,80,81,90,92,93,87,77,82,86,79,83,76,78,89,91]
/store/data/Run2023D/HcalNZS/RAW/v1/000/370/097/00000/9ab9e895-3ff0-4e2e-8550-363c6a12a56c.root 370097 [2,3,16,20,4,11,15,19,13,5,7,9,10,14,17,6,18,8,1,12]
/store/data/Run2023D/HcalNZS/RAW/v1/000/370/097/00000/cc6a0e15-e7d2-4130-9cd3-7132f657b337.root 370097 [95,106,110,96,100,104,109,103,107,108,94,97,102,98,99,101,112,113,105,111]
/store/data/Run2023D/HcalNZS/RAW/v1/000/370/097/00000/cd95d8fd-c69b-497a-9546-fb199d59707e.root 370097 [62,69,70,61,66,68,71,72,74,59,73,58,57,64,65,67,60,63]
/store/data/Run2023D/HcalNZS/RAW/v1/000/370/097/00000/fead3ec2-83fd-4aa1-9a0d-ebbe4b87d42c.root 370097 [333,334,354,341,347,350,342,330,332,338,339,343,349,335,352,355,344,345,346,351,336,340,348,353,331,337]
/store/data/Run2023D/HcalNZS/RAW/v1/000/370/102/00000/014b5164-1a1c-4b64-b565-20d14a7a5b61.root 370102 [711,715,731,734,736,718,722,730,733,743,745,755,713,739,740,750,754,710,728,744,747,748,752,753,717,721,725,729,732,737,756,712,714,716,726,727,738,741,742,749,751,719,724,746,708,709,720,723,735]
/store/data/Run2023D/HcalNZS/RAW/v1/000/370/102/00000/02a2513b-6242-4451-b8b9-5fce1aa997db.root 370102 [627,629,638,644,653,612,616,620,634,635,640,649,651,611,614,622,624,625,613,615,628,630,632,639,650,626,631,633,637,642,652,654,655,623,641,657,658,617,618,619,621,636,643,645,646,647,648,656]
/store/data/Run2023D/HcalNZS/RAW/v1/000/370/102/00000/050d8a91-1cd6-416c-84ac-d5785c68483f.root 370102 [341,331,348,360,364,337,347,350,355,356,332,335,336,342,349,351,352,353,357,359,363,345,358,361,362,338,339,344,333,340,334,343,346,354,365,366]
/store/data/Run2023D/HcalNZS/RAW/v1/000/370/102/00000/0fddfc53-2755-4122-95fd-dc4ba01c675d.root 370102 [582,570,589,590,602,577,588,596,607,610,568,572,580,581,584,585,587,594,595,597,600,608,567,571,578,586,606,609,573,574,576,583,592,593,604,605,569,575,591,599,601,579,598,603]
/store/data/Run2023D/HcalNZS/RAW/v1/000/370/102/00000/19cccc83-039f-4e55-bddc-6a6b7e09bea4.root 370102 [71,64,67,79,57,62,63,56,59,66,69,76,61,80,60,77,65,72,74,75,78,82,58,68,70,73,81]
/store/data/Run2023D/HcalNZS/RAW/v1/000/370/102/00000/203def82-9720-48a3-8299-6d821526c549.root 370102 [485,486,488,490,492,496,501,506,508,509,513,499,516,518,519,504,512,521,493,497,502,503,515,491,517,484,487,489,500,520,522,494,495,505,507,510,511,514,483,498]
/store/data/Run2023D/HcalNZS/RAW/v1/000/370/102/00000/210f45bf-d5da-4e15-8f93-b10843519842.root 370102 [758,764,762,757,761,759,763,760]
/store/data/Run2023D/HcalNZS/RAW/v1/000/370/102/00000/2272362c-67f8-442d-b7f9-16a62eaf85f5.root 370102 [144,154,157,162,163,164,167,150,151,142,146,156,169,143,145,153,155,160,170,161,140,148,159,168,147,149,141,152,158,165,166]
/store/data/Run2023D/HcalNZS/RAW/v1/000/370/102/00000/2f3ae237-45d6-47f2-bcc4-7119e68c03fb.root 370102 [271,275,280,282,283,297,268,285,289,298,273,276,281,294,270,287,288,272,274,279,286,291,292,267,269,278,284,290,293,295,277,296]
/store/data/Run2023D/HcalNZS/RAW/v1/000/370/102/00000/30317c2c-e998-4ee3-9b51-af6e513efdcf.root 370102 [114,119,120,122,128,113,115,121,123,132,135,127,137,116,134,118,130,124,131,125,126,133,136,139,117,129,138]
/store/data/Run2023D/HcalNZS/RAW/v1/000/370/102/00000/3708c304-f3b1-4c98-bf94-d7030fb89969.root 370102 [3,14,15,26,8,16,18,21,23,24,6,10,11,17,22,27,2,13,28,1,4,19,20,25,5,7,9,12]
/store/data/Run2023D/HcalNZS/RAW/v1/000/370/102/00000/5c62ee53-80f8-46de-860e-96931581c042.root 370102 [87,91,100,104,109,93,95,83,86,94,102,89,101,105,107,111,85,96,98,97,103,108,110,112,84,88,90,92,99,106]
/store/data/Run2023D/HcalNZS/RAW/v1/000/370/102/00000/5d667307-9a72-4972-9ec7-4d3031204a93.root 370102 [172,173,179,182,189,191,194,174,198,200,171,176,193,199,181,185,188,192,196,175,177,184,187,190,195,178,180,183,186,197,201]
/store/data/Run2023D/HcalNZS/RAW/v1/000/370/102/00000/8370f71c-cf3f-40bc-b713-12b8e47d9ed8.root 370102 [660,669,676,677,684,688,689,692,698,699,700,701,707,666,667,690,691,662,663,668,671,672,678,695,687,697,702,665,680,682,703,706,661,664,673,704,659,674,675,679,681,683,696,705,670,685,686,693,694]
/store/data/Run2023D/HcalNZS/RAW/v1/000/370/102/00000/8f69db08-3d2d-465f-b99f-e50b9b704b51.root 370102 [446,455,475,451,458,467,479,448,459,463,480,443,447,456,462,466,469,470,473,482,449,453,460,464,465,468,477,444,445,471,472,476,478,481,454,457,461,450,452,474]
/store/data/Run2023D/HcalNZS/RAW/v1/000/370/102/00000/928fe4cf-6c76-439b-b8e5-03cd9d4e5cb4.root 370102 [369,370,371,383,384,393,396,386,387,389,399,400,373,382,385,402,379,381,390,394,398,367,368,372,375,378,388,377,380,395,391,401,374,376,392,397]
/store/data/Run2023D/HcalNZS/RAW/v1/000/370/102/00000/a09a121c-2392-4ab1-8717-ee6dd49c34d8.root 370102 [426,438,404,405,410,416,419,427,430,433,435,441,406,407,411,434,439,408,414,418,422,424,431,436,403,409,425,412,413,417,420,421,428,432,415,423,429,437,440,442]
/store/data/Run2023D/HcalNZS/RAW/v1/000/370/102/00000/b56713dc-5d96-43ad-97fe-d3f0c5239d89.root 370102 [206,226,233,203,213,217,224,225,228,209,219,221,227,232,234,210,212,214,215,208,218,223,229,230,204,205,207,211,222,202,216,220,231]
/store/data/Run2023D/HcalNZS/RAW/v1/000/370/102/00000/c2570b0e-df62-40d8-9d7b-dbeed982439e.root 370102 [236,237,242,254,259,239,245,249,251,235,241,244,256,257,260,263,265,238,252,255,266,250,240,243,247,253,258,262,248,246,261,264]
/store/data/Run2023D/HcalNZS/RAW/v1/000/370/102/00000/cc32746c-398c-4122-81c7-8b2548df2cb9.root 370102 [300,303,305,315,324,302,314,317,319,299,312,313,321,329,307,310,322,323,308,311,316,325,327,301,309,320,304,326,330,306,318,328]
/store/data/Run2023D/HcalNZS/RAW/v1/000/370/102/00000/d4948e12-0f59-4849-9627-8fb097df2795.root 370102 [539,540,547,561,563,566,527,528,532,533,541,552,559,531,534,538,554,557,560,524,526,542,530,536,537,545,546,550,551,556,562,523,529,543,548,549,558,565,525,535,544,553,555,564]
/store/data/Run2023D/HcalNZS/RAW/v1/000/370/102/00000/f38053ac-6234-4fa1-abe6-cca30f6a74cc.root 370102 [34,41,46,50,54,29,38,39,49,53,30,36,40,42,43,45,51,37,47,31,32,35,52,55,33,48,44]
/store/data/Run2023D/HcalNZS/RAW/v1/000/370/129/00000/060c9d6b-79e0-45f6-9282-0a8737b9181c.root 370129 [178,182,191,176,183,189,193,180,187,188,192,194,175,185,190,177,186,179,181,184,195]
/store/data/Run2023D/HcalNZS/RAW/v1/000/370/129/00000/062d32c0-620b-4de7-a6bf-cf79c077ab51.root 370129 [324,321,322,318,316,326,319,325,317,320,323,327,329,328]
/store/data/Run2023D/HcalNZS/RAW/v1/000/370/129/00000/082ec995-63c8-4ba9-a2fe-c90c7b4eab35.root 370129 [417,420,424,425,421,427,423,414,415,416,428,429,419,422,418,426]
/store/data/Run2023D/HcalNZS/RAW/v1/000/370/129/00000/103a83a3-95bf-4944-899a-de2994de1571.root 370129 [542,551,545,547,548,553,544,546,550,552,554,543,549,555]
/store/data/Run2023D/HcalNZS/RAW/v1/000/370/129/00000/17c20009-cba5-46f2-9df7-f49632f28e3b.root 370129 [235,240,242,230,234,241,243,231,232,237,244,239,245,233,236,238]
/store/data/Run2023D/HcalNZS/RAW/v1/000/370/129/00000/1c668a22-a115-4541-bf31-743a4063089a.root 370129 [354,357,344,346,352,345,350,353,355,349,351,356,347,348]
/store/data/Run2023D/HcalNZS/RAW/v1/000/370/129/00000/2c15b27f-3590-4722-a606-cfd441ae46d5.root 370129 [430,432,442,431,437,439,435,441,434,440,433,436,438,443]
/store/data/Run2023D/HcalNZS/RAW/v1/000/370/129/00000/301e2608-b252-4a44-9cb9-4e4a6a90c694.root 370129 [487,488,499,486,489,490,496,497,498,491,494,495,492,493]
/store/data/Run2023D/HcalNZS/RAW/v1/000/370/129/00000/3d41c1d5-ec1e-4188-afe3-4b972306138a.root 370129 [340,341,342,335,336,338,330,331,334,337,339,332,333,343]
/store/data/Run2023D/HcalNZS/RAW/v1/000/370/129/00000/417aa045-a74a-4bf1-bbcf-ad77f709d2db.root 370129 [534,529,538,530,531,533,535,536,537,540,539,541,528,532]
/store/data/Run2023D/HcalNZS/RAW/v1/000/370/129/00000/4dcba540-710f-4fc1-ac08-6ea916a430e1.root 370129 [474,476,482,483,472,473,475,477,479,485,480,484,478,481]
/store/data/Run2023D/HcalNZS/RAW/v1/000/370/129/00000/52ff54ca-0a0b-423a-a0bf-bba70f6cfd38.root 370129 [466,458,461,460,462,468,469,463,465,467,459,464,470,471]
/store/data/Run2023D/HcalNZS/RAW/v1/000/370/129/00000/536e3709-2642-4919-b381-4842ffb89922.root 370129 [196,205,212,213,208,199,201,207,210,197,203,206,211,200,209,198,202,204]
/store/data/Run2023D/HcalNZS/RAW/v1/000/370/129/00000/5536b6fa-0688-426e-9316-f463aedf079b.root 370129 [254,255,258,249,252,251,256,246,247,248,253,257,250,259]
/store/data/Run2023D/HcalNZS/RAW/v1/000/370/129/00000/5cb4f2ac-5f6b-4e68-b321-d35d9dc9455d.root 370129 [303,309,314,304,315,306,310,302,308,305,312,307,311,313]
/store/data/Run2023D/HcalNZS/RAW/v1/000/370/129/00000/6404b396-2335-433b-8f7f-94b4c9b57611.root 370129 [500,504,506,512,513,503,508,509,501,507,511,502,505,510]
/store/data/Run2023D/HcalNZS/RAW/v1/000/370/129/00000/65138471-2389-4bfa-af9c-188148380e7f.root 370129 [286,282,274,277,278,279,285,280,283,281,275,276,284,287]
/store/data/Run2023D/HcalNZS/RAW/v1/000/370/129/00000/6ce4b320-0067-48be-a486-62ba62bf665d.root 370129 [516,525,524,514,515,518,521,527,520,526,517,519,522,523]
/store/data/Run2023D/HcalNZS/RAW/v1/000/370/129/00000/75beb23e-523f-4968-a8db-ee0ac263f29f.root 370129 [398,390,389,394,395,397,392,387,386,388,391,396,393,399]
/store/data/Run2023D/HcalNZS/RAW/v1/000/370/129/00000/7fdec83c-0427-452e-af77-b025f37ecd8c.root 370129 [454,455,457,452,446,447,445,453,444,448,449,450,451,456]
/store/data/Run2023D/HcalNZS/RAW/v1/000/370/129/00000/890e1887-0dce-4182-9875-eee125da24ef.root 370129 [360,366,367,359,361,365,362,358,364,368,369,370,371,363]
/store/data/Run2023D/HcalNZS/RAW/v1/000/370/129/00000/a798bdd4-a2a3-4511-98dd-3e46b8450f43.root 370129 [86,88,93,98,100,107,108,116,118,105,117,94,113,114,119,90,101,103,112,85,87,95,96,97,102,110,120,121,89,104,91,92,111,115,99,106,109]
/store/data/Run2023D/HcalNZS/RAW/v1/000/370/129/00000/a9a3d592-572e-431e-b734-1cd140fa62fc.root 370129 [572,575,571,577,582,579,581,574,576,584,573,583,585,570,578,580]
/store/data/Run2023D/HcalNZS/RAW/v1/000/370/129/00000/ad57cbdc-7c90-4e14-8bf4-937296cb3bfc.root 370129 [223,228,224,220,214,219,227,229,215,218,216,217,221,222,225,226]
/store/data/Run2023D/HcalNZS/RAW/v1/000/370/129/00000/ae850d98-084d-43c3-bf75-5e19bcd3f045.root 370129 [140,148,124,125,150,123,126,128,137,138,139,141,147,149,129,136,142,133,145,122,130,131,143,127,132,134,135,144,146]
/store/data/Run2023D/HcalNZS/RAW/v1/000/370/129/00000/b1008983-4400-476c-916f-24dab7a55278.root 370129 [292,297,301,295,290,289,296,293,298,299,300,291,294,288]
/store/data/Run2023D/HcalNZS/RAW/v1/000/370/129/00000/b1c8b171-10ee-4028-b59d-e7b874eabe88.root 370129 [610,611]
/store/data/Run2023D/HcalNZS/RAW/v1/000/370/129/00000/c46948f6-66de-49a8-840c-03a0785822dd.root 370129 [270,262,260,266,267,261,263,268,273,264,269,271,272,265]
/store/data/Run2023D/HcalNZS/RAW/v1/000/370/129/00000/cee4873e-655c-4957-8899-5d95ec867f3b.root 370129 [566,569,567,558,563,564,556,559,562,565,557,560,561,568]
/store/data/Run2023D/HcalNZS/RAW/v1/000/370/129/00000/d241f949-d29a-476f-b689-c8a30e1116f6.root 370129 [12,15,17,19,20,22,29,50,63,71,72,76,79,83,6,18,28,45,48,49,52,56,69,78,81,1,3,13,23,32,34,37,38,40,46,47,54,57,59,73,74,11,21,26,65,67,84,27,36,41,44,61,64,70,2,8,42,51,60,66,68,75,4,9,14,30,35,39,53,55,62,82,5,7,10,16,24,25,31,33,43,58,77,80]
/store/data/Run2023D/HcalNZS/RAW/v1/000/370/129/00000/d53a8c6f-162b-4910-88f1-fd70c69bf3ad.root 370129 [169,157,163,167,164,165,158,161,170,171,153,156,159,160,166,168,174,151,155,152,154,173,162,172]
/store/data/Run2023D/HcalNZS/RAW/v1/000/370/129/00000/e55f992d-6b17-4ecd-bfc4-2a1137687b41.root 370129 [376,377,382,384,385,381,372,374,378,379,373,383,375,380]
/store/data/Run2023D/HcalNZS/RAW/v1/000/370/129/00000/f0a79ec0-b827-4b02-87b6-9a89d70cc503.root 370129 [605,604,606,608,609,601,607,600,602,603]
/store/data/Run2023D/HcalNZS/RAW/v1/000/370/129/00000/f7a94462-9c0a-4a11-9815-423d54ffe1ac.root 370129 [400,401,408,412,403,404,413,402,407,409,411,406,410,405]
/store/data/Run2023D/HcalNZS/RAW/v1/000/370/129/00000/ff6cba74-1434-4811-ae9c-8a5d2bdb7cbe.root 370129 [596,588,599,594,598,590,591,597,586,595,592,587,589,593]
