/store/data/Run2022E/BTagMu/RAW/v1/000/359/694/00000/008f2c68-76bb-4014-a3ff-0f287f453e08.root [457,455,456,458]
/store/data/Run2022E/BTagMu/RAW/v1/000/359/694/00000/02884043-c257-4746-aa9c-0ce2fe5ddd3a.root [601,602,599,600]
/store/data/Run2022E/BTagMu/RAW/v1/000/359/694/00000/02af300b-c72d-470a-93c8-84f7d9556019.root [80,79,81]
/store/data/Run2022E/BTagMu/RAW/v1/000/359/694/00000/04c61e32-4351-4dff-83c2-34308db393e5.root [632,634,631,633]
/store/data/Run2022E/BTagMu/RAW/v1/000/359/694/00000/056c8933-33e0-4b05-896d-b681baa593c1.root [380,379,382,381]
/store/data/Run2022E/BTagMu/RAW/v1/000/359/694/00000/05b6cd1c-c9de-44c1-af58-1ed6b26408eb.root [252,251,253]
/store/data/Run2022E/BTagMu/RAW/v1/000/359/694/00000/05dded02-fd90-4081-8100-8a36a77486cf.root [836,835,837,838,839]
/store/data/Run2022E/BTagMu/RAW/v1/000/359/694/00000/0604ba05-08f7-4c3f-b886-4d29629bc9ee.root [118,120,119]
/store/data/Run2022E/BTagMu/RAW/v1/000/359/694/00000/08f913d4-f9ad-455b-95ff-f3fcd05549ff.root [279,278,280]
/store/data/Run2022E/BTagMu/RAW/v1/000/359/694/00000/095434ea-72a7-4e8b-a864-ec54832d3b90.root [556,555,558,557]
/store/data/Run2022E/BTagMu/RAW/v1/000/359/694/00000/0a2add6b-aabd-4772-b6e3-3138e2dc8941.root [212,213,214]
/store/data/Run2022E/BTagMu/RAW/v1/000/359/694/00000/0adcfab2-2ab4-4885-8fa9-5e8280a3bcd1.root [1033,1036,1030,1035,1031,1032,1034]
/store/data/Run2022E/BTagMu/RAW/v1/000/359/694/00000/0b09c747-47a8-424d-8f94-70c77bb2c67b.root [185,186,187]
/store/data/Run2022E/BTagMu/RAW/v1/000/359/694/00000/0beec7bf-cdb8-4513-b088-b16bfc9d00cc.root [1094]
/store/data/Run2022E/BTagMu/RAW/v1/000/359/694/00000/0c3e233e-5350-43df-a1eb-421465e13cc4.root [980,981,983,984,982]
/store/data/Run2022E/BTagMu/RAW/v1/000/359/694/00000/0d6cbe0a-e05d-4787-8b9b-156fb09c294a.root [222,223,221]
/store/data/Run2022E/BTagMu/RAW/v1/000/359/694/00000/0ef44372-3752-449c-8f7d-679fb1e52da3.root [334,336,335]
/store/data/Run2022E/BTagMu/RAW/v1/000/359/694/00000/0f59216e-b562-4e3b-b702-00e01176267f.root [272,273,274]
/store/data/Run2022E/BTagMu/RAW/v1/000/359/694/00000/0f5f7ad7-c803-4656-b745-4bf7ab3da18f.root [37,38,39]
/store/data/Run2022E/BTagMu/RAW/v1/000/359/694/00000/0f6ee421-ee66-40db-a276-a746f62dedc2.root [882,880,884,881,883]
/store/data/Run2022E/BTagMu/RAW/v1/000/359/694/00000/10dec8e3-56c7-4d08-9df2-b87ac4e64e2d.root [188,189,190]
/store/data/Run2022E/BTagMu/RAW/v1/000/359/694/00000/114c7774-e606-48e8-bcff-7bad173ce90d.root [22,24,23]
/store/data/Run2022E/BTagMu/RAW/v1/000/359/694/00000/117d4d5b-2696-43b7-b344-e0cec7bb87d5.root [886,888,887,889,885]
/store/data/Run2022E/BTagMu/RAW/v1/000/359/694/00000/120c18cc-99fa-4588-899c-e7b3a24aff2a.root [71,72,70]
/store/data/Run2022E/BTagMu/RAW/v1/000/359/694/00000/135ae5b9-d22e-4203-b108-59e3c2951a84.root [225,224,226]
/store/data/Run2022E/BTagMu/RAW/v1/000/359/694/00000/1365f8a9-8adc-4ac1-a5e8-2b9646510de5.root [77,78,76]
/store/data/Run2022E/BTagMu/RAW/v1/000/359/694/00000/14c6b70c-ffce-42ac-b862-34e877fc4462.root [586,584,585,583]
/store/data/Run2022E/BTagMu/RAW/v1/000/359/694/00000/155e930b-3bca-458e-bdaf-aece8a7b1adf.root [732,730,731,733]
/store/data/Run2022E/BTagMu/RAW/v1/000/359/694/00000/1707b036-7f0c-47fa-b53c-bf8cd41d528d.root [206,208,207]
/store/data/Run2022E/BTagMu/RAW/v1/000/359/694/00000/1840ed79-b46b-40cb-b192-67044fa85280.root [641,639,642,640]
/store/data/Run2022E/BTagMu/RAW/v1/000/359/694/00000/1899a180-efc0-4af8-8bc0-2311878185ba.root [799,798,796,795,797]
/store/data/Run2022E/BTagMu/RAW/v1/000/359/694/00000/19e6d933-0157-47dd-91a7-f0749296fd64.root [483,485,486,484]
/store/data/Run2022E/BTagMu/RAW/v1/000/359/694/00000/1a503737-d686-4487-8c5e-9ce12544b4e1.root [65,66,64]
/store/data/Run2022E/BTagMu/RAW/v1/000/359/694/00000/1a58c9f4-3c46-4d20-a2da-bbba5485cf8f.root [137,136,138]
/store/data/Run2022E/BTagMu/RAW/v1/000/359/694/00000/1a9a7b7c-93f8-446a-b6a3-7bf20548124d.root [237,236,238]
/store/data/Run2022E/BTagMu/RAW/v1/000/359/694/00000/1a9f73b2-e4f6-4180-92c3-595aa7d0ca84.root [319,317,318]
/store/data/Run2022E/BTagMu/RAW/v1/000/359/694/00000/1c7189a2-ebd6-444f-a1fd-910b4e8bbacb.root [672,671,673,674]
/store/data/Run2022E/BTagMu/RAW/v1/000/359/694/00000/1c9c91a9-da76-438a-a821-adbd759eaff9.root [116,115,117]
/store/data/Run2022E/BTagMu/RAW/v1/000/359/694/00000/1efe0d38-4c93-40c0-86c4-fcff7ba11e47.root [925,926,927,929,928]
/store/data/Run2022E/BTagMu/RAW/v1/000/359/694/00000/1fc97077-c8b4-4dff-ab17-21b7d6651b03.root [995,996,999,998,997]
/store/data/Run2022E/BTagMu/RAW/v1/000/359/694/00000/20cacadf-c176-42d1-a566-452ffc01caa6.root [579,582,581,580]
/store/data/Run2022E/BTagMu/RAW/v1/000/359/694/00000/21a325b5-cca5-4463-a0c9-173b0bd05464.root [268,267,266]
/store/data/Run2022E/BTagMu/RAW/v1/000/359/694/00000/21aed213-a600-4a82-be53-b996c689f6bc.root [183,182,184]
/store/data/Run2022E/BTagMu/RAW/v1/000/359/694/00000/2264f9be-4f19-4cec-b604-e72e925fae45.root [908,909,907,905,906]
/store/data/Run2022E/BTagMu/RAW/v1/000/359/694/00000/22dbf1ba-af7b-4639-9afc-e8dcb3af050a.root [1065,1069,1064,1066,1068,1067]
/store/data/Run2022E/BTagMu/RAW/v1/000/359/694/00000/22e5682c-d0ce-4698-a256-3181d7ee7445.root [859,856,858,857,855]
/store/data/Run2022E/BTagMu/RAW/v1/000/359/694/00000/2384c084-b259-4990-b054-09c2145427c1.root [627,629,630,628]
/store/data/Run2022E/BTagMu/RAW/v1/000/359/694/00000/23cf2a0f-86e3-4afe-aaf8-0334ee1681b5.root [142,144,143]
/store/data/Run2022E/BTagMu/RAW/v1/000/359/694/00000/258cf43f-047a-45e6-aa95-fabb8c09563b.root [1074,1072,1075,1071,1070,1073]
/store/data/Run2022E/BTagMu/RAW/v1/000/359/694/00000/258d098b-c9db-473e-8be7-b2c15b11168e.root [618,616,615,617]
/store/data/Run2022E/BTagMu/RAW/v1/000/359/694/00000/25a9c38c-3251-44b0-afb4-1ff3dd65cd94.root [520,522,519,521]
/store/data/Run2022E/BTagMu/RAW/v1/000/359/694/00000/25dd1525-3831-4be2-9787-4832b166ab49.root [773,772,771,774]
/store/data/Run2022E/BTagMu/RAW/v1/000/359/694/00000/2629ecbc-2e81-427d-b6b1-5c2df5d2b97c.root [450,448,447,449]
/store/data/Run2022E/BTagMu/RAW/v1/000/359/694/00000/26c6b167-f2d8-425c-9e6d-3830ddf2ae4b.root [507,510,509,508]
/store/data/Run2022E/BTagMu/RAW/v1/000/359/694/00000/284f6dc0-c613-40b5-a96f-ef2b1e7f36a6.root [12,11,10]
/store/data/Run2022E/BTagMu/RAW/v1/000/359/694/00000/2ba4d595-f95c-4711-90dc-3d03ce03a30d.root [75,74,73]
/store/data/Run2022E/BTagMu/RAW/v1/000/359/694/00000/2c78114e-7768-4f27-ad98-92effd559c7c.root [164,165,166]
/store/data/Run2022E/BTagMu/RAW/v1/000/359/694/00000/2c8593df-8be1-413c-9a0a-f55c8beaf5f3.root [605,606,603,604]
/store/data/Run2022E/BTagMu/RAW/v1/000/359/694/00000/2d867bb5-01cc-49d1-a7c9-91748ec1e5eb.root [269,271,270]
/store/data/Run2022E/BTagMu/RAW/v1/000/359/694/00000/3055c863-6b19-4ce7-bde9-e4f59cebf82a.root [148,150,149]
/store/data/Run2022E/BTagMu/RAW/v1/000/359/694/00000/32b8868d-2041-4540-96bb-41b4b3390f85.root [191,193,192]
/store/data/Run2022E/BTagMu/RAW/v1/000/359/694/00000/33724681-4f90-479d-858e-aa8fc3b7ca39.root [374,372,373]
/store/data/Run2022E/BTagMu/RAW/v1/000/359/694/00000/33e20564-3f1d-4f9f-99e3-2e8f20e957a9.root [1092]
/store/data/Run2022E/BTagMu/RAW/v1/000/359/694/00000/34b8f19d-866a-404a-ad8f-ca7a66d76298.root [729,726,727,728]
/store/data/Run2022E/BTagMu/RAW/v1/000/359/694/00000/351a5de3-5afa-4c26-a643-6f3b112e82a6.root [49,50,51]
/store/data/Run2022E/BTagMu/RAW/v1/000/359/694/00000/357ebe99-7b23-4a07-bc6e-4e23c7dbef92.root [257,259,258]
/store/data/Run2022E/BTagMu/RAW/v1/000/359/694/00000/360d97c8-152f-473b-a01a-c6f1b3a3234f.root [942,941,940,943,944]
/store/data/Run2022E/BTagMu/RAW/v1/000/359/694/00000/365bfc0e-4cc0-4254-a763-55178dd64d8a.root [920,921,923,922,924]
/store/data/Run2022E/BTagMu/RAW/v1/000/359/694/00000/372367b8-a62f-48d3-8a9f-65bd40875b36.root [712,713,714,715,716]
/store/data/Run2022E/BTagMu/RAW/v1/000/359/694/00000/372b65f8-781d-4b15-af20-784a0ff5aff2.root [529,528,530,527]
/store/data/Run2022E/BTagMu/RAW/v1/000/359/694/00000/39001b0f-78e7-4ff5-968d-a24bccc262a4.root [85,87,86]
/store/data/Run2022E/BTagMu/RAW/v1/000/359/694/00000/3a4937ee-7e23-4b33-81ea-ad2cfd0dee19.root [595,597,598,596]
/store/data/Run2022E/BTagMu/RAW/v1/000/359/694/00000/3ab7f319-ff98-4baa-ae19-64a3295eda22.root [550,548,547,549]
/store/data/Run2022E/BTagMu/RAW/v1/000/359/694/00000/3c304e5b-cd1d-480f-b328-dbb9bfd86ec2.root [849,845,848,846,847]
/store/data/Run2022E/BTagMu/RAW/v1/000/359/694/00000/3c64e893-5779-4be7-8c74-22f18a57ff50.root [788,785,789,786,787]
/store/data/Run2022E/BTagMu/RAW/v1/000/359/694/00000/3d8725c8-3a17-4995-b4f0-8f058e40fd55.root [420,421,422,419]
/store/data/Run2022E/BTagMu/RAW/v1/000/359/694/00000/3d8c7622-a36c-4982-b456-ec5303817529.root [670,667,669,668]
/store/data/Run2022E/BTagMu/RAW/v1/000/359/694/00000/3e9d9b15-9f23-4056-9c17-c1435cdfb4eb.root [545,543,544,546]
/store/data/Run2022E/BTagMu/RAW/v1/000/359/694/00000/3f7a1148-0276-4f5b-9d5f-c8a4a967034f.root [985,989,986,988,987]
/store/data/Run2022E/BTagMu/RAW/v1/000/359/694/00000/3fbf0335-0460-4bf5-b4bf-71707bc12f5b.root [69,67,68]
/store/data/Run2022E/BTagMu/RAW/v1/000/359/694/00000/3fce7075-17de-48a4-9366-1f88dbf50211.root [763,765,762,764]
/store/data/Run2022E/BTagMu/RAW/v1/000/359/694/00000/3fe5894b-5779-4d54-ac4d-b2b9bb8df13f.root [95,94,96]
/store/data/Run2022E/BTagMu/RAW/v1/000/359/694/00000/40f6ddcb-4a69-4256-92b5-e73a709ad7a0.root [683,685,684,686]
/store/data/Run2022E/BTagMu/RAW/v1/000/359/694/00000/412d1baf-dfc2-4b35-a3fd-b0d1b2b1da6d.root [826,829,825,827,828]
/store/data/Run2022E/BTagMu/RAW/v1/000/359/694/00000/41bd4676-4f6d-4fda-a41c-ea06c50caf0e.root [470,467,469,468]
/store/data/Run2022E/BTagMu/RAW/v1/000/359/694/00000/424404b9-016b-40a7-bcb7-c8292a6137bd.root [569,567,568,570]
/store/data/Run2022E/BTagMu/RAW/v1/000/359/694/00000/425835b1-4cdd-4db8-b566-10e90feae646.root [241,240,239]
/store/data/Run2022E/BTagMu/RAW/v1/000/359/694/00000/442dfcbd-19bc-4316-bf13-e786eecbec1b.root [890,894,891,892,893]
/store/data/Run2022E/BTagMu/RAW/v1/000/359/694/00000/448e936b-da85-4cf6-a748-f20894ba4887.root [35,36,34]
/store/data/Run2022E/BTagMu/RAW/v1/000/359/694/00000/45f72c7e-65bf-4b2b-850a-1944b2aa0cc3.root [723,722,724,725]
/store/data/Run2022E/BTagMu/RAW/v1/000/359/694/00000/4608aaec-4951-4681-8d03-5022ea28fb46.root [622,620,619,621]
/store/data/Run2022E/BTagMu/RAW/v1/000/359/694/00000/4864ae60-b195-47a3-9f84-f45737061983.root [140,139,141]
/store/data/Run2022E/BTagMu/RAW/v1/000/359/694/00000/4877b572-81e0-491f-b7f7-3d5a853f0a2c.root [473,471,472,474]
/store/data/Run2022E/BTagMu/RAW/v1/000/359/694/00000/490b464e-727c-4503-8fa1-29323caea185.root [645,644,646,643]
/store/data/Run2022E/BTagMu/RAW/v1/000/359/694/00000/4a4601d0-2cad-4ab9-a046-785a87c5447c.root [304,303,302]
/store/data/Run2022E/BTagMu/RAW/v1/000/359/694/00000/4ad89be2-efc4-44ba-8fd2-46b6a72efa27.root [16,17,18]
/store/data/Run2022E/BTagMu/RAW/v1/000/359/694/00000/4b349855-f3a4-4a17-bb8c-25f8e9d8b03d.root [320,322,323,321]
/store/data/Run2022E/BTagMu/RAW/v1/000/359/694/00000/4bbbe466-1a2f-4457-b716-a535e5fa96b5.root [359,358,360]
/store/data/Run2022E/BTagMu/RAW/v1/000/359/694/00000/4cade5ec-2962-4499-9cf4-0964ebaac947.root [775,778,776,777,779]
/store/data/Run2022E/BTagMu/RAW/v1/000/359/694/00000/4dc5201a-d2df-468f-9d2c-010f4c8c3f19.root [98,99,97]
/store/data/Run2022E/BTagMu/RAW/v1/000/359/694/00000/4e4dc960-3849-42bf-aecf-acbf96e4b807.root [92,93,91]
/store/data/Run2022E/BTagMu/RAW/v1/000/359/694/00000/4e9a6627-d927-4088-ba7a-9b2024290e15.root [53,54,52]
/store/data/Run2022E/BTagMu/RAW/v1/000/359/694/00000/50d8323f-16de-43f3-8790-70c8bbf01a8d.root [400,401,402,399]
/store/data/Run2022E/BTagMu/RAW/v1/000/359/694/00000/51691591-76b9-4b5e-90ce-96eb0a8de1e3.root [283,282,281]
/store/data/Run2022E/BTagMu/RAW/v1/000/359/694/00000/51ea47bd-136e-4c33-8a7e-2ae86f85c814.root [589,590,587,588]
/store/data/Run2022E/BTagMu/RAW/v1/000/359/694/00000/525afa62-ae70-443a-979f-3957ab007d4b.root [535,536,537,538]
/store/data/Run2022E/BTagMu/RAW/v1/000/359/694/00000/55899f65-7cf0-4c49-bcc1-6834a40b0091.root [33,31,32]
/store/data/Run2022E/BTagMu/RAW/v1/000/359/694/00000/572e17b0-c2f3-40c0-aded-04c87165d630.root [841,843,840,844,842]
/store/data/Run2022E/BTagMu/RAW/v1/000/359/694/00000/57be3d4a-2925-43b9-847c-6140b06120d8.root [110,109,111]
/store/data/Run2022E/BTagMu/RAW/v1/000/359/694/00000/5828f8bb-2539-479b-b802-c06a835d560c.root [25,26,27]
/store/data/Run2022E/BTagMu/RAW/v1/000/359/694/00000/5a580a0b-707b-4b47-9db4-4bddc3e3b5c1.root [947,945,948,946,949]
/store/data/Run2022E/BTagMu/RAW/v1/000/359/694/00000/5aba9c23-22e3-428e-8657-f52337a4c1fa.root [7,8,9]
/store/data/Run2022E/BTagMu/RAW/v1/000/359/694/00000/5ac589c1-29b4-4410-bdcf-94224c1a47f0.root [551,552,554,553]
/store/data/Run2022E/BTagMu/RAW/v1/000/359/694/00000/5ac8d9ac-98b3-41ed-af6f-eb5070e325c6.root [738,734,735,736,737]
/store/data/Run2022E/BTagMu/RAW/v1/000/359/694/00000/5c11a674-2bec-4f05-9db6-b8ba2675aa39.root [432,433,431,434]
/store/data/Run2022E/BTagMu/RAW/v1/000/359/694/00000/5d3ed6b7-cfa9-4446-84eb-9b11cd025a26.root [354,352,353]
/store/data/Run2022E/BTagMu/RAW/v1/000/359/694/00000/5f21f7bc-d21a-4b8b-b2f5-c609d6f35983.root [444,443,445,446]
/store/data/Run2022E/BTagMu/RAW/v1/000/359/694/00000/5f8ffe90-17b8-424c-abe2-110a04530897.root [463,465,466,464]
/store/data/Run2022E/BTagMu/RAW/v1/000/359/694/00000/5fcfaaaf-2d43-462b-9051-08186d0f53a6.root [805,807,806,809,808]
/store/data/Run2022E/BTagMu/RAW/v1/000/359/694/00000/60a58fd1-4481-4b84-9c5c-11b666a239fc.root [316,314,315]
/store/data/Run2022E/BTagMu/RAW/v1/000/359/694/00000/60b9b155-8461-4c12-a6a6-a9962af1db01.root [168,169,167]
/store/data/Run2022E/BTagMu/RAW/v1/000/359/694/00000/61914844-20d4-464b-be54-8f9c0316e43a.root [493,494,491,492]
/store/data/Run2022E/BTagMu/RAW/v1/000/359/694/00000/63c0ee13-7e56-49e2-8f88-b59441c4f4c2.root [176,177,178]
/store/data/Run2022E/BTagMu/RAW/v1/000/359/694/00000/65205d7d-fd2e-44e2-a7a1-bc6ea031f88f.root [1000,1001,1003,1004,1002]
/store/data/Run2022E/BTagMu/RAW/v1/000/359/694/00000/66051e3a-0f89-4517-a7a8-7e95425bba9a.root [411,414,412,413]
/store/data/Run2022E/BTagMu/RAW/v1/000/359/694/00000/6617c132-fc4d-4dfa-b85d-26418a8467c1.root [911,912,914,913,910]
/store/data/Run2022E/BTagMu/RAW/v1/000/359/694/00000/664b242b-602f-424f-b5e8-bba3b5a8a282.root [708,709,711,707,710]
/store/data/Run2022E/BTagMu/RAW/v1/000/359/694/00000/6802cba7-fcd5-444c-8a8a-d88842eaafe4.root [306,305,307]
/store/data/Run2022E/BTagMu/RAW/v1/000/359/694/00000/686b393f-62ff-42f2-adea-45445e3a7f97.root [899,898,895,896,897]
/store/data/Run2022E/BTagMu/RAW/v1/000/359/694/00000/696f30a1-96a5-42cd-8e59-dc61d7fc60fd.root [312,313,311]
/store/data/Run2022E/BTagMu/RAW/v1/000/359/694/00000/69af5f7c-acae-4dbf-b85e-1e558637a5c4.root [817,816,818,815,819]
/store/data/Run2022E/BTagMu/RAW/v1/000/359/694/00000/6a3ad097-c02a-4faa-ba03-546f166b1248.root [1024,1020,1023,1021,1022]
/store/data/Run2022E/BTagMu/RAW/v1/000/359/694/00000/6a42226a-a8ae-41a6-aa7c-032939ddc815.root [479,480,481,482]
/store/data/Run2022E/BTagMu/RAW/v1/000/359/694/00000/6afde024-7c4f-4ac7-8a34-23b7e5d32a8e.root [233,234,235]
/store/data/Run2022E/BTagMu/RAW/v1/000/359/694/00000/6b210011-9a50-4083-8d44-9629af3d424f.root [784,780,781,782,783]
/store/data/Run2022E/BTagMu/RAW/v1/000/359/694/00000/6c8433f1-62e1-4208-a88a-2338802324f9.root [201,200,202]
/store/data/Run2022E/BTagMu/RAW/v1/000/359/694/00000/6cf1369a-ece2-47a2-8466-799ea78702a6.root [345,344,343]
/store/data/Run2022E/BTagMu/RAW/v1/000/359/694/00000/6e8d7808-a1bc-4e01-a8a4-2190b0ca3b88.root [333,331,332]
/store/data/Run2022E/BTagMu/RAW/v1/000/359/694/00000/70dd41ad-741d-4e22-905b-c696e6656fba.root [500,502,501,499]
/store/data/Run2022E/BTagMu/RAW/v1/000/359/694/00000/7171b7ae-e98d-48fc-b4ad-019e76b60227.root [162,163,161]
/store/data/Run2022E/BTagMu/RAW/v1/000/359/694/00000/71c14d15-5f3c-4d73-856f-44fddd6cbd85.root [219,218,220]
/store/data/Run2022E/BTagMu/RAW/v1/000/359/694/00000/72fe74ea-045c-4d4e-907f-7eb93b23a3b1.root [174,175,173]
/store/data/Run2022E/BTagMu/RAW/v1/000/359/694/00000/73a126b6-3483-4fe2-91cb-ab709d3b48a7.root [106,107,108]
/store/data/Run2022E/BTagMu/RAW/v1/000/359/694/00000/74216791-96c8-4381-8456-e21b4b21d71b.root [460,461,462,459]
/store/data/Run2022E/BTagMu/RAW/v1/000/359/694/00000/76ec6d47-1e37-456e-9e72-28a06c93b6b3.root [371,370,369,368]
/store/data/Run2022E/BTagMu/RAW/v1/000/359/694/00000/773803cb-313d-4b95-92ed-06170760559a.root [967,968,969,965,966]
/store/data/Run2022E/BTagMu/RAW/v1/000/359/694/00000/779d4f75-4c06-4121-9ae4-89cdcac29e78.root [1011,1012,1010,1013,1014]
/store/data/Run2022E/BTagMu/RAW/v1/000/359/694/00000/7964eff9-cca5-40a2-a203-702be3349723.root [248,249,250]
/store/data/Run2022E/BTagMu/RAW/v1/000/359/694/00000/7a4ee69c-2069-4d9b-a1e7-14d9e051ed8d.root [159,158,160]
/store/data/Run2022E/BTagMu/RAW/v1/000/359/694/00000/7acf3bde-8f96-48c2-8c25-d71d0253243b.root [755,754,756,757]
/store/data/Run2022E/BTagMu/RAW/v1/000/359/694/00000/7ec65800-2943-47b2-a2a6-dbd508fd4d66.root [265,263,264]
/store/data/Run2022E/BTagMu/RAW/v1/000/359/694/00000/7f328eb3-457d-4676-8d95-e334058ad142.root [440,441,442,439]
/store/data/Run2022E/BTagMu/RAW/v1/000/359/694/00000/7ff2f940-e88a-4d90-a6e4-25d70a6d80d2.root [357,355,356]
/store/data/Run2022E/BTagMu/RAW/v1/000/359/694/00000/802983bb-964d-4007-ba84-7c31572fa173.root [721,718,717,719,720]
/store/data/Run2022E/BTagMu/RAW/v1/000/359/694/00000/80388880-2dee-451c-b05b-8f473b2dab90.root [216,215,217]
/store/data/Run2022E/BTagMu/RAW/v1/000/359/694/00000/81a25922-d00d-4884-9106-f1097d4c6ee3.root [13,15,14]
/store/data/Run2022E/BTagMu/RAW/v1/000/359/694/00000/827ce1d9-fba2-4501-bcdb-8274fd19ae46.root [1008,1005,1006,1007,1009]
/store/data/Run2022E/BTagMu/RAW/v1/000/359/694/00000/84c5e26c-10c7-48db-92d5-a27100395058.root [831,832,833,830,834]
/store/data/Run2022E/BTagMu/RAW/v1/000/359/694/00000/84f64c53-befc-454f-bed6-fbfba08f77f4.root [121,123,122]
/store/data/Run2022E/BTagMu/RAW/v1/000/359/694/00000/8559dace-4e98-46e1-8a15-ff6876ba2535.root [301,299,300]
/store/data/Run2022E/BTagMu/RAW/v1/000/359/694/00000/8588a955-1b37-4b8b-9528-57ff7fe25914.root [63,61,62]
/store/data/Run2022E/BTagMu/RAW/v1/000/359/694/00000/86bdf5da-74d1-44af-bc02-7fdc78fa6728.root [743,739,740,741,742]
/store/data/Run2022E/BTagMu/RAW/v1/000/359/694/00000/870c2f28-84d6-4d53-aaec-8e9f31caaab6.root [329,330,328]
/store/data/Run2022E/BTagMu/RAW/v1/000/359/694/00000/875b5204-1693-4532-bdd8-7f335610d263.root [210,211,209]
/store/data/Run2022E/BTagMu/RAW/v1/000/359/694/00000/881b2db1-df2b-4227-aa7d-b38f82c5e1d1.root [970,972,971,974,973]
/store/data/Run2022E/BTagMu/RAW/v1/000/359/694/00000/8861e3ac-5afd-4045-8db2-ba92af789268.root [429,428,430,427]
/store/data/Run2022E/BTagMu/RAW/v1/000/359/694/00000/8b6907a6-22d2-4882-bb9d-e625958c57ce.root [505,504,503,506]
/store/data/Run2022E/BTagMu/RAW/v1/000/359/694/00000/8cf21376-218c-4cbe-83e4-e547c25b1b30.root [566,563,565,564]
/store/data/Run2022E/BTagMu/RAW/v1/000/359/694/00000/8cfe40e6-f14b-4014-9314-a8494759ffec.root [571,572,573,574]
/store/data/Run2022E/BTagMu/RAW/v1/000/359/694/00000/8de41a83-076c-4bfd-a805-ab48208c7411.root [415,417,418,416]
/store/data/Run2022E/BTagMu/RAW/v1/000/359/694/00000/8fa025d0-1f18-49da-81a1-42b619039296.root [132,130,131]
/store/data/Run2022E/BTagMu/RAW/v1/000/359/694/00000/93212acb-e170-4c89-9deb-c21335ee99e0.root [229,227,228]
/store/data/Run2022E/BTagMu/RAW/v1/000/359/694/00000/95da39b0-7464-43da-b56b-cc3af7cca572.root [958,955,956,959,957]
/store/data/Run2022E/BTagMu/RAW/v1/000/359/694/00000/963dbe20-eceb-4279-8b5e-d48fd76fae62.root [40,41,42]
/store/data/Run2022E/BTagMu/RAW/v1/000/359/694/00000/96f8d957-0709-4cc4-8353-3ef3e4e8de9b.root [688,689,687,690]
/store/data/Run2022E/BTagMu/RAW/v1/000/359/694/00000/9788e8fd-4177-4d36-a62c-0688a4b7331e.root [170,172,171]
/store/data/Run2022E/BTagMu/RAW/v1/000/359/694/00000/9795d6dd-1537-4094-a820-b2639b8c036a.root [180,179,181]
/store/data/Run2022E/BTagMu/RAW/v1/000/359/694/00000/97a12f7a-61c4-4ba4-81b0-dfd175b98d40.root [636,637,635,638]
/store/data/Run2022E/BTagMu/RAW/v1/000/359/694/00000/9901d35a-7260-4e09-8f6a-7dc67a8175b7.root [436,437,435,438]
/store/data/Run2022E/BTagMu/RAW/v1/000/359/694/00000/9b0513dd-0ab7-4da1-993b-a7d3a2707023.root [292,290,291]
/store/data/Run2022E/BTagMu/RAW/v1/000/359/694/00000/9c5864b6-d384-4961-ade0-91814158e23b.root [340,341,342]
/store/data/Run2022E/BTagMu/RAW/v1/000/359/694/00000/9e0f3ee7-6b78-4888-954a-d3ffec6e5a24.root [277,276,275]
/store/data/Run2022E/BTagMu/RAW/v1/000/359/694/00000/9e2d51f5-3fef-4739-bb86-99a5bcb54254.root [624,623,625,626]
/store/data/Run2022E/BTagMu/RAW/v1/000/359/694/00000/9e98b69e-428e-412f-977a-ba3bc0d4a737.root [964,962,963,960,961]
/store/data/Run2022E/BTagMu/RAW/v1/000/359/694/00000/9eedd6f3-42ab-41ed-b211-3689fd426a49.root [695,697,696,698]
/store/data/Run2022E/BTagMu/RAW/v1/000/359/694/00000/a0b5fbf4-e61d-4097-a90e-ecac8002cd71.root [918,915,917,919,916]
/store/data/Run2022E/BTagMu/RAW/v1/000/359/694/00000/a25def17-ab78-4ab9-a565-e85af6feef1a.root [1053,1049,1052,1050,1051,1056,1055,1057,1054]
/store/data/Run2022E/BTagMu/RAW/v1/000/359/694/00000/a5717d9d-e9f8-415e-96bd-cab987ebc673.root [365,366,367]
/store/data/Run2022E/BTagMu/RAW/v1/000/359/694/00000/a5769d65-59e6-47d1-8925-df8d3a3d0f02.root [2,1,3]
/store/data/Run2022E/BTagMu/RAW/v1/000/359/694/00000/a57e8a96-bdc5-4716-907f-842e9febba81.root [863,861,862,860,864]
/store/data/Run2022E/BTagMu/RAW/v1/000/359/694/00000/a5ea2db1-100e-4b56-b63b-472088b5d662.root [346,348,347]
/store/data/Run2022E/BTagMu/RAW/v1/000/359/694/00000/a69afcac-1819-4e54-ba10-a5843dd3d5f9.root [647,648,649,650]
/store/data/Run2022E/BTagMu/RAW/v1/000/359/694/00000/a6dfbb70-d4f3-47c6-a678-dd950349e160.root [823,824,821,822,820]
/store/data/Run2022E/BTagMu/RAW/v1/000/359/694/00000/adb4aa5b-3baa-419e-a968-9aba3beff10d.root [876,877,878,879,875]
/store/data/Run2022E/BTagMu/RAW/v1/000/359/694/00000/ae420fbf-5eff-4990-a7f1-1002d0dc7a00.root [408,410,407,409]
/store/data/Run2022E/BTagMu/RAW/v1/000/359/694/00000/b1b0c7b8-9b1a-47ed-81f3-af23b643fe3f.root [751,752,750,749,753]
/store/data/Run2022E/BTagMu/RAW/v1/000/359/694/00000/b246a959-84c6-476e-81c6-db64d996217e.root [29,30,28]
/store/data/Run2022E/BTagMu/RAW/v1/000/359/694/00000/b2b42332-1f61-4349-a14c-a7905e4b7060.root [870,871,873,874,872]
/store/data/Run2022E/BTagMu/RAW/v1/000/359/694/00000/b5677d3c-6170-4b70-b072-5413be038351.root [230,231,232]
/store/data/Run2022E/BTagMu/RAW/v1/000/359/694/00000/b69ac8f3-6e55-4f96-8a73-87353355a37d.root [244,242,243]
/store/data/Run2022E/BTagMu/RAW/v1/000/359/694/00000/b96e651c-1b72-494f-9f41-acf3a1441346.root [866,869,865,867,868]
/store/data/Run2022E/BTagMu/RAW/v1/000/359/694/00000/ba66977f-948e-4936-b2ed-7e09237e3868.root [931,930,933,934,932]
/store/data/Run2022E/BTagMu/RAW/v1/000/359/694/00000/baaf6e33-aa0e-4537-9e67-37c270101687.root [90,88,89]
/store/data/Run2022E/BTagMu/RAW/v1/000/359/694/00000/bb2516d3-0a49-461b-aab5-1d425f1f5882.root [705,704,706,703]
/store/data/Run2022E/BTagMu/RAW/v1/000/359/694/00000/bb8f15b1-0bec-4868-81e5-7dddd79ff7fd.root [260,261,262]
/store/data/Run2022E/BTagMu/RAW/v1/000/359/694/00000/bd443f52-b564-44b5-aace-25fc14706d70.root [337,338,339]
/store/data/Run2022E/BTagMu/RAW/v1/000/359/694/00000/bd61c9b6-2712-4479-8a46-ced2fc7e6964.root [658,657,655,656]
/store/data/Run2022E/BTagMu/RAW/v1/000/359/694/00000/be770779-0a93-493b-aba9-a2e801a5036a.root [1048,1038,1041,1037,1039,1047,1043,1040,1044,1042,1045,1046]
/store/data/Run2022E/BTagMu/RAW/v1/000/359/694/00000/bfc6b1d8-dd25-4d30-a683-f54548129e6b.root [43,44,45]
/store/data/Run2022E/BTagMu/RAW/v1/000/359/694/00000/c056ed8f-477c-4173-a75d-660dc2a5a60e.root [55,57,56]
/store/data/Run2022E/BTagMu/RAW/v1/000/359/694/00000/c1628b2a-86b6-44c2-9aa3-9336cc65a459.root [112,114,113]
/store/data/Run2022E/BTagMu/RAW/v1/000/359/694/00000/c1768871-0f9c-4f57-8d3b-a897af3d2342.root [802,804,803,801,800]
/store/data/Run2022E/BTagMu/RAW/v1/000/359/694/00000/c2f90a32-39b2-4a93-a18f-8486b68364c1.root [4,6,5]
/store/data/Run2022E/BTagMu/RAW/v1/000/359/694/00000/c49e1442-5110-4ac1-816b-d7e00cbd29a8.root [900,904,901,902,903]
/store/data/Run2022E/BTagMu/RAW/v1/000/359/694/00000/c4d564a7-929d-43f6-a00a-8de576134cc4.root [559,561,560,562]
/store/data/Run2022E/BTagMu/RAW/v1/000/359/694/00000/c58dc252-5f53-40b2-bd84-d802c2515bf5.root [362,361,364,363]
/store/data/Run2022E/BTagMu/RAW/v1/000/359/694/00000/c5c672ed-250d-4b80-b121-8832c99e140e.root [665,663,666,664]
/store/data/Run2022E/BTagMu/RAW/v1/000/359/694/00000/c61a3637-8c20-4ff9-93db-f2609fd29d40.root [1063,1058,1060,1061,1062,1059]
/store/data/Run2022E/BTagMu/RAW/v1/000/359/694/00000/c6c88982-6104-40f1-abed-96c708c85948.root [991,994,992,993,990]
/store/data/Run2022E/BTagMu/RAW/v1/000/359/694/00000/c7854f04-9181-4a9a-a2e7-906fd2453bb1.root [531,533,534,532]
/store/data/Run2022E/BTagMu/RAW/v1/000/359/694/00000/c92c6e83-2523-49fa-b354-c292389cc267.root [680,681,679,682]
/store/data/Run2022E/BTagMu/RAW/v1/000/359/694/00000/c98a0ad0-3e4a-4e5c-867b-3dbb4d37aed4.root [495,498,496,497]
/store/data/Run2022E/BTagMu/RAW/v1/000/359/694/00000/c9b7650d-325a-4aa8-98ea-08fd3c6d91be.root [83,82,84]
/store/data/Run2022E/BTagMu/RAW/v1/000/359/694/00000/cb325ae2-d8b3-45b8-aab2-5db861c68fb6.root [256,255,254]
/store/data/Run2022E/BTagMu/RAW/v1/000/359/694/00000/cd5303fb-18af-4143-9c22-4683b98fdcc8.root [146,147,145]
/store/data/Run2022E/BTagMu/RAW/v1/000/359/694/00000/cda7535b-e41b-4d71-9250-f95fe4487b36.root [384,385,386,383]
/store/data/Run2022E/BTagMu/RAW/v1/000/359/694/00000/cefdfa94-035a-4a64-87b8-cb94bbc2fb30.root [58,59,60]
/store/data/Run2022E/BTagMu/RAW/v1/000/359/694/00000/d0db07be-f433-4b94-9ba1-3dacd69bb4f1.root [199,197,198]
/store/data/Run2022E/BTagMu/RAW/v1/000/359/694/00000/d21705b9-88df-43da-9ae0-8fcdb23505bf.root [405,406,403,404]
/store/data/Run2022E/BTagMu/RAW/v1/000/359/694/00000/d351200c-690d-4b52-a271-76fbf45a876f.root [19,20,21]
/store/data/Run2022E/BTagMu/RAW/v1/000/359/694/00000/d3933544-9bee-4a29-bd83-a748b912fbd7.root [48,46,47]
/store/data/Run2022E/BTagMu/RAW/v1/000/359/694/00000/d46df60a-8cdc-4f9b-9ac2-7c9e0f69d4e7.root [1025,1028,1026,1029,1027]
/store/data/Run2022E/BTagMu/RAW/v1/000/359/694/00000/d6249dd9-4987-491d-bc25-30912d63d0ac.root [397,395,396,398]
/store/data/Run2022E/BTagMu/RAW/v1/000/359/694/00000/d795933a-9dfd-49b0-9ed8-6d9308127cf2.root [744,748,745,746,747]
/store/data/Run2022E/BTagMu/RAW/v1/000/359/694/00000/d95507b1-41e9-45d4-90c7-3391562f6a8f.root [954,950,951,953,952]
/store/data/Run2022E/BTagMu/RAW/v1/000/359/694/00000/dac379e4-db3a-4c46-ae63-ed1a722264d8.root [607,608,609,610]
/store/data/Run2022E/BTagMu/RAW/v1/000/359/694/00000/dad12f00-d544-4685-bf90-e155f2d79189.root [297,298,296]
/store/data/Run2022E/BTagMu/RAW/v1/000/359/694/00000/dade5cfc-4bff-4ddb-b1d5-7ed973fd3416.root [525,523,524,526]
/store/data/Run2022E/BTagMu/RAW/v1/000/359/694/00000/db828db8-b01d-4ba1-869e-9619e5fd7e00.root [1017,1019,1015,1018,1016]
/store/data/Run2022E/BTagMu/RAW/v1/000/359/694/00000/dc14e5cf-77b1-4152-ad98-b53e11d3c01f.root [389,390,387,388]
/store/data/Run2022E/BTagMu/RAW/v1/000/359/694/00000/dc965201-80ab-45c3-b159-9bc8805e176d.root [135,134,133]
/store/data/Run2022E/BTagMu/RAW/v1/000/359/694/00000/de536b7f-919c-4ff2-b856-d5b35ba07c4b.root [613,614,611,612]
/store/data/Run2022E/BTagMu/RAW/v1/000/359/694/00000/df9bdada-1317-4342-8d3f-638c34f75766.root [578,575,576,577]
/store/data/Run2022E/BTagMu/RAW/v1/000/359/694/00000/dfc399f9-060a-4343-acb4-c3d2b430e3c5.root [1081,1082,1087,1083,1079,1080,1078,1084,1085,1076,1077,1086]
/store/data/Run2022E/BTagMu/RAW/v1/000/359/694/00000/e05d8483-b6ef-44f2-a45c-27653e0bdbff.root [100,102,101]
/store/data/Run2022E/BTagMu/RAW/v1/000/359/694/00000/e0a890ae-ee87-4cb8-877a-570b66e7a493.root [423,426,424,425]
/store/data/Run2022E/BTagMu/RAW/v1/000/359/694/00000/e23341f7-d60a-4b01-b2c2-9f6dc8dbf739.root [124,126,125]
/store/data/Run2022E/BTagMu/RAW/v1/000/359/694/00000/e34b6284-935a-4090-9720-b667d27e9335.root [653,652,651,654]
/store/data/Run2022E/BTagMu/RAW/v1/000/359/694/00000/e44a670c-fd1e-403f-a1f4-95d0fc1f3280.root [394,391,392,393]
/store/data/Run2022E/BTagMu/RAW/v1/000/359/694/00000/e4996295-0a69-4b81-b199-6f0174218eeb.root [204,205,203]
/store/data/Run2022E/BTagMu/RAW/v1/000/359/694/00000/e4aeacfb-ac7e-42ed-b03b-5338c2010fdf.root [128,127,129]
/store/data/Run2022E/BTagMu/RAW/v1/000/359/694/00000/e4ed40f3-599f-4010-957a-15f9fc05f5fd.root [936,939,935,937,938]
/store/data/Run2022E/BTagMu/RAW/v1/000/359/694/00000/e4f264b5-c730-4aa1-9ecc-b0b530ba4956.root [693,692,691,694]
/store/data/Run2022E/BTagMu/RAW/v1/000/359/694/00000/e511bf28-b73e-4b10-9d37-2f89ec5e0705.root [475,478,476,477]
/store/data/Run2022E/BTagMu/RAW/v1/000/359/694/00000/e5917ab2-1b67-4e47-b7fe-1359dae12ca5.root [151,152,153,154]
/store/data/Run2022E/BTagMu/RAW/v1/000/359/694/00000/e62d0f28-4f24-49bf-a44f-19bbcfbcc302.root [770,766,767,768,769]
/store/data/Run2022E/BTagMu/RAW/v1/000/359/694/00000/e70209e8-5dea-4aba-bbff-6ac3a2fc6d6c.root [351,350,349]
/store/data/Run2022E/BTagMu/RAW/v1/000/359/694/00000/e73bf54a-711e-4efb-84a8-401b56c20b51.root [489,490,488,487]
/store/data/Run2022E/BTagMu/RAW/v1/000/359/694/00000/e87d38fc-8894-4837-917a-cc803b8faa4d.root [310,309,308]
/store/data/Run2022E/BTagMu/RAW/v1/000/359/694/00000/e9c39005-af19-4f2d-b5af-3d15d27e9ec3.root [294,295,293]
/store/data/Run2022E/BTagMu/RAW/v1/000/359/694/00000/eb336fd2-5077-4d44-bcb8-36ae3b2a9d4b.root [678,676,677,675]
/store/data/Run2022E/BTagMu/RAW/v1/000/359/694/00000/ec3f02f9-9281-4cc7-a303-ea3c6418e62f.root [975,978,976,977,979]
/store/data/Run2022E/BTagMu/RAW/v1/000/359/694/00000/ecab5b7e-eb19-43f8-8bc0-d7b49acd5652.root [451,452,454,453]
/store/data/Run2022E/BTagMu/RAW/v1/000/359/694/00000/ee87bf28-f2ad-41f8-94b2-d91970926be9.root [761,758,759,760]
/store/data/Run2022E/BTagMu/RAW/v1/000/359/694/00000/eea089c8-eb6c-4287-9902-1c432a395432.root [375,376,377,378]
/store/data/Run2022E/BTagMu/RAW/v1/000/359/694/00000/f088b709-3957-451d-97c9-84f53a28647f.root [660,661,659,662]
/store/data/Run2022E/BTagMu/RAW/v1/000/359/694/00000/f0eb1b45-96eb-4f12-9546-0d7e7abc19ae.root [850,853,854,851,852]
/store/data/Run2022E/BTagMu/RAW/v1/000/359/694/00000/f1d5f665-b464-408f-aa3d-6f9bd70c3cff.root [511,512,514,513]
/store/data/Run2022E/BTagMu/RAW/v1/000/359/694/00000/f21fba4f-d441-43e1-bd1f-271bce877813.root [245,246,247]
/store/data/Run2022E/BTagMu/RAW/v1/000/359/694/00000/f24e1fa2-e3f8-4a64-9d2d-afbd0e027670.root [593,594,592,591]
/store/data/Run2022E/BTagMu/RAW/v1/000/359/694/00000/f336207c-cb13-41b1-b4e2-7cd4bffbfd7b.root [325,326,324,327]
/store/data/Run2022E/BTagMu/RAW/v1/000/359/694/00000/f3c7a9a6-25a1-404f-8412-b6aa610276e1.root [791,794,793,792,790]
/store/data/Run2022E/BTagMu/RAW/v1/000/359/694/00000/f64876a6-e337-4595-adda-24041488bd59.root [196,194,195]
/store/data/Run2022E/BTagMu/RAW/v1/000/359/694/00000/f6da40a5-845d-4272-91e5-cf151746167e.root [542,541,540,539]
/store/data/Run2022E/BTagMu/RAW/v1/000/359/694/00000/f7d46d66-def4-4f3e-86e7-cf5e97bcbac2.root [156,157,155]
/store/data/Run2022E/BTagMu/RAW/v1/000/359/694/00000/fc16741c-3ead-469c-8c4f-b86d823fa587.root [516,515,517,518]
/store/data/Run2022E/BTagMu/RAW/v1/000/359/694/00000/fc37e971-2173-401b-ad98-2790f266a4bd.root [699,702,700,701]
/store/data/Run2022E/BTagMu/RAW/v1/000/359/694/00000/fc93e4a7-e534-4817-b090-79fb300e3e25.root [289,287,288]
/store/data/Run2022E/BTagMu/RAW/v1/000/359/694/00000/fcff0ada-0b3e-476c-a187-946634ba2136.root [105,104,103]
/store/data/Run2022E/BTagMu/RAW/v1/000/359/694/00000/fe91e182-1650-4bdd-a015-8ce0dcc9b94e.root [810,813,814,811,812]
/store/data/Run2022E/BTagMu/RAW/v1/000/359/694/00000/ff1d9469-7603-4d37-a43e-b24f8fc56829.root [285,284,286]
