/store/data/Run2018A/JetHT/MINIAOD/12Nov2019_UL2018-v2/100000/00DC6D7F-C300-504F-A3BC-497C7D8FDA98.root [476,90,115,116,236,114,238,113,234,474,475,92,471,235,237,477,89,91]
/store/data/Run2018A/JetHT/MINIAOD/12Nov2019_UL2018-v2/100000/0BE21B43-BDC8-1C42-824C-C99CC321C5D6.root [288,283,285,284,286]
/store/data/Run2018A/JetHT/MINIAOD/12Nov2019_UL2018-v2/100000/100209F4-C48B-1E4C-B489-65668F5B0BB9.root [182,195,337,181,193,146,194,147,335,336,196,333,334,145,148,183,184]
/store/data/Run2018A/JetHT/MINIAOD/12Nov2019_UL2018-v2/100000/1A220C69-A227-0640-BFAD-7BDA49E4E320.root [167,168,166,274,638,643,651,652,117,165,525,556,642,118,157,160,524,528,529,554,649,120,159,275,276,656,119,523,650,158,277,551,555,557,639,641]
/store/data/Run2018A/JetHT/MINIAOD/12Nov2019_UL2018-v2/100000/2538E10D-3B37-F545-9A26-01FB3B85D1CB.root [111,109,112,110]
/store/data/Run2018A/JetHT/MINIAOD/12Nov2019_UL2018-v2/100000/2D76F1B0-0FD1-034C-B87B-F9EEC23676F3.root [207,248,265,282,460,470,130,179,205,225,263,613,127,180,206,266,278,459,468,131,221,226,279,469,614,615,247,458,132,178,473,618,222,250,267,268,280,461,464,472,617,175,208,224,249,281]
/store/data/Run2018A/JetHT/MINIAOD/12Nov2019_UL2018-v2/100000/39952BD4-A882-2242-9871-D6683856BF88.root [96,214,73,74,187,188,216,240,241,93,76,94,185,186,75,95,213,215,242,239]
/store/data/Run2018A/JetHT/MINIAOD/12Nov2019_UL2018-v2/100000/3F0A96B4-315F-F249-955C-B8A962CA9A3A.root [11,326,330,332,429,596,680,12,31,70,327,428,565,594,595,4,35,69,430,433,466,520,675,10,432,521,522,564,674,7,71,331,462,566,621,622,1,34,36,463,465,467,519,600,619,620,676,677,2,3,518,567,597,72,563,624]
/store/data/Run2018A/JetHT/MINIAOD/12Nov2019_UL2018-v2/100000/4321FD99-946D-E146-8714-4CFF31F914FA.root [305,306,307,304,303]
/store/data/Run2018A/JetHT/MINIAOD/12Nov2019_UL2018-v2/100000/4DC46F8D-3D11-CD4C-AA95-85C1A5067F69.root [690,705,678,681,683,689,671,673,692,698,706,708,672,682,691,695,696,709,670,679,693,707,669,694,697,703]
/store/data/Run2018A/JetHT/MINIAOD/12Nov2019_UL2018-v2/100000/5904F7BC-9469-1B43-9FC6-08CD5111F2DB.root [246,398,402,489,493,495,243,379,484,586,587,25,380,384,389,399,491,583,28,39,392,487,488,588,26,38,293,295,338,339,341,344,393,483,486,37,244,294,296,490,27,40,245,340,381,401,492,496,297,378,388,390,400,485,494,497,585]
/store/data/Run2018A/JetHT/MINIAOD/12Nov2019_UL2018-v2/100000/5B6751B5-805D-EA47-93C5-719D51D6EA70.root [324,405,426,434,448,628,15,343,386,394,396,408,423,589,590,323,345,346,375,383,397,425,437,449,623,627,13,342,382,391,395,625,16,328,347,374,404,592,14,376,377,385,436,445,593,325,329,403,427,443,626,373,387,409,422,431,435,444,591]
/store/data/Run2018A/JetHT/MINIAOD/12Nov2019_UL2018-v2/100000/64AC9F1F-8A7E-AE44-8118-64AF8B30A481.root [253,252,256,251]
/store/data/Run2018A/JetHT/MINIAOD/12Nov2019_UL2018-v2/100000/67425020-3666-2641-A023-07EA4FFAC055.root [173,177,174,176]
/store/data/Run2018A/JetHT/MINIAOD/12Nov2019_UL2018-v2/100000/6A6BAD8A-893D-E64C-84E8-CE6519AFE46A.root [50,51,49,52]
/store/data/Run2018A/JetHT/MINIAOD/12Nov2019_UL2018-v2/100000/79509CC3-4F98-2243-B755-AD6198FA865E.root [61,64,62,63]
/store/data/Run2018A/JetHT/MINIAOD/12Nov2019_UL2018-v2/100000/8C516322-DB28-3C4B-9EC8-025446E48D73.root [144,141,451,227,229,264,446,447,138,140,137,139,142,228,259,450,452,143,223,261,262,260]
/store/data/Run2018A/JetHT/MINIAOD/12Nov2019_UL2018-v2/100000/969E8CA5-67A0-9E40-BF1A-58A8250FAE18.root [602,599,601,603,598]
/store/data/Run2018A/JetHT/MINIAOD/12Nov2019_UL2018-v2/100000/9F4C85B6-C0FF-3D44-BD25-44BFC156BD7A.root [498,499,510,512,634,99,101,102,104,161,311,534,549,553,637,640,97,98,100,500,508,548,163,509,636,162,164,316,536,552,635,314,504,513,533,535,550,105,317,501,537,315]
/store/data/Run2018A/JetHT/MINIAOD/12Nov2019_UL2018-v2/100000/A094AB5F-C8F0-3948-B173-6FC51A6A462B.root [151,155,154,202,204,199,156,203]
/store/data/Run2018A/JetHT/MINIAOD/12Nov2019_UL2018-v2/100000/A38A44F5-9F04-2B4C-A08D-F7F3A59E42CB.root [270,273,170,171,172,269,272,289,414,415,416,291,318,322,413,107,417,169,106,290,320,108,271,287,292,103,319,321]
/store/data/Run2018A/JetHT/MINIAOD/12Nov2019_UL2018-v2/100000/ABCC9E9F-11E9-1344-BDC2-F079320767F2.root [200,201,197,198]
/store/data/Run2018A/JetHT/MINIAOD/12Nov2019_UL2018-v2/100000/AEC4F10F-D19C-014D-AF50-965F5C8C3472.root [349,350,17,418,440,578,630,18,438,441,579,582,420,421,631,632,20,348,352,439,353,442,580,584,629,633,19,419,424,581]
/store/data/Run2018A/JetHT/MINIAOD/12Nov2019_UL2018-v2/100000/B2CA08EA-C540-4548-A7DD-6EBFA546DC81.root [648,701,30,66,699,68,646,32,33,65,700,29,67,644,704,645,647,702]
/store/data/Run2018A/JetHT/MINIAOD/12Nov2019_UL2018-v2/100000/B31E2F94-4194-0149-8ACF-51CE64D2FBC5.root [83,540,562,8,558,559,539,542,546,9,82,541,544,545,5,560,79,84,547,561,6,538,543]
/store/data/Run2018A/JetHT/MINIAOD/12Nov2019_UL2018-v2/100000/CD6496A1-BA8B-3546-903A-B7B98C5C4998.root [312,310,309,218,308,313,217,219,220]
/store/data/Run2018A/JetHT/MINIAOD/12Nov2019_UL2018-v2/100000/CDBC0EE8-BFF0-2B41-B904-506481E89236.root [362,358,359,360,361]
/store/data/Run2018A/JetHT/MINIAOD/12Nov2019_UL2018-v2/100000/CE53F78E-DA2E-6E40-856A-21050FF3AF58.root [514,516,612,254,609,258,517,610,616,255,257,511,515,611]
/store/data/Run2018A/JetHT/MINIAOD/12Nov2019_UL2018-v2/100000/D64A9AFD-A797-CA41-B36D-8509817C1DC7.root [78,77,81,80]
/store/data/Run2018A/JetHT/MINIAOD/12Nov2019_UL2018-v2/100000/E37935C9-5E47-6C4E-A7B2-E6395525CEF7.root [133,136,121,230,412,124,365,406,364,411,453,456,123,126,128,233,369,454,455,134,135,363,407,122,125,232,368,457,129,231,410]
/store/data/Run2018A/JetHT/MINIAOD/12Nov2019_UL2018-v2/100000/E46F55D4-54C7-2F49-944B-68B040411375.root [45,48,367,355,372,371,351,357,46,47,354,356,366,370]
/store/data/Run2018A/JetHT/MINIAOD/12Nov2019_UL2018-v2/100000/F2C98E05-47E1-0146-9DE3-E536AAC324DA.root [149,53,57,150,152,153,54,56]
/store/data/Run2018A/JetHT/MINIAOD/12Nov2019_UL2018-v2/100000/F954DBCF-1632-BA42-8C34-E8C48B90AE5F.root [298,301,302,479,569,574,576,665,668,41,480,575,577,688,55,482,687,59,85,87,299,568,604,606,44,88,571,605,21,23,43,481,573,608,666,684,24,60,478,570,572,607,663,685,686,22,42,58,86,300,667]
/store/data/Run2018A/JetHT/MINIAOD/12Nov2019_UL2018-v2/100000/FC6DBDBD-0FEE-B849-86C2-F1385ED8B4A7.root [506,192,659,660,532,653,505,526,530,531,661,662,190,191,209,655,657,664,210,502,654,658,503,527,189,211,212,507]
