/store/data/Run2016B/MuonEG/RAW/v2/000/274/199/00000/0AB64007-8A26-E611-8DB5-02163E01430D.root [424,427,429,428,430,423,425,419,421,422,420,426]
/store/data/Run2016B/MuonEG/RAW/v2/000/274/199/00000/0C5AF54C-6226-E611-8285-02163E012889.root [176,177,180,174,178,179,172,173,175,171]
/store/data/Run2016B/MuonEG/RAW/v2/000/274/199/00000/102CA045-8926-E611-A32C-02163E01398B.root [408,417,418,413,414,407,411,416,415,409,410,412]
/store/data/Run2016B/MuonEG/RAW/v2/000/274/199/00000/10875444-6226-E611-9A90-02163E014503.root [2,9,1,10,3,5,7,8,6,4]
/store/data/Run2016B/MuonEG/RAW/v2/000/274/199/00000/12FD7D84-6226-E611-B67D-02163E013845.root [193,200,197,192,196,199,191,194,195,198]
/store/data/Run2016B/MuonEG/RAW/v2/000/274/199/00000/20BF4C81-6226-E611-851F-02163E01451C.root [161,169,170,167,164,165,162,166,163,168]
/store/data/Run2016B/MuonEG/RAW/v2/000/274/199/00000/22F195E2-8826-E611-9BB4-02163E011AA6.root [283,285,287,286,289,281,284,290,288,282]
/store/data/Run2016B/MuonEG/RAW/v2/000/274/199/00000/246C0FDE-6426-E611-A823-02163E014697.root [255,251,252,256,258,253,260,254,257,259]
/store/data/Run2016B/MuonEG/RAW/v2/000/274/199/00000/24743A62-6226-E611-A247-02163E01398E.root [103,102,106,108,101,104,107,110,105,109]
/store/data/Run2016B/MuonEG/RAW/v2/000/274/199/00000/2687CDB5-8E26-E611-A109-02163E0145B4.root [450,454,453,448,452,444,447,446,449,443,445,451]
/store/data/Run2016B/MuonEG/RAW/v2/000/274/199/00000/26C827E4-8826-E611-A625-02163E011F91.root [275,278,273,279,274,271,272,276,280,277]
/store/data/Run2016B/MuonEG/RAW/v2/000/274/199/00000/2A1AE345-8926-E611-ABF4-02163E014112.root [313,319,317,318,314,316,320,321,315,322]
/store/data/Run2016B/MuonEG/RAW/v2/000/274/199/00000/2C1C1B54-6226-E611-861D-02163E0146F3.root [141,149,150,148,143,146,147,142,144,145]
/store/data/Run2016B/MuonEG/RAW/v2/000/274/199/00000/30DA20A1-8E26-E611-B1EC-02163E0146FF.root [492,495,498,500,494,502,491,493,499,501,497,496]
/store/data/Run2016B/MuonEG/RAW/v2/000/274/199/00000/34103396-8E26-E611-907E-02163E0133BE.root [576,577,584,586,575,579,581,585,582,578,580,583]
/store/data/Run2016B/MuonEG/RAW/v2/000/274/199/00000/34F6296D-6226-E611-A9B1-02163E013949.root [95,91,96,98,100,93,94,92,97,99]
/store/data/Run2016B/MuonEG/RAW/v2/000/274/199/00000/3A60BC57-8926-E611-82A4-02163E011DF4.root [355,348,351,352,357,358,347,349,356,354,350,353]
/store/data/Run2016B/MuonEG/RAW/v2/000/274/199/00000/3AD99B4A-8926-E611-8C77-02163E0119F2.root [292,295,296,298,291,300,294,297,293,299]
/store/data/Run2016B/MuonEG/RAW/v2/000/274/199/00000/3CC6D855-8926-E611-A4C1-02163E01414A.root [339,342,341,345,335,338,346,337,340,344,336,343]
/store/data/Run2016B/MuonEG/RAW/v2/000/274/199/00000/445A1275-6226-E611-9EF6-02163E0135A8.root [41,50,43,46,49,44,47,42,45,48]
/store/data/Run2016B/MuonEG/RAW/v2/000/274/199/00000/4AF01E8C-8E26-E611-A0C6-02163E0141BA.root [458,464,459,463,466,455,456,460,465,462,461,457]
/store/data/Run2016B/MuonEG/RAW/v2/000/274/199/00000/4EB4DA3E-6226-E611-BEF3-02163E01389E.root [117,118,112,114,116,111,113,115,119,120]
/store/data/Run2016B/MuonEG/RAW/v2/000/274/199/00000/62995DC3-8E26-E611-BECB-02163E0145F5.root [600,602,608,601,605,599,606,610,603,604,607,609]
/store/data/Run2016B/MuonEG/RAW/v2/000/274/199/00000/665B846C-6226-E611-B6AA-02163E0133D7.root [190,184,182,183,185,186,188,187,189,181]
/store/data/Run2016B/MuonEG/RAW/v2/000/274/199/00000/6E33C56A-8926-E611-A5B6-02163E0143E7.root [323,325,324,328,330,332,333,326,327,329,331,334]
/store/data/Run2016B/MuonEG/RAW/v2/000/274/199/00000/7CE00F5A-6226-E611-BA08-02163E011C2E.root [24,27,28,22,23,25,26,21,30,29]
/store/data/Run2016B/MuonEG/RAW/v2/000/274/199/00000/800C0338-8926-E611-97CF-02163E0144EC.root [366,360,364,363,369,359,362,365,370,361,367,368]
/store/data/Run2016B/MuonEG/RAW/v2/000/274/199/00000/8026A05C-6226-E611-8815-02163E0133C3.root [203,204,201,207,202,208,206,210,209,205]
/store/data/Run2016B/MuonEG/RAW/v2/000/274/199/00000/8C1779D2-8E26-E611-9287-02163E014388.root [489,488,480,481,485,486,490,479,487,482,483,484]
/store/data/Run2016B/MuonEG/RAW/v2/000/274/199/00000/8E38A956-6226-E611-A4B0-02163E014150.root [52,58,56,57,59,51,55,60,54,53]
/store/data/Run2016B/MuonEG/RAW/v2/000/274/199/00000/8E9783AE-6226-E611-93C0-02163E0146C6.root [227,229,226,223,224,221,222,228,230,225]
/store/data/Run2016B/MuonEG/RAW/v2/000/274/199/00000/8EAC79BD-8E26-E611-9400-02163E014674.root [505,507,509,512,508,510,504,514,503,506,511,513]
/store/data/Run2016B/MuonEG/RAW/v2/000/274/199/00000/929F7688-8E26-E611-8714-02163E014482.root [547,543,545,546,540,548,549,550,539,542,541,544]
/store/data/Run2016B/MuonEG/RAW/v2/000/274/199/00000/9675579F-6226-E611-865E-02163E01475E.root [70,63,66,61,64,65,68,62,67,69]
/store/data/Run2016B/MuonEG/RAW/v2/000/274/199/00000/96E1BF53-8926-E611-AA14-02163E0142AA.root [389,386,393,394,385,390,387,384,383,391,392,388]
/store/data/Run2016B/MuonEG/RAW/v2/000/274/199/00000/A655AD91-8E26-E611-B092-02163E01188C.root [619,623,612,613,615,621,618,620,617,611,622,616,614]
/store/data/Run2016B/MuonEG/RAW/v2/000/274/199/00000/B4AFC4B2-8E26-E611-B248-02163E013753.root [553,554,556,557,559,551,555,552,558,562,560,561]
/store/data/Run2016B/MuonEG/RAW/v2/000/274/199/00000/BA17D862-6226-E611-9AE4-02163E013605.root [81,88,90,86,85,89,82,83,84,87]
/store/data/Run2016B/MuonEG/RAW/v2/000/274/199/00000/BA331F78-6226-E611-8453-02163E014310.root [139,131,133,134,135,137,140,136,138,132]
/store/data/Run2016B/MuonEG/RAW/v2/000/274/199/00000/BAD66841-8926-E611-9A59-02163E013542.root [312,311,304,305,307,301,302,303,310,306,308,309]
/store/data/Run2016B/MuonEG/RAW/v2/000/274/199/00000/BCCD7FB3-8E26-E611-B853-02163E01458A.root [595,598,592,593,597,587,589,596,591,588,594,590]
/store/data/Run2016B/MuonEG/RAW/v2/000/274/199/00000/BE499E66-6226-E611-8E9C-02163E012138.root [157,155,156,151,153,152,158,159,160,154]
/store/data/Run2016B/MuonEG/RAW/v2/000/274/199/00000/C048F4F1-8926-E611-B0BD-02163E01453A.root [434,431,433,436,439,432,438,440,441,435,437,442]
/store/data/Run2016B/MuonEG/RAW/v2/000/274/199/00000/CE145B89-8E26-E611-BB06-02163E0135D4.root [468,472,476,470,473,475,469,474,471,477,467,478]
/store/data/Run2016B/MuonEG/RAW/v2/000/274/199/00000/D060C148-8926-E611-A8A6-02163E011935.root [373,374,372,375,377,382,378,379,376,381,371,380]
/store/data/Run2016B/MuonEG/RAW/v2/000/274/199/00000/D419FE49-8926-E611-AAAB-02163E011A12.root [262,264,263,265,267,270,261,268,266,269]
/store/data/Run2016B/MuonEG/RAW/v2/000/274/199/00000/D80FC5B5-8E26-E611-90E0-02163E014716.root [564,571,573,572,563,574,566,567,565,568,569,570]
/store/data/Run2016B/MuonEG/RAW/v2/000/274/199/00000/DA546B8B-6226-E611-9382-02163E014256.root [217,219,220,215,216,212,213,218,211,214]
/store/data/Run2016B/MuonEG/RAW/v2/000/274/199/00000/DEA8DF64-6226-E611-8F29-02163E014160.root [245,250,249,241,242,246,247,243,244,248]
/store/data/Run2016B/MuonEG/RAW/v2/000/274/199/00000/E2867AB6-8E26-E611-A32C-02163E0146D4.root [518,523,515,519,520,525,516,517,521,522,524,526]
/store/data/Run2016B/MuonEG/RAW/v2/000/274/199/00000/E4056C5C-6226-E611-B90E-02163E012812.root [34,40,35,37,32,38,39,33,36,31]
/store/data/Run2016B/MuonEG/RAW/v2/000/274/199/00000/E4CC7054-6226-E611-898B-02163E01345E.root [122,127,123,129,121,124,125,126,128,130]
/store/data/Run2016B/MuonEG/RAW/v2/000/274/199/00000/E6582C6F-6226-E611-B206-02163E0144B6.root [232,237,235,236,238,231,234,239,240,233]
/store/data/Run2016B/MuonEG/RAW/v2/000/274/199/00000/F295B54C-6226-E611-82D9-02163E0120C3.root [78,74,75,76,77,71,73,79,72,80]
/store/data/Run2016B/MuonEG/RAW/v2/000/274/199/00000/F6A3AC52-6226-E611-A9C6-02163E011EB4.root [14,18,19,11,15,17,12,16,20,13]
/store/data/Run2016B/MuonEG/RAW/v2/000/274/199/00000/F8CAB751-8926-E611-AB64-02163E01388D.root [400,404,405,395,399,401,406,396,398,402,397,403]
/store/data/Run2016B/MuonEG/RAW/v2/000/274/199/00000/F8DB8AB3-8E26-E611-B092-02163E013806.root [532,531,534,538,527,529,530,537,535,528,533,536]
