/store/data/Run2024H/HcalNZS/RAW/v1/000/385/889/00000/021ff4ba-199a-429a-98e0-6431ee120749.root [576,579,583,584,577,578,582,589,581,580,586,587,585,588]
/store/data/Run2024H/HcalNZS/RAW/v1/000/385/889/00000/03b902fa-702d-45d5-a180-e24e01413244.root [1289,1299,1307,1293,1295,1297,1298,1303,1290,1302,1305,1296,1300,1306,1288,1292,1294,1301,1291,1304]
/store/data/Run2024H/HcalNZS/RAW/v1/000/385/889/00000/0454bb8c-009e-456b-be36-5dcfc0fdd518.root [1106,1112,1100,1105,1108,1096,1097,1107,1099,1101,1103,1095,1098,1102,1109,1110,1111,1104]
/store/data/Run2024H/HcalNZS/RAW/v1/000/385/889/00000/061c5c38-28c0-44b3-b1c4-9eed94c16dae.root [229,231,228,238,230,235,236,239,240,233,227,232,234,237]
/store/data/Run2024H/HcalNZS/RAW/v1/000/385/889/00000/0647dd07-b556-48d7-89c2-416c796be794.root [824,827,830,825,828,834,831,826,822,832,821,833,823,829]
/store/data/Run2024H/HcalNZS/RAW/v1/000/385/889/00000/0dcb6399-3833-4dcb-b7f8-c07c63d55fd2.root [34,43,32,33,37,40,41,44,42,35,38,31,39,36]
/store/data/Run2024H/HcalNZS/RAW/v1/000/385/889/00000/110679ef-111f-4c08-83bd-fc12efe2fd06.root [1058,1068,1057,1059,1065,1067,1069,1074,1062,1064,1066,1070,1063,1073,1076,1060,1071,1072,1075,1061]
/store/data/Run2024H/HcalNZS/RAW/v1/000/385/889/00000/14ad4b9f-e9f8-4fe8-a801-59a64f1d1869.root [349,346,350,352,343,344,345,351,339,354,340,347,348,341,342,353]
/store/data/Run2024H/HcalNZS/RAW/v1/000/385/889/00000/1546aa45-661c-4f1b-b4fb-b7d90b0e71c4.root [474,479,480,486,484,483,481,482,485,487,475,476,477,478]
/store/data/Run2024H/HcalNZS/RAW/v1/000/385/889/00000/1616984c-2e1e-4e58-bc2f-fb89fda1a4c4.root [1379,1384,1389,1394,1396,1378,1385,1386,1388,1381,1383,1382,1376,1395,1374,1375,1377,1391,1380,1387,1390,1392,1393]
/store/data/Run2024H/HcalNZS/RAW/v1/000/385/889/00000/172f39b2-1417-4f80-ae05-8948dcffb31f.root [700,695,699,703,692,698,694,705,693,696,704,697,701,702]
/store/data/Run2024H/HcalNZS/RAW/v1/000/385/889/00000/1e22c8b4-748c-426d-820c-223b9481f9d8.root [914,916,924,913,921,917,920,925,911,919,918,922,923,912,915,926]
/store/data/Run2024H/HcalNZS/RAW/v1/000/385/889/00000/1ebddc4a-2f4d-4926-93b3-7f8c2a5ad39c.root [601,603,593,594,600,599,591,598,590,592,597,595,602,596]
/store/data/Run2024H/HcalNZS/RAW/v1/000/385/889/00000/2117d566-a358-40a5-8d22-b1bba329f816.root [1337,1339,1341,1344,1333,1343,1329,1334,1336,1348,1335,1345,1332,1340,1349,1350,1338,1330,1331,1342,1346,1347]
/store/data/Run2024H/HcalNZS/RAW/v1/000/385/889/00000/24266255-83d3-43df-9bd9-682f2f2ea82c.root [525,526,517,518,519,520,528,516,529,522,521,523,527,524]
/store/data/Run2024H/HcalNZS/RAW/v1/000/385/889/00000/2528365d-7229-4ceb-ac39-419b8c8a9c4a.root [214,216,220,219,226,222,215,218,223,224,225,221,213,217]
/store/data/Run2024H/HcalNZS/RAW/v1/000/385/889/00000/27cc7d96-54ed-4710-a6c1-4a4eec409c10.root [799,793,804,797,795,800,805,796,798,801,792,794,802,803]
/store/data/Run2024H/HcalNZS/RAW/v1/000/385/889/00000/287a5a95-0737-43bf-9d48-f32bf1765ad3.root [1554,1562,1572,1574,1558,1556,1569,1573,1557,1559,1567,1560,1563,1566,1575,1576,1577,1564,1565,1568,1578,1552,1553,1555,1561,1570,1571]
/store/data/Run2024H/HcalNZS/RAW/v1/000/385/889/00000/2b818236-31d2-407d-b981-7236e46139b0.root [1244,1248,1257,1258,1261,1247,1252,1255,1256,1245,1251,1264,1249,1253,1254,1263,1262,1250,1265,1246,1259,1260]
/store/data/Run2024H/HcalNZS/RAW/v1/000/385/889/00000/2bc2e1b9-788f-4539-8537-d67e1bf4c173.root [729,730,734,721,725,727,728,726,731,732,733,722,724,720,723]
/store/data/Run2024H/HcalNZS/RAW/v1/000/385/889/00000/3aa7f29c-c43b-4ce5-88c5-63e7592695da.root [557,544,552,555,553,550,547,546,554,545,548,549,551,556]
/store/data/Run2024H/HcalNZS/RAW/v1/000/385/889/00000/3f18547e-8e8b-41d2-a45d-5da0e641a5ee.root [209,211,203,202,199,205,212,200,201,204,206,207,208,210]
/store/data/Run2024H/HcalNZS/RAW/v1/000/385/889/00000/3f8fe938-cae4-4752-9e4c-d97581becae3.root [997,995,996,999,1005,992,1001,1004,993,991,1000,998,994,1003,1006,1002]
/store/data/Run2024H/HcalNZS/RAW/v1/000/385/889/00000/416eb665-64a2-441b-8e46-df285b020bca.root [738,743,740,741,748,737,739,736,745,742,749,746,744,747]
/store/data/Run2024H/HcalNZS/RAW/v1/000/385/889/00000/45ce41d0-d09b-4f9c-a70f-aabad9618085.root [172,173,179,184,175,177,182,178,171,181,174,180,176,183]
/store/data/Run2024H/HcalNZS/RAW/v1/000/385/889/00000/4b7954f3-7261-47f3-a15f-103687ba49a6.root [466,468,473,469,460,462,467,470,471,463,465,472,461,464]
/store/data/Run2024H/HcalNZS/RAW/v1/000/385/889/00000/4d6f1fe9-4b6a-42e5-ac52-5e36e06470aa.root [291,292,294,283,284,287,286,285,288,290,293,295,289,296]
/store/data/Run2024H/HcalNZS/RAW/v1/000/385/889/00000/4f110893-d7f0-4e2d-8227-ce92a340f4e0.root [1227,1225,1229,1235,1236,1238,1242,1226,1232,1233,1234,1237,1230,1231,1239,1241,1228,1224,1240,1243]
/store/data/Run2024H/HcalNZS/RAW/v1/000/385/889/00000/51b1627b-40c3-4176-b771-b17df662158d.root [185,197,195,193,194,196,187,190,191,192,189,188,198,186]
/store/data/Run2024H/HcalNZS/RAW/v1/000/385/889/00000/52378d5d-5e07-4b7d-be9f-0bacbd979809.root [889,890,892,884,885,887,888,893,881,883,882,886,891,894]
/store/data/Run2024H/HcalNZS/RAW/v1/000/385/889/00000/535281b5-ede7-4fdd-ac92-405bc4592de9.root [1269,1270,1272,1285,1271,1275,1278,1284,1287,1266,1267,1268,1277,1283,1286,1273,1274,1279,1280,1282,1276,1281]
/store/data/Run2024H/HcalNZS/RAW/v1/000/385/889/00000/56d07b0b-ea75-49af-8ce8-d5dee2779b78.root [835,837,843,850,845,847,842,848,849,839,841,846,838,840,844,836]
/store/data/Run2024H/HcalNZS/RAW/v1/000/385/889/00000/585d341e-f8e1-46b3-b9c4-e42bd56eed32.root [1047,1053,1055,1056,1041,1042,1052,1045,1046,1051,1048,1054,1043,1049,1044,1050]
/store/data/Run2024H/HcalNZS/RAW/v1/000/385/889/00000/5ae07599-3b66-4b96-952f-067075665d51.root [3,6,9,13,14,15,5,2,8,1,10,7,11,16,4,12]
/store/data/Run2024H/HcalNZS/RAW/v1/000/385/889/00000/5ae6358a-1d94-4020-8bdc-88e9f9ded7e2.root [1028,1030,1032,1038,1027,1037,1039,1029,1026,1031,1033,1034,1036,1025,1035,1040]
/store/data/Run2024H/HcalNZS/RAW/v1/000/385/889/00000/5daebcca-dbdb-4c56-8729-c3de499a4631.root [573,572,575,574]
/store/data/Run2024H/HcalNZS/RAW/v1/000/385/889/00000/5fad889d-4d3a-41ba-91ab-a4e51b575909.root [444,445]
/store/data/Run2024H/HcalNZS/RAW/v1/000/385/889/00000/5ff7f7bf-bdf7-48e6-bc8e-4a25ffedbcd5.root [319,317,321,311,312,313,324,314,318,322,316,323,315,320]
/store/data/Run2024H/HcalNZS/RAW/v1/000/385/889/00000/60307964-ff78-4517-af4c-479e26152683.root [1500,1494,1496,1499,1495,1498,1493,1497]
/store/data/Run2024H/HcalNZS/RAW/v1/000/385/889/00000/641a2578-410d-4c22-b1b0-5dfa10a42be1.root [17,18,21,20,23,19,22,25,26,24,27,28,29,30]
/store/data/Run2024H/HcalNZS/RAW/v1/000/385/889/00000/667068f8-ef4c-4f37-9ff4-329d2eec3794.root [791,778,784,787,781,785,788,789,783,779,780,782,790,786]
/store/data/Run2024H/HcalNZS/RAW/v1/000/385/889/00000/6c4e3f35-92ff-4971-8087-578188cd10ba.root [494,490,496,493,501,497,491,495,498,500,499,489,492,488]
/store/data/Run2024H/HcalNZS/RAW/v1/000/385/889/00000/6e8cec98-7b90-421d-ada6-2b583670d394.root [1526,1531,1542,1544,1530,1534,1535,1548,1533,1540,1547,1528,1529,1537,1543,1551,1527,1532,1546,1525,1536,1538,1539,1541,1545,1549,1550]
/store/data/Run2024H/HcalNZS/RAW/v1/000/385/889/00000/7739ec7c-9471-489e-be19-1578893267e7.root [684,689,686,679,691,680,685,690,682,678,687,681,683,688]
/store/data/Run2024H/HcalNZS/RAW/v1/000/385/889/00000/79b4ed7c-ec27-4749-a59b-c33e00d7d180.root [612,608,604,609,614,618,606,617,615,616,605,611,607,610,613,619]
/store/data/Run2024H/HcalNZS/RAW/v1/000/385/889/00000/79fb2733-2780-4230-8c03-5a272e3dd7ca.root [558,561,570,571,563,566,567,568,560,569,562,564,565,559]
/store/data/Run2024H/HcalNZS/RAW/v1/000/385/889/00000/8232b009-6191-452a-a0fb-12a051a3e714.root [1123,1114,1116,1117,1127,1113,1129,1119,1130,1115,1121,1122,1125,1128,1120,1124,1131,1118,1126]
/store/data/Run2024H/HcalNZS/RAW/v1/000/385/889/00000/8257ee76-cde2-43c3-b3b0-4db7bb4e2b57.root [402,410,412,403,411,405,404,407,408,406,401,414,400,409,413,415]
/store/data/Run2024H/HcalNZS/RAW/v1/000/385/889/00000/8bef06be-9820-40ec-92cd-7464c692914c.root [943,948,946,951,953,956,944,945,958,949,954,950,957,952,955,947]
/store/data/Run2024H/HcalNZS/RAW/v1/000/385/889/00000/8fb63af5-4aab-4d20-a825-2b3465871150.root [394,397,386,390,396,398,389,399,383,391,392,393,395,384,387,388,385]
/store/data/Run2024H/HcalNZS/RAW/v1/000/385/889/00000/9342ee25-3d4f-4aec-9db3-9f27b7913a04.root [1162,1164,1156,1157,1160,1163,1155,1166,1154,1158,1159,1167,1168,1165,1151,1152,1153,1161]
/store/data/Run2024H/HcalNZS/RAW/v1/000/385/889/00000/93698a35-3d90-47a3-bac5-41e9b0a2c2d4.root [905,906,907,897,900,903,899,901,904,908,909,895,896,898,902,910]
/store/data/Run2024H/HcalNZS/RAW/v1/000/385/889/00000/95ba8481-988f-4028-9b8a-e23495985b36.root [256,265,255,260,262,267,259,263,257,258,266,268,261,264]
/store/data/Run2024H/HcalNZS/RAW/v1/000/385/889/00000/96380b6e-195a-4577-91fc-784b3662b224.root [639,640,641,644,637,638,642,648,645,643,647,649,636,646]
/store/data/Run2024H/HcalNZS/RAW/v1/000/385/889/00000/97df4fc9-cfc6-4805-a615-aa0e0e138691.root [972,967,961,971,959,960,965,962,963,969,968,974,964,966,970,973]
/store/data/Run2024H/HcalNZS/RAW/v1/000/385/889/00000/9ad6b4eb-eb66-4d2d-9684-f1c01348800d.root [92,96,98,99,89,90,93,94,97,100,95,88,91,87]
/store/data/Run2024H/HcalNZS/RAW/v1/000/385/889/00000/9b40bd01-b3fb-4667-8eca-b66a9bf29177.root [241,244,246,250,249,242,251,253,243,245,252,254,247,248]
/store/data/Run2024H/HcalNZS/RAW/v1/000/385/889/00000/a0320840-75e3-41db-909b-8ac938413ed5.root [870,873,874,867,872,876,875,880,871,868,869,877,878,879]
/store/data/Run2024H/HcalNZS/RAW/v1/000/385/889/00000/a1fcf895-0c83-450c-9967-cf5d8ec37a6b.root [1209,1216,1212,1219,1208,1223,1205,1214,1207,1213,1215,1206,1211,1217,1218,1221,1210,1220,1222]
/store/data/Run2024H/HcalNZS/RAW/v1/000/385/889/00000/a71dc930-030e-475f-83e1-efd468751327.root [272,270,271,274,281,275,269,276,277,282,278,279,273,280]
/store/data/Run2024H/HcalNZS/RAW/v1/000/385/889/00000/a73177e0-2f04-45f3-b3a9-1c0587c66ad9.root [1501,1505,1512,1521,1511,1515,1519,1503,1508,1513,1523,1522,1524,1502,1516,1518,1520,1504,1507,1509,1510,1514,1517,1506]
/store/data/Run2024H/HcalNZS/RAW/v1/000/385/889/00000/a8fbbaeb-9188-4ea5-b13e-ad8a7051b9f1.root [419,426,428,416,429,420,424,422,427,417,418,421,425,423]
/store/data/Run2024H/HcalNZS/RAW/v1/000/385/889/00000/a91e9e22-a271-414c-aa7a-b4cb5a3bd326.root [161,166,157,160,164,168,170,163,162,167,159,158,165,169]
/store/data/Run2024H/HcalNZS/RAW/v1/000/385/889/00000/abd1a4c1-edf0-41ca-8de8-dbe86ea7e359.root [711,717,719,709,710,712,707,706,708,713,714,716,718,715]
/store/data/Run2024H/HcalNZS/RAW/v1/000/385/889/00000/afd24c92-58f6-455c-9c69-a0ecef18bbc4.root [135,138,142,131,136,141,140,130,132,137,133,134,129,139]
/store/data/Run2024H/HcalNZS/RAW/v1/000/385/889/00000/b139aff8-3c4e-4fc6-981e-b6dbd8eea6ae.root [675,666,671,672,674,676,664,665,677,668,669,667,670,673]
/store/data/Run2024H/HcalNZS/RAW/v1/000/385/889/00000/b155826b-5a21-43e7-a1a7-b0f80a98691a.root [629,621,622,631,627,628,630,635,620,626,633,634,625,632,624,623]
/store/data/Run2024H/HcalNZS/RAW/v1/000/385/889/00000/b53935af-c298-42d5-ae2d-346869d23ef3.root [1171,1173,1179,1184,1181,1169,1176,1178,1180,1182,1185,1186,1183,1170,1177,1172,1174,1175]
/store/data/Run2024H/HcalNZS/RAW/v1/000/385/889/00000/b5ba35ea-2c22-4f25-bbf9-82f29e880cda.root [334,336,337,329,335,333,330,332,338,325,326,327,328,331]
/store/data/Run2024H/HcalNZS/RAW/v1/000/385/889/00000/b730bf59-b762-4929-a9d1-e642023d52da.root [1643,1646,1644,1645]
/store/data/Run2024H/HcalNZS/RAW/v1/000/385/889/00000/b769fe47-f3af-4606-ab27-40a7f7839bc4.root [510,511,504,505,506,509,507,502,513,512,515,503,514,508]
/store/data/Run2024H/HcalNZS/RAW/v1/000/385/889/00000/bf322ea9-769d-42df-b22a-696f5c1b86b9.root [855,860,858,866,852,851,853,862,861,863,856,857,859,865,854,864]
/store/data/Run2024H/HcalNZS/RAW/v1/000/385/889/00000/c2125a33-cb04-488e-a10e-6d4d022a0bde.root [1353,1365,1357,1370,1358,1363,1367,1356,1361,1364,1366,1368,1372,1359,1351,1354,1355,1360,1362,1352,1369,1371,1373]
/store/data/Run2024H/HcalNZS/RAW/v1/000/385/889/00000/c2415670-4734-4d4e-910b-5e2ff62faa74.root [1201,1190,1199,1200,1195,1187,1189,1192,1204,1188,1194,1196,1197,1191,1193,1198,1202,1203]
/store/data/Run2024H/HcalNZS/RAW/v1/000/385/889/00000/c4122223-877c-4fda-ac1b-5b3d094ad535.root [47,50,51,48,52,56,45,46,57,49,53,55,58,54]
/store/data/Run2024H/HcalNZS/RAW/v1/000/385/889/00000/c4384883-8830-443b-8754-a1cf85856aee.root [987,978,989,983,986,990,981,985,975,977,980,979,982,984,988,976]
/store/data/Run2024H/HcalNZS/RAW/v1/000/385/889/00000/c789938e-a6b8-4485-a5bf-1ee928792290.root [1324,1310,1313,1317,1318,1308,1319,1321,1312,1320,1327,1314,1316,1323,1326,1309,1311,1315,1322,1328,1325]
/store/data/Run2024H/HcalNZS/RAW/v1/000/385/889/00000/cbcf50ac-93d6-4e53-bfd5-00da1bbcf8f8.root [101,103,106,114,107,110,111,109,113,104,105,108,102,112]
/store/data/Run2024H/HcalNZS/RAW/v1/000/385/889/00000/d12a9604-0c3e-4254-b992-83e6758ac221.root [533,535,542,543,537,534,540,541,530,531,536,538,539,532]
/store/data/Run2024H/HcalNZS/RAW/v1/000/385/889/00000/d154e250-af0c-445e-be9f-88a911ccbc54.root [1465,1457,1462,1449,1452,1453,1459,1468,1445,1446,1455,1460,1466,1448,1463,1461,1467,1450,1451,1454,1456,1458,1447,1464]
/store/data/Run2024H/HcalNZS/RAW/v1/000/385/889/00000/d1868e16-511c-439f-a716-35e12f622f4f.root [1609,1623,1626,1627,1633,1635,1638,1640,1613,1621,1641,1608,1616,1622,1632,1634,1636,1637,1642,1624,1630,1611,1612,1617,1618,1620,1614,1619,1625,1629,1631,1639,1610,1615,1628]
/store/data/Run2024H/HcalNZS/RAW/v1/000/385/889/00000/d1d80f9e-47ad-417a-99fe-e42032093a1c.root [1472,1474,1477,1488,1489,1492,1479,1480,1491,1484,1486,1481,1482,1483,1476,1490,1469,1470,1473,1485,1471,1475,1478,1487]
/store/data/Run2024H/HcalNZS/RAW/v1/000/385/889/00000/d3965c00-a54d-448f-8b42-d20f45b0552c.root [937,929,931,933,935,939,941,942,928,932,934,938,940,936,927,930]
/store/data/Run2024H/HcalNZS/RAW/v1/000/385/889/00000/d88bbecd-f984-44be-afcf-2dfa10b7a98d.root [817,812,815,816,820,819,806,811,807,814,808,810,813,809,818]
/store/data/Run2024H/HcalNZS/RAW/v1/000/385/889/00000/dcd9b2ae-0f26-4472-9a28-c881adcd9721.root [434,431,440,443,430,441,433,435,438,439,436,437,432,442]
/store/data/Run2024H/HcalNZS/RAW/v1/000/385/889/00000/ddc37e24-ef46-449d-b917-109e3691a953.root [1144,1150,1134,1146,1136,1143,1147,1141,1142,1148,1135,1138,1149,1139,1132,1133,1137,1140,1145]
/store/data/Run2024H/HcalNZS/RAW/v1/000/385/889/00000/e327dff6-2793-4cf8-bf44-c6cc6ca4213e.root [765,767,775,774,769,773,768,771,776,766,770,772,777,764]
/store/data/Run2024H/HcalNZS/RAW/v1/000/385/889/00000/e3df17da-51fc-4ca7-9659-7c37b8280866.root [1400,1407,1417,1409,1410,1420,1411,1415,1397,1401,1402,1405,1419,1406,1408,1398,1403,1404,1412,1414,1416,1399,1413,1418]
/store/data/Run2024H/HcalNZS/RAW/v1/000/385/889/00000/e4f49f05-18c7-400f-aa94-3b46b83af28e.root [147,154,151,144,145,152,146,150,143,149,153,156,148,155]
/store/data/Run2024H/HcalNZS/RAW/v1/000/385/889/00000/e70d9d70-1008-4957-a682-34427165dc6b.root [357,358,360,363,366,355,361,367,356,364,368,359,362,365]
/store/data/Run2024H/HcalNZS/RAW/v1/000/385/889/00000/eb99d332-8f9e-403d-bef8-fa42210f4319.root [64,66,62,63,72,69,65,67,68,71,70,59,60,61]
/store/data/Run2024H/HcalNZS/RAW/v1/000/385/889/00000/ec814b22-494c-45c0-aa68-4e783f1eb6e9.root [651,654,662,663,650,657,658,655,656,660,659,661,652,653]
/store/data/Run2024H/HcalNZS/RAW/v1/000/385/889/00000/eca4c3ca-5b59-4691-855d-f25883ad91c9.root [450,453,459,458,447,448,449,452,454,446,456,457,455,451]
/store/data/Run2024H/HcalNZS/RAW/v1/000/385/889/00000/edff3559-7934-4912-9d00-c4713537394b.root [755,759,761,758,763,752,753,756,754,750,751,760,762,757]
/store/data/Run2024H/HcalNZS/RAW/v1/000/385/889/00000/f09628b3-7e19-488c-88a0-785354f7258a.root [297,306,310,299,301,303,305,309,304,307,298,308,302,300]
/store/data/Run2024H/HcalNZS/RAW/v1/000/385/889/00000/f43ddc78-43c3-4c70-a2bb-2da47c94f79d.root [115,121,125,120,127,116,119,126,122,118,123,128,117,124]
/store/data/Run2024H/HcalNZS/RAW/v1/000/385/889/00000/f4de4da1-0b13-4750-b0a4-df135aaa7acf.root [1008,1011,1014,1010,1012,1015,1018,1019,1009,1013,1016,1023,1022,1024,1020,1007,1017,1021]
/store/data/Run2024H/HcalNZS/RAW/v1/000/385/889/00000/f57edfb5-e1bb-4354-83fc-153b9343c535.root [1581,1590,1598,1580,1585,1597,1607,1589,1603,1594,1596,1579,1587,1592,1600,1604,1588,1593,1595,1601,1602,1584,1591,1599,1605,1606,1582,1583,1586]
/store/data/Run2024H/HcalNZS/RAW/v1/000/385/889/00000/f7460375-477c-4f21-8e7b-61a933f0e4bc.root [74,73,75,82,77,79,86,76,81,78,83,80,84,85]
/store/data/Run2024H/HcalNZS/RAW/v1/000/385/889/00000/fd9aee62-d1d0-48fd-8d2c-a92344996969.root [380,379,369,375,377,370,378,381,382,372,371,373,376,374]
/store/data/Run2024H/HcalNZS/RAW/v1/000/385/889/00000/fe5f7649-8020-4b16-bd1d-749bf1dccae3.root [1080,1092,1078,1079,1084,1085,1077,1087,1090,1094,1081,1082,1088,1091,1086,1089,1083,1093]
/store/data/Run2024H/HcalNZS/RAW/v1/000/385/889/00000/ff887ee5-dac0-4d1f-acb9-81e7ea4525e2.root [1423,1427,1430,1434,1437,1433,1428,1438,1421,1426,1435,1436,1425,1432,1439,1441,1443,1422,1431,1444,1424,1429,1440,1442]
