/store/data/Run2023B/MuonEG/RAW/v1/000/366/727/00000/12aadc17-648e-4430-81b0-a6824dcd7148.root 366727 [77,80,84,90,106,82,85,92,102,95,99,78,86,98,101,91,89,103,79,88,93,94,96,104,81,83,87,97,100,105]
/store/data/Run2023B/MuonEG/RAW/v1/000/366/727/00000/163decc6-a207-420b-a14b-4f99a4b29486.root 366727 [30,31,36,37,48,50,56,52,68,72,76,38,45,57,73,74,75,42,43,46,55,59,66,33,44,53,61,63,65,67,34,39,40,47,51,54,58,60,62,69,70,71,32,64,35,41,49]
/store/data/Run2023B/MuonEG/RAW/v1/000/366/727/00000/8f58a18a-a459-4c56-96d9-11622715a3c7.root 366727 [111,122,128,115,119,117,120,121,108,113,118,107,125,109,116,110,114,123,124,127,112,126]
/store/data/Run2023B/MuonEG/RAW/v1/000/366/727/00000/f116f71b-f332-4c69-896f-dc51160fe393.root 366727 [136,129,132,134,130,131,135,133]
/store/data/Run2023B/MuonEG/RAW/v1/000/366/729/00000/0afb91e8-aca2-43e0-8bcd-671ac0fa2edc.root 366729 [73,75,78,79,86,90,93,72,84,92,83,89,76,81,88,87,91,74,77,80,94,71,82,85]
/store/data/Run2023B/MuonEG/RAW/v1/000/366/729/00000/11fd6ac3-e9d1-4ebc-8fbf-f1030aee56d5.root 366729 [309,312,316,317,323,324,318,327,332,334,335,336,313,321,322,314,319,338,310,315,320,331,325,326,333,337,311,328,329,330]
/store/data/Run2023B/MuonEG/RAW/v1/000/366/729/00000/181d81fa-0836-4118-b93c-10873b721208.root 366729 [251,261,271,275,277,250,262,272,264,273,276,253,258,259,260,268,274,252,254,256,265,267,269,270,255,257,263,266,278]
/store/data/Run2023B/MuonEG/RAW/v1/000/366/729/00000/32797052-185e-40db-b36a-4a8ebc9304d2.root 366729 [380,385,387,392,388,390,395,399,402,375,391,397,400,401,403,383,386,372,376,378,382,384,389,374,396,398,373,377,381,394,379,393,371]
/store/data/Run2023B/MuonEG/RAW/v1/000/366/729/00000/3c7a5a40-59b4-4e19-a3cf-7e1e7e395fa0.root 366729 [405,409,412,413,407,408,411,406,415,404,414,410]
/store/data/Run2023B/MuonEG/RAW/v1/000/366/729/00000/3ce113e7-55be-4153-9066-6c8bd27274cb.root 366729 [125,128,138,119,120,122,133,141,143,123,129,130,135,126,136,127,131,137,139,140,132,134,124,142,121]
/store/data/Run2023B/MuonEG/RAW/v1/000/366/729/00000/59204239-3797-4836-87c2-5bdc501c31f9.root 366729 [68,55,61,66,63,58,70,57,52,53,64,65,49,56,59,67,50,51,54,60,62,69]
/store/data/Run2023B/MuonEG/RAW/v1/000/366/729/00000/63604b04-531b-43e1-a596-daf032705688.root 366729 [174,176,185,170,173,177,184,192,178,179,180,187,194,189,172,182,190,191,193,169,183,186,188,171,175,181]
/store/data/Run2023B/MuonEG/RAW/v1/000/366/729/00000/6a0c7996-3710-49f4-9c45-4ea7045af643.root 366729 [204,199,219,203,207,212,215,218,200,208,198,210,211,216,217,220,195,213,196,197,202,205,206,209,201,214,221]
/store/data/Run2023B/MuonEG/RAW/v1/000/366/729/00000/7644d015-e2d6-45d9-b9d5-96499cff625f.root 366729 [95,97,100,104,105,106,107,114,96,101,98,110,112,113,109,117,115,116,118,102,99,111,103,108]
/store/data/Run2023B/MuonEG/RAW/v1/000/366/729/00000/77f24869-2399-42bd-9a8e-7feb7f8f32ee.root 366729 [284,299,306,290,303,282,281,291,293,295,301,304,307,279,287,298,300,302,308,280,292,294,305,285,289,283,286,288,296,297]
/store/data/Run2023B/MuonEG/RAW/v1/000/366/729/00000/7b398442-66dd-44af-8f93-8110ed8afd9a.root 366729 [226,227,231,238,240,246,248,242,224,234,237,247,229,230,232,222,223,233,239,243,244,228,235,225,236,241,245,249]
/store/data/Run2023B/MuonEG/RAW/v1/000/366/729/00000/b95f715a-c9dd-48c4-8c1b-d76a951b2cbe.root 366729 [342,343,349,352,351,354,357,341,348,350,355,356,362,353,358,360,363,364,365,368,369,370,339,344,346,359,366,340,345,347,361,367]
/store/data/Run2023B/MuonEG/RAW/v1/000/366/729/00000/c3cc0054-7a7b-4da9-b8a4-3249e24fc2c9.root 366729 [30,35,47,28,29,33,38,39,40,48,31,32,44,45,34,41,42,27,43,46,36,37]
/store/data/Run2023B/MuonEG/RAW/v1/000/366/729/00000/de0267cd-1b29-4903-b339-1b82e1c669c6.root 366729 [158,160,144,148,149,150,165,146,153,151,155,157,152,154,161,162,166,145,156,159,147,163,164,167,168]
/store/data/Run2023B/MuonEG/RAW/v1/000/366/801/00000/00fd8494-1485-412a-9523-6b5ccb320e38.root 366801 [128,134,142,148,137,138,139,140,141,151,144,150,126,143,125,131,133,146,152,127,129,136,147,149,153,130,132,135,145]
/store/data/Run2023B/MuonEG/RAW/v1/000/366/801/00000/02b63963-e9c0-40cb-91d2-bff2eed58ca3.root 366801 [290,305,309,310,311,314,316,319,292,296,322,323,298,306,287,291,301,303,308,312,315,324,325,294,297,302,313,317,293,299,320,295,288,289,300,304,307,318,321]
/store/data/Run2023B/MuonEG/RAW/v1/000/366/801/00000/37d34354-0d3d-4deb-938c-cf6e48ed282d.root 366801 [254,259,284,257,270,282,286,255,260,269,276,280,281,285,264,268,272,274,275,278,283,263,265,267,271,279,256,258,266,273,253,277,251,252,261,262]
/store/data/Run2023B/MuonEG/RAW/v1/000/366/801/00000/47dc22c3-9fa3-4786-8184-f85525eb2f63.root 366801 [327,333,344,351,353,359,361,364,328,331,337,340,341,343,356,330,346,349,362,334,336,339,347,354,365,326,332,357,338,352,363,329,335,342,355,358,345,348,350,360]
/store/data/Run2023B/MuonEG/RAW/v1/000/366/801/00000/5ec6ba7a-70d9-4c03-bfb7-efd3a7e1e189.root 366801 [44,49,50,55,60,67,41,45,51,56,68,43,57,66,47,61,63,54,62,42,52,53,59,64,46,48,58,65]
/store/data/Run2023B/MuonEG/RAW/v1/000/366/801/00000/60b4483c-36d0-4134-84b0-802ceffab265.root 366801 [369,399,371,379,381,396,404,374,375,383,385,386,389,393,395,402,367,370,388,390,394,400,384,398,405,366,382,391,397,407,372,376,377,378,380,387,392,403,368,373,401,406]
/store/data/Run2023B/MuonEG/RAW/v1/000/366/801/00000/6e550b2f-57c5-4743-b817-4411a559d1af.root 366801 [199,207,214,188,194,203,206,209,211,215,197,189,191,212,213,216,185,193,198,196,200,204,208,190,195,202,210,186,187,192,201,205]
/store/data/Run2023B/MuonEG/RAW/v1/000/366/801/00000/719bd631-c882-4b2d-983f-482b590e7bac.root 366801 [225,234,237,239,240,246,250,230,233,245,247,217,227,241,220,223,226,232,228,231,236,248,219,221,229,238,249,218,222,235,243,224,242,244]
/store/data/Run2023B/MuonEG/RAW/v1/000/366/801/00000/8eb15752-8f5f-41fe-97c9-8379329f0ef4.root 366801 [159,165,166,172,182,183,156,158,169,171,155,178,181,175,184,160,161,163,164,170,180,168,174,154,157,162,167,173,176,179,177]
/store/data/Run2023B/MuonEG/RAW/v1/000/366/801/00000/8fa854d8-aa71-4d28-9288-b3ed7bd73e1a.root 366801 [117,97,103,105,110,116,119,124,104,107,99,106,108,113,118,120,98,109,114,115,121,122,100,102,111,112,123,101]
/store/data/Run2023B/MuonEG/RAW/v1/000/366/801/00000/b1ec7df6-17b5-4f0c-a4a2-949e30955217.root 366801 [15,16,23,26,32,36,40,33,28,17,39,27,29,35,18,19,20,25,30,34,22,31,38,21,24,37]
/store/data/Run2023B/MuonEG/RAW/v1/000/366/801/00000/b9f7215e-0288-432b-9aa2-da91dab8e6ce.root 366801 [77,83,88,92,82,89,91,69,79,81,84,70,72,75,80,85,87,90,96,74,93,94,95,71,78,73,76,86]
/store/data/Run2023B/MuonEG/RAW/v1/000/366/801/00000/e2b14e9f-0d84-4e13-b05b-55d4a4056781.root 366801 [413,410,415,424,417,427,420,409,425,408,411,412,414,416,419,421,422,426,418,423]
/store/data/Run2023B/MuonEG/RAW/v1/000/366/802/00000/66318862-0c78-4607-b3db-6d392de4e0da.root 366802 [1,2,4,11,12,15,19,9,6,8,16,3,5,10,13,18,21,14,17,7,20]
/store/data/Run2023B/MuonEG/RAW/v1/000/366/804/00000/015bcaa8-4ed1-4baa-8e88-041e2326b637.root 366804 [137,148,153,124,126,131,149,154,156,117,121,123,125,139,147,151,155,122,129,130,152,118,140,142,144,150,116,134,135,141,145,128,133,138,143,146,119,120,127,132,136]
/store/data/Run2023B/MuonEG/RAW/v1/000/366/804/00000/0c99e693-038e-4707-b521-f3153054db9e.root 366804 [88,90,98,115,81,83,93,94,102,107,112,80,89,105,86,103,106,85,92,110,114,91,95,99,101,84,87,96,97,104,108,109,111,82,100,113]
/store/data/Run2023B/MuonEG/RAW/v1/000/366/804/00000/c45e69ce-64a3-4c86-8c7d-c260905f12d9.root 366804 [33,47,54,62,63,65,70,79,27,36,37,46,49,69,73,77,25,38,40,41,58,71,75,34,43,48,59,64,66,78,35,50,51,53,55,57,61,68,23,24,26,30,76,28,29,32,44,56,72,31,39,42,45,52,60,67,74]
/store/data/Run2023B/MuonEG/RAW/v1/000/366/820/00000/0b95feb7-9eb5-4ceb-bfe2-d0b8a2ee3929.root 366820 [299,288,302,286,294,296,283,289,284,290,292,295,301,285,287,291,293,303,297,298,300]
/store/data/Run2023B/MuonEG/RAW/v1/000/366/820/00000/12c87960-abad-4241-8502-2289912265d3.root 366820 [220,221,223,225,226,209,213,214,218,224,217,210,215,219,216,228,211,212,222,227]
/store/data/Run2023B/MuonEG/RAW/v1/000/366/820/00000/2cf24cc4-07ae-4577-a219-3bb03eac724b.root 366820 [188,195,196,203,186,202,191,192,189,190,197,199,200,198,206,207,193,201,187,194,204,205,208]
/store/data/Run2023B/MuonEG/RAW/v1/000/366/820/00000/2db75c0c-afa5-4525-87b5-ff42437f7960.root 366820 [247,254,262,252,256,260,250,255,264,249,261,258,248,253,259,263,251,257]
/store/data/Run2023B/MuonEG/RAW/v1/000/366/820/00000/39037e3e-8fe7-4879-9a19-bbead19c2010.root 366820 [341,348,349,353,351,346,342,343,344,345,350,340,357,355,347,352,354,356]
/store/data/Run2023B/MuonEG/RAW/v1/000/366/820/00000/49c16f38-553b-435d-b617-eb0ed0bf91d3.root 366820 [398,403,405,399,407,408,397,400,409,411,396,402,404,410,401,406]
/store/data/Run2023B/MuonEG/RAW/v1/000/366/820/00000/5f5edd0e-feba-44f8-821e-d38ef2185ee8.root 366820 [365,375,364,366,358,371,372,377,359,360,362,374,369,363,368,370,373,376,361,367]
/store/data/Run2023B/MuonEG/RAW/v1/000/366/820/00000/9bbe4e11-01c0-48af-875b-9b960dfdf22f.root 366820 [56,59,72,89,104,51,53,62,68,74,79,83,87,98,99,106,107,116,58,63,75,76,85,86,54,70,77,82,91,100,102,103,113,115,49,60,92,97,110,111,52,57,61,65,69,71,78,81,112,117,55,73,88,94,96,101,105,108,109,114,48,50,64,66,67,80,84,90,93,95]
/store/data/Run2023B/MuonEG/RAW/v1/000/366/820/00000/9c2447ab-d4af-40ae-929e-bc9750d1efec.root 366820 [331,335,323,326,328,329,330,333,336,337,325,338,339,322,334,324,327,332]
/store/data/Run2023B/MuonEG/RAW/v1/000/366/820/00000/ae625eda-a93d-4c95-9e32-31abd352591e.root 366820 [272,277,275,280,281,271,279,270,282,268,276,265,266,267,269,273,274,278]
/store/data/Run2023B/MuonEG/RAW/v1/000/366/820/00000/cc0647ef-7024-4f3d-bdbf-e975d64e0155.root 366820 [119,121,148,155,123,131,132,134,140,149,150,128,130,141,142,143,153,122,137,139,144,145,152,156,127,129,157,120,133,135,124,126,136,151,154,118,125,138,146,147]
/store/data/Run2023B/MuonEG/RAW/v1/000/366/820/00000/d7734d7b-8039-4484-8d6d-ffda2f79edbe.root 366820 [304,314,316,308,309,311,319,320,305,315,321,307,312,317,318,306,310,313]
/store/data/Run2023B/MuonEG/RAW/v1/000/366/820/00000/db3bb2cf-bd24-439c-a512-c525fefe0660.root 366820 [379,381,383,388,395,378,380,382,389,390,385,392,386,393,384,387,391,394]
/store/data/Run2023B/MuonEG/RAW/v1/000/366/820/00000/e4a303f4-9785-4ee0-9855-1b023bb2a770.root 366820 [171,160,164,184,159,163,165,175,166,168,169,170,179,181,158,161,174,180,176,177,167,172,178,183,162,173,182,185]
/store/data/Run2023B/MuonEG/RAW/v1/000/366/820/00000/e555d9b8-11a0-4d1a-a7ae-1aba040fbfa3.root 366820 [234,243,232,237,236,239,240,241,246,229,238,242,244,245,230,231,233,235]
