397954
397962
398011
398012
398013
398014
398015
398016
398021
398022
398023
398027
398039
398040
398074
398075
398076
398077
398079
398080
398081
398082
398084
398086
398088
398104
398121
398122
398123
398124
398139
398140
398143
398144
398178
398183
398184
398185
398188
398189
398191
398203
398204
398208
398227
398240
398288
398289
398293
398308
398309
398310
398315
398335
398336
398337
398347
398348
398365
398366
398367
398368
398390
398391
398395
398396
398416
398419
398420
398421
398427
398428
398458
398459
398460
398465
398515
398516
398517
398538
398539
398540
398541
398547
398548
398549
398558
398593
398594
398595
398600
398647
398648
398649
398650
398675
398680
398681
398682
398683
398797
398801
398802
398803
398827
398828
398858
398859
398860
398902
398903
