/store/data/Run2023D/Tau/RAW/v1/000/369/978/00000/00cb43bc-c1a6-4066-9970-fc494e7b9787.root [473,475,476,474]
/store/data/Run2023D/Tau/RAW/v1/000/369/978/00000/01c2e30c-80b5-4d0e-8ead-ecfb51333741.root [478,477,479]
/store/data/Run2023D/Tau/RAW/v1/000/369/978/00000/022cedd9-f665-4275-b6be-294b636c725f.root [538,536,537]
/store/data/Run2023D/Tau/RAW/v1/000/369/978/00000/0469b743-fe5f-462f-b96a-1224f9243293.root [513,511,512]
/store/data/Run2023D/Tau/RAW/v1/000/369/978/00000/05973ba9-3ece-47e4-b97b-500783bf8149.root [622,621,624,623]
/store/data/Run2023D/Tau/RAW/v1/000/369/978/00000/05bf4f3a-9e02-4f51-9045-9f80a573d033.root [539,540,542,541]
/store/data/Run2023D/Tau/RAW/v1/000/369/978/00000/0960b06c-4414-4342-96c9-134922c7ab26.root [23,30,32,36,37,25,31,33,26,28,22,29,35,24,21,27,34]
/store/data/Run2023D/Tau/RAW/v1/000/369/978/00000/09bce330-c70d-42d4-8322-affb440e2861.root [553,551,552,550]
/store/data/Run2023D/Tau/RAW/v1/000/369/978/00000/0aceb8da-8d3d-4de4-a170-c704bcade31c.root [58,64,66,70,57,60,62,67,68,71,59,73,61,63,65,69,72,74]
/store/data/Run2023D/Tau/RAW/v1/000/369/978/00000/0b679128-1a0f-4a8c-915b-1577402f9e7d.root [389,390,391]
/store/data/Run2023D/Tau/RAW/v1/000/369/978/00000/0cd37d4f-032a-4fb8-b121-e867801f0399.root [17]
/store/data/Run2023D/Tau/RAW/v1/000/369/978/00000/0f52f1aa-6dc1-492d-be9a-310c9375c330.root [349,350,351]
/store/data/Run2023D/Tau/RAW/v1/000/369/978/00000/0f713445-5075-4c80-bccd-8d99d7af0d4e.root [733,730,732,731]
/store/data/Run2023D/Tau/RAW/v1/000/369/978/00000/11cb2e52-1826-4776-8171-00f50bc3404d.root [356,355,357]
/store/data/Run2023D/Tau/RAW/v1/000/369/978/00000/125320b1-ed99-4ae6-a0c8-a3cc06fc54c2.root [804,806,803,805]
/store/data/Run2023D/Tau/RAW/v1/000/369/978/00000/138eddc6-08e7-44a3-85df-eca578d7472d.root [704,702,703,701]
/store/data/Run2023D/Tau/RAW/v1/000/369/978/00000/1486a2f0-013b-4e0c-a3cd-fb929798e0d3.root [150,152,151,149]
/store/data/Run2023D/Tau/RAW/v1/000/369/978/00000/14c83404-46a7-4dce-b9cd-0cee88e5de63.root [714,716,717,715]
/store/data/Run2023D/Tau/RAW/v1/000/369/978/00000/18a57902-8c6f-448c-b4a4-c633437d4cdf.root [641,644,643,642]
/store/data/Run2023D/Tau/RAW/v1/000/369/978/00000/1933c91c-8048-49cb-937a-90fcaa365d38.root [565,566,567,568]
/store/data/Run2023D/Tau/RAW/v1/000/369/978/00000/19a7277b-1073-41bc-bb7c-acebd4bc30c7.root [208,206,207]
/store/data/Run2023D/Tau/RAW/v1/000/369/978/00000/1a95c29e-6ca6-43bf-a684-7206e9e2c515.root [255,256,257]
/store/data/Run2023D/Tau/RAW/v1/000/369/978/00000/1d5463fb-21d8-4ef1-81ee-35122fd1a82d.root [270,272,271]
/store/data/Run2023D/Tau/RAW/v1/000/369/978/00000/1d5d9dbf-9012-4672-bef3-21dcd85af03e.root [210,211,209]
/store/data/Run2023D/Tau/RAW/v1/000/369/978/00000/1d72395f-3367-43b0-9b21-16d361b312d0.root [482,481,480]
/store/data/Run2023D/Tau/RAW/v1/000/369/978/00000/20ee7196-98fe-4960-b461-f6bed48b3588.root [290,288,289]
/store/data/Run2023D/Tau/RAW/v1/000/369/978/00000/22893ad2-873e-4c17-aa15-7865089c74a5.root [449,450,451]
/store/data/Run2023D/Tau/RAW/v1/000/369/978/00000/22b6b1dc-64f6-4c3e-9c31-8a08bef933a4.root [766,769,768,767]
/store/data/Run2023D/Tau/RAW/v1/000/369/978/00000/234ac169-9b21-4cfc-99cd-b0f713563f7a.root [388,386,387]
/store/data/Run2023D/Tau/RAW/v1/000/369/978/00000/257ab1e5-c693-43bd-a0cd-a53181465f14.root [632,629,631,630]
/store/data/Run2023D/Tau/RAW/v1/000/369/978/00000/2638462e-cc25-44f5-ae31-2895a0f90934.root [427,428,426]
/store/data/Run2023D/Tau/RAW/v1/000/369/978/00000/27fe6280-eecf-483e-85d3-7f01a5f6acb0.root [712,713,711,710]
/store/data/Run2023D/Tau/RAW/v1/000/369/978/00000/28d3bcb0-68c2-4a42-96b6-88bd178a55cd.root [418,416,417,419]
/store/data/Run2023D/Tau/RAW/v1/000/369/978/00000/29c64824-1bba-49cf-aa4b-e795bafa45c0.root [783,784,785,782]
/store/data/Run2023D/Tau/RAW/v1/000/369/978/00000/2aa24eb4-56db-48c0-8252-975eeeb20808.root [547,549,546,548]
/store/data/Run2023D/Tau/RAW/v1/000/369/978/00000/2bbd69d6-ca9a-405d-a6e9-269c08720768.root [654,653,656,655]
/store/data/Run2023D/Tau/RAW/v1/000/369/978/00000/2bcfc225-8866-4b15-9e31-56cea8fb9238.root [252,253,254]
/store/data/Run2023D/Tau/RAW/v1/000/369/978/00000/2c3c6c91-ed86-44be-b6ee-e0a34311d066.root [225,226,227,224]
/store/data/Run2023D/Tau/RAW/v1/000/369/978/00000/2c6579df-7874-4686-87c1-7104c864247b.root [412,410,411]
/store/data/Run2023D/Tau/RAW/v1/000/369/978/00000/2dbaa9cd-ec8e-41b8-a640-9c5dbff21b34.root [51,52,56,39,40,42,53,43,55,38,44,41,45,46,49,50,54,47,48]
/store/data/Run2023D/Tau/RAW/v1/000/369/978/00000/2e37f6cd-f01b-4e86-a16f-9c9ae117161d.root [133,132,131,130]
/store/data/Run2023D/Tau/RAW/v1/000/369/978/00000/2e620415-4e4d-46f4-88de-930a2a89e940.root [723,722,725,724]
/store/data/Run2023D/Tau/RAW/v1/000/369/978/00000/2f6fab02-88d2-4856-8c8f-000d225c0f01.root [301,302,300]
/store/data/Run2023D/Tau/RAW/v1/000/369/978/00000/2fffbf7c-2b6d-4ef3-adff-1ec831ce6d46.root [78,86,87,77,83,88,76,79,81,82,75,80,85,84]
/store/data/Run2023D/Tau/RAW/v1/000/369/978/00000/30eb06bb-a9cd-41af-add7-a16d08177cb7.root [518,517,519]
/store/data/Run2023D/Tau/RAW/v1/000/369/978/00000/31579f72-9f40-4ffa-b51b-2c876bd2b6af.root [202,200,201]
/store/data/Run2023D/Tau/RAW/v1/000/369/978/00000/31622345-c6ce-43c6-8571-40273241f33b.root [461,463,462]
/store/data/Run2023D/Tau/RAW/v1/000/369/978/00000/3356c84d-c6cf-4bcd-912d-347f470249ed.root [788,787,789,786]
/store/data/Run2023D/Tau/RAW/v1/000/369/978/00000/358aed11-d037-4f23-a37a-10badaa7a36f.root [376,374,373,375]
/store/data/Run2023D/Tau/RAW/v1/000/369/978/00000/3696dd65-05a8-45a5-a230-8f0ddec197c1.root [627,626,625,628]
/store/data/Run2023D/Tau/RAW/v1/000/369/978/00000/3811c42d-6990-4a70-a048-b6d2730e8fa0.root [178,179,180,177]
/store/data/Run2023D/Tau/RAW/v1/000/369/978/00000/390e141d-738c-45eb-aa97-8cf4aaff6f05.root [589,590,592,591]
/store/data/Run2023D/Tau/RAW/v1/000/369/978/00000/391a8bf8-8a35-4941-b34c-2e89d6249889.root [515,514,516]
/store/data/Run2023D/Tau/RAW/v1/000/369/978/00000/395ccac9-3a86-40f9-a817-2ed2de38c390.root [751,753,750,752]
/store/data/Run2023D/Tau/RAW/v1/000/369/978/00000/3a37af66-2feb-4bc8-a6f8-0fc414e0aa0c.root [170,169,171,172]
/store/data/Run2023D/Tau/RAW/v1/000/369/978/00000/3b5ba522-f37b-456c-b444-ebae6d6beb0d.root [382,381,380]
/store/data/Run2023D/Tau/RAW/v1/000/369/978/00000/3e4907b8-3cdc-437e-a12d-7cafaeab0fb4.root [543,544,545]
/store/data/Run2023D/Tau/RAW/v1/000/369/978/00000/3fe4b936-364f-42af-9476-c8b0909d482b.root [657,659,658,660]
/store/data/Run2023D/Tau/RAW/v1/000/369/978/00000/3fff6190-de5a-4977-80de-8d4877e616aa.root [319,320,318]
/store/data/Run2023D/Tau/RAW/v1/000/369/978/00000/401ec20a-76fa-4ba5-886f-6d03ada83750.root [326,324,325]
/store/data/Run2023D/Tau/RAW/v1/000/369/978/00000/40787581-9f6e-4681-9e5f-79828369511c.root [564,562,561,563]
/store/data/Run2023D/Tau/RAW/v1/000/369/978/00000/40e305b5-ba32-4785-a96b-6ab7cd224f90.root [525,526,524,523]
/store/data/Run2023D/Tau/RAW/v1/000/369/978/00000/41d45705-8103-4a6b-a022-8be62bc8b782.root [258,259,260]
/store/data/Run2023D/Tau/RAW/v1/000/369/978/00000/42dedcc5-5eb7-47b1-ab5e-68079e4c45d8.root [285,286,287]
/store/data/Run2023D/Tau/RAW/v1/000/369/978/00000/438ef8f9-a7e0-41c9-9c44-4f9d6e79b754.root [281,280,279]
/store/data/Run2023D/Tau/RAW/v1/000/369/978/00000/44220fd5-c245-4b93-9e49-d69ac47c027e.root [269,268,267]
/store/data/Run2023D/Tau/RAW/v1/000/369/978/00000/45ec3316-6107-4045-b14c-200143c07ce9.root [365,364,366]
/store/data/Run2023D/Tau/RAW/v1/000/369/978/00000/46a6f1a5-80e7-4710-86cd-548724f64f76.root [744,745,743,742]
/store/data/Run2023D/Tau/RAW/v1/000/369/978/00000/470d82b5-1655-430f-a819-f09d72a2c158.root [510,508,509]
/store/data/Run2023D/Tau/RAW/v1/000/369/978/00000/475c90ef-e7ba-4e11-a996-a1e9a44182b7.root [296,295,294]
/store/data/Run2023D/Tau/RAW/v1/000/369/978/00000/48a7b5c6-c45d-4372-8a8b-e9a37aae7bec.root [367,368,369]
/store/data/Run2023D/Tau/RAW/v1/000/369/978/00000/49ff3c4c-e4bf-4c77-b9bc-86817ec0bc02.root [719,720,721,718]
/store/data/Run2023D/Tau/RAW/v1/000/369/978/00000/4aa0a23a-e2c2-4e4a-a9fb-67405a5ed149.root [247,246,248]
/store/data/Run2023D/Tau/RAW/v1/000/369/978/00000/4ddb06fd-fd80-4722-aa1b-675e96e2c6fe.root [250,251,249]
/store/data/Run2023D/Tau/RAW/v1/000/369/978/00000/4f1806d6-dfab-499b-bed3-1bcd14d46a4f.root [276,278,277]
/store/data/Run2023D/Tau/RAW/v1/000/369/978/00000/50bef1d8-f312-419d-9423-ae9bc45753e0.root [706,708,707,709,705]
/store/data/Run2023D/Tau/RAW/v1/000/369/978/00000/5211ad4d-795c-4cd0-bf2f-302ff4b9c079.root [408,409,407]
/store/data/Run2023D/Tau/RAW/v1/000/369/978/00000/5319d649-8005-435d-a0e3-8a3bff4f0561.root [661,664,662,663]
/store/data/Run2023D/Tau/RAW/v1/000/369/978/00000/567ccae3-5881-4f0b-9bf7-ca3b9d38b83e.root [455,456,457]
/store/data/Run2023D/Tau/RAW/v1/000/369/978/00000/57bef112-16ea-42fb-b4cf-178a0b2d9e21.root [228,229,230]
/store/data/Run2023D/Tau/RAW/v1/000/369/978/00000/58401cab-eb11-46cc-8383-282a096810ab.root [184,186,187,185]
/store/data/Run2023D/Tau/RAW/v1/000/369/978/00000/586b1006-238f-494f-9cf5-a55374fa4c1c.root [342,341,340]
/store/data/Run2023D/Tau/RAW/v1/000/369/978/00000/5987af16-1047-4e0f-b8bf-d4beefaf72d8.root [675,676,673,674]
/store/data/Run2023D/Tau/RAW/v1/000/369/978/00000/59908591-3601-435c-bee8-952da1f61aaa.root [465,466,464]
/store/data/Run2023D/Tau/RAW/v1/000/369/978/00000/5a11af01-3c1c-48a3-bbe3-d3d786aa6eec.root [532,531,530]
/store/data/Run2023D/Tau/RAW/v1/000/369/978/00000/5bfa171e-4a04-4653-a439-48133d326df5.root [160,158,159,157]
/store/data/Run2023D/Tau/RAW/v1/000/369/978/00000/5d2e0699-aa7b-4710-bfd8-80fd3362eebc.root [558,560,557,559]
/store/data/Run2023D/Tau/RAW/v1/000/369/978/00000/5d54e13d-7252-4b62-986d-6f222bea2ef4.root [587,588,586,585]
/store/data/Run2023D/Tau/RAW/v1/000/369/978/00000/5ddb139b-f0a4-492a-a56f-c5457d405cef.root [236,234,235]
/store/data/Run2023D/Tau/RAW/v1/000/369/978/00000/5ebfd9cc-0ae5-4f59-8d07-1440aa20c9c8.root [497,495,496]
/store/data/Run2023D/Tau/RAW/v1/000/369/978/00000/5f09d526-a9e2-438d-b92b-e2d8e8dbe053.root [144,143,145]
/store/data/Run2023D/Tau/RAW/v1/000/369/978/00000/6049af08-dd8f-4e58-9a21-2ca9175b3ebf.root [737,734,735,736]
/store/data/Run2023D/Tau/RAW/v1/000/369/978/00000/60690afe-69d4-4449-8a6b-e329e620404a.root [421,420,422]
/store/data/Run2023D/Tau/RAW/v1/000/369/978/00000/66e56034-22f9-48b6-bfa9-d5b2973cf156.root [679,680,678,677]
/store/data/Run2023D/Tau/RAW/v1/000/369/978/00000/6a2452c1-db5a-4b6b-b483-839c483d4ed1.root [492,493,494]
/store/data/Run2023D/Tau/RAW/v1/000/369/978/00000/6c431593-fdd0-4f8e-b67c-a9a5df4ed2a8.root [6]
/store/data/Run2023D/Tau/RAW/v1/000/369/978/00000/6d8a2902-c336-4258-bca2-286d18659760.root [199,197,198]
/store/data/Run2023D/Tau/RAW/v1/000/369/978/00000/6fb15099-b88a-41e3-849b-081663314130.root [453,452,454]
/store/data/Run2023D/Tau/RAW/v1/000/369/978/00000/6fb3abc5-9742-4b7d-befc-6a8e6f1ac24d.root [748,747,749,746]
/store/data/Run2023D/Tau/RAW/v1/000/369/978/00000/7027153f-c0df-4be4-bd41-16656e6f038b.root [695,694,693,696]
/store/data/Run2023D/Tau/RAW/v1/000/369/978/00000/72fca6bb-ef37-4a68-b791-57b9be23ed6a.root [362,361,363]
/store/data/Run2023D/Tau/RAW/v1/000/369/978/00000/74292a50-eff7-4ac5-98d1-95fbb9fddaf0.root [353,352,354]
/store/data/Run2023D/Tau/RAW/v1/000/369/978/00000/78487bfb-7843-45de-bd87-97a7f5ee3643.root [796,797,798,795]
/store/data/Run2023D/Tau/RAW/v1/000/369/978/00000/79d6e788-5bf5-4543-a122-8c9db63d4db1.root [212,214,213]
/store/data/Run2023D/Tau/RAW/v1/000/369/978/00000/79f4445a-e351-42dd-9c0c-c032d4147bd4.root [794,791,792,793,790]
/store/data/Run2023D/Tau/RAW/v1/000/369/978/00000/7a2a6dfb-ab96-4917-b470-086b534078ab.root [490,491,489]
/store/data/Run2023D/Tau/RAW/v1/000/369/978/00000/7ac4a592-0426-4f85-a269-48ea0fe4bb11.root [670,671,672,669]
/store/data/Run2023D/Tau/RAW/v1/000/369/978/00000/7bade34a-fcb4-4401-b011-0807b9bac4f2.root [238,239,237]
/store/data/Run2023D/Tau/RAW/v1/000/369/978/00000/7be21230-1447-486f-870c-78a87c03a2fb.root [436,435,437]
/store/data/Run2023D/Tau/RAW/v1/000/369/978/00000/7c235d18-b471-4322-b15f-e8056dc31520.root [12]
/store/data/Run2023D/Tau/RAW/v1/000/369/978/00000/7cbc0d58-4f31-4566-90fb-a6206f0e09a7.root [191,192,193]
/store/data/Run2023D/Tau/RAW/v1/000/369/978/00000/7cf9f269-3f65-442a-a1b6-e0b0e96da565.root [174,176,173,175]
/store/data/Run2023D/Tau/RAW/v1/000/369/978/00000/7e3c5d8e-298c-43c5-83c3-7d63537e2bf6.root [261,263,262]
/store/data/Run2023D/Tau/RAW/v1/000/369/978/00000/7f82d0d2-9829-43f9-8d76-3e199104fd44.root [15,14]
/store/data/Run2023D/Tau/RAW/v1/000/369/978/00000/7f8b8d9d-741c-432b-a6c6-0eeb3f6bbc02.root [305,303,304]
/store/data/Run2023D/Tau/RAW/v1/000/369/978/00000/80628485-5b27-4f4f-8738-2d9ba2f93911.root [529,527,528]
/store/data/Run2023D/Tau/RAW/v1/000/369/978/00000/80ba2cde-a5bc-414c-ae44-b59e390d1d38.root [360,359,358]
/store/data/Run2023D/Tau/RAW/v1/000/369/978/00000/8226e1c3-2810-4bae-8741-609d84b2c907.root [316,317,315]
/store/data/Run2023D/Tau/RAW/v1/000/369/978/00000/82284f4c-21d3-41a3-9759-20bd24ccb152.root [140,141,142]
/store/data/Run2023D/Tau/RAW/v1/000/369/978/00000/8319f5d5-3957-45e5-83da-047336f541ca.root [379,377,378]
/store/data/Run2023D/Tau/RAW/v1/000/369/978/00000/832019fe-6b3c-474c-acba-7e575bef651d.root [432,434,433]
/store/data/Run2023D/Tau/RAW/v1/000/369/978/00000/86f71a62-943f-4c7f-bfcb-6e5cb4750321.root [761,759,760,758]
/store/data/Run2023D/Tau/RAW/v1/000/369/978/00000/8861aa8f-0c30-4729-9b78-361d002b68a6.root [265,264,266]
/store/data/Run2023D/Tau/RAW/v1/000/369/978/00000/88a9ff42-e8f4-4b57-8db6-71ee5efc68db.root [217,216,215]
/store/data/Run2023D/Tau/RAW/v1/000/369/978/00000/892da468-b7d5-4b09-9a27-7b93a55bcc88.root [334,333,335]
/store/data/Run2023D/Tau/RAW/v1/000/369/978/00000/894553ce-c464-4f40-aed1-d2969f6c93dc.root [189,190,188]
/store/data/Run2023D/Tau/RAW/v1/000/369/978/00000/8a0df537-287f-4600-b740-ce65a372850c.root [400,398,399]
/store/data/Run2023D/Tau/RAW/v1/000/369/978/00000/8a583da8-bb4b-4392-a20d-30acfebf3878.root [520,521,522]
/store/data/Run2023D/Tau/RAW/v1/000/369/978/00000/8bcfeeae-a6b9-4020-a081-2ccfb63a9e7c.root [638,637,639,640]
/store/data/Run2023D/Tau/RAW/v1/000/369/978/00000/8c96305a-d25f-495b-bfe3-43c6195a4616.root [596,594,593,595]
/store/data/Run2023D/Tau/RAW/v1/000/369/978/00000/8dd34dad-6d25-4d84-b889-ff98897749d0.root [612,611,610,609]
/store/data/Run2023D/Tau/RAW/v1/000/369/978/00000/8e411038-92fe-4b29-945f-a53eb9bc7c21.root [682,684,683,681]
/store/data/Run2023D/Tau/RAW/v1/000/369/978/00000/908667c3-b8ec-4e01-9254-d0c5ff2e1f33.root [577,579,580,578]
/store/data/Run2023D/Tau/RAW/v1/000/369/978/00000/929d5657-7fae-4613-934b-ed6bc860a6f7.root [413,414,415]
/store/data/Run2023D/Tau/RAW/v1/000/369/978/00000/9377372d-1b0f-4b79-b8a5-5175a54a1057.root [231,232,233]
/store/data/Run2023D/Tau/RAW/v1/000/369/978/00000/94182f30-1c9b-43da-a46f-fa5eb2a009bf.root [430,429,431]
/store/data/Run2023D/Tau/RAW/v1/000/369/978/00000/96016f12-0e9e-4a0a-b7de-e461146ea429.root [338,337,339,336]
/store/data/Run2023D/Tau/RAW/v1/000/369/978/00000/985abaf1-fce0-4ec3-8f5c-5f8833eb4c3a.root [467,468,469]
/store/data/Run2023D/Tau/RAW/v1/000/369/978/00000/99687bdc-d6e5-403f-987d-099922652a1a.root [633,636,634,635]
/store/data/Run2023D/Tau/RAW/v1/000/369/978/00000/9b9a0523-9de7-4592-aba5-9bb8b9fa68be.root [813,819,811,817,818,816,815,812,814]
/store/data/Run2023D/Tau/RAW/v1/000/369/978/00000/9d00e70c-13cc-4e33-bf0e-3b95637dcf39.root [738,741,740,739]
/store/data/Run2023D/Tau/RAW/v1/000/369/978/00000/9d14d710-4308-4d6c-8bf3-dd8eb94b5ac0.root [162,164,163,161]
/store/data/Run2023D/Tau/RAW/v1/000/369/978/00000/9da06dd3-3be6-4515-936d-df00eab88328.root [291,293,292]
/store/data/Run2023D/Tau/RAW/v1/000/369/978/00000/9f80922c-bbd4-451a-a61a-ef8586dc3ac7.root [166,168,165,167]
/store/data/Run2023D/Tau/RAW/v1/000/369/978/00000/9fb2f01d-60d4-4812-9815-142f13750c3d.root [668,665,666,667]
/store/data/Run2023D/Tau/RAW/v1/000/369/978/00000/a0884a17-2333-4d08-9fbb-f98e8fbb3fb1.root [458,459,460]
/store/data/Run2023D/Tau/RAW/v1/000/369/978/00000/a242364c-a326-48ae-b648-e949bc8db6e1.root [697,699,700,698]
/store/data/Run2023D/Tau/RAW/v1/000/369/978/00000/a3767d5b-b664-479b-a846-4c0f58c21c65.root [203,204,205]
/store/data/Run2023D/Tau/RAW/v1/000/369/978/00000/a41e9a2c-49f0-4ad1-990e-ded41b922ff8.root [344,345,343]
/store/data/Run2023D/Tau/RAW/v1/000/369/978/00000/a68729b4-58eb-44b4-acd5-df4ce8586408.root [501,502,503]
/store/data/Run2023D/Tau/RAW/v1/000/369/978/00000/a6e7286c-ccf7-4d4c-b9f4-d7fb3d3ed29a.root [273,274,275]
/store/data/Run2023D/Tau/RAW/v1/000/369/978/00000/a89621c2-4da8-4ef7-a183-67ef271e2a45.root [500,499,498]
/store/data/Run2023D/Tau/RAW/v1/000/369/978/00000/aa013872-ade3-47da-92d5-2c1fc60a87f4.root [533,534,535]
/store/data/Run2023D/Tau/RAW/v1/000/369/978/00000/afb12c8d-8eaa-47cd-bffa-5c416f0c4082.root [113,114,116,115,119,117,118,121,120]
/store/data/Run2023D/Tau/RAW/v1/000/369/978/00000/afd54239-99c5-49c5-8f71-0748bb451822.root [306,308,307]
/store/data/Run2023D/Tau/RAW/v1/000/369/978/00000/b09207c4-87be-4163-addd-679e90e19b79.root [425,423,424]
/store/data/Run2023D/Tau/RAW/v1/000/369/978/00000/b3bbb2b9-662f-4fdc-b5e9-99a03665c066.root [582,581,584,583]
/store/data/Run2023D/Tau/RAW/v1/000/369/978/00000/b3bd2a52-1e13-4800-b18b-6b0a0ec6b65b.root [442,443,444,441]
/store/data/Run2023D/Tau/RAW/v1/000/369/978/00000/b42b96a1-4835-43d8-a42e-5aeb204bcb70.root [780,781,778,779]
/store/data/Run2023D/Tau/RAW/v1/000/369/978/00000/b9da326c-545e-4e32-b75b-5f5ccd0865a0.root [153,154,156,155]
/store/data/Run2023D/Tau/RAW/v1/000/369/978/00000/bb508bb4-c31c-493f-b342-2c0ea40f4716.root [763,764,762,765]
/store/data/Run2023D/Tau/RAW/v1/000/369/978/00000/bc724b53-e784-4f98-bbdd-29d423cfcb93.root [808,810,807,809]
/store/data/Run2023D/Tau/RAW/v1/000/369/978/00000/bcd49925-41ab-4aa3-8a3a-2fe623795f2f.root [486,487,488]
/store/data/Run2023D/Tau/RAW/v1/000/369/978/00000/bd4c6256-3293-4dfc-91b5-4dbdb56ebe40.root [312,314,313]
/store/data/Run2023D/Tau/RAW/v1/000/369/978/00000/be2248db-5a35-4bdc-8ec7-4135d3b39c9f.root [245,244,243]
/store/data/Run2023D/Tau/RAW/v1/000/369/978/00000/bf1fbf99-39a2-491e-8883-a31f83a0319a.root [347,346,348]
/store/data/Run2023D/Tau/RAW/v1/000/369/978/00000/bfef07f4-e4f0-42cd-ba41-ba0333124079.root [183,181,182]
/store/data/Run2023D/Tau/RAW/v1/000/369/978/00000/c128d037-69c9-48bf-a094-14e32c82bd73.root [402,401,403]
/store/data/Run2023D/Tau/RAW/v1/000/369/978/00000/c1988ccf-efd2-4609-b4d7-fd73ae03427d.root [196,194,195]
/store/data/Run2023D/Tau/RAW/v1/000/369/978/00000/c3272441-7516-46cd-990d-adf21132c784.root [652,649,650,651]
/store/data/Run2023D/Tau/RAW/v1/000/369/978/00000/c36b5005-f6f0-493f-bb81-20da4a9d3444.root [221,222,223]
/store/data/Run2023D/Tau/RAW/v1/000/369/978/00000/c4c373ec-8998-4db8-bb2e-31d172c4e125.root [686,688,685,687]
/store/data/Run2023D/Tau/RAW/v1/000/369/978/00000/c5166b1e-f684-4814-b668-ab6230241d33.root [776,775,774,777]
/store/data/Run2023D/Tau/RAW/v1/000/369/978/00000/c7353348-2100-417e-b0a3-a86954869c31.root [801,802,799,800]
/store/data/Run2023D/Tau/RAW/v1/000/369/978/00000/cbf0f7a9-0d3e-476b-988e-625d80b7d98e.root [329,327,328]
/store/data/Run2023D/Tau/RAW/v1/000/369/978/00000/cd0db2db-a51a-4a3d-b42b-ebbdbd78cc33.root [394,392,393]
/store/data/Run2023D/Tau/RAW/v1/000/369/978/00000/cfcff1ac-7292-402c-ab7d-7e437a6621d9.root [385,383,384]
/store/data/Run2023D/Tau/RAW/v1/000/369/978/00000/d3164460-386f-4fcf-8528-e93fc8821a53.root [597,599,598,600]
/store/data/Run2023D/Tau/RAW/v1/000/369/978/00000/d4121c8f-4cb4-4241-8f4e-7c1eaeea230a.root [646,647,648,645]
/store/data/Run2023D/Tau/RAW/v1/000/369/978/00000/d5f37bc5-7214-4319-815a-3e03c4de40ec.root [448,445,446,447]
/store/data/Run2023D/Tau/RAW/v1/000/369/978/00000/d63425cb-a1cd-49ed-8f7a-3a903c9ff0c3.root [139,138,135,137,134,136]
/store/data/Run2023D/Tau/RAW/v1/000/369/978/00000/d6ec38f8-2724-45f7-ac25-81ee53ba2ad6.root [284,282,283]
/store/data/Run2023D/Tau/RAW/v1/000/369/978/00000/d7d8651d-512b-4131-ba05-e61cc84cba2d.root [483,484,485]
/store/data/Run2023D/Tau/RAW/v1/000/369/978/00000/d92dd0a5-dc95-4599-88b2-597b118051d5.root [555,556,554]
/store/data/Run2023D/Tau/RAW/v1/000/369/978/00000/dbc9638e-9ebc-4dab-9e1e-1ff266841183.root [371,370,372]
/store/data/Run2023D/Tau/RAW/v1/000/369/978/00000/dbe5f677-30ba-4bc3-869f-d46df97966fe.root [310,309,311]
/store/data/Run2023D/Tau/RAW/v1/000/369/978/00000/dc0fec23-310c-48b4-b067-3318f624c39e.root [330,331,332]
/store/data/Run2023D/Tau/RAW/v1/000/369/978/00000/de761269-c011-48b0-b58c-1b58c3271270.root [322,323,321]
/store/data/Run2023D/Tau/RAW/v1/000/369/978/00000/e234825e-b3c5-407e-bd4c-ee0802c97fbc.root [754,756,757,755]
/store/data/Run2023D/Tau/RAW/v1/000/369/978/00000/e2c25491-32f9-4487-bfbd-a8f7faecf818.root [569,570,571,572]
/store/data/Run2023D/Tau/RAW/v1/000/369/978/00000/e44f187d-dbcf-48a8-833e-8887838802c5.root [504,507,506,505]
/store/data/Run2023D/Tau/RAW/v1/000/369/978/00000/e4bb5d80-5cf6-4027-87fc-0f7d620cdf72.root [404,405,406]
/store/data/Run2023D/Tau/RAW/v1/000/369/978/00000/e57c9175-e317-4d73-b484-808a40c518bf.root [601,604,603,602]
/store/data/Run2023D/Tau/RAW/v1/000/369/978/00000/e74998e1-ac14-44e0-a47f-1a577d72eddc.root [146,148,147]
/store/data/Run2023D/Tau/RAW/v1/000/369/978/00000/e8d81f4f-54a5-4f67-bce2-b7b51c0c7af4.root [618,620,617,619]
/store/data/Run2023D/Tau/RAW/v1/000/369/978/00000/e90b0b43-c5e2-481c-ad97-24b93888ff1b.root [471,472,470]
/store/data/Run2023D/Tau/RAW/v1/000/369/978/00000/e9bad18c-b9f5-499c-9808-cf67da9b6e04.root [125,122,124,127,128,126,129,123]
/store/data/Run2023D/Tau/RAW/v1/000/369/978/00000/ea9a6faf-a8da-409a-98b8-f52ac71afc08.root [103,104,106,109,102,108,107,111,105,112,110]
/store/data/Run2023D/Tau/RAW/v1/000/369/978/00000/ebc76a56-b424-4079-8e02-85b82976e5b1.root [218,219,220]
/store/data/Run2023D/Tau/RAW/v1/000/369/978/00000/eff9e042-5f88-4388-9e67-fb9b16cb6a4f.root [773,771,770,772]
/store/data/Run2023D/Tau/RAW/v1/000/369/978/00000/f00ffc9b-5b44-411e-86dc-ff000cbcdc62.root [607,605,608,606]
/store/data/Run2023D/Tau/RAW/v1/000/369/978/00000/f0eea7c0-f8de-4dab-a190-67eccac30235.root [691,689,690,692]
/store/data/Run2023D/Tau/RAW/v1/000/369/978/00000/f1d9b820-ad91-4046-a5c2-19aa1f468669.root [438,439,440]
/store/data/Run2023D/Tau/RAW/v1/000/369/978/00000/f2608212-70c3-4478-9487-999c41bca52f.root [726,727,728,729]
/store/data/Run2023D/Tau/RAW/v1/000/369/978/00000/f2aef4a8-e1b1-4dac-800a-c02844b5e770.root [297,299,298]
/store/data/Run2023D/Tau/RAW/v1/000/369/978/00000/f710aa29-757d-4d66-9d30-3ba00dc97e3e.root [573,574,575,576]
/store/data/Run2023D/Tau/RAW/v1/000/369/978/00000/f93ced7d-9a84-49fe-9fda-4dfeffbc08f1.root [613,614,615,616]
/store/data/Run2023D/Tau/RAW/v1/000/369/978/00000/f94cae7d-c069-4416-9b04-d6edd06c4d5f.root [242,241,240]
/store/data/Run2023D/Tau/RAW/v1/000/369/978/00000/fd5f9e15-aee4-4666-b029-5f660b7cc959.root [395,396,397]
/store/data/Run2023D/Tau/RAW/v1/000/369/978/00000/fffc3564-9426-445c-9ef5-2ff54bbe6602.root [93,94,98,100,91,92,97,89,90,99,95,101,96]
