/store/data/Run2017B/JetHT/RAW/v1/000/297/227/00000/0A7ACF3E-6556-E711-9808-02163E012233.root [23,24,22,17,21,19,18,20]
/store/data/Run2017B/JetHT/RAW/v1/000/297/227/00000/0E2A3A3E-6A56-E711-A3AA-02163E019DD5.root [149,144,145,148,150,143,147,146,142]
/store/data/Run2017B/JetHT/RAW/v1/000/297/227/00000/0E3ACDEA-7456-E711-A4AF-02163E01A5D7.root [207,213,215,217,218,221,223,224,232,244,247,250,259,262,206,233,242,245,246,251,255,257,260,200,226,228,248,254,199,205,216,229,238,239,252,208,210,211,219,230,235,267,203,214,222,225,234,236,237,249,264,204,209,212,240,243,253,258,266,201,202,220,227,231,241,256,261,263,265]
/store/data/Run2017B/JetHT/RAW/v1/000/297/227/00000/2E59A187-6A56-E711-A985-02163E01A2C2.root [117,121,115,119,122,118,123,120,116]
/store/data/Run2017B/JetHT/RAW/v1/000/297/227/00000/3AE79D4B-6A56-E711-8C11-02163E01A5C9.root [133,135,136,137,138,140,141,134,139]
/store/data/Run2017B/JetHT/RAW/v1/000/297/227/00000/4426505A-6A56-E711-BDCB-02163E019CBA.root [160,161,163,166,167,164,165,162,168]
/store/data/Run2017B/JetHT/RAW/v1/000/297/227/00000/4C34E2E8-7456-E711-AE12-02163E014480.root [188,192,186,190,187,193,185,184,189,191]
/store/data/Run2017B/JetHT/RAW/v1/000/297/227/00000/4CADD450-6556-E711-B5F2-02163E014479.root [57,58,61,59,60,63,64,62]
/store/data/Run2017B/JetHT/RAW/v1/000/297/227/00000/58F11D3A-6556-E711-9A68-02163E013450.root [68,66,70,65,72,67,69,71]
/store/data/Run2017B/JetHT/RAW/v1/000/297/227/00000/5A17E22F-6556-E711-8D28-02163E01A237.root [74,75,79,73,76,77,78,80]
/store/data/Run2017B/JetHT/RAW/v1/000/297/227/00000/5C7C7F3F-6A56-E711-A6E8-02163E01A3D6.root [102,105,97,98,101,104,100,99,103]
/store/data/Run2017B/JetHT/RAW/v1/000/297/227/00000/666F4540-6A56-E711-BEC9-02163E01A651.root [131,127,130,128,124,125,126,129,132]
/store/data/Run2017B/JetHT/RAW/v1/000/297/227/00000/66D4D838-6556-E711-A639-02163E012B5C.root [37,34,38,35,36,40,33,39]
/store/data/Run2017B/JetHT/RAW/v1/000/297/227/00000/6E44B34A-6A56-E711-BFB6-02163E01440A.root [82,87,88,81,86,83,84,85]
/store/data/Run2017B/JetHT/RAW/v1/000/297/227/00000/76682629-6556-E711-A2EB-02163E0139CF.root [12,9,11,13,14,16,10,15]
/store/data/Run2017B/JetHT/RAW/v1/000/297/227/00000/80A35962-6D56-E711-BA31-02163E011A71.root [152,158,153,156,157,154,159,151,155]
/store/data/Run2017B/JetHT/RAW/v1/000/297/227/00000/90AAC531-7A56-E711-8497-02163E014757.root [196]
/store/data/Run2017B/JetHT/RAW/v1/000/297/227/00000/946F3028-6E56-E711-A324-02163E0137FA.root [176,179,172,182,183,173,174,178,175,180,181,169,170,171,177]
/store/data/Run2017B/JetHT/RAW/v1/000/297/227/00000/B47A3349-6A56-E711-968F-02163E012A6B.root [112,111,114,107,109,110,113,106,108]
/store/data/Run2017B/JetHT/RAW/v1/000/297/227/00000/C0B24435-6556-E711-8D26-02163E01A1DF.root [55,49,52,53,54,56,51,50]
/store/data/Run2017B/JetHT/RAW/v1/000/297/227/00000/E6C0B35A-6A56-E711-89B0-02163E014271.root [91,96,89,93,90,94,92,95]
/store/data/Run2017B/JetHT/RAW/v1/000/297/227/00000/F4FCB932-6556-E711-A9BE-02163E01A739.root [44,47,41,43,46,45,48,42]
/store/data/Run2017B/JetHT/RAW/v1/000/297/227/00000/F808413C-6556-E711-AABF-02163E0142B4.root [26,25,31,32,29,30,27,28]
