/store/data/Run2018A/MuonEG/RAW/v1/000/315/489/00000/00EF2E50-FB4C-E811-B0D9-02163E01A057.root [256,267,257,255,270,258,265,269,253,260,261,263,254,264,262,266,268,259]
/store/data/Run2018A/MuonEG/RAW/v1/000/315/489/00000/0A1A2B04-F34C-E811-B16B-FA163E164660.root [44,36,39,43,37,35,38,41,45,46,48,34,40,47,33,42]
/store/data/Run2018A/MuonEG/RAW/v1/000/315/489/00000/0C8F23B0-094D-E811-9459-FA163E065595.root [487,488,489,491,473,474,478,479,482,476,483,485,493,486,490,492,477,480,484,494,481,475]
/store/data/Run2018A/MuonEG/RAW/v1/000/315/489/00000/162A730A-F74C-E811-9147-FA163E006F20.root [165,172,176,178,166,175,164,173,167,177,170,171,174,180,169,179,163,168]
/store/data/Run2018A/MuonEG/RAW/v1/000/315/489/00000/16B2F345-FE4C-E811-8640-FA163ECFE185.root [341,332,337,343,346,334,345,348,331,335,340,349,342,333,347,350,338,339,344,336]
/store/data/Run2018A/MuonEG/RAW/v1/000/315/489/00000/16FBA00B-F74C-E811-9D79-FA163E5B21BA.root [129,132,144,138,140,135,131,139,141,130,133,143,134,136,137,142]
/store/data/Run2018A/MuonEG/RAW/v1/000/315/489/00000/1C78766C-FC4C-E811-806B-FA163E1808DE.root [295,305,309,299,302,310,291,304,306,300,294,296,297,301,303,307,292,293,298,308]
/store/data/Run2018A/MuonEG/RAW/v1/000/315/489/00000/1EA46B24-124D-E811-AB95-FA163EFAD083.root [630,646,634,629,639,628,631,638,640,632,635,644,636,637,643,645,626,633,642,627,641,647]
/store/data/Run2018A/MuonEG/RAW/v1/000/315/489/00000/3859FE7F-FA4C-E811-A04D-FA163E82F168.root [219,218,229,230,221,225,223,231,217,224,226,227,232,234,220,222,228,233]
/store/data/Run2018A/MuonEG/RAW/v1/000/315/489/00000/4C4B80FB-F64C-E811-89AC-FA163E2965C4.root [125,120,121,128,114,117,119,123,127,113,122,126,115,116,118,124]
/store/data/Run2018A/MuonEG/RAW/v1/000/315/489/00000/523F09BC-FE4C-E811-B70F-FA163E64ADD6.root [362,363,365,366,368,355,357,359,369,364,352,370,361,353,360,351,356,358,354,367]
/store/data/Run2018A/MuonEG/RAW/v1/000/315/489/00000/58C2019E-F54C-E811-B91F-FA163E164660.root [66,69,70,72,71,68,73,74,75,80,77,65,67,76,78,79]
/store/data/Run2018A/MuonEG/RAW/v1/000/315/489/00000/6C4ABA09-FE4C-E811-B74C-FA163E0643CD.root [312,314,327,330,313,323,318,321,328,311,322,325,316,324,319,320,326,315,317,329]
/store/data/Run2018A/MuonEG/RAW/v1/000/315/489/00000/72105326-0E4D-E811-B09D-FA163E97BF6C.root [589,593,597,600,588,584,592,598,603,590,594,583,601,585,587,595,586,591,596,599,602]
/store/data/Run2018A/MuonEG/RAW/v1/000/315/489/00000/72F24C86-094D-E811-8B01-02163E017EE9.root [511,514,496,499,504,505,508,513,497,500,506,510,515,498,501,503,507,502,495,509,512]
/store/data/Run2018A/MuonEG/RAW/v1/000/315/489/00000/72F733A9-F54C-E811-8479-FA163E098950.root [104,105,98,100,108,110,99,97,111,102,103,109,106,112,101,107]
/store/data/Run2018A/MuonEG/RAW/v1/000/315/489/00000/780F0F62-164D-E811-A2FB-FA163E7A4C8B.root [699,706,707,709,703,701,698,700,702,696,697,692,693,694,695,704,705,708]
/store/data/Run2018A/MuonEG/RAW/v1/000/315/489/00000/8060B667-F74C-E811-AC0C-02163E013CE2.root [204,206,207,210,203,205,213,200,209,199,215,208,216,202,211,214,201,212]
/store/data/Run2018A/MuonEG/RAW/v1/000/315/489/00000/92CC0746-124D-E811-9BFC-FA163EB4138A.root [651,661,664,666,652,655,657,663,667,649,650,654,662,669,653,665,648,658,659,668,656,660]
/store/data/Run2018A/MuonEG/RAW/v1/000/315/489/00000/9A8B211E-0E4D-E811-AD0E-FA163E9E55B2.root [540,542,543,541,549,559,538,545,552,555,544,548,556,558,539,546,551,547,553,557,550,554]
/store/data/Run2018A/MuonEG/RAW/v1/000/315/489/00000/A0333347-074D-E811-BC4F-FA163EBACC19.root [455,460,469,464,468,451,453,466,470,458,459,463,465,467,454,457,462,456,461,472,452,471]
/store/data/Run2018A/MuonEG/RAW/v1/000/315/489/00000/A6131C1E-024D-E811-B1CC-FA163E1F44DD.root [374,376,387,389,371,372,375,386,388,379,385,378,390,377,380,382,383,384,373,381]
/store/data/Run2018A/MuonEG/RAW/v1/000/315/489/00000/ACA43913-034D-E811-A0F2-FA163E6C3064.root [414,417,420,423,428,429,412,413,419,415,424,427,430,416,422,425,411,418,421,426]
/store/data/Run2018A/MuonEG/RAW/v1/000/315/489/00000/B87AAE3A-EE4C-E811-9761-FA163E0547F1.root [6,12,3,5,9,13,4,14,16,1,2,15,11,7,8,10]
/store/data/Run2018A/MuonEG/RAW/v1/000/315/489/00000/BC4C80CA-154D-E811-A19D-FA163ED0F119.root [679,682,686,670,683,671,675,681,684,672,674,678,680,685,687,690,673,677,688,691,676,689]
/store/data/Run2018A/MuonEG/RAW/v1/000/315/489/00000/C670B820-0E4D-E811-BA93-02163E016551.root [566,571,576,560,567,579,581,563,570,561,568,574,577,580,564,565,572,573,575,578,562,569,582]
/store/data/Run2018A/MuonEG/RAW/v1/000/315/489/00000/C6DADD11-F74C-E811-BD69-02163E01A140.root [184,193,198,187,189,181,183,191,192,197,182,185,186,188,190,194,195,196]
/store/data/Run2018A/MuonEG/RAW/v1/000/315/489/00000/C8DB6B0E-054D-E811-9EA1-FA163E7EE0A4.root [434,444,436,432,442,431,433,438,441,446,448,437,449,440,443,435,439,445,447,450]
/store/data/Run2018A/MuonEG/RAW/v1/000/315/489/00000/CCDFEC26-0E4D-E811-BDF4-FA163E32BAE0.root [608,618,622,610,615,617,621,614,623,606,613,616,620,604,607,605,609,619,624,611,612,625]
/store/data/Run2018A/MuonEG/RAW/v1/000/315/489/00000/D02CB203-024D-E811-8F63-FA163E6C3064.root [400,408,395,399,402,403,404,394,397,391,392,406,409,410,393,401,396,407,405,398]
/store/data/Run2018A/MuonEG/RAW/v1/000/315/489/00000/D436336B-FC4C-E811-A8DF-FA163E36FE61.root [276,278,280,287,271,285,273,277,284,274,279,282,289,272,281,288,290,275,283,286]
/store/data/Run2018A/MuonEG/RAW/v1/000/315/489/00000/D866D9EB-F64C-E811-B049-FA163E780F6E.root [148,151,153,157,159,160,146,155,156,147,158,145,152,161,154,149,150,162]
/store/data/Run2018A/MuonEG/RAW/v1/000/315/489/00000/DCFDE6A0-EE4C-E811-9F71-02163E00C68C.root [17,21,22,24,29,19,23,30,32,26,27,25,31,18,28,20]
/store/data/Run2018A/MuonEG/RAW/v1/000/315/489/00000/E2AB99A6-F54C-E811-B8BA-FA163E4E62C5.root [84,85,82,86,87,91,81,83,90,88,95,89,92,96,93,94]
/store/data/Run2018A/MuonEG/RAW/v1/000/315/489/00000/EAD0D852-FB4C-E811-A396-FA163EBF8C10.root [238,245,237,239,244,236,248,240,242,246,250,251,243,252,249,235,241,247]
/store/data/Run2018A/MuonEG/RAW/v1/000/315/489/00000/F2056C19-0A4D-E811-B4EE-FA163E9C5EB9.root [526,531,522,523,517,518,519,521,516,524,527,528,532,537,534,535,536,533,520,525,529,530]
/store/data/Run2018A/MuonEG/RAW/v1/000/315/489/00000/F22C46D2-F54C-E811-8B35-02163E013AFB.root [57,56,60,53,51,64,49,52,54,58,55,61,50,59,62,63]
