/store/data/Run2023D/JetMET0/RAW/v1/000/369/978/00000/00b9eba7-c847-465b-a6de-98bceae93613.root [220,221,219]
/store/data/Run2023D/JetMET0/RAW/v1/000/369/978/00000/0203496f-1453-4294-8cd3-ecc6ab9893b6.root [150,151,147,149,148]
/store/data/Run2023D/JetMET0/RAW/v1/000/369/978/00000/03d65b6f-11c8-4f23-a5d1-78a6acae1bf4.root [318,320,319]
/store/data/Run2023D/JetMET0/RAW/v1/000/369/978/00000/05a72edb-539a-45c1-b522-e6479688117f.root [480,481,479]
/store/data/Run2023D/JetMET0/RAW/v1/000/369/978/00000/06742300-76d4-4d37-9373-318fd4ad7a12.root [616,615,617]
/store/data/Run2023D/JetMET0/RAW/v1/000/369/978/00000/068d7dea-af0f-4c63-ba8c-756468e107b2.root [613,612,614]
/store/data/Run2023D/JetMET0/RAW/v1/000/369/978/00000/08accd67-df74-4a40-be95-6acd31abdaac.root [274,273,275]
/store/data/Run2023D/JetMET0/RAW/v1/000/369/978/00000/08e2e2e8-cd7d-482e-be35-3bf562074b1a.root [122,128,125,126,123,124,127,121]
/store/data/Run2023D/JetMET0/RAW/v1/000/369/978/00000/0a0010de-3e5a-4d2f-9338-3837040e1c34.root [390,388,389]
/store/data/Run2023D/JetMET0/RAW/v1/000/369/978/00000/0aa4aca6-6f3a-45df-aa59-540812373b04.root [393,392,391]
/store/data/Run2023D/JetMET0/RAW/v1/000/369/978/00000/0c5dbdbe-cb31-4745-a6fe-7b8eacd320fa.root [398,399,397]
/store/data/Run2023D/JetMET0/RAW/v1/000/369/978/00000/0c95e08f-7675-420c-890b-42a52a253e39.root [455,456,457]
/store/data/Run2023D/JetMET0/RAW/v1/000/369/978/00000/0ca855e7-b064-43af-a3b8-4adb34090e4c.root [545,546,547]
/store/data/Run2023D/JetMET0/RAW/v1/000/369/978/00000/0d1d2ee5-883d-440b-8a57-90b0821aeeee.root [527,529,528]
/store/data/Run2023D/JetMET0/RAW/v1/000/369/978/00000/0dac18f6-24d7-44e8-bbb1-f0551dd16470.root [186,187,188,185]
/store/data/Run2023D/JetMET0/RAW/v1/000/369/978/00000/0e4a52e9-283a-471e-aaae-826ab1b6e4c8.root [248,247,246]
/store/data/Run2023D/JetMET0/RAW/v1/000/369/978/00000/10a3fde0-5cda-4e67-803c-4dff3f6465aa.root [592,593,591]
/store/data/Run2023D/JetMET0/RAW/v1/000/369/978/00000/1174b753-e633-41f1-acbb-8e6aae097a54.root [655,654,657,656]
/store/data/Run2023D/JetMET0/RAW/v1/000/369/978/00000/1358eb7f-bca0-4d68-a4bb-1c8ef21e1dd9.root [342,344,343]
/store/data/Run2023D/JetMET0/RAW/v1/000/369/978/00000/13680dd9-eaf0-4b3a-bbee-5c9e13adf8af.root [166,165,167,168]
/store/data/Run2023D/JetMET0/RAW/v1/000/369/978/00000/13c8d730-d84b-4a62-85c2-3d078c849157.root [7,14,20,40,16,23,38,41,12,15,19,25,39,44,45,8,9,22,30,32,37,5,13,17,34,35,43,2,4,6,10,11,18,24,36,1,3,27,28,29,33,21,26,31,42]
/store/data/Run2023D/JetMET0/RAW/v1/000/369/978/00000/13d719e8-704d-4d36-a38d-d69856c4d3f3.root [235,234,236]
/store/data/Run2023D/JetMET0/RAW/v1/000/369/978/00000/1715bd87-d47d-4f8a-bd7e-377f8cf1a709.root [264,265,266]
/store/data/Run2023D/JetMET0/RAW/v1/000/369/978/00000/1738a204-f552-4a31-a218-4b1388521add.root [473,475,474]
/store/data/Run2023D/JetMET0/RAW/v1/000/369/978/00000/192daba0-65a1-4d4d-97f7-d554a2a50f54.root [420,418,419]
/store/data/Run2023D/JetMET0/RAW/v1/000/369/978/00000/1a9cc58a-f70c-4f1b-8c44-ba35d2988b9e.root [620,618,619]
/store/data/Run2023D/JetMET0/RAW/v1/000/369/978/00000/1d0d267d-a9bf-4193-be09-0e93d10d0473.root [258,259,260]
/store/data/Run2023D/JetMET0/RAW/v1/000/369/978/00000/1d408d47-3327-4a54-a791-57123f6b023a.root [788,790,789,791]
/store/data/Run2023D/JetMET0/RAW/v1/000/369/978/00000/1dd6ba01-e174-4470-8076-bf149f826f93.root [271,270,272]
/store/data/Run2023D/JetMET0/RAW/v1/000/369/978/00000/1ed55e9d-4ebd-4d93-9ac2-7897d311909d.root [213,215,214]
/store/data/Run2023D/JetMET0/RAW/v1/000/369/978/00000/1f9d11ae-9496-46a6-b964-dc39796058fa.root [283,282,284]
/store/data/Run2023D/JetMET0/RAW/v1/000/369/978/00000/20543c83-bef1-4af8-a131-a3600442e0c7.root [196,197,195]
/store/data/Run2023D/JetMET0/RAW/v1/000/369/978/00000/22799607-e99d-4d08-ae79-523b9a9a24f3.root [93,96,103,99,100,94,102,95,98,97,101]
/store/data/Run2023D/JetMET0/RAW/v1/000/369/978/00000/228f7a76-7481-4725-8080-0c589532b296.root [240,241,242]
/store/data/Run2023D/JetMET0/RAW/v1/000/369/978/00000/232b2f87-9b17-4600-8681-8ad60aa67d7a.root [69,74,77,79,78,80,76,73,70,71,75,72]
/store/data/Run2023D/JetMET0/RAW/v1/000/369/978/00000/26445a12-56c1-4d39-8f89-9e2870a0e146.root [409,410,411]
/store/data/Run2023D/JetMET0/RAW/v1/000/369/978/00000/273ec7f7-6447-403b-a0b3-861d88e08491.root [558,559,557]
/store/data/Run2023D/JetMET0/RAW/v1/000/369/978/00000/2965815b-aa96-43f0-9849-a57863148203.root [627,628,629,630]
/store/data/Run2023D/JetMET0/RAW/v1/000/369/978/00000/296bdcee-05aa-4ed0-898e-1e7438a67a5d.root [431,430,432]
/store/data/Run2023D/JetMET0/RAW/v1/000/369/978/00000/2a823282-fb65-41d1-94aa-506e8f6e3944.root [670,672,671,673]
/store/data/Run2023D/JetMET0/RAW/v1/000/369/978/00000/2af40f06-5563-43bf-a086-33fc8fd03e2c.root [568,566,567]
/store/data/Run2023D/JetMET0/RAW/v1/000/369/978/00000/2afaad30-abe4-47a4-ad06-0e1bef22fb7e.root [249,251,250]
/store/data/Run2023D/JetMET0/RAW/v1/000/369/978/00000/2e28f97c-f705-4845-8692-6b5081f9e73e.root [436,437,438]
/store/data/Run2023D/JetMET0/RAW/v1/000/369/978/00000/305e703c-8406-42ec-acfb-c0ee018cd0ed.root [309,311,310]
/store/data/Run2023D/JetMET0/RAW/v1/000/369/978/00000/317d7282-0e8b-42c5-8eec-5f2374728c7c.root [464,466,465]
/store/data/Run2023D/JetMET0/RAW/v1/000/369/978/00000/317f38aa-58e3-42e8-9804-5834d92c5225.root [714,713,711,712]
/store/data/Run2023D/JetMET0/RAW/v1/000/369/978/00000/31eecaa5-a9f4-47b2-83b9-a18dc4aaf877.root [633,632,631,634]
/store/data/Run2023D/JetMET0/RAW/v1/000/369/978/00000/324f9fff-8ab3-4835-a5a6-58d5352cdb8b.root [325,326,324]
/store/data/Run2023D/JetMET0/RAW/v1/000/369/978/00000/328b050b-c085-4048-af0f-57494109fbeb.root [477,478,476]
/store/data/Run2023D/JetMET0/RAW/v1/000/369/978/00000/32939971-2b2a-4c72-b189-6f9e25203cc5.root [659,658,660,661]
/store/data/Run2023D/JetMET0/RAW/v1/000/369/978/00000/334f582f-ee4b-4037-a910-381625886c5b.root [322,321,323]
/store/data/Run2023D/JetMET0/RAW/v1/000/369/978/00000/37471a1e-dedb-4f62-9b02-938b19cb8498.root [505,503,504]
/store/data/Run2023D/JetMET0/RAW/v1/000/369/978/00000/39b5dcab-b7b0-416c-a364-e3b568eb7f9b.root [402,400,401]
/store/data/Run2023D/JetMET0/RAW/v1/000/369/978/00000/39c248bb-8631-4f18-9d71-882ecef08ef4.root [597,598,599]
/store/data/Run2023D/JetMET0/RAW/v1/000/369/978/00000/39fa695d-8284-43f3-a4be-6036b15c8f54.root [287,285,286]
/store/data/Run2023D/JetMET0/RAW/v1/000/369/978/00000/3ba88216-d613-48c6-bdcd-0de4d15fcaa2.root [560,561,562]
/store/data/Run2023D/JetMET0/RAW/v1/000/369/978/00000/3c0d1cc7-b9c1-4437-a1ac-2b986a7657a1.root [412,413,414]
/store/data/Run2023D/JetMET0/RAW/v1/000/369/978/00000/3c7ee0f4-7f50-408a-91c1-12bc992cd341.root [338,336,337]
/store/data/Run2023D/JetMET0/RAW/v1/000/369/978/00000/3ceb4a90-1fb0-46ec-a08c-5add368f7736.root [233,232,231]
/store/data/Run2023D/JetMET0/RAW/v1/000/369/978/00000/3d8ce95a-4aed-4824-aa74-4d82b8d14e4f.root [724,723,726,725]
/store/data/Run2023D/JetMET0/RAW/v1/000/369/978/00000/3dba829f-e9cf-44d9-9070-7bcdf7748549.root [495,494,496]
/store/data/Run2023D/JetMET0/RAW/v1/000/369/978/00000/3dbfbf35-b985-4bd2-b40a-a8f4c58e99a2.root [709,707,710,708]
/store/data/Run2023D/JetMET0/RAW/v1/000/369/978/00000/3e5e7c4d-e4d3-45b3-9d47-19228b41121d.root [301,300,302]
/store/data/Run2023D/JetMET0/RAW/v1/000/369/978/00000/3e7b7241-0144-4476-8104-1266eb454291.root [277,276,278]
/store/data/Run2023D/JetMET0/RAW/v1/000/369/978/00000/3f8f80a8-631c-4acb-9dca-6617a9a161b7.root [374,372,375,373]
/store/data/Run2023D/JetMET0/RAW/v1/000/369/978/00000/402f6c61-9580-4be9-88e6-c522aeaf894f.root [183,181,182,184]
/store/data/Run2023D/JetMET0/RAW/v1/000/369/978/00000/4035012b-0adb-437a-b1ee-58b22e4ba7da.root [82,87,92,83,84,90,88,89,81,85,86,91]
/store/data/Run2023D/JetMET0/RAW/v1/000/369/978/00000/40852472-0f45-4584-8071-ce8543c1e726.root [667,666,669,668]
/store/data/Run2023D/JetMET0/RAW/v1/000/369/978/00000/409d4060-ab10-4065-b0d6-6843350931c8.root [762,761,759,760]
/store/data/Run2023D/JetMET0/RAW/v1/000/369/978/00000/4176a344-70f7-4dba-ba8f-e2858421b4fd.root [687,689,686,688]
/store/data/Run2023D/JetMET0/RAW/v1/000/369/978/00000/43bc050d-9365-433e-80ff-31504cdb2bca.root [699,700,698,701]
/store/data/Run2023D/JetMET0/RAW/v1/000/369/978/00000/454ad8fb-bc77-4640-95bf-8a8df97c7837.root [693,691,692,690]
/store/data/Run2023D/JetMET0/RAW/v1/000/369/978/00000/4630cdc8-482d-43c9-9cb2-ebd5616fd762.root [750,749,747,748]
/store/data/Run2023D/JetMET0/RAW/v1/000/369/978/00000/47e20b93-e91b-4420-b95c-8a18dab5b1e1.root [594,595,596]
/store/data/Run2023D/JetMET0/RAW/v1/000/369/978/00000/4b981694-ab9b-48e2-9ab4-a4ee267fa308.root [677,675,674,676]
/store/data/Run2023D/JetMET0/RAW/v1/000/369/978/00000/4cc96734-eead-4003-8d08-d69c25ed47e9.root [281,279,280]
/store/data/Run2023D/JetMET0/RAW/v1/000/369/978/00000/4d3468a8-b3cd-4862-b98f-283dae7e56df.root [564,565,563]
/store/data/Run2023D/JetMET0/RAW/v1/000/369/978/00000/4d587ce0-843f-4ac3-a831-747ed103feae.root [623,622,621]
/store/data/Run2023D/JetMET0/RAW/v1/000/369/978/00000/4d8ff4c5-4905-4fb9-a525-d1f42b5cc732.root [170,171,169,172]
/store/data/Run2023D/JetMET0/RAW/v1/000/369/978/00000/4e6c7bfc-a5d2-4bee-b608-8c3cd9ff187a.root [502,500,501]
/store/data/Run2023D/JetMET0/RAW/v1/000/369/978/00000/4ebdc76d-aba3-45fb-9ab7-2490a86ac603.root [356,354,355]
/store/data/Run2023D/JetMET0/RAW/v1/000/369/978/00000/4eeebae6-7251-49df-a8ca-2762b3964f1c.root [551,553,552]
/store/data/Run2023D/JetMET0/RAW/v1/000/369/978/00000/5709ca07-26bd-4569-90dd-8fb2e6a8c4f0.root [506,507,508]
/store/data/Run2023D/JetMET0/RAW/v1/000/369/978/00000/58f172e2-4e25-4c98-b906-4fed3b9190cd.root [381,380,379]
/store/data/Run2023D/JetMET0/RAW/v1/000/369/978/00000/58fcbef0-50c3-4519-a9bd-5df8f2ed5347.root [294,296,295]
/store/data/Run2023D/JetMET0/RAW/v1/000/369/978/00000/5b3d1246-b748-47c2-abe0-8beb8a0616ba.root [705,702,703,706,704]
/store/data/Run2023D/JetMET0/RAW/v1/000/369/978/00000/5b6d5212-7903-4fdf-b191-f2b2f3c315d1.root [154,155,153,156,152]
/store/data/Run2023D/JetMET0/RAW/v1/000/369/978/00000/5bd54deb-f3cb-4164-9963-ca70b810a139.root [297,298,299]
/store/data/Run2023D/JetMET0/RAW/v1/000/369/978/00000/5c9d9ed9-7384-4bb0-bc23-8dc519fc794c.root [642,639,641,640]
/store/data/Run2023D/JetMET0/RAW/v1/000/369/978/00000/5cf4a76e-0d40-4e1a-94eb-db916a38a5e3.root [353,351,352]
/store/data/Run2023D/JetMET0/RAW/v1/000/369/978/00000/5ec4e2a9-45ab-45cb-b0e1-beb3e03f4467.root [606,607,608]
/store/data/Run2023D/JetMET0/RAW/v1/000/369/978/00000/6112f32e-4e75-4404-8766-aa8e37363341.root [422,421,423]
/store/data/Run2023D/JetMET0/RAW/v1/000/369/978/00000/62114b86-62ac-46e6-9e07-b864aa638bf9.root [335,333,334]
/store/data/Run2023D/JetMET0/RAW/v1/000/369/978/00000/6308ca6b-db1f-4b8f-af61-c3899a417ae5.root [222,224,223]
/store/data/Run2023D/JetMET0/RAW/v1/000/369/978/00000/63fe9503-003a-48ee-8509-42b48a6bc1e6.root [254,253,252]
/store/data/Run2023D/JetMET0/RAW/v1/000/369/978/00000/653976b4-2b77-470c-a3aa-0b0c62787967.root [768,770,769,767]
/store/data/Run2023D/JetMET0/RAW/v1/000/369/978/00000/658c15bb-0203-4bdf-bae9-1cd9ea175eca.root [649,648,646,647]
/store/data/Run2023D/JetMET0/RAW/v1/000/369/978/00000/68a9cc01-056e-442c-8bc8-a765fa233c9e.root [576,575,577]
/store/data/Run2023D/JetMET0/RAW/v1/000/369/978/00000/69393a07-6308-45aa-bd5e-1729086b1a63.root [589,588,590,587]
/store/data/Run2023D/JetMET0/RAW/v1/000/369/978/00000/6b1acb51-33ba-4dd4-8de0-c641fc699d3e.root [718,717,716,715]
/store/data/Run2023D/JetMET0/RAW/v1/000/369/978/00000/7071e6c6-1825-4303-9b0a-b41b03adfbc7.root [781,782,780,779,783]
/store/data/Run2023D/JetMET0/RAW/v1/000/369/978/00000/719d6546-4544-4ecf-92fb-956ec4f231f4.root [428,429,427]
/store/data/Run2023D/JetMET0/RAW/v1/000/369/978/00000/736f2e43-9628-42f5-be8d-de4c11f6624c.root [366,367,368]
/store/data/Run2023D/JetMET0/RAW/v1/000/369/978/00000/76467afd-0538-47c9-af70-f7dc9da5e264.root [531,532,530]
/store/data/Run2023D/JetMET0/RAW/v1/000/369/978/00000/7651bfc7-1f8b-472a-9720-1e2e0d492bf8.root [133,129,134,131,130,132,135]
/store/data/Run2023D/JetMET0/RAW/v1/000/369/978/00000/7669f3a5-f5e9-471d-9f4d-fdce17e6ca4c.root [680,681,679,678]
/store/data/Run2023D/JetMET0/RAW/v1/000/369/978/00000/7a1585c0-8417-4a32-880e-887c5c85a859.root [736,738,735,737]
/store/data/Run2023D/JetMET0/RAW/v1/000/369/978/00000/7b187cc9-eed2-4c84-b6a2-b4c549fb436d.root [602,600,601]
/store/data/Run2023D/JetMET0/RAW/v1/000/369/978/00000/7c2445e4-ee67-48f7-9bad-4df9ca4dbb66.root [776,778,777,775]
/store/data/Run2023D/JetMET0/RAW/v1/000/369/978/00000/7c30d091-942e-4ac0-b45b-cd5e08679eae.root [491,493,492]
/store/data/Run2023D/JetMET0/RAW/v1/000/369/978/00000/7cd0ce82-4e09-45a5-8972-1d1adbb9af61.root [194,193,192]
/store/data/Run2023D/JetMET0/RAW/v1/000/369/978/00000/7e241d76-3b6e-4e28-b5d2-291dd161736c.root [662,664,665,663]
/store/data/Run2023D/JetMET0/RAW/v1/000/369/978/00000/7f1055fb-6ce8-40e8-ab14-1f1fb6d5e20e.root [471,472,470]
/store/data/Run2023D/JetMET0/RAW/v1/000/369/978/00000/817c4bf4-7d90-434a-86c0-f919ce586ee2.root [685,682,683,684]
/store/data/Run2023D/JetMET0/RAW/v1/000/369/978/00000/833c2234-6ffa-4f85-9ca1-5c43ede44c0c.root [584,585,586]
/store/data/Run2023D/JetMET0/RAW/v1/000/369/978/00000/83570741-527a-4470-9d63-549978cca718.root [211,212,210]
/store/data/Run2023D/JetMET0/RAW/v1/000/369/978/00000/83ad1e06-e936-4e9e-9f77-02b5acdce7f1.root [542,544,543]
/store/data/Run2023D/JetMET0/RAW/v1/000/369/978/00000/85cb7c1f-f288-4d61-9eba-d46a7c687a48.root [533,534,535]
/store/data/Run2023D/JetMET0/RAW/v1/000/369/978/00000/85e43727-06d0-4c6e-bc83-441216c78d89.root [697,694,695,696]
/store/data/Run2023D/JetMET0/RAW/v1/000/369/978/00000/871cf27b-f92d-4f53-ab5d-98733df73518.root [370,369,371]
/store/data/Run2023D/JetMET0/RAW/v1/000/369/978/00000/8d4d6c72-0dd1-433c-9cfd-477ce4ec9753.root [161,162,163,164]
/store/data/Run2023D/JetMET0/RAW/v1/000/369/978/00000/8d7a7462-4b92-4dd0-b589-ea8ae1bfdf19.root [624,626,625]
/store/data/Run2023D/JetMET0/RAW/v1/000/369/978/00000/8d9cc5dc-f791-4270-9a79-2669af6eee9b.root [288,289,290]
/store/data/Run2023D/JetMET0/RAW/v1/000/369/978/00000/8dd3fddd-9376-4077-8fcb-12c2c55af5a0.root [56,66,68,49,53,57,61,65,67,64,46,51,47,48,52,58,54,55,60,62,63,50,59]
/store/data/Run2023D/JetMET0/RAW/v1/000/369/978/00000/8f2d4db0-0263-4672-903e-9591cab5b3ba.root [512,514,513]
/store/data/Run2023D/JetMET0/RAW/v1/000/369/978/00000/8fd85f7b-ef4d-42a3-929a-0118e435d6bc.root [262,263,261]
/store/data/Run2023D/JetMET0/RAW/v1/000/369/978/00000/924afba8-f22c-45ec-b4e6-bbe8c64caea7.root [348,349,350]
/store/data/Run2023D/JetMET0/RAW/v1/000/369/978/00000/93d675f5-5429-47d5-a277-d9b8a7abaaf2.root [315,317,316]
/store/data/Run2023D/JetMET0/RAW/v1/000/369/978/00000/94bb9230-1588-46bb-8309-d559a84cefa7.root [581,582,583]
/store/data/Run2023D/JetMET0/RAW/v1/000/369/978/00000/97947bc5-6f21-400a-b405-97d8c71aa547.root [332,330,331]
/store/data/Run2023D/JetMET0/RAW/v1/000/369/978/00000/9969f521-597c-40d1-a478-ebdc751e727e.root [179,177,178,180]
/store/data/Run2023D/JetMET0/RAW/v1/000/369/978/00000/99e4c395-c066-4072-b09b-6fff938ddf06.root [203,202,201]
/store/data/Run2023D/JetMET0/RAW/v1/000/369/978/00000/9c9b463b-ebc4-43f0-97ac-b60e86be8da2.root [362,360,361]
/store/data/Run2023D/JetMET0/RAW/v1/000/369/978/00000/9dc6c6c1-cf2a-4b51-b1f5-d387cc1d0073.root [765,766,764,763]
/store/data/Run2023D/JetMET0/RAW/v1/000/369/978/00000/9dfdd794-5406-4855-bc79-5561e48dc170.root [291,292,293]
/store/data/Run2023D/JetMET0/RAW/v1/000/369/978/00000/a2905fed-8d76-4a6c-8e37-44139fe7a84d.root [198,199,200]
/store/data/Run2023D/JetMET0/RAW/v1/000/369/978/00000/a3563d90-3132-494e-b95d-acd95a93b067.root [454,453,452]
/store/data/Run2023D/JetMET0/RAW/v1/000/369/978/00000/a3cf0c8e-61a5-4e68-ab84-584c2510b1a7.root [803,804,801,802,805]
/store/data/Run2023D/JetMET0/RAW/v1/000/369/978/00000/a48b6f34-ec1e-4603-99b0-40384a581449.root [787,785,786,784]
/store/data/Run2023D/JetMET0/RAW/v1/000/369/978/00000/a82c1961-3f6a-4132-a083-ed669a3e49c0.root [548,550,549]
/store/data/Run2023D/JetMET0/RAW/v1/000/369/978/00000/aa83206e-6eb2-43df-a4ef-52292a1159fb.root [363,364,365]
/store/data/Run2023D/JetMET0/RAW/v1/000/369/978/00000/ac79d5ab-80fc-49ef-9c73-15950dd1e63c.root [407,406,408]
/store/data/Run2023D/JetMET0/RAW/v1/000/369/978/00000/af633bde-d3fd-422f-baf8-f5ce9df8d3f9.root [268,267,269]
/store/data/Run2023D/JetMET0/RAW/v1/000/369/978/00000/b1e83326-e4a5-467e-bebe-323f2079bc21.root [800,798,797,799]
/store/data/Run2023D/JetMET0/RAW/v1/000/369/978/00000/b2abf680-8129-475b-9253-53b571004a79.root [446,448,447]
/store/data/Run2023D/JetMET0/RAW/v1/000/369/978/00000/b3eaf49b-2447-4063-9084-6b9f467e846b.root [238,237,239]
/store/data/Run2023D/JetMET0/RAW/v1/000/369/978/00000/b41b2222-a725-4be4-a5c0-39706b8a375c.root [753,752,751,754]
/store/data/Run2023D/JetMET0/RAW/v1/000/369/978/00000/b5e22ff7-686d-40a4-9691-11100b9efe84.root [794,793,795,796,792]
/store/data/Run2023D/JetMET0/RAW/v1/000/369/978/00000/b854fa2b-734e-482c-bc73-e71b094667f9.root [653,652,651,650]
/store/data/Run2023D/JetMET0/RAW/v1/000/369/978/00000/ba669dc4-46f1-49ea-b3bb-ada6207215d8.root [415,416,417]
/store/data/Run2023D/JetMET0/RAW/v1/000/369/978/00000/ba90bc01-977f-4f06-ba3c-e21503351434.root [225,226,227]
/store/data/Run2023D/JetMET0/RAW/v1/000/369/978/00000/bab954ca-d2b5-4a57-98a4-9e0ecd31cdd7.root [540,541,539]
/store/data/Run2023D/JetMET0/RAW/v1/000/369/978/00000/bb091670-191a-4f31-b624-87c220e28671.root [376,377,378]
/store/data/Run2023D/JetMET0/RAW/v1/000/369/978/00000/bb65f977-305e-403f-b0d6-5c234342356d.root [467,468,469]
/store/data/Run2023D/JetMET0/RAW/v1/000/369/978/00000/beede35a-a0fa-4393-a999-d0e1b2f378fe.root [440,441,439]
/store/data/Run2023D/JetMET0/RAW/v1/000/369/978/00000/bf3aca26-c0b5-40c1-a9f6-9489cf020007.root [518,519,520]
/store/data/Run2023D/JetMET0/RAW/v1/000/369/978/00000/c23976d8-83c7-40c4-b1ed-45300c0e6fa2.root [308,307,306]
/store/data/Run2023D/JetMET0/RAW/v1/000/369/978/00000/c2b1e30b-7870-4aa8-b670-b08c9154c37f.root [574,572,573]
/store/data/Run2023D/JetMET0/RAW/v1/000/369/978/00000/c2bec7c0-b0f2-4d45-9339-133499164d04.root [579,578,580]
/store/data/Run2023D/JetMET0/RAW/v1/000/369/978/00000/c2cafe2f-d0d0-4ed0-bab0-05785cc774cf.root [556,555,554]
/store/data/Run2023D/JetMET0/RAW/v1/000/369/978/00000/c39a8cd2-83cf-4ed6-a4e4-8bb4c27ed0ba.root [813,815,819,817,812,814,811,816,818]
/store/data/Run2023D/JetMET0/RAW/v1/000/369/978/00000/c4ea3533-df74-4ad4-a50d-49b6171bb9f9.root [255,257,256]
/store/data/Run2023D/JetMET0/RAW/v1/000/369/978/00000/c5867789-01b9-4038-a478-b723f61d772f.root [569,570,571]
/store/data/Run2023D/JetMET0/RAW/v1/000/369/978/00000/c88b480f-876c-45e5-9c25-e45527d570df.root [190,191,189]
/store/data/Run2023D/JetMET0/RAW/v1/000/369/978/00000/c9032c8b-8ba3-47d2-bf37-58ec9ae24cdf.root [809,810,807,808,806]
/store/data/Run2023D/JetMET0/RAW/v1/000/369/978/00000/cad83540-4949-4625-a860-d7cc19114175.root [347,345,346]
/store/data/Run2023D/JetMET0/RAW/v1/000/369/978/00000/ce48d402-c7c1-4c7f-972b-cd448df2fe94.root [489,490,488]
/store/data/Run2023D/JetMET0/RAW/v1/000/369/978/00000/cef98375-172f-4755-a149-0efd3668e08a.root [721,722,720,719]
/store/data/Run2023D/JetMET0/RAW/v1/000/369/978/00000/d33c612c-9773-4599-ad28-97f85801755c.root [329,327,328]
/store/data/Run2023D/JetMET0/RAW/v1/000/369/978/00000/d503e7a4-590b-4141-8ccd-3d2fef7ed607.root [463,461,462]
/store/data/Run2023D/JetMET0/RAW/v1/000/369/978/00000/d51a4996-d0bd-47e2-b527-56503b348f54.root [450,451,449]
/store/data/Run2023D/JetMET0/RAW/v1/000/369/978/00000/d9a9b72f-0f08-4dc1-825c-451bb121c0bd.root [145,143,142,144,146]
/store/data/Run2023D/JetMET0/RAW/v1/000/369/978/00000/da44d3e8-bd03-4ec5-ba4a-7f30e777c0e0.root [206,204,205]
/store/data/Run2023D/JetMET0/RAW/v1/000/369/978/00000/da8f68a8-17cc-4a7b-9a28-27a95d683f9e.root [136,140,141,139,137,138]
/store/data/Run2023D/JetMET0/RAW/v1/000/369/978/00000/db811c4b-5197-465f-974c-a16b4bfaa787.root [773,772,771,774]
/store/data/Run2023D/JetMET0/RAW/v1/000/369/978/00000/dbdcaaad-92e7-4f3a-97ac-a05c59a8b48d.root [458,459,460]
/store/data/Run2023D/JetMET0/RAW/v1/000/369/978/00000/dc8589d7-011a-4ed8-a29d-dd2750b99f75.root [742,739,741,740]
/store/data/Run2023D/JetMET0/RAW/v1/000/369/978/00000/dcb0bd8d-699b-4837-8ab2-d737002cb4ce.root [433,434,435]
/store/data/Run2023D/JetMET0/RAW/v1/000/369/978/00000/dd4c5640-d192-4a87-96a9-da0c69625fd9.root [744,746,745,743]
/store/data/Run2023D/JetMET0/RAW/v1/000/369/978/00000/de30e782-f04e-4a5b-88c2-267b9c4f5a88.root [396,395,394]
/store/data/Run2023D/JetMET0/RAW/v1/000/369/978/00000/de93e758-c0a1-4eeb-9243-e3d371fa9a85.root [339,340,341]
/store/data/Run2023D/JetMET0/RAW/v1/000/369/978/00000/e22c2a76-c5a4-41f2-bfa1-6660f266b60d.root [487,485,486]
/store/data/Run2023D/JetMET0/RAW/v1/000/369/978/00000/e23570e3-7157-43af-b618-5ef7c99346af.root [497,499,498]
/store/data/Run2023D/JetMET0/RAW/v1/000/369/978/00000/e7a06977-5ea9-4ecb-bdb8-f804b155a981.root [357,359,358]
/store/data/Run2023D/JetMET0/RAW/v1/000/369/978/00000/e911c82e-49a8-4a33-b1fd-8d46e0aefe84.root [644,645,643]
/store/data/Run2023D/JetMET0/RAW/v1/000/369/978/00000/eb2260aa-0360-4438-858e-cc754fbc2c94.root [727,728,729,730]
/store/data/Run2023D/JetMET0/RAW/v1/000/369/978/00000/eb3f38f6-1d84-445b-8ec8-c3ac64e777ee.root [610,611,609]
/store/data/Run2023D/JetMET0/RAW/v1/000/369/978/00000/eb7fa0c6-c2e0-4f26-a1cd-c57b422daded.root [732,734,731,733]
/store/data/Run2023D/JetMET0/RAW/v1/000/369/978/00000/ebef03dd-8f3e-48ff-810c-c442ffbcc8c9.root [758,755,756,757]
/store/data/Run2023D/JetMET0/RAW/v1/000/369/978/00000/ebf4cd98-9505-4a6b-b48e-b2a52c45b4e5.root [303,305,304]
/store/data/Run2023D/JetMET0/RAW/v1/000/369/978/00000/ec237378-6eba-4b12-bc7e-67317b788866.root [443,444,445,442]
/store/data/Run2023D/JetMET0/RAW/v1/000/369/978/00000/ec5a7ae5-8d22-4e6c-a19b-31695f01d5d1.root [510,511,509]
/store/data/Run2023D/JetMET0/RAW/v1/000/369/978/00000/ec5e6e1f-6af7-42fe-a9dd-e651aef9cc9f.root [604,605,603]
/store/data/Run2023D/JetMET0/RAW/v1/000/369/978/00000/ed3a8c10-fba8-49d3-9bea-b72c81bf4960.root [245,244,243]
/store/data/Run2023D/JetMET0/RAW/v1/000/369/978/00000/efb7cf62-de90-471f-9712-16daac39dcfb.root [160,157,158,159]
/store/data/Run2023D/JetMET0/RAW/v1/000/369/978/00000/f0088d56-4cb1-4413-af2c-91ce550ac3f8.root [384,383,382]
/store/data/Run2023D/JetMET0/RAW/v1/000/369/978/00000/f1d06c73-04f1-49de-8c75-5441f9fafa95.root [107,112,106,110,108,104,105,109,111]
/store/data/Run2023D/JetMET0/RAW/v1/000/369/978/00000/f48bd306-c572-42b8-9a5e-39f5b1c12ac1.root [217,218,216]
/store/data/Run2023D/JetMET0/RAW/v1/000/369/978/00000/f52652bd-4c81-461c-ab55-569579bd2791.root [404,405,403]
/store/data/Run2023D/JetMET0/RAW/v1/000/369/978/00000/f5bc1f92-9f15-4baa-a6dc-80494799811d.root [525,526,524]
/store/data/Run2023D/JetMET0/RAW/v1/000/369/978/00000/f6fcfb20-263d-45a9-9de2-c171b9b9c923.root [522,523,521]
/store/data/Run2023D/JetMET0/RAW/v1/000/369/978/00000/f7fc2b06-dc91-4e90-be05-f0e878ddf324.root [174,173,176,175]
/store/data/Run2023D/JetMET0/RAW/v1/000/369/978/00000/f8ab6c20-b27e-4a0d-a9c4-074db526eafc.root [516,517,515]
/store/data/Run2023D/JetMET0/RAW/v1/000/369/978/00000/f9916cbd-c10e-4aad-8b05-09d029a776e2.root [386,387,385]
/store/data/Run2023D/JetMET0/RAW/v1/000/369/978/00000/fa3d5ff3-abd1-4ea2-ad39-fcceb5e76997.root [538,537,536]
/store/data/Run2023D/JetMET0/RAW/v1/000/369/978/00000/fb0debd0-2232-4505-9682-4bb4a0698b9b.root [638,635,636,637]
/store/data/Run2023D/JetMET0/RAW/v1/000/369/978/00000/fdb676d9-fa5f-4231-be03-976b79c9d0e3.root [313,312,314]
/store/data/Run2023D/JetMET0/RAW/v1/000/369/978/00000/fe8113b6-eef3-48cb-ab4a-ab1d7a23dbb2.root [424,425,426]
/store/data/Run2023D/JetMET0/RAW/v1/000/369/978/00000/fe9f20c6-78ed-49de-a25d-79141b0b9d41.root [119,116,115,117,113,120,114,118]
/store/data/Run2023D/JetMET0/RAW/v1/000/369/978/00000/ff297a47-2d80-4f68-b0b2-006105e2aa52.root [228,230,229]
/store/data/Run2023D/JetMET0/RAW/v1/000/369/978/00000/ff45a027-3a05-4e43-b657-9199b9730783.root [208,207,209]
/store/data/Run2023D/JetMET0/RAW/v1/000/369/978/00000/ff831482-614b-4010-8a49-5cd7f4fb3106.root [483,484,482]
