379412
379413
379414
379415
379416
379417
379418
379420
379421
379422
379423
379424
379425
379426
379427
379431
379433
379434
379436
379437
379441
379442
379446
379448
379451
379452
379454
379456
379458
379459
379461
379462
379464
379465
379466
379470
379471
379472
379480
379485
379486
379487
379496
379498
379500
379503
379511
379513
379516
379518
379525
379526
379527
379528
379529
379530
379532
379533
379538
379544
379546
379548
379572
379574
379575
379576
379585
379588
379593
379594
379595
379597
379599
379600
379602
379603
379605
379608
379610
379611
379613
379614
379615
379616
379617
379618
379619
379620
379628
379630
379634
379638
379645
379647
379649
379650
379652
379654
379655
379657
379658
379660
379661
379672
379690
379693
379695
379697
379701
379702
379728
379729
379731
379753
379754
379755
379756
379758
379759
379763
379765
379769
379772
379774
379778
379781
379784
379786
379789
379792
379793
379794
379796
379798
379800
379803
379808
379813
379815
379817
379818
379820
379822
379826
379829
379830
379831
379836
379839
379840
379842
379844
379852
379853
379854
379856
379857
379859
379862
379863
379864
379866
379869
379870
379871
379872
379873
379875
379878
379887
379899
379911
379913
379914
379916
379917
379918
379924
379926
379931
379933
379937
379938
379939
379940
379941
379943
379945
379946
379947
379948
379949
379950
379952
379953
379954
379955
379956
379958
379962
379965
379976
379977
379978
379982
379984
379997
379998
379999
380000
380001
380002
380003
380005
380006
380007
380009
380011
380013
380021
380025
380027
380028
380029
380030
380031
380032
380033
380034
380035
380036
380042
380043
380047
380049
380050
380051
380052
380053
380056
380059
380060
380064
380065
380066
380068
380069
380070
380072
380074
380078
380080
380081
380083
380084
380085
380087
380088
380090
380091
380092
380093
380094
380095
380098
380099
380102
380108
380110
380112
380113
380115
380117
380118
380120
380123
380124
380125
380126
380127
380128
380129
380133
380144
380146
380147
380167
380171
380174
380175
380183
380185
380186
380187
380189
380191
380192
380193
380194
380195
380196
380197
380198
380199
380200
380201
380203
380204
380205
380207
380211
380214
380217
380221
380225
380226
380227
380228
380230
380231
380233
380234
380235
380236
380237
380238
380239
380240
380243
380244
380245
380246
380248
380249
380250
380251
380252
