/store/data/Run2018C/HLTPhysics/RAW/v1/000/319/450/00000/06A0FD9D-EB83-E811-A9EF-FA163E08C089.root [41,44,40,42,43,45,50,37,39,48,52,46,51,38,47,49]
/store/data/Run2018C/HLTPhysics/RAW/v1/000/319/450/00000/06EC6918-FA83-E811-831A-FA163E1A6759.root [266,267,268,271,265,272,273,274,270,276,262,269,264,275,263,261]
/store/data/Run2018C/HLTPhysics/RAW/v1/000/319/450/00000/0AD8905F-FB83-E811-BE4E-FA163E0E84E1.root [335,337,328,336,338,332,340,329,330,333,331,327,339,325,326,334]
/store/data/Run2018C/HLTPhysics/RAW/v1/000/319/450/00000/10FACC4E-0784-E811-872D-FA163E98E77A.root [593,600,602,610,594,595,599,612,611,596,597,601,603,606,607,604,608,609,598,605]
/store/data/Run2018C/HLTPhysics/RAW/v1/000/319/450/00000/1C011B63-FB83-E811-B7DF-FA163E030AB8.root [310,318,323,311,312,317,322,313,321,309,316,319,320,315,314,324]
/store/data/Run2018C/HLTPhysics/RAW/v1/000/319/450/00000/1E112947-ED83-E811-B87E-FA163E216E14.root [92,98,86,89,91,93,95,100,90,99,85,96,87,94,88,97]
/store/data/Run2018C/HLTPhysics/RAW/v1/000/319/450/00000/20D060AF-F083-E811-BE7D-FA163E683682.root [118,125,129,132,119,124,127,130,131,117,121,123,122,126,120,128]
/store/data/Run2018C/HLTPhysics/RAW/v1/000/319/450/00000/248D4384-F083-E811-973F-FA163EAB86BE.root [108,116,110,102,103,106,109,107,112,104,111,113,114,101,105,115]
/store/data/Run2018C/HLTPhysics/RAW/v1/000/319/450/00000/26C722B3-0584-E811-A2F6-FA163E6BAD4B.root [499,509,501,504,507,510,494,500,493,498,502,508,511,495,496,497,503,505,506,512]
/store/data/Run2018C/HLTPhysics/RAW/v1/000/319/450/00000/28711C23-EB83-E811-8A81-02163E01A03B.root [58,68,53,62,63,55,65,59,54,64,67,60,56,57,61,66]
/store/data/Run2018C/HLTPhysics/RAW/v1/000/319/450/00000/2EEB7764-FB83-E811-B920-02163E01A0AD.root [370,371,357,367,369,363,372,358,362,368,359,366,364,360,361,365]
/store/data/Run2018C/HLTPhysics/RAW/v1/000/319/450/00000/2EFCDE77-0B84-E811-9A86-FA163E96C9DD.root [676,679,684,674,675,680,685,682,677,678,681,673,683]
/store/data/Run2018C/HLTPhysics/RAW/v1/000/319/450/00000/30D9A6EA-F683-E811-A100-02163E00CE56.root [236,241,232,239,230,231,237,244,233,243,234,238,240,229,235,242]
/store/data/Run2018C/HLTPhysics/RAW/v1/000/319/450/00000/3684F1DA-0584-E811-A897-FA163E06A572.root [513,530,531,518,521,525,528,532,515,523,524,527,517,519,514,516,520,522,526,529]
/store/data/Run2018C/HLTPhysics/RAW/v1/000/319/450/00000/36D23FC8-0884-E811-862F-FA163EB2E120.root [617,619,629,625,613,630,620,626,615,621,622,623,628,614,616,632,618,624,627,631]
/store/data/Run2018C/HLTPhysics/RAW/v1/000/319/450/00000/3888F896-F683-E811-B4C6-FA163E438DD2.root [258,251,253,249,254,257,259,260,246,248,247,255,250,256,245,252]
/store/data/Run2018C/HLTPhysics/RAW/v1/000/319/450/00000/529C61D7-0584-E811-B8B2-FA163E504868.root [477,478,482,488,474,475,485,479,490,492,483,473,480,481,486,489,484,487,491,476]
/store/data/Run2018C/HLTPhysics/RAW/v1/000/319/450/00000/54274A70-0684-E811-9B0D-02163E00C10C.root [535,537,536,539,540,541,546,549,550,552,542,545,551,533,538,548,534,544,543,547]
/store/data/Run2018C/HLTPhysics/RAW/v1/000/319/450/00000/561A2DD3-FD83-E811-9FE4-FA163EC3AE22.root [394,397,408,412,393,403,404,405,406,396,400,409,395,401,402,410,398,411,399,407]
/store/data/Run2018C/HLTPhysics/RAW/v1/000/319/450/00000/58ACC0F4-EB83-E811-AF84-FA163EDDB958.root [74,80,75,78,69,70,71,82,84,77,79,76,83,72,73,81]
/store/data/Run2018C/HLTPhysics/RAW/v1/000/319/450/00000/5AF939D1-0584-E811-8A85-02163E019F63.root [439,444,448,452,433,436,442,443,446,449,435,437,451,445,450,447,438,441,434,440]
/store/data/Run2018C/HLTPhysics/RAW/v1/000/319/450/00000/5C638BA4-0684-E811-80FE-FA163E98E77A.root [577,575,582,584,574,586,590,573,581,591,583,585,587,588,589,576,579,580,578,592]
/store/data/Run2018C/HLTPhysics/RAW/v1/000/319/450/00000/5E439048-FE83-E811-9FD4-02163E00C10C.root [375,376,379,380,373,377,378,385,386,387,392,382,388,389,390,391,374,381,383,384]
/store/data/Run2018C/HLTPhysics/RAW/v1/000/319/450/00000/60E1900E-0B84-E811-B1C2-FA163E7CF739.root [654,671,662,664,669,663,665,668,670,655,659,660,666,657,658,667,653,656,672,661]
/store/data/Run2018C/HLTPhysics/RAW/v1/000/319/450/00000/6E84017F-F683-E811-8EF2-FA163E25FD05.root [203,205,201,197,199,207,202,211,198,210,212,204,209,200,206,208]
/store/data/Run2018C/HLTPhysics/RAW/v1/000/319/450/00000/78AB442B-EA83-E811-88AA-FA163EF0803A.root [29,30,31,17,19,23,25,24,26,27,33,34,18,28,32,35,20,21,22,36]
/store/data/Run2018C/HLTPhysics/RAW/v1/000/319/450/00000/7A483FED-0184-E811-967E-FA163EF4C1BC.root [420,422,424,417,418,425,432,416,419,421,426,428,429,430,415,423,431,413,414,427]
/store/data/Run2018C/HLTPhysics/RAW/v1/000/319/450/00000/80163C69-F183-E811-8B8E-FA163E3AC61D.root [134,135,140,142,148,143,145,146,139,144,133,138,136,137,141,147]
/store/data/Run2018C/HLTPhysics/RAW/v1/000/319/450/00000/A88E6F81-F683-E811-9031-FA163E990568.root [192,194,187,188,189,195,193,196,183,190,185,186,182,184,181,191]
/store/data/Run2018C/HLTPhysics/RAW/v1/000/319/450/00000/AAEF6389-F683-E811-B505-FA163E8A5B3D.root [171,172,165,169,175,170,180,166,174,179,177,178,167,173,176,168]
/store/data/Run2018C/HLTPhysics/RAW/v1/000/319/450/00000/B0C1B366-FB83-E811-8A40-FA163E842886.root [342,345,352,347,348,349,350,343,356,354,351,344,346,355,353,341]
/store/data/Run2018C/HLTPhysics/RAW/v1/000/319/450/00000/B4352E44-F483-E811-B297-FA163E3AC61D.root [159,160,162,153,151,161,149,164,152,150,154,156,158,155,157,163]
/store/data/Run2018C/HLTPhysics/RAW/v1/000/319/450/00000/B6558EFD-F983-E811-BE67-FA163ECCF441.root [297,299,304,308,293,306,307,294,298,300,302,296,295,301,303,305]
/store/data/Run2018C/HLTPhysics/RAW/v1/000/319/450/00000/B6FB00AF-E983-E811-B1BA-FA163E94697E.root [3,13,4,10,11,12,1,5,7,8,16,9,14,2,6,15]
/store/data/Run2018C/HLTPhysics/RAW/v1/000/319/450/00000/DC371609-FA83-E811-A249-FA163E278AF5.root [282,285,283,288,289,291,278,280,281,290,277,279,287,292,284,286]
/store/data/Run2018C/HLTPhysics/RAW/v1/000/319/450/00000/E4295FBC-0884-E811-8CCE-FA163EA9148A.root [643,645,635,638,633,646,650,651,652,644,640,648,647,636,634,637,639,641,642,649]
/store/data/Run2018C/HLTPhysics/RAW/v1/000/319/450/00000/EA3222BB-0584-E811-BC6E-FA163E96DE12.root [457,463,455,460,461,469,453,456,465,467,454,462,470,471,458,472,459,464,468,466]
/store/data/Run2018C/HLTPhysics/RAW/v1/000/319/450/00000/EA3AEE73-F683-E811-9703-FA163E191EB7.root [214,224,218,213,219,217,221,226,215,222,216,220,223,225,227,228]
/store/data/Run2018C/HLTPhysics/RAW/v1/000/319/450/00000/EE5409D9-0784-E811-B330-FA163E1FBC34.root [688]
/store/data/Run2018C/HLTPhysics/RAW/v1/000/319/450/00000/FC8B2254-0684-E811-ACB7-02163E019F28.root [561,557,571,564,565,556,558,562,570,572,560,554,559,563,566,568,569,553,555,567]
