/store/data/Run2022C/DoubleMuon/RAW/v1/000/356/381/00000/034a014c-84df-42f1-99ae-d4f3fbe4212d.root [1096,1102,1101,1094,1103,1095,1099,1097,1098,1100]
/store/data/Run2022C/DoubleMuon/RAW/v1/000/356/381/00000/04a3cd93-e3a5-4fc2-b84b-8029fc997bcc.root [813,816,810,808,809,814,815,811,812]
/store/data/Run2022C/DoubleMuon/RAW/v1/000/356/381/00000/0576f706-57cd-4b44-a9c0-1396ff376de9.root [253,255,252,254,256]
/store/data/Run2022C/DoubleMuon/RAW/v1/000/356/381/00000/05ebc9a0-48cd-46f1-9dee-349cc3e03137.root [414,415,419,417,416,418]
/store/data/Run2022C/DoubleMuon/RAW/v1/000/356/381/00000/06fc8fd1-f764-41f5-9985-ac95f60ef56e.root [678,679,680,683,681,682,684,677]
/store/data/Run2022C/DoubleMuon/RAW/v1/000/356/381/00000/075ee235-c396-43a4-996e-cba6cdc43f74.root [792,796,798,790,797,793,794,791,795]
/store/data/Run2022C/DoubleMuon/RAW/v1/000/356/381/00000/0781b261-76cc-41ab-ab88-8ae745dae99a.root [947,948,951,944,946,949,950,952,945,953]
/store/data/Run2022C/DoubleMuon/RAW/v1/000/356/381/00000/0784d3f8-3a12-4c90-b82b-23723716d880.root [224,226,222,223,225]
/store/data/Run2022C/DoubleMuon/RAW/v1/000/356/381/00000/092cae2e-3b59-490c-8b54-2e4e51f5646a.root [369,370,366,368,367,371]
/store/data/Run2022C/DoubleMuon/RAW/v1/000/356/381/00000/0a0e41b9-e84c-4b4b-9a3c-029ae51f29d5.root [607,608,606,604,605,602,603]
/store/data/Run2022C/DoubleMuon/RAW/v1/000/356/381/00000/0a18540d-807d-426f-8363-5c9cc84731d1.root [242,244,246,245,243]
/store/data/Run2022C/DoubleMuon/RAW/v1/000/356/381/00000/0a44a603-de8b-4d22-b73e-bdff4ce68897.root [157,159,161,160,158]
/store/data/Run2022C/DoubleMuon/RAW/v1/000/356/381/00000/0b55fb47-4e17-49f2-a753-e625a741e44c.root [99,98,100,97,101]
/store/data/Run2022C/DoubleMuon/RAW/v1/000/356/381/00000/0f8075a8-7c0c-4311-8cb6-83c82ba0d4b7.root [521,518,523,519,520,524,522]
/store/data/Run2022C/DoubleMuon/RAW/v1/000/356/381/00000/12d44287-02d9-45cb-b4e1-949e0a6be7d8.root [692,688,691,690,685,689,686,687]
/store/data/Run2022C/DoubleMuon/RAW/v1/000/356/381/00000/12f37028-a96b-432c-b67b-d9848d1a9351.root [258,257,260,261,259]
/store/data/Run2022C/DoubleMuon/RAW/v1/000/356/381/00000/132e3c46-a45c-4f7d-b6ca-1c08240b5fa8.root [325,324,326,327,328,329]
/store/data/Run2022C/DoubleMuon/RAW/v1/000/356/381/00000/15df8071-e77a-4ddf-8a96-161b53323c63.root [409,411,408,413,410,412]
/store/data/Run2022C/DoubleMuon/RAW/v1/000/356/381/00000/165d0a45-67f3-47b8-ae2f-1cb7aba1e4cf.root [469,463,464,466,467,465,468]
/store/data/Run2022C/DoubleMuon/RAW/v1/000/356/381/00000/1949bada-6de8-4de4-96a6-837923e6a5bc.root [247,248,249,250,251]
/store/data/Run2022C/DoubleMuon/RAW/v1/000/356/381/00000/19e3d6f6-05aa-41f8-b9e7-46bcf221ded4.root [209,211,210,207,208]
/store/data/Run2022C/DoubleMuon/RAW/v1/000/356/381/00000/200aa8d5-d1d6-44dd-935e-6deaeae426da.root [284,287,285,283,286]
/store/data/Run2022C/DoubleMuon/RAW/v1/000/356/381/00000/204acdd7-1d90-417f-9274-c0573483b935.root [22,23,21,24]
/store/data/Run2022C/DoubleMuon/RAW/v1/000/356/381/00000/215d741f-164e-47d0-ae99-34403886a97c.root [179,180,181,177,178]
/store/data/Run2022C/DoubleMuon/RAW/v1/000/356/381/00000/21f47f8d-6c2e-44d5-b3d4-d8fbc113c6f6.root [227,230,229,231,228]
/store/data/Run2022C/DoubleMuon/RAW/v1/000/356/381/00000/2263279d-9d0c-4fba-8655-ef9b052a21f2.root [579,577,578,574,575,576,580]
/store/data/Run2022C/DoubleMuon/RAW/v1/000/356/381/00000/238430ec-ff53-49d5-82e5-fc236c39d9ff.root [985,987,991,992,986,989,993,988,984,990]
/store/data/Run2022C/DoubleMuon/RAW/v1/000/356/381/00000/238e4c73-f617-4f2e-bfde-37507ea9bc2e.root [447,448,446,449,444,445]
/store/data/Run2022C/DoubleMuon/RAW/v1/000/356/381/00000/251075e8-bf34-40ab-b27e-ffe2a23a9395.root [128,130,127,129,131]
/store/data/Run2022C/DoubleMuon/RAW/v1/000/356/381/00000/253accb1-23ed-4ff1-b0de-fba64f767635.root [31,29,32,30]
/store/data/Run2022C/DoubleMuon/RAW/v1/000/356/381/00000/259df68f-724b-4c6c-a852-6ff5f8676174.root [1014,1017,1019,1023,1022,1020,1016,1018,1021,1015]
/store/data/Run2022C/DoubleMuon/RAW/v1/000/356/381/00000/27125bb7-fbab-485e-9c3b-a76bdd85e72c.root [760,764,759,761,763,757,758,762]
/store/data/Run2022C/DoubleMuon/RAW/v1/000/356/381/00000/2bcac356-0407-473f-a707-dafd7da51667.root [1190,1186,1188,1189,1191,1192,1187,1193]
/store/data/Run2022C/DoubleMuon/RAW/v1/000/356/381/00000/2c6dd625-ec9f-441d-9880-60f47f06c82a.root [539,540,541,542,543,545,544]
/store/data/Run2022C/DoubleMuon/RAW/v1/000/356/381/00000/2c933d4a-5303-436f-9690-d4709a86f58d.root [238,239,240,237,241]
/store/data/Run2022C/DoubleMuon/RAW/v1/000/356/381/00000/2d4e3955-67df-43df-9a79-bf4ed43b22be.root [187,189,190,191,188]
/store/data/Run2022C/DoubleMuon/RAW/v1/000/356/381/00000/2eaeb348-ea51-4746-9732-1cb914a15631.root [49,46,48,47]
/store/data/Run2022C/DoubleMuon/RAW/v1/000/356/381/00000/2f2254c1-5d01-40cb-968c-098d30cb14d8.root [182,184,185,186,183]
/store/data/Run2022C/DoubleMuon/RAW/v1/000/356/381/00000/2fb302a7-208e-4993-8800-8eb3a2b78626.root [500,498,503,499,497,502,501]
/store/data/Run2022C/DoubleMuon/RAW/v1/000/356/381/00000/31fd5956-932f-4859-8d2d-79ebc5d8db5b.root [473,474,471,470,475,472]
/store/data/Run2022C/DoubleMuon/RAW/v1/000/356/381/00000/33ddc448-68ff-469b-934d-7dbae79ff62b.root [620,622,618,621,616,619,617]
/store/data/Run2022C/DoubleMuon/RAW/v1/000/356/381/00000/3789a026-93e9-4633-b712-54ebc52da32c.root [769,767,766,770,768,765,771,772]
/store/data/Run2022C/DoubleMuon/RAW/v1/000/356/381/00000/38f282ab-41fa-47bd-a290-d1b16573da1d.root [1065,1066,1071,1067,1070,1068,1064,1069,1073,1072]
/store/data/Run2022C/DoubleMuon/RAW/v1/000/356/381/00000/397508e1-13e9-483d-847c-f6442a22630f.root [492,496,493,491,494,495,490]
/store/data/Run2022C/DoubleMuon/RAW/v1/000/356/381/00000/3a6b102a-074d-4749-9cfb-f3fba7753433.root [84,85,83,82,86]
/store/data/Run2022C/DoubleMuon/RAW/v1/000/356/381/00000/3b775635-bac6-42c1-b1b5-dd1e189f83b8.root [299,295,296,297,294,298]
/store/data/Run2022C/DoubleMuon/RAW/v1/000/356/381/00000/3bdb3146-c4ac-4315-bbf1-a2803fa119e4.root [458,462,461,459,457,460]
/store/data/Run2022C/DoubleMuon/RAW/v1/000/356/381/00000/3cf29bb5-79ee-4588-92af-74e147f6eb3d.root [386,385,389,387,388,384]
/store/data/Run2022C/DoubleMuon/RAW/v1/000/356/381/00000/3d101a0d-c160-4207-92d4-9cbda84e8a0c.root [17,18,20,19]
/store/data/Run2022C/DoubleMuon/RAW/v1/000/356/381/00000/3f2629e1-b357-4264-86d3-40e4c1b7c04b.root [978,980,976,979,982,974,977,981,975,983]
/store/data/Run2022C/DoubleMuon/RAW/v1/000/356/381/00000/4246945a-3194-4041-8585-b38d66f738f0.root [318,320,321,322,319,323]
/store/data/Run2022C/DoubleMuon/RAW/v1/000/356/381/00000/4512ce90-104f-4860-8069-16e62ff66bdc.root [268,267,271,272,269,270]
/store/data/Run2022C/DoubleMuon/RAW/v1/000/356/381/00000/45f2894d-b4dd-43ec-9991-31f4f1c59f30.root [315,312,316,314,317,313]
/store/data/Run2022C/DoubleMuon/RAW/v1/000/356/381/00000/4a2defb6-6aab-413d-984b-6d30b0b8ee9a.root [569,572,573,570,568,567,571]
/store/data/Run2022C/DoubleMuon/RAW/v1/000/356/381/00000/4a4c2ced-4a67-4305-bd18-d3302dd6222a.root [206,205,202,203,204]
/store/data/Run2022C/DoubleMuon/RAW/v1/000/356/381/00000/4d59bb18-b594-4445-ae2c-e16d3e105676.root [333,335,331,334,330,332]
/store/data/Run2022C/DoubleMuon/RAW/v1/000/356/381/00000/544477c9-10b6-441b-a27f-9eadf17f0841.root [588,593,591,590,592,589,594]
/store/data/Run2022C/DoubleMuon/RAW/v1/000/356/381/00000/55509c59-acb2-4b01-b16e-03ddba1c33c5.root [827,832,833,826,829,830,834,828,831]
/store/data/Run2022C/DoubleMuon/RAW/v1/000/356/381/00000/561cb6ce-47ea-4399-bfe1-083cbcb86511.root [1075,1077,1082,1079,1080,1076,1074,1081,1078,1083]
/store/data/Run2022C/DoubleMuon/RAW/v1/000/356/381/00000/578b053a-a6f4-4330-9f58-f7c3b1b9fa3a.root [938,936,941,939,937,943,940,942]
/store/data/Run2022C/DoubleMuon/RAW/v1/000/356/381/00000/58f73a1a-a988-40b1-89db-81a98e38c2f1.root [480,476,481,477,479,478,482]
/store/data/Run2022C/DoubleMuon/RAW/v1/000/356/381/00000/59a3e1bb-5de7-46b0-b4e3-2c04d1f970a6.root [133,132,134,135,136]
/store/data/Run2022C/DoubleMuon/RAW/v1/000/356/381/00000/5ab443f0-5962-4a9f-bc40-f6008609e847.root [219,220,221,218,217]
/store/data/Run2022C/DoubleMuon/RAW/v1/000/356/381/00000/628b1261-a37c-49a2-8c8a-b6f9f98ede8c.root [279,280,281,282,278]
/store/data/Run2022C/DoubleMuon/RAW/v1/000/356/381/00000/63a093e0-dcc2-4d41-8c72-2c98265545b9.root [1024,1028,1029,1025,1027,1031,1033,1026,1030,1032]
/store/data/Run2022C/DoubleMuon/RAW/v1/000/356/381/00000/646f6768-e28e-4416-9ffd-6eae034d54ad.root [96,94,93,92,95]
/store/data/Run2022C/DoubleMuon/RAW/v1/000/356/381/00000/64fd58b4-9163-400e-b25b-6fc5dad90836.root [919,918,920,922,917,923,925,921,924]
/store/data/Run2022C/DoubleMuon/RAW/v1/000/356/381/00000/66fbd598-4c11-47dc-9a49-c25bd73e34b9.root [212,214,216,215,213]
/store/data/Run2022C/DoubleMuon/RAW/v1/000/356/381/00000/67b1c0db-c06b-4426-89a9-776d1ceb3df2.root [275,276,274,273,277]
/store/data/Run2022C/DoubleMuon/RAW/v1/000/356/381/00000/69d5195d-20aa-40dc-8741-9346d6fd7ed1.root [69,67,68,66]
/store/data/Run2022C/DoubleMuon/RAW/v1/000/356/381/00000/6b46c8f3-4a2b-451c-a7f1-13a39b4f6a2c.root [586,582,583,584,581,585,587]
/store/data/Run2022C/DoubleMuon/RAW/v1/000/356/381/00000/6b877c05-b43c-41f2-8418-35e2e5a2ec7d.root [193,194,195,196,192]
/store/data/Run2022C/DoubleMuon/RAW/v1/000/356/381/00000/6c7e4815-a6be-473a-874d-3e417d36c00a.root [726,729,730,731,732,728,727,725]
/store/data/Run2022C/DoubleMuon/RAW/v1/000/356/381/00000/6db420f5-c0a8-4053-a700-dcda0663c6e3.root [745,746,741,744,743,747,742,748]
/store/data/Run2022C/DoubleMuon/RAW/v1/000/356/381/00000/6e9e1d6c-fa3d-491d-b790-c08c853479aa.root [125,124,122,123,126]
/store/data/Run2022C/DoubleMuon/RAW/v1/000/356/381/00000/70e7b754-a23f-45e8-bebe-fd006afe3234.root [597,599,601,596,595,600,598]
/store/data/Run2022C/DoubleMuon/RAW/v1/000/356/381/00000/718803a1-97e4-4734-bb3f-d956e13f445a.root [1046,1052,1053,1045,1047,1049,1048,1051,1044,1050]
/store/data/Run2022C/DoubleMuon/RAW/v1/000/356/381/00000/71e6db42-b5e7-48ec-a254-e16f477b1006.root [111,109,110,108,107]
/store/data/Run2022C/DoubleMuon/RAW/v1/000/356/381/00000/72ee133c-7a48-4019-b70e-374552d45d3b.root [710,715,709,713,716,711,712,714]
/store/data/Run2022C/DoubleMuon/RAW/v1/000/356/381/00000/755e0cef-cd53-4039-99d2-c1ea1e2a2dab.root [672,675,669,671,673,674,676,670]
/store/data/Run2022C/DoubleMuon/RAW/v1/000/356/381/00000/76a9f8b9-a98d-4920-99f0-1a0ffd6f0aa4.root [633,634,630,636,631,635,632]
/store/data/Run2022C/DoubleMuon/RAW/v1/000/356/381/00000/7a167cd0-5fab-4a05-89c3-3c3bd4c4144a.root [655,660,659,654,658,653,656,657]
/store/data/Run2022C/DoubleMuon/RAW/v1/000/356/381/00000/7b97355d-9f8e-4b38-a537-74fc1c0c8497.root [516,511,515,514,517,513,512]
/store/data/Run2022C/DoubleMuon/RAW/v1/000/356/381/00000/7ca329ae-5836-4b54-aad9-c1650e60cf4a.root [694,697,698,700,699,693,695,696]
/store/data/Run2022C/DoubleMuon/RAW/v1/000/356/381/00000/7d0d65e9-c156-4775-b5d9-858fbb01aa3d.root [857,861,856,860,853,855,858,854,859]
/store/data/Run2022C/DoubleMuon/RAW/v1/000/356/381/00000/80d3005d-9051-4de8-89e1-82a764422a2c.root [344,346,345,343,342,347]
/store/data/Run2022C/DoubleMuon/RAW/v1/000/356/381/00000/80fdfd77-87c5-4950-ae88-4dee12aa8b34.root [907,914,911,909,913,912,910,915,908,916]
/store/data/Run2022C/DoubleMuon/RAW/v1/000/356/381/00000/8354c6cd-7106-46fd-94e4-8eef23983649.root [234,235,233,236,232]
/store/data/Run2022C/DoubleMuon/RAW/v1/000/356/381/00000/835bd8cf-522c-4c55-b02d-b17449c74827.root [508,510,504,505,506,507,509]
/store/data/Run2022C/DoubleMuon/RAW/v1/000/356/381/00000/847e2d11-65a4-43e6-a8d6-e50bbd645f16.root [2,1,3,4]
/store/data/Run2022C/DoubleMuon/RAW/v1/000/356/381/00000/855edf65-276a-4dde-8a09-fe8f6116f59b.root [645,646,652,650,651,648,647,649]
/store/data/Run2022C/DoubleMuon/RAW/v1/000/356/381/00000/88697db8-5cc1-4cc8-960f-e23721aa84f2.root [1004,1005,1011,1010,1009,1012,1013,1006,1007,1008]
/store/data/Run2022C/DoubleMuon/RAW/v1/000/356/381/00000/8ad74728-91cc-4910-aec8-277feb59e1dd.root [806,807,801,799,803,804,805,800,802]
/store/data/Run2022C/DoubleMuon/RAW/v1/000/356/381/00000/8b6c7a64-70f3-4d11-b61c-1a6330b1d6a8.root [1152,1145,1146,1150,1151,1148,1149,1154,1144,1147,1155,1153]
/store/data/Run2022C/DoubleMuon/RAW/v1/000/356/381/00000/8bc88cf9-aaa0-4b59-9cdf-caa838918142.root [423,421,422,420,424,425]
/store/data/Run2022C/DoubleMuon/RAW/v1/000/356/381/00000/8ca1c0ce-a8e3-4cd8-848a-87401fd8f04e.root [956,954,957,958,959,960,963,962,955,961]
/store/data/Run2022C/DoubleMuon/RAW/v1/000/356/381/00000/8d24f2e1-3a07-4c53-b010-613f3c6d0f6d.root [562,564,560,565,566,563,561]
/store/data/Run2022C/DoubleMuon/RAW/v1/000/356/381/00000/8d88b16d-96ff-4040-a39c-b2eb62da4660.root [143,142,145,146,144]
/store/data/Run2022C/DoubleMuon/RAW/v1/000/356/381/00000/90f66046-1f0f-4ee0-aef8-5cc64c87ef8e.root [77,74,76,75]
/store/data/Run2022C/DoubleMuon/RAW/v1/000/356/381/00000/919aa804-0529-47ec-8462-a7175f37fb20.root [147,151,149,150,148]
/store/data/Run2022C/DoubleMuon/RAW/v1/000/356/381/00000/9302752b-7e32-48d3-bb36-97be9d4865d7.root [43,42,44,45]
/store/data/Run2022C/DoubleMuon/RAW/v1/000/356/381/00000/93c5072f-5b86-4356-84aa-a6660f877ee1.root [169,171,170,168,167]
/store/data/Run2022C/DoubleMuon/RAW/v1/000/356/381/00000/94332c69-da01-441d-8d7c-9c8d2d8f01e9.root [64,65,63,62]
/store/data/Run2022C/DoubleMuon/RAW/v1/000/356/381/00000/94b85a19-d047-4363-a6ca-5fa21372bcfa.root [87,90,91,88,89]
/store/data/Run2022C/DoubleMuon/RAW/v1/000/356/381/00000/95545c15-7f09-4244-af5b-042edd6d9a91.root [380,381,379,383,382,378]
/store/data/Run2022C/DoubleMuon/RAW/v1/000/356/381/00000/95af0e9c-d98c-424c-840e-556e35292539.root [662,668,661,665,664,666,667,663]
/store/data/Run2022C/DoubleMuon/RAW/v1/000/356/381/00000/97890ecf-78c2-43e6-8683-dc00b5ac7ab0.root [751,754,755,749,753,750,752,756]
/store/data/Run2022C/DoubleMuon/RAW/v1/000/356/381/00000/97b13213-42d3-4c7f-b540-e372617f3a3e.root [56,54,55,57]
/store/data/Run2022C/DoubleMuon/RAW/v1/000/356/381/00000/98a5438b-4355-4dab-acc0-46899c5b2e1c.root [436,437,433,434,435,432]
/store/data/Run2022C/DoubleMuon/RAW/v1/000/356/381/00000/9a7df755-1bcb-439e-a2e8-24e16fe93664.root [118,119,120,121,117]
/store/data/Run2022C/DoubleMuon/RAW/v1/000/356/381/00000/9c45b7a2-1dec-4f43-9a1a-4c0f39fe4ee2.root [528,526,527,531,530,525,529]
/store/data/Run2022C/DoubleMuon/RAW/v1/000/356/381/00000/9c76d78a-10be-4a7b-a6dd-b2008bb8908c.root [302,304,300,303,301,305]
/store/data/Run2022C/DoubleMuon/RAW/v1/000/356/381/00000/9d480105-d13b-4f43-93c2-1b6a0e750676.root [839,835,837,838,840,843,836,841,842]
/store/data/Run2022C/DoubleMuon/RAW/v1/000/356/381/00000/9dd9000c-ff89-4d6a-a6c1-a271110fca46.root [926,934,935,931,933,929,927,930,928,932]
/store/data/Run2022C/DoubleMuon/RAW/v1/000/356/381/00000/9ed35fe0-11e3-46b2-a0be-f388e5469660.root [439,441,440,443,442,438]
/store/data/Run2022C/DoubleMuon/RAW/v1/000/356/381/00000/9ed8841b-8a0f-4184-bb5d-0aa6b96285f7.root [7,5,8,6]
/store/data/Run2022C/DoubleMuon/RAW/v1/000/356/381/00000/9fa1f1ad-d342-40af-a846-7476c502a896.root [73,72,70,71]
/store/data/Run2022C/DoubleMuon/RAW/v1/000/356/381/00000/9fd4bd4b-bf39-498f-a7a6-6f42bb826cb3.root [1159,1162,1164,1156,1157,1165,1158,1161,1163,1160]
/store/data/Run2022C/DoubleMuon/RAW/v1/000/356/381/00000/a0042ec7-c5cd-4e90-8b9a-73c4d77e181b.root [1113,1106,1111,1104,1107,1110,1105,1108,1109,1112]
/store/data/Run2022C/DoubleMuon/RAW/v1/000/356/381/00000/a20d679f-6b28-4068-98f6-a130555c1d1d.root [349,348,351,352,353,350]
/store/data/Run2022C/DoubleMuon/RAW/v1/000/356/381/00000/a3c0af3b-eb54-4d7b-a329-0ad9d9f56de0.root [551,547,549,552,546,550,548]
/store/data/Run2022C/DoubleMuon/RAW/v1/000/356/381/00000/a66d5f63-8900-45f6-9633-058a04f7b650.root [995,1003,1001,994,998,1000,1002,996,997,999]
/store/data/Run2022C/DoubleMuon/RAW/v1/000/356/381/00000/a94211b5-0ccb-434f-aa3c-812f88e2bb2e.root [781,782,783,786,788,787,789,784,785]
/store/data/Run2022C/DoubleMuon/RAW/v1/000/356/381/00000/a9607c31-43cb-4705-85b0-ec404c3713a5.root [137,138,141,139,140]
/store/data/Run2022C/DoubleMuon/RAW/v1/000/356/381/00000/a96b9125-f7e0-4ccf-b49a-8e9235df9e04.root [338,340,339,336,337,341]
/store/data/Run2022C/DoubleMuon/RAW/v1/000/356/381/00000/acc67a85-998a-4c56-80b3-dde8881841bd.root [288,293,291,292,290,289]
/store/data/Run2022C/DoubleMuon/RAW/v1/000/356/381/00000/accce7e8-8cba-4cc0-b4f4-773c83914db3.root [166,163,165,162,164]
/store/data/Run2022C/DoubleMuon/RAW/v1/000/356/381/00000/aebf52e3-ec1f-4d93-9db6-cda4a74a991b.root [365,360,364,361,362,363]
/store/data/Run2022C/DoubleMuon/RAW/v1/000/356/381/00000/aec058bf-7d17-4bfe-80f7-212cc54fd6f4.root [41,37,38,40,39]
/store/data/Run2022C/DoubleMuon/RAW/v1/000/356/381/00000/aecb5735-64e9-49c1-949a-6cb7b9fbc3e5.root [637,639,643,638,642,644,640,641]
/store/data/Run2022C/DoubleMuon/RAW/v1/000/356/381/00000/af42dfba-9d07-4035-9ea6-b7af492ded35.root [613,611,610,612,614,615,609]
/store/data/Run2022C/DoubleMuon/RAW/v1/000/356/381/00000/b0e5ca69-7187-495e-88cb-7c1362bc62bd.root [1134,1140,1143,1135,1139,1137,1141,1138,1136,1142]
/store/data/Run2022C/DoubleMuon/RAW/v1/000/356/381/00000/b1cfaebc-c61e-4902-8be8-6c1ba9f6dd05.root [34,36,33,35]
/store/data/Run2022C/DoubleMuon/RAW/v1/000/356/381/00000/b2067e1c-84e6-4f71-83c3-219e1df54ff7.root [717,722,721,723,724,718,719,720]
/store/data/Run2022C/DoubleMuon/RAW/v1/000/356/381/00000/b633ef3c-6388-4f5e-a8e7-1efa62f7d3be.root [905,904,900,902,906,903,899,901,898]
/store/data/Run2022C/DoubleMuon/RAW/v1/000/356/381/00000/b7716426-30e1-414a-b911-7e7b35101089.root [1054,1063,1056,1057,1058,1061,1059,1060,1062,1055]
/store/data/Run2022C/DoubleMuon/RAW/v1/000/356/381/00000/b9d85cf0-c0d2-4470-be30-2c4561307766.root [846,847,850,845,848,852,849,851,844]
/store/data/Run2022C/DoubleMuon/RAW/v1/000/356/381/00000/bc0a9ce2-5857-4f1e-ae7c-0bec0a4e276c.root [51,52,53,50]
/store/data/Run2022C/DoubleMuon/RAW/v1/000/356/381/00000/bc81c204-90ae-4eb8-b9c3-fd27b725996d.root [28,26,25,27]
/store/data/Run2022C/DoubleMuon/RAW/v1/000/356/381/00000/bd2d3ac1-729a-4a24-8bef-909b920f8db6.root [821,820,817,818,824,819,822,823,825]
/store/data/Run2022C/DoubleMuon/RAW/v1/000/356/381/00000/bd486b97-94be-4b59-b40a-295a7c3d316e.root [306,311,310,307,309,308]
/store/data/Run2022C/DoubleMuon/RAW/v1/000/356/381/00000/bf2450e3-d8fd-47b7-bd4f-58a76576cc9b.root [1038,1037,1039,1034,1035,1040,1036,1043,1041,1042]
/store/data/Run2022C/DoubleMuon/RAW/v1/000/356/381/00000/c2685d3d-df24-4bd0-babe-e01365cf3c75.root [357,355,358,354,356,359]
/store/data/Run2022C/DoubleMuon/RAW/v1/000/356/381/00000/c30d0fcb-b4d0-48ba-9d22-ce7fb4bb61d3.root [538,533,536,534,535,532,537]
/store/data/Run2022C/DoubleMuon/RAW/v1/000/356/381/00000/c30ffacc-1392-4852-9175-c8b18e9637f2.root [456,450,453,455,451,452,454]
/store/data/Run2022C/DoubleMuon/RAW/v1/000/356/381/00000/c343fc33-949a-47b1-a3c6-fcdb98bc86c6.root [80,79,78,81]
/store/data/Run2022C/DoubleMuon/RAW/v1/000/356/381/00000/c3d7175a-47ae-4713-91f7-977f7c4418de.root [882,884,887,888,883,886,880,881,885]
/store/data/Run2022C/DoubleMuon/RAW/v1/000/356/381/00000/c439ff3c-7b0d-4c4b-95f6-5de1c02941b9.root [734,735,736,739,740,733,737,738]
/store/data/Run2022C/DoubleMuon/RAW/v1/000/356/381/00000/c733183c-55ad-4b33-a603-e61cb45c64b3.root [1172,1175,1168,1171,1166,1173,1170,1169,1174,1167]
/store/data/Run2022C/DoubleMuon/RAW/v1/000/356/381/00000/c856e6d4-2ddd-4324-8ac6-3af7036ea1ae.root [390,391,395,393,392,394]
/store/data/Run2022C/DoubleMuon/RAW/v1/000/356/381/00000/cabcd15a-7ac6-4b42-a912-dd8d7e2d5543.root [1115,1114,1118,1119,1121,1116,1117,1120,1122,1123]
/store/data/Run2022C/DoubleMuon/RAW/v1/000/356/381/00000/cac5b936-f519-4d8c-adb8-33fb46c0c90e.root [200,201,197,198,199]
/store/data/Run2022C/DoubleMuon/RAW/v1/000/356/381/00000/cc3c5954-1f2b-498b-aa4c-613418c0d42f.root [155,154,153,156,152]
/store/data/Run2022C/DoubleMuon/RAW/v1/000/356/381/00000/d28f9f81-c957-4857-82e6-01c1e617f8dd.root [9,10,12,11]
/store/data/Run2022C/DoubleMuon/RAW/v1/000/356/381/00000/d2e58043-3d44-4db7-ae48-894763aa112f.root [104,102,103,106,105]
/store/data/Run2022C/DoubleMuon/RAW/v1/000/356/381/00000/d6fcc9f3-5e75-4d10-afca-6a77d49b2f5c.root [559,553,555,557,558,554,556]
/store/data/Run2022C/DoubleMuon/RAW/v1/000/356/381/00000/da5fa50d-7e25-4507-a5ea-0a6c6f023a63.root [114,116,112,113,115]
/store/data/Run2022C/DoubleMuon/RAW/v1/000/356/381/00000/dbb8f064-1142-4b17-81f9-1da6c18262be.root [58,59,61,60]
/store/data/Run2022C/DoubleMuon/RAW/v1/000/356/381/00000/dd6b41d2-bf26-4dc0-8efb-38d2de54a80c.root [871,875,879,874,878,876,877,872,873]
/store/data/Run2022C/DoubleMuon/RAW/v1/000/356/381/00000/de6244b8-d692-4162-aafc-521708b3cae5.root [775,774,780,777,779,776,773,778]
/store/data/Run2022C/DoubleMuon/RAW/v1/000/356/381/00000/dee51e31-a547-4d9c-912b-e454aa2788bb.root [264,265,266,263,262]
/store/data/Run2022C/DoubleMuon/RAW/v1/000/356/381/00000/e3a51de4-5e33-4db5-823f-b0bef4cc4f29.root [973,969,968,967,970,972,965,966,971,964]
/store/data/Run2022C/DoubleMuon/RAW/v1/000/356/381/00000/e71a3105-7237-443c-80c1-af4fb07f298e.root [15,13,14,16]
/store/data/Run2022C/DoubleMuon/RAW/v1/000/356/381/00000/e8da5ccf-707a-48bd-ba31-4b19907ebe57.root [407,406,403,405,404,402]
/store/data/Run2022C/DoubleMuon/RAW/v1/000/356/381/00000/eb1a3b09-a02b-4814-9db0-d752b6665f26.root [397,399,396,398,400,401]
/store/data/Run2022C/DoubleMuon/RAW/v1/000/356/381/00000/ebb708bf-9682-42eb-b894-874b98d09d4e.root [892,895,889,890,891,896,894,893,897]
/store/data/Run2022C/DoubleMuon/RAW/v1/000/356/381/00000/ec4ccf35-3dd0-497a-bdc2-2de849d25a13.root [1125,1130,1124,1127,1132,1129,1131,1126,1128,1133]
/store/data/Run2022C/DoubleMuon/RAW/v1/000/356/381/00000/ed92a88d-d960-46b1-835d-21b9a7c91e8e.root [426,429,431,427,430,428]
/store/data/Run2022C/DoubleMuon/RAW/v1/000/356/381/00000/edd5640d-be60-4ca9-9e31-92b424b3dd98.root [483,484,488,489,487,486,485]
/store/data/Run2022C/DoubleMuon/RAW/v1/000/356/381/00000/ef36eb86-7156-4a47-9d1e-f35d7951d186.root [707,701,703,704,708,705,702,706]
/store/data/Run2022C/DoubleMuon/RAW/v1/000/356/381/00000/f088d7b3-fffc-4f24-89f5-29ad3760460f.root [176,174,172,173,175]
/store/data/Run2022C/DoubleMuon/RAW/v1/000/356/381/00000/f182f8f0-2f67-4854-83e4-07584973f7ee.root [1088,1090,1091,1092,1086,1084,1087,1093,1089,1085]
/store/data/Run2022C/DoubleMuon/RAW/v1/000/356/381/00000/f3547fe8-8d57-4e96-9c7f-234a8c8251d6.root [868,869,866,870,863,864,867,862,865]
/store/data/Run2022C/DoubleMuon/RAW/v1/000/356/381/00000/f7027d67-9567-4906-ba49-ff06f5f1b96b.root [1185,1182,1177,1181,1183,1179,1180,1176,1178,1184]
/store/data/Run2022C/DoubleMuon/RAW/v1/000/356/381/00000/fa49bbed-e79f-4d33-a61e-165e084f3c69.root [374,376,373,377,375,372]
/store/data/Run2022C/DoubleMuon/RAW/v1/000/356/381/00000/fcebe73a-9427-451e-9a9b-71844964f512.root [623,625,627,629,626,628,624]
