/store/data/Run2022D/HLTPhysics/RAW/v1/000/357/735/00000/0d9cb9d3-e435-4257-b57f-31e9cc96ebee.root [4,7,10,13,9,2,3,6,8,1,11,5,12]
/store/data/Run2022D/HLTPhysics/RAW/v1/000/357/735/00000/0f7cdbb8-ecd8-44b5-90ca-48c7605a528d.root [152,154,158,159,160,161,151,150,153,156,157,155]
/store/data/Run2022D/HLTPhysics/RAW/v1/000/357/735/00000/11a099aa-1760-495e-b67d-d642ea4df779.root [1027,1036,1031,1032,1033,1024,1025,1042,1034,1023,1026,1028,1035,1038,1040,1030,1029,1037,1039,1041]
/store/data/Run2022D/HLTPhysics/RAW/v1/000/357/735/00000/13918cdc-4de8-4b5a-b7f1-56295f97789c.root [1007,1016,1022,1011,1015,1017,1003,1013,1005,1014,1018,1020,1008,1009,1010,1004,1006,1019,1012,1021]
/store/data/Run2022D/HLTPhysics/RAW/v1/000/357/735/00000/13a0d8a5-e5d5-4d02-812e-b7f8e764dae2.root [719,720,713,709,711,712,714,717,721,703,706,716,705,708,710,715,722,718,704,707]
/store/data/Run2022D/HLTPhysics/RAW/v1/000/357/735/00000/1733f1b9-ad29-4a99-bbfb-3cd5d0c8e878.root [544,545,540,536,538,542,547,553,539,541,548,549,537,550,543,546,551,552]
/store/data/Run2022D/HLTPhysics/RAW/v1/000/357/735/00000/179aaf2e-d161-42eb-ae1b-6314e5eccf01.root [593,597,600,590,592,601,607,598,604,605,599,595,596,602,603,591,594,606]
/store/data/Run2022D/HLTPhysics/RAW/v1/000/357/735/00000/1dbd0608-69b6-4e3f-9db4-acbbd2f8ab76.root [124,128,134,131,125,126,121,129,123,130,132,120,133,127,122]
/store/data/Run2022D/HLTPhysics/RAW/v1/000/357/735/00000/22797258-09d3-4d2c-827e-521468a7e6f6.root [934,942,943,940,945,946,941,932,935,939,931,936,944,933,937,938]
/store/data/Run2022D/HLTPhysics/RAW/v1/000/357/735/00000/23982f9e-0365-4312-bb6f-014b77be67c8.root [492,494,499,486,491,496,498,482,489,490,485,488,497,484,493,495,483,487]
/store/data/Run2022D/HLTPhysics/RAW/v1/000/357/735/00000/23bce2dc-8a27-4281-8183-c5196c3d825d.root [68,76,67,73,75,72,66,77,71,70,69,74]
/store/data/Run2022D/HLTPhysics/RAW/v1/000/357/735/00000/2d57f728-2f8c-4f77-9763-6741ed2e31ca.root [919,921,922,925,929,917,924,920,923,918,926,928,930,927,915,916]
/store/data/Run2022D/HLTPhysics/RAW/v1/000/357/735/00000/2fb12b9d-98b8-47c2-a31b-9d767d5b32ac.root [28,34,36,26,33,37,27,29,32,31,35,38,30]
/store/data/Run2022D/HLTPhysics/RAW/v1/000/357/735/00000/32d2bfe5-28b4-4ac3-9634-435d8e2a80a0.root [696,697,700,685,686,691,701,688,690,684,687,689,694,695,692,699,702,683,693,698]
/store/data/Run2022D/HLTPhysics/RAW/v1/000/357/735/00000/3a9a4a89-8af3-4d5e-9a0c-9848387147d5.root [631,635,630,632,637,626,638,640,627,628,634,642,629,641,643,639,633,636]
/store/data/Run2022D/HLTPhysics/RAW/v1/000/357/735/00000/4a89e74a-4345-4092-a089-061779a8e98f.root [361,365,358,367,362,366,369,371,360,363,370,372,359,364,368]
/store/data/Run2022D/HLTPhysics/RAW/v1/000/357/735/00000/4db11ad6-0a84-4f22-b36e-8bcefe7f830e.root [192,200,201,193,203,197,195,196,204,205,194,199,206,198,202]
/store/data/Run2022D/HLTPhysics/RAW/v1/000/357/735/00000/4dde7416-4501-4d83-b62b-5976b4e17c11.root [465,473,477,480,464,466,476,479,475,467,469,478,468,470,471,472,474,481]
/store/data/Run2022D/HLTPhysics/RAW/v1/000/357/735/00000/4fc02ea2-0c85-48ce-ad1d-8610c08b633d.root [746,754,744,750,756,758,753,747,761,757,762,752,760,745,748,759,743,749,751,755]
/store/data/Run2022D/HLTPhysics/RAW/v1/000/357/735/00000/4fd96bf0-30be-4219-a56c-aab0113ff927.root [81,88,79,83,78,82,85,80,89,86,87,84]
/store/data/Run2022D/HLTPhysics/RAW/v1/000/357/735/00000/5118d73b-96b2-4921-bde6-06e692ef0e23.root [164,170,174,175,165,173,176,162,172,171,163,169,166,167,168]
/store/data/Run2022D/HLTPhysics/RAW/v1/000/357/735/00000/515b55bf-423e-4ed5-b30b-647f94904638.root [287,285,282,283,286,293,292,295,284,289,290,291,296,288,294]
/store/data/Run2022D/HLTPhysics/RAW/v1/000/357/735/00000/565e15cb-febb-4720-b7e7-ccc7bab6a19b.root [426,429,425,427,418,428,419,421,422,431,420,423,424,430,432]
/store/data/Run2022D/HLTPhysics/RAW/v1/000/357/735/00000/5e5b25ac-0e87-4ed9-9d8e-7f81a3ebe3a1.root [329,334,328,332,333,338,339,330,335,336,341,327,331,340,337]
/store/data/Run2022D/HLTPhysics/RAW/v1/000/357/735/00000/5e8746d7-850e-4f77-89d3-c4810a22a2c3.root [505,513,502,507,504,516,500,506,501,503,509,517,508,511,512,515,510,514]
/store/data/Run2022D/HLTPhysics/RAW/v1/000/357/735/00000/60cf16bd-472a-49ec-9bf9-13cf8a08cb19.root [244,242,238,249,251,239,245,246,243,247,250,237,240,241,248]
/store/data/Run2022D/HLTPhysics/RAW/v1/000/357/735/00000/65180121-0b47-491e-8e79-8fe1f2224f9b.root [437,442,434,439,435,444,447,438,443,445,446,433,436,440,441]
/store/data/Run2022D/HLTPhysics/RAW/v1/000/357/735/00000/6d89468e-4ff6-49ed-bc9a-a73335b5f9a6.root [576,577,584,579,581,583,586,582,589,575,572,573,578,580,587,588,574,585]
/store/data/Run2022D/HLTPhysics/RAW/v1/000/357/735/00000/6df34aad-fac1-4da0-a0ee-d3ca9c44c97b.root [852,854,860,856,857,864,848,849,866,850,855,862,865,853,858,859,863,847,851,861]
/store/data/Run2022D/HLTPhysics/RAW/v1/000/357/735/00000/709145e0-80e5-46bc-bb02-5afa78a7cd41.root [949,957,959,955,958,961,947,952,950,962,948,951,953,960,954,956]
/store/data/Run2022D/HLTPhysics/RAW/v1/000/357/735/00000/70f5e730-c72f-42db-9538-b1afa58d6147.root [214,218,220,217,221,207,216,211,213,215,208,212,209,210,219]
/store/data/Run2022D/HLTPhysics/RAW/v1/000/357/735/00000/71459ec6-9615-4184-bf91-6f0ce209974d.root [809,810,811,820,803,807,815,822,812,808,819,806,813,818,814,816,817,821,804,805]
/store/data/Run2022D/HLTPhysics/RAW/v1/000/357/735/00000/72919e9f-55d0-496a-b144-a55447a10a76.root [767,768,775,777,771,779,766,769,770,776,778,765,781,772,774,782,763,764,773,780]
/store/data/Run2022D/HLTPhysics/RAW/v1/000/357/735/00000/799c6b68-42c1-4362-9683-bcc1b0fbb6af.root [823,826,833,837,839,842,846,824,828,830,832,836,841,831,844,827,843,845,829,825,834,835,838,840]
/store/data/Run2022D/HLTPhysics/RAW/v1/000/357/735/00000/7acbb192-babb-4362-a167-f11f5b1cc352.root [396,392,395,391,397,389,390,401,394,393,398,400,388,399,402]
/store/data/Run2022D/HLTPhysics/RAW/v1/000/357/735/00000/8613d455-50cf-4e4f-95b7-e6980778df8b.root [140,146,138,147,139,144,145,135,136,137,141,148,149,142,143]
/store/data/Run2022D/HLTPhysics/RAW/v1/000/357/735/00000/8895ee4e-4d42-47ab-9b3e-6f51815034d9.root [376,378,379,387,377,373,375,380,381,383,374,384,382,386,385]
/store/data/Run2022D/HLTPhysics/RAW/v1/000/357/735/00000/8917a8b7-be90-43fa-8373-4445d93af83e.root [964,968,970,982,963,965,966,967,969,977,972,976,981,973,975,971,974,978,979,980]
/store/data/Run2022D/HLTPhysics/RAW/v1/000/357/735/00000/8d6653e1-4021-4109-ac67-dd325b49f32b.root [254,255,259,260,265,257,258,263,264,261,262,266,256,252,253]
/store/data/Run2022D/HLTPhysics/RAW/v1/000/357/735/00000/93ab0dde-820f-4a64-b782-4e4054662fad.root [869,882,880,881,867,868,876,878,870,873,874,871,872,875,877,879]
/store/data/Run2022D/HLTPhysics/RAW/v1/000/357/735/00000/99f30158-0fd0-4c1e-84c9-dd55dc743d0a.root [344,346,351,349,355,357,345,350,353,354,342,343,348,347,352,356]
/store/data/Run2022D/HLTPhysics/RAW/v1/000/357/735/00000/ad0fa141-827b-4c21-8b2f-cccf7e4ffb14.root [728,735,724,729,742,733,725,734,737,731,726,736,740,738,723,727,730,732,739,741]
/store/data/Run2022D/HLTPhysics/RAW/v1/000/357/735/00000/ae5d447a-9841-490e-a2dc-f9b5e2b93b36.root [554,561,563,564,569,556,559,571,558,567,570,560,562,568,555,557,565,566]
/store/data/Run2022D/HLTPhysics/RAW/v1/000/357/735/00000/af36502b-99bb-4369-b632-ebe1d485c6b7.root [521,535,532,520,528,534,523,526,527,529,522,524,530,531,518,519,525,533]
/store/data/Run2022D/HLTPhysics/RAW/v1/000/357/735/00000/b43ddee8-a11e-4df4-aa95-cc1daccd8976.root [96,104,91,100,103,90,92,95,101,93,97,98,94,99,102]
/store/data/Run2022D/HLTPhysics/RAW/v1/000/357/735/00000/b50dba6f-e27c-4abd-bbe2-2adcbadad927.root [1053,1051,1052,1054,1055,1056,1059,1046,1047,1049,1050,1062,1061,1043,1044,1045,1048,1057,1058,1060]
/store/data/Run2022D/HLTPhysics/RAW/v1/000/357/735/00000/b8885169-0839-45ac-a426-33691b0094db.root [1103,1118,1119,1109,1104,1110,1105,1122,1112,1114,1115,1117,1120,1107,1108,1113,1116,1121,1106,1111]
/store/data/Run2022D/HLTPhysics/RAW/v1/000/357/735/00000/bcef8082-f522-491f-99ca-476750eb88a4.root [53,54,55,57,58,60,62,56,59,61,63,64,65]
/store/data/Run2022D/HLTPhysics/RAW/v1/000/357/735/00000/c4c2867e-af35-49e4-bb8d-f3b0a9beee24.root [1084,1090,1091,1094,1095,1098,1089,1092,1100,1102,1085,1093,1083,1087,1088,1086,1096,1097,1099,1101]
/store/data/Run2022D/HLTPhysics/RAW/v1/000/357/735/00000/c62db60f-c760-472b-80a1-16196bfd290f.root [449,450,452,453,459,457,461,455,448,460,463,456,462,451,454,458]
/store/data/Run2022D/HLTPhysics/RAW/v1/000/357/735/00000/c9751ebf-793b-48b6-a459-509704d768b2.root [802,789,783,788,795,796,784,793,791,792,787,798,799,801,786,790,794,800,785,797]
/store/data/Run2022D/HLTPhysics/RAW/v1/000/357/735/00000/c9e938cd-14b7-4495-a699-a01411327230.root [297,298,300,305,311,303,308,310,301,306,309,299,302,307,304]
/store/data/Run2022D/HLTPhysics/RAW/v1/000/357/735/00000/cb15ecdc-de3c-4560-875f-5bfaa1f28694.root [177,183,186,187,181,189,179,178,188,180,185,190,182,184,191]
/store/data/Run2022D/HLTPhysics/RAW/v1/000/357/735/00000/cc8b9579-3ef5-47cb-b3a3-03488844bb89.root [118,106,111,115,117,110,113,116,105,107,108,109,112,114,119]
/store/data/Run2022D/HLTPhysics/RAW/v1/000/357/735/00000/cd66323b-c468-4f52-84eb-ceeb195419bd.root [1067,1076,1072,1077,1069,1070,1066,1074,1065,1081,1064,1073,1078,1079,1063,1071,1075,1080,1082,1068]
/store/data/Run2022D/HLTPhysics/RAW/v1/000/357/735/00000/d1b9634b-6e8c-4c3f-86bf-10f03ce68c89.root [317,316,319,321,326,320,313,324,314,315,318,312,322,323,325]
/store/data/Run2022D/HLTPhysics/RAW/v1/000/357/735/00000/d7b6e0f3-3a4e-4845-aaba-c5312a30b252.root [983,984,993,988,997,998,1000,985,990,992,1001,1002,996,986,994,995,987,989,991,999]
/store/data/Run2022D/HLTPhysics/RAW/v1/000/357/735/00000/d8802bb0-064f-463b-b639-ef471cf3df5f.root [609,615,618,619,620,624,613,623,610,621,612,614,617,608,611,622,616,625]
/store/data/Run2022D/HLTPhysics/RAW/v1/000/357/735/00000/d8bfe185-6766-4ad8-997c-9e499e8b3614.root [405,408,412,415,416,409,403,413,404,410,417,414,411,406,407]
/store/data/Run2022D/HLTPhysics/RAW/v1/000/357/735/00000/d94857b4-afb0-45af-b1e8-a4403ddf669a.root [1124,1126,1131,1137,1123,1129,1128,1132,1127,1135,1130,1136,1125,1134,1133]
/store/data/Run2022D/HLTPhysics/RAW/v1/000/357/735/00000/dc0d9011-f74f-4c04-8f91-2e11f1b48c48.root [668,675,680,671,672,666,667,669,670,674,665,677,679,681,682,664,673,676,678]
/store/data/Run2022D/HLTPhysics/RAW/v1/000/357/735/00000/e2a824b2-0f45-47f4-8ada-0116f918fab4.root [18,21,17,20,23,16,15,25,14,19,22,24]
/store/data/Run2022D/HLTPhysics/RAW/v1/000/357/735/00000/e524fc9e-d8b3-40b4-be72-95b802ee05cd.root [267,269,268,272,281,278,273,274,275,279,276,277,270,271,280]
/store/data/Run2022D/HLTPhysics/RAW/v1/000/357/735/00000/e5449e4a-c70a-4ad7-9c76-8b9f6083ea88.root [233,229,232,236,223,231,227,228,235,224,225,226,230,222,234]
/store/data/Run2022D/HLTPhysics/RAW/v1/000/357/735/00000/e9307ddd-6709-4129-b38e-3f8e57c28186.root [883,891,894,897,884,895,890,885,889,898,887,888,892,886,893,896]
/store/data/Run2022D/HLTPhysics/RAW/v1/000/357/735/00000/eae2c5e8-b72f-488a-90a8-fdc3a3ed74a3.root [42,43,47,48,45,51,44,49,50,52,40,46,39,41]
/store/data/Run2022D/HLTPhysics/RAW/v1/000/357/735/00000/f25dd453-aaf5-413e-8abb-959b4971366d.root [654,650,655,663,653,658,659,645,646,647,649,652,648,651,660,644,657,656,661,662]
/store/data/Run2022D/HLTPhysics/RAW/v1/000/357/735/00000/ffc9da6f-6059-4bc4-a50d-5e79d62afa18.root [902,907,913,900,905,904,909,899,906,910,911,912,901,903,908,914]
