/store/data/Run2024C/MuonEG/RAW/v1/000/380/049/00000/02ccb064-fb1b-4042-9449-0ebf9b2118ec.root [507,509,508,510]
/store/data/Run2024C/MuonEG/RAW/v1/000/380/049/00000/036ec116-6342-4d8a-8da1-40115cb0ec0f.root [317,318,320,319]
/store/data/Run2024C/MuonEG/RAW/v1/000/380/049/00000/05690a34-4592-4e2b-8f12-1140fba529d9.root [465,467,466,468]
/store/data/Run2024C/MuonEG/RAW/v1/000/380/049/00000/058714bc-b7f3-4c4e-ac6f-1b76aaf1b8d8.root [735,734,732,733]
/store/data/Run2024C/MuonEG/RAW/v1/000/380/049/00000/0713f49f-9e65-4113-becb-fc8088def463.root [505,503,504,506]
/store/data/Run2024C/MuonEG/RAW/v1/000/380/049/00000/081c93a8-a142-41ae-9fc5-745136853353.root [219,221,222,220]
/store/data/Run2024C/MuonEG/RAW/v1/000/380/049/00000/092ac243-66ae-405b-a9a1-c546caec5f15.root [108,111,110,107,109]
/store/data/Run2024C/MuonEG/RAW/v1/000/380/049/00000/0a2c129b-82d1-4f92-b204-451d215bdc91.root [635,632,633,634]
/store/data/Run2024C/MuonEG/RAW/v1/000/380/049/00000/0b5d5a1b-50bc-430f-b797-02e559bc2596.root [630,628,631,629]
/store/data/Run2024C/MuonEG/RAW/v1/000/380/049/00000/0c31316f-2c45-479a-91be-ee113ba96ee4.root [251,253,252,254]
/store/data/Run2024C/MuonEG/RAW/v1/000/380/049/00000/0c9edf9e-6a6e-485d-a282-6156bcf4058b.root [58,54,57,53,55,60,61,56,59]
/store/data/Run2024C/MuonEG/RAW/v1/000/380/049/00000/0d45dd83-432c-429d-b339-277a71bef766.root [832,830,831,829]
/store/data/Run2024C/MuonEG/RAW/v1/000/380/049/00000/0f358fb8-e12a-4e77-b758-78d40175a4e7.root [572,575,573,574]
/store/data/Run2024C/MuonEG/RAW/v1/000/380/049/00000/1005af04-4067-4a42-8a80-014442cb11c1.root [121,117,119,120,118]
/store/data/Run2024C/MuonEG/RAW/v1/000/380/049/00000/107b3a73-8913-49ba-b9cd-188fcc4cbdb4.root [112,114,115,113,116]
/store/data/Run2024C/MuonEG/RAW/v1/000/380/049/00000/11377846-86ee-4a87-9ee7-5ce8b009b0f7.root [469,471,470,472]
/store/data/Run2024C/MuonEG/RAW/v1/000/380/049/00000/126725a6-d2ea-4583-ad22-3bef53ed8c0a.root [837,839,841,838,840]
/store/data/Run2024C/MuonEG/RAW/v1/000/380/049/00000/133c208a-9ab0-4d16-9a66-43b140f95909.root [524,523,522,525]
/store/data/Run2024C/MuonEG/RAW/v1/000/380/049/00000/13b51aaf-75a8-4364-8812-ede28300a142.root [744,747,745,746]
/store/data/Run2024C/MuonEG/RAW/v1/000/380/049/00000/1480a4cb-e1c3-496f-8a32-be8604c84ac1.root [4,2,1,3]
/store/data/Run2024C/MuonEG/RAW/v1/000/380/049/00000/14dc01bf-15c0-4425-8659-d98f8aa7842d.root [97,100,101,98,99]
/store/data/Run2024C/MuonEG/RAW/v1/000/380/049/00000/1503bf4a-fcd5-4779-89f1-0ce0de572bdc.root [676,677,675,678]
/store/data/Run2024C/MuonEG/RAW/v1/000/380/049/00000/152e7ace-1413-4c7a-89c9-a7d048c7252a.root [410,411,412]
/store/data/Run2024C/MuonEG/RAW/v1/000/380/049/00000/15c2a905-14a5-485f-bae0-7f8888e45737.root [381,382,380,379]
/store/data/Run2024C/MuonEG/RAW/v1/000/380/049/00000/1627984b-a1f3-4ba1-95cd-f738ae3f1798.root [667,669,668,670]
/store/data/Run2024C/MuonEG/RAW/v1/000/380/049/00000/1938269f-c08e-423f-9675-79bc7aca7d52.root [627,624,625,626]
/store/data/Run2024C/MuonEG/RAW/v1/000/380/049/00000/1a8a05ff-84c8-4708-813a-064d17191f1a.root [491,489,492,490]
/store/data/Run2024C/MuonEG/RAW/v1/000/380/049/00000/1accf8b1-caad-4a11-980f-6c92b7de1ab3.root [886,884,882,883,885]
/store/data/Run2024C/MuonEG/RAW/v1/000/380/049/00000/1c4a58df-c90b-4df6-b5f6-892b6ba9b610.root [162,163,164,165]
/store/data/Run2024C/MuonEG/RAW/v1/000/380/049/00000/1d8fba78-b85a-4b80-902d-806d98a2ca95.root [759,757,756,758]
/store/data/Run2024C/MuonEG/RAW/v1/000/380/049/00000/1e1cad2a-abc1-4a93-88ca-43227cdbed23.root [749,748,750,751]
/store/data/Run2024C/MuonEG/RAW/v1/000/380/049/00000/1e4d7b72-c1e9-4c73-9cb8-e669cfbc5071.root [223,226,225,224]
/store/data/Run2024C/MuonEG/RAW/v1/000/380/049/00000/1faf44bc-6e1b-4321-9e33-257127d2715a.root [195,198,196,197]
/store/data/Run2024C/MuonEG/RAW/v1/000/380/049/00000/20d6cb91-88ce-4d60-a203-48a6404bc129.root [255,256,257,258]
/store/data/Run2024C/MuonEG/RAW/v1/000/380/049/00000/22c11268-5cb5-4341-9e76-b43d0c84157d.root [286,287,288,285]
/store/data/Run2024C/MuonEG/RAW/v1/000/380/049/00000/22db8bc0-2304-4ed2-9c01-4ef4afb1883d.root [237,236,238,235]
/store/data/Run2024C/MuonEG/RAW/v1/000/380/049/00000/23d7fbb1-f71d-4943-aaa6-0cab800e7a0f.root [865,863,862,866,864]
/store/data/Run2024C/MuonEG/RAW/v1/000/380/049/00000/248a2786-1911-4ea7-9de6-887fd3dfd33a.root [488,486,487,485]
/store/data/Run2024C/MuonEG/RAW/v1/000/380/049/00000/2576f61f-2cd3-4c8a-8cef-157e97285b4a.root [617,619,616,618]
/store/data/Run2024C/MuonEG/RAW/v1/000/380/049/00000/267c363e-2805-40e3-86a9-a552dd3a3a68.root [738,737,739,736]
/store/data/Run2024C/MuonEG/RAW/v1/000/380/049/00000/270003ed-be93-4312-b5d0-f02c603fdab6.root [305,306,307,308]
/store/data/Run2024C/MuonEG/RAW/v1/000/380/049/00000/29842451-9bcb-4274-89e1-a4a7b6bf719a.root [447,446,448]
/store/data/Run2024C/MuonEG/RAW/v1/000/380/049/00000/29ec5bc8-daea-489c-ad32-e71df20b5c74.root [179,181,182,180]
/store/data/Run2024C/MuonEG/RAW/v1/000/380/049/00000/2d0df002-b331-467e-860d-99d9214d4ee9.root [825,826,827,828]
/store/data/Run2024C/MuonEG/RAW/v1/000/380/049/00000/2f3dd5e9-5b37-4383-a923-4ab3ea65f091.root [304,302,301,303]
/store/data/Run2024C/MuonEG/RAW/v1/000/380/049/00000/3116ca89-1072-41aa-afc2-937efd452d9e.root [857,858,860,861,859]
/store/data/Run2024C/MuonEG/RAW/v1/000/380/049/00000/3116db8c-dda1-4e17-8a79-a749ca0403de.root [803,801,802,800]
/store/data/Run2024C/MuonEG/RAW/v1/000/380/049/00000/353668a5-27cd-4b31-aea9-7f008c8a432a.root [404,405,403]
/store/data/Run2024C/MuonEG/RAW/v1/000/380/049/00000/3540a77c-5093-468d-aa43-12cb0b5ac97a.root [384,385,386,383]
/store/data/Run2024C/MuonEG/RAW/v1/000/380/049/00000/360c4206-09f7-4b0c-88d2-7b30ba236de6.root [12,15,26,27,33,45,52,16,42,48,20,21,24,31,37,39,46,19,23,28,32,18,36,49,51,14,17,22,29,30,35,38,47,11,13,40,41,44,25,34,43,50]
/store/data/Run2024C/MuonEG/RAW/v1/000/380/049/00000/3a9474d4-0fc9-4dc8-b5b1-9a72a62a9515.root [428,427,426,425]
/store/data/Run2024C/MuonEG/RAW/v1/000/380/049/00000/3c9379fe-630c-4eb5-aaad-54d4399ba132.root [799,796,797,798]
/store/data/Run2024C/MuonEG/RAW/v1/000/380/049/00000/3d5dbf83-de42-47ad-9286-8bf2d4d33aac.root [278,277,279,280]
/store/data/Run2024C/MuonEG/RAW/v1/000/380/049/00000/3daaec41-180f-49b4-98b2-a281f4a399a7.root [265,263,264]
/store/data/Run2024C/MuonEG/RAW/v1/000/380/049/00000/3dedbf0a-cb18-43fd-bbc0-1d3321e6e3c3.root [213,214,211,212]
/store/data/Run2024C/MuonEG/RAW/v1/000/380/049/00000/3e045e92-e091-4e1f-bca8-310025c9d8f5.root [172,171,174,173]
/store/data/Run2024C/MuonEG/RAW/v1/000/380/049/00000/3e9d4a29-6a20-44d4-a0fb-5186bb3be72f.root [201,199,200,202]
/store/data/Run2024C/MuonEG/RAW/v1/000/380/049/00000/3f462aa6-c6e2-4a30-8520-f5751ea79f03.root [295,293,294,296]
/store/data/Run2024C/MuonEG/RAW/v1/000/380/049/00000/412c1650-fc7d-4e8d-9b44-bd42951be316.root [422,423,421,424]
/store/data/Run2024C/MuonEG/RAW/v1/000/380/049/00000/42cbf13a-e74c-40af-b1f3-b7e2c950241b.root [73,76,78,72,77,71,79,80,74,75]
/store/data/Run2024C/MuonEG/RAW/v1/000/380/049/00000/42e999ff-2d01-4eeb-b262-ba6a713a6836.root [834,836,835,833]
/store/data/Run2024C/MuonEG/RAW/v1/000/380/049/00000/44252116-b531-445d-b356-c79dd6d5c2de.root [726,724,727,725]
/store/data/Run2024C/MuonEG/RAW/v1/000/380/049/00000/46d0c889-8804-401a-8764-67965de6845e.root [416,414,413,415]
/store/data/Run2024C/MuonEG/RAW/v1/000/380/049/00000/48346dc7-5eab-409f-8179-a84779f4065b.root [456,454,453,455]
/store/data/Run2024C/MuonEG/RAW/v1/000/380/049/00000/48b21056-72a5-440f-bf75-ecf3159e7a98.root [437,438,436,439]
/store/data/Run2024C/MuonEG/RAW/v1/000/380/049/00000/4943e5b2-1194-4aca-9d8b-840450dd364f.root [460,459,458,457]
/store/data/Run2024C/MuonEG/RAW/v1/000/380/049/00000/49f708fd-3ec6-4998-b256-6922f32610e8.root [441,440,442]
/store/data/Run2024C/MuonEG/RAW/v1/000/380/049/00000/4a5e4a1e-2473-4f29-b382-ec329f120690.root [359,361,362,360]
/store/data/Run2024C/MuonEG/RAW/v1/000/380/049/00000/4af5b7b8-c813-49a4-85d6-9fd01c7e296a.root [209,210,207,208]
/store/data/Run2024C/MuonEG/RAW/v1/000/380/049/00000/4b333ebb-c6f6-4b07-bd52-26f8df0e6d39.root [587,584,585,586]
/store/data/Run2024C/MuonEG/RAW/v1/000/380/049/00000/4b6d780b-2845-4ba4-a093-835cee859fcc.root [540,538,541,539]
/store/data/Run2024C/MuonEG/RAW/v1/000/380/049/00000/4e4c31c3-78ef-4910-ae82-6c3556b1dcd0.root [809,808,810,811]
/store/data/Run2024C/MuonEG/RAW/v1/000/380/049/00000/4f482a68-1769-43e9-a75c-23313d0f4183.root [621,620,622,623]
/store/data/Run2024C/MuonEG/RAW/v1/000/380/049/00000/501f6070-aa1f-4c75-8305-a1eb6adb48bd.root [581,580,583,582]
/store/data/Run2024C/MuonEG/RAW/v1/000/380/049/00000/53ca40ea-f596-4d2f-bbc4-2177cad0d761.root [848,850,847,851,849]
/store/data/Run2024C/MuonEG/RAW/v1/000/380/049/00000/544a31fc-e184-4f54-bff9-6cd083c869a3.root [664,663,665,666]
/store/data/Run2024C/MuonEG/RAW/v1/000/380/049/00000/54a05a28-18da-4de3-b364-cef0c26d769e.root [146,148,147,149]
/store/data/Run2024C/MuonEG/RAW/v1/000/380/049/00000/5924d9c3-91fe-4d4e-a455-4d275fb6cc02.root [776,779,778,777]
/store/data/Run2024C/MuonEG/RAW/v1/000/380/049/00000/5982b47a-0818-4de4-a855-f43402242250.root [239,240,241,242]
/store/data/Run2024C/MuonEG/RAW/v1/000/380/049/00000/5a70138e-4e18-40e7-a6a7-894fcb96646c.root [475,476,473,474]
/store/data/Run2024C/MuonEG/RAW/v1/000/380/049/00000/5c013613-c87f-4320-b1ec-7002a9eb53d9.root [563,562,561]
/store/data/Run2024C/MuonEG/RAW/v1/000/380/049/00000/5c08a447-4960-400c-8ae2-992c2fa7b04c.root [842,844,843,845,846]
/store/data/Run2024C/MuonEG/RAW/v1/000/380/049/00000/5cbac10e-7e42-4394-972a-17865fdc8b59.root [872,875,874,873,876]
/store/data/Run2024C/MuonEG/RAW/v1/000/380/049/00000/5dc3caaf-4aec-4dbf-a248-cf1c039dbbbb.root [271,272,270,269]
/store/data/Run2024C/MuonEG/RAW/v1/000/380/049/00000/60483c36-324b-4305-b14e-edfd8616951b.root [68,69,64,67,66,62,70,63,65]
/store/data/Run2024C/MuonEG/RAW/v1/000/380/049/00000/60631060-6b49-45f4-82f6-dd2494036263.root [597,598,599,596]
/store/data/Run2024C/MuonEG/RAW/v1/000/380/049/00000/61bdc55d-7c7d-444c-881a-ba8c721a41ef.root [720,722,723,721]
/store/data/Run2024C/MuonEG/RAW/v1/000/380/049/00000/6306d98d-5a3b-451a-8638-e41b24a752d0.root [560,557,558,559]
/store/data/Run2024C/MuonEG/RAW/v1/000/380/049/00000/673e56cb-7236-4d9c-bd47-3d0f8a697863.root [531,533,532,530]
/store/data/Run2024C/MuonEG/RAW/v1/000/380/049/00000/67e111f8-0a98-49ce-8859-5cac941120ed.root [139,140,141,138]
/store/data/Run2024C/MuonEG/RAW/v1/000/380/049/00000/697d5243-3494-4130-8362-c362f086c202.root [763,761,762,760]
/store/data/Run2024C/MuonEG/RAW/v1/000/380/049/00000/6a2609ae-23c5-4bd4-9f5f-b92340697d91.root [332,334,335,333]
/store/data/Run2024C/MuonEG/RAW/v1/000/380/049/00000/6a64ad37-1c1a-4ec3-8348-ee7c285d24fe.root [511,513,512]
/store/data/Run2024C/MuonEG/RAW/v1/000/380/049/00000/6cdc2c40-704e-44a1-a44c-3d8fe23a07a8.root [243,245,246,244]
/store/data/Run2024C/MuonEG/RAW/v1/000/380/049/00000/6d20d9bd-c86f-405d-9ba9-cd9e4c440dbc.root [399,402,401,400]
/store/data/Run2024C/MuonEG/RAW/v1/000/380/049/00000/6e2d55f5-4af8-4c34-9c3f-1acbb46b188c.root [330,328,331,329]
/store/data/Run2024C/MuonEG/RAW/v1/000/380/049/00000/6f6ebc1b-d94c-4e49-af2e-7b0e030dcda7.root [578,579,576,577]
/store/data/Run2024C/MuonEG/RAW/v1/000/380/049/00000/6f87cc00-cb6d-43e5-8f71-b1eeef1d6829.root [408,407,409,406]
/store/data/Run2024C/MuonEG/RAW/v1/000/380/049/00000/70093268-3c05-4e1f-9b42-7147920341e6.root [284,281,282,283]
/store/data/Run2024C/MuonEG/RAW/v1/000/380/049/00000/723a7fdf-6d83-4569-870d-4ddbe9a0ac6a.root [656,657,658,655]
/store/data/Run2024C/MuonEG/RAW/v1/000/380/049/00000/73553089-dbe2-4545-8514-a4eea2908f8a.root [170,166,167,168,169]
/store/data/Run2024C/MuonEG/RAW/v1/000/380/049/00000/7524f5fa-9bb5-45ca-8dc6-8c33e3001654.root [461,462,464,463]
/store/data/Run2024C/MuonEG/RAW/v1/000/380/049/00000/7598b803-268e-417b-8821-f28ce181e594.root [888,887,890,891,889]
/store/data/Run2024C/MuonEG/RAW/v1/000/380/049/00000/764626c9-3241-4cdd-9993-8848eefa8e50.root [552,550,551,553]
/store/data/Run2024C/MuonEG/RAW/v1/000/380/049/00000/7695b986-9522-4b52-a9f9-727ca11fe8d4.root [816,819,817,818]
/store/data/Run2024C/MuonEG/RAW/v1/000/380/049/00000/780683ec-eb0e-4275-a63d-9234f336aa48.root [349,350,347,348]
/store/data/Run2024C/MuonEG/RAW/v1/000/380/049/00000/78962c02-1346-428d-a7c6-1eeac8ff6a75.root [229,227,230,228]
/store/data/Run2024C/MuonEG/RAW/v1/000/380/049/00000/7b403727-371e-4333-9e70-4d4a030e59af.root [554,556,555]
/store/data/Run2024C/MuonEG/RAW/v1/000/380/049/00000/7d703060-8cbc-4606-a444-02b7b66dc3dc.root [781,782,783,780]
/store/data/Run2024C/MuonEG/RAW/v1/000/380/049/00000/7de542f8-8f92-42c8-8117-6086c6b4724b.root [595,593,594,592]
/store/data/Run2024C/MuonEG/RAW/v1/000/380/049/00000/7e51dab4-cd3d-4f0d-9843-d10e4883b543.root [311,312,310,309]
/store/data/Run2024C/MuonEG/RAW/v1/000/380/049/00000/80388adc-0ec9-4c3c-aea9-f8554ec4e891.root [206,205,204,203]
/store/data/Run2024C/MuonEG/RAW/v1/000/380/049/00000/80881075-fe0a-426f-897e-873be36e118f.root [853,855,854,856,852]
/store/data/Run2024C/MuonEG/RAW/v1/000/380/049/00000/80f989ae-f051-4c9c-b9a7-5a46e39f77bc.root [482,483,481,484]
/store/data/Run2024C/MuonEG/RAW/v1/000/380/049/00000/82cf4cbd-fb84-4037-8833-3448f3650915.root [544,545,542,543]
/store/data/Run2024C/MuonEG/RAW/v1/000/380/049/00000/82f90892-27f5-400d-854c-36c722e5a6e0.root [395,397,398,396]
/store/data/Run2024C/MuonEG/RAW/v1/000/380/049/00000/8316202e-90d4-4a28-9e5d-ea863f6c8e52.root [176,175,177,178]
/store/data/Run2024C/MuonEG/RAW/v1/000/380/049/00000/836d9e90-bfdc-4cb9-8cd6-e12149ec8d89.root [520,519,521,518]
/store/data/Run2024C/MuonEG/RAW/v1/000/380/049/00000/83d2553b-86c6-4257-83ee-e4b8c50bac06.root [607,604,605,606]
/store/data/Run2024C/MuonEG/RAW/v1/000/380/049/00000/8474f863-a8ca-4792-bd05-9a7fd095ec8a.root [356,357,358,355]
/store/data/Run2024C/MuonEG/RAW/v1/000/380/049/00000/8791487f-21e8-412d-ba5b-e5765942f61f.root [96,95,94,93,92]
/store/data/Run2024C/MuonEG/RAW/v1/000/380/049/00000/89bc1a19-c0b7-4258-abb7-fb947dd14953.root [546,548,547,549]
/store/data/Run2024C/MuonEG/RAW/v1/000/380/049/00000/8cd70736-35aa-4822-b78b-ca38e41c1747.root [755,753,752,754]
/store/data/Run2024C/MuonEG/RAW/v1/000/380/049/00000/928e879f-d2bd-4658-865e-5b2c17a69a55.root [772,775,773,774]
/store/data/Run2024C/MuonEG/RAW/v1/000/380/049/00000/92b3e48d-d1d7-4532-a8a7-1eda71359b70.root [388,389,390,387]
/store/data/Run2024C/MuonEG/RAW/v1/000/380/049/00000/95daa343-541b-4f02-9078-1cd7c359fc92.root [368,370,369,367]
/store/data/Run2024C/MuonEG/RAW/v1/000/380/049/00000/997bc647-250e-48a8-a1be-bf683e56b747.root [674,673,671,672]
/store/data/Run2024C/MuonEG/RAW/v1/000/380/049/00000/9af9edc7-ac26-4bd9-a4e5-e95d9b3283dd.root [184,185,186,183]
/store/data/Run2024C/MuonEG/RAW/v1/000/380/049/00000/9cd9d902-f738-45c7-a932-031a6d4d4720.root [322,321,323]
/store/data/Run2024C/MuonEG/RAW/v1/000/380/049/00000/9f646de9-62a2-4891-8dbc-7f72e534fed2.root [804,805,807,806]
/store/data/Run2024C/MuonEG/RAW/v1/000/380/049/00000/9ff3aaae-b499-48b6-9a1b-59603ec4b651.root [267,268,266]
/store/data/Run2024C/MuonEG/RAW/v1/000/380/049/00000/a0ad7f1e-c66a-4805-aaa8-7b883a1725c6.root [430,431,432,429]
/store/data/Run2024C/MuonEG/RAW/v1/000/380/049/00000/a1e0a65c-6c06-4c17-8a03-29492fb5057b.root [600,603,601,602]
/store/data/Run2024C/MuonEG/RAW/v1/000/380/049/00000/a31751f8-29d6-4dcb-938e-a7c512707660.root [614,613,612,615]
/store/data/Run2024C/MuonEG/RAW/v1/000/380/049/00000/a3a5a1e5-7c4f-4869-9c19-5585e971130d.root [791,788,790,789]
/store/data/Run2024C/MuonEG/RAW/v1/000/380/049/00000/a46e5cd6-3c67-49e9-9be9-ce0bc7f84587.root [478,480,479,477]
/store/data/Run2024C/MuonEG/RAW/v1/000/380/049/00000/a9d9444b-bbc7-46d9-a859-bb32b8ba2c96.root [129,127,128,126]
/store/data/Run2024C/MuonEG/RAW/v1/000/380/049/00000/ab0c6d65-8fff-4e6f-8736-8f56246f6c0b.root [648,647,649,650]
/store/data/Run2024C/MuonEG/RAW/v1/000/380/049/00000/af5bcfae-5b65-4e00-9995-8aa0adb8141e.root [645,644,646]
/store/data/Run2024C/MuonEG/RAW/v1/000/380/049/00000/afe8c4ee-aceb-4b61-a00b-be706a3e0322.root [517,514,515,516]
/store/data/Run2024C/MuonEG/RAW/v1/000/380/049/00000/aff36a18-29d2-4901-a3c6-9618ec11700b.root [590,589,588,591]
/store/data/Run2024C/MuonEG/RAW/v1/000/380/049/00000/b27f169a-a9f2-41b9-94ec-357359b9b805.root [336,340,338,339,337]
/store/data/Run2024C/MuonEG/RAW/v1/000/380/049/00000/b30d586c-c50d-401d-ac41-84d41da298b8.root [90,88,89,87,91]
/store/data/Run2024C/MuonEG/RAW/v1/000/380/049/00000/b3ce918d-526d-40cc-934d-c8bff249f881.root [691,694,692,693]
/store/data/Run2024C/MuonEG/RAW/v1/000/380/049/00000/b43cd863-0d82-4edc-9732-6bf61197f87b.root [683,686,685,684]
/store/data/Run2024C/MuonEG/RAW/v1/000/380/049/00000/b52e576b-f682-44f3-b3f9-2dc44fb11995.root [136,137,135,134]
/store/data/Run2024C/MuonEG/RAW/v1/000/380/049/00000/b61ccf72-f5bb-4cb6-8b35-1c453eb40d78.root [249,248,247,250]
/store/data/Run2024C/MuonEG/RAW/v1/000/380/049/00000/b643eeb9-f610-4eab-b2da-aad6ac82dfec.root [653,652,654,651]
/store/data/Run2024C/MuonEG/RAW/v1/000/380/049/00000/b75aab56-9ea7-4d89-a403-3a11a0bffdcc.root [786,784,787,785]
/store/data/Run2024C/MuonEG/RAW/v1/000/380/049/00000/b7873570-821a-4edf-85fd-843876c9a8ef.root [351,353,352,354]
/store/data/Run2024C/MuonEG/RAW/v1/000/380/049/00000/b7fbdce3-9eef-4e22-a8ea-30726279d97f.root [325,324,326,327]
/store/data/Run2024C/MuonEG/RAW/v1/000/380/049/00000/b873dce1-9abd-443d-8df8-f6a80f8ded02.root [123,124,125,122]
/store/data/Run2024C/MuonEG/RAW/v1/000/380/049/00000/b9985e19-503c-430a-8295-9c0484f686f9.root [812,813,814,815]
/store/data/Run2024C/MuonEG/RAW/v1/000/380/049/00000/b9f8fdda-0112-4063-bc6f-073f31279770.root [740,741,743,742]
/store/data/Run2024C/MuonEG/RAW/v1/000/380/049/00000/bad90a68-2122-424a-ba8f-7bdf55e5e7cf.root [344,345,346]
/store/data/Run2024C/MuonEG/RAW/v1/000/380/049/00000/bc2fe5f2-9319-4717-b530-bf4d7d8f47fe.root [83,86,81,84,85,82]
/store/data/Run2024C/MuonEG/RAW/v1/000/380/049/00000/bd583892-6314-4aaa-9f2c-459f1cbf5b8f.root [391,392,393,394]
/store/data/Run2024C/MuonEG/RAW/v1/000/380/049/00000/bd6c0e07-aa50-483b-9cb3-1d74751f4d81.root [133,131,130,132]
/store/data/Run2024C/MuonEG/RAW/v1/000/380/049/00000/be3abb17-ff28-4fe4-a588-6ec1f3c44057.root [820,823,822,821,824]
/store/data/Run2024C/MuonEG/RAW/v1/000/380/049/00000/bf1ca060-c1e4-4913-bead-b5e7468b05be.root [715,714,713,712]
/store/data/Run2024C/MuonEG/RAW/v1/000/380/049/00000/bf3b938a-8eb6-4587-b0df-91c15c34952f.root [698,695,697,696]
/store/data/Run2024C/MuonEG/RAW/v1/000/380/049/00000/c053922c-f997-4565-9db7-b870e19b8204.root [158,161,159,160]
/store/data/Run2024C/MuonEG/RAW/v1/000/380/049/00000/c208fd1f-044c-4a51-b1e4-811582f28cc4.root [297,299,300,298]
/store/data/Run2024C/MuonEG/RAW/v1/000/380/049/00000/c32cb413-70e7-4d35-bbf8-36c918326bac.root [795,792,793,794]
/store/data/Run2024C/MuonEG/RAW/v1/000/380/049/00000/c402e7fa-33f8-4c8f-9fa1-26e166efac32.root [717,718,719,716]
/store/data/Run2024C/MuonEG/RAW/v1/000/380/049/00000/c43e7b83-ef15-4030-821a-8b67b588455d.root [419,417,418,420]
/store/data/Run2024C/MuonEG/RAW/v1/000/380/049/00000/c55347d2-cb4e-4258-9a04-8afed57487b0.root [292,290,289,291]
/store/data/Run2024C/MuonEG/RAW/v1/000/380/049/00000/c7004fd3-d0c3-4248-b56e-f4127afa43de.root [444,443,445]
/store/data/Run2024C/MuonEG/RAW/v1/000/380/049/00000/c769c5bc-eaa1-438d-b154-2ac511bc11ee.root [640,643,642,641]
/store/data/Run2024C/MuonEG/RAW/v1/000/380/049/00000/c8699d25-cf80-481c-b6cc-916bf18c6e36.root [701,702,699,700]
/store/data/Run2024C/MuonEG/RAW/v1/000/380/049/00000/c9644444-daff-4d6b-a3c2-d701156b9494.root [188,189,190,187]
/store/data/Run2024C/MuonEG/RAW/v1/000/380/049/00000/ccd95566-1abd-4a4d-98ce-e44096240eea.root [8,9,6,7]
/store/data/Run2024C/MuonEG/RAW/v1/000/380/049/00000/cd032a33-b699-495f-914c-186d01bd19a4.root [154,156,155,157]
/store/data/Run2024C/MuonEG/RAW/v1/000/380/049/00000/cd0d22b9-c37f-4019-8352-bd068eafa75d.root [729,730,731,728]
/store/data/Run2024C/MuonEG/RAW/v1/000/380/049/00000/cd62339d-63b5-4b7f-9361-977842b2ff47.root [496,498,497]
/store/data/Run2024C/MuonEG/RAW/v1/000/380/049/00000/cdad621c-f63c-49be-a5ba-416007ecf0c1.root [104,106,102,103,105]
/store/data/Run2024C/MuonEG/RAW/v1/000/380/049/00000/cf488ce5-f6d8-44be-99e1-1987b9a88ab1.root [564,567,565,566]
/store/data/Run2024C/MuonEG/RAW/v1/000/380/049/00000/cf8578be-cfda-4440-b59c-f58c1f5f955a.root [274,275,276,273]
/store/data/Run2024C/MuonEG/RAW/v1/000/380/049/00000/d01eaf21-1902-4bee-9dd7-16b6cea3b2f1.root [316,313,314,315]
/store/data/Run2024C/MuonEG/RAW/v1/000/380/049/00000/d0ea2dd0-6a33-43c0-87b6-8033f15d0a8b.root [142,143,144,145]
/store/data/Run2024C/MuonEG/RAW/v1/000/380/049/00000/d19e3458-c20f-4af0-9784-80703b489d13.root [433,434,435]
/store/data/Run2024C/MuonEG/RAW/v1/000/380/049/00000/d3b7017d-fb43-442a-94ec-82402f5149e3.root [372,371,374,373]
/store/data/Run2024C/MuonEG/RAW/v1/000/380/049/00000/d4662e96-ae5f-4840-abf9-6e32dabd9f3d.root [690,687,688,689]
/store/data/Run2024C/MuonEG/RAW/v1/000/380/049/00000/d46ae34b-639f-4d5c-b1c2-d062214cf896.root [659,661,662,660]
/store/data/Run2024C/MuonEG/RAW/v1/000/380/049/00000/d5fa55fe-7713-4c46-975f-e054874ab54f.root [867,871,869,868,870]
/store/data/Run2024C/MuonEG/RAW/v1/000/380/049/00000/d9bedca4-57df-4de0-ba15-520b04d106f9.root [893,892,894,895,896]
/store/data/Run2024C/MuonEG/RAW/v1/000/380/049/00000/ded9d6b7-0f30-4f26-aebb-34c79e85e717.root [499,501,502,500]
/store/data/Run2024C/MuonEG/RAW/v1/000/380/049/00000/dee7e8a7-fcba-4da5-9565-b54ee6176333.root [704,705,707,706,703]
/store/data/Run2024C/MuonEG/RAW/v1/000/380/049/00000/e5dd6bb3-9ac7-45d1-bc19-ff58155408a1.root [770,771,768,769]
/store/data/Run2024C/MuonEG/RAW/v1/000/380/049/00000/e62f20f2-d326-46e9-9dc6-fcbdf26c1459.root [569,570,571,568]
/store/data/Run2024C/MuonEG/RAW/v1/000/380/049/00000/e65c0b52-8d71-4985-8872-d4bd8f08a6a1.root [527,529,528,526]
/store/data/Run2024C/MuonEG/RAW/v1/000/380/049/00000/e6c3d429-7b34-4414-a7a5-f1c13b1addcd.root [375,376,377,378]
/store/data/Run2024C/MuonEG/RAW/v1/000/380/049/00000/e8de27bd-765c-41da-97d8-d36a17dfd285.root [343,341,342]
/store/data/Run2024C/MuonEG/RAW/v1/000/380/049/00000/e98f24c1-df3f-46d1-9952-7e1172725c04.root [260,262,259,261]
/store/data/Run2024C/MuonEG/RAW/v1/000/380/049/00000/e9f1942e-f7bd-40ad-b551-d5cb7f8c99f9.root [900,897,901,899,898]
/store/data/Run2024C/MuonEG/RAW/v1/000/380/049/00000/ec3bbea1-f4a0-40b4-b4ec-23918a47485a.root [153,152,150,151]
/store/data/Run2024C/MuonEG/RAW/v1/000/380/049/00000/ec5038f1-c7c8-4adb-b6ff-b02591bdfa70.root [192,194,191,193]
/store/data/Run2024C/MuonEG/RAW/v1/000/380/049/00000/eda42055-0213-46f0-93f8-74931308bce2.root [767,766,765,764]
/store/data/Run2024C/MuonEG/RAW/v1/000/380/049/00000/ee0e55b0-a967-40af-9691-8239a2b1962c.root [534,535,536,537]
/store/data/Run2024C/MuonEG/RAW/v1/000/380/049/00000/eee66482-cc44-4406-a07f-de5367ae5cf9.root [638,637,639,636]
/store/data/Run2024C/MuonEG/RAW/v1/000/380/049/00000/efdc2a69-1bd2-4fd2-bed7-7c6231f2d8ad.root [216,217,218,215]
/store/data/Run2024C/MuonEG/RAW/v1/000/380/049/00000/f11ca29c-496a-42c9-b76f-fbd747acd72d.root [880,881,878,877,879]
/store/data/Run2024C/MuonEG/RAW/v1/000/380/049/00000/f14570f1-8487-4264-8db9-88990dd54adf.root [495,494,493]
/store/data/Run2024C/MuonEG/RAW/v1/000/380/049/00000/f5694433-9a6a-413a-beca-27e70bc99f1a.root [710,708,709,711]
/store/data/Run2024C/MuonEG/RAW/v1/000/380/049/00000/f783ccb8-7b35-4cc0-b5a4-72a4620dc44f.root [681,679,680,682]
/store/data/Run2024C/MuonEG/RAW/v1/000/380/049/00000/f966d383-cb36-4dc6-892b-2e9cd8c0b477.root [232,233,234,231]
/store/data/Run2024C/MuonEG/RAW/v1/000/380/049/00000/f9b6d336-6217-4dd5-8c18-9703adfd4764.root [364,363,365,366]
/store/data/Run2024C/MuonEG/RAW/v1/000/380/049/00000/fa70f21a-8e91-400c-91d4-e4aa740d121c.root [451,449,450,452]
/store/data/Run2024C/MuonEG/RAW/v1/000/380/049/00000/fedb6388-b7b1-4ea6-80cc-231e21315609.root [608,609,611,610]
