/store/data/Run2024D/HcalNZS/RAW/v1/000/380/306/00000/056e55fe-4490-4075-8f7c-816a02a49bf6.root 380306 [257,262,265,261,269,260,263,264,266,267,268,258,259]
/store/data/Run2024D/HcalNZS/RAW/v1/000/380/306/00000/1ee20621-e3f2-4d2a-a9a4-41976f5094c5.root 380306 [242,252,255,243,247,249,251,256,245,248,254,250,240,241,244,246,253]
/store/data/Run2024D/HcalNZS/RAW/v1/000/380/306/00000/2b4e149d-dd49-4994-803e-0b249cd15aef.root 380306 [200,195,199,206,197,201,204,202,203,196,192,193,198,194,205,207]
/store/data/Run2024D/HcalNZS/RAW/v1/000/380/306/00000/5871896f-f0d2-420d-84ad-472cf6cc2147.root 380306 [11,15,16,19,24,25,28,30,33,46,59,10,17,23,38,42,47,7,12,18,29,36,49,50,56,14,32,40,45,53,70,21,22,35,43,44,51,54,55,67,8,37,48,58,64,69,71,20,31,41,63,66,9,13,26,27,34,39,52,57,60,61,62,65,68]
/store/data/Run2024D/HcalNZS/RAW/v1/000/380/306/00000/59ed6e52-cc46-47e6-8d7f-d9f4dcb180f8.root 380306 [210,215,216,212,219,208,209,220,223,213,221,222,211,217,214,218]
/store/data/Run2024D/HcalNZS/RAW/v1/000/380/306/00000/63db02e4-40b1-4d07-9ca3-4fa913177f5e.root 380306 [226,234,235,238,239,228,233,236,224,225,227,229,231,232,237,230]
/store/data/Run2024D/HcalNZS/RAW/v1/000/380/306/00000/7eee5247-42bd-4ea1-b1da-b3b7513308b6.root 380306 [148,155,159,160,146,156,157,147,150,154,151,158,149,152,153,161]
/store/data/Run2024D/HcalNZS/RAW/v1/000/380/306/00000/91693fca-6c95-4e3c-8edc-7cb5b8cf87a6.root 380306 [99,103,105,101,112,100,104,107,108,111,113,98,106,109,110,97,96,102]
/store/data/Run2024D/HcalNZS/RAW/v1/000/380/306/00000/aca9879d-3ad0-4741-947a-cc7c7d970853.root 380306 [73,76,75,86,91,72,80,82,89,77,87,94,74,79,81,83,92,95,78,93,84,85,88,90]
/store/data/Run2024D/HcalNZS/RAW/v1/000/380/306/00000/b1bc0c2c-107e-417d-a35d-81e2fc3c3715.root 380306 [167,176,165,169,175,172,173,166,171,164,163,177,168,174,162,170]
/store/data/Run2024D/HcalNZS/RAW/v1/000/380/306/00000/d740266d-4f3f-401d-a8d2-52702a94bcd8.root 380306 [5,3,4,1,2]
/store/data/Run2024D/HcalNZS/RAW/v1/000/380/306/00000/de29255f-77ac-4b22-b5f4-f3bd03b2a18f.root 380306 [184,188,187,191,185,179,190,178,180,182,189,183,181,186]
/store/data/Run2024D/HcalNZS/RAW/v1/000/380/306/00000/e75beba3-b3f9-4673-8cb3-c49e4e1f4b99.root 380306 [134,145,133,135,144,142,131,138,141,143,132,136,137,139,130,140]
/store/data/Run2024D/HcalNZS/RAW/v1/000/380/306/00000/ea78314d-c0f6-440c-9031-518117163308.root 380306 [115,116,129,120,125,123,128,118,122,114,117,126,119,121,124,127]
/store/data/Run2024D/HcalNZS/RAW/v1/000/380/308/00000/2438d7d0-8938-40d9-a2ee-fc080cbc44e5.root 380308 [2,9,10,15,16,17,5,14,3,11,18,6,7,8,12,4,13]
/store/data/Run2024D/HcalNZS/RAW/v1/000/380/308/00000/af1a160a-2dbf-498c-9d2e-4d84837d69ba.root 380308 [19,23,29,33,22,27,31,34,32,20,25,26,35,21,24,28,30]
/store/data/Run2024D/HcalNZS/RAW/v1/000/380/309/00000/03490255-36a5-4f45-b623-221797690497.root 380309 [86,90,94,81,82,85,89,93,83,95,96,87,92,88,84,91]
/store/data/Run2024D/HcalNZS/RAW/v1/000/380/309/00000/08db64bd-bc49-47d4-b2b2-443b06d70d23.root 380309 [116,113,114,118,122,115,117,120,128,125,124,119,121,123,126,127]
/store/data/Run2024D/HcalNZS/RAW/v1/000/380/309/00000/0f775561-3007-4d9c-bd8d-18e8e23fa4bf.root 380309 [58,54,62,51,55,63,64,53,57,60,49,50,52,56,59,61]
/store/data/Run2024D/HcalNZS/RAW/v1/000/380/309/00000/11c4ae80-c27b-4660-802e-6dd9b6e2cb0d.root 380309 [261,258,260,268,264,265,269,257,259,263,266,267,271,262,270,272]
/store/data/Run2024D/HcalNZS/RAW/v1/000/380/309/00000/42735d17-8206-4d35-9358-e759a951248e.root 380309 [204,194,201,196,197,198,202,203,206,208,195,193,199,205,207,200]
/store/data/Run2024D/HcalNZS/RAW/v1/000/380/309/00000/4da35b86-5850-4a66-bfb2-f5b58c1f9efc.root 380309 [147,157,151,152,148,159,145,150,155,156,149,153,154,158,160,146]
/store/data/Run2024D/HcalNZS/RAW/v1/000/380/309/00000/5d3a9a2b-69ef-408d-9d63-bb7c3934af81.root 380309 [35,40,42,45,46,38,44,47,43,48,33,41,36,34,37,39]
/store/data/Run2024D/HcalNZS/RAW/v1/000/380/309/00000/61673609-42dc-451a-adc7-f048042ed464.root 380309 [27,28,30,20,31,17,18,22,23,24,32,25,26,29,19,21]
/store/data/Run2024D/HcalNZS/RAW/v1/000/380/309/00000/69b47e17-2753-4b42-b0a4-749b3ae0214a.root 380309 [225,227,229,228,230,237,240,232,226,231,234,235,233,238,239,236]
/store/data/Run2024D/HcalNZS/RAW/v1/000/380/309/00000/7723b806-c8a4-4782-b1a3-7a4972828019.root 380309 [163,172,171,170,174,175,164,176,161,165,162,166,167,168,169,173]
/store/data/Run2024D/HcalNZS/RAW/v1/000/380/309/00000/78c7b7db-4085-4715-b438-809848a1d47a.root 380309 [328,330,331,336,326,334,321,325,329,333,323,327,322,335,324,332]
/store/data/Run2024D/HcalNZS/RAW/v1/000/380/309/00000/7db858b2-775c-4faf-a808-02aec03990e3.root 380309 [179,182,187,177,180,186,178,183,185,188,189,191,192,181,190,184]
/store/data/Run2024D/HcalNZS/RAW/v1/000/380/309/00000/91225ea7-2ffc-4107-857d-c4f1129027f4.root 380309 [65,75,79,80,74,76,78,69,67,71,77,68,72,73,66,70]
/store/data/Run2024D/HcalNZS/RAW/v1/000/380/309/00000/9d0bb496-0cce-409f-abd2-96a4ea642d91.root 380309 [309,314,316,307,315,320,311,319,305,308,313,306,310,317,312,318]
/store/data/Run2024D/HcalNZS/RAW/v1/000/380/309/00000/aa66060c-1eb3-4da4-a75c-3b01e99f7e79.root 380309 [297,299,295,301,291,298,296,303,304,290,293,300,289,292,294,302]
/store/data/Run2024D/HcalNZS/RAW/v1/000/380/309/00000/aede9c7b-18e6-4c1a-8e9f-60b030d50487.root 380309 [138,141,129,134,135,130,140,144,131,132,133,136,139,142,143,137]
/store/data/Run2024D/HcalNZS/RAW/v1/000/380/309/00000/b096a53b-141b-46b1-8dd9-3ca224bb736c.root 380309 [242,245,249,255,244,252,254,241,253,243,248,246,247,250,251,256]
/store/data/Run2024D/HcalNZS/RAW/v1/000/380/309/00000/c2bf5535-2016-43f2-9d12-c140c596b5db.root 380309 [99,102,97,101,107,104,105,98,100,111,108,109,106,112,103,110]
/store/data/Run2024D/HcalNZS/RAW/v1/000/380/309/00000/cd4cdd21-6afd-4ce8-9645-b1a64667d68f.root 380309 [339,343,337,341,345,338,344,342,340]
/store/data/Run2024D/HcalNZS/RAW/v1/000/380/309/00000/d507384a-ab37-4e9e-905a-f5e831ff1982.root 380309 [4,12,3,13,15,10,1,2,8,16,6,11,5,7,9,14]
/store/data/Run2024D/HcalNZS/RAW/v1/000/380/309/00000/d9db7e6f-ab10-4436-b7c0-2948f3d50ef7.root 380309 [275,287,278,281,284,273,279,283,280,282,285,286,288,274,276,277]
/store/data/Run2024D/HcalNZS/RAW/v1/000/380/309/00000/ff0f728e-4200-4b27-a2af-286722f68c1a.root 380309 [218,209,212,219,221,223,210,215,211,214,216,213,220,224,217,222]
/store/data/Run2024D/HcalNZS/RAW/v1/000/380/310/00000/0622b797-c77b-43b5-8865-064c54634e38.root 380310 [885,891,893,898,907,909,911,888,896,905,910,912,913,887,894,901,904,914,917,889,892,900,906,908,916,918,886,890,903,915,919,895,920,897,899,902]
/store/data/Run2024D/HcalNZS/RAW/v1/000/380/310/00000/06c45e86-88ad-44db-8dbe-113c44de3285.root 380310 [2,9,7,13,18,4,6,8,10,5,12,14,11,17,1,3,15,16]
/store/data/Run2024D/HcalNZS/RAW/v1/000/380/310/00000/0827663b-0295-49f8-b43d-a87aab8ea542.root 380310 [343,344,345,338,339,352,340,355,337,335,341,342,350,353,354,357,336,348,346,347,349,351,356]
/store/data/Run2024D/HcalNZS/RAW/v1/000/380/310/00000/08860902-5c0c-4ed5-a288-e6eb1568a4db.root 380310 [993,1000,1022,994,1016,1023,1029,1015,1019,1027,997,999,1001,1007,1010,1012,1013,1021,1025,1026,1031,1032,1003,1006,1008,1009,995,996,1017,1024,1028,998,1005,1014,1002,1004,1011,1018,1020,1030]
/store/data/Run2024D/HcalNZS/RAW/v1/000/380/310/00000/0d4b4f6a-6e22-470c-bfd4-2d58f92aa001.root 380310 [61,55,63,70,60,65,66,67,69,68,62,58,59,71,56,57,64,72]
/store/data/Run2024D/HcalNZS/RAW/v1/000/380/310/00000/0ddac7c3-b0d0-4a65-9372-7fc91bca83a9.root 380310 [83,86,76,77,73,78,81,85,79,80,82,74,75,87,84,88,89,90]
/store/data/Run2024D/HcalNZS/RAW/v1/000/380/310/00000/194094b6-6513-4b44-b19e-d1966a4f71f9.root 380310 [821,829,834,845,814,815,816,824,839,817,831,842,822,826,833,841,823,838,844,812,825,832,843,813,820,827,830,835,836,818,819,828,837,840,846]
/store/data/Run2024D/HcalNZS/RAW/v1/000/380/310/00000/1dfdbf77-21c5-4915-babd-bef4ea7bb32b.root 380310 [853,856,858,878,883,861,868,869,848,851,859,870,874,855,857,860,864,873,875,849,850,852,854,866,871,876,881,863,865,867,872,877,847,862,880,879,882]
/store/data/Run2024D/HcalNZS/RAW/v1/000/380/310/00000/337ae345-b947-49b2-b9e3-2f999f342675.root 380310 [250,253,255,260,263,249,251,252,254,248,256,264,247,257,265,244,258,259,261,245,246,262]
/store/data/Run2024D/HcalNZS/RAW/v1/000/380/310/00000/373a90e0-793b-4725-b016-67ade2b6a113.root 380310 [755,756,758,773,776,745,753,759,760,744,746,767,749,757,763,769,770,774,742,743,751,754,761,764,775,747,752,765,750,748,762,766,768,771,772]
/store/data/Run2024D/HcalNZS/RAW/v1/000/380/310/00000/3c2e35e5-2487-4998-b7cc-5b819c2b4436.root 380310 [692,694,696,698,702,705,708,681,683,687,697,676,677,691,707,680,682,699,700,704,706,679,686,688,690,701,678,684,685,689,693,703,695]
/store/data/Run2024D/HcalNZS/RAW/v1/000/380/310/00000/44115054-3836-43e7-99da-da28dbbc4b84.root 380310 [108,97,104,91,95,98,94,96,100,102,107,92,93,106,99,101,105,103]
/store/data/Run2024D/HcalNZS/RAW/v1/000/380/310/00000/471019e1-b8f1-4122-857f-a66ae04bf43f.root 380310 [315,319,327,328,311,314,320,324,334,323,330,332,333,312,316,317,318,321,326,325,313,322,329,331]
/store/data/Run2024D/HcalNZS/RAW/v1/000/380/310/00000/4cb6d9bd-7df8-4f6b-b06d-86c6c644f369.root 380310 [48,50,52,39,40,41,45,47,51,38,44,53,42,46,54,49,43,37]
/store/data/Run2024D/HcalNZS/RAW/v1/000/380/310/00000/4d08ab74-1dfc-4b83-a4f0-e57aee1a8ae4.root 380310 [455,464,466,457,458,461,469,456,459,471,476,465,472,454,460,463,468,462,467,473,475,453,470,474]
/store/data/Run2024D/HcalNZS/RAW/v1/000/380/310/00000/513762ee-a086-4070-9446-77c60dee4384.root 380310 [490,502,482,486,499,479,483,489,491,503,481,484,487,488,497,500,477,478,480,492,493,494,495,498,501,485,496]
/store/data/Run2024D/HcalNZS/RAW/v1/000/380/310/00000/53569630-3c38-4d80-a6d1-625d5cb54d2a.root 380310 [937,955,933,922,925,926,929,935,936,940,950,952,953,930,946,951,956,942,944,954,921,924,928,931,932,939,945,947,948,927,923,934,938,941,943,949]
/store/data/Run2024D/HcalNZS/RAW/v1/000/380/310/00000/59f5c4ed-e791-45ee-949d-620908de95ae.root 380310 [393,394,402,387,391,395,383,388,390,403,404,385,397,400,381,396,398,401,386,389,399,382,384,392]
/store/data/Run2024D/HcalNZS/RAW/v1/000/380/310/00000/6379d5c2-511d-4581-bf13-a4ddfb087ea8.root 380310 [711,713,714,727,732,741,722,735,736,738,715,718,724,739,728,734,717,725,729,737,709,710,719,721,723,726,740,712,716,720,730,731,733]
/store/data/Run2024D/HcalNZS/RAW/v1/000/380/310/00000/69ce71ee-d75d-4be1-9976-b87ebe4d1258.root 380310 [532,546,556,537,539,548,550,552,540,543,551,553,554,544,531,533,535,542,541,547,555,536,545,549,557,534,538]
/store/data/Run2024D/HcalNZS/RAW/v1/000/380/310/00000/89db50cf-be52-47a0-a12b-c8cba93c782b.root 380310 [779,780,781,783,786,811,787,788,789,797,807,785,793,782,796,803,804,791,792,795,801,810,784,798,800,805,809,777,790,808,778,794,799,802,806]
/store/data/Run2024D/HcalNZS/RAW/v1/000/380/310/00000/8df83f5d-cd0b-46a1-b4d0-cfca10dcb61b.root 380310 [361,363,369,370,376,373,379,366,377,358,360,362,367,375,378,380,359,365,368,372,364,371,374]
/store/data/Run2024D/HcalNZS/RAW/v1/000/380/310/00000/9abc50fb-3237-45b0-8545-38b86f328a44.root 380310 [226,228,233,242,224,234,243,231,238,239,241,236,225,235,237,230,232,227,229,240]
/store/data/Run2024D/HcalNZS/RAW/v1/000/380/310/00000/9c6716ad-de4f-4336-a8bc-883d87ed6641.root 380310 [150,153,156,160,161,152,148,147,149,158,145,157,162,151,155,159,146,154]
/store/data/Run2024D/HcalNZS/RAW/v1/000/380/310/00000/a1dbf8e5-1f62-45e3-bd86-b5fd902db2dc.root 380310 [618,623,641,644,617,620,621,629,631,632,636,637,624,628,615,622,626,635,639,643,619,640,616,625,627,630,633,634,638,642]
/store/data/Run2024D/HcalNZS/RAW/v1/000/380/310/00000/a405c6ce-0a03-4ea7-b3ba-eae92a4a6aa5.root 380310 [178,165,168,171,181,164,166,167,169,175,179,170,173,174,177,180,163,172,176,182,183]
/store/data/Run2024D/HcalNZS/RAW/v1/000/380/310/00000/a5c2ad29-67ad-4322-aab8-90f8dd5ad354.root 380310 [21,23,25,29,19,27,28,32,24,31,30,22,26,33,34,36,20,35]
/store/data/Run2024D/HcalNZS/RAW/v1/000/380/310/00000/a8fdaec1-e5e0-4b04-80f6-1aaaca63a04a.root 380310 [589,593,597,603,587,591,594,605,609,585,599,600,601,608,613,592,611,595,596,606,610,614,586,598,604,607,612,588,590,602]
/store/data/Run2024D/HcalNZS/RAW/v1/000/380/310/00000/b10037bb-6853-4721-b554-d1e481428181.root 380310 [1257,1265,1266,1269,1270,1277,1256,1262,1273,1260,1267,1271,1276,1281,1259,1278,1274,1261,1264,1268,1272,1275,1280,1258,1263,1279]
/store/data/Run2024D/HcalNZS/RAW/v1/000/380/310/00000/b1e99d93-1a9d-4c6a-87a7-5dcd4157c49b.root 380310 [647,662,673,648,664,666,650,661,667,669,671,646,654,656,651,652,653,658,660,663,672,659,665,668,674,675,649,655,657,670,645]
/store/data/Run2024D/HcalNZS/RAW/v1/000/380/310/00000/b6339e45-7aed-462f-a479-49957190bbeb.root 380310 [216,221,205,220,211,213,217,222,223,206,209,214,207,204,208,210,212,215,218,219]
/store/data/Run2024D/HcalNZS/RAW/v1/000/380/310/00000/b8f8881e-7e6d-47f0-b111-956b1de5bd37.root 380310 [432,433,440,445,447,430,434,435,441,448,452,437,442,436,438,439,450,451,444,429,431,449,443,446]
/store/data/Run2024D/HcalNZS/RAW/v1/000/380/310/00000/bbc53ee4-f3d4-4e70-a61a-88daa469422a.root 380310 [132,137,138,139,142,143,128,136,131,144,127,135,140,129,130,133,134,141]
/store/data/Run2024D/HcalNZS/RAW/v1/000/380/310/00000/c7c8a826-8fc4-414f-9916-f5edbff57000.root 380310 [304,308,303,309,288,291,296,297,299,294,300,302,307,289,305,293,295,298,290,292,301,306,310]
/store/data/Run2024D/HcalNZS/RAW/v1/000/380/310/00000/d17ed3d4-e6df-4652-98f6-0ee8c3ad1594.root 380310 [957,961,963,965,976,989,962,967,972,973,970,991,958,960,971,977,979,981,984,959,964,969,974,983,990,966,975,982,985,980,992,968,978,986,987,988]
/store/data/Run2024D/HcalNZS/RAW/v1/000/380/310/00000/d248a625-fa5e-4043-9a3d-4287a6e72ada.root 380310 [1121,1125,1126,1137,1138,1158,1169,1179,1185,1190,1195,1197,1198,1201,1207,1215,1216,1217,1218,1229,1240,1241,1243,1247,1119,1123,1130,1139,1140,1143,1145,1151,1177,1181,1205,1248,1118,1122,1127,1156,1164,1170,1172,1175,1200,1214,1228,1232,1244,1245,1129,1131,1132,1142,1154,1159,1162,1168,1182,1183,1194,1203,1208,1226,1234,1242,1249,1133,1135,1152,1163,1166,1171,1173,1174,1192,1199,1213,1224,1227,1231,1238,1117,1134,1146,1149,1155,1165,1167,1178,1180,1188,1191,1196,1204,1206,1209,1210,1212,1220,1230,1235,1255,1124,1136,1144,1148,1150,1153,1161,1187,1193,1202,1211,1221,1225,1233,1236,1237,1246,1250,1252,1120,1128,1141,1147,1157,1160,1176,1184,1186,1189,1219,1222,1223,1239,1251,1253,1254]
/store/data/Run2024D/HcalNZS/RAW/v1/000/380/310/00000/dcc91f34-46af-4c3e-ab46-5455fd75a12e.root 380310 [1044,1046,1050,1051,1056,1069,1038,1040,1067,1070,1053,1059,1063,1064,1047,1054,1062,1071,1072,1035,1039,1041,1042,1045,1061,1065,1066,1037,1055,1043,1057,1058,1033,1034,1036,1048,1049,1052,1060,1068]
/store/data/Run2024D/HcalNZS/RAW/v1/000/380/310/00000/dde728f3-53f9-4e19-87ea-77150abe690e.root 380310 [1083,1085,1095,1099,1106,1107,1115,1094,1101,1102,1105,1116,1087,1088,1093,1073,1077,1079,1080,1082,1090,1110,1075,1084,1086,1109,1113,1114,1076,1081,1091,1096,1098,1112,1074,1092,1100,1104,1078,1089,1097,1103,1108,1111]
/store/data/Run2024D/HcalNZS/RAW/v1/000/380/310/00000/e0d007e7-c715-41c1-936e-7872e9bcf977.root 380310 [188,189,191,199,200,190,193,195,192,186,202,197,196,198,201,203,184,185,187,194]
/store/data/Run2024D/HcalNZS/RAW/v1/000/380/310/00000/ea0a9747-7570-422f-90c0-83a6fa646acc.root 380310 [117,119,122,126,109,116,118,112,115,125,120,113,123,124,111,114,110,121]
/store/data/Run2024D/HcalNZS/RAW/v1/000/380/310/00000/ec57e852-9655-4b23-a06b-8435a03c296f.root 380310 [563,564,565,567,574,583,584,566,562,568,571,572,575,582,570,576,578,558,559,560,573,579,580,561,577,581,569]
/store/data/Run2024D/HcalNZS/RAW/v1/000/380/310/00000/f32018a3-257f-4add-9924-516a37419e0d.root 380310 [414,423,425,428,407,411,417,420,415,418,424,426,427,409,408,412,422,405,410,413,416,419,421,406]
/store/data/Run2024D/HcalNZS/RAW/v1/000/380/310/00000/f8049920-5ac5-4d71-8553-7c193d901a9a.root 380310 [274,280,270,272,273,286,275,282,269,271,284,266,268,277,278,281,283,285,287,276,267,279]
/store/data/Run2024D/HcalNZS/RAW/v1/000/380/310/00000/f9cce07d-12f8-45d7-98aa-6b3f1119faa3.root 380310 [527,517,529,509,510,514,515,523,508,516,519,522,525,526,530,506,511,512,520,528,504,513,518,505,507,521,524]
/store/data/Run2024D/HcalNZS/RAW/v1/000/380/346/00000/05dc01dd-7ba9-479f-a2dd-51ab819dbfc6.root 380346 [253,246,249,254,257,243,245,252,255,242,244,247,250,251,256,248]
/store/data/Run2024D/HcalNZS/RAW/v1/000/380/346/00000/0e152511-7fcf-4ca9-adbd-3ec404620e9b.root 380346 [554,555,564,565,572,553,562,570,566,558,569,571,556,561,563,568,557,559,560,567]
/store/data/Run2024D/HcalNZS/RAW/v1/000/380/346/00000/0efdb156-7d2e-4393-92c7-3072bc3276cc.root 380346 [195,198,205,197,203,204,199,209,202,206,207,194,200,196,201,208]
/store/data/Run2024D/HcalNZS/RAW/v1/000/380/346/00000/129b867c-be4d-41d9-ab7f-797d73d5ef77.root 380346 [466,462,472,467,455,456,460,468,458,465,459,463,470,457,461,464,469,471]
/store/data/Run2024D/HcalNZS/RAW/v1/000/380/346/00000/1735b637-8755-487f-b774-614a3b0cafc5.root 380346 [379,387,382,374,376,380,386,383,384,378,385,388,373,375,377,381]
/store/data/Run2024D/HcalNZS/RAW/v1/000/380/346/00000/1af8b973-1483-43f7-9610-c42fffff8f83.root 380346 [168,169,177,163,167,175,171,172,166,170,174,164,173,162,176,165]
/store/data/Run2024D/HcalNZS/RAW/v1/000/380/346/00000/1df32e85-3a70-4663-b077-b52565452eb9.root 380346 [508,514,515,519,505,511,512,513,507,516,520,509,518,506,510,517]
/store/data/Run2024D/HcalNZS/RAW/v1/000/380/346/00000/2211803d-05ac-4965-b45d-7585cb949d95.root 380346 [210,216,222,225,212,220,221,214,215,218,219,223,213,217,211,224]
/store/data/Run2024D/HcalNZS/RAW/v1/000/380/346/00000/2cd63193-7e61-405d-ae79-034740f988e6.root 380346 [179,184,181,186,180,193,178,182,183,191,187,189,185,188,190,192]
/store/data/Run2024D/HcalNZS/RAW/v1/000/380/346/00000/30788315-94db-4899-9662-b5bd7f753f36.root 380346 [581,583,577,585,586,576,582,575,588,580,578,579,584,587,573,574]
/store/data/Run2024D/HcalNZS/RAW/v1/000/380/346/00000/40bbeabc-137c-4ff4-8c39-56ba09f99767.root 380346 [540,541,544,542,549,538,543,545,548,551,537,547,539,546,550,552]
/store/data/Run2024D/HcalNZS/RAW/v1/000/380/346/00000/42e97642-a8e0-4394-816b-f8dac4426bbf.root 380346 [423,424,427,425,429,430,431,435,428,436,422,426,434,433,421,432]
/store/data/Run2024D/HcalNZS/RAW/v1/000/380/346/00000/4dec838f-70a6-4ada-8293-d0bfb727a09d.root 380346 [405,415,417,419,407,410,412,409,413,406,414,416,408,418,411,420]
/store/data/Run2024D/HcalNZS/RAW/v1/000/380/346/00000/6b6291fa-a920-49db-a342-9d8d8151d29b.root 380346 [390,395,403,393,396,397,401,391,400,392,398,402,394,399,404,389]
/store/data/Run2024D/HcalNZS/RAW/v1/000/380/346/00000/6d59ece4-55a7-4c07-be9c-6ab5bc32a384.root 380346 [364,360,369,371,358,367,370,357,365,368,359,361,362,363,366,372]
/store/data/Run2024D/HcalNZS/RAW/v1/000/380/346/00000/71a0448e-4deb-4e3e-b35a-b4d1505a39f2.root 380346 [327,334,323,326,328,322,325,333,324,332,330,329,331]
/store/data/Run2024D/HcalNZS/RAW/v1/000/380/346/00000/7b79dff6-ac59-4edd-b20e-9114cdad63b9.root 380346 [150,159,145,152,155,157,158,146,160,149,153,144,147,148,156,151,154,161]
/store/data/Run2024D/HcalNZS/RAW/v1/000/380/346/00000/836d4ce7-6af9-4423-ac50-99e781e30ed7.root 380346 [491,494,495,499,500,501,490,492,503,504,489,502,493,498,496,497]
/store/data/Run2024D/HcalNZS/RAW/v1/000/380/346/00000/9249740c-5e1c-4039-886d-15b7aa0ef35c.root 380346 [138,142,128,135,140,143,132,139,137,130,131,133,141,136,129,134]
/store/data/Run2024D/HcalNZS/RAW/v1/000/380/346/00000/92b6a35d-f08c-43c7-9651-08500ab47012.root 380346 [356,345,348,352,354,355,343,350,347,351,341,342,346,353,344,349]
/store/data/Run2024D/HcalNZS/RAW/v1/000/380/346/00000/92c54a33-1f1a-4056-bf27-570bdfad2c2d.root 380346 [593,604,601,597,594,595,590,592,598,602,603,599,589,591,596,600]
/store/data/Run2024D/HcalNZS/RAW/v1/000/380/346/00000/939d9000-2709-43bf-8aed-b278b6e14ddc.root 380346 [121,114,116,126,112,115,123,113,118,125,117,119,120,122,124,127]
/store/data/Run2024D/HcalNZS/RAW/v1/000/380/346/00000/a29b6450-f174-4a15-aac7-4e28b8297de6.root 380346 [443,451,441,448,449,438,439,442,440,445,450,454,437,452,444,446,453,447]
/store/data/Run2024D/HcalNZS/RAW/v1/000/380/346/00000/a6df3805-29b5-44c4-aeba-47cc8cfe481e.root 380346 [229,232,238,227,230,236,237,231,226,234,239,240,228,233,235,241]
/store/data/Run2024D/HcalNZS/RAW/v1/000/380/346/00000/bbc0062e-b5ed-4af7-98fe-0ffade626ac1.root 380346 [83,85,76,93,79,80,87,90,77,82,81,84,88,89,92,95,78,86,91,94]
/store/data/Run2024D/HcalNZS/RAW/v1/000/380/346/00000/c747cdd0-5d4d-4581-986e-f47ea83eb5a6.root 380346 [263,267,269,260,266,271,273,259,261,268,262,264,270,258,265,272]
/store/data/Run2024D/HcalNZS/RAW/v1/000/380/346/00000/d0c846fd-b2c8-4f85-8f1d-704187c9a16f.root 380346 [336,337]
/store/data/Run2024D/HcalNZS/RAW/v1/000/380/346/00000/d3a63476-f417-41f0-abd0-e7f441e55feb.root 380346 [281,285,288,289,276,280,284,287,274,277,278,283,275,279,282,286]
/store/data/Run2024D/HcalNZS/RAW/v1/000/380/346/00000/dbca55c7-10a8-4743-bb38-df127087f897.root 380346 [306,309,313,311,315,317,318,310,312,314,316,321,307,308,319,320]
/store/data/Run2024D/HcalNZS/RAW/v1/000/380/346/00000/dd747a5f-9fd9-4147-8111-b0f3b7149c25.root 380346 [605,606,607]
/store/data/Run2024D/HcalNZS/RAW/v1/000/380/346/00000/de5f67d4-a411-43ac-8fe4-7696199e9f23.root 380346 [2,3,16,18,23,25,26,39,40,41,42,54,61,65,75,6,11,27,28,43,48,49,56,73,13,20,29,30,34,55,72,12,19,22,24,38,45,47,50,66,71,9,14,15,17,44,52,62,63,4,7,33,46,53,70,1,5,8,10,21,31,32,35,37,51,58,64,67,68,69,36,57,59,60,74]
/store/data/Run2024D/HcalNZS/RAW/v1/000/380/346/00000/e061f239-ddee-49cd-b8cc-a3774a410479.root 380346 [292,298,301,291,293,304,299,305,297,302,294,290,295,300,303,296]
/store/data/Run2024D/HcalNZS/RAW/v1/000/380/346/00000/e6625b34-3909-43ef-b9ab-437174a492d7.root 380346 [476,478,479,484,485,477,475,480,487,482,483,486,488,474,473,481]
/store/data/Run2024D/HcalNZS/RAW/v1/000/380/346/00000/ed4b570c-78e7-4e95-b8bb-8881afec6532.root 380346 [526,533,522,534,536,525,527,532,521,535,524,530,523,529,528,531]
/store/data/Run2024D/HcalNZS/RAW/v1/000/380/346/00000/f5adc3cb-87a9-494c-aab8-69ebf3f137b3.root 380346 [102,105,100,101,106,109,97,98,110,111,96,103,104,107,108,99]
