/store/data/Run2017C/JetHT/RAW/v1/000/301/998/00000/005E6456-CB8C-E711-B6C6-02163E019C51.root [868,869,870]
/store/data/Run2017C/JetHT/RAW/v1/000/301/998/00000/006400FB-F78C-E711-B79C-02163E0142E4.root [1698,1697,1696,1699,1700]
/store/data/Run2017C/JetHT/RAW/v1/000/301/998/00000/009A300B-C88C-E711-9EE9-02163E019C6B.root [705,704]
/store/data/Run2017C/JetHT/RAW/v1/000/301/998/00000/00D3A85A-D18C-E711-B49B-02163E01A1D3.root [983,984,985]
/store/data/Run2017C/JetHT/RAW/v1/000/301/998/00000/00E7DB47-B68C-E711-AE34-02163E01A464.root [7,8]
/store/data/Run2017C/JetHT/RAW/v1/000/301/998/00000/00F5A04C-B68C-E711-848E-02163E0142C6.root [114,115]
/store/data/Run2017C/JetHT/RAW/v1/000/301/998/00000/00FD2E01-C18C-E711-A08E-02163E019DD6.root [384,382,383,385]
/store/data/Run2017C/JetHT/RAW/v1/000/301/998/00000/02C202E3-D58C-E711-8AF8-02163E019B38.root [1064,1066,1065]
/store/data/Run2017C/JetHT/RAW/v1/000/301/998/00000/02D98347-B68C-E711-BC59-02163E014192.root [96,97]
/store/data/Run2017C/JetHT/RAW/v1/000/301/998/00000/02E11BB2-BF8C-E711-968C-02163E0126FD.root [662,663]
/store/data/Run2017C/JetHT/RAW/v1/000/301/998/00000/02F1D564-CF8C-E711-B94A-02163E01366D.root [945,944,946]
/store/data/Run2017C/JetHT/RAW/v1/000/301/998/00000/043B508E-E98C-E711-BDC9-02163E014724.root [1435,1437,1436,1438]
/store/data/Run2017C/JetHT/RAW/v1/000/301/998/00000/049A5002-E48C-E711-9F95-02163E01A205.root [1328,1330,1327,1329]
/store/data/Run2017C/JetHT/RAW/v1/000/301/998/00000/04A0D830-D78C-E711-BC3B-02163E01389A.root [1093,1091,1092]
/store/data/Run2017C/JetHT/RAW/v1/000/301/998/00000/04C23DCF-BB8C-E711-A53E-02163E013631.root [254,255,256,257]
/store/data/Run2017C/JetHT/RAW/v1/000/301/998/00000/04D026C1-C38C-E711-AF74-02163E019BA0.root [733,734]
/store/data/Run2017C/JetHT/RAW/v1/000/301/998/00000/060584B5-C28C-E711-96C7-02163E01A707.root [719,718]
/store/data/Run2017C/JetHT/RAW/v1/000/301/998/00000/060A60F4-D48C-E711-9495-02163E01A2C3.root [1042,1040,1041]
/store/data/Run2017C/JetHT/RAW/v1/000/301/998/00000/066F8D44-B68C-E711-B6AE-02163E01A6FE.root [120,121]
/store/data/Run2017C/JetHT/RAW/v1/000/301/998/00000/06A5C27A-D38C-E711-B6E1-02163E0141D2.root [1028,1029,1030]
/store/data/Run2017C/JetHT/RAW/v1/000/301/998/00000/06D4887E-D58C-E711-941F-02163E0142D8.root [1061,1062,1063]
/store/data/Run2017C/JetHT/RAW/v1/000/301/998/00000/082372EB-BF8C-E711-8936-02163E01441B.root [658,659]
/store/data/Run2017C/JetHT/RAW/v1/000/301/998/00000/08412EFC-BB8C-E711-A581-02163E01A3DE.root [594,595,593]
/store/data/Run2017C/JetHT/RAW/v1/000/301/998/00000/084695A1-DC8C-E711-AFF0-02163E012074.root [1198,1199,1197]
/store/data/Run2017C/JetHT/RAW/v1/000/301/998/00000/08C22B2D-C18C-E711-87A8-02163E01A2B9.root [337,334,335,336]
/store/data/Run2017C/JetHT/RAW/v1/000/301/998/00000/08DA6659-C98C-E711-B5B2-02163E01A355.root [836,835,837]
/store/data/Run2017C/JetHT/RAW/v1/000/301/998/00000/08FDCE45-B68C-E711-A590-02163E013614.root [102,103]
/store/data/Run2017C/JetHT/RAW/v1/000/301/998/00000/0A44A768-D68C-E711-9514-02163E01A5B0.root [1081,1079,1080]
/store/data/Run2017C/JetHT/RAW/v1/000/301/998/00000/0A452AEE-F48C-E711-9B0F-02163E0144FA.root [1632,1633,1634,1631]
/store/data/Run2017C/JetHT/RAW/v1/000/301/998/00000/0C2CC941-BA8C-E711-9192-02163E0134F0.root [562,560,561]
/store/data/Run2017C/JetHT/RAW/v1/000/301/998/00000/0C4DA548-B68C-E711-9FE5-02163E0136F1.root [232,233]
/store/data/Run2017C/JetHT/RAW/v1/000/301/998/00000/0CCF9D9E-7B8D-E711-BD26-02163E01460A.root [1702,1703,1704,1701,1705]
/store/data/Run2017C/JetHT/RAW/v1/000/301/998/00000/0CF75800-CE8C-E711-9E46-02163E011D0A.root [920,922,921]
/store/data/Run2017C/JetHT/RAW/v1/000/301/998/00000/0E0B806C-E88C-E711-B59D-02163E014764.root [1414,1412,1413,1411]
/store/data/Run2017C/JetHT/RAW/v1/000/301/998/00000/0E6D2884-C18C-E711-89DD-02163E01A4AD.root [418,419,421,420]
/store/data/Run2017C/JetHT/RAW/v1/000/301/998/00000/0EAEE935-E08C-E711-A0D2-02163E01A4AC.root [1251,1254,1252,1253]
/store/data/Run2017C/JetHT/RAW/v1/000/301/998/00000/0EC8B8F9-E78C-E711-AE88-02163E0138AE.root [1395,1398,1397,1396]
/store/data/Run2017C/JetHT/RAW/v1/000/301/998/00000/0EE54C7D-DB8C-E711-9827-02163E019CD2.root [1167,1169,1168]
/store/data/Run2017C/JetHT/RAW/v1/000/301/998/00000/0EFF16BC-BD8C-E711-9E0C-02163E01A5D2.root [623,624,625]
/store/data/Run2017C/JetHT/RAW/v1/000/301/998/00000/10408233-BB8C-E711-BE64-02163E01A416.root [468,469,470,471]
/store/data/Run2017C/JetHT/RAW/v1/000/301/998/00000/10593973-EC8C-E711-8943-02163E0144B9.root [1479,1481,1480,1482]
/store/data/Run2017C/JetHT/RAW/v1/000/301/998/00000/105FBB44-B68C-E711-AABE-02163E01A526.root [70,71]
/store/data/Run2017C/JetHT/RAW/v1/000/301/998/00000/10E2EAE2-C98C-E711-AD7A-02163E01A602.root [849,848,847]
/store/data/Run2017C/JetHT/RAW/v1/000/301/998/00000/129BC6B4-D48C-E711-92E7-02163E013480.root [1047,1046,1048]
/store/data/Run2017C/JetHT/RAW/v1/000/301/998/00000/12EB5801-BF8C-E711-B171-02163E01440E.root [649,648]
/store/data/Run2017C/JetHT/RAW/v1/000/301/998/00000/12FEB095-F18C-E711-95E0-02163E011BD4.root [1579,1582,1580,1581]
/store/data/Run2017C/JetHT/RAW/v1/000/301/998/00000/143BE647-C18C-E711-809C-02163E013506.root [438,439,441,440]
/store/data/Run2017C/JetHT/RAW/v1/000/301/998/00000/143FF70D-B98C-E711-8885-02163E01389A.root [541,539,540]
/store/data/Run2017C/JetHT/RAW/v1/000/301/998/00000/1458C27F-BD8C-E711-8441-02163E014764.root [497,499,498,496]
/store/data/Run2017C/JetHT/RAW/v1/000/301/998/00000/14AB0833-C18C-E711-BB92-02163E014376.root [327,328,329,326]
/store/data/Run2017C/JetHT/RAW/v1/000/301/998/00000/14CB30A1-F18C-E711-8E6B-02163E01242D.root [1577,1578,1575,1576]
/store/data/Run2017C/JetHT/RAW/v1/000/301/998/00000/14F9B22B-F38C-E711-9CC5-02163E0137F6.root [1600,1601,1602,1604,1603]
/store/data/Run2017C/JetHT/RAW/v1/000/301/998/00000/16503DAF-E68C-E711-862E-02163E01A60E.root [1379,1380,1382,1381]
/store/data/Run2017C/JetHT/RAW/v1/000/301/998/00000/16881C7A-B98C-E711-9316-02163E014764.root [548,550,549]
/store/data/Run2017C/JetHT/RAW/v1/000/301/998/00000/16B3853A-C48C-E711-BBFB-02163E012546.root [741,742]
/store/data/Run2017C/JetHT/RAW/v1/000/301/998/00000/16C49F45-B68C-E711-8F2C-02163E01419A.root [181,180]
/store/data/Run2017C/JetHT/RAW/v1/000/301/998/00000/16E958D5-E88C-E711-9391-02163E013431.root [1418,1417,1415,1416]
/store/data/Run2017C/JetHT/RAW/v1/000/301/998/00000/18E07F84-D88C-E711-922E-02163E019C10.root [1115,1117,1116]
/store/data/Run2017C/JetHT/RAW/v1/000/301/998/00000/18E381E5-DB8C-E711-80EB-02163E0146D6.root [1179,1178,1180,1181]
/store/data/Run2017C/JetHT/RAW/v1/000/301/998/00000/18E65867-B78C-E711-8703-02163E01190B.root [56,57]
/store/data/Run2017C/JetHT/RAW/v1/000/301/998/00000/18F9EF51-DC8C-E711-8CCE-02163E019C13.root [1185,1187,1186]
/store/data/Run2017C/JetHT/RAW/v1/000/301/998/00000/1A094543-B68C-E711-AA22-02163E019D4D.root [81,80]
/store/data/Run2017C/JetHT/RAW/v1/000/301/998/00000/1A1C13FE-D88C-E711-94C5-02163E013566.root [1130,1131,1132]
/store/data/Run2017C/JetHT/RAW/v1/000/301/998/00000/1A1CA3A4-C08C-E711-B648-02163E019E14.root [675,674]
/store/data/Run2017C/JetHT/RAW/v1/000/301/998/00000/1A28E245-B68C-E711-B898-02163E01A5A5.root [190,191]
/store/data/Run2017C/JetHT/RAW/v1/000/301/998/00000/1A3803BE-BC8C-E711-BE37-02163E0141B9.root [602,603,604]
/store/data/Run2017C/JetHT/RAW/v1/000/301/998/00000/1A6A5710-C68C-E711-9B89-02163E0118D9.root [773,774,772]
/store/data/Run2017C/JetHT/RAW/v1/000/301/998/00000/1ACD2F44-B68C-E711-9FD7-02163E01A686.root [45,44]
/store/data/Run2017C/JetHT/RAW/v1/000/301/998/00000/1AED50EE-C08C-E711-AEB1-02163E012A10.root [350,353,352,351]
/store/data/Run2017C/JetHT/RAW/v1/000/301/998/00000/1C7FA618-C18C-E711-9FD8-02163E01A27A.root [370,372,373,371]
/store/data/Run2017C/JetHT/RAW/v1/000/301/998/00000/1E3FC386-C98C-E711-86B6-02163E01A4F0.root [715,714]
/store/data/Run2017C/JetHT/RAW/v1/000/301/998/00000/1E730245-B68C-E711-8DB1-02163E01A335.root [149,148]
/store/data/Run2017C/JetHT/RAW/v1/000/301/998/00000/1E9D9145-B68C-E711-8A1C-02163E01A3B9.root [113,112]
/store/data/Run2017C/JetHT/RAW/v1/000/301/998/00000/1EDE004A-B68C-E711-AAF6-02163E01198E.root [94,95]
/store/data/Run2017C/JetHT/RAW/v1/000/301/998/00000/1EF2EE80-EB8C-E711-8695-02163E01456A.root [1468,1469,1470,1467]
/store/data/Run2017C/JetHT/RAW/v1/000/301/998/00000/200F29DC-C88C-E711-B77A-02163E019D5F.root [819,817,818]
/store/data/Run2017C/JetHT/RAW/v1/000/301/998/00000/20728264-B68C-E711-9D0E-02163E0138DC.root [188,189]
/store/data/Run2017C/JetHT/RAW/v1/000/301/998/00000/207F79FE-C78C-E711-A3F5-02163E01A640.root [807,806,805]
/store/data/Run2017C/JetHT/RAW/v1/000/301/998/00000/20B2B942-B68C-E711-8D2A-02163E019DF5.root [16,15]
/store/data/Run2017C/JetHT/RAW/v1/000/301/998/00000/225EED00-C18C-E711-A581-02163E01A7A4.root [414,417,416,415]
/store/data/Run2017C/JetHT/RAW/v1/000/301/998/00000/22614448-B68C-E711-B6A7-02163E01A22D.root [127,126]
/store/data/Run2017C/JetHT/RAW/v1/000/301/998/00000/22926605-BF8C-E711-876A-02163E01A705.root [647,646]
/store/data/Run2017C/JetHT/RAW/v1/000/301/998/00000/22BBE047-B68C-E711-9902-02163E011804.root [40,41]
/store/data/Run2017C/JetHT/RAW/v1/000/301/998/00000/241B4012-C68C-E711-8A13-02163E01A3F0.root [776,777,775]
/store/data/Run2017C/JetHT/RAW/v1/000/301/998/00000/242A238D-B88C-E711-BD87-02163E0143E5.root [35,34,33]
/store/data/Run2017C/JetHT/RAW/v1/000/301/998/00000/243C9E13-D28C-E711-A909-02163E0144FB.root [997,995,996]
/store/data/Run2017C/JetHT/RAW/v1/000/301/998/00000/24596919-EE8C-E711-96DF-02163E014581.root [1516,1515,1517,1518]
/store/data/Run2017C/JetHT/RAW/v1/000/301/998/00000/248F1BBB-C88C-E711-BB51-02163E01A4BB.root [816,814,815]
/store/data/Run2017C/JetHT/RAW/v1/000/301/998/00000/24C23855-C08C-E711-A4A3-02163E01A1D3.root [666,667]
/store/data/Run2017C/JetHT/RAW/v1/000/301/998/00000/24D53748-B68C-E711-9200-02163E011BEC.root [167,166]
/store/data/Run2017C/JetHT/RAW/v1/000/301/998/00000/262804F4-BB8C-E711-89E8-02163E011EBA.root [587,588,589]
/store/data/Run2017C/JetHT/RAW/v1/000/301/998/00000/2640E3B2-BF8C-E711-AABB-02163E01A705.root [660,661]
/store/data/Run2017C/JetHT/RAW/v1/000/301/998/00000/26C26BD4-DE8C-E711-AD99-02163E012514.root [1231,1232,1230]
/store/data/Run2017C/JetHT/RAW/v1/000/301/998/00000/26D0B59E-C18C-E711-B050-02163E01416C.root [390,391,392,393]
/store/data/Run2017C/JetHT/RAW/v1/000/301/998/00000/26ED36DC-BD8C-E711-B68C-02163E0121EB.root [621,622,620]
/store/data/Run2017C/JetHT/RAW/v1/000/301/998/00000/26EE128A-F18C-E711-9C1C-02163E019C95.root [1560,1561,1559,1562]
/store/data/Run2017C/JetHT/RAW/v1/000/301/998/00000/26FBC2E9-C08C-E711-8C33-02163E01A1E4.root [285,282,283,284]
/store/data/Run2017C/JetHT/RAW/v1/000/301/998/00000/2818A069-D68C-E711-895E-02163E013431.root [1076,1077,1078]
/store/data/Run2017C/JetHT/RAW/v1/000/301/998/00000/28801E0A-E68C-E711-830C-02163E0143E4.root [1366,1365,1363,1364]
/store/data/Run2017C/JetHT/RAW/v1/000/301/998/00000/2899264B-B68C-E711-B74A-02163E013683.root [118,119]
/store/data/Run2017C/JetHT/RAW/v1/000/301/998/00000/289CA19A-BB8C-E711-90C6-02163E01376C.root [577,575,576]
/store/data/Run2017C/JetHT/RAW/v1/000/301/998/00000/28AAE241-B68C-E711-A616-02163E01A4D4.root [18,17]
/store/data/Run2017C/JetHT/RAW/v1/000/301/998/00000/28BD12EC-D28C-E711-842D-02163E01A5FC.root [1010,1011,1012]
/store/data/Run2017C/JetHT/RAW/v1/000/301/998/00000/28C34763-C68C-E711-9491-02163E01A5C6.root [783,782,781]
/store/data/Run2017C/JetHT/RAW/v1/000/301/998/00000/2A44CE4B-B68C-E711-A2B2-02163E01A513.root [124,125]
/store/data/Run2017C/JetHT/RAW/v1/000/301/998/00000/2A635FC2-C18C-E711-9D26-02163E013630.root [378,381,380,379]
/store/data/Run2017C/JetHT/RAW/v1/000/301/998/00000/2A8CBF01-D68C-E711-8817-02163E0118B6.root [1071,1072,1070]
/store/data/Run2017C/JetHT/RAW/v1/000/301/998/00000/2AE35EA6-EF8C-E711-8C96-02163E013470.root [1544,1543,1545,1546]
/store/data/Run2017C/JetHT/RAW/v1/000/301/998/00000/2C0E2E48-B68C-E711-98DB-02163E019C59.root [13,14]
/store/data/Run2017C/JetHT/RAW/v1/000/301/998/00000/2C29EFAF-E58C-E711-AF19-02163E0146BE.root [1359,1361,1362,1360]
/store/data/Run2017C/JetHT/RAW/v1/000/301/998/00000/2C41364E-B68C-E711-A9CD-02163E0145E1.root [25,26]
/store/data/Run2017C/JetHT/RAW/v1/000/301/998/00000/2CA0DB60-BD8C-E711-AF64-02163E01A5BD.root [489,490,491,488]
/store/data/Run2017C/JetHT/RAW/v1/000/301/998/00000/2CE18B7B-F28C-E711-8076-02163E019BFD.root [1589,1587,1590,1591,1588]
/store/data/Run2017C/JetHT/RAW/v1/000/301/998/00000/2CE847EF-C08C-E711-BD14-02163E01A34F.root [409,408,406,407]
/store/data/Run2017C/JetHT/RAW/v1/000/301/998/00000/2CFDEBE4-C18C-E711-8E1A-02163E014351.root [697,696]
/store/data/Run2017C/JetHT/RAW/v1/000/301/998/00000/2E0A2A9D-CB8C-E711-9F47-02163E011CF5.root [876,874,875]
/store/data/Run2017C/JetHT/RAW/v1/000/301/998/00000/2E5870C7-B78C-E711-BFC8-02163E01419D.root [516,517,515]
/store/data/Run2017C/JetHT/RAW/v1/000/301/998/00000/2EA8459C-C78C-E711-AFAC-02163E01A26A.root [803,802,804]
/store/data/Run2017C/JetHT/RAW/v1/000/301/998/00000/2EEC47D2-F08C-E711-96B4-02163E01427F.root [1563,1565,1566,1564]
/store/data/Run2017C/JetHT/RAW/v1/000/301/998/00000/300C7DFC-C98C-E711-9117-02163E0143DE.root [735,736]
/store/data/Run2017C/JetHT/RAW/v1/000/301/998/00000/30783BA4-C08C-E711-84BB-02163E019B7F.root [331,333,330,332]
/store/data/Run2017C/JetHT/RAW/v1/000/301/998/00000/307D47A0-B88C-E711-A94F-02163E01474E.root [513,514,512]
/store/data/Run2017C/JetHT/RAW/v1/000/301/998/00000/30F411CF-BB8C-E711-9D1E-02163E013932.root [580,579,578]
/store/data/Run2017C/JetHT/RAW/v1/000/301/998/00000/3209DBF5-E18C-E711-9022-02163E0146D6.root [1287,1290,1288,1289]
/store/data/Run2017C/JetHT/RAW/v1/000/301/998/00000/322D674E-B68C-E711-A107-02163E01A4E5.root [176,177]
/store/data/Run2017C/JetHT/RAW/v1/000/301/998/00000/32455B23-C18C-E711-8424-02163E019D0B.root [689,688]
/store/data/Run2017C/JetHT/RAW/v1/000/301/998/00000/3417333A-E58C-E711-9F99-02163E01A4E0.root [1352,1351,1353,1354]
/store/data/Run2017C/JetHT/RAW/v1/000/301/998/00000/34359300-BF8C-E711-98F2-02163E01A5DF.root [644,645]
/store/data/Run2017C/JetHT/RAW/v1/000/301/998/00000/3440E146-B68C-E711-9C56-02163E019D68.root [104,105]
/store/data/Run2017C/JetHT/RAW/v1/000/301/998/00000/34466FAF-F58C-E711-B471-02163E01A3FA.root [1645,1647,1649,1648,1646]
/store/data/Run2017C/JetHT/RAW/v1/000/301/998/00000/3461FAA7-BB8C-E711-AD03-02163E0135F6.root [472,474,473,475]
/store/data/Run2017C/JetHT/RAW/v1/000/301/998/00000/347285BF-C68C-E711-A572-02163E01A66B.root [683,682]
/store/data/Run2017C/JetHT/RAW/v1/000/301/998/00000/34D87096-C18C-E711-B196-02163E011EF6.root [359,358,360,361]
/store/data/Run2017C/JetHT/RAW/v1/000/301/998/00000/3601273A-EC8C-E711-B6E8-02163E013459.root [1483,1484,1485,1486]
/store/data/Run2017C/JetHT/RAW/v1/000/301/998/00000/363BD0A8-D18C-E711-8472-02163E019C52.root [994,993,992]
/store/data/Run2017C/JetHT/RAW/v1/000/301/998/00000/363DB451-B68C-E711-B7D0-02163E013897.root [137,136]
/store/data/Run2017C/JetHT/RAW/v1/000/301/998/00000/3664B0B0-DE8C-E711-B689-02163E0140E8.root [1229,1227,1228]
/store/data/Run2017C/JetHT/RAW/v1/000/301/998/00000/367DFE57-C18C-E711-8FD5-02163E0142EE.root [693,692]
/store/data/Run2017C/JetHT/RAW/v1/000/301/998/00000/36804493-C98C-E711-8271-02163E014353.root [838,839,840]
/store/data/Run2017C/JetHT/RAW/v1/000/301/998/00000/368D7144-B68C-E711-9190-02163E01A630.root [27,28]
/store/data/Run2017C/JetHT/RAW/v1/000/301/998/00000/369917F7-BA8C-E711-8827-02163E01A4A4.root [244,243,242,245]
/store/data/Run2017C/JetHT/RAW/v1/000/301/998/00000/36A09FCE-EA8C-E711-A8D8-02163E019E53.root [1451,1454,1452,1453]
/store/data/Run2017C/JetHT/RAW/v1/000/301/998/00000/36A14048-B68C-E711-9211-02163E0118F7.root [173,172]
/store/data/Run2017C/JetHT/RAW/v1/000/301/998/00000/36A662A6-E08C-E711-B2F6-02163E019D24.root [1261,1260,1262,1259]
/store/data/Run2017C/JetHT/RAW/v1/000/301/998/00000/36A6930F-BA8C-E711-B2B9-02163E014318.root [552,553,551]
/store/data/Run2017C/JetHT/RAW/v1/000/301/998/00000/36B19CF7-C78C-E711-A574-02163E019CB5.root [811,812,813]
/store/data/Run2017C/JetHT/RAW/v1/000/301/998/00000/36EC31ED-C08C-E711-9A9E-02163E013631.root [344,345,343,342]
/store/data/Run2017C/JetHT/RAW/v1/000/301/998/00000/380FECD1-B68C-E711-AA1E-02163E014783.root [98,99]
/store/data/Run2017C/JetHT/RAW/v1/000/301/998/00000/38204341-D08C-E711-8D62-02163E019DBE.root [964,962,963]
/store/data/Run2017C/JetHT/RAW/v1/000/301/998/00000/3861B67A-D88C-E711-89CC-02163E01A1E4.root [1107,1108,1106]
/store/data/Run2017C/JetHT/RAW/v1/000/301/998/00000/3A05CA22-BD8C-E711-8807-02163E011AF4.root [598,597,596]
/store/data/Run2017C/JetHT/RAW/v1/000/301/998/00000/3A0ACE75-DE8C-E711-B337-02163E019B48.root [1220,1219,1218]
/store/data/Run2017C/JetHT/RAW/v1/000/301/998/00000/3A6F146D-F08C-E711-8426-02163E011BD1.root [1558,1557,1556,1555]
/store/data/Run2017C/JetHT/RAW/v1/000/301/998/00000/3A749714-DA8C-E711-A200-02163E0144FB.root [1145,1146,1147]
/store/data/Run2017C/JetHT/RAW/v1/000/301/998/00000/3A979768-EA8C-E711-A179-02163E0141BA.root [1445,1443,1446,1444]
/store/data/Run2017C/JetHT/RAW/v1/000/301/998/00000/3AC3A9EA-C08C-E711-AA38-02163E014562.root [395,394,397,396]
/store/data/Run2017C/JetHT/RAW/v1/000/301/998/00000/3C384A60-B68C-E711-B1BE-02163E01A73B.root [171,170]
/store/data/Run2017C/JetHT/RAW/v1/000/301/998/00000/3C38BAA9-C08C-E711-8E78-02163E01A37A.root [296,295,297,294]
/store/data/Run2017C/JetHT/RAW/v1/000/301/998/00000/3C3B74A1-CA8C-E711-85D4-02163E01374A.root [722,723]
/store/data/Run2017C/JetHT/RAW/v1/000/301/998/00000/3C95015B-B68C-E711-ADFA-02163E011E55.root [163,162]
/store/data/Run2017C/JetHT/RAW/v1/000/301/998/00000/3CB5FA57-D28C-E711-9089-02163E011CCB.root [1001,1003,1002]
/store/data/Run2017C/JetHT/RAW/v1/000/301/998/00000/3CC5F27B-C48C-E711-A97D-02163E019B7F.root [739,740]
/store/data/Run2017C/JetHT/RAW/v1/000/301/998/00000/3E2B86E5-C38C-E711-8401-02163E0139BD.root [737,738]
/store/data/Run2017C/JetHT/RAW/v1/000/301/998/00000/3E5E0A90-C18C-E711-8EBF-02163E0144CB.root [413,411,410,412]
/store/data/Run2017C/JetHT/RAW/v1/000/301/998/00000/3E8F2946-B68C-E711-86E9-02163E019B4A.root [202,203]
/store/data/Run2017C/JetHT/RAW/v1/000/301/998/00000/3E97FCD1-D68C-E711-8D24-02163E013621.root [1084,1083,1082]
/store/data/Run2017C/JetHT/RAW/v1/000/301/998/00000/3EB9BD46-B68C-E711-A15C-02163E01A5E0.root [78,79]
/store/data/Run2017C/JetHT/RAW/v1/000/301/998/00000/3EC8CB69-C18C-E711-B88E-02163E01A379.root [354,355,357,356]
/store/data/Run2017C/JetHT/RAW/v1/000/301/998/00000/3ED43597-C38C-E711-9E61-02163E011854.root [725,724]
/store/data/Run2017C/JetHT/RAW/v1/000/301/998/00000/401DBFC5-C08C-E711-BA01-02163E01A60E.root [303,302,304,305]
/store/data/Run2017C/JetHT/RAW/v1/000/301/998/00000/40334DF4-BB8C-E711-85A2-02163E013631.root [591,592,590]
/store/data/Run2017C/JetHT/RAW/v1/000/301/998/00000/406DB1BB-F68C-E711-AD42-02163E01A6B7.root [1676,1680,1677,1678,1679]
/store/data/Run2017C/JetHT/RAW/v1/000/301/998/00000/40D4D453-D98C-E711-87B7-02163E01416C.root [1137,1136,1138]
/store/data/Run2017C/JetHT/RAW/v1/000/301/998/00000/40E3B799-BA8C-E711-9FB5-02163E01359A.root [568,566,567]
/store/data/Run2017C/JetHT/RAW/v1/000/301/998/00000/424064C7-B88C-E711-80BA-02163E011F37.root [533,535,534]
/store/data/Run2017C/JetHT/RAW/v1/000/301/998/00000/424D970A-EF8C-E711-B0E0-02163E01A3A8.root [1524,1525,1523,1526]
/store/data/Run2017C/JetHT/RAW/v1/000/301/998/00000/42CA413C-C38C-E711-BB0F-02163E01A4A4.root [721,720]
/store/data/Run2017C/JetHT/RAW/v1/000/301/998/00000/42F7DD48-B68C-E711-AA00-02163E014667.root [62,63]
/store/data/Run2017C/JetHT/RAW/v1/000/301/998/00000/4426B4BB-E68C-E711-B463-02163E011F5B.root [1377,1376,1378,1375]
/store/data/Run2017C/JetHT/RAW/v1/000/301/998/00000/4455F816-E18C-E711-9C1F-02163E013897.root [1272,1273,1274,1271]
/store/data/Run2017C/JetHT/RAW/v1/000/301/998/00000/44ADF995-7B8D-E711-B8A1-02163E01440D.root [1716,1723,1731,1732,1734,1736,1738,1713,1718,1724,1725,1726,1733,1739,1711,1712,1719,1729,1737,1708,1714,1722,1727,1730,1735,1709,1715,1721,1710,1717,1720,1728]
/store/data/Run2017C/JetHT/RAW/v1/000/301/998/00000/44C04F3C-BD8C-E711-9804-02163E013631.root [611,612,613]
/store/data/Run2017C/JetHT/RAW/v1/000/301/998/00000/44D726F4-E48C-E711-9DFB-02163E013932.root [1346,1343,1344,1345]
/store/data/Run2017C/JetHT/RAW/v1/000/301/998/00000/461ADA59-BE8C-E711-B419-02163E01472C.root [636,635,637]
/store/data/Run2017C/JetHT/RAW/v1/000/301/998/00000/46373E6C-DA8C-E711-9D81-02163E01421E.root [1152,1153,1151]
/store/data/Run2017C/JetHT/RAW/v1/000/301/998/00000/46960049-DC8C-E711-AFC8-02163E0143E4.root [1189,1190,1188]
/store/data/Run2017C/JetHT/RAW/v1/000/301/998/00000/46BB9F46-B68C-E711-A3F4-02163E019B70.root [216,217]
/store/data/Run2017C/JetHT/RAW/v1/000/301/998/00000/46C52C62-B88C-E711-A42F-02163E012A36.root [518,519,520]
/store/data/Run2017C/JetHT/RAW/v1/000/301/998/00000/46ED7410-C28C-E711-BA55-02163E019CB3.root [707,706]
/store/data/Run2017C/JetHT/RAW/v1/000/301/998/00000/4802AC46-B68C-E711-AEEF-02163E019C30.root [39,38]
/store/data/Run2017C/JetHT/RAW/v1/000/301/998/00000/4858A069-C18C-E711-87A5-02163E01A5E8.root [276,277,274,275]
/store/data/Run2017C/JetHT/RAW/v1/000/301/998/00000/488FF601-BF8C-E711-8AC4-02163E012595.root [642,643]
/store/data/Run2017C/JetHT/RAW/v1/000/301/998/00000/489A8FD9-C08C-E711-9353-02163E01A34F.root [678,679]
/store/data/Run2017C/JetHT/RAW/v1/000/301/998/00000/4A475551-B68C-E711-8C89-02163E0124D4.root [230,231]
/store/data/Run2017C/JetHT/RAW/v1/000/301/998/00000/4A767A65-D58C-E711-B7AB-02163E0137BC.root [1056,1055,1057]
/store/data/Run2017C/JetHT/RAW/v1/000/301/998/00000/4ADED422-F68C-E711-A26A-02163E0135E6.root [1657,1658,1652,1660,1650,1659,1653,1655,1654,1656,1651]
/store/data/Run2017C/JetHT/RAW/v1/000/301/998/00000/4C1A5A59-B68C-E711-9D62-02163E014223.root [199,198]
/store/data/Run2017C/JetHT/RAW/v1/000/301/998/00000/4C5C5667-F68C-E711-8103-02163E01366D.root [1664,1663,1661,1662,1665]
/store/data/Run2017C/JetHT/RAW/v1/000/301/998/00000/4E113265-B68C-E711-8A86-02163E011AC9.root [135,134]
/store/data/Run2017C/JetHT/RAW/v1/000/301/998/00000/4E48B2C1-DE8C-E711-9F11-02163E01A762.root [1233,1235,1234]
/store/data/Run2017C/JetHT/RAW/v1/000/301/998/00000/4E77901D-DF8C-E711-80EB-02163E01189E.root [1236,1238,1237]
/store/data/Run2017C/JetHT/RAW/v1/000/301/998/00000/4E78C042-B68C-E711-9F05-02163E019DAF.root [9,10]
/store/data/Run2017C/JetHT/RAW/v1/000/301/998/00000/4EE35015-DE8C-E711-9A40-02163E012A10.root [1216,1217,1215]
/store/data/Run2017C/JetHT/RAW/v1/000/301/998/00000/4EFC2214-CC8C-E711-9841-02163E01A3B7.root [886,888,887]
/store/data/Run2017C/JetHT/RAW/v1/000/301/998/00000/5087FD90-C98C-E711-879A-02163E013480.root [844,845,846]
/store/data/Run2017C/JetHT/RAW/v1/000/301/998/00000/509A8A89-DB8C-E711-ABE0-02163E01A1C6.root [1171,1173,1172,1170]
/store/data/Run2017C/JetHT/RAW/v1/000/301/998/00000/52A92E78-D38C-E711-A8D4-02163E01A2B6.root [1025,1027,1026]
/store/data/Run2017C/JetHT/RAW/v1/000/301/998/00000/52CF2C8A-BB8C-E711-8081-02163E019C94.root [585,584,586]
/store/data/Run2017C/JetHT/RAW/v1/000/301/998/00000/54043343-B68C-E711-BC2A-02163E019CA0.root [37,36]
/store/data/Run2017C/JetHT/RAW/v1/000/301/998/00000/54C7A945-B68C-E711-A18A-02163E01A45D.root [179,178]
/store/data/Run2017C/JetHT/RAW/v1/000/301/998/00000/562E194F-B68C-E711-BCFE-02163E01359A.root [50,51]
/store/data/Run2017C/JetHT/RAW/v1/000/301/998/00000/5648BDD5-DA8C-E711-93BF-02163E011F59.root [1158,1159,1160]
/store/data/Run2017C/JetHT/RAW/v1/000/301/998/00000/565F96C3-DE8C-E711-8EF6-02163E01A6BC.root [1226,1224,1225]
/store/data/Run2017C/JetHT/RAW/v1/000/301/998/00000/56B29032-C38C-E711-9DCB-02163E0141EA.root [209,208]
/store/data/Run2017C/JetHT/RAW/v1/000/301/998/00000/56B81E8B-EF8C-E711-A430-02163E0146B6.root [1539,1540,1542,1541]
/store/data/Run2017C/JetHT/RAW/v1/000/301/998/00000/56EAAE2A-E88C-E711-BD4E-02163E0144A7.root [1404,1406,1405,1403]
/store/data/Run2017C/JetHT/RAW/v1/000/301/998/00000/56FB4450-BC8C-E711-A947-02163E019C68.root [482,480,483,481]
/store/data/Run2017C/JetHT/RAW/v1/000/301/998/00000/5857C72C-D28C-E711-8716-02163E011AA4.root [1000,998,999]
/store/data/Run2017C/JetHT/RAW/v1/000/301/998/00000/588EBFA5-C08C-E711-9B1F-02163E01A5C6.root [273,272,271,270]
/store/data/Run2017C/JetHT/RAW/v1/000/301/998/00000/58DFBBA1-BD8C-E711-BD03-02163E014674.root [484,485,487,486]
/store/data/Run2017C/JetHT/RAW/v1/000/301/998/00000/58ECF793-CD8C-E711-A394-02163E01A5C4.root [909,908,910]
/store/data/Run2017C/JetHT/RAW/v1/000/301/998/00000/58F7EFAE-C38C-E711-82FE-02163E01A60E.root [727,726]
/store/data/Run2017C/JetHT/RAW/v1/000/301/998/00000/5A844125-D68C-E711-B913-02163E01A56E.root [1075,1074,1073]
/store/data/Run2017C/JetHT/RAW/v1/000/301/998/00000/5AA2C7FB-D88C-E711-B95E-02163E019CB3.root [1124,1125,1126]
/store/data/Run2017C/JetHT/RAW/v1/000/301/998/00000/5C5A3943-B68C-E711-9489-02163E019C14.root [67,66]
/store/data/Run2017C/JetHT/RAW/v1/000/301/998/00000/5C5F8A56-B68C-E711-8D0F-02163E014126.root [92,93]
/store/data/Run2017C/JetHT/RAW/v1/000/301/998/00000/5C653645-B68C-E711-82DB-02163E01A32C.root [185,184]
/store/data/Run2017C/JetHT/RAW/v1/000/301/998/00000/5C8DE40D-C28C-E711-91E6-02163E019C13.root [702,703]
/store/data/Run2017C/JetHT/RAW/v1/000/301/998/00000/5CD14117-BD8C-E711-B2BA-02163E01A674.root [502,501,503,500]
/store/data/Run2017C/JetHT/RAW/v1/000/301/998/00000/5E9B8874-C58C-E711-BD7A-02163E01A5C4.root [766,768,767]
/store/data/Run2017C/JetHT/RAW/v1/000/301/998/00000/5EB1B743-B68C-E711-A129-02163E01A742.root [22,21]
/store/data/Run2017C/JetHT/RAW/v1/000/301/998/00000/5EE92262-CC8C-E711-B0C6-02163E01A659.root [893,895,894]
/store/data/Run2017C/JetHT/RAW/v1/000/301/998/00000/605CF148-B68C-E711-B94B-02163E01455E.root [150,151]
/store/data/Run2017C/JetHT/RAW/v1/000/301/998/00000/606091F2-EF8C-E711-B9F8-02163E01371F.root [1548,1547,1549,1550]
/store/data/Run2017C/JetHT/RAW/v1/000/301/998/00000/60B50656-F48C-E711-8FA3-02163E014725.root [1620,1617,1618,1619]
/store/data/Run2017C/JetHT/RAW/v1/000/301/998/00000/60F0160D-CF8C-E711-8BB2-02163E01A3FC.root [942,943,941]
/store/data/Run2017C/JetHT/RAW/v1/000/301/998/00000/621CA992-F28C-E711-8DFC-02163E0118BC.root [1599,1596,1598,1597]
/store/data/Run2017C/JetHT/RAW/v1/000/301/998/00000/6228F4CC-D48C-E711-835B-02163E019CB5.root [1045,1043,1044]
/store/data/Run2017C/JetHT/RAW/v1/000/301/998/00000/622E2B71-B78C-E711-8A62-02163E0141F1.root [76,77]
/store/data/Run2017C/JetHT/RAW/v1/000/301/998/00000/6429C43B-F28C-E711-A798-02163E019DDD.root [1583,1585,1584,1586]
/store/data/Run2017C/JetHT/RAW/v1/000/301/998/00000/64B7C796-E78C-E711-82A7-02163E01A5E0.root [1392,1393,1394,1391]
/store/data/Run2017C/JetHT/RAW/v1/000/301/998/00000/6643ED46-B68C-E711-936B-02163E0118FB.root [213,212]
/store/data/Run2017C/JetHT/RAW/v1/000/301/998/00000/666F9855-BC8C-E711-AD83-02163E014351.root [601,599,600]
/store/data/Run2017C/JetHT/RAW/v1/000/301/998/00000/66A41532-D38C-E711-8DC0-02163E0143E4.root [1019,1021,1020]
/store/data/Run2017C/JetHT/RAW/v1/000/301/998/00000/66D68C45-DA8C-E711-A501-02163E019E34.root [1149,1150,1148]
/store/data/Run2017C/JetHT/RAW/v1/000/301/998/00000/681CC70F-D48C-E711-965C-02163E01457D.root [969,970,968]
/store/data/Run2017C/JetHT/RAW/v1/000/301/998/00000/68318B5F-BF8C-E711-8019-02163E01A2B9.root [652,653]
/store/data/Run2017C/JetHT/RAW/v1/000/301/998/00000/683E323A-E58C-E711-8103-02163E01A4E0.root [1349,1347,1350,1348]
/store/data/Run2017C/JetHT/RAW/v1/000/301/998/00000/687004B3-D18C-E711-9228-02163E014146.root [991,990,989]
/store/data/Run2017C/JetHT/RAW/v1/000/301/998/00000/688A7D45-CA8C-E711-A8EC-02163E01A305.root [854,855,853]
/store/data/Run2017C/JetHT/RAW/v1/000/301/998/00000/68A9F810-EC8C-E711-94DB-02163E019B48.root [1472,1474,1471,1473]
/store/data/Run2017C/JetHT/RAW/v1/000/301/998/00000/68C21147-B68C-E711-A51B-02163E0146BE.root [49,48]
/store/data/Run2017C/JetHT/RAW/v1/000/301/998/00000/68C356E2-C08C-E711-B9A3-02163E011CCB.root [426,428,429,427]
/store/data/Run2017C/JetHT/RAW/v1/000/301/998/00000/6A395AA7-EE8C-E711-B8A4-02163E012546.root [1519,1522,1520,1521]
/store/data/Run2017C/JetHT/RAW/v1/000/301/998/00000/6A39FE4A-B68C-E711-8E4B-02163E01A4D5.root [122,123]
/store/data/Run2017C/JetHT/RAW/v1/000/301/998/00000/6A95E147-B68C-E711-B2E8-02163E011D31.root [218,219]
/store/data/Run2017C/JetHT/RAW/v1/000/301/998/00000/6AB01800-D48C-E711-BDFF-02163E011EBA.root [1033,1031,1032]
/store/data/Run2017C/JetHT/RAW/v1/000/301/998/00000/6ABE7DF6-C48C-E711-AC16-02163E01A541.root [751,752,753]
/store/data/Run2017C/JetHT/RAW/v1/000/301/998/00000/6C19F999-B78C-E711-9BE3-02163E011BD5.root [156,157]
/store/data/Run2017C/JetHT/RAW/v1/000/301/998/00000/6C2AD96C-F38C-E711-A10E-02163E013470.root [1616,1614,1615,1613]
/store/data/Run2017C/JetHT/RAW/v1/000/301/998/00000/6C641B21-BE8C-E711-AFE7-02163E01A4AD.root [627,628,626]
/store/data/Run2017C/JetHT/RAW/v1/000/301/998/00000/6C6EF101-E48C-E711-A372-02163E01A269.root [1323,1326,1324,1325]
/store/data/Run2017C/JetHT/RAW/v1/000/301/998/00000/6CBEDC05-B98C-E711-B632-02163E01A2AB.root [537,538,536]
/store/data/Run2017C/JetHT/RAW/v1/000/301/998/00000/6CCAE466-C68C-E711-BDA3-02163E011EBA.root [786,785,784]
/store/data/Run2017C/JetHT/RAW/v1/000/301/998/00000/6CD70921-DA8C-E711-8E10-02163E014764.root [1142,1143,1144]
/store/data/Run2017C/JetHT/RAW/v1/000/301/998/00000/6E12ACDD-CA8C-E711-AE92-02163E019E7B.root [863,862,864]
/store/data/Run2017C/JetHT/RAW/v1/000/301/998/00000/6E65BC8B-CD8C-E711-BB5C-02163E01A3A8.root [913,912,911]
/store/data/Run2017C/JetHT/RAW/v1/000/301/998/00000/6E942C13-CF8C-E711-97D4-02163E014424.root [938,940,939]
/store/data/Run2017C/JetHT/RAW/v1/000/301/998/00000/6EA22B5E-B88C-E711-994B-02163E012A36.root [529,528,527]
/store/data/Run2017C/JetHT/RAW/v1/000/301/998/00000/6EC5AC48-B68C-E711-A593-02163E019C3B.root [142,143]
/store/data/Run2017C/JetHT/RAW/v1/000/301/998/00000/6EFF2199-BB8C-E711-8C1D-02163E019B7D.root [581,582,583]
/store/data/Run2017C/JetHT/RAW/v1/000/301/998/00000/70425105-EF8C-E711-A89A-02163E019BA7.root [1532,1534,1531,1533]
/store/data/Run2017C/JetHT/RAW/v1/000/301/998/00000/720F5845-B68C-E711-8C6D-02163E019B84.root [141,140]
/store/data/Run2017C/JetHT/RAW/v1/000/301/998/00000/721A5276-D58C-E711-A2D2-02163E0133B7.root [1060,1058,1059]
/store/data/Run2017C/JetHT/RAW/v1/000/301/998/00000/7246B9A7-C08C-E711-AFD5-02163E01A786.root [298,299,300,301]
/store/data/Run2017C/JetHT/RAW/v1/000/301/998/00000/727BA6B6-C68C-E711-8A89-02163E013590.root [792,790,791]
/store/data/Run2017C/JetHT/RAW/v1/000/301/998/00000/727F9D44-B68C-E711-9694-02163E01A4FD.root [111,110]
/store/data/Run2017C/JetHT/RAW/v1/000/301/998/00000/72916C35-C18C-E711-A73F-02163E019B6D.root [690,691]
/store/data/Run2017C/JetHT/RAW/v1/000/301/998/00000/72DE109F-C08C-E711-97EB-02163E0135D1.root [279,281,278,280]
/store/data/Run2017C/JetHT/RAW/v1/000/301/998/00000/74F28B6D-ED8C-E711-BEE1-02163E01A5C6.root [1499,1500,1501,1502]
/store/data/Run2017C/JetHT/RAW/v1/000/301/998/00000/7601CA23-E88C-E711-ABC8-02163E0144D1.root [1400,1402,1401,1399]
/store/data/Run2017C/JetHT/RAW/v1/000/301/998/00000/76A8CD46-B68C-E711-8E9A-02163E019D56.root [200,201]
/store/data/Run2017C/JetHT/RAW/v1/000/301/998/00000/78FD98EF-DB8C-E711-898E-02163E013482.root [1175,1174,1176,1177]
/store/data/Run2017C/JetHT/RAW/v1/000/301/998/00000/7A190847-B68C-E711-929B-02163E01A369.root [1,2]
/store/data/Run2017C/JetHT/RAW/v1/000/301/998/00000/7A76D46E-DD8C-E711-8DE2-02163E01A73A.root [1211,1210,1209]
/store/data/Run2017C/JetHT/RAW/v1/000/301/998/00000/7A804EA2-CB8C-E711-B23D-02163E012A10.root [871,872,873]
/store/data/Run2017C/JetHT/RAW/v1/000/301/998/00000/7AABD66F-D78C-E711-8080-02163E0145C5.root [1099,1098,1097]
/store/data/Run2017C/JetHT/RAW/v1/000/301/998/00000/7C25442E-F38C-E711-8E77-02163E011AA4.root [1608,1605,1607,1606]
/store/data/Run2017C/JetHT/RAW/v1/000/301/998/00000/7C647848-B68C-E711-8EFB-02163E014554.root [88,89]
/store/data/Run2017C/JetHT/RAW/v1/000/301/998/00000/7C767444-B68C-E711-9E80-02163E019E0F.root [54,55]
/store/data/Run2017C/JetHT/RAW/v1/000/301/998/00000/7C76779B-B68C-E711-A6E3-02163E01A3C7.root [454,455,453]
/store/data/Run2017C/JetHT/RAW/v1/000/301/998/00000/7CB77B98-BF8C-E711-BB32-02163E0145BB.root [656,657]
/store/data/Run2017C/JetHT/RAW/v1/000/301/998/00000/7CCBE851-BC8C-E711-A51A-02163E019C94.root [476,477,479,478]
/store/data/Run2017C/JetHT/RAW/v1/000/301/998/00000/7CD411C0-E98C-E711-BCE4-02163E01A744.root [1432,1433,1431,1434]
/store/data/Run2017C/JetHT/RAW/v1/000/301/998/00000/7E231E96-C08C-E711-AEF6-02163E011A0F.root [677,676]
/store/data/Run2017C/JetHT/RAW/v1/000/301/998/00000/7E2FDFC5-C88C-E711-BF4B-02163E01391F.root [820,821,822]
/store/data/Run2017C/JetHT/RAW/v1/000/301/998/00000/7E4D6304-D98C-E711-9F4E-02163E01A3D2.root [1122,1121,1123]
/store/data/Run2017C/JetHT/RAW/v1/000/301/998/00000/7E55EB7E-EC8C-E711-B21A-02163E01A4C2.root [1475,1476,1478,1477]
/store/data/Run2017C/JetHT/RAW/v1/000/301/998/00000/7E62CC49-B68C-E711-9209-02163E019CD5.root [158,159]
/store/data/Run2017C/JetHT/RAW/v1/000/301/998/00000/802F8EB1-D68C-E711-B809-02163E01A665.root [1087,1086,1085]
/store/data/Run2017C/JetHT/RAW/v1/000/301/998/00000/8092D409-DA8C-E711-978F-02163E0146C9.root [1140,1139,1141]
/store/data/Run2017C/JetHT/RAW/v1/000/301/998/00000/80E46DF6-C08C-E711-BE6C-02163E01A305.root [362,363,365,364]
/store/data/Run2017C/JetHT/RAW/v1/000/301/998/00000/80E86B47-D78C-E711-A850-02163E01A335.root [1095,1096,1094]
/store/data/Run2017C/JetHT/RAW/v1/000/301/998/00000/8217A35B-D88C-E711-BE99-02163E019D67.root [1104,1105,1103]
/store/data/Run2017C/JetHT/RAW/v1/000/301/998/00000/8261EB73-D38C-E711-A753-02163E01449B.root [1022,1024,1023]
/store/data/Run2017C/JetHT/RAW/v1/000/301/998/00000/82EB152C-CB8C-E711-8077-02163E0138AE.root [728,729]
/store/data/Run2017C/JetHT/RAW/v1/000/301/998/00000/8408D037-F08C-E711-87CD-02163E0143DC.root [1552,1554,1551,1553]
/store/data/Run2017C/JetHT/RAW/v1/000/301/998/00000/844887E3-C08C-E711-A30C-02163E01A354.root [375,376,374,377]
/store/data/Run2017C/JetHT/RAW/v1/000/301/998/00000/8460B647-B68C-E711-BAE2-02163E0123C9.root [133,132]
/store/data/Run2017C/JetHT/RAW/v1/000/301/998/00000/84A04A86-C18C-E711-AAD7-02163E01A6AD.root [369,367,368,366]
/store/data/Run2017C/JetHT/RAW/v1/000/301/998/00000/84E066F5-BE8C-E711-ADF6-02163E01A39B.root [640,641]
/store/data/Run2017C/JetHT/RAW/v1/000/301/998/00000/84F33F91-B98C-E711-A5C0-02163E014161.root [546,545,547]
/store/data/Run2017C/JetHT/RAW/v1/000/301/998/00000/8619FCB7-C28C-E711-9608-02163E01A3B6.root [711,710]
/store/data/Run2017C/JetHT/RAW/v1/000/301/998/00000/86B49044-B68C-E711-B789-02163E019D71.root [108,109]
/store/data/Run2017C/JetHT/RAW/v1/000/301/998/00000/86E65D45-B68C-E711-B2EB-02163E019DF3.root [215,214]
/store/data/Run2017C/JetHT/RAW/v1/000/301/998/00000/86F951F2-C08C-E711-BB98-02163E0137F6.root [267,266,268,269]
/store/data/Run2017C/JetHT/RAW/v1/000/301/998/00000/882536FE-C08C-E711-8F28-02163E019CD0.root [346,349,347,348]
/store/data/Run2017C/JetHT/RAW/v1/000/301/998/00000/886C9FCA-CB8C-E711-B02F-02163E0146D8.root [880,881,882]
/store/data/Run2017C/JetHT/RAW/v1/000/301/998/00000/88DFA925-C68C-E711-B8DD-02163E01A33D.root [778,780,779]
/store/data/Run2017C/JetHT/RAW/v1/000/301/998/00000/88E221A1-C08C-E711-AA7F-02163E01A4D8.root [319,320,321,318]
/store/data/Run2017C/JetHT/RAW/v1/000/301/998/00000/8A163571-D48C-E711-B0E3-02163E01A5E7.root [1037,1039,1038]
/store/data/Run2017C/JetHT/RAW/v1/000/301/998/00000/8A39112B-C18C-E711-BBF8-02163E01422A.root [324,323,325,322]
/store/data/Run2017C/JetHT/RAW/v1/000/301/998/00000/8A8AD4AC-BC8C-E711-B7A0-02163E019DD0.root [607,605,606]
/store/data/Run2017C/JetHT/RAW/v1/000/301/998/00000/8ADDA465-F48C-E711-80AB-02163E01A59D.root [1630,1629,1626,1627,1628]
/store/data/Run2017C/JetHT/RAW/v1/000/301/998/00000/8C3432D0-C18C-E711-BD7C-02163E01A5E5.root [430,433,431,432]
/store/data/Run2017C/JetHT/RAW/v1/000/301/998/00000/8C3F0B42-D08C-E711-9FBF-02163E0125F5.root [959,960,961]
/store/data/Run2017C/JetHT/RAW/v1/000/301/998/00000/8C4DE669-BF8C-E711-B2D5-02163E01A523.root [655,654]
/store/data/Run2017C/JetHT/RAW/v1/000/301/998/00000/8CBDAEF6-C78C-E711-BDC9-02163E01A650.root [809,808,810]
/store/data/Run2017C/JetHT/RAW/v1/000/301/998/00000/8E73C717-BD8C-E711-93A9-02163E01A379.root [616,614,615]
/store/data/Run2017C/JetHT/RAW/v1/000/301/998/00000/8E7FEB43-B68C-E711-97F3-02163E01A505.root [86,87]
/store/data/Run2017C/JetHT/RAW/v1/000/301/998/00000/9081313C-BA8C-E711-938A-02163E0142C6.root [558,557,559]
/store/data/Run2017C/JetHT/RAW/v1/000/301/998/00000/923FD535-E98C-E711-9432-02163E011AA4.root [1426,1424,1425,1423]
/store/data/Run2017C/JetHT/RAW/v1/000/301/998/00000/925DE64D-B68C-E711-8563-02163E0144CA.root [30,29]
/store/data/Run2017C/JetHT/RAW/v1/000/301/998/00000/9294F2B5-CE8C-E711-89AC-02163E019E59.root [935,936,937]
/store/data/Run2017C/JetHT/RAW/v1/000/301/998/00000/92AB73B1-C28C-E711-946E-02163E01448A.root [712,713]
/store/data/Run2017C/JetHT/RAW/v1/000/301/998/00000/94495822-CD8C-E711-A441-02163E01A1F8.root [904,902,903]
/store/data/Run2017C/JetHT/RAW/v1/000/301/998/00000/9454FDDF-CD8C-E711-A984-02163E0137BC.root [917,918,919]
/store/data/Run2017C/JetHT/RAW/v1/000/301/998/00000/945E1B39-BB8C-E711-BCD6-02163E0133B7.root [570,569,571]
/store/data/Run2017C/JetHT/RAW/v1/000/301/998/00000/9492E94B-C48C-E711-91D4-02163E01200E.root [744,745,743]
/store/data/Run2017C/JetHT/RAW/v1/000/301/998/00000/94B623CA-C48C-E711-AEB1-02163E01A1FE.root [749,750]
/store/data/Run2017C/JetHT/RAW/v1/000/301/998/00000/94C3B326-C18C-E711-A688-02163E019BAB.root [686,687]
/store/data/Run2017C/JetHT/RAW/v1/000/301/998/00000/96600B40-BB8C-E711-A115-02163E0144F9.root [250,253,251,252]
/store/data/Run2017C/JetHT/RAW/v1/000/301/998/00000/9674C82E-D38C-E711-8C24-02163E0145AD.root [1016,1017,1018]
/store/data/Run2017C/JetHT/RAW/v1/000/301/998/00000/969C9DDD-DB8C-E711-B216-02163E012528.root [1184,1182,1183]
/store/data/Run2017C/JetHT/RAW/v1/000/301/998/00000/9818006F-F18C-E711-BCA9-02163E013829.root [1568,1570,1567,1569]
/store/data/Run2017C/JetHT/RAW/v1/000/301/998/00000/989FA744-B68C-E711-A075-02163E019CCD.root [130,131]
/store/data/Run2017C/JetHT/RAW/v1/000/301/998/00000/98AEB545-B68C-E711-8B39-02163E01A5A3.root [128,129]
/store/data/Run2017C/JetHT/RAW/v1/000/301/998/00000/9A103B52-B68C-E711-8087-02163E013956.root [168,169]
/store/data/Run2017C/JetHT/RAW/v1/000/301/998/00000/9ADBA648-B68C-E711-83A0-02163E0145F3.root [117,116]
/store/data/Run2017C/JetHT/RAW/v1/000/301/998/00000/9C59FE2E-C18C-E711-801D-02163E01A4EA.root [448,447,449,446]
/store/data/Run2017C/JetHT/RAW/v1/000/301/998/00000/9C9691B6-E68C-E711-9E51-02163E011AC5.root [1383,1385,1386,1384]
/store/data/Run2017C/JetHT/RAW/v1/000/301/998/00000/9C9D3669-CE8C-E711-A12C-02163E01A416.root [926,927,928]
/store/data/Run2017C/JetHT/RAW/v1/000/301/998/00000/9CDF0746-B68C-E711-B0C9-02163E01A556.root [226,227]
/store/data/Run2017C/JetHT/RAW/v1/000/301/998/00000/9CF8D57C-E88C-E711-9291-02163E011F8F.root [1410,1408,1409,1407]
/store/data/Run2017C/JetHT/RAW/v1/000/301/998/00000/9EDC21C5-C88C-E711-8398-02163E01A3D2.root [828,826,827]
/store/data/Run2017C/JetHT/RAW/v1/000/301/998/00000/9EDE0296-C48C-E711-9F34-02163E014408.root [746,748,747]
/store/data/Run2017C/JetHT/RAW/v1/000/301/998/00000/9EF2C338-BB8C-E711-9A09-02163E01A4BE.root [249,247,248,246]
/store/data/Run2017C/JetHT/RAW/v1/000/301/998/00000/9EFDE85A-D28C-E711-81B1-02163E019E2B.root [1005,1006,1004]
/store/data/Run2017C/JetHT/RAW/v1/000/301/998/00000/A00F5A4E-EB8C-E711-9522-02163E01A6AE.root [1463,1466,1464,1465]
/store/data/Run2017C/JetHT/RAW/v1/000/301/998/00000/A030AAB8-F68C-E711-8B4B-02163E012116.root [1673,1674,1671,1675,1672]
/store/data/Run2017C/JetHT/RAW/v1/000/301/998/00000/A052565D-C08C-E711-93AF-02163E01A4AC.root [668,669]
/store/data/Run2017C/JetHT/RAW/v1/000/301/998/00000/A09BD1F7-D48C-E711-891A-02163E0121CB.root [1049,1050,1051]
/store/data/Run2017C/JetHT/RAW/v1/000/301/998/00000/A0A2EB53-DF8C-E711-96F5-02163E014319.root [1246,1245,1243,1244]
/store/data/Run2017C/JetHT/RAW/v1/000/301/998/00000/A0D25056-B68C-E711-ABD7-02163E01A2E1.root [84,85]
/store/data/Run2017C/JetHT/RAW/v1/000/301/998/00000/A0FE9FD5-CA8C-E711-A519-02163E019DB7.root [858,856,857]
/store/data/Run2017C/JetHT/RAW/v1/000/301/998/00000/A20D1046-B68C-E711-B90F-02163E01437E.root [19,20]
/store/data/Run2017C/JetHT/RAW/v1/000/301/998/00000/A2AAECDB-EC8C-E711-9E77-02163E012987.root [1488,1487,1490,1489]
/store/data/Run2017C/JetHT/RAW/v1/000/301/998/00000/A2EBB445-B68C-E711-849A-02163E019DB7.root [204,205]
/store/data/Run2017C/JetHT/RAW/v1/000/301/998/00000/A2EFB323-C18C-E711-86B7-02163E0135A6.root [309,308,306,307]
/store/data/Run2017C/JetHT/RAW/v1/000/301/998/00000/A426D871-B68C-E711-AE7E-02163E01471C.root [100,101]
/store/data/Run2017C/JetHT/RAW/v1/000/301/998/00000/A43C75CC-CB8C-E711-805A-02163E011AFE.root [885,884,883]
/store/data/Run2017C/JetHT/RAW/v1/000/301/998/00000/A616AF79-CC8C-E711-BD44-02163E01440E.root [890,891,892,889]
/store/data/Run2017C/JetHT/RAW/v1/000/301/998/00000/A63BD6ED-C08C-E711-AA41-02163E011A0F.root [400,401,399,398]
/store/data/Run2017C/JetHT/RAW/v1/000/301/998/00000/A67B4C17-CD8C-E711-A057-02163E012748.root [907,906,905]
/store/data/Run2017C/JetHT/RAW/v1/000/301/998/00000/A6CDFC44-E38C-E711-90D7-02163E01420B.root [1308,1309,1307,1310]
/store/data/Run2017C/JetHT/RAW/v1/000/301/998/00000/A6D4E446-B68C-E711-92BA-02163E01296D.root [68,69]
/store/data/Run2017C/JetHT/RAW/v1/000/301/998/00000/A8A4A649-B68C-E711-A558-02163E0118D2.root [47,46]
/store/data/Run2017C/JetHT/RAW/v1/000/301/998/00000/AA4DD2EF-C08C-E711-B3CE-02163E011DBD.root [402,403,405,404]
/store/data/Run2017C/JetHT/RAW/v1/000/301/998/00000/AA727B50-BF8C-E711-B8F1-02163E01371F.root [650,651]
/store/data/Run2017C/JetHT/RAW/v1/000/301/998/00000/AAD3062E-D78C-E711-9C17-02163E01A308.root [1088,1090,1089]
/store/data/Run2017C/JetHT/RAW/v1/000/301/998/00000/AC07616A-BA8C-E711-9D0C-02163E01A6FF.root [563,564,565]
/store/data/Run2017C/JetHT/RAW/v1/000/301/998/00000/AC441294-BB8C-E711-A630-02163E014674.root [572,574,573]
/store/data/Run2017C/JetHT/RAW/v1/000/301/998/00000/AC66A51F-C18C-E711-B500-02163E019BC1.root [423,425,424,422]
/store/data/Run2017C/JetHT/RAW/v1/000/301/998/00000/AC9C9C11-ED8C-E711-BE4E-02163E012987.root [1497,1498,1495,1496]
/store/data/Run2017C/JetHT/RAW/v1/000/301/998/00000/ACC2974A-B68C-E711-9FD4-02163E019D96.root [61,60]
/store/data/Run2017C/JetHT/RAW/v1/000/301/998/00000/AE261860-DD8C-E711-A593-02163E01A6CA.root [1212,1213,1214]
/store/data/Run2017C/JetHT/RAW/v1/000/301/998/00000/B029787D-D88C-E711-91D0-02163E019B3D.root [1110,1109,1111]
/store/data/Run2017C/JetHT/RAW/v1/000/301/998/00000/B053037B-CB8C-E711-95D2-02163E014722.root [879,877,878]
/store/data/Run2017C/JetHT/RAW/v1/000/301/998/00000/B0E67F3A-BB8C-E711-94EE-02163E01A379.root [260,259,261,258]
/store/data/Run2017C/JetHT/RAW/v1/000/301/998/00000/B0F1D7C3-D88C-E711-97B4-02163E01A1E9.root [1119,1120,1118]
/store/data/Run2017C/JetHT/RAW/v1/000/301/998/00000/B4276A33-BB8C-E711-973C-02163E019E14.root [460,461,463,462]
/store/data/Run2017C/JetHT/RAW/v1/000/301/998/00000/B437BB75-C78C-E711-91DD-02163E019B41.root [796,798,797]
/store/data/Run2017C/JetHT/RAW/v1/000/301/998/00000/B4660CB0-B78C-E711-8475-02163E013548.root [193,192]
/store/data/Run2017C/JetHT/RAW/v1/000/301/998/00000/B4697EFE-F38C-E711-B11F-02163E01A2B9.root [1621,1622,1625,1624,1623]
/store/data/Run2017C/JetHT/RAW/v1/000/301/998/00000/B48D0CD9-C68C-E711-9C96-02163E0142A3.root [789,788,787]
/store/data/Run2017C/JetHT/RAW/v1/000/301/998/00000/B668DF11-ED8C-E711-A110-02163E019DB7.root [1491,1493,1494,1492]
/store/data/Run2017C/JetHT/RAW/v1/000/301/998/00000/B6CE2FA3-D28C-E711-8F3A-02163E01A1EE.root [1009,1007,1008]
/store/data/Run2017C/JetHT/RAW/v1/000/301/998/00000/B82D6771-DA8C-E711-9C09-02163E01A6D1.root [1154,1155,1157,1156]
/store/data/Run2017C/JetHT/RAW/v1/000/301/998/00000/B82DEA8F-B68C-E711-B0C6-02163E0138BB.root [165,164]
/store/data/Run2017C/JetHT/RAW/v1/000/301/998/00000/B8753647-B68C-E711-8345-02163E019BA7.root [31,32]
/store/data/Run2017C/JetHT/RAW/v1/000/301/998/00000/B882678D-E18C-E711-A7CE-02163E019B77.root [1275,1277,1276,1278]
/store/data/Run2017C/JetHT/RAW/v1/000/301/998/00000/BA24059A-C08C-E711-9D31-02163E0142E7.root [673,672]
/store/data/Run2017C/JetHT/RAW/v1/000/301/998/00000/BA4C7AC3-CC8C-E711-A8BC-02163E01450D.root [901,900,899]
/store/data/Run2017C/JetHT/RAW/v1/000/301/998/00000/BA6DE6C4-BB8C-E711-A4CE-02163E0139B8.root [456,457,458,459]
/store/data/Run2017C/JetHT/RAW/v1/000/301/998/00000/BA9E9FDA-ED8C-E711-8847-02163E01A2C2.root [1508,1510,1507,1509]
/store/data/Run2017C/JetHT/RAW/v1/000/301/998/00000/BAAC5F9D-C18C-E711-8025-02163E019B5B.root [386,389,388,387]
/store/data/Run2017C/JetHT/RAW/v1/000/301/998/00000/BC052A51-B68C-E711-B2A5-02163E0134F0.root [65,64]
/store/data/Run2017C/JetHT/RAW/v1/000/301/998/00000/BC0D21D8-D58C-E711-928E-02163E01A60E.root [1069,1067,1068]
/store/data/Run2017C/JetHT/RAW/v1/000/301/998/00000/BC4DC262-F68C-E711-AB8B-02163E01A304.root [1670,1669,1668,1667,1666]
/store/data/Run2017C/JetHT/RAW/v1/000/301/998/00000/BC55BE49-B68C-E711-80D1-02163E0144EA.root [75,74]
/store/data/Run2017C/JetHT/RAW/v1/000/301/998/00000/BCBE3D43-BB8C-E711-B65E-02163E011DBD.root [466,464,465,467]
/store/data/Run2017C/JetHT/RAW/v1/000/301/998/00000/BCEF3BC4-BA8C-E711-8AFA-02163E01436A.root [223,222]
/store/data/Run2017C/JetHT/RAW/v1/000/301/998/00000/BCF91BCF-F78C-E711-9F12-02163E01A332.root [1694,1692,1691,1693,1695]
/store/data/Run2017C/JetHT/RAW/v1/000/301/998/00000/BE3FFCA1-C08C-E711-867F-02163E01A3DE.root [290,291,293,292]
/store/data/Run2017C/JetHT/RAW/v1/000/301/998/00000/BE4FC88F-D88C-E711-A3B4-02163E011D56.root [1114,1112,1113]
/store/data/Run2017C/JetHT/RAW/v1/000/301/998/00000/BE922B72-E68C-E711-A6C2-02163E01461B.root [1371,1374,1372,1373]
/store/data/Run2017C/JetHT/RAW/v1/000/301/998/00000/BEA1F39B-B88C-E711-B9E6-02163E019E14.root [532,530,531]
/store/data/Run2017C/JetHT/RAW/v1/000/301/998/00000/BEBB6445-B68C-E711-AE2E-02163E013829.root [90,91]
/store/data/Run2017C/JetHT/RAW/v1/000/301/998/00000/BEC35C25-DB8C-E711-94FB-02163E013566.root [1165,1166,1164]
/store/data/Run2017C/JetHT/RAW/v1/000/301/998/00000/C05929B8-E38C-E711-8DB7-02163E019DD0.root [1318,1315,1316,1317]
/store/data/Run2017C/JetHT/RAW/v1/000/301/998/00000/C0A83F9C-C78C-E711-A79A-02163E019CF6.root [799,801,800]
/store/data/Run2017C/JetHT/RAW/v1/000/301/998/00000/C0BAF12B-E78C-E711-93C5-02163E0133E0.root [1387,1388,1389,1390]
/store/data/Run2017C/JetHT/RAW/v1/000/301/998/00000/C20FE848-F58C-E711-A780-02163E019E53.root [1642,1643,1641,1640,1644]
/store/data/Run2017C/JetHT/RAW/v1/000/301/998/00000/C22EAD00-B98C-E711-96F0-02163E01470F.root [544,542,543]
/store/data/Run2017C/JetHT/RAW/v1/000/301/998/00000/C276324A-B68C-E711-8ED8-02163E011EF6.root [106,107]
/store/data/Run2017C/JetHT/RAW/v1/000/301/998/00000/C27A065C-D18C-E711-8B57-02163E01A68E.root [987,986,988]
/store/data/Run2017C/JetHT/RAW/v1/000/301/998/00000/C28B0B7B-E28C-E711-A986-02163E019B52.root [1295,1296,1298,1297]
/store/data/Run2017C/JetHT/RAW/v1/000/301/998/00000/C2975387-E18C-E711-B4F9-02163E0137F6.root [1281,1280,1279,1282]
/store/data/Run2017C/JetHT/RAW/v1/000/301/998/00000/C2F792A4-CF8C-E711-98C7-02163E01A74A.root [952,950,951]
/store/data/Run2017C/JetHT/RAW/v1/000/301/998/00000/C4551985-E08C-E711-83B5-02163E0145BD.root [1264,1266,1265,1263]
/store/data/Run2017C/JetHT/RAW/v1/000/301/998/00000/C4827010-C28C-E711-91EF-02163E019CB3.root [700,701]
/store/data/Run2017C/JetHT/RAW/v1/000/301/998/00000/C4A5AA63-E48C-E711-9A93-02163E019CB5.root [1335,1337,1338,1336]
/store/data/Run2017C/JetHT/RAW/v1/000/301/998/00000/C4B2585E-E38C-E711-BE09-02163E01A6B2.root [1311,1312,1314,1313]
/store/data/Run2017C/JetHT/RAW/v1/000/301/998/00000/C4CD5FFB-D88C-E711-A364-02163E01A1F0.root [1129,1128,1127]
/store/data/Run2017C/JetHT/RAW/v1/000/301/998/00000/C4D116A0-DD8C-E711-8A14-02163E019CF6.root [1206,1207,1208]
/store/data/Run2017C/JetHT/RAW/v1/000/301/998/00000/C4DCD7AF-F78C-E711-A8AA-02163E0145BB.root [1686,1687,1690,1688,1689]
/store/data/Run2017C/JetHT/RAW/v1/000/301/998/00000/C4EEB118-F38C-E711-AADE-02163E014562.root [1610,1612,1609,1611]
/store/data/Run2017C/JetHT/RAW/v1/000/301/998/00000/C62C07D1-DC8C-E711-9691-02163E0137F6.root [1194,1195,1196]
/store/data/Run2017C/JetHT/RAW/v1/000/301/998/00000/C669D61B-C28C-E711-AE85-02163E019B86.root [699,698]
/store/data/Run2017C/JetHT/RAW/v1/000/301/998/00000/C8B7AF87-C38C-E711-B55E-02163E0126FD.root [731,730,732]
/store/data/Run2017C/JetHT/RAW/v1/000/301/998/00000/C8D53546-B68C-E711-88B2-02163E013592.root [154,155]
/store/data/Run2017C/JetHT/RAW/v1/000/301/998/00000/C8FBAC7C-E28C-E711-9193-02163E01A69D.root [1292,1291,1293,1294]
/store/data/Run2017C/JetHT/RAW/v1/000/301/998/00000/CA1D4F9C-E38C-E711-90DF-02163E014138.root [1321,1322,1319,1320]
/store/data/Run2017C/JetHT/RAW/v1/000/301/998/00000/CA1F2922-EB8C-E711-8BE2-02163E014217.root [1455,1458,1456,1457]
/store/data/Run2017C/JetHT/RAW/v1/000/301/998/00000/CA225A46-B68C-E711-A5D4-02163E01A4BE.root [206,207]
/store/data/Run2017C/JetHT/RAW/v1/000/301/998/00000/CA7E53B1-C88C-E711-B48E-02163E01201B.root [825,823,824]
/store/data/Run2017C/JetHT/RAW/v1/000/301/998/00000/CC0409F8-BC8C-E711-859A-02163E01A1F5.root [494,493,492,495]
/store/data/Run2017C/JetHT/RAW/v1/000/301/998/00000/CC1B19A9-E48C-E711-BCE2-02163E01A513.root [1340,1341,1342,1339]
/store/data/Run2017C/JetHT/RAW/v1/000/301/998/00000/CC2F16DD-F48C-E711-A91F-02163E01A4CF.root [1636,1639,1635,1638,1637]
/store/data/Run2017C/JetHT/RAW/v1/000/301/998/00000/CCA5F6A1-838D-E711-BE4F-02163E013484.root [1743,1745,1740,1751,1748,1744,1752,1747,1749,1750,1742,1746,1753,1741,1754]
/store/data/Run2017C/JetHT/RAW/v1/000/301/998/00000/CCABB513-B78C-E711-9E3E-02163E0134E0.root [58,59]
/store/data/Run2017C/JetHT/RAW/v1/000/301/998/00000/CE076647-B68C-E711-9CD4-02163E0121F2.root [187,186]
/store/data/Run2017C/JetHT/RAW/v1/000/301/998/00000/CE1016C5-B68C-E711-8EE3-02163E0138AE.root [72,73]
/store/data/Run2017C/JetHT/RAW/v1/000/301/998/00000/CE503D02-E08C-E711-A5BA-02163E019CD7.root [1248,1247,1249,1250]
/store/data/Run2017C/JetHT/RAW/v1/000/301/998/00000/CE7C3C36-DB8C-E711-AC42-02163E01A33D.root [1161,1162,1163]
/store/data/Run2017C/JetHT/RAW/v1/000/301/998/00000/CE85E855-F78C-E711-A912-02163E012528.root [1682,1681,1684,1685,1683]
/store/data/Run2017C/JetHT/RAW/v1/000/301/998/00000/CE8E46B0-C28C-E711-A0A4-02163E01A550.root [717,716]
/store/data/Run2017C/JetHT/RAW/v1/000/301/998/00000/CE9570CA-C28C-E711-AF3C-02163E01A512.root [708,709]
/store/data/Run2017C/JetHT/RAW/v1/000/301/998/00000/CEAAA8BA-D08C-E711-B9B6-02163E019DAB.root [971,973,972]
/store/data/Run2017C/JetHT/RAW/v1/000/301/998/00000/CEC3DC61-BE8C-E711-B06D-02163E01A6F1.root [634,632,633]
/store/data/Run2017C/JetHT/RAW/v1/000/301/998/00000/CEEB18CE-ED8C-E711-AD16-02163E012A42.root [1505,1503,1504,1506]
/store/data/Run2017C/JetHT/RAW/v1/000/301/998/00000/CEF4DF0E-DD8C-E711-9194-02163E014535.root [1204,1203,1205]
/store/data/Run2017C/JetHT/RAW/v1/000/301/998/00000/CEF77B5D-EF8C-E711-8723-02163E012546.root [1536,1538,1535,1537]
/store/data/Run2017C/JetHT/RAW/v1/000/301/998/00000/D0567498-CE8C-E711-BA89-02163E01A6DD.root [933,934,932]
/store/data/Run2017C/JetHT/RAW/v1/000/301/998/00000/D0BBF7D9-C28C-E711-AD67-02163E014408.root [434,435,437,436]
/store/data/Run2017C/JetHT/RAW/v1/000/301/998/00000/D226BA38-C18C-E711-8C28-02163E013913.root [286,287,288,289]
/store/data/Run2017C/JetHT/RAW/v1/000/301/998/00000/D235CC74-CD8C-E711-96DE-02163E0145C5.root [915,916,914]
/store/data/Run2017C/JetHT/RAW/v1/000/301/998/00000/D2DE17DC-D08C-E711-B387-02163E011D56.root [974,975,976]
/store/data/Run2017C/JetHT/RAW/v1/000/301/998/00000/D2E31346-B68C-E711-91BE-02163E01A572.root [144,145]
/store/data/Run2017C/JetHT/RAW/v1/000/301/998/00000/D2E318DC-C08C-E711-88C3-02163E0146AC.root [684,685]
/store/data/Run2017C/JetHT/RAW/v1/000/301/998/00000/D4758864-E98C-E711-841B-02163E01A4B0.root [1430,1427,1429,1428]
/store/data/Run2017C/JetHT/RAW/v1/000/301/998/00000/D4C535C7-C58C-E711-A250-02163E01448A.root [769,770,771]
/store/data/Run2017C/JetHT/RAW/v1/000/301/998/00000/D4ED0235-EA8C-E711-9E19-02163E0144F9.root [1442,1440,1439,1441]
/store/data/Run2017C/JetHT/RAW/v1/000/301/998/00000/D4FB3FA7-DC8C-E711-9FC7-02163E01A3FA.root [1192,1193,1191]
/store/data/Run2017C/JetHT/RAW/v1/000/301/998/00000/D61B2044-B68C-E711-BF13-02163E019CD2.root [210,211]
/store/data/Run2017C/JetHT/RAW/v1/000/301/998/00000/D668745B-C18C-E711-9D1B-02163E0136F1.root [339,340,341,338]
/store/data/Run2017C/JetHT/RAW/v1/000/301/998/00000/D802BA48-B68C-E711-83D5-02163E01A5CE.root [152,153]
/store/data/Run2017C/JetHT/RAW/v1/000/301/998/00000/D840914A-BD8C-E711-9C7E-02163E01457D.root [507,504,506,505]
/store/data/Run2017C/JetHT/RAW/v1/000/301/998/00000/D85D9F06-EF8C-E711-B2D7-02163E01A6EA.root [1529,1527,1528,1530]
/store/data/Run2017C/JetHT/RAW/v1/000/301/998/00000/D8B43ECB-C08C-E711-9AF2-02163E0141B9.root [262,263,264,265]
/store/data/Run2017C/JetHT/RAW/v1/000/301/998/00000/D8C1BE48-B68C-E711-A956-02163E01344B.root [52,53]
/store/data/Run2017C/JetHT/RAW/v1/000/301/998/00000/D8DFAC2F-B98C-E711-A667-02163E0143D6.root [160,161]
/store/data/Run2017C/JetHT/RAW/v1/000/301/998/00000/D8E48945-E48C-E711-BEE9-02163E01A589.root [1332,1333,1331,1334]
/store/data/Run2017C/JetHT/RAW/v1/000/301/998/00000/DA7B1E46-B68C-E711-AE62-02163E01A3FA.root [182,183]
/store/data/Run2017C/JetHT/RAW/v1/000/301/998/00000/DADE0D69-D78C-E711-9FDF-02163E014535.root [1102,1100,1101]
/store/data/Run2017C/JetHT/RAW/v1/000/301/998/00000/DAE07320-C78C-E711-9E15-02163E01A5E7.root [794,793,795]
/store/data/Run2017C/JetHT/RAW/v1/000/301/998/00000/DAE4FE87-C18C-E711-A7AA-02163E01A1C3.root [695,694]
/store/data/Run2017C/JetHT/RAW/v1/000/301/998/00000/DC4B8057-D08C-E711-BAF6-02163E013631.root [958,957,956]
/store/data/Run2017C/JetHT/RAW/v1/000/301/998/00000/DC5BD647-B68C-E711-9540-02163E011FC5.root [24,23]
/store/data/Run2017C/JetHT/RAW/v1/000/301/998/00000/DC66734B-CE8C-E711-AADF-02163E019DDD.root [924,923,925]
/store/data/Run2017C/JetHT/RAW/v1/000/301/998/00000/DC6993BD-CF8C-E711-BC6F-02163E01A6CA.root [948,947,949]
/store/data/Run2017C/JetHT/RAW/v1/000/301/998/00000/DC6A4DD7-E18C-E711-9B1F-02163E01A377.root [1286,1284,1285,1283]
/store/data/Run2017C/JetHT/RAW/v1/000/301/998/00000/DCE1B92B-EB8C-E711-9E2F-02163E011EBA.root [1462,1461,1459,1460]
/store/data/Run2017C/JetHT/RAW/v1/000/301/998/00000/DE272835-E58C-E711-97E9-02163E019BEF.root [1355,1356,1358,1357]
/store/data/Run2017C/JetHT/RAW/v1/000/301/998/00000/DE7AB9DE-CA8C-E711-A36A-02163E01374F.root [859,861,860]
/store/data/Run2017C/JetHT/RAW/v1/000/301/998/00000/DEE2D516-E18C-E711-8388-02163E01422A.root [1267,1270,1269,1268]
/store/data/Run2017C/JetHT/RAW/v1/000/301/998/00000/E00D057F-C78C-E711-A20E-02163E01200E.root [638,639]
/store/data/Run2017C/JetHT/RAW/v1/000/301/998/00000/E022F3DC-C08C-E711-8F57-02163E01A53E.root [680,681]
/store/data/Run2017C/JetHT/RAW/v1/000/301/998/00000/E0CA24CA-B88C-E711-88BB-02163E01420A.root [525,526,524]
/store/data/Run2017C/JetHT/RAW/v1/000/301/998/00000/E22E19C8-BA8C-E711-8655-02163E0145E1.root [237,234,236,235]
/store/data/Run2017C/JetHT/RAW/v1/000/301/998/00000/E2FCD620-D18C-E711-BFBA-02163E014761.root [982,980,981]
/store/data/Run2017C/JetHT/RAW/v1/000/301/998/00000/E487A548-D08C-E711-B193-02163E019BEE.root [966,967,965]
/store/data/Run2017C/JetHT/RAW/v1/000/301/998/00000/E49512EE-D28C-E711-B5D0-02163E01A2EC.root [1014,1015,1013]
/store/data/Run2017C/JetHT/RAW/v1/000/301/998/00000/E495761F-C58C-E711-A8EF-02163E0144D1.root [761,762,760]
/store/data/Run2017C/JetHT/RAW/v1/000/301/998/00000/E4AB14D4-CF8C-E711-BC9C-02163E011805.root [954,953,955]
/store/data/Run2017C/JetHT/RAW/v1/000/301/998/00000/E4D2547F-EA8C-E711-BC61-02163E01A69D.root [1448,1450,1449,1447]
/store/data/Run2017C/JetHT/RAW/v1/000/301/998/00000/E4EA24F9-C48C-E711-94A6-02163E012772.root [755,754,756]
/store/data/Run2017C/JetHT/RAW/v1/000/301/998/00000/E607C49C-BD8C-E711-9FD4-02163E014505.root [619,617,618]
/store/data/Run2017C/JetHT/RAW/v1/000/301/998/00000/E6515E83-B68C-E711-97C2-02163E01430D.root [451,452,450]
/store/data/Run2017C/JetHT/RAW/v1/000/301/998/00000/E66EB838-D58C-E711-83E2-02163E019E59.root [1052,1053,1054]
/store/data/Run2017C/JetHT/RAW/v1/000/301/998/00000/E692944D-B68C-E711-BCAB-02163E0142BF.root [139,138]
/store/data/Run2017C/JetHT/RAW/v1/000/301/998/00000/E6BDFCFD-BD8C-E711-827F-02163E012420.root [629,631,630]
/store/data/Run2017C/JetHT/RAW/v1/000/301/998/00000/E6C09C09-DD8C-E711-82D0-02163E01A1F8.root [1200,1202,1201]
/store/data/Run2017C/JetHT/RAW/v1/000/301/998/00000/E6E20AAA-C08C-E711-BFA6-02163E01A73A.root [311,310,313,312]
/store/data/Run2017C/JetHT/RAW/v1/000/301/998/00000/E8CE9053-DF8C-E711-A116-02163E019E57.root [1239,1241,1240,1242]
/store/data/Run2017C/JetHT/RAW/v1/000/301/998/00000/E8FE3E7F-C18C-E711-AFC5-02163E014105.root [444,443,442,445]
/store/data/Run2017C/JetHT/RAW/v1/000/301/998/00000/EA131548-B68C-E711-BD40-02163E011EBA.root [221,220]
/store/data/Run2017C/JetHT/RAW/v1/000/301/998/00000/EA75A60E-C08C-E711-B061-02163E01A6AC.root [664,665]
/store/data/Run2017C/JetHT/RAW/v1/000/301/998/00000/EAA8991E-BC8C-E711-92EA-02163E01A606.root [228,229]
/store/data/Run2017C/JetHT/RAW/v1/000/301/998/00000/EABE4247-B68C-E711-8AEC-02163E012649.root [6,5]
/store/data/Run2017C/JetHT/RAW/v1/000/301/998/00000/EAD83C89-BA8C-E711-B068-02163E01190B.root [239,240,238,241]
/store/data/Run2017C/JetHT/RAW/v1/000/301/998/00000/EC489CAE-BE8C-E711-9573-02163E019C6B.root [510,509,511,508]
/store/data/Run2017C/JetHT/RAW/v1/000/301/998/00000/EC757AF7-C98C-E711-8220-02163E019BC9.root [851,852,850]
/store/data/Run2017C/JetHT/RAW/v1/000/301/998/00000/EC9FBC7B-C58C-E711-8BAA-02163E0145D8.root [757,758,759]
/store/data/Run2017C/JetHT/RAW/v1/000/301/998/00000/ECF39C0D-E68C-E711-B0AE-02163E019B48.root [1367,1369,1370,1368]
/store/data/Run2017C/JetHT/RAW/v1/000/301/998/00000/EE26F349-C98C-E711-8830-02163E01374B.root [832,833,834]
/store/data/Run2017C/JetHT/RAW/v1/000/301/998/00000/EE342C37-E08C-E711-B8E0-02163E012510.root [1257,1258,1255,1256]
/store/data/Run2017C/JetHT/RAW/v1/000/301/998/00000/F00BFF46-B68C-E711-81AB-02163E0141EA.root [197,196]
/store/data/Run2017C/JetHT/RAW/v1/000/301/998/00000/F08E4EBF-D98C-E711-ADC1-02163E01A6AC.root [1135,1133,1134]
/store/data/Run2017C/JetHT/RAW/v1/000/301/998/00000/F0F07545-B68C-E711-BC5C-02163E019D0A.root [225,224]
/store/data/Run2017C/JetHT/RAW/v1/000/301/998/00000/F259B865-D48C-E711-BE41-02163E012546.root [1034,1036,1035]
/store/data/Run2017C/JetHT/RAW/v1/000/301/998/00000/F286D832-BA8C-E711-B2BF-02163E01A5EC.root [554,555,556]
/store/data/Run2017C/JetHT/RAW/v1/000/301/998/00000/F2CFE44A-B68C-E711-873E-02163E01392A.root [147,146]
/store/data/Run2017C/JetHT/RAW/v1/000/301/998/00000/F447794B-B68C-E711-97EF-02163E0133E9.root [11,12]
/store/data/Run2017C/JetHT/RAW/v1/000/301/998/00000/F464070D-BD8C-E711-9C1F-02163E01A5FC.root [608,609,610]
/store/data/Run2017C/JetHT/RAW/v1/000/301/998/00000/F481C528-CB8C-E711-82A0-02163E0144B9.root [866,865,867]
/store/data/Run2017C/JetHT/RAW/v1/000/301/998/00000/F4A3D82E-D18C-E711-A2D4-02163E01A6BB.root [979,977,978]
/store/data/Run2017C/JetHT/RAW/v1/000/301/998/00000/F658DA3A-E98C-E711-BB79-02163E01446B.root [1420,1422,1421,1419]
/store/data/Run2017C/JetHT/RAW/v1/000/301/998/00000/F6735037-DE8C-E711-B34F-02163E0146D8.root [1221,1223,1222]
/store/data/Run2017C/JetHT/RAW/v1/000/301/998/00000/F67A52D3-B68C-E711-8876-02163E014291.root [194,195]
/store/data/Run2017C/JetHT/RAW/v1/000/301/998/00000/F6B2A944-B68C-E711-9973-02163E01A1BD.root [42,43]
/store/data/Run2017C/JetHT/RAW/v1/000/301/998/00000/F6E9C0A0-F28C-E711-BA08-02163E011E4D.root [1593,1592,1594,1595]
/store/data/Run2017C/JetHT/RAW/v1/000/301/998/00000/F6F6DE94-C98C-E711-82A2-02163E019DDD.root [842,841,843]
/store/data/Run2017C/JetHT/RAW/v1/000/301/998/00000/F83715A7-C08C-E711-AAD9-02163E019B79.root [317,316,314,315]
/store/data/Run2017C/JetHT/RAW/v1/000/301/998/00000/F8D54532-EE8C-E711-84BE-02163E014303.root [1512,1514,1513,1511]
/store/data/Run2017C/JetHT/RAW/v1/000/301/998/00000/F8F8485E-F18C-E711-9210-02163E019B3D.root [1573,1571,1572,1574]
/store/data/Run2017C/JetHT/RAW/v1/000/301/998/00000/F8FF32AB-CC8C-E711-81CC-02163E019E57.root [898,896,897]
/store/data/Run2017C/JetHT/RAW/v1/000/301/998/00000/FA499EBF-E28C-E711-B86C-02163E011CF5.root [1303,1306,1305,1304]
/store/data/Run2017C/JetHT/RAW/v1/000/301/998/00000/FA77B183-E28C-E711-9E70-02163E0142EC.root [1299,1302,1301,1300]
/store/data/Run2017C/JetHT/RAW/v1/000/301/998/00000/FC077442-C08C-E711-BC78-02163E01A4E0.root [671,670]
/store/data/Run2017C/JetHT/RAW/v1/000/301/998/00000/FC179D5C-B88C-E711-848D-02163E01A1D3.root [522,521,523]
/store/data/Run2017C/JetHT/RAW/v1/000/301/998/00000/FCDCD42F-C58C-E711-B2C1-02163E0143DC.root [763,765,764]
/store/data/Run2017C/JetHT/RAW/v1/000/301/998/00000/FCFB5ED8-C88C-E711-8DDE-02163E014458.root [829,830,831]
/store/data/Run2017C/JetHT/RAW/v1/000/301/998/00000/FE73A783-BA8C-E711-A8D6-02163E0133B7.root [174,175]
/store/data/Run2017C/JetHT/RAW/v1/000/301/998/00000/FE776543-B68C-E711-B0A5-02163E01A1EE.root [83,82]
/store/data/Run2017C/JetHT/RAW/v1/000/301/998/00000/FECED59A-CE8C-E711-8A1E-02163E019BAB.root [930,929,931]
/store/data/Run2017C/JetHT/RAW/v1/000/301/998/00000/FEFA7249-B68C-E711-A9FA-02163E01465C.root [4,3]
