/store/data/Run2023B/MuonEG/RAW/v1/000/366/727/00000/12aadc17-648e-4430-81b0-a6824dcd7148.root 366727 [77,80,84,90,106,82,85,92,102,95,99,78,86,98,101,91,89,103,79,88,93,94,96,104,81,83,87,97,100,105]
/store/data/Run2023B/MuonEG/RAW/v1/000/366/727/00000/163decc6-a207-420b-a14b-4f99a4b29486.root 366727 [30,31,36,37,48,50,56,52,68,72,76,38,45,57,73,74,75,42,43,46,55,59,66,33,44,53,61,63,65,67,34,39,40,47,51,54,58,60,62,69,70,71,32,64,35,41,49]
/store/data/Run2023B/MuonEG/RAW/v1/000/366/727/00000/8f58a18a-a459-4c56-96d9-11622715a3c7.root 366727 [111,122,128,115,119,117,120,121,108,113,118,107,125,109,116,110,114,123,124,127,112,126]
/store/data/Run2023B/MuonEG/RAW/v1/000/366/727/00000/f116f71b-f332-4c69-896f-dc51160fe393.root 366727 [136,129,132,134,130,131,135,133]
/store/data/Run2023B/MuonEG/RAW/v1/000/366/729/00000/0afb91e8-aca2-43e0-8bcd-671ac0fa2edc.root 366729 [73,75,78,79,86,90,93,72,84,92,83,89,76,81,88,87,91,74,77,80,94,71,82,85]
/store/data/Run2023B/MuonEG/RAW/v1/000/366/729/00000/11fd6ac3-e9d1-4ebc-8fbf-f1030aee56d5.root 366729 [309,312,316,317,323,324,318,327,332,334,335,336,313,321,322,314,319,338,310,315,320,331,325,326,333,337,311,328,329,330]
/store/data/Run2023B/MuonEG/RAW/v1/000/366/729/00000/181d81fa-0836-4118-b93c-10873b721208.root 366729 [251,261,271,275,277,250,262,272,264,273,276,253,258,259,260,268,274,252,254,256,265,267,269,270,255,257,263,266,278]
/store/data/Run2023B/MuonEG/RAW/v1/000/366/729/00000/32797052-185e-40db-b36a-4a8ebc9304d2.root 366729 [380,385,387,392,388,390,395,399,402,375,391,397,400,401,403,383,386,372,376,378,382,384,389,374,396,398,373,377,381,394,379,393,371]
/store/data/Run2023B/MuonEG/RAW/v1/000/366/729/00000/3c7a5a40-59b4-4e19-a3cf-7e1e7e395fa0.root 366729 [405,409,412,413,407,408,411,406,415,404,414,410]
/store/data/Run2023B/MuonEG/RAW/v1/000/366/729/00000/3ce113e7-55be-4153-9066-6c8bd27274cb.root 366729 [125,128,138,119,120,122,133,141,143,123,129,130,135,126,136,127,131,137,139,140,132,134,124,142,121]
/store/data/Run2023B/MuonEG/RAW/v1/000/366/729/00000/59204239-3797-4836-87c2-5bdc501c31f9.root 366729 [68,55,61,66,63,58,70,57,52,53,64,65,49,56,59,67,50,51,54,60,62,69]
/store/data/Run2023B/MuonEG/RAW/v1/000/366/729/00000/63604b04-531b-43e1-a596-daf032705688.root 366729 [174,176,185,170,173,177,184,192,178,179,180,187,194,189,172,182,190,191,193,169,183,186,188,171,175,181]
/store/data/Run2023B/MuonEG/RAW/v1/000/366/729/00000/6a0c7996-3710-49f4-9c45-4ea7045af643.root 366729 [204,199,219,203,207,212,215,218,200,208,198,210,211,216,217,220,195,213,196,197,202,205,206,209,201,214,221]
/store/data/Run2023B/MuonEG/RAW/v1/000/366/729/00000/7644d015-e2d6-45d9-b9d5-96499cff625f.root 366729 [95,97,100,104,105,106,107,114,96,101,98,110,112,113,109,117,115,116,118,102,99,111,103,108]
/store/data/Run2023B/MuonEG/RAW/v1/000/366/729/00000/77f24869-2399-42bd-9a8e-7feb7f8f32ee.root 366729 [284,299,306,290,303,282,281,291,293,295,301,304,307,279,287,298,300,302,308,280,292,294,305,285,289,283,286,288,296,297]
/store/data/Run2023B/MuonEG/RAW/v1/000/366/729/00000/7b398442-66dd-44af-8f93-8110ed8afd9a.root 366729 [226,227,231,238,240,246,248,242,224,234,237,247,229,230,232,222,223,233,239,243,244,228,235,225,236,241,245,249]
/store/data/Run2023B/MuonEG/RAW/v1/000/366/729/00000/b95f715a-c9dd-48c4-8c1b-d76a951b2cbe.root 366729 [342,343,349,352,351,354,357,341,348,350,355,356,362,353,358,360,363,364,365,368,369,370,339,344,346,359,366,340,345,347,361,367]
/store/data/Run2023B/MuonEG/RAW/v1/000/366/729/00000/c3cc0054-7a7b-4da9-b8a4-3249e24fc2c9.root 366729 [30,35,47,28,29,33,38,39,40,48,31,32,44,45,34,41,42,27,43,46,36,37]
/store/data/Run2023B/MuonEG/RAW/v1/000/366/729/00000/de0267cd-1b29-4903-b339-1b82e1c669c6.root 366729 [158,160,144,148,149,150,165,146,153,151,155,157,152,154,161,162,166,145,156,159,147,163,164,167,168]
/store/data/Run2023B/MuonEG/RAW/v1/000/366/801/00000/00fd8494-1485-412a-9523-6b5ccb320e38.root 366801 [128,134,142,148,137,138,139,140,141,151,144,150,126,143,125,131,133,146,152,127,129,136,147,149,153,130,132,135,145]
/store/data/Run2023B/MuonEG/RAW/v1/000/366/801/00000/02b63963-e9c0-40cb-91d2-bff2eed58ca3.root 366801 [290,305,309,310,311,314,316,319,292,296,322,323,298,306,287,291,301,303,308,312,315,324,325,294,297,302,313,317,293,299,320,295,288,289,300,304,307,318,321]
/store/data/Run2023B/MuonEG/RAW/v1/000/366/801/00000/37d34354-0d3d-4deb-938c-cf6e48ed282d.root 366801 [254,259,284,257,270,282,286,255,260,269,276,280,281,285,264,268,272,274,275,278,283,263,265,267,271,279,256,258,266,273,253,277,251,252,261,262]
/store/data/Run2023B/MuonEG/RAW/v1/000/366/801/00000/47dc22c3-9fa3-4786-8184-f85525eb2f63.root 366801 [327,333,344,351,353,359,361,364,328,331,337,340,341,343,356,330,346,349,362,334,336,339,347,354,365,326,332,357,338,352,363,329,335,342,355,358,345,348,350,360]
/store/data/Run2023B/MuonEG/RAW/v1/000/366/801/00000/5ec6ba7a-70d9-4c03-bfb7-efd3a7e1e189.root 366801 [44,49,50,55,60,67,41,45,51,56,68,43,57,66,47,61,63,54,62,42,52,53,59,64,46,48,58,65]
/store/data/Run2023B/MuonEG/RAW/v1/000/366/801/00000/60b4483c-36d0-4134-84b0-802ceffab265.root 366801 [369,399,371,379,381,396,404,374,375,383,385,386,389,393,395,402,367,370,388,390,394,400,384,398,405,366,382,391,397,407,372,376,377,378,380,387,392,403,368,373,401,406]
/store/data/Run2023B/MuonEG/RAW/v1/000/366/801/00000/6e550b2f-57c5-4743-b817-4411a559d1af.root 366801 [199,207,214,188,194,203,206,209,211,215,197,189,191,212,213,216,185,193,198,196,200,204,208,190,195,202,210,186,187,192,201,205]
/store/data/Run2023B/MuonEG/RAW/v1/000/366/801/00000/719bd631-c882-4b2d-983f-482b590e7bac.root 366801 [225,234,237,239,240,246,250,230,233,245,247,217,227,241,220,223,226,232,228,231,236,248,219,221,229,238,249,218,222,235,243,224,242,244]
/store/data/Run2023B/MuonEG/RAW/v1/000/366/801/00000/8eb15752-8f5f-41fe-97c9-8379329f0ef4.root 366801 [159,165,166,172,182,183,156,158,169,171,155,178,181,175,184,160,161,163,164,170,180,168,174,154,157,162,167,173,176,179,177]
/store/data/Run2023B/MuonEG/RAW/v1/000/366/801/00000/8fa854d8-aa71-4d28-9288-b3ed7bd73e1a.root 366801 [117,97,103,105,110,116,119,124,104,107,99,106,108,113,118,120,98,109,114,115,121,122,100,102,111,112,123,101]
/store/data/Run2023B/MuonEG/RAW/v1/000/366/801/00000/b1ec7df6-17b5-4f0c-a4a2-949e30955217.root 366801 [15,16,23,26,32,36,40,33,28,17,39,27,29,35,18,19,20,25,30,34,22,31,38,21,24,37]
/store/data/Run2023B/MuonEG/RAW/v1/000/366/801/00000/b9f7215e-0288-432b-9aa2-da91dab8e6ce.root 366801 [77,83,88,92,82,89,91,69,79,81,84,70,72,75,80,85,87,90,96,74,93,94,95,71,78,73,76,86]
/store/data/Run2023B/MuonEG/RAW/v1/000/366/801/00000/e2b14e9f-0d84-4e13-b05b-55d4a4056781.root 366801 [413,410,415,424,417,427,420,409,425,408,411,412,414,416,419,421,422,426,418,423]
/store/data/Run2023B/MuonEG/RAW/v1/000/366/802/00000/66318862-0c78-4607-b3db-6d392de4e0da.root 366802 [1,2,4,11,12,15,19,9,6,8,16,3,5,10,13,18,21,14,17,7,20]
/store/data/Run2023B/MuonEG/RAW/v1/000/366/804/00000/015bcaa8-4ed1-4baa-8e88-041e2326b637.root 366804 [137,148,153,124,126,131,149,154,156,117,121,123,125,139,147,151,155,122,129,130,152,118,140,142,144,150,116,134,135,141,145,128,133,138,143,146,119,120,127,132,136]
/store/data/Run2023B/MuonEG/RAW/v1/000/366/804/00000/0c99e693-038e-4707-b521-f3153054db9e.root 366804 [88,90,98,115,81,83,93,94,102,107,112,80,89,105,86,103,106,85,92,110,114,91,95,99,101,84,87,96,97,104,108,109,111,82,100,113]
/store/data/Run2023B/MuonEG/RAW/v1/000/366/804/00000/c45e69ce-64a3-4c86-8c7d-c260905f12d9.root 366804 [33,47,54,62,63,65,70,79,27,36,37,46,49,69,73,77,25,38,40,41,58,71,75,34,43,48,59,64,66,78,35,50,51,53,55,57,61,68,23,24,26,30,76,28,29,32,44,56,72,31,39,42,45,52,60,67,74]
/store/data/Run2023B/MuonEG/RAW/v1/000/366/820/00000/0b95feb7-9eb5-4ceb-bfe2-d0b8a2ee3929.root 366820 [299,288,302,286,294,296,283,289,284,290,292,295,301,285,287,291,293,303,297,298,300]
/store/data/Run2023B/MuonEG/RAW/v1/000/366/820/00000/12c87960-abad-4241-8502-2289912265d3.root 366820 [220,221,223,225,226,209,213,214,218,224,217,210,215,219,216,228,211,212,222,227]
/store/data/Run2023B/MuonEG/RAW/v1/000/366/820/00000/2cf24cc4-07ae-4577-a219-3bb03eac724b.root 366820 [188,195,196,203,186,202,191,192,189,190,197,199,200,198,206,207,193,201,187,194,204,205,208]
/store/data/Run2023B/MuonEG/RAW/v1/000/366/820/00000/2db75c0c-afa5-4525-87b5-ff42437f7960.root 366820 [247,254,262,252,256,260,250,255,264,249,261,258,248,253,259,263,251,257]
/store/data/Run2023B/MuonEG/RAW/v1/000/366/820/00000/39037e3e-8fe7-4879-9a19-bbead19c2010.root 366820 [341,348,349,353,351,346,342,343,344,345,350,340,357,355,347,352,354,356]
/store/data/Run2023B/MuonEG/RAW/v1/000/366/820/00000/49c16f38-553b-435d-b617-eb0ed0bf91d3.root 366820 [398,403,405,399,407,408,397,400,409,411,396,402,404,410,401,406]
/store/data/Run2023B/MuonEG/RAW/v1/000/366/820/00000/5f5edd0e-feba-44f8-821e-d38ef2185ee8.root 366820 [365,375,364,366,358,371,372,377,359,360,362,374,369,363,368,370,373,376,361,367]
/store/data/Run2023B/MuonEG/RAW/v1/000/366/820/00000/9bbe4e11-01c0-48af-875b-9b960dfdf22f.root 366820 [56,59,72,89,104,51,53,62,68,74,79,83,87,98,99,106,107,116,58,63,75,76,85,86,54,70,77,82,91,100,102,103,113,115,49,60,92,97,110,111,52,57,61,65,69,71,78,81,112,117,55,73,88,94,96,101,105,108,109,114,48,50,64,66,67,80,84,90,93,95]
/store/data/Run2023B/MuonEG/RAW/v1/000/366/820/00000/9c2447ab-d4af-40ae-929e-bc9750d1efec.root 366820 [331,335,323,326,328,329,330,333,336,337,325,338,339,322,334,324,327,332]
/store/data/Run2023B/MuonEG/RAW/v1/000/366/820/00000/ae625eda-a93d-4c95-9e32-31abd352591e.root 366820 [272,277,275,280,281,271,279,270,282,268,276,265,266,267,269,273,274,278]
/store/data/Run2023B/MuonEG/RAW/v1/000/366/820/00000/cc0647ef-7024-4f3d-bdbf-e975d64e0155.root 366820 [119,121,148,155,123,131,132,134,140,149,150,128,130,141,142,143,153,122,137,139,144,145,152,156,127,129,157,120,133,135,124,126,136,151,154,118,125,138,146,147]
/store/data/Run2023B/MuonEG/RAW/v1/000/366/820/00000/d7734d7b-8039-4484-8d6d-ffda2f79edbe.root 366820 [304,314,316,308,309,311,319,320,305,315,321,307,312,317,318,306,310,313]
/store/data/Run2023B/MuonEG/RAW/v1/000/366/820/00000/db3bb2cf-bd24-439c-a512-c525fefe0660.root 366820 [379,381,383,388,395,378,380,382,389,390,385,392,386,393,384,387,391,394]
/store/data/Run2023B/MuonEG/RAW/v1/000/366/820/00000/e4a303f4-9785-4ee0-9855-1b023bb2a770.root 366820 [171,160,164,184,159,163,165,175,166,168,169,170,179,181,158,161,174,180,176,177,167,172,178,183,162,173,182,185]
/store/data/Run2023B/MuonEG/RAW/v1/000/366/820/00000/e555d9b8-11a0-4d1a-a7ae-1aba040fbfa3.root 366820 [234,243,232,237,236,239,240,241,246,229,238,242,244,245,230,231,233,235]
/store/data/Run2023B/MuonEG/RAW/v1/000/366/821/00000/09cb1cbd-36f4-469e-a288-b0d21e8d35d8.root 366821 [177,180,183,185,187,188,170,172,178,179,173,174,182,176,184,171,181,186,169,175]
/store/data/Run2023B/MuonEG/RAW/v1/000/366/821/00000/0e33cc73-8275-47fb-be5f-5e6806dcd1f9.root 366821 [359,362,363,364,372,376,377,378,361,369,379,374,375,382,368,373,360,365,371,381,366,367,380,358,370]
/store/data/Run2023B/MuonEG/RAW/v1/000/366/821/00000/0ed6e337-d0e1-4f98-944a-6c5aedff7fcb.root 366821 [28,35,36,22,27,21,37,23,26,29,33,31,38,32,34,24,25,30]
/store/data/Run2023B/MuonEG/RAW/v1/000/366/821/00000/16c1b74d-7c1a-488b-a091-feec7a9db0a5.root 366821 [977]
/store/data/Run2023B/MuonEG/RAW/v1/000/366/821/00000/18de0307-f3d0-40c4-9abc-f5a0a86106f3.root 366821 [501,507,522,502,514,520,511,512,516,518,523,525,504,506,508,503,524,505,509,510,526,513,515,519,521,517]
/store/data/Run2023B/MuonEG/RAW/v1/000/366/821/00000/1ad5dc2a-98ef-4af9-8ab1-f5d566721057.root 366821 [286,293,288,295,302,285,301,303,305,284,287,289,291,294,300,304,290,297,298,292,296,299,306,282,283]
/store/data/Run2023B/MuonEG/RAW/v1/000/366/821/00000/1cf4298c-cb68-47b5-8b8b-c10046c832a1.root 366821 [115,117,119,123,135,139,147,148,124,126,133,122,134,142,145,121,128,129,137,140,116,125,131,143,146,120,130,118,127,132,141,144,136,138]
/store/data/Run2023B/MuonEG/RAW/v1/000/366/821/00000/2ad03c34-3ed2-4725-9bc8-8119378aee7f.root 366821 [150,156,162,154,151,160,165,166,157,153,155,158,163,167,149,152,159,161,164,168]
/store/data/Run2023B/MuonEG/RAW/v1/000/366/821/00000/324f57cd-06a4-4e96-96ac-efd647f9aab4.root 366821 [614,627,636,637,616,619,625,639,621,623,630,643,632,638,645,615,617,628,633,640,620,624,629,631,618,622,634,635,641,642,644,626]
/store/data/Run2023B/MuonEG/RAW/v1/000/366/821/00000/3a91d796-980b-4ea4-9b8b-ef94d68c3005.root 366821 [538,543,551,533,545,546,528,547,527,531,532,539,553,542,548,549,552,530,535,536,537,541,554,540,544,550,529,534]
/store/data/Run2023B/MuonEG/RAW/v1/000/366/821/00000/402923ac-b920-48fc-a549-b6a859e92541.root 366821 [383,396,403,394,402,385,399,406,409,389,397,405,391,393,398,386,392,395,400,401,384,388,404,407,408,387,390]
/store/data/Run2023B/MuonEG/RAW/v1/000/366/821/00000/4969f484-851f-4824-956f-d81f09e073dc.root 366821 [571,580,581,583,566,570,555,556,558,559,572,557,564,568,573,584,561,567,569,574,579,560,562,563,576,577,578,582,565,575]
/store/data/Run2023B/MuonEG/RAW/v1/000/366/821/00000/4b2fac6b-c7d9-40f9-85ed-44ecf9b3bb6d.root 366821 [963,972,965,966,970,968,961,967,971,964,969,962,973]
/store/data/Run2023B/MuonEG/RAW/v1/000/366/821/00000/55e2cf12-6157-44f9-bb05-e368c83f383f.root 366821 [476,482,486,494,471,480,491,492,496,483,484,495,473,477,479,481,490,499,472,474,485,493,497,500,487,488,470,475,478,489,498]
/store/data/Run2023B/MuonEG/RAW/v1/000/366/821/00000/5fab9107-842b-484d-b92a-5a208c8ff676.root 366821 [334,338,344,345,346,354,336,341,350,333,348,352,357,335,337,339,342,343,347,353,356,349,351,355,340]
/store/data/Run2023B/MuonEG/RAW/v1/000/366/821/00000/6a0df81b-3455-4906-9235-e7e77aae8008.root 366821 [253,259,264,254,262,263,265,260,270,271,274,268,269,266,273,255,276,261,267,272,275,256,257,258]
/store/data/Run2023B/MuonEG/RAW/v1/000/366/821/00000/72975190-4ea5-447e-b4eb-c39ef9345abc.root 366821 [722,724,729,738,739,740,746,718,727,745,720,725,726,711,714,719,721,744,712,715,728,737,741,742,713,716,730,731,732,743,717,734,735,723,733,736]
/store/data/Run2023B/MuonEG/RAW/v1/000/366/821/00000/8421c9d6-bd8d-4eec-a2b6-0206edf48ebf.root 366821 [211,224,209,217,220,210,213,226,227,229,212,231,232,216,221,225,230,214,215,223,219,228,218,222]
/store/data/Run2023B/MuonEG/RAW/v1/000/366/821/00000/9238ef25-57b7-43f7-900b-0d8fb2c0015e.root 366821 [310,325,332,309,323,326,328,331,311,322,320,330,315,317,307,316,319,321,324,308,313,312,314,318,327,329]
/store/data/Run2023B/MuonEG/RAW/v1/000/366/821/00000/9ae7f955-48fd-49b0-835f-8adf1a26f2e7.root 366821 [651,652,657,663,670,671,675,676,646,650,653,662,665,661,673,648,649,655,658,660,654,656,666,667,669,677,668,647,672,659,664,674]
/store/data/Run2023B/MuonEG/RAW/v1/000/366/821/00000/9e99bb20-6640-45ef-aa08-6e9c4aebabac.root 366821 [753,770,771,752,758,767,768,783,750,762,764,769,774,775,747,748,749,751,755,757,765,766,780,776,778,754,761,772,773,782,760,779,781,756,759,763,777]
/store/data/Run2023B/MuonEG/RAW/v1/000/366/821/00000/a45b9140-5a49-4778-b24d-5f363f53ccd8.root 366821 [788,790,794,795,800,821,784,804,811,818,793,813,809,817,819,785,792,796,789,791,797,799,805,806,810,814,786,787,798,802,803,807,812,815,816,820,801,808]
/store/data/Run2023B/MuonEG/RAW/v1/000/366/821/00000/b16f7782-47d9-4dc8-a22b-6195a8215182.root 366821 [869,871,872,874,875,896,864,865,877,882,889,891,900,879,899,862,873,887,892,867,868,870,878,880,883,886,888,890,881,884,885,894,895,897,898,904,866,893,903,863,876,901,902]
/store/data/Run2023B/MuonEG/RAW/v1/000/366/821/00000/ba031e84-3e2f-4043-8b4c-4b3295d79746.root 366821 [63,71,72,79,106,108,111,62,68,78,92,110,64,65,73,80,85,87,91,94,58,75,82,95,97,100,104,105,74,86,88,93,99,103,107,114,60,61,66,69,70,76,81,89,102,112,113,59,83,98,101,57,67,77,84,90,96,109]
/store/data/Run2023B/MuonEG/RAW/v1/000/366/821/00000/bdfac189-2112-4e75-9208-fe2807537540.root 366821 [279,277,280,278]
/store/data/Run2023B/MuonEG/RAW/v1/000/366/821/00000/c5d0fbaf-4158-4342-a602-33b2eaa891cd.root 366821 [914,924,931,933,934,947,950,951,952,956,958,908,911,920,928,932,938,942,946,954,955,905,910,916,921,929,935,936,943,945,918,923,907,913,926,930,944,960,912,927,939,948,949,959,909,917,919,922,925,941,953,906,915,937,940,957]
/store/data/Run2023B/MuonEG/RAW/v1/000/366/821/00000/c6d79a91-2e48-4582-bcd8-e0ded5f44851.root 366821 [237,238,241,242,247,235,252,240,233,239,251,234,243,244,248,236,245,246,250,249]
/store/data/Run2023B/MuonEG/RAW/v1/000/366/821/00000/c803e031-7576-48e8-81db-c073fe5a0e7c.root 366821 [411,420,428,429,431,414,417,426,427,437,416,418,422,425,433,413,415,434,439,430,410,412,421,423,432,436,424,435,438,419]
/store/data/Run2023B/MuonEG/RAW/v1/000/366/821/00000/cb6fec1f-23ce-4f33-96d0-e0964d91424e.root 366821 [588,594,609,586,592,604,606,607,589,596,610,585,590,599,613,587,595,600,603,608,612,591,593,598,601,602,611,597,605]
/store/data/Run2023B/MuonEG/RAW/v1/000/366/821/00000/d09de512-6ee6-4eb6-866a-ac1b9836219e.root 366821 [199,200,191,194,192,198,203,193,195,201,206,197,204,189,190,205,207,208,196,202]
/store/data/Run2023B/MuonEG/RAW/v1/000/366/821/00000/d5acb532-3485-468c-9bab-aea5582974aa.root 366821 [4,10,16,20,5,9,3,12,17,18,19,2,6,7,8,13,14,1,11,15]
/store/data/Run2023B/MuonEG/RAW/v1/000/366/821/00000/de89efef-29c4-45d1-acc6-4d4604e64462.root 366821 [43,53,54,45,46,48,39,51,52,47,55,41,42,50,40,49,44,56]
/store/data/Run2023B/MuonEG/RAW/v1/000/366/821/00000/e2d20623-90c2-47ae-b6ac-e689288a27b5.root 366821 [682,686,685,690,693,704,697,701,708,681,684,689,691,705,706,707,710,679,688,698,709,692,700,703,680,687,702,678,683,694,695,696,699]
/store/data/Run2023B/MuonEG/RAW/v1/000/366/821/00000/eb061913-7bee-4f2c-bd79-d246e4874250.root 366821 [823,841,842,850,851,856,860,861,826,828,835,838,853,822,824,832,836,845,843,844,858,840,848,854,855,825,827,830,833,846,829,834,837,852,831,839,847,849,857,859]
/store/data/Run2023B/MuonEG/RAW/v1/000/366/821/00000/f86a094a-8c5e-40cc-8a61-5755964a4921.root 366821 [448,449,451,460,464,455,469,440,452,454,462,465,441,463,445,447,450,456,466,446,458,459,442,467,468,443,444,453,457,461]
/store/data/Run2023B/MuonEG/RAW/v1/000/366/829/00000/47e8d4f4-9901-420e-8b3c-3071eb7b70a7.root 366829 [169,172,163,166,176,179,180,164,167,165,181,177,162,168,171,174,178,182,170,173,175]
/store/data/Run2023B/MuonEG/RAW/v1/000/366/829/00000/4d76bbe2-83a7-42e0-8eb6-4d25a2722874.root 366829 [203,211,206,217,214,218,209,201,207,208,215,202,204,205,210,212,213,216]
/store/data/Run2023B/MuonEG/RAW/v1/000/366/829/00000/7c4b0aa1-ce5f-48ef-9b1e-e72a73b587d2.root 366829 [226,229,231,223,225,230,224,228,221,227,219,220,222]
/store/data/Run2023B/MuonEG/RAW/v1/000/366/829/00000/930f6f29-99fe-48ea-bf2e-34dc9460a41a.root 366829 [32,36,70,72,73,29,52,53,54,56,57,58,71,20,23,24,27,37,43,48,51,59,69,75,30,46,50,63,64,65,21,40,47,66,68,25,26,28,33,42,49,62,67,74,34,35,41,44,61,19,22,31,38,39,45,55,60]
/store/data/Run2023B/MuonEG/RAW/v1/000/366/829/00000/9806c01c-88b5-4c78-b1e6-6e33b4bacd1d.root 366829 [187,200,192,197,184,191,193,195,198,183,185,188,190,199,194,196,186,189]
/store/data/Run2023B/MuonEG/RAW/v1/000/366/829/00000/983fcf78-7dee-4bd8-bd51-693ce8ad920c.root 366829 [121,142,145,127,133,139,140,122,124,130,131,132,128,136,137,148,134,135,146,147,120,138,143,123,141,144,125,126,129]
/store/data/Run2023B/MuonEG/RAW/v1/000/366/829/00000/bab1a41f-3f8e-43be-8f0a-4e0c305e18b0.root 366829 [79,81,84,76,78,80,86,77,82,83,85]
/store/data/Run2023B/MuonEG/RAW/v1/000/366/829/00000/d6eddc44-5299-45a0-8985-69ce806d2d65.root 366829 [153,154,159,149,157,158,150,151,152,155,160,156]
/store/data/Run2023B/MuonEG/RAW/v1/000/366/829/00000/fae50025-1ba8-4814-a4b7-2cb99fadaf6e.root 366829 [98,108,110,112,87,99,104,113,118,102,105,106,109,88,90,101,107,115,117,93,95,96,97,100,119,94,114,116,89,91,92,103,111]
/store/data/Run2023B/MuonEG/RAW/v1/000/366/832/00000/0c6c4665-d82c-4581-8c5e-94bc0c54cb68.root 366832 [101,109,95,100,105,107,110,96,97,98,103,111,104,106,112,99,102,108]
/store/data/Run2023B/MuonEG/RAW/v1/000/366/832/00000/23ae89a9-0426-44d0-874d-e9cb916382d6.root 366832 [185,186,196,188,191,194,198,202,200,192,195,190,189,201,193,197,199,187]
/store/data/Run2023B/MuonEG/RAW/v1/000/366/832/00000/287f6101-21f4-4e9d-85f7-86e0e781a9b7.root 366832 [253,243,257,247,249,244,251,252,248,250,254,246,255,256,245,258]
/store/data/Run2023B/MuonEG/RAW/v1/000/366/832/00000/3e1fc92b-2022-4583-af3b-0202ff6afd4b.root 366832 [78,90,84,85,86,77,81,91,94,88,93,79,82,89,80,83,87,92]
/store/data/Run2023B/MuonEG/RAW/v1/000/366/832/00000/5ba0775a-185f-4084-a430-58e7b64308f2.root 366832 [69,59,64,67,57,58,63,68,72,74,61,62,66,71,56,70,75,60,65,73,76]
/store/data/Run2023B/MuonEG/RAW/v1/000/366/832/00000/5c5c78bd-0169-44c8-b239-fe0d334d4a62.root 366832 [120,124,116,118,125,117,119,126,130,115,128,114,123,129,121,127,113,122]
/store/data/Run2023B/MuonEG/RAW/v1/000/366/832/00000/649b77a8-42c0-453b-b6ce-c60ecbce8ffc.root 366832 [206,211,214,216,212,203,221,204,217,208,219,222,205,207,209,210,215,220,223,213,218]
/store/data/Run2023B/MuonEG/RAW/v1/000/366/832/00000/750bf71b-85ce-416e-bbb9-7e9b17901947.root 366832 [134,135,136,131,138,141,142,144,137,145,146,132,133,140,147,139,143,148]
/store/data/Run2023B/MuonEG/RAW/v1/000/366/832/00000/99cb947a-f349-4fc6-93ad-c975f938e1c2.root 366832 [167,169,174,176,180,183,184,173,175,177,178,179,181,172,170,182,168,171]
/store/data/Run2023B/MuonEG/RAW/v1/000/366/832/00000/9cff5872-9098-4413-8c8a-2130296b0e8f.root 366832 [41,44,48,50,51,46,42,38,45,47,52,54,55,40,53,39,43,49]
/store/data/Run2023B/MuonEG/RAW/v1/000/366/832/00000/acd10aff-94e9-44ee-8f8d-bf41b251d5d7.root 366832 [242,228,229,231,233,234,232,240,224,239,227,236,237,225,235,226,230,238,241]
/store/data/Run2023B/MuonEG/RAW/v1/000/366/832/00000/c0f95bb8-3965-43f9-a197-5f10dd70ae89.root 366832 [161,162,150,154,158,165,166,152,153,151,155,164,160,149,157,163,156,159]
/store/data/Run2023B/MuonEG/RAW/v1/000/366/832/00000/e9c45760-0317-4498-ae46-6292b1f62556.root 366832 [20,25,29,30,33,34,27,28,37,23,24,31,32,35,22,36,21,26]
/store/data/Run2023B/MuonEG/RAW/v1/000/366/833/00000/02339203-dccd-443e-8e7a-4177c58efeb1.root 366833 [316,327,333,315,320,328,329,330,332,313,321,326,317,318,323,335,336,319,324,314,322,325,331,334,312]
/store/data/Run2023B/MuonEG/RAW/v1/000/366/833/00000/0bd9ab4f-4ca9-4185-a03b-45baead4d050.root 366833 [189,193,195,198,202,204,190,197,203,205,208,213,191,194,196,201,211,215,220,223,224,188,199,222,228,232,233,206,225,229,230,200,210,212,217,221,231,227,192,207,209,214,216,218,219,226]
/store/data/Run2023B/MuonEG/RAW/v1/000/366/833/00000/1c7edbd7-9720-4dd4-9723-d404396ac956.root 366833 [266,267,269,274,275,283,285,262,268,282,263,271,276,286,273,281,284,270,264,265,272,278,279,280,277]
/store/data/Run2023B/MuonEG/RAW/v1/000/366/833/00000/206402f2-2cdb-496b-943e-4ea089499f2a.root 366833 [143,153,154,168,174,178,150,162,169,170,180,186,144,151,152,155,159,165,182,140,146,157,167,176,179,185,145,156,173,141,148,163,175,177,183,142,149,158,160,164,171,181,184,147,161,166,172,187]
/store/data/Run2023B/MuonEG/RAW/v1/000/366/833/00000/29cc6685-5a83-4be2-97af-9e8c9e617c57.root 366833 [248,259,234,239,249,255,235,237,245,240,241,250,251,254,257,242,244,258,260,236,238,246,247,252,243,253,256,261]
/store/data/Run2023B/MuonEG/RAW/v1/000/366/833/00000/51e992e7-4568-4d2e-a6c4-d9950f237c17.root 366833 [487,494,476,479,482,491,495,473,475,481,493,474,477,483,485,486,497,484,490,489,492,496,498,472,478,480,488]
/store/data/Run2023B/MuonEG/RAW/v1/000/366/833/00000/55be740a-abe1-45a8-8966-fd0ae9922355.root 366833 [46,57,59,61,62,63,69,72,48,49,53,58,65,71,79,67,77,47,56,60,70,50,52,54,66,75,64,68,73,74,78,51,55,76]
/store/data/Run2023B/MuonEG/RAW/v1/000/366/833/00000/584905ab-0e64-4b5b-b086-ecc72ab113b7.root 366833 [522,505,507,512,519,520,499,509,514,515,518,526,504,513,516,501,517,521,511,502,503,508,510,525,500,506,523,524]
/store/data/Run2023B/MuonEG/RAW/v1/000/366/833/00000/5f56b5ce-7d83-4bc3-ba2f-993111e9541a.root 366833 [363,373,372,374,378,386,370,376,385,383,367,375,365,371,377,364,368,382,366,369,379,380,381,384]
/store/data/Run2023B/MuonEG/RAW/v1/000/366/833/00000/8247c859-df33-47a2-8d14-51c3a3225079.root 366833 [555,556,566,568,570,559,564,574,581,561,577,580,558,569,575,576,578,579,572,562,567,573,563,571,582,583,557,560,565]
/store/data/Run2023B/MuonEG/RAW/v1/000/366/833/00000/a34abeb0-d428-4721-908d-105726ccfa8c.root 366833 [2,1]
/store/data/Run2023B/MuonEG/RAW/v1/000/366/833/00000/af813e25-473c-4ef2-84c4-59d5e118bc03.root 366833 [92,99,100,103,111,116,137,81,83,90,94,106,115,118,124,126,127,130,132,133,84,85,93,112,114,129,136,88,95,96,104,107,131,134,97,98,113,117,138,80,101,105,119,120,121,128,89,91,110,122,125,135,82,102,108,109,123,139,86,87]
/store/data/Run2023B/MuonEG/RAW/v1/000/366/833/00000/b9097919-6567-4bbc-8ee4-3e81cdcfe1b2.root 366833 [453,455,457,471,458,465,461,450,459,444,446,447,452,460,463,469,470,441,445,454,464,468,443,448,449,456,462,466,467,442,451]
/store/data/Run2023B/MuonEG/RAW/v1/000/366/833/00000/d0848bc5-1c2c-4abb-89d3-8e339c32b0e6.root 366833 [527,541,543,552,529,531,539,540,554,532,534,536,537,544,549,538,550,530,553,528,535,545,546,547,548,533,542,551]
/store/data/Run2023B/MuonEG/RAW/v1/000/366/833/00000/d4322a5c-b1dc-4c50-b4ed-9a9a7e879353.root 366833 [349,355,362,338,341,344,345,351,356,357,337,343,350,358,346,353,354,360,361,340,342,347,359,339,348,352]
/store/data/Run2023B/MuonEG/RAW/v1/000/366/833/00000/d6abca14-82af-4324-813a-7afde53c18b4.root 366833 [616,618,621,630,625,619,627,622,623,620,626,631,617,629,624,628]
/store/data/Run2023B/MuonEG/RAW/v1/000/366/833/00000/d7640709-008e-4e2d-a223-e691db90b3cf.root 366833 [396,399,400,405,389,390,394,410,406,388,392,395,402,404,408,387,391,397,398,403,407,409,393,401]
/store/data/Run2023B/MuonEG/RAW/v1/000/366/833/00000/de1fccb7-d9fb-4259-879e-4bfec1419c52.root 366833 [15,39,45,29,32,34,22,26,35,20,23,31,33,40,44,16,25,27,37,42,43,13,24,14,17,18,19,21,36,28,30,38,41]
/store/data/Run2023B/MuonEG/RAW/v1/000/366/833/00000/e1d6507c-75fc-4b28-b390-2a8dfb33a4cc.root 366833 [298,307,288,290,300,303,309,287,296,299,306,289,293,308,292,295,301,304,310,311,291,294,297,302,305]
/store/data/Run2023B/MuonEG/RAW/v1/000/366/833/00000/f8e61fab-2a45-4fe8-8e4e-3f62027117b9.root 366833 [416,418,421,436,437,439,415,423,425,431,440,414,419,426,427,429,412,413,432,435,438,430,433,411,417,420,428,422,424,434]
/store/data/Run2023B/MuonEG/RAW/v1/000/366/833/00000/f929dc1f-423c-4609-890e-08904b6c1814.root 366833 [590,592,601,606,593,595,596,597,604,607,586,600,603,613,612,614,584,599,611,591,610,615,585,589,602,605,587,588,594,598,608,609]
