/store/data/Run2016H/MuonEG/MINIAOD/17Jul2018-v1/20000/A219A96F-8390-E811-8201-509A4C74806A.root [1407,1435,1439,1480,1481,1485,1486,1431,1438,1482,1483,1405,1477,1478,1404,1436,1441,1455,1442,1443,1458,1487,1490,1492,1432,1433,1444,1479,1484,1488,1491,1406,1434,1437,1457,1489,1494,1430,1456,1493]
/store/data/Run2016H/MuonEG/MINIAOD/17Jul2018-v1/20000/C66E816C-8090-E811-AC71-3417EBE64AFE.root [1378,1423,1447,1453,1454,1461,1463,1465,1466,1476,1379,1419,1420,1422,1448,1467,1412,1413,1426,1445,1446,1468,1383,1449,1451,1452,1460,1464,1385,1409,1425,1427,1462,1470,1473,1381,1387,1402,1411,1417,1421,1424,1450,1474,1380,1415,1418,1429,1475,1382,1384,1386,1403,1410,1414,1416,1428,1440,1459,1469,1471,1472]
/store/data/Run2016H/MuonEG/MINIAOD/17Jul2018-v1/20000/E66A646A-8390-E811-95E9-509A4C748057.root [613,1228,1233,1246,1264,1274,1288,1304,1310,1312,1313,1315,1338,1340,1364,1366,1375,1400,1401,615,1226,1242,1259,1273,1277,1281,1290,1318,1324,1329,1337,1343,1353,1355,1361,1362,1365,1368,1369,1371,1397,614,1234,1237,1243,1247,1267,1272,1276,1282,1307,1316,1319,1347,1354,1358,1360,1367,1389,1393,606,607,618,620,1244,1263,1265,1266,1275,1294,1325,1326,1327,1332,1333,1346,1348,1356,1359,1392,1398,1408,1227,1236,1260,1278,1279,1283,1285,1291,1299,1300,1302,1306,1308,1317,1320,1321,1328,1330,1331,1334,1336,1349,1363,1370,1395,1399,1215,1229,1231,1232,1261,1262,1270,1271,1289,1293,1296,1301,1305,1309,1322,1323,1335,1341,1342,1345,1350,1351,1357,1373,1374,1388,617,619,1230,1235,1245,1257,1284,1311,1314,1339,1372,1377,1390,1391,1396,616,1258,1268,1269,1280,1286,1287,1292,1295,1297,1298,1303,1344,1352,1376,1394]
/store/data/Run2016H/MuonEG/MINIAOD/17Jul2018-v1/40000/B6C8C484-5E8F-E811-B43C-509A4C85402C.root [1495,1499,1496,1498,1497]
/store/data/Run2016H/MuonEG/MINIAOD/17Jul2018-v1/50000/025E1160-488D-E811-B01F-509A4C84547F.root [1128,1149,1156,1158,1182,1183,1193,1202,1207,1211,1220,1225,1251,1129,1133,1146,1153,1155,1192,1194,1197,1214,1223,1241,1250,1252,1253,1132,1159,1179,1203,1209,1217,1218,1221,1238,1239,1116,1127,1148,1154,1181,1240,1248,1130,1131,1147,1204,1206,1224,1114,1117,1160,1195,1196,1199,1200,1201,1210,1213,1255,1256,1115,1118,1119,1161,1178,1180,1205,1208,1219,1249,1157,1198,1212,1216,1222,1254]
/store/data/Run2016H/MuonEG/MINIAOD/17Jul2018-v1/50000/0CE27537-5890-E811-879C-008CFAF74750.root [223,241,245,278,297,299,304,321,514,515,571,747,748,236,240,275,302,303,313,505,511,570,744,752,870,1009,280,298,316,320,331,575,579,242,314,315,574,578,580,743,746,238,246,300,319,508,510,873,244,247,273,279,569,875,877,243,277,301,318,332,506,507,735,745,749,750,751,869,871,237,239,274,276,317,330,509,572,573,868,872,874,876,878]
/store/data/Run2016H/MuonEG/MINIAOD/17Jul2018-v1/50000/22280D06-3F8D-E811-964F-F04DA275C2FB.root [723,737,904,1022,1173,741,768,903,1040,1187,1190,1191,722,731,906,910,1023,1039,725,727,729,730,734,736,739,769,1021,1041,1042,1177,1188,1189,724,740,1175,1185,726,732,742,905,907,908,912,1038,738,895,902,909,911,1036,1037,1044,1176,1184,1186,728,733,1043,1174]
/store/data/Run2016H/MuonEG/MINIAOD/17Jul2018-v1/50000/40490B39-5890-E811-B8F2-7CD30AD08ED2.root [170,180,181,185,189,201,334,345,431,432,448,480,644,712,884,1055,1172,184,186,198,333,340,384,388,403,454,474,481,527,713,882,886,889,1015,1016,1020,1150,1170,171,193,335,343,344,386,404,406,427,428,436,439,482,526,531,714,715,799,803,806,808,811,885,1013,1014,1018,1064,1163,1165,172,175,177,178,179,182,188,199,200,398,433,471,472,473,475,528,529,530,640,641,805,809,881,1010,1012,1063,1151,1166,192,196,202,203,336,342,380,383,387,400,402,405,476,525,534,716,718,721,1011,1017,1019,1164,173,187,204,339,381,401,435,441,453,532,643,888,1162,183,190,194,337,341,382,430,434,437,438,717,720,804,879,880,883,1168,1169,1171,174,176,195,197,338,385,399,425,426,429,440,533,642,719,807,810,812,887,1062,1065,1066,1167]
/store/data/Run2016H/MuonEG/MINIAOD/17Jul2018-v1/50000/4A55BBED-5A90-E811-8C05-7CD30AD08EDE.root [477,504,584,588,700,701,502,585,699,708,503,545,582,636,478,501,513,544,589,645,709,500,583,637,639,702,498,479,499,703,512,586,587,638,648,710,546,581,590,698,711]
/store/data/Run2016H/MuonEG/MINIAOD/17Jul2018-v1/50000/5CB4AC6C-ED8F-E811-BF3A-008CFAF7485E.root [1006,789,997,1003,1004,784,1002,1008,781,998,767,788,1001,785,787,1000,1007,779,780,782,783,786,790,999,1005]
/store/data/Run2016H/MuonEG/MINIAOD/17Jul2018-v1/50000/8A91F015-5E90-E811-8FB4-F04DA275C007.root [389,443,445,368,375,376,396,452,516,397,442,517,378,379,394,444,370,377,392,450,451,518,369,372,373,393,395,555,374,391,520,371,390,446,447,449,519]
/store/data/Run2016H/MuonEG/MINIAOD/17Jul2018-v1/50000/8E20AA31-218D-E811-B29B-7CD30AD08ED2.root [772,775,765,770,777,764,776,766,773,771,774,778]
/store/data/Run2016H/MuonEG/MINIAOD/17Jul2018-v1/50000/98CB6E08-3F8D-E811-A2FA-3417EBE2F0B2.root [53,82,84,102,104,122,125,160,165,166,296,677,1085,1087,1093,1104,1106,52,75,106,121,130,161,268,270,272,287,672,674,679,1052,1053,1083,1089,1090,1091,1107,57,73,120,124,126,163,266,284,293,675,1094,50,54,55,74,95,107,127,158,265,267,680,1054,1068,1096,1097,51,58,65,78,99,101,123,131,132,159,162,295,1098,1101,1103,1105,64,77,80,105,119,164,167,168,682,1069,1084,1092,1095,1099,1102,56,76,100,269,271,286,294,673,681,1051,1100,79,81,83,98,103,108,157,169,285,676,678,1067,1082,1086]
/store/data/Run2016H/MuonEG/MINIAOD/17Jul2018-v1/50000/9C8E1240-5890-E811-A073-7CD30AD088F0.root [921,925,931,932,949,1071,1079,922,933,962,1074,1088,930,935,955,964,995,928,952,954,1073,1080,924,927,953,960,1075,1077,1078,917,934,963,993,994,919,916,918,926,929,936,951,1072,920,923,950,961,1070,1076,1081]
/store/data/Run2016H/MuonEG/MINIAOD/17Jul2018-v1/50000/A60A56D1-128F-E811-BA9E-3417EBE34C81.root [61,109,128,143,145,156,212,306,309,349,353,356,357,523,524,558,604,609,6,7,62,69,85,94,111,118,129,133,138,140,142,146,147,155,210,220,257,308,326,328,365,366,592,599,602,5,12,14,17,19,114,209,216,354,359,553,561,595,683,684,687,10,15,22,68,70,72,88,92,116,117,134,136,151,213,214,221,256,305,307,311,348,350,363,521,559,596,601,603,685,8,9,16,32,60,89,90,96,110,113,135,150,153,217,222,358,364,560,593,594,608,610,686,1,2,71,86,93,112,144,152,215,218,219,312,346,351,360,367,554,591,688,689,18,21,33,63,67,91,137,139,141,148,149,154,211,325,347,352,361,362,556,598,605,690,3,11,13,20,59,66,87,97,115,310,327,329,355,522,557,597,600,611,612,4]
/store/data/Run2016H/MuonEG/MINIAOD/17Jul2018-v1/50000/B24D4BC1-CE8F-E811-B89D-F04DA275BFCE.root [692,706,988,1024,1030,697,987,996,990,1026,1027,1031,1033,696,704,989,1028,1032,694,705,707,985,1025,984,991,1029,1035,986,695,693,1034]
/store/data/Run2016H/MuonEG/MINIAOD/17Jul2018-v1/50000/B2AE5337-5890-E811-A23A-3417EBE65E39.root [455,467,484,492,537,538,542,543,551,562,566,633,646,831,834,835,839,843,844,852,890,897,938,939,944,959,967,1123,1135,1140,463,469,487,535,548,549,550,567,656,659,825,855,863,893,898,958,970,1142,465,485,486,490,495,497,539,541,565,576,836,849,853,859,862,865,866,867,942,947,968,969,1110,1138,1139,1152,460,461,462,468,493,564,634,649,838,841,848,854,937,946,972,1112,1121,1122,1126,1137,457,458,459,489,491,494,496,563,631,651,655,824,830,840,847,857,858,915,956,965,1120,1125,1144,470,483,552,577,647,826,832,833,842,851,861,864,891,896,901,940,941,943,945,948,957,971,1111,1134,1141,1143,1145,456,464,488,540,547,632,635,650,653,827,828,829,837,845,850,892,894,913,966,1113,1136,466,536,652,654,657,846,856,860,899,900,914,1108,1109,1124]
/store/data/Run2016H/MuonEG/MINIAOD/17Jul2018-v1/50000/C679694B-2C90-E811-AF43-509A4C748A8E.root [800,822,981,793,823,791,795,797,798,801,802,973,978,796,794,813,814,817,992,815,816,818,819,821,976,979,983,792,820,974,975,977,980,982]
/store/data/Run2016H/MuonEG/MINIAOD/17Jul2018-v1/50000/CC63978C-F08F-E811-80AD-3417EBE2F42A.root [1058,1045,1048,1049,1059,1061,1046,1047,1057,1056,1050,1060]
/store/data/Run2016H/MuonEG/MINIAOD/17Jul2018-v1/50000/EA47BAE6-4D90-E811-9590-3417EBE33927.root [25,29,42,44,45,46,412,416,419,422,35,41,409,411,421,48,407,418,26,28,31,38,34,40,43,415,417,424,30,37,39,47,408,410,413,423,23,24,27,36,49,414,420]
/store/data/Run2016H/MuonEG/MINIAOD/17Jul2018-v1/50000/F04CB07D-3890-E811-96E3-F04DA275BFB9.root [622,662,665,668,670,755,761,660,661,621,623,666,757,762,629,658,663,753,759,760,763,624,627,669,568,630,754,758,625,626,628,664,667,756]
/store/data/Run2016H/MuonEG/MINIAOD/17Jul2018-v1/50000/FA69E1E9-5A90-E811-8E68-7CD30AD08DD6.root [226,249,250,254,258,290,229,324,235,262,263,264,225,253,259,288,291,248,251,255,282,283,322,232,234,252,281,289,227,224,233,261,292,323,228,230,231,260]
/store/data/Run2016H/MuonEG/MINIAOD/17Jul2018-v1/50000/FE1C6376-B98F-E811-A319-3417EBE34BFD.root [671,208,691,207,206,205,191]
