/store/data/Run2024F/MuonEG/RAW/v1/000/382/229/00000/0587eff7-3fd9-4f2f-844c-27f4fbfa33ce.root 382229 [250,255,261,266,267,265,248,258,259,263,270,252,246,247,249,257,254,256,262,268,251,253,260,264,269]
/store/data/Run2024F/MuonEG/RAW/v1/000/382/229/00000/30cc3621-062f-41d9-a7c2-bf942f183c41.root 382229 [177,173,188,189,192,193,187,180,184,194,178,182,185,186,196,174,175,179,183,190,195,176,181,191]
/store/data/Run2024F/MuonEG/RAW/v1/000/382/229/00000/385f8f6b-71a2-4ecf-af55-9d0bd029f390.root 382229 [279,281,287,274,285,271,278,280,277,282,283,284,290,293,294,275,291,292,272,289,273,276,286,288]
/store/data/Run2024F/MuonEG/RAW/v1/000/382/229/00000/418ce624-88f0-4073-9127-b1a84c1ce58e.root 382229 [46,47,66,67,43,48,56,65,44,62,63,55,64,45,50,51,52,53,54,58,59,60,61,68,49,57]
/store/data/Run2024F/MuonEG/RAW/v1/000/382/229/00000/5a90c6b5-58fa-42fc-9c6b-ced39f87c7d4.root 382229 [9,2,3,4,6,5,1,7,8]
/store/data/Run2024F/MuonEG/RAW/v1/000/382/229/00000/5bbc2270-c8a5-471b-8be7-20ac8a3d62f6.root 382229 [101,120,121,123,110,113,99,102,104,105,116,107,108,114,122,103,109,111,112,115,119,106,117,100,118]
/store/data/Run2024F/MuonEG/RAW/v1/000/382/229/00000/68b190f9-c4d0-44d8-9d91-a409430455c6.root 382229 [69,73,81,83,86,70,72,89,90,91,92,88,71,75,79,80,93,94,82,87,77,85,98,74,84,96,97,76,78,95]
/store/data/Run2024F/MuonEG/RAW/v1/000/382/229/00000/78443271-719b-47cc-b474-3f1b19681299.root 382229 [227,229,234,242,244,221,240,225,226,231,239,241,230,232,235,236,222,238,224,243,223,237,245,228,233]
/store/data/Run2024F/MuonEG/RAW/v1/000/382/229/00000/7b6b5f5c-2058-4769-b35a-6ac74351dc80.root 382229 [28,38,40,20,21,22,27,24,25,26,33,31,32,36,39,41,23,29,42,18,30,34,19,35,37]
/store/data/Run2024F/MuonEG/RAW/v1/000/382/229/00000/7c689b70-078e-48d4-bf6a-b02096d6b608.root 382229 [127,137,141,143,129,138,144,145,148,133,125,126,139,140,146,128,134,135,136,124,142,130,131,132,147]
/store/data/Run2024F/MuonEG/RAW/v1/000/382/229/00000/ce23b46a-eb29-4270-9b67-a7a64cdd0f06.root 382229 [197,208,211,203,209,198,202,206,219,199,216,212,217,207,201,204,210,214,218,220,200,205,213,215]
/store/data/Run2024F/MuonEG/RAW/v1/000/382/229/00000/d9238f70-184d-4410-9eb6-d91ac63bdbb2.root 382229 [150,151,158,159,170,166,155,162,164,169,160,167,171,172,152,156,157,168,149,153,154,161,163,165]
/store/data/Run2024F/MuonEG/RAW/v1/000/382/229/00000/f551e4e6-084e-465a-8a7a-33844cc413bb.root 382229 [297,303,308,313,320,296,306,310,295,299,309,300,302,312,314,316,319,315,318,298,305,317,301,304,307,311]
/store/data/Run2024F/MuonEG/RAW/v1/000/382/250/00000/0230113e-1789-418d-b75f-9a9ef23701f6.root 382250 [486,488,489,490,485,487]
/store/data/Run2024F/MuonEG/RAW/v1/000/382/250/00000/04db7647-c893-4a6f-859a-6dac1a674cb6.root 382250 [633,634,632,635,636,637]
/store/data/Run2024F/MuonEG/RAW/v1/000/382/250/00000/080efcbe-c451-4de7-b369-ce157bc8bcfb.root 382250 [727,729,732,730,731,728]
/store/data/Run2024F/MuonEG/RAW/v1/000/382/250/00000/0b734ef7-9d41-456b-9e3e-0f4cac05dbb7.root 382250 [429,433,428,430,432,431]
/store/data/Run2024F/MuonEG/RAW/v1/000/382/250/00000/0ddfb50d-eff3-467a-9658-35938cef824f.root 382250 [536,538,539,537,540,541]
/store/data/Run2024F/MuonEG/RAW/v1/000/382/250/00000/0fd1d6f3-9896-4a90-b5a8-bc50fc805abc.root 382250 [13,15,16,12,14]
/store/data/Run2024F/MuonEG/RAW/v1/000/382/250/00000/1260746b-c6f4-4fc7-b2c8-e551e76a104e.root 382250 [422,424,427,423,425,426]
/store/data/Run2024F/MuonEG/RAW/v1/000/382/250/00000/133a7fda-abc7-47f7-9d82-bd12fdd3fbc6.root 382250 [620,619,624,622,623,618,621]
/store/data/Run2024F/MuonEG/RAW/v1/000/382/250/00000/13835d20-7eef-4ffd-80de-2fa45b76c5be.root 382250 [912,911,914,918,913,917,916,915]
/store/data/Run2024F/MuonEG/RAW/v1/000/382/250/00000/15745823-fd03-4676-8411-d98b44e6673c.root 382250 [595,598,599,594,597,596]
/store/data/Run2024F/MuonEG/RAW/v1/000/382/250/00000/19da9e2d-948d-4ba4-8e41-d5a97713e87b.root 382250 [482,483,480,479,481,484]
/store/data/Run2024F/MuonEG/RAW/v1/000/382/250/00000/1a3f7246-1f84-4153-9db1-bcf2cbdf3575.root 382250 [551,548,552,549,550,553,554]
/store/data/Run2024F/MuonEG/RAW/v1/000/382/250/00000/1b00148a-7ea2-49aa-9517-0c2814bd6896.root 382250 [772,773,770,774,768,769,771]
/store/data/Run2024F/MuonEG/RAW/v1/000/382/250/00000/1cfa183a-b960-4cb7-9934-d5bd875de806.root 382250 [570,572,573,574,569,571]
/store/data/Run2024F/MuonEG/RAW/v1/000/382/250/00000/1f5f411c-2def-45b2-b272-6da2e4ca53b0.root 382250 [758,755,759,754,756,757,760]
/store/data/Run2024F/MuonEG/RAW/v1/000/382/250/00000/20702b79-6f30-4f12-8cff-fefbd1405019.root 382250 [296,297,299,300,301,298]
/store/data/Run2024F/MuonEG/RAW/v1/000/382/250/00000/2271e867-0c5c-41e6-a4d4-5cc8329f5c72.root 382250 [57,70,61,63,65,67,69,64,56,58,68,59,66,60,62]
/store/data/Run2024F/MuonEG/RAW/v1/000/382/250/00000/2376520a-78ae-4b7d-a921-3629ba87f0dc.root 382250 [830,827,829,833,826,832,831,828]
/store/data/Run2024F/MuonEG/RAW/v1/000/382/250/00000/24398ffe-db79-486b-8f06-e79c1d8d9016.root 382250 [234,231,232,233,235,236]
/store/data/Run2024F/MuonEG/RAW/v1/000/382/250/00000/2a3dc84e-7ab3-498c-8c4e-9cccb970987e.root 382250 [250,249,252,253,251,254]
/store/data/Run2024F/MuonEG/RAW/v1/000/382/250/00000/2cf1acb2-0612-4ee9-97d8-4bd72b639547.root 382250 [864,870,866,868,863,865,867,869]
/store/data/Run2024F/MuonEG/RAW/v1/000/382/250/00000/317548f7-365b-43ba-be3a-1977352140b5.root 382250 [304,306,302,305,307,303]
/store/data/Run2024F/MuonEG/RAW/v1/000/382/250/00000/33789c06-4077-4760-a903-17b15b7c4937.root 382250 [789,794,792,790,791,793,795]
/store/data/Run2024F/MuonEG/RAW/v1/000/382/250/00000/35e0252a-22bc-4833-891c-34226d1a86d2.root 382250 [157,153,154,156,155,158]
/store/data/Run2024F/MuonEG/RAW/v1/000/382/250/00000/36a49c04-5612-4eb7-90a9-614041672fd2.root 382250 [818,821,822,820,825,819,824,823]
/store/data/Run2024F/MuonEG/RAW/v1/000/382/250/00000/36f9b436-f410-412d-aad0-ed7563b5d54c.root 382250 [434,439,436,438,435,437]
/store/data/Run2024F/MuonEG/RAW/v1/000/382/250/00000/39f60bc3-2ca4-4125-ab96-4c3719bc9cef.root 382250 [761,767,765,763,762,764,766]
/store/data/Run2024F/MuonEG/RAW/v1/000/382/250/00000/3d63f035-3bae-4b4e-a521-7f6ed4824653.root 382250 [3,2]
/store/data/Run2024F/MuonEG/RAW/v1/000/382/250/00000/3eb22979-2878-4f3d-847e-66355bd4b01a.root 382250 [18]
/store/data/Run2024F/MuonEG/RAW/v1/000/382/250/00000/3f0e538f-1184-4c0c-a423-5c8ff90ac4ca.root 382250 [390,387,388,386,389,391]
/store/data/Run2024F/MuonEG/RAW/v1/000/382/250/00000/3f4ecced-9cac-49ce-aada-2db70a8210c7.root 382250 [737,736,739,733,735,738,734]
/store/data/Run2024F/MuonEG/RAW/v1/000/382/250/00000/41f5dfc1-c4a4-4ece-af8a-1195d7bddeff.root 382250 [218,214,217,213,216,215]
/store/data/Run2024F/MuonEG/RAW/v1/000/382/250/00000/43664c4c-bde4-4182-8fea-7f55ee9d313c.root 382250 [683,682,685,680,679,681,684]
/store/data/Run2024F/MuonEG/RAW/v1/000/382/250/00000/4407aec5-0ac0-4964-ae04-3cd96261d3eb.root 382250 [505,506,507,510,508,504,509]
/store/data/Run2024F/MuonEG/RAW/v1/000/382/250/00000/4744013b-44ca-423b-92c0-08fd600b4ea2.root 382250 [363,364,362,366,365,367]
/store/data/Run2024F/MuonEG/RAW/v1/000/382/250/00000/47a87e92-702f-496b-88f2-01dd95800133.root 382250 [669,670,666,671,668,665,667]
/store/data/Run2024F/MuonEG/RAW/v1/000/382/250/00000/4a2bdfce-2b8f-42a2-a02e-c6b4c11caf06.root 382250 [697,694,695,699,693,698,696]
/store/data/Run2024F/MuonEG/RAW/v1/000/382/250/00000/4c209e54-a996-45c9-8772-d5f82edf3a62.root 382250 [616,612,615,613,614,617]
/store/data/Run2024F/MuonEG/RAW/v1/000/382/250/00000/4e776f11-580b-4297-af7f-8cdf2f644559.root 382250 [247,245,248,246,244,243]
/store/data/Run2024F/MuonEG/RAW/v1/000/382/250/00000/4f004f41-c8fc-4f89-bbd6-dba9dae0610d.root 382250 [688,686,689,687,690,691,692]
/store/data/Run2024F/MuonEG/RAW/v1/000/382/250/00000/4f3ef2e6-3b5a-4e55-9025-5da78242e642.root 382250 [895,898,901,902,896,897,900,899]
/store/data/Run2024F/MuonEG/RAW/v1/000/382/250/00000/4fc6883b-ed07-4ab9-ae3f-585e0898354f.root 382250 [475,477,478,473,474,476]
/store/data/Run2024F/MuonEG/RAW/v1/000/382/250/00000/5551148c-0bb3-4e7b-af05-9d73ba6e7a27.root 382250 [5]
/store/data/Run2024F/MuonEG/RAW/v1/000/382/250/00000/555c0f25-1397-40eb-9c79-98f33fe5bb76.root 382250 [780,781,779,775,777,776,778]
/store/data/Run2024F/MuonEG/RAW/v1/000/382/250/00000/5d236500-b4ce-4319-93a9-d006e904c58b.root 382250 [498,502,497,499,503,500,501]
/store/data/Run2024F/MuonEG/RAW/v1/000/382/250/00000/5eecea28-ed00-48e3-ba93-728b15213eeb.root 382250 [707,709,710,711,708,712,706]
/store/data/Run2024F/MuonEG/RAW/v1/000/382/250/00000/5f80eedb-be77-49c1-8c79-5c91bcc26143.root 382250 [890,893,894,891,888,889,887,892]
/store/data/Run2024F/MuonEG/RAW/v1/000/382/250/00000/5fab2019-b2d8-49e8-8dc9-fdde090cd357.root 382250 [638,644,640,641,642,643,639]
/store/data/Run2024F/MuonEG/RAW/v1/000/382/250/00000/61f89bb2-7fca-4718-8d71-e41b8fd39dff.root 382250 [678,672,674,676,675,677,673]
/store/data/Run2024F/MuonEG/RAW/v1/000/382/250/00000/644ad835-da65-40fc-9de1-b98e7d32ae6c.root 382250 [219,223,220,221,224,222]
/store/data/Run2024F/MuonEG/RAW/v1/000/382/250/00000/6958de28-981d-4804-a3e0-ee4d5cb36dc6.root 382250 [662,664,663,661,658,660,659]
/store/data/Run2024F/MuonEG/RAW/v1/000/382/250/00000/69afef53-0c91-4959-bceb-c08ccc46c38d.root 382250 [105,106,103,109,100,101,104,107,102,108]
/store/data/Run2024F/MuonEG/RAW/v1/000/382/250/00000/6d505407-918f-4026-9c3f-3efd311e2b78.root 382250 [335,337,333,332,336,334]
/store/data/Run2024F/MuonEG/RAW/v1/000/382/250/00000/6d644b11-b5b9-4929-a1e2-32f7d02992d6.root 382250 [405,406,408,404,409,407]
/store/data/Run2024F/MuonEG/RAW/v1/000/382/250/00000/6e767dc2-a2fd-474b-8d21-0b8a9eb159b4.root 382250 [884,881,885,883,880,879,886,882]
/store/data/Run2024F/MuonEG/RAW/v1/000/382/250/00000/6e97c281-db9d-430e-9e5e-0703245fe5ef.root 382250 [420,417,421,416,418,419]
/store/data/Run2024F/MuonEG/RAW/v1/000/382/250/00000/7129034a-c9d6-432c-94cf-606f0c115b4f.root 382250 [543,545,546,542,544,547]
/store/data/Run2024F/MuonEG/RAW/v1/000/382/250/00000/750e6f33-9c02-461d-9535-6a34f7fac41c.root 382250 [368,370,371,373,369,372]
/store/data/Run2024F/MuonEG/RAW/v1/000/382/250/00000/75852c67-fd6a-46b2-82d7-065db6217e7e.root 382250 [168,165,167,169,166,170]
/store/data/Run2024F/MuonEG/RAW/v1/000/382/250/00000/77a3f50e-b936-4a08-9554-e51bde163872.root 382250 [414,411,413,410,412,415]
/store/data/Run2024F/MuonEG/RAW/v1/000/382/250/00000/78dd2b67-601b-4234-bc3e-51d3ae995152.root 382250 [185,188,183,187,186,184]
/store/data/Run2024F/MuonEG/RAW/v1/000/382/250/00000/791b866a-22d2-4163-83bc-657682e78451.root 382250 [629,625,627,628,631,626,630]
/store/data/Run2024F/MuonEG/RAW/v1/000/382/250/00000/7cfe8788-b9f7-4bd3-b3db-3fe303e6aff2.root 382250 [312,313,308,309,311,310]
/store/data/Run2024F/MuonEG/RAW/v1/000/382/250/00000/7fb43f68-bf69-42ff-af6a-f211ecac02ae.root 382250 [208,210,209,211,212,207]
/store/data/Run2024F/MuonEG/RAW/v1/000/382/250/00000/80b94488-89d2-42f8-a5b3-e49c38a5144c.root 382250 [512,511,515,513,514,516]
/store/data/Run2024F/MuonEG/RAW/v1/000/382/250/00000/81f880fd-d4b1-4aa1-b5f9-7a61bba1a60c.root 382250 [199,198,200,196,197,195]
/store/data/Run2024F/MuonEG/RAW/v1/000/382/250/00000/845b53f6-a6a2-4d22-8b81-0c93be35bee5.root 382250 [700,701,703,704,702,705]
/store/data/Run2024F/MuonEG/RAW/v1/000/382/250/00000/851a5ca8-c013-4a62-804f-009347aae828.root 382250 [267,268]
/store/data/Run2024F/MuonEG/RAW/v1/000/382/250/00000/8618a84e-d054-4bdd-aa2c-6f6e4d979257.root 382250 [273,274,271,275,276,270,272]
/store/data/Run2024F/MuonEG/RAW/v1/000/382/250/00000/8673f0e8-5fe5-434b-be40-699cb4dfc863.root 382250 [519,520,522,518,521,517]
/store/data/Run2024F/MuonEG/RAW/v1/000/382/250/00000/8b793cc5-e8c0-4d8b-8084-44d2376eb077.root 382250 [201,206,202,204,205,203]
/store/data/Run2024F/MuonEG/RAW/v1/000/382/250/00000/8e2e96da-4015-4149-aa79-9af08cef3eeb.root 382250 [856,862,860,861,857,858,859]
/store/data/Run2024F/MuonEG/RAW/v1/000/382/250/00000/92f80768-9045-4c11-ac6f-252dea4e9373.root 382250 [344,345,349,346,347,348]
/store/data/Run2024F/MuonEG/RAW/v1/000/382/250/00000/9390bf36-31fc-4be1-8102-c10b161af9bc.root 382250 [289,284,287,288,285,286]
/store/data/Run2024F/MuonEG/RAW/v1/000/382/250/00000/93a14afe-40a5-43ca-b2eb-664e18f8e2fb.root 382250 [563,565,567,562,566,564,568]
/store/data/Run2024F/MuonEG/RAW/v1/000/382/250/00000/93ef64d7-1571-4eb3-9434-7e97c828acb3.root 382250 [182,180,181,177,178,179]
/store/data/Run2024F/MuonEG/RAW/v1/000/382/250/00000/9610d25e-8399-49c8-823e-ae156b4a5a00.root 382250 [575,580,581,577,576,579,578]
/store/data/Run2024F/MuonEG/RAW/v1/000/382/250/00000/96e09c7a-feb9-4b02-8782-c6b7d5daa1a4.root 382250 [652,654,657,653,655,656]
/store/data/Run2024F/MuonEG/RAW/v1/000/382/250/00000/9b43f346-31fb-4ce4-92b2-e6aa5cf750e5.root 382250 [446,451,449,447,448,450]
/store/data/Run2024F/MuonEG/RAW/v1/000/382/250/00000/9c29f7c8-d95f-4cac-8e12-28484e63ce84.root 382250 [606,611,608,607,609,610]
/store/data/Run2024F/MuonEG/RAW/v1/000/382/250/00000/9ca58f38-29d4-4000-b1fe-83d419872614.root 382250 [134,139,138,133,136,137,135]
/store/data/Run2024F/MuonEG/RAW/v1/000/382/250/00000/9f70947f-17c2-4011-94c3-8ca8559056b4.root 382250 [873,874,878,875,877,872,876,871]
/store/data/Run2024F/MuonEG/RAW/v1/000/382/250/00000/9fbc6265-9629-4e78-bb44-d39613ae8593.root 382250 [400,398,401,403,402,399]
/store/data/Run2024F/MuonEG/RAW/v1/000/382/250/00000/a164b7b2-e210-40f9-92c7-2570eee1e555.root 382250 [9]
/store/data/Run2024F/MuonEG/RAW/v1/000/382/250/00000/a3fcd415-84d9-4721-b435-3e0274c4a3ee.root 382250 [7]
/store/data/Run2024F/MuonEG/RAW/v1/000/382/250/00000/a6cb15bb-f3e9-4992-811d-4421d142ba9d.root 382250 [808,803,806,809,807,804,805,810]
/store/data/Run2024F/MuonEG/RAW/v1/000/382/250/00000/ab1a1fa2-24c7-4500-9d2a-2bc5c5d7316f.root 382250 [834,835,836,837,838,839,840]
/store/data/Run2024F/MuonEG/RAW/v1/000/382/250/00000/ab771b56-3c86-4e2f-a592-356e0eb571f0.root 382250 [651,647,645,648,649,650,646]
/store/data/Run2024F/MuonEG/RAW/v1/000/382/250/00000/ad7b8f47-1f0f-4426-bfec-7132d71ebbd3.root 382250 [327,328,330,329,326,331]
/store/data/Run2024F/MuonEG/RAW/v1/000/382/250/00000/b0184116-d431-4346-8cfc-15568eed00ce.root 382250 [21,26,33,34,39,45,54,22,38,23,29,35,46,53,37,42,43,50,51,28,30,32,41,44,49,55,24,25,36,48,20,27,31,40,47,52]
/store/data/Run2024F/MuonEG/RAW/v1/000/382/250/00000/b0ff2210-338c-4e94-a434-bae1a8a2f2e7.root 382250 [174,176,172,175,171,173]
/store/data/Run2024F/MuonEG/RAW/v1/000/382/250/00000/b22f5793-ddd4-410d-8fb3-de55febee109.root 382250 [110,112,115,116,111,114,113,117,119,118]
/store/data/Run2024F/MuonEG/RAW/v1/000/382/250/00000/b236451a-cacb-4e27-9314-2c5d053b7e9d.root 382250 [531,534,535,530,533,532]
/store/data/Run2024F/MuonEG/RAW/v1/000/382/250/00000/b49d77b4-3e6f-495b-b2a7-50032eddf9bd.root 382250 [255,256,258,259,257,260]
/store/data/Run2024F/MuonEG/RAW/v1/000/382/250/00000/b5a5fe51-9b41-4c2f-9f05-2fe4826a1cc5.root 382250 [847,842,846,843,841,844,845]
/store/data/Run2024F/MuonEG/RAW/v1/000/382/250/00000/b6e65418-f89f-4312-b536-9e9cf4621edf.root 382250 [96,97,99,98,93,95,88,90,91,92,89,94]
/store/data/Run2024F/MuonEG/RAW/v1/000/382/250/00000/b818684e-9f64-4add-a215-c0482c105ac6.root 382250 [719,718,713,717,715,716,714]
/store/data/Run2024F/MuonEG/RAW/v1/000/382/250/00000/bc4ecda9-c674-40fb-8140-a25ff9f465f9.root 382250 [813,817,811,814,815,812,816]
/store/data/Run2024F/MuonEG/RAW/v1/000/382/250/00000/bf0fbd79-7e17-4ac4-ab1e-e73ea290b916.root 382250 [230,229,226,228,225,227]
/store/data/Run2024F/MuonEG/RAW/v1/000/382/250/00000/c108a6a7-2ff9-4592-bc63-cec3db2d20f4.root 382250 [315,316,317,318,314,319]
/store/data/Run2024F/MuonEG/RAW/v1/000/382/250/00000/cbe57509-e09a-4a69-a9d3-ae1edf19087d.root 382250 [442,440,443,445,444,441]
/store/data/Run2024F/MuonEG/RAW/v1/000/382/250/00000/ce9ae372-1f51-44e3-a14e-e3e9529cedfa.root 382250 [164,159,161,162,160,163]
/store/data/Run2024F/MuonEG/RAW/v1/000/382/250/00000/cf2b7328-5fb4-4c3e-b4bd-1d7aafcbce53.root 382250 [189,192,194,191,193,190]
/store/data/Run2024F/MuonEG/RAW/v1/000/382/250/00000/d0dd93e6-c5ab-40b9-937b-b96ed5094221.root 382250 [143,140,142,144,146,145,141]
/store/data/Run2024F/MuonEG/RAW/v1/000/382/250/00000/d2c4a5a4-4c6d-4abb-bc7a-9887f1b6d3a3.root 382250 [919,924,932,936,937,922,926,927,930,938,925,934,935,928,931,920,929,921,933,923]
/store/data/Run2024F/MuonEG/RAW/v1/000/382/250/00000/d4823c93-c2bc-4ea3-8174-aa9517a9109b.root 382250 [905,910,907,904,909,903,906,908]
/store/data/Run2024F/MuonEG/RAW/v1/000/382/250/00000/d4884221-292e-4ff6-891e-e31d0b1f561d.root 382250 [743,745,741,746,742,740,744]
/store/data/Run2024F/MuonEG/RAW/v1/000/382/250/00000/d6d497b7-be18-4086-b2af-7c9c615dee37.root 382250 [457,455,454,458,452,456,453,459]
/store/data/Run2024F/MuonEG/RAW/v1/000/382/250/00000/d704ae58-01e0-4df4-aaed-17ceb2109dd4.root 382250 [382,380,381,384,383,385]
/store/data/Run2024F/MuonEG/RAW/v1/000/382/250/00000/d7abd282-ac49-4ac1-9d7c-f2dbe31a025b.root 382250 [124,126,121,123,128,131,122,130,132,120,125,127,129]
/store/data/Run2024F/MuonEG/RAW/v1/000/382/250/00000/da6e68e2-3ad7-4a42-858e-03775c3a879b.root 382250 [591,592,593,588,589,590]
/store/data/Run2024F/MuonEG/RAW/v1/000/382/250/00000/db5c8877-6d6c-467c-8a0f-67a4f43507a9.root 382250 [493,492,494,495,491,496]
/store/data/Run2024F/MuonEG/RAW/v1/000/382/250/00000/dbefacf2-4bef-4a9d-bd4b-f30b2540dc24.root 382250 [266,263,264,265,261,262]
/store/data/Run2024F/MuonEG/RAW/v1/000/382/250/00000/e0488761-38d5-474a-a86b-54d37ae24681.root 382250 [281,282,283,277,278,279,280]
/store/data/Run2024F/MuonEG/RAW/v1/000/382/250/00000/e2bf8993-5b70-4e9b-80da-3ce3295dac76.root 382250 [849,851,848,852,853,855,854,850]
/store/data/Run2024F/MuonEG/RAW/v1/000/382/250/00000/e6602dc0-6633-4b42-813a-9f3ad301a23c.root 382250 [375,377,379,374,376,378]
/store/data/Run2024F/MuonEG/RAW/v1/000/382/250/00000/e6fd8c7c-8deb-450b-9aec-05caf6b696d3.root 382250 [796,800,798,802,797,799,801]
/store/data/Run2024F/MuonEG/RAW/v1/000/382/250/00000/e71c9053-ef11-40ff-a67a-618db0c0a95f.root 382250 [325,320,321,322,324,323]
/store/data/Run2024F/MuonEG/RAW/v1/000/382/250/00000/e80c14bc-19ae-433b-84c0-41d83ddfac99.root 382250 [559,558,557,560,561,555,556]
/store/data/Run2024F/MuonEG/RAW/v1/000/382/250/00000/e874d8fb-de5e-4f37-b352-5cd858f786a4.root 382250 [353,355,350,352,354,351]
/store/data/Run2024F/MuonEG/RAW/v1/000/382/250/00000/ebb5208f-588d-41f5-a444-e7bc707cb244.root 382250 [752,750,747,751,748,749,753]
/store/data/Run2024F/MuonEG/RAW/v1/000/382/250/00000/ec018d9b-2d45-46b2-8ef8-335890f761a4.root 382250 [238,237,241,242,239,240]
/store/data/Run2024F/MuonEG/RAW/v1/000/382/250/00000/ec0e84dc-5a9c-45f2-853b-bb3fc159f1e2.root 382250 [338,339,342,340,341,343]
/store/data/Run2024F/MuonEG/RAW/v1/000/382/250/00000/ed66abf8-e4f2-4643-b096-946b347c1cbe.root 382250 [294,293,290,291,292,295]
/store/data/Run2024F/MuonEG/RAW/v1/000/382/250/00000/ee6551e9-d4fe-4c39-9458-f298b52f8120.root 382250 [150,149,147,152,151,148]
/store/data/Run2024F/MuonEG/RAW/v1/000/382/250/00000/ef1c0a94-aec6-4b70-87db-1734fb3f66c0.root 382250 [358,359,360,356,357,361]
/store/data/Run2024F/MuonEG/RAW/v1/000/382/250/00000/ef528513-3d89-47fd-871e-2d2f6c4f8ba6.root 382250 [603,600,601,602,605,604]
/store/data/Run2024F/MuonEG/RAW/v1/000/382/250/00000/f072a16e-0370-4260-8b18-cd5f13de92a0.root 382250 [526,529,525,527,528,523,524]
/store/data/Run2024F/MuonEG/RAW/v1/000/382/250/00000/f828de60-7725-4e1c-b6e0-0a58578ae226.root 382250 [73,76,78,79,87,72,84,82,85,86,74,80,77,81,83,71,75]
/store/data/Run2024F/MuonEG/RAW/v1/000/382/250/00000/f9e94bfc-c39d-4704-bd11-7ae4bf881671.root 382250 [395,392,397,393,396,394]
/store/data/Run2024F/MuonEG/RAW/v1/000/382/250/00000/fc5f0f4a-4e57-4dc6-ba3e-383d6df148f4.root 382250 [583,584,586,585,587,582]
/store/data/Run2024F/MuonEG/RAW/v1/000/382/250/00000/fd70ba0d-011d-470c-ae73-2c21903e160e.root 382250 [782,787,785,784,786,783,788]
/store/data/Run2024F/MuonEG/RAW/v1/000/382/250/00000/fd7b9178-3119-4f5f-a3be-de1439bb8244.root 382250 [468,469,472,471,467,470]
/store/data/Run2024F/MuonEG/RAW/v1/000/382/250/00000/fe8ac407-94aa-404e-b138-c663d03b0f1a.root 382250 [724,725,726,722,720,721,723]
/store/data/Run2024F/MuonEG/RAW/v1/000/382/250/00000/feeabcc4-b77a-4fd2-8391-5a14d2b80795.root 382250 [464,462,463,465,460,461,466]
