/store/data/Run2022B/EGamma/RAW/v1/000/355/374/00000/310afba5-f0c5-4639-8656-d8f65e424be6.root 355374 [61]
/store/data/Run2022B/EGamma/RAW/v1/000/355/374/00000/4b0d22a6-cfa7-4072-849f-6e4cfe323736.root 355374 [77,67,69,72,80,83,84,75,76,82,68,78,71,73,74,81,70,79]
/store/data/Run2022B/EGamma/RAW/v1/000/355/374/00000/57206994-91bd-4d2a-a26d-52d5c2f30945.root 355374 [59]
/store/data/Run2022B/EGamma/RAW/v1/000/355/374/00000/686fd176-edbe-4b8b-b8c0-9306ebcac8c6.root 355374 [65]
/store/data/Run2022B/EGamma/RAW/v1/000/355/374/00000/8a130be6-2523-4111-839c-c90faf81fc77.root 355374 [63]
/store/data/Run2022B/EGamma/RAW/v1/000/355/374/00000/97faba0f-3135-4e36-a237-6b9b62284d1a.root 355374 [51,54,52,55,57,56,53,58]
/store/data/Run2022B/EGamma/RAW/v1/000/355/374/00000/adce9c46-fc88-4f6a-939a-bd92c5a66d6b.root 355374 [62]
/store/data/Run2022B/EGamma/RAW/v1/000/355/374/00000/c5bcc181-9ac0-4dc5-aaf0-8b7ef49d82e0.root 355374 [17,34,2,24,9,13,14,20,37,1,7,8,10,31,48,49,4,5,12,19,21,28,29,35,36,40,42,43,44,50,6,16,18,27,30,39,22,23,25,26,33,38,41,45,46,3,11,15,32,47]
/store/data/Run2022B/EGamma/RAW/v1/000/355/374/00000/c910b860-aa52-4cd9-b355-0f84c5b70a4e.root 355374 [60]
/store/data/Run2022B/EGamma/RAW/v1/000/355/374/00000/d43041aa-31ff-4ad4-825e-a9c79772455a.root 355374 [66]
/store/data/Run2022B/EGamma/RAW/v1/000/355/374/00000/e1c401b5-dee2-4a71-a187-64af7748d14d.root 355374 [64]
