/store/data/Run2023C/HLTPhysics/RAW/v1/000/367/131/00000/0ac71f6b-c75e-41a4-b12d-af26949cef01.root [114,112,110,116,117,118,111,115,113,119]
/store/data/Run2023C/HLTPhysics/RAW/v1/000/367/131/00000/13546366-0b85-46ae-b128-f890e36d784a.root [90,94,96,93,97,92,95,98,91,99]
/store/data/Run2023C/HLTPhysics/RAW/v1/000/367/131/00000/220e4a7f-e669-45ba-b6fb-9fa742953232.root [102,101,100,104,109,108,107,105,106,103]
/store/data/Run2023C/HLTPhysics/RAW/v1/000/367/131/00000/24107ae2-add9-4b2e-89ad-6a2644c6cde4.root [134,137,138,131,132,130,139,133,135,136]
/store/data/Run2023C/HLTPhysics/RAW/v1/000/367/131/00000/554dac9a-e25d-42d9-8101-bba7b0a22d2f.root [24,22,30,21,28,29,23,25,26,27]
/store/data/Run2023C/HLTPhysics/RAW/v1/000/367/131/00000/6d268556-b7f9-4c66-8702-2d81d1f674bf.root [51,61,52,56,63,65,53,54,62,69,50,57,73,64,66,67,71,47,48,59,60,70,72,49,55,58,68]
/store/data/Run2023C/HLTPhysics/RAW/v1/000/367/131/00000/781603b9-47e1-47c8-82fd-4e5cb9a30f95.root [5,9,2,6,10,1,8,4,3,7]
/store/data/Run2023C/HLTPhysics/RAW/v1/000/367/131/00000/789764d7-2459-4605-bc93-247b1d943adc.root [122,123,124,127,120,129,125,128,121,126]
/store/data/Run2023C/HLTPhysics/RAW/v1/000/367/131/00000/88f93d93-988d-423f-be1d-7f9e2d07dfa1.root [37,40,44,31,35,41,36,42,32,33,39,43,46,34,38,45]
/store/data/Run2023C/HLTPhysics/RAW/v1/000/367/131/00000/94fc44d2-6225-4427-a81e-7cf5dfad4ad4.root [146,145,142,143,144,140,148,147,141]
/store/data/Run2023C/HLTPhysics/RAW/v1/000/367/131/00000/cd702f5b-e6df-4ec7-bc73-f69c7cf838c3.root [16,14,15,11,12,17,19,20,13,18]
/store/data/Run2023C/HLTPhysics/RAW/v1/000/367/131/00000/da4c84d7-3048-4bb3-bdf2-30bbd8235fc0.root [77,78,82,84,85,89,74,79,86,88,75,76,87,80,81,83]
