/store/data/Run2024F/ParkingLLP/RAW/v1/000/382/229/00000/04e04098-710b-4b1a-9e66-445d4be33c29.root 382229 [22,23,20,21,19,27,28,29,25,26,18,24]
/store/data/Run2024F/ParkingLLP/RAW/v1/000/382/229/00000/0cca5ce2-0aea-4fc3-8826-b8de9c1ec0ac.root 382229 [88,91,92,87,90,85,93,94,81,89,82,84,83,86]
/store/data/Run2024F/ParkingLLP/RAW/v1/000/382/229/00000/17f55a71-9de6-494c-8cf3-4708bb553467.root 382229 [194,185,187,186,190,195,192,188,189,193,191]
/store/data/Run2024F/ParkingLLP/RAW/v1/000/382/229/00000/18e72b16-f7d4-4cc1-988e-11b886a97434.root 382229 [213,216,207,208,212,218,211,214,209,210,215,217]
/store/data/Run2024F/ParkingLLP/RAW/v1/000/382/229/00000/1c339ed9-82a1-4464-807f-91a14ad03117.root 382229 [244,242,248,243,245,249,252,246,247,251,241,250]
/store/data/Run2024F/ParkingLLP/RAW/v1/000/382/229/00000/2070d0f6-2345-4292-915b-2d1bef88aa7a.root 382229 [319,310,311,312,316,318,315,320,309,313,314,317]
/store/data/Run2024F/ParkingLLP/RAW/v1/000/382/229/00000/25610812-2bbf-4b07-9b20-647d74d5188b.root 382229 [170,169,165,163,164,166,167,172,173,162,168,171]
/store/data/Run2024F/ParkingLLP/RAW/v1/000/382/229/00000/30680135-4843-4f1c-bf7a-0caf708e97de.root 382229 [102,103,96,101,100,106,95,104,105,97,98,99]
/store/data/Run2024F/ParkingLLP/RAW/v1/000/382/229/00000/30fbe007-07ce-47ce-9179-9b42599de25c.root 382229 [114,109,116,112,107,110,111,113,115,117,108]
/store/data/Run2024F/ParkingLLP/RAW/v1/000/382/229/00000/392fbe20-cf9d-4c12-a536-59de2e3f162e.root 382229 [5,7,3,4,8,1,9,6,2]
/store/data/Run2024F/ParkingLLP/RAW/v1/000/382/229/00000/44f5c82a-c7c9-4407-9d2c-92edff655c48.root 382229 [219,225,224,226,227,221,229,223,222,220,228]
/store/data/Run2024F/ParkingLLP/RAW/v1/000/382/229/00000/483f32e0-4d96-4138-a91b-06c2ab4e617e.root 382229 [54,56,65,57,59,55,60,62,64,66,58,61,63]
/store/data/Run2024F/ParkingLLP/RAW/v1/000/382/229/00000/4b96be8c-86ac-42ee-822d-6eb629b3329d.root 382229 [45,47,52,43,44,46,42,48,51,49,50,53]
/store/data/Run2024F/ParkingLLP/RAW/v1/000/382/229/00000/580e99b7-7491-4a6b-8ce8-95797707d664.root 382229 [203,205,197,206,198,202,204,196,200,201,199]
/store/data/Run2024F/ParkingLLP/RAW/v1/000/382/229/00000/58f5bf1f-0ec6-4df8-88b4-30903ea7e7e0.root 382229 [289,293,296,290,292,287,288,295,291,294,297]
/store/data/Run2024F/ParkingLLP/RAW/v1/000/382/229/00000/5f7b810c-f5de-4817-b344-2763790bbb99.root 382229 [233,232,238,235,237,234,230,239,240,231,236]
/store/data/Run2024F/ParkingLLP/RAW/v1/000/382/229/00000/8d0ccffc-0411-4894-9e41-b7e6f2090976.root 382229 [71,75,76,79,73,67,72,78,80,69,74,68,70,77]
/store/data/Run2024F/ParkingLLP/RAW/v1/000/382/229/00000/9f1980eb-3d2d-4242-903c-2170530bba25.root 382229 [267,274,264,269,271,265,266,270,268,272,275,273]
/store/data/Run2024F/ParkingLLP/RAW/v1/000/382/229/00000/a47027d3-7f25-4a19-95bb-db33621f001c.root 382229 [119,120,122,125,128,118,123,126,127,121,124]
/store/data/Run2024F/ParkingLLP/RAW/v1/000/382/229/00000/b7e0dc85-ac4e-4eb1-adb8-4b810dc6e5e8.root 382229 [158,159,161,154,160,151,152,156,157,153,155]
/store/data/Run2024F/ParkingLLP/RAW/v1/000/382/229/00000/b952f592-cd43-4653-bfc5-0cbb29743b5d.root 382229 [136,132,134,138,129,130,131,137,133,135,139]
/store/data/Run2024F/ParkingLLP/RAW/v1/000/382/229/00000/ba643f3d-a352-4a1b-9059-73620a944cd3.root 382229 [263,256,258,259,260,261,254,253,255,257,262]
/store/data/Run2024F/ParkingLLP/RAW/v1/000/382/229/00000/cdea1424-fbfd-4bdf-9320-a0cc315457d9.root 382229 [305,299,306,300,301,304,307,298,302,308,303]
/store/data/Run2024F/ParkingLLP/RAW/v1/000/382/229/00000/ce52b6be-0e8a-4117-8d76-5e42b31fcf67.root 382229 [181,184,177,178,179,174,180,182,176,183,175]
/store/data/Run2024F/ParkingLLP/RAW/v1/000/382/229/00000/d0158c7f-28c6-4490-b9fa-0f83df8b5a8b.root 382229 [277,278,279,283,284,276,281,280,285,286,282]
/store/data/Run2024F/ParkingLLP/RAW/v1/000/382/229/00000/d64f02b9-ffb3-4ca8-88ef-2820217f6775.root 382229 [31,35,39,41,38,32,34,40,33,36,30,37]
/store/data/Run2024F/ParkingLLP/RAW/v1/000/382/229/00000/fc98b6f8-fc23-4aee-8c5f-7d0e44c17240.root 382229 [141,143,148,149,145,146,144,147,150,140,142]
/store/data/Run2024F/ParkingLLP/RAW/v1/000/382/250/00000/00376352-1058-4886-86a3-e0d6415cf109.root 382250 [157,158,159]
/store/data/Run2024F/ParkingLLP/RAW/v1/000/382/250/00000/007603fe-bb7b-425d-9840-44613a601871.root 382250 [573,574,572]
/store/data/Run2024F/ParkingLLP/RAW/v1/000/382/250/00000/00afbf4b-c3b4-42d6-a399-8ae3ea2fe426.root 382250 [407,408,406]
/store/data/Run2024F/ParkingLLP/RAW/v1/000/382/250/00000/00f8fccc-fdc1-461e-830b-57b36ed95c82.root 382250 [234,232,233]
/store/data/Run2024F/ParkingLLP/RAW/v1/000/382/250/00000/0158b1d9-eed9-47ce-bbde-e067ec5cf3ba.root 382250 [435,434,433]
/store/data/Run2024F/ParkingLLP/RAW/v1/000/382/250/00000/01b8d556-7c92-49f9-9a08-270a69ee97cf.root 382250 [162,161,160]
/store/data/Run2024F/ParkingLLP/RAW/v1/000/382/250/00000/0228114f-73c3-4798-8142-31dba0c43d35.root 382250 [430,431,432]
/store/data/Run2024F/ParkingLLP/RAW/v1/000/382/250/00000/031c2d1c-87f4-482b-a170-aa3345606cad.root 382250 [276,278,277]
/store/data/Run2024F/ParkingLLP/RAW/v1/000/382/250/00000/03e91402-533b-4835-b794-0ab488de777c.root 382250 [330,329,328]
/store/data/Run2024F/ParkingLLP/RAW/v1/000/382/250/00000/05d16883-ddd1-4d71-a57c-f268f1c41aef.root 382250 [9]
/store/data/Run2024F/ParkingLLP/RAW/v1/000/382/250/00000/065d620f-18bd-46cf-959a-4dd57afe5dba.root 382250 [927,928,933,935,938,932,920,924,929,931,923,934,936,937,922,925,926,930,921]
/store/data/Run2024F/ParkingLLP/RAW/v1/000/382/250/00000/0663fbf0-d582-422d-979b-248c69e4da99.root 382250 [838,841,839,840]
/store/data/Run2024F/ParkingLLP/RAW/v1/000/382/250/00000/0763342c-8b51-4285-ba3c-ad342889e285.root 382250 [313,314,315]
/store/data/Run2024F/ParkingLLP/RAW/v1/000/382/250/00000/0826dcf5-6d9e-4dcb-bd48-eb22234ced0b.root 382250 [196,198,197]
/store/data/Run2024F/ParkingLLP/RAW/v1/000/382/250/00000/087dd2dd-f4d0-449a-9c8b-3d2ff4b8613e.root 382250 [70,62,61,64,68,69,65,66,63,67]
/store/data/Run2024F/ParkingLLP/RAW/v1/000/382/250/00000/09076038-14f6-4397-8688-274741331752.root 382250 [555,554,556]
/store/data/Run2024F/ParkingLLP/RAW/v1/000/382/250/00000/0a10ed24-ab8f-4b69-bea7-e721d4d3df98.root 382250 [749,748,750]
/store/data/Run2024F/ParkingLLP/RAW/v1/000/382/250/00000/0adb9cec-747f-40cd-b553-1c924a07aeb6.root 382250 [325,326,327]
/store/data/Run2024F/ParkingLLP/RAW/v1/000/382/250/00000/0affcd1d-747b-4bc5-83d9-af5d7a8c335c.root 382250 [694,693,695]
/store/data/Run2024F/ParkingLLP/RAW/v1/000/382/250/00000/0d3bcd28-ec6f-4715-bcfd-6ae23c5730af.root 382250 [115,111,112,113,114,116]
/store/data/Run2024F/ParkingLLP/RAW/v1/000/382/250/00000/0f2e3c48-f51d-4962-87c6-fe76f8355a07.root 382250 [636,637,635]
/store/data/Run2024F/ParkingLLP/RAW/v1/000/382/250/00000/1076ab04-d2a3-45fe-b44e-fe2b5aa52945.root 382250 [485,486,487]
/store/data/Run2024F/ParkingLLP/RAW/v1/000/382/250/00000/11b1cf31-8fd3-44e7-b021-ccf35f4d7087.root 382250 [540,541,539]
/store/data/Run2024F/ParkingLLP/RAW/v1/000/382/250/00000/124f1404-018d-419a-b8c1-7ff71899cb82.root 382250 [595,593,594]
/store/data/Run2024F/ParkingLLP/RAW/v1/000/382/250/00000/12f00cac-19bc-451e-8704-f1e2b8862c57.root 382250 [558,559,557]
/store/data/Run2024F/ParkingLLP/RAW/v1/000/382/250/00000/1397e4cb-c9c7-484c-8497-7677090abeca.root 382250 [206,205,207]
/store/data/Run2024F/ParkingLLP/RAW/v1/000/382/250/00000/1525593e-3d97-404f-a8a7-1213090d0f1f.root 382250 [489,488,490]
/store/data/Run2024F/ParkingLLP/RAW/v1/000/382/250/00000/1590f328-ce75-4d8d-811e-5ab3492e6b2e.root 382250 [252,251,250]
/store/data/Run2024F/ParkingLLP/RAW/v1/000/382/250/00000/17abde55-7594-4239-99fe-bfe84646adc9.root 382250 [256,257,258]
/store/data/Run2024F/ParkingLLP/RAW/v1/000/382/250/00000/182a3113-e248-4f1c-9a87-febd3839880d.root 382250 [760,762,761]
/store/data/Run2024F/ParkingLLP/RAW/v1/000/382/250/00000/18487fb9-f97c-4b74-9916-3a5d5d1f8613.root 382250 [461,462,463]
/store/data/Run2024F/ParkingLLP/RAW/v1/000/382/250/00000/1863a6ee-a136-40ad-bc2a-18f8a6c8f93a.root 382250 [334,336,335]
/store/data/Run2024F/ParkingLLP/RAW/v1/000/382/250/00000/18ed8807-1599-4341-964d-6519961867c0.root 382250 [756,754,755]
/store/data/Run2024F/ParkingLLP/RAW/v1/000/382/250/00000/1b0c7cd7-791a-4860-b9ca-47799c9ddd44.root 382250 [763,765,764]
/store/data/Run2024F/ParkingLLP/RAW/v1/000/382/250/00000/1bf5a159-1f72-46f7-be5f-430eb1d9e404.root 382250 [482,484,483]
/store/data/Run2024F/ParkingLLP/RAW/v1/000/382/250/00000/1d34b46f-bc7e-4cbf-adfd-58d354ed5b74.root 382250 [751,752,753]
/store/data/Run2024F/ParkingLLP/RAW/v1/000/382/250/00000/1d872718-ee22-4b26-911b-6e7cb98fcd56.root 382250 [823,825,822,824]
/store/data/Run2024F/ParkingLLP/RAW/v1/000/382/250/00000/1f65bc18-93d5-4465-9a6e-9e81d2d2affa.root 382250 [176,177,175]
/store/data/Run2024F/ParkingLLP/RAW/v1/000/382/250/00000/1f8a2015-ef3d-4331-9bd1-803faae5db18.root 382250 [733,735,734]
/store/data/Run2024F/ParkingLLP/RAW/v1/000/382/250/00000/23e1d807-19bc-4250-a2cb-9d349da92f8b.root 382250 [668,670,669]
/store/data/Run2024F/ParkingLLP/RAW/v1/000/382/250/00000/2499fa60-8a10-4007-9285-5c529e45da3a.root 382250 [504,503,505]
/store/data/Run2024F/ParkingLLP/RAW/v1/000/382/250/00000/25c7210a-f3a8-4bbf-8d94-2cec73bd2424.root 382250 [373,374,375]
/store/data/Run2024F/ParkingLLP/RAW/v1/000/382/250/00000/26ee77ef-0696-44a6-a2f2-f9ef84f31881.root 382250 [904,903,906,905]
/store/data/Run2024F/ParkingLLP/RAW/v1/000/382/250/00000/280f12e7-c223-44d2-84b0-b205b057fbdf.root 382250 [353,352,354]
/store/data/Run2024F/ParkingLLP/RAW/v1/000/382/250/00000/28e98b1e-e735-419c-9ae2-12ebe77853ce.root 382250 [321,320,319]
/store/data/Run2024F/ParkingLLP/RAW/v1/000/382/250/00000/2921cc9f-7ba1-4a3f-906c-68e08be4e9b5.root 382250 [298,299,300]
/store/data/Run2024F/ParkingLLP/RAW/v1/000/382/250/00000/2bf8882f-f03b-4ec0-a83c-177d5465ccc7.root 382250 [212,213,211]
/store/data/Run2024F/ParkingLLP/RAW/v1/000/382/250/00000/2f324e98-bdf7-40c3-ae6e-d58239223cab.root 382250 [896,895,898,897]
/store/data/Run2024F/ParkingLLP/RAW/v1/000/382/250/00000/2f99d494-7225-4033-9867-1e63bd35b70f.root 382250 [815,816,814,817]
/store/data/Run2024F/ParkingLLP/RAW/v1/000/382/250/00000/31f8295e-2f91-414e-8e80-a8322f4558ec.root 382250 [634,632,633]
/store/data/Run2024F/ParkingLLP/RAW/v1/000/382/250/00000/338380c0-010c-4981-9664-5a9fdc3fa4be.root 382250 [471,470,472]
/store/data/Run2024F/ParkingLLP/RAW/v1/000/382/250/00000/338aa4d8-66cf-427b-af5c-b1a29f77ee0e.root 382250 [343,344,345]
/store/data/Run2024F/ParkingLLP/RAW/v1/000/382/250/00000/35695405-11fd-48ca-9200-d04e8a43db37.root 382250 [879,881,878,880]
/store/data/Run2024F/ParkingLLP/RAW/v1/000/382/250/00000/358f43b0-7e33-463d-9b40-fa84273f83b7.root 382250 [32,34,35,42,45,46,23,26,29,43,50,47,48,28,39,44,25,36,38,30,24,27,31,33,41,37,40,49]
/store/data/Run2024F/ParkingLLP/RAW/v1/000/382/250/00000/35fb3a9d-fef8-45b8-97d2-ae019afd0512.root 382250 [356,357,355]
/store/data/Run2024F/ParkingLLP/RAW/v1/000/382/250/00000/37b297b5-f252-4bf9-be29-ec5f961f2857.root 382250 [210,208,209]
/store/data/Run2024F/ParkingLLP/RAW/v1/000/382/250/00000/3849e023-12a2-422b-8364-90a134032fa6.root 382250 [259,261,260]
/store/data/Run2024F/ParkingLLP/RAW/v1/000/382/250/00000/38ab9087-df49-4be6-ada5-864e0c330701.root 382250 [654,653,655]
/store/data/Run2024F/ParkingLLP/RAW/v1/000/382/250/00000/38d88235-dfcc-496b-98f9-aac6cf57f8b0.root 382250 [620,622,621]
/store/data/Run2024F/ParkingLLP/RAW/v1/000/382/250/00000/39c6a8c3-1ed8-4218-a77e-45beca5739c5.root 382250 [585,586,584]
/store/data/Run2024F/ParkingLLP/RAW/v1/000/382/250/00000/39f40f89-52b1-4737-83cd-901a662407a8.root 382250 [843,845,842,844]
/store/data/Run2024F/ParkingLLP/RAW/v1/000/382/250/00000/3adb39c8-af4b-4ad7-9abf-05310eb1a6a8.root 382250 [200,201,199]
/store/data/Run2024F/ParkingLLP/RAW/v1/000/382/250/00000/3adb80aa-df0a-4ab7-8b1f-62d5d88999c3.root 382250 [286,288,287]
/store/data/Run2024F/ParkingLLP/RAW/v1/000/382/250/00000/3b67235e-22bd-4bc7-a8b5-65714571d2fe.root 382250 [704,702,703]
/store/data/Run2024F/ParkingLLP/RAW/v1/000/382/250/00000/3c6ca831-a9a2-4b03-877e-760af6b2a8fc.root 382250 [95,94,98,93,96,97]
/store/data/Run2024F/ParkingLLP/RAW/v1/000/382/250/00000/3fdc96ff-ea20-4d72-aad1-249dd8b02922.root 382250 [697,696,698]
/store/data/Run2024F/ParkingLLP/RAW/v1/000/382/250/00000/40d86338-2752-47df-8acf-64966f4f7298.root 382250 [570,571,569]
/store/data/Run2024F/ParkingLLP/RAW/v1/000/382/250/00000/4267c4f3-5f1a-4cab-b794-2bd12c339f7b.root 382250 [263,262,264]
/store/data/Run2024F/ParkingLLP/RAW/v1/000/382/250/00000/42a78b2a-5686-45d7-b492-954e690561d9.root 382250 [726,725,724]
/store/data/Run2024F/ParkingLLP/RAW/v1/000/382/250/00000/42bf1583-1e52-4e01-9286-15a3f5dc5b06.root 382250 [888,889,890,887]
/store/data/Run2024F/ParkingLLP/RAW/v1/000/382/250/00000/43ac78bc-c61f-41b7-a8a4-2b35c9dcb8ed.root 382250 [391,393,392]
/store/data/Run2024F/ParkingLLP/RAW/v1/000/382/250/00000/445cec2f-33cc-4483-a4d7-97f137055a7c.root 382250 [371,370,372]
/store/data/Run2024F/ParkingLLP/RAW/v1/000/382/250/00000/450afdf5-852c-40a8-85c4-290943ce12a2.root 382250 [270,271,272]
/store/data/Run2024F/ParkingLLP/RAW/v1/000/382/250/00000/45f1f0bc-1021-4f7f-b9b6-bf29208ac3da.root 382250 [715,716,714]
/store/data/Run2024F/ParkingLLP/RAW/v1/000/382/250/00000/461b0ff9-f1a1-4ba8-bc3e-6fd05e26f028.root 382250 [104,100,102,101,99,103]
/store/data/Run2024F/ParkingLLP/RAW/v1/000/382/250/00000/461e6e4a-6d3c-4016-b864-a8b94ea1754f.root 382250 [275,274,273]
/store/data/Run2024F/ParkingLLP/RAW/v1/000/382/250/00000/46df825c-c26b-4ed3-87c9-3c07f5549e42.root 382250 [147,146,145]
/store/data/Run2024F/ParkingLLP/RAW/v1/000/382/250/00000/4727b938-ea2f-4280-9d54-f8fbb085fcff.root 382250 [405,403,404]
/store/data/Run2024F/ParkingLLP/RAW/v1/000/382/250/00000/47d35cb7-562c-4377-9934-5b59810ed743.root 382250 [743,744,742]
/store/data/Run2024F/ParkingLLP/RAW/v1/000/382/250/00000/48034efc-a322-4c18-8547-c4e929feadae.root 382250 [182,181,183]
/store/data/Run2024F/ParkingLLP/RAW/v1/000/382/250/00000/485cbddb-580a-4667-9e0d-c531bc46980c.root 382250 [727,729,728]
/store/data/Run2024F/ParkingLLP/RAW/v1/000/382/250/00000/487345e3-14fb-49be-b087-0ae4d0906b35.root 382250 [265,266,267]
/store/data/Run2024F/ParkingLLP/RAW/v1/000/382/250/00000/492b3c9f-b480-42e3-8490-61a28d1361d8.root 382250 [139,140,141]
/store/data/Run2024F/ParkingLLP/RAW/v1/000/382/250/00000/4c78877d-778b-4edc-938d-989f22d07ed0.root 382250 [230,229,231]
/store/data/Run2024F/ParkingLLP/RAW/v1/000/382/250/00000/4ca93eae-3626-4c95-81e4-890a437db58b.root 382250 [886,882,883,884,885]
/store/data/Run2024F/ParkingLLP/RAW/v1/000/382/250/00000/4e2306de-a917-4f10-9bea-768f110906e1.root 382250 [134,135,133,132]
/store/data/Run2024F/ParkingLLP/RAW/v1/000/382/250/00000/4eae7d08-ba00-4eb2-aee6-c79eb697ab91.root 382250 [627,628,626]
/store/data/Run2024F/ParkingLLP/RAW/v1/000/382/250/00000/50153c8e-a065-4291-867f-750371860344.root 382250 [383,384,382]
/store/data/Run2024F/ParkingLLP/RAW/v1/000/382/250/00000/525c0d93-af0a-412b-ad1a-5a802a1686e6.root 382250 [613,611,612]
/store/data/Run2024F/ParkingLLP/RAW/v1/000/382/250/00000/55891d7d-6abf-4a3e-a4b1-57453cc85848.root 382250 [575,576,577]
/store/data/Run2024F/ParkingLLP/RAW/v1/000/382/250/00000/55d06638-d8f6-4b03-b370-8283da6b5b23.root 382250 [285,284,283]
/store/data/Run2024F/ParkingLLP/RAW/v1/000/382/250/00000/56cad531-acd6-46c3-aa8a-c2883042cb5b.root 382250 [617,619,618]
/store/data/Run2024F/ParkingLLP/RAW/v1/000/382/250/00000/58dd8b60-77e5-4833-855b-625518f257bc.root 382250 [604,602,603]
/store/data/Run2024F/ParkingLLP/RAW/v1/000/382/250/00000/5b40e614-b2a1-4f22-979e-b7301022c7c7.root 382250 [218,219,217]
/store/data/Run2024F/ParkingLLP/RAW/v1/000/382/250/00000/5c2418e2-e417-4e2c-8096-a88328f4e03d.root 382250 [642,641,643]
/store/data/Run2024F/ParkingLLP/RAW/v1/000/382/250/00000/5d4ddcb1-9019-4ce7-8b4f-87d0feb5d725.root 382250 [238,239,240]
/store/data/Run2024F/ParkingLLP/RAW/v1/000/382/250/00000/5db9e532-1c4d-4592-8897-30db29a0ec25.root 382250 [515,516,517]
/store/data/Run2024F/ParkingLLP/RAW/v1/000/382/250/00000/6018fc6c-b632-4da9-bb9c-ca8534d6b874.root 382250 [781,780,779]
/store/data/Run2024F/ParkingLLP/RAW/v1/000/382/250/00000/60d16463-a574-44ec-bd97-656e3b0aaf7f.root 382250 [561,562,560]
/store/data/Run2024F/ParkingLLP/RAW/v1/000/382/250/00000/616e77a4-0141-4e3c-9a1b-ce66712f3014.root 382250 [676,675,674]
/store/data/Run2024F/ParkingLLP/RAW/v1/000/382/250/00000/6362d296-e312-4197-8f50-156bbc49c158.root 382250 [813,812,810,811]
/store/data/Run2024F/ParkingLLP/RAW/v1/000/382/250/00000/64f7dc6a-4a87-4b6f-8dea-7f481e812974.root 382250 [805,807,808,806,809]
/store/data/Run2024F/ParkingLLP/RAW/v1/000/382/250/00000/65c5d091-b71b-4bd7-82de-b5287ec0ca82.root 382250 [858,859,860,861]
/store/data/Run2024F/ParkingLLP/RAW/v1/000/382/250/00000/667ffd8d-998a-437f-a19e-2705542586ed.root 382250 [323,322,324]
/store/data/Run2024F/ParkingLLP/RAW/v1/000/382/250/00000/66c25dc3-f154-4fc1-8d1e-7cfdefc6d8d8.root 382250 [616,615,614]
/store/data/Run2024F/ParkingLLP/RAW/v1/000/382/250/00000/66c57597-9a05-4106-b18b-a3a2f16a3abc.root 382250 [414,412,413]
/store/data/Run2024F/ParkingLLP/RAW/v1/000/382/250/00000/6720c517-1430-466f-9790-2e921aae31e3.root 382250 [243,242,241]
/store/data/Run2024F/ParkingLLP/RAW/v1/000/382/250/00000/6787b55a-ead1-41c0-ba28-013db7dff492.root 382250 [685,684,683]
/store/data/Run2024F/ParkingLLP/RAW/v1/000/382/250/00000/6849fed2-b06f-4335-9cd2-d5c7bafc89d0.root 382250 [640,638,639]
/store/data/Run2024F/ParkingLLP/RAW/v1/000/382/250/00000/692387b1-9343-4ee5-9eb3-2db85278a829.root 382250 [246,244,245]
/store/data/Run2024F/ParkingLLP/RAW/v1/000/382/250/00000/6bca0981-356a-41f5-8df6-697bcedba94b.root 382250 [874,875,877,876]
/store/data/Run2024F/ParkingLLP/RAW/v1/000/382/250/00000/6d24154d-9600-47f7-a7c6-2e187c12350a.root 382250 [678,679,677]
/store/data/Run2024F/ParkingLLP/RAW/v1/000/382/250/00000/6d85d956-d7f0-424f-b073-4312f7498a43.root 382250 [835,836,837,834]
/store/data/Run2024F/ParkingLLP/RAW/v1/000/382/250/00000/6df511e0-7be2-465f-8920-c8de7bddd56e.root 382250 [549,548,550]
/store/data/Run2024F/ParkingLLP/RAW/v1/000/382/250/00000/6f134f87-964f-4070-a350-b2c073f3e101.root 382250 [451,452,453]
/store/data/Run2024F/ParkingLLP/RAW/v1/000/382/250/00000/708c5c06-5f11-4a18-a7f6-cd29a52fd7e4.root 382250 [52,55,53,56,57,59,51,58,54,60]
/store/data/Run2024F/ParkingLLP/RAW/v1/000/382/250/00000/70e60f3d-790a-4e7d-a875-1e31b55ad6f4.root 382250 [137,136,138]
/store/data/Run2024F/ParkingLLP/RAW/v1/000/382/250/00000/71cc0f2f-8965-4623-83be-1d810d2740a2.root 382250 [189,188,187]
/store/data/Run2024F/ParkingLLP/RAW/v1/000/382/250/00000/71f4e6b6-a571-44fb-8288-95d08ca825d1.root 382250 [362,361,363]
/store/data/Run2024F/ParkingLLP/RAW/v1/000/382/250/00000/7454204b-e43f-414d-8fe8-d1109341a97a.root 382250 [417,415,416]
/store/data/Run2024F/ParkingLLP/RAW/v1/000/382/250/00000/74bcb030-648e-429e-869a-0fddf4dd31f5.root 382250 [493,491,492]
/store/data/Run2024F/ParkingLLP/RAW/v1/000/382/250/00000/760624ec-170a-487d-ba8e-02b03ed5d052.root 382250 [268]
/store/data/Run2024F/ParkingLLP/RAW/v1/000/382/250/00000/76897c69-6647-4d17-86e2-c1f3945504ea.root 382250 [291,289,290]
/store/data/Run2024F/ParkingLLP/RAW/v1/000/382/250/00000/77fa2dec-75a1-4f0c-926f-5008053e3770.root 382250 [249,248,247]
/store/data/Run2024F/ParkingLLP/RAW/v1/000/382/250/00000/78bc2a60-37b4-48f0-a94a-1ae1d0c1ec97.root 382250 [446,447,445]
/store/data/Run2024F/ParkingLLP/RAW/v1/000/382/250/00000/7992851b-9091-473a-bf54-fb3709235b35.root 382250 [769,771,770,772]
/store/data/Run2024F/ParkingLLP/RAW/v1/000/382/250/00000/7e8a0085-58e1-4750-980a-e2b2c0692d5e.root 382250 [437,436,438]
/store/data/Run2024F/ParkingLLP/RAW/v1/000/382/250/00000/7f94307b-434b-4459-9bca-4ffef7a60962.root 382250 [609,610,608]
/store/data/Run2024F/ParkingLLP/RAW/v1/000/382/250/00000/7ff40221-ddc2-47dc-80fa-1f8cd082e2de.root 382250 [422,421,423]
/store/data/Run2024F/ParkingLLP/RAW/v1/000/382/250/00000/800aa81f-7855-400d-a74d-0f77f1b7a7fd.root 382250 [543,544,542]
/store/data/Run2024F/ParkingLLP/RAW/v1/000/382/250/00000/8014b403-2da8-4ed1-8630-62ba68c0ef68.root 382250 [380,379,381]
/store/data/Run2024F/ParkingLLP/RAW/v1/000/382/250/00000/806a237f-39bb-4622-a31f-ba666311330a.root 382250 [850,852,851,853]
/store/data/Run2024F/ParkingLLP/RAW/v1/000/382/250/00000/8094c06f-08ff-4fd9-91dd-3ac1fe9fee6c.root 382250 [606,607,605]
/store/data/Run2024F/ParkingLLP/RAW/v1/000/382/250/00000/80fe4476-112f-46da-a6e8-da1c4aec0bb6.root 382250 [870,873,871,872]
/store/data/Run2024F/ParkingLLP/RAW/v1/000/382/250/00000/8106fff1-6d53-4ac8-a9ed-3c65cd3ddb14.root 382250 [582,581,583]
/store/data/Run2024F/ParkingLLP/RAW/v1/000/382/250/00000/81c0687c-0a87-414b-b7f6-6c328d93d49b.root 382250 [169,170,171]
/store/data/Run2024F/ParkingLLP/RAW/v1/000/382/250/00000/8235e6b0-d37e-4cb2-a49b-6d7365237e58.root 382250 [339,338,337]
/store/data/Run2024F/ParkingLLP/RAW/v1/000/382/250/00000/82a964bb-36f4-40d8-8b0a-8e5f8e264c95.root 382250 [394,396,395]
/store/data/Run2024F/ParkingLLP/RAW/v1/000/382/250/00000/830b2022-b289-463b-8d28-4f2b1d6e6e0c.root 382250 [538,537,536]
/store/data/Run2024F/ParkingLLP/RAW/v1/000/382/250/00000/8331a981-b4ec-4a11-b17c-c708568d01e1.root 382250 [598,596,597]
/store/data/Run2024F/ParkingLLP/RAW/v1/000/382/250/00000/83c14ba6-9ca6-4ae8-98ba-d928c6867a70.root 382250 [498,499,497]
/store/data/Run2024F/ParkingLLP/RAW/v1/000/382/250/00000/83f51cfb-92d9-43c3-a27c-d34ecf85cf83.root 382250 [203,202,204]
/store/data/Run2024F/ParkingLLP/RAW/v1/000/382/250/00000/8487e571-3f8a-4639-af08-d5db91e2018e.root 382250 [531,530,532]
/store/data/Run2024F/ParkingLLP/RAW/v1/000/382/250/00000/85bae657-070c-4e95-9ca4-e67eb2a8a882.root 382250 [745,746,747]
/store/data/Run2024F/ParkingLLP/RAW/v1/000/382/250/00000/86472f4d-6bbe-4002-957f-2ef0959723fb.root 382250 [399,398,397]
/store/data/Run2024F/ParkingLLP/RAW/v1/000/382/250/00000/866bee22-2e45-4d2f-ac02-1d234bce18e7.root 382250 [730,731,732]
/store/data/Run2024F/ParkingLLP/RAW/v1/000/382/250/00000/8670093e-52e8-404d-a290-416b04bb81ea.root 382250 [7]
/store/data/Run2024F/ParkingLLP/RAW/v1/000/382/250/00000/86a5224f-3fd6-43db-bfc6-23ab45d8363e.root 382250 [192,190,191]
/store/data/Run2024F/ParkingLLP/RAW/v1/000/382/250/00000/8709e57c-f0cc-4bc6-bbbe-b64dacfb805a.root 382250 [892,894,891,893]
/store/data/Run2024F/ParkingLLP/RAW/v1/000/382/250/00000/8722892d-e5ab-471d-80e9-cb405f25d461.root 382250 [599,600,601]
/store/data/Run2024F/ParkingLLP/RAW/v1/000/382/250/00000/889dabc4-7277-4431-8887-984a755db50f.root 382250 [168,166,167]
/store/data/Run2024F/ParkingLLP/RAW/v1/000/382/250/00000/8b417617-0484-4219-b074-da06007f560d.root 382250 [304,305,306]
/store/data/Run2024F/ParkingLLP/RAW/v1/000/382/250/00000/8cb0e9fd-f6f1-44f8-af38-51208c24bc7c.root 382250 [832,831,833,830]
/store/data/Run2024F/ParkingLLP/RAW/v1/000/382/250/00000/8fe55752-5628-4001-87ad-21e8d221b639.root 382250 [457,455,454,456]
/store/data/Run2024F/ParkingLLP/RAW/v1/000/382/250/00000/8ff9ea7f-5eeb-4972-b145-fcc58f5d7f13.root 382250 [865,863,864,862]
/store/data/Run2024F/ParkingLLP/RAW/v1/000/382/250/00000/92c9177e-63ed-42ed-a342-3ccade3a1bd1.root 382250 [346,348,347]
/store/data/Run2024F/ParkingLLP/RAW/v1/000/382/250/00000/95e37524-fe9b-40ff-a1db-9aff6f2be274.root 382250 [625,623,624]
/store/data/Run2024F/ParkingLLP/RAW/v1/000/382/250/00000/97f543cf-aa0a-4a96-93fb-553bbc812a08.root 382250 [89,85,87,90,82,86,91,83,84,88,92]
/store/data/Run2024F/ParkingLLP/RAW/v1/000/382/250/00000/98151a15-3ea1-4256-b2e5-563fd17f4ba1.root 382250 [645,646,644]
/store/data/Run2024F/ParkingLLP/RAW/v1/000/382/250/00000/995c7627-813b-4561-a8b0-1848e9da7cd8.root 382250 [908,907,909,910]
/store/data/Run2024F/ParkingLLP/RAW/v1/000/382/250/00000/9a4eacf6-7306-4f1f-88d9-19c15895ecc1.root 382250 [390,388,389]
/store/data/Run2024F/ParkingLLP/RAW/v1/000/382/250/00000/9c293056-6547-4a2f-9217-6bf8484a75ca.root 382250 [590,592,591]
/store/data/Run2024F/ParkingLLP/RAW/v1/000/382/250/00000/a05b9170-b38b-4075-8ca3-e1b460591225.root 382250 [778,777,776]
/store/data/Run2024F/ParkingLLP/RAW/v1/000/382/250/00000/a229c27c-8785-425d-a66f-c480dffd16cd.root 382250 [400,401,402]
/store/data/Run2024F/ParkingLLP/RAW/v1/000/382/250/00000/a2f1d8b4-af0c-4750-b3d4-b576d5a185a0.root 382250 [316,318,317]
/store/data/Run2024F/ParkingLLP/RAW/v1/000/382/250/00000/a51acdc5-b3da-4d9b-ab29-43586eb2184c.root 382250 [152,151,153]
/store/data/Run2024F/ParkingLLP/RAW/v1/000/382/250/00000/a57e0597-b48e-4c75-8b70-35848bf28bea.root 382250 [124,126,127,128,125,129,130,131]
/store/data/Run2024F/ParkingLLP/RAW/v1/000/382/250/00000/a69ab8b7-9f5d-4722-b530-c660d32b4e3e.root 382250 [512,513,514]
/store/data/Run2024F/ParkingLLP/RAW/v1/000/382/250/00000/a792d9d7-0937-45b3-92eb-3c84c584e5fe.root 382250 [580,579,578]
/store/data/Run2024F/ParkingLLP/RAW/v1/000/382/250/00000/aa5ecb40-eee2-465f-917f-9fd270b589cb.root 382250 [342,340,341]
/store/data/Run2024F/ParkingLLP/RAW/v1/000/382/250/00000/aaac4024-4dcd-435f-b5a2-b9aa46025eef.root 382250 [185,184,186]
/store/data/Run2024F/ParkingLLP/RAW/v1/000/382/250/00000/ab012194-fb96-4873-adfd-1bcb14338f49.root 382250 [107,110,105,106,108,109]
/store/data/Run2024F/ParkingLLP/RAW/v1/000/382/250/00000/ab35a14b-a3cb-4ded-ba0a-72bd7427a628.root 382250 [193,194,195]
/store/data/Run2024F/ParkingLLP/RAW/v1/000/382/250/00000/ae532d4e-5388-4938-8972-eeaf3d0f08c5.root 382250 [522,523,521]
/store/data/Run2024F/ParkingLLP/RAW/v1/000/382/250/00000/af2fbad0-9745-4620-aa37-52bc29c6af61.root 382250 [673,671,672]
/store/data/Run2024F/ParkingLLP/RAW/v1/000/382/250/00000/af89456b-a0db-4a2a-b423-6b2b0ce76cb0.root 382250 [524,525,526]
/store/data/Run2024F/ParkingLLP/RAW/v1/000/382/250/00000/b05ed035-a23c-42b6-92e3-579cadb9ec84.root 382250 [659,661,660]
/store/data/Run2024F/ParkingLLP/RAW/v1/000/382/250/00000/b0dcaa05-c791-4204-b6cf-44d638ff1a97.root 382250 [699,701,700]
/store/data/Run2024F/ParkingLLP/RAW/v1/000/382/250/00000/b1621087-30fe-4bd5-83ae-a37c852b6b6e.root 382250 [387,385,386]
/store/data/Run2024F/ParkingLLP/RAW/v1/000/382/250/00000/b2b51406-d1ae-4f6d-9f15-27396e4827c5.root 382250 [789,790,792,791]
/store/data/Run2024F/ParkingLLP/RAW/v1/000/382/250/00000/b3a40840-375d-4607-8fb0-7bd957ba330d.root 382250 [912,913,911,914]
/store/data/Run2024F/ParkingLLP/RAW/v1/000/382/250/00000/b522c72c-991f-48cc-bd2c-c7fb136b6e17.root 382250 [519,518,520]
/store/data/Run2024F/ParkingLLP/RAW/v1/000/382/250/00000/b53cffb7-239c-4ad3-b624-5a911d79221a.root 382250 [788,785,786,787]
/store/data/Run2024F/ParkingLLP/RAW/v1/000/382/250/00000/b7b3bd28-e6ee-4f59-86d2-f7097c8de535.root 382250 [818,819,821,820]
/store/data/Run2024F/ParkingLLP/RAW/v1/000/382/250/00000/b7e23133-8d33-47b4-9584-a45b1790accf.root 382250 [468,467,469]
/store/data/Run2024F/ParkingLLP/RAW/v1/000/382/250/00000/b7fea0fa-7546-4330-8126-b63472de3be4.root 382250 [711,712,713]
/store/data/Run2024F/ParkingLLP/RAW/v1/000/382/250/00000/ba495a08-1b95-4095-ac36-42cc443d753a.root 382250 [143,144,142]
/store/data/Run2024F/ParkingLLP/RAW/v1/000/382/250/00000/bfcb99f0-0dce-4c17-ad0d-8c674feb3207.root 382250 [533,534,535]
/store/data/Run2024F/ParkingLLP/RAW/v1/000/382/250/00000/c131f288-2525-40a8-aa67-4abe26e3b9f3.root 382250 [500,502,501]
/store/data/Run2024F/ParkingLLP/RAW/v1/000/382/250/00000/c154e538-02d4-49be-88d9-c15ed6b61535.root 382250 [707,705,706]
/store/data/Run2024F/ParkingLLP/RAW/v1/000/382/250/00000/c1fb1497-2ff6-4595-abf3-0c0c894465b7.root 382250 [427,429,428]
/store/data/Run2024F/ParkingLLP/RAW/v1/000/382/250/00000/c2bff616-a356-4933-b776-5a267d609c54.root 382250 [155,156,154]
/store/data/Run2024F/ParkingLLP/RAW/v1/000/382/250/00000/c33a4e84-9673-4a5a-891c-d7da03b9aaf5.root 382250 [511,509,510]
/store/data/Run2024F/ParkingLLP/RAW/v1/000/382/250/00000/c485f8f5-3ffc-4656-9ae5-8fcd89f8d5fe.root 382250 [5]
/store/data/Run2024F/ParkingLLP/RAW/v1/000/382/250/00000/c5f5789b-5fdf-411e-b27d-66e672e11270.root 382250 [688,689,686,687]
/store/data/Run2024F/ParkingLLP/RAW/v1/000/382/250/00000/c651cdfa-2275-4c3e-939d-c41792ef0892.root 382250 [311,310,312]
/store/data/Run2024F/ParkingLLP/RAW/v1/000/382/250/00000/c70c6491-dbbf-4422-bf07-75b74019ff05.root 382250 [444,442,443]
/store/data/Run2024F/ParkingLLP/RAW/v1/000/382/250/00000/c71b050c-cc0c-47c3-a875-b59ca541dbeb.root 382250 [119,122,117,120,123,118,121]
/store/data/Run2024F/ParkingLLP/RAW/v1/000/382/250/00000/c766344c-31f3-4711-9882-e90ef9141f84.root 382250 [173,172,174]
/store/data/Run2024F/ParkingLLP/RAW/v1/000/382/250/00000/c8dd3d01-3ec2-4f5c-bfc3-3bb9155925cc.root 382250 [565,564,563]
/store/data/Run2024F/ParkingLLP/RAW/v1/000/382/250/00000/c93d9a9b-7389-423a-9bc0-2e0bd71beacb.root 382250 [78,81,71,73,75,77,74,76,80,72,79]
/store/data/Run2024F/ParkingLLP/RAW/v1/000/382/250/00000/c9f761a6-4391-46eb-a615-5b851b239dbe.root 382250 [495,494,496]
/store/data/Run2024F/ParkingLLP/RAW/v1/000/382/250/00000/ca26db49-ba52-43ea-805a-147921ec509a.root 382250 [409,410,411]
/store/data/Run2024F/ParkingLLP/RAW/v1/000/382/250/00000/cc0daa11-7d7c-428e-8f3c-e76d1b65ba58.root 382250 [720,721,722,723]
/store/data/Run2024F/ParkingLLP/RAW/v1/000/382/250/00000/cd279181-b3ec-45e2-b5cc-c8b6bcf0870e.root 382250 [459,458,460]
/store/data/Run2024F/ParkingLLP/RAW/v1/000/382/250/00000/cdb955dd-1896-4870-a3cb-d58ac7dd214a.root 382250 [308,309,307]
/store/data/Run2024F/ParkingLLP/RAW/v1/000/382/250/00000/cf5ddd1e-a700-4dae-a523-1a9ea6ff3d63.root 382250 [331,333,332]
/store/data/Run2024F/ParkingLLP/RAW/v1/000/382/250/00000/cfb3fda0-a72e-46eb-bd2e-43e432370b3e.root 382250 [666,667,665]
/store/data/Run2024F/ParkingLLP/RAW/v1/000/382/250/00000/d0c3a1b2-25f0-460a-98bf-a586a83ef3f9.root 382250 [708,709,710]
/store/data/Run2024F/ParkingLLP/RAW/v1/000/382/250/00000/d21258bc-3e32-48ec-8136-8f877a0db446.root 382250 [915,917,918,916,919]
/store/data/Run2024F/ParkingLLP/RAW/v1/000/382/250/00000/d3a18cbe-05cd-49a5-aa9c-d915b3ce8fe1.root 382250 [508,506,507]
/store/data/Run2024F/ParkingLLP/RAW/v1/000/382/250/00000/d406b1a2-0149-4d36-accc-c6290ef8f810.root 382250 [854,856,855,857]
/store/data/Run2024F/ParkingLLP/RAW/v1/000/382/250/00000/d8113383-2fc2-4667-b132-ce54ce80733d.root 382250 [847,848,846,849]
/store/data/Run2024F/ParkingLLP/RAW/v1/000/382/250/00000/d821d169-1459-4f2a-bab0-9d2d071bfcac.root 382250 [768,766,767]
/store/data/Run2024F/ParkingLLP/RAW/v1/000/382/250/00000/d8c545dd-a4b4-41af-9935-672f2db92f03.root 382250 [280,279,281,282]
/store/data/Run2024F/ParkingLLP/RAW/v1/000/382/250/00000/d8d81e1f-d886-416c-a656-25dbd1e73808.root 382250 [303,301,302]
/store/data/Run2024F/ParkingLLP/RAW/v1/000/382/250/00000/da91fa62-a519-4c7f-99ea-00cc2a7bf0c6.root 382250 [296,297,295]
/store/data/Run2024F/ParkingLLP/RAW/v1/000/382/250/00000/dae37543-0bd7-4b60-86e2-75e461860cee.root 382250 [215,214,216]
/store/data/Run2024F/ParkingLLP/RAW/v1/000/382/250/00000/dc0d492f-4c94-40e7-beb3-c5e86b76a252.root 382250 [425,426,424]
/store/data/Run2024F/ParkingLLP/RAW/v1/000/382/250/00000/de4f714c-d894-4690-8ea1-fcde8051a118.root 382250 [358,359,360]
/store/data/Run2024F/ParkingLLP/RAW/v1/000/382/250/00000/deed2729-26d7-40fa-8e1e-aef89d4e4ee6.root 382250 [179,180,178]
/store/data/Run2024F/ParkingLLP/RAW/v1/000/382/250/00000/df4c6f08-49d6-44dc-b18c-97416fe50876.root 382250 [690,691,692]
/store/data/Run2024F/ParkingLLP/RAW/v1/000/382/250/00000/e1735b03-6e4e-423f-a7ae-4ed6ed315028.root 382250 [551,553,552]
/store/data/Run2024F/ParkingLLP/RAW/v1/000/382/250/00000/e2ccf7e7-581d-45f1-bbdd-687d9bbc3816.root 382250 [718,717,719]
/store/data/Run2024F/ParkingLLP/RAW/v1/000/382/250/00000/e40b0109-ffd6-4492-9b29-726f80690fd4.root 382250 [657,656,658]
/store/data/Run2024F/ParkingLLP/RAW/v1/000/382/250/00000/e4daac9e-63d1-43d0-9822-2b6ee1efa758.root 382250 [235,236,237]
/store/data/Run2024F/ParkingLLP/RAW/v1/000/382/250/00000/e8189faf-af57-4749-87fe-35e0e73b2f78.root 382250 [900,899,901,902]
/store/data/Run2024F/ParkingLLP/RAW/v1/000/382/250/00000/e8c82421-2d75-481d-90fa-6f6168d0a599.root 382250 [18,17]
/store/data/Run2024F/ParkingLLP/RAW/v1/000/382/250/00000/e8cb65fb-f9de-48aa-a0c0-0b2745c07547.root 382250 [758,759,757]
/store/data/Run2024F/ParkingLLP/RAW/v1/000/382/250/00000/e9b607c4-61f4-4438-91de-c20eda72f4f2.root 382250 [774,773,775]
/store/data/Run2024F/ParkingLLP/RAW/v1/000/382/250/00000/e9e09b7d-7457-4372-b145-6887925a72bb.root 382250 [588,587,589]
/store/data/Run2024F/ParkingLLP/RAW/v1/000/382/250/00000/ea171dfd-a2e8-4449-bd51-85c7ea3e5c5c.root 382250 [651,650,652]
/store/data/Run2024F/ParkingLLP/RAW/v1/000/382/250/00000/ea40fcec-02e0-4f76-a6a0-0d08c1e3465f.root 382250 [782,784,783]
/store/data/Run2024F/ParkingLLP/RAW/v1/000/382/250/00000/ea4754a9-01aa-4a0f-bdb1-982fb54c738b.root 382250 [150,149,148]
/store/data/Run2024F/ParkingLLP/RAW/v1/000/382/250/00000/ea533e95-38af-40f2-a1c2-e2a1040993bd.root 382250 [868,867,869,866]
/store/data/Run2024F/ParkingLLP/RAW/v1/000/382/250/00000/eb1ced84-2c62-4fc5-9e42-95db10fb8e4b.root 382250 [223,224,225]
/store/data/Run2024F/ParkingLLP/RAW/v1/000/382/250/00000/eef060d1-2f13-4fd2-87ea-28d764812736.root 382250 [481,479,480]
/store/data/Run2024F/ParkingLLP/RAW/v1/000/382/250/00000/f01fb797-9273-4b93-bb50-a41bffe13d50.root 382250 [793,795,796,794]
/store/data/Run2024F/ParkingLLP/RAW/v1/000/382/250/00000/f1c628d2-04cc-40c9-b1e9-2df793e48e84.root 382250 [294,293,292]
/store/data/Run2024F/ParkingLLP/RAW/v1/000/382/250/00000/f2fa77cb-e587-4e60-a544-bcc390ca8690.root 382250 [349,350,351]
/store/data/Run2024F/ParkingLLP/RAW/v1/000/382/250/00000/f3d455c9-0334-4f9b-9bcb-c4f92a8e2c62.root 382250 [797,798,799,800]
/store/data/Run2024F/ParkingLLP/RAW/v1/000/382/250/00000/f426b78c-42c0-45bf-a218-b0744e0f7d5b.root 382250 [803,804,802,801]
/store/data/Run2024F/ParkingLLP/RAW/v1/000/382/250/00000/f502aa9d-5205-4297-8afb-0e9d04f4bb3b.root 382250 [420,418,419]
/store/data/Run2024F/ParkingLLP/RAW/v1/000/382/250/00000/f5714ca6-07b4-421a-b3bb-2b78e19b922c.root 382250 [165,163,164]
/store/data/Run2024F/ParkingLLP/RAW/v1/000/382/250/00000/f6312c65-2ee8-40be-a7b6-e74d68c8b25d.root 382250 [527,529,528]
/store/data/Run2024F/ParkingLLP/RAW/v1/000/382/250/00000/f6845b53-c40e-4e6b-bad6-2d55ccf3370d.root 382250 [474,475,473]
/store/data/Run2024F/ParkingLLP/RAW/v1/000/382/250/00000/f6b92be3-7e79-428f-abfa-8b73fc81b3dd.root 382250 [546,545,547]
/store/data/Run2024F/ParkingLLP/RAW/v1/000/382/250/00000/f6e4eed2-536a-4d54-bbc7-abac57f68fbf.root 382250 [365,366,364]
/store/data/Run2024F/ParkingLLP/RAW/v1/000/382/250/00000/f7bf41a0-c8a4-4551-bc4e-f07b56a84038.root 382250 [567,566,568]
/store/data/Run2024F/ParkingLLP/RAW/v1/000/382/250/00000/f870a37f-ea71-4d4d-b267-97d5fbc33d2a.root 382250 [629,630,631]
/store/data/Run2024F/ParkingLLP/RAW/v1/000/382/250/00000/f92d7fc5-6083-4186-8c67-5ab12e8f4c8f.root 382250 [477,478,476]
/store/data/Run2024F/ParkingLLP/RAW/v1/000/382/250/00000/fb8ad1f7-1e9b-400f-a638-1b76ce0adb07.root 382250 [439,440,441]
/store/data/Run2024F/ParkingLLP/RAW/v1/000/382/250/00000/fba74007-2b06-4988-be54-f376008a302c.root 382250 [738,736,737]
/store/data/Run2024F/ParkingLLP/RAW/v1/000/382/250/00000/fc413a05-fac2-4655-a6cc-f9bc340ba644.root 382250 [740,739,741]
/store/data/Run2024F/ParkingLLP/RAW/v1/000/382/250/00000/fcb7a1b0-455d-4a16-8d4e-a971d077b554.root 382250 [228,226,227]
/store/data/Run2024F/ParkingLLP/RAW/v1/000/382/250/00000/fce3002a-5b79-4199-85db-767e911f3c0e.root 382250 [221,222,220]
/store/data/Run2024F/ParkingLLP/RAW/v1/000/382/250/00000/fd7713b2-c268-4213-9d15-4fdb3f486864.root 382250 [377,378,376]
/store/data/Run2024F/ParkingLLP/RAW/v1/000/382/250/00000/fde8a123-8a71-423d-a563-e4ba048b3035.root 382250 [253,254,255]
/store/data/Run2024F/ParkingLLP/RAW/v1/000/382/250/00000/fdf7a879-4c67-401c-a5cd-f7bce5f2409f.root 382250 [464,466,465]
/store/data/Run2024F/ParkingLLP/RAW/v1/000/382/250/00000/fe0ba368-de8a-461b-af90-29206ee563b9.root 382250 [681,682,680]
/store/data/Run2024F/ParkingLLP/RAW/v1/000/382/250/00000/fe11c550-bd26-48b1-ad7d-e6fa1c07fce4.root 382250 [826,827,829,828]
/store/data/Run2024F/ParkingLLP/RAW/v1/000/382/250/00000/fe2c66a3-f788-4803-974c-4f0cc64c6b06.root 382250 [368,369,367]
/store/data/Run2024F/ParkingLLP/RAW/v1/000/382/250/00000/feb39b6c-58c0-41ca-b9e2-88f8ff6ecb12.root 382250 [448,449,450]
/store/data/Run2024F/ParkingLLP/RAW/v1/000/382/250/00000/fef2e9d8-b095-446a-9710-4b46424391da.root 382250 [648,649,647]
/store/data/Run2024F/ParkingLLP/RAW/v1/000/382/250/00000/ffc00a01-300e-4134-bd18-d16e06bfa78a.root 382250 [662,663,664]
