/store/data/Run2016H/HLTPhysics/RAW/v1/000/283/877/00000/02E73F68-959B-E611-AF58-02163E0139B3.root [711,717,725,732,716,712,729,718,719,720,723,727,728,713,721,722,724,726,733,715,730,731,714,734]
/store/data/Run2016H/HLTPhysics/RAW/v1/000/283/877/00000/149B8A7A-959B-E611-80E6-FA163E9EEF8B.root [803,804,812,819,825,828,829,835,802,814,817,821,827,833,806,808,809,815,824,810,813,830,837,839,840,807,811,818,831,823,805,816,822,826,832,836,820,834,838]
/store/data/Run2016H/HLTPhysics/RAW/v1/000/283/877/00000/1C3A9947-909B-E611-9334-02163E0144B1.root [135,139,142,146,150,147,134,148,154,137,144,145,155,149,152,136,140,141,151,138,143,153]
/store/data/Run2016H/HLTPhysics/RAW/v1/000/283/877/00000/20A8B144-909B-E611-BAB5-FA163E4C308B.root [49,56,57,52,62,67,46,50,66,47,55,59,63,64,65,54,58,45,48,51,53,60,61]
/store/data/Run2016H/HLTPhysics/RAW/v1/000/283/877/00000/227CCDDE-C29B-E611-ADE5-02163E013566.root [1428,1432,1435,1436,1437,1444,1451,1417,1442,1443,1448,1419,1446,1447,1452,1424,1427,1429,1431,1445,1449,1430,1433,1438,1440,1418,1421,1422,1420,1423,1425,1426,1441,1450,1453,1434,1439]
/store/data/Run2016H/HLTPhysics/RAW/v1/000/283/877/00000/26270260-959B-E611-9FA7-02163E011DD8.root [422,428,444,424,434,438,421,430,431,435,437,440,443,453,425,433,447,450,439,441,448,449,452,429,442,445,451,423,426,427,432,436,446,454]
/store/data/Run2016H/HLTPhysics/RAW/v1/000/283/877/00000/289C2B74-959B-E611-8E5C-FA163EBD0AF5.root [759,765,779,780,786,794,801,764,767,774,798,763,768,770,777,778,782,792,766,771,789,795,761,772,773,785,791,796,799,762,783,788,760,775,776,790,793,800,769,781,784,787,797]
/store/data/Run2016H/HLTPhysics/RAW/v1/000/283/877/00000/28D58608-9A9B-E611-BC7B-02163E01478C.root [1304,1306,1323,1324,1325,1328,1336,1298,1322,1326,1299,1311,1318,1330,1338,1340,1305,1308,1315,1317,1319,1321,1341,1342,1313,1334,1337,1312,1316,1327,1301,1302,1303,1307,1309,1310,1314,1320,1329,1333,1300,1331,1332,1335,1339]
/store/data/Run2016H/HLTPhysics/RAW/v1/000/283/877/00000/368B4C60-959B-E611-913B-02163E011EAC.root [595,596,599,601,604,611,612,592,606,603,610,591,593,598,600,602,594,609,608,597,605,607]
/store/data/Run2016H/HLTPhysics/RAW/v1/000/283/877/00000/38218E77-959B-E611-B9B9-02163E011C54.root [615,629,613,623,626,630,633,614,627,632,634,617,620,624,631,636,616,622,635,618,619,621,625,628]
/store/data/Run2016H/HLTPhysics/RAW/v1/000/283/877/00000/38488686-999B-E611-8CDD-FA163E55A430.root [1011,1032,1019,1025,1034,1038,1006,1017,1008,1009,1013,1024,1028,1035,1037,1012,1033,1005,1007,1014,1029,1031,1000,1003,1004,1010,1018,1021,1023,1026,1030,999,1001,1002,1015,1016,1020,1022,1027,1036,1039]
/store/data/Run2016H/HLTPhysics/RAW/v1/000/283/877/00000/42E3CB4F-909B-E611-A529-02163E0139B0.root [76,80,86,87,74,75,82,83,88,69,71,81,85,89,68,77,70,72,79,73,78,84]
/store/data/Run2016H/HLTPhysics/RAW/v1/000/283/877/00000/4600D05C-959B-E611-81D8-FA163E56D745.root [497,501,479,481,495,480,487,496,498,486,488,493,478,485,489,491,492,500,490,484,494,499,482,483]
/store/data/Run2016H/HLTPhysics/RAW/v1/000/283/877/00000/546EDF62-959B-E611-A577-02163E0120BF.root [662,664,667,670,685,675,683,679,674,680,663,665,666,676,677,672,673,678,681,669,682,686,668,671,684]
/store/data/Run2016H/HLTPhysics/RAW/v1/000/283/877/00000/569D5C4B-909B-E611-8651-02163E011E14.root [32,34,24,29,33,35,38,39,44,23,36,42,27,28,25,26,37,31,40,41,43,30]
/store/data/Run2016H/HLTPhysics/RAW/v1/000/283/877/00000/5C55435B-959B-E611-B9DE-FA163E2C04B3.root [404,406,413,399,401,402,405,415,416,419,403,409,408,410,411,400,412,417,414,418,407,420]
/store/data/Run2016H/HLTPhysics/RAW/v1/000/283/877/00000/5C85E395-999B-E611-8243-02163E011EF4.root [919,930,929,932,939,944,948,954,937,946,921,923,927,934,938,941,952,955,956,931,940,942,920,924,925,933,945,947,953,922,928,943,949,935,936,950,951,926,957,958]
/store/data/Run2016H/HLTPhysics/RAW/v1/000/283/877/00000/60C53261-959B-E611-8046-02163E0138F1.root [369,366,371,375,356,358,373,363,376,368,355,359,362,364,365,367,370,372,374,357,361,360]
/store/data/Run2016H/HLTPhysics/RAW/v1/000/283/877/00000/62A14C19-959B-E611-AF92-02163E013969.root [241,234,242,224,230,244,237,243,226,232,228,223,227,229,231,233,240,225,235,236,238,239]
/store/data/Run2016H/HLTPhysics/RAW/v1/000/283/877/00000/64590DD1-999B-E611-8148-02163E011C1E.root [1260,1263,1269,1275,1279,1281,1283,1286,1288,1255,1262,1267,1287,1268,1278,1280,1256,1259,1261,1264,1271,1282,1291,1292,1295,1270,1284,1265,1273,1277,1285,1289,1297,1257,1266,1272,1274,1294,1296,1254,1258,1276,1290,1293]
/store/data/Run2016H/HLTPhysics/RAW/v1/000/283/877/00000/66B7655E-959B-E611-A905-02163E011CBF.root [649,652,656,657,643,645,650,660,661,638,639,641,659,658,640,651,653,654,637,644,647,655,642,646,648]
/store/data/Run2016H/HLTPhysics/RAW/v1/000/283/877/00000/6A413466-959B-E611-A016-02163E012A19.root [507,512,513,516,502,510,515,523,514,503,520,508,509,511,519,521,506,518,522,504,505,517]
/store/data/Run2016H/HLTPhysics/RAW/v1/000/283/877/00000/6ADC7D4F-959B-E611-A0F3-02163E014187.root [335,345,350,353,349,352,343,346,347,333,348,336,340,351,341,334,337,338,354,339,342,344]
/store/data/Run2016H/HLTPhysics/RAW/v1/000/283/877/00000/76632278-999B-E611-8C01-FA163EBCC1D3.root [900,885,897,910,890,898,904,894,903,886,887,888,895,902,905,916,918,882,884,889,893,912,914,880,892,899,901,906,908,911,913,915,917,881,883,891,896,907,909]
/store/data/Run2016H/HLTPhysics/RAW/v1/000/283/877/00000/7A3D8EDC-C29B-E611-9F14-02163E013413.root [1382,1385,1401,1405,1411,1387,1395,1407,1380,1393,1394,1402,1412,1413,1383,1384,1399,1403,1406,1409,1416,1388,1400,1390,1391,1392,1397,1398,1404,1408,1410,1381,1386,1389,1396,1414,1415]
/store/data/Run2016H/HLTPhysics/RAW/v1/000/283/877/00000/861BF671-959B-E611-8167-02163E014210.root [535,544,534,541,545,525,530,537,538,528,529,533,539,531,542,543,527,532,536,546,526,540,524]
/store/data/Run2016H/HLTPhysics/RAW/v1/000/283/877/00000/86707737-959B-E611-B0D6-02163E014739.root [267,276,277,272,280,285,286,279,269,274,281,278,284,270,273,275,282,271,287,288,268,283]
/store/data/Run2016H/HLTPhysics/RAW/v1/000/283/877/00000/8C2F8B4A-909B-E611-816A-02163E011971.root [161,164,174,163,167,168,157,165,166,170,171,156,162,177,160,169,176,173,175,159,158,172]
/store/data/Run2016H/HLTPhysics/RAW/v1/000/283/877/00000/8C378048-909B-E611-8B93-02163E01438F.root [18,1,15,2,6,7,20,22,5,10,11,13,16,17,3,4,14,19,21,8,9,12]
/store/data/Run2016H/HLTPhysics/RAW/v1/000/283/877/00000/8E9DA895-999B-E611-A5F6-FA163E729705.root [1179,1199,1168,1173,1175,1189,1192,1194,1204,1170,1181,1184,1188,1190,1195,1198,1203,1178,1183,1200,1201,1167,1171,1172,1182,1202,1210,1169,1185,1186,1187,1191,1193,1207,1176,1177,1196,1208,1174,1180,1197,1205,1206,1209]
/store/data/Run2016H/HLTPhysics/RAW/v1/000/283/877/00000/9280597A-959B-E611-BF71-FA163E8CA761.root [846,847,866,870,854,862,874,844,868,876,843,852,857,858,865,875,842,850,869,871,879,855,859,863,864,872,877,841,845,851,853,860,861,878,848,849,856,867,873]
/store/data/Run2016H/HLTPhysics/RAW/v1/000/283/877/00000/98EDD715-959B-E611-9432-02163E01250F.root [205,209,210,211,216,220,221,222,212,213,215,219,201,204,207,206,214,218,202,203,208,217]
/store/data/Run2016H/HLTPhysics/RAW/v1/000/283/877/00000/98FD1964-959B-E611-B8DF-02163E014186.root [700,701,687,696,698,703,705,690,688,704,693,694,699,702,706,689,692,695,707,708,709,710,691,697]
/store/data/Run2016H/HLTPhysics/RAW/v1/000/283/877/00000/AA5B0D6A-959B-E611-BDC6-02163E01420C.root [738,742,745,747,757,758,744,750,754,748,735,737,741,743,751,752,739,740,746,749,755,736,753,756]
/store/data/Run2016H/HLTPhysics/RAW/v1/000/283/877/00000/B458D898-999B-E611-9F6A-02163E011B49.root [1084,1090,1091,1106,1120,1099,1104,1115,1124,1086,1107,1122,1092,1094,1100,1103,1116,1109,1111,1117,1118,1121,1093,1095,1096,1098,1108,1119,1083,1085,1087,1088,1089,1101,1105,1110,1113,1097,1102,1112,1114,1123]
/store/data/Run2016H/HLTPhysics/RAW/v1/000/283/877/00000/BC22349F-C49B-E611-BE51-02163E01444A.root [1455,1459,1463,1483,1489,1490,1493,1497,1461,1472,1482,1465,1469,1473,1474,1481,1485,1458,1467,1495,1456,1457,1460,1468,1476,1486,1492,1498,1454,1484,1487,1488,1494,1499,1466,1475,1479,1496,1462,1464,1470,1471,1477,1478,1480,1491]
/store/data/Run2016H/HLTPhysics/RAW/v1/000/283/877/00000/BE121F6F-959B-E611-A781-02163E0144CE.root [456,460,462,463,473,474,461,464,465,470,457,467,472,475,459,458,466,471,476,477,455,469,468]
/store/data/Run2016H/HLTPhysics/RAW/v1/000/283/877/00000/BE7BE22E-959B-E611-8225-02163E014781.root [251,257,266,247,248,258,259,260,264,246,262,249,253,261,263,256,265,254,255,245,250,252]
/store/data/Run2016H/HLTPhysics/RAW/v1/000/283/877/00000/C44F7A5D-959B-E611-9EE3-FA163E9F0369.root [548,551,562,564,566,547,549,550,553,554,555,558,552,559,561,567,560,563,565,568,556,557]
/store/data/Run2016H/HLTPhysics/RAW/v1/000/283/877/00000/C6FA1D3A-959B-E611-A72C-02163E01354D.root [311,330,312,314,320,325,328,317,318,323,327,331,313,315,322,326,332,319,321,324,329,316]
/store/data/Run2016H/HLTPhysics/RAW/v1/000/283/877/00000/CE94E534-959B-E611-8058-02163E01414E.root [289,290,294,298,300,299,303,304,307,309,302,292,310,293,296,297,306,295,301,305,291,308]
/store/data/Run2016H/HLTPhysics/RAW/v1/000/283/877/00000/CED78F47-909B-E611-8411-02163E014416.root [112,119,121,113,114,118,126,128,129,130,131,117,132,120,125,116,127,124,115,122,123,133]
/store/data/Run2016H/HLTPhysics/RAW/v1/000/283/877/00000/D0CD3FE0-C29B-E611-B8ED-02163E013464.root [1350,1362,1367,1355,1357,1363,1371,1374,1375,1345,1348,1352,1360,1368,1364,1379,1344,1349,1353,1376,1377,1378,1346,1351,1356,1365,1366,1372,1347,1369,1370,1373,1343,1354,1358,1359,1361]
/store/data/Run2016H/HLTPhysics/RAW/v1/000/283/877/00000/D8DC4C49-909B-E611-BC9E-02163E0136CD.root [183,195,186,199,180,181,185,196,184,188,189,178,179,190,191,192,193,200,197,198,182,187,194]
/store/data/Run2016H/HLTPhysics/RAW/v1/000/283/877/00000/DE2FF796-999B-E611-A204-FA163E8CA761.root [1040,1077,1056,1057,1061,1068,1070,1075,1062,1066,1073,1044,1048,1050,1052,1069,1072,1078,1046,1055,1059,1074,1079,1041,1042,1047,1051,1053,1054,1064,1082,1045,1049,1058,1060,1071,1081,1043,1063,1065,1067,1076,1080]
/store/data/Run2016H/HLTPhysics/RAW/v1/000/283/877/00000/DE4E9B4B-909B-E611-8803-02163E013534.root [102,104,94,105,106,107,95,109,111,91,97,96,98,101,108,90,92,103,110,93,99,100]
/store/data/Run2016H/HLTPhysics/RAW/v1/000/283/877/00000/E0821361-959B-E611-BC60-02163E0119E0.root [380,386,388,397,378,392,396,383,395,398,382,384,387,391,377,379,381,389,390,394,385,393]
/store/data/Run2016H/HLTPhysics/RAW/v1/000/283/877/00000/E6D5628C-999B-E611-8854-02163E012251.root [959,963,977,983,984,989,992,965,966,967,971,976,978,982,998,964,975,985,968,974,980,986,993,969,972,973,996,960,962,981,987,988,991,994,995,997,979,961,970,990]
/store/data/Run2016H/HLTPhysics/RAW/v1/000/283/877/00000/EACF5464-959B-E611-8548-02163E011D03.root [589,570,573,579,583,576,578,580,585,587,575,577,586,590,571,572,574,581,582,588,569,584]
/store/data/Run2016H/HLTPhysics/RAW/v1/000/283/877/00000/F28F8896-999B-E611-93D8-02163E013706.root [1137,1143,1146,1150,1152,1162,1128,1129,1134,1154,1161,1163,1165,1131,1132,1151,1153,1158,1125,1136,1139,1147,1160,1138,1142,1144,1166,1127,1130,1140,1145,1159,1148,1149,1156,1157,1164,1126,1133,1135,1141,1155]
/store/data/Run2016H/HLTPhysics/RAW/v1/000/283/877/00000/F40703A7-999B-E611-9892-FA163EE3E105.root [1219,1225,1230,1233,1234,1231,1237,1238,1242,1243,1253,1232,1249,1250,1213,1217,1218,1224,1227,1240,1241,1245,1247,1216,1221,1246,1251,1214,1215,1228,1235,1212,1220,1222,1223,1226,1229,1236,1248,1252,1211,1239,1244]
