/store/data/Run2024C/DisplacedJet/RAW/v1/000/379/416/00000/051c250b-0521-47d0-a36e-6de06baca64c.root 379416 [223,227,224,225,226]
/store/data/Run2024C/DisplacedJet/RAW/v1/000/379/416/00000/0679c1fe-ea91-4145-91f1-895cd4a33b14.root 379416 [69,72,73,71,70]
/store/data/Run2024C/DisplacedJet/RAW/v1/000/379/416/00000/09aeea9e-91cb-4722-8e0e-adbfcbb58b22.root 379416 [146,145,149,147,148]
/store/data/Run2024C/DisplacedJet/RAW/v1/000/379/416/00000/0f4184c9-fb08-40c1-882f-bac5a106e960.root 379416 [65,66,64,67,68,63]
/store/data/Run2024C/DisplacedJet/RAW/v1/000/379/416/00000/1887b222-864d-442a-9a99-48804a9a3db8.root 379416 [1,10,16,20,13,5,7,14,15,6,8,18,2,3,11,17,19,9,4,12]
/store/data/Run2024C/DisplacedJet/RAW/v1/000/379/416/00000/1a25e3ce-76f1-4b24-9776-fcad84e5aad2.root 379416 [114,115,113,111,112]
/store/data/Run2024C/DisplacedJet/RAW/v1/000/379/416/00000/21c72675-c2b5-49db-9e44-3300be09d168.root 379416 [109,110,107,105,108,106]
/store/data/Run2024C/DisplacedJet/RAW/v1/000/379/416/00000/27d7c40d-bff5-45bf-948e-5560fff7fbeb.root 379416 [95,97,98,96,94,93]
/store/data/Run2024C/DisplacedJet/RAW/v1/000/379/416/00000/28483ff1-e0aa-486d-be02-67e3077b2db3.root 379416 [217,213,214,215,216]
/store/data/Run2024C/DisplacedJet/RAW/v1/000/379/416/00000/2ed3a959-cbd3-45bf-8161-061b2e2b140b.root 379416 [142,144,141,140,143]
/store/data/Run2024C/DisplacedJet/RAW/v1/000/379/416/00000/33961278-24cd-4bcf-ba8c-9a40d3f68812.root 379416 [181,182,185,183,184]
/store/data/Run2024C/DisplacedJet/RAW/v1/000/379/416/00000/35ec8cd8-3ed7-4920-ab78-80f636b75640.root 379416 [127,126,125,128,129]
/store/data/Run2024C/DisplacedJet/RAW/v1/000/379/416/00000/3716498a-2261-4143-9ab3-d29996297d11.root 379416 [57,59,61,60,62,58]
/store/data/Run2024C/DisplacedJet/RAW/v1/000/379/416/00000/38c4ceb6-48df-4338-98af-6e526d9f6e87.root 379416 [45,47,48,39,43,44,41,42,40,46]
/store/data/Run2024C/DisplacedJet/RAW/v1/000/379/416/00000/3f90d084-bcde-4858-84ca-59f8699f7db8.root 379416 [220,221,218,219,222]
/store/data/Run2024C/DisplacedJet/RAW/v1/000/379/416/00000/4157508e-bc70-4cb2-9747-7fa187865efa.root 379416 [88,92,89,87,90,91]
/store/data/Run2024C/DisplacedJet/RAW/v1/000/379/416/00000/499990b4-65e1-4ae5-8b85-79ee93706814.root 379416 [99,103,101,102,100,104]
/store/data/Run2024C/DisplacedJet/RAW/v1/000/379/416/00000/4c396363-f338-4d08-97ea-792610a69a04.root 379416 [175,176,173,174]
/store/data/Run2024C/DisplacedJet/RAW/v1/000/379/416/00000/4e9d8c1f-7820-4740-9876-ead7a5f48886.root 379416 [210,211,212,209,208]
/store/data/Run2024C/DisplacedJet/RAW/v1/000/379/416/00000/60f1fa53-4bb2-4057-89cf-4c18de6d4340.root 379416 [116,117,119,118]
/store/data/Run2024C/DisplacedJet/RAW/v1/000/379/416/00000/66e40400-b376-4e0d-a58a-7f251c509d6f.root 379416 [172,169,170,171]
/store/data/Run2024C/DisplacedJet/RAW/v1/000/379/416/00000/74df657f-5b7d-401e-bd6b-d58a5c330ba1.root 379416 [50,53,54,52,51,56,49,55]
/store/data/Run2024C/DisplacedJet/RAW/v1/000/379/416/00000/80822ca1-537d-4d82-874a-6dd01805099b.root 379416 [74,75,76,77]
/store/data/Run2024C/DisplacedJet/RAW/v1/000/379/416/00000/84418f90-6ae2-4997-92d0-a699812f08db.root 379416 [24,33,36,38,23,32,34,35,21,22,27,28,29,30,37,25,26,31]
/store/data/Run2024C/DisplacedJet/RAW/v1/000/379/416/00000/8bce64cd-b6b8-4655-87d3-5ff997dd9cc5.root 379416 [122,123,121,120,124]
/store/data/Run2024C/DisplacedJet/RAW/v1/000/379/416/00000/919f26cd-3e69-4821-99d7-7e3de54cbe69.root 379416 [86,85,83,84]
/store/data/Run2024C/DisplacedJet/RAW/v1/000/379/416/00000/91aab6ad-cefa-43bf-a101-e23dd03becc4.root 379416 [134,131,132,133,130]
/store/data/Run2024C/DisplacedJet/RAW/v1/000/379/416/00000/9403a120-d4a9-4855-94ee-c4eac32fe8ab.root 379416 [135,136,138,137,139]
/store/data/Run2024C/DisplacedJet/RAW/v1/000/379/416/00000/9c327496-9f96-492a-9be4-e6ed0a9dac56.root 379416 [179,180,178,177]
/store/data/Run2024C/DisplacedJet/RAW/v1/000/379/416/00000/a957a3ba-5ba2-4d6b-86f4-c9035ff3d298.root 379416 [167,164,168,166,165]
/store/data/Run2024C/DisplacedJet/RAW/v1/000/379/416/00000/ada13cb8-a455-4d0d-bebe-db6d400ebbd7.root 379416 [202,200,201,203]
/store/data/Run2024C/DisplacedJet/RAW/v1/000/379/416/00000/b872ea9d-0768-40c2-a1ab-e850eb7a77cf.root 379416 [157,158,155,156]
/store/data/Run2024C/DisplacedJet/RAW/v1/000/379/416/00000/bc9c478e-205f-4781-81d7-72e01b1e86d3.root 379416 [151,153,152,154,150]
/store/data/Run2024C/DisplacedJet/RAW/v1/000/379/416/00000/c89297ae-3675-4ef4-8c2b-25498092c345.root 379416 [160,162,161,159,163]
/store/data/Run2024C/DisplacedJet/RAW/v1/000/379/416/00000/cb83eacb-ffd9-4202-a547-f348388987de.root 379416 [192,194,191,193]
/store/data/Run2024C/DisplacedJet/RAW/v1/000/379/416/00000/d5182b11-143a-4c6e-a0bb-ab484b18a262.root 379416 [198,199,197,196,195]
/store/data/Run2024C/DisplacedJet/RAW/v1/000/379/416/00000/d94ce420-7d1f-433c-b928-d10ccf37c883.root 379416 [187,188,186,190,189]
/store/data/Run2024C/DisplacedJet/RAW/v1/000/379/416/00000/f4def1b5-f203-40ed-ac73-aaed77aa9b31.root 379416 [207,204,206,205]
/store/data/Run2024C/DisplacedJet/RAW/v1/000/379/416/00000/f7d000e4-690f-48b2-83b2-b50d1bcb36c5.root 379416 [78,82,79,80,81]
