/store/data/Run2017E/MuonEG/RAW/v1/000/304/125/00000/0029D172-82A4-E711-AB98-02163E019C7F.root [537,540,544,533,543,535,541,532,536,538,539,534,542]
/store/data/Run2017E/MuonEG/RAW/v1/000/304/125/00000/047D8984-C4A4-E711-88C8-02163E014661.root [1760,1761,1766,1774,1776,1779,1768,1778,1759,1767,1756,1764,1771,1753,1754,1762,1773,1772,1775,1755,1757,1758,1765,1769,1770,1763,1777]
/store/data/Run2017E/MuonEG/RAW/v1/000/304/125/00000/04D3BBFD-BDA4-E711-8B1B-02163E01A2E3.root [1645,1646,1654,1657,1660,1661,1663,1653,1662,1643,1644,1652,1648,1651,1664,1665,1666,1641,1642,1647,1659,1649,1650,1656,1658,1655]
/store/data/Run2017E/MuonEG/RAW/v1/000/304/125/00000/04EB0529-8BA4-E711-A13B-02163E019B58.root [639,648,646,641,649,650,651,644,642,647,640,645,643]
/store/data/Run2017E/MuonEG/RAW/v1/000/304/125/00000/06CE2433-73A4-E711-967C-02163E01229F.root [223,225,222,228,229,230,231,224,227,226]
/store/data/Run2017E/MuonEG/RAW/v1/000/304/125/00000/08FE19DF-A4A4-E711-B298-02163E0143DE.root [734,745,739,740,741,742,743,747,735,736,737,738,744,746]
/store/data/Run2017E/MuonEG/RAW/v1/000/304/125/00000/0C88CCD9-B9A4-E711-9534-02163E014739.root [1561,1563,1567,1577,1578,1579,1581,1585,1566,1580,1571,1574,1582,1562,1565,1568,1573,1587,1572,1584,1586,1564,1570,1575,1576,1569,1583]
/store/data/Run2017E/MuonEG/RAW/v1/000/304/125/00000/0CA27A58-82A4-E711-9C25-02163E01A71E.root [409,410,419,412,413,417,411,415,416,408,414,418]
/store/data/Run2017E/MuonEG/RAW/v1/000/304/125/00000/0E9F3774-82A4-E711-9845-02163E01A290.root [456,468,461,465,457,459,462,467,466,458,464,460,463]
/store/data/Run2017E/MuonEG/RAW/v1/000/304/125/00000/10896D3E-73A4-E711-B0AE-02163E019C68.root [200,191,192,193,194,199,198,195,196,197]
/store/data/Run2017E/MuonEG/RAW/v1/000/304/125/00000/10A579DF-A4A4-E711-8073-02163E019B8F.root [833,835,826,837,823,825,827,834,828,829,831,832,830,836,824,838]
/store/data/Run2017E/MuonEG/RAW/v1/000/304/125/00000/1631C961-82A4-E711-AF1E-02163E013802.root [550,548,552,547,557,549,556,545,546,553,551,554,555]
/store/data/Run2017E/MuonEG/RAW/v1/000/304/125/00000/1C386020-7AA4-E711-B4D4-02163E019BED.root [347,341,343,345,346,340,348,349,350,342,344]
/store/data/Run2017E/MuonEG/RAW/v1/000/304/125/00000/24E9DF9D-B9A4-E711-952C-02163E014127.root [1437,1439,1446,1453,1433,1434,1442,1448,1450,1452,1444,1451,1431,1454,1436,1440,1445,1438,1449,1435,1441,1443,1447,1432]
/store/data/Run2017E/MuonEG/RAW/v1/000/304/125/00000/2659977F-8BA4-E711-9B20-02163E0141FA.root [652,660,654,653,658,659,655,656,663,661,662,657,664]
/store/data/Run2017E/MuonEG/RAW/v1/000/304/125/00000/26B23A51-6DA4-E711-AFFA-02163E019C95.root [103,105,102,106,107,108,100,104,101]
/store/data/Run2017E/MuonEG/RAW/v1/000/304/125/00000/2A9F0869-82A4-E711-86F8-02163E01A3BE.root [561,569,560,571,568,563,564,565,570,558,559,566,562,567]
/store/data/Run2017E/MuonEG/RAW/v1/000/304/125/00000/2C85AF66-82A4-E711-9116-02163E0142B1.root [510,511,516,507,514,517,508,513,515,518,506,509,512]
/store/data/Run2017E/MuonEG/RAW/v1/000/304/125/00000/2CEDDBB4-A4A4-E711-B00C-02163E014759.root [723,722,726,728,731,729,732,720,721,727,724,730,725,733]
/store/data/Run2017E/MuonEG/RAW/v1/000/304/125/00000/301253F4-BAA4-E711-A62F-02163E0134CA.root [1623,1633,1640,1619,1634,1636,1628,1631,1632,1624,1635,1638,1616,1637,1618,1621,1622,1629,1630,1639,1615,1620,1617,1625,1626,1627]
/store/data/Run2017E/MuonEG/RAW/v1/000/304/125/00000/30C697C3-6BA4-E711-BF6A-02163E011F70.root [39,33,34,37,38,36,40,35]
/store/data/Run2017E/MuonEG/RAW/v1/000/304/125/00000/3223A342-73A4-E711-9AFD-02163E019D9E.root [159,162,154,156,161,158,160,155,157]
/store/data/Run2017E/MuonEG/RAW/v1/000/304/125/00000/3252EF2E-7AA4-E711-B661-02163E019C02.root [332,335,336,330,333,329,331,338,337,334,339]
/store/data/Run2017E/MuonEG/RAW/v1/000/304/125/00000/34A211CA-74A4-E711-A244-02163E01A6AB.root [301,305,298,303,299,300,302,296,297,304,306]
/store/data/Run2017E/MuonEG/RAW/v1/000/304/125/00000/36ECE7F9-A4A4-E711-80CA-02163E011E3B.root [714,707,709,706,708,712,715,713,718,719,716,717,710,711]
/store/data/Run2017E/MuonEG/RAW/v1/000/304/125/00000/3EA234FA-6CA4-E711-8651-02163E0146D7.root [110,115,116,111,113,114,109,117,112]
/store/data/Run2017E/MuonEG/RAW/v1/000/304/125/00000/3EFCF0C4-A4A4-E711-A685-02163E01A64A.root [880,876,882,884,881,877,874,875,883,888,886,889,873,878,879,885,887]
/store/data/Run2017E/MuonEG/RAW/v1/000/304/125/00000/407EE384-82A4-E711-9054-02163E019D6F.root [445,447,454,449,452,455,444,448,450,451,446,453]
/store/data/Run2017E/MuonEG/RAW/v1/000/304/125/00000/4439A874-82A4-E711-9A2C-02163E019D20.root [420,426,424,422,428,425,423,430,421,429,431,427]
/store/data/Run2017E/MuonEG/RAW/v1/000/304/125/00000/448FF75B-82A4-E711-BAA4-02163E019CB7.root [480,474,475,477,478,470,471,472,473,469,479,476]
/store/data/Run2017E/MuonEG/RAW/v1/000/304/125/00000/48625040-82A4-E711-89CF-02163E01229E.root [382,383,377,373,376,381,378,375,379,380,374]
/store/data/Run2017E/MuonEG/RAW/v1/000/304/125/00000/4A6923A0-B9A4-E711-B97C-02163E01A403.root [1323,1328,1332,1335,1338,1330,1322,1324,1325,1331,1333,1318,1320,1336,1317,1319,1321,1326,1334,1337,1327,1329]
/store/data/Run2017E/MuonEG/RAW/v1/000/304/125/00000/4E588BD7-A4A4-E711-A097-02163E011DF7.root [1137,1130,1140,1146,1131,1133,1129,1134,1142,1143,1145,1135,1132,1144,1136,1139,1141,1147,1148,1138]
/store/data/Run2017E/MuonEG/RAW/v1/000/304/125/00000/4EBA1E3C-73A4-E711-94EC-02163E011BE4.root [201,203,209,207,210,206,202,204,205,208]
/store/data/Run2017E/MuonEG/RAW/v1/000/304/125/00000/50B082CC-A4A4-E711-8EB1-02163E012317.root [1193,1200,1191,1192,1203,1206,1207,1190,1204,1208,1194,1199,1202,1205,1195,1196,1197,1198,1201,1189]
/store/data/Run2017E/MuonEG/RAW/v1/000/304/125/00000/50CAB9D5-A4A4-E711-851C-02163E01460D.root [750,751,754,755,760,758,748,749,753,757,761,752,756,759]
/store/data/Run2017E/MuonEG/RAW/v1/000/304/125/00000/50DC76EF-84A4-E711-93FA-02163E019C28.root [603,612,602,604,600,611,601,605,608,609,610,599,607,606]
/store/data/Run2017E/MuonEG/RAW/v1/000/304/125/00000/50FB49F9-74A4-E711-8F29-02163E011F36.root [308,309,314,315,317,307,310,313,311,312,316]
/store/data/Run2017E/MuonEG/RAW/v1/000/304/125/00000/52D3398B-B9A4-E711-A68C-02163E01A347.root [1514,1526,1520,1522,1528,1517,1524,1529,1509,1510,1511,1515,1518,1523,1527,1512,1513,1516,1521,1532,1508,1519,1525,1530,1531,1533]
/store/data/Run2017E/MuonEG/RAW/v1/000/304/125/00000/5451F2FE-6CA4-E711-8850-02163E013673.root [89,84,90,87,88,85,86,83]
/store/data/Run2017E/MuonEG/RAW/v1/000/304/125/00000/58CB7F22-75A4-E711-ACD8-02163E014167.root [253,259,262,257,258,255,254,256,252,260,261]
/store/data/Run2017E/MuonEG/RAW/v1/000/304/125/00000/5C9863CF-A4A4-E711-82B1-02163E014201.root [963,966,968,960,961,970,975,976,977,964,965,969,971,962,973,967,972,974]
/store/data/Run2017E/MuonEG/RAW/v1/000/304/125/00000/5E3AD9E7-A4A4-E711-951A-02163E01A45F.root [803,805,793,795,799,802,798,797,806,794,796,801,804,792,800]
/store/data/Run2017E/MuonEG/RAW/v1/000/304/125/00000/5EC8ACDB-A4A4-E711-9272-02163E011B27.root [1228,1217,1222,1212,1215,1224,1213,1214,1219,1223,1230,1218,1220,1226,1227,1209,1225,1229,1216,1210,1211,1221]
/store/data/Run2017E/MuonEG/RAW/v1/000/304/125/00000/608AE05D-85A4-E711-BA98-02163E01A6CC.root [621,624,623,625,613,614,615,616,617,618,619,620,622]
/store/data/Run2017E/MuonEG/RAW/v1/000/304/125/00000/60942F84-C4A4-E711-B6D8-02163E01195D.root [1721,1732,1738,1725,1747,1751,1720,1741,1746,1750,1724,1730,1731,1735,1736,1743,1745,1744,1748,1749,1723,1726,1733,1737,1722,1727,1728,1739,1729,1734,1740,1742,1752]
/store/data/Run2017E/MuonEG/RAW/v1/000/304/125/00000/60D75DCE-A4A4-E711-9F07-02163E019CDF.root [924,933,937,941,935,936,938,926,927,925,928,929,932,934,931,939,930,940]
/store/data/Run2017E/MuonEG/RAW/v1/000/304/125/00000/62E356C2-A4A4-E711-98BD-02163E01A223.root [944,945,942,952,953,954,957,956,946,950,959,943,949,951,948,955,947,958]
/store/data/Run2017E/MuonEG/RAW/v1/000/304/125/00000/66A222B6-A4A4-E711-8776-02163E019E78.root [810,816,821,811,812,807,809,814,822,808,813,819,820,815,817,818]
/store/data/Run2017E/MuonEG/RAW/v1/000/304/125/00000/6815CF7A-B9A4-E711-9A95-02163E019DB8.root [1300,1303,1304,1306,1309,1312,1296,1308,1295,1297,1299,1301,1310,1302,1315,1316,1298,1305,1311,1314,1307,1313]
/store/data/Run2017E/MuonEG/RAW/v1/000/304/125/00000/684CDA83-B9A4-E711-8C5A-02163E01A20C.root [1458,1459,1462,1466,1468,1473,1477,1478,1479,1480,1461,1465,1467,1471,1474,1457,1460,1463,1476,1456,1464,1470,1455,1469,1472,1475]
/store/data/Run2017E/MuonEG/RAW/v1/000/304/125/00000/6C2312C2-A4A4-E711-A731-02163E01A467.root [843,849,852,845,851,854,839,844,848,842,846,850,853,855,847,840,841]
/store/data/Run2017E/MuonEG/RAW/v1/000/304/125/00000/6E0328C5-A4A4-E711-A91C-02163E019CF0.root [1057,1054,1055,1061,1062,1065,1051,1059,1063,1052,1066,1067,1068,1049,1056,1058,1060,1050,1053,1064]
/store/data/Run2017E/MuonEG/RAW/v1/000/304/125/00000/6E249D79-B9A4-E711-BDEA-02163E019C28.root [1541,1548,1554,1557,1536,1538,1540,1547,1556,1535,1537,1551,1560,1534,1542,1543,1544,1549,1552,1555,1559,1539,1550,1558,1553,1545,1546]
/store/data/Run2017E/MuonEG/RAW/v1/000/304/125/00000/701CD7BD-B9A4-E711-9B30-02163E0143E0.root [1263,1267,1253,1259,1268,1269,1271,1252,1257,1251,1255,1260,1264,1266,1270,1265,1272,1254,1256,1258,1261,1262]
/store/data/Run2017E/MuonEG/RAW/v1/000/304/125/00000/76B0F269-85A4-E711-A8E0-02163E01A4FB.root [632,634,630,635,636,626,627,629,631,637,628,633,638]
/store/data/Run2017E/MuonEG/RAW/v1/000/304/125/00000/780CC195-B9A4-E711-A1C6-02163E01A693.root [1363,1371,1362,1366,1378,1379,1380,1382,1369,1361,1374,1364,1370,1368,1372,1375,1376,1383,1384,1373,1381,1365,1367,1377]
/store/data/Run2017E/MuonEG/RAW/v1/000/304/125/00000/786099DB-74A4-E711-9337-02163E019BD8.root [277,282,275,280,278,279,284,276,281,283]
/store/data/Run2017E/MuonEG/RAW/v1/000/304/125/00000/803F55A2-BFA4-E711-9935-02163E01256D.root [1704,1709,1714,1716,1695,1705,1712,1718,1694,1697,1701,1708,1719,1693,1700,1696,1702,1706,1711,1713,1715,1698,1703,1707,1717,1699,1710]
/store/data/Run2017E/MuonEG/RAW/v1/000/304/125/00000/82F06D69-B9A4-E711-AA81-02163E01A560.root [1275,1279,1289,1278,1283,1284,1290,1293,1280,1273,1276,1287,1288,1291,1294,1281,1274,1277,1282,1285,1286,1292]
/store/data/Run2017E/MuonEG/RAW/v1/000/304/125/00000/885E3106-6DA4-E711-9F9A-02163E01A1BD.root [97,98,95,91,92,94,96,99,93]
/store/data/Run2017E/MuonEG/RAW/v1/000/304/125/00000/8AA6F83E-73A4-E711-82E7-02163E019C57.root [153,146,150,147,152,145,149,148,151]
/store/data/Run2017E/MuonEG/RAW/v1/000/304/125/00000/8E263CB1-6BA4-E711-B9B0-02163E01A347.root [54,56,53,57,50,52,55,51]
/store/data/Run2017E/MuonEG/RAW/v1/000/304/125/00000/924684F2-A4A4-E711-960C-02163E019B36.root [1170,1173,1174,1171,1177,1180,1183,1186,1169,1176,1178,1182,1184,1172,1179,1181,1185,1188,1175,1187]
/store/data/Run2017E/MuonEG/RAW/v1/000/304/125/00000/94193D3D-6DA4-E711-AAB5-02163E01A5B8.root [81,80,75,82,76,79,74,77,78]
/store/data/Run2017E/MuonEG/RAW/v1/000/304/125/00000/96DFB25D-82A4-E711-8674-02163E011C42.root [400,401,407,396,397,398,402,405,406,399,403,404]
/store/data/Run2017E/MuonEG/RAW/v1/000/304/125/00000/98156D4D-82A4-E711-BF62-02163E01A45C.root [443,440,441,439,433,435,432,436,438,442,434,437]
/store/data/Run2017E/MuonEG/RAW/v1/000/304/125/00000/9A3BDA04-6DA4-E711-A970-02163E01A22B.root [119,126,123,125,118,122,124,121,120]
/store/data/Run2017E/MuonEG/RAW/v1/000/304/125/00000/9AD7EB64-82A4-E711-A4EE-02163E0146A4.root [520,528,531,526,519,524,525,521,529,522,523,527,530]
/store/data/Run2017E/MuonEG/RAW/v1/000/304/125/00000/9CB4B476-B9A4-E711-BA31-02163E0135E9.root [1495,1497,1481,1489,1498,1501,1482,1496,1499,1502,1504,1491,1493,1505,1506,1483,1486,1488,1503,1485,1494,1500,1484,1487,1490,1492,1507]
/store/data/Run2017E/MuonEG/RAW/v1/000/304/125/00000/9CE879D5-6BA4-E711-93D9-02163E014167.root [58,59,62,60,63,61,64,65]
/store/data/Run2017E/MuonEG/RAW/v1/000/304/125/00000/9E92855F-7AA4-E711-84CB-02163E01443F.root [355,351,356,358,361,352,353,354,360,359,357]
/store/data/Run2017E/MuonEG/RAW/v1/000/304/125/00000/A0B02808-A5A4-E711-86D7-02163E01A6D4.root [681,691,679,682,685,687,678,684,689,686,680,683,688,690]
/store/data/Run2017E/MuonEG/RAW/v1/000/304/125/00000/A2344579-82A4-E711-8C41-02163E0144EB.root [497,499,503,501,502,505,493,494,500,504,495,496,498]
/store/data/Run2017E/MuonEG/RAW/v1/000/304/125/00000/A25482E5-A4A4-E711-8019-02163E0145CF.root [692,703,697,696,704,705,693,702,694,695,701,699,698,700]
/store/data/Run2017E/MuonEG/RAW/v1/000/304/125/00000/A4022FCF-A4A4-E711-9C0A-02163E0120D1.root [1150,1157,1160,1165,1152,1153,1163,1149,1156,1162,1151,1155,1164,1166,1159,1167,1168,1154,1158,1161]
/store/data/Run2017E/MuonEG/RAW/v1/000/304/125/00000/A4E327EB-A4A4-E711-A3BF-02163E01181B.root [1069,1071,1072,1073,1083,1081,1076,1077,1080,1070,1074,1075,1078,1087,1079,1084,1085,1086,1082,1088]
/store/data/Run2017E/MuonEG/RAW/v1/000/304/125/00000/A626B478-82A4-E711-BFA4-02163E013746.root [576,577,580,578,574,583,581,575,579,584,573,582,572]
/store/data/Run2017E/MuonEG/RAW/v1/000/304/125/00000/A8BF73E5-74A4-E711-A49E-02163E01A64A.root [268,267,270,273,264,274,265,272,263,266,269,271]
/store/data/Run2017E/MuonEG/RAW/v1/000/304/125/00000/AA81A6B9-A4A4-E711-AF03-02163E011BE8.root [1098,1100,1101,1094,1106,1089,1091,1093,1103,1104,1107,1108,1090,1105,1095,1096,1092,1102,1097,1099]
/store/data/Run2017E/MuonEG/RAW/v1/000/304/125/00000/B0216171-B9A4-E711-B9BF-02163E011A87.root [1394,1398,1404,1387,1393,1395,1397,1400,1399,1391,1392,1403,1406,1385,1390,1405,1389,1402,1386,1388,1396,1401]
/store/data/Run2017E/MuonEG/RAW/v1/000/304/125/00000/B4503016-6DA4-E711-90F1-02163E014236.root [136,139,142,144,138,140,141,137,143]
/store/data/Run2017E/MuonEG/RAW/v1/000/304/125/00000/B6FF85F8-74A4-E711-97D5-02163E01470A.root [287,290,285,291,292,295,286,289,288,294,293]
/store/data/Run2017E/MuonEG/RAW/v1/000/304/125/00000/BEEC4355-BAA4-E711-9A90-02163E011A0A.root [1588,1594,1599,1601,1596,1598,1602,1607,1589,1591,1597,1604,1606,1610,1613,1600,1605,1590,1592,1611,1614,1603,1608,1612,1593,1595,1609]
/store/data/Run2017E/MuonEG/RAW/v1/000/304/125/00000/BEF8E238-6DA4-E711-AEC5-02163E0141ED.root [129,133,130,132,131,128,127,134,135]
/store/data/Run2017E/MuonEG/RAW/v1/000/304/125/00000/C06D6C73-B9A4-E711-B3C6-02163E01A37B.root [1409,1423,1428,1407,1412,1414,1421,1408,1411,1424,1417,1425,1416,1430,1420,1427,1410,1413,1418,1419,1429,1415,1422,1426]
/store/data/Run2017E/MuonEG/RAW/v1/000/304/125/00000/C2656C6F-BEA4-E711-B0FE-02163E011DD8.root [1668,1669,1690,1675,1684,1685,1678,1681,1682,1688,1692,1679,1686,1667,1671,1673,1676,1680,1689,1674,1677,1683,1687,1670,1672,1691]
/store/data/Run2017E/MuonEG/RAW/v1/000/304/125/00000/C69978D6-A4A4-E711-A0A9-02163E01A500.root [1010,1005,1009,999,1007,1011,996,1000,1004,1008,997,1002,1001,1012,998,1003,1006]
/store/data/Run2017E/MuonEG/RAW/v1/000/304/125/00000/C6E43735-73A4-E711-BED2-02163E019C77.root [165,164,172,166,170,163,167,171,168,169]
/store/data/Run2017E/MuonEG/RAW/v1/000/304/125/00000/C843B88A-B9A4-E711-8BF2-02163E01A2E8.root [1233,1236,1245,1232,1238,1244,1241,1247,1234,1248,1235,1237,1243,1249,1231,1246,1239,1240,1242,1250]
/store/data/Run2017E/MuonEG/RAW/v1/000/304/125/00000/CCD5B0E8-A4A4-E711-B7F7-02163E0138FE.root [978,985,993,987,991,992,994,981,986,995,982,989,980,983,990,979,984,988]
/store/data/Run2017E/MuonEG/RAW/v1/000/304/125/00000/D0E77E7B-6AA4-E711-A07F-02163E014793.root [2,5,6,7,1,4,8,3]
/store/data/Run2017E/MuonEG/RAW/v1/000/304/125/00000/D24908E1-6CA4-E711-9546-02163E013820.root [44,45,47,48,46,42,43,49,41]
/store/data/Run2017E/MuonEG/RAW/v1/000/304/125/00000/D288E5EB-A4A4-E711-B125-02163E011B96.root [1036,1038,1044,1033,1037,1034,1039,1045,1048,1046,1041,1042,1035,1040,1043,1047,1031,1032]
/store/data/Run2017E/MuonEG/RAW/v1/000/304/125/00000/D4B972F1-6BA4-E711-A934-02163E01466B.root [25,26,32,29,27,30,28,31]
/store/data/Run2017E/MuonEG/RAW/v1/000/304/125/00000/D8349767-7AA4-E711-B2E3-02163E0145C5.root [363,366,368,371,372,369,370,364,362,365,367]
/store/data/Run2017E/MuonEG/RAW/v1/000/304/125/00000/D8AE0ED3-A4A4-E711-9747-02163E013628.root [1026,1014,1020,1027,1028,1025,1029,1013,1015,1021,1016,1018,1022,1023,1017,1019,1024,1030]
/store/data/Run2017E/MuonEG/RAW/v1/000/304/125/00000/DAFB13C7-84A4-E711-9D52-02163E01A638.root [596,598,586,590,585,591,587,597,592,594,595,589,588,593]
/store/data/Run2017E/MuonEG/RAW/v1/000/304/125/00000/DAFC05D2-A4A4-E711-8EE3-02163E012ABD.root [774,765,767,769,773,768,776,764,771,775,763,766,772,762,770]
/store/data/Run2017E/MuonEG/RAW/v1/000/304/125/00000/DC83B839-7AA4-E711-9CE6-02163E01A4A4.root [328,319,321,327,320,325,326,324,318,322,323]
/store/data/Run2017E/MuonEG/RAW/v1/000/304/125/00000/DCE015AA-8BA4-E711-AAF6-02163E019DEC.root [665,671,668,674,670,666,667,676,677,669,672,673,675]
/store/data/Run2017E/MuonEG/RAW/v1/000/304/125/00000/DE3BCB3C-73A4-E711-85B3-02163E019DF4.root [182,185,190,188,184,189,186,187,183]
/store/data/Run2017E/MuonEG/RAW/v1/000/304/125/00000/DED634B1-A4A4-E711-8C22-02163E01A55A.root [890,898,904,901,891,894,899,900,906,892,903,902,895,896,893,897,905]
/store/data/Run2017E/MuonEG/RAW/v1/000/304/125/00000/E4301FCD-6BA4-E711-AEB0-02163E012B11.root [16,11,13,9,15,10,12,14]
/store/data/Run2017E/MuonEG/RAW/v1/000/304/125/00000/E45AE7E9-6BA4-E711-8774-02163E014450.root [70,68,73,66,67,69,71,72]
/store/data/Run2017E/MuonEG/RAW/v1/000/304/125/00000/E667864D-82A4-E711-8A8D-02163E01A5B9.root [386,387,392,395,393,385,388,394,390,391,389,384]
/store/data/Run2017E/MuonEG/RAW/v1/000/304/125/00000/E680AF9C-B9A4-E711-88E6-02163E01A504.root [1348,1353,1341,1342,1343,1349,1351,1360,1339,1356,1358,1347,1345,1350,1354,1340,1355,1357,1346,1344,1352,1359]
/store/data/Run2017E/MuonEG/RAW/v1/000/304/125/00000/E87CDFBD-74A4-E711-95E6-02163E01A49F.root [243,250,242,251,245,247,244,249,246,248]
/store/data/Run2017E/MuonEG/RAW/v1/000/304/125/00000/EA04B9C5-A4A4-E711-819C-02163E0141A7.root [914,912,923,910,915,918,921,911,913,917,920,907,909,916,908,919,922]
/store/data/Run2017E/MuonEG/RAW/v1/000/304/125/00000/EE76B2F1-A4A4-E711-B754-02163E011EED.root [779,784,786,790,785,783,782,777,778,781,788,789,791,780,787]
/store/data/Run2017E/MuonEG/RAW/v1/000/304/125/00000/F45559C8-74A4-E711-ADD5-02163E013867.root [237,232,234,236,240,239,241,233,235,238]
/store/data/Run2017E/MuonEG/RAW/v1/000/304/125/00000/F68893C9-A4A4-E711-AD15-02163E01A1F5.root [1125,1114,1117,1113,1110,1109,1111,1112,1118,1122,1124,1126,1115,1116,1121,1119,1123,1127,1120,1128]
/store/data/Run2017E/MuonEG/RAW/v1/000/304/125/00000/F8B14CC9-6BA4-E711-B757-02163E019CD4.root [18,20,22,23,19,24,17,21]
/store/data/Run2017E/MuonEG/RAW/v1/000/304/125/00000/FA7A9170-82A4-E711-89B4-02163E011D9D.root [482,485,488,481,483,487,486,489,484,490,491,492]
/store/data/Run2017E/MuonEG/RAW/v1/000/304/125/00000/FC41BEBC-A4A4-E711-B518-02163E014157.root [862,871,872,856,860,870,858,861,864,859,869,857,863,865,866,867,868]
/store/data/Run2017E/MuonEG/RAW/v1/000/304/125/00000/FC43994D-73A4-E711-9FE3-02163E01A5BC.root [215,221,216,219,211,218,212,214,217,213,220]
/store/data/Run2017E/MuonEG/RAW/v1/000/304/125/00000/FCB8AE68-73A4-E711-93A9-02163E01A705.root [176,179,180,177,181,174,175,178,173]
