/store/data/Run2024F/JetMET0/RAW/v1/000/382/229/00000/007c5b80-112c-4ed5-9e04-793726dc3f25.root 382229 [124,122,125,121,120,123]
/store/data/Run2024F/JetMET0/RAW/v1/000/382/229/00000/0272ff0e-fe44-45d0-82a2-40fedde7f573.root 382229 [320,315,318,319,317,316,314]
/store/data/Run2024F/JetMET0/RAW/v1/000/382/229/00000/05fe2109-2fdd-4070-b0ab-8b435b0a63d1.root 382229 [304,302,306,303,305,307]
/store/data/Run2024F/JetMET0/RAW/v1/000/382/229/00000/07d902a2-aa01-4884-a6bf-f7e48dbc8db5.root 382229 [244,246,243,245,242,247]
/store/data/Run2024F/JetMET0/RAW/v1/000/382/229/00000/0c6607ac-d341-4b52-95df-5e412195f2df.root 382229 [258,254,255,257,253,256]
/store/data/Run2024F/JetMET0/RAW/v1/000/382/229/00000/0c8e0162-ecbe-405e-9586-3ab73001a546.root 382229 [313,308,310,311,312,309]
/store/data/Run2024F/JetMET0/RAW/v1/000/382/229/00000/1019d6c0-96a1-4b95-b024-e4fde2821bbe.root 382229 [10,13,17,18,8,14,16,19,11,9,12,15,20,7]
/store/data/Run2024F/JetMET0/RAW/v1/000/382/229/00000/1b2f6fe8-132f-4dc7-8a3f-419f12f528ab.root 382229 [172,173,174,175,171]
/store/data/Run2024F/JetMET0/RAW/v1/000/382/229/00000/1d07b355-cca8-4863-8a4c-dc3d3d57b01f.root 382229 [201,197,199,198,202,200]
/store/data/Run2024F/JetMET0/RAW/v1/000/382/229/00000/29328a33-e1fe-4e23-acc0-95ba73cbcecb.root 382229 [160,164,163,161,162]
/store/data/Run2024F/JetMET0/RAW/v1/000/382/229/00000/2ca0e062-97ca-4204-a168-14df9c2a4ab2.root 382229 [66,67,65,69,70,64,68]
/store/data/Run2024F/JetMET0/RAW/v1/000/382/229/00000/2e63b33e-d6eb-4775-86e1-0cd037c803e6.root 382229 [149,150,153,152,151]
/store/data/Run2024F/JetMET0/RAW/v1/000/382/229/00000/3805fd9f-89a5-4955-8297-cc2a819f45fb.root 382229 [97,98,93,94,99,95,96]
/store/data/Run2024F/JetMET0/RAW/v1/000/382/229/00000/3d4f9f2b-414b-4577-8d43-027c6628e674.root 382229 [250,252,249,248,251]
/store/data/Run2024F/JetMET0/RAW/v1/000/382/229/00000/44352b80-6468-4d11-81b4-9276d7f36391.root 382229 [231,234,232,236,235,233]
/store/data/Run2024F/JetMET0/RAW/v1/000/382/229/00000/4c48d285-0272-4c37-8d48-c2e4b8dc7b9b.root 382229 [39,44,40,41,42,43]
/store/data/Run2024F/JetMET0/RAW/v1/000/382/229/00000/4d6e276a-22ae-4bbe-8e4e-df27edb11ce3.root 382229 [177,176,178,179,180]
/store/data/Run2024F/JetMET0/RAW/v1/000/382/229/00000/50b1e395-f9ad-4a56-9456-db8a1eea792c.root 382229 [139,140,138,142,141,143]
/store/data/Run2024F/JetMET0/RAW/v1/000/382/229/00000/5398ef9e-f119-48d1-be15-a631a0c3a8f2.root 382229 [108,109,105,107,106]
/store/data/Run2024F/JetMET0/RAW/v1/000/382/229/00000/542e4b42-ebd3-4abb-9985-d24645943750.root 382229 [293,295,292,296,294]
/store/data/Run2024F/JetMET0/RAW/v1/000/382/229/00000/5c9b84ca-077f-4b53-821b-96d124693008.root 382229 [204,208,206,207,203,205]
/store/data/Run2024F/JetMET0/RAW/v1/000/382/229/00000/5faa16de-194e-4a60-ac53-6ce821c7d148.root 382229 [126,128,129,130,127,131]
/store/data/Run2024F/JetMET0/RAW/v1/000/382/229/00000/624e99ce-fa2b-4764-a861-ef531838cdc0.root 382229 [104,100,103,101,102]
/store/data/Run2024F/JetMET0/RAW/v1/000/382/229/00000/653cd8b3-4ac6-4e81-a912-bc74e2cdc28c.root 382229 [114,113,111,112,110]
/store/data/Run2024F/JetMET0/RAW/v1/000/382/229/00000/71814a6f-74dc-4e57-9367-babfdd069bcd.root 382229 [193,196,195,192,194]
/store/data/Run2024F/JetMET0/RAW/v1/000/382/229/00000/730413b2-dc26-4972-b784-0e6104ff76b9.root 382229 [259,260,261,262,263,264]
/store/data/Run2024F/JetMET0/RAW/v1/000/382/229/00000/772d714f-fda4-4a82-a98d-e1a07d65d36a.root 382229 [137,133,134,132,135,136]
/store/data/Run2024F/JetMET0/RAW/v1/000/382/229/00000/7e340236-23d0-4830-b99f-074f1422868c.root 382229 [5,6,1,3,2,4]
/store/data/Run2024F/JetMET0/RAW/v1/000/382/229/00000/7f8fcc0e-2ba2-4d04-805e-3171ad2c81b1.root 382229 [219,215,216,217,218]
/store/data/Run2024F/JetMET0/RAW/v1/000/382/229/00000/8043eb71-4ee7-4aa0-8613-705bcf6e9464.root 382229 [166,169,165,168,167,170]
/store/data/Run2024F/JetMET0/RAW/v1/000/382/229/00000/81515165-f559-4453-92ec-617fe02905c7.root 382229 [283,284,285,282,286]
/store/data/Run2024F/JetMET0/RAW/v1/000/382/229/00000/828de469-1708-4cc2-836e-453d884eeff8.root 382229 [190,188,189,191,187,186]
/store/data/Run2024F/JetMET0/RAW/v1/000/382/229/00000/8f38aed4-474d-44f6-9d79-2b71ce762c55.root 382229 [56,54,51,52,53,55]
/store/data/Run2024F/JetMET0/RAW/v1/000/382/229/00000/93b7f782-1c11-49cd-ae7b-c47458ab96e8.root 382229 [221,223,224,222,220]
/store/data/Run2024F/JetMET0/RAW/v1/000/382/229/00000/9a238374-be85-4cd1-a8de-9c518ec954c4.root 382229 [230,227,228,226,229,225]
/store/data/Run2024F/JetMET0/RAW/v1/000/382/229/00000/9dd5c79a-6e99-41c7-92c5-480c9b3e0f6e.root 382229 [86,92,89,88,91,87,90,85]
/store/data/Run2024F/JetMET0/RAW/v1/000/382/229/00000/a43b0d0d-f807-4a3b-9e1f-ab2a14a9aa80.root 382229 [300,298,299,297,301]
/store/data/Run2024F/JetMET0/RAW/v1/000/382/229/00000/ad2bee20-628a-4499-8bd4-eebb79fc0c8f.root 382229 [117,118,119,115,116]
/store/data/Run2024F/JetMET0/RAW/v1/000/382/229/00000/ad508561-e3d0-4510-a3ac-67675662a863.root 382229 [146,148,145,144,147]
/store/data/Run2024F/JetMET0/RAW/v1/000/382/229/00000/b0ae9724-47a7-4250-bab1-227dc464a1e1.root 382229 [28,31,29,32,30]
/store/data/Run2024F/JetMET0/RAW/v1/000/382/229/00000/b29e73e3-81c0-4ecb-a126-15d794e9246c.root 382229 [81,82,84,80,78,83,79]
/store/data/Run2024F/JetMET0/RAW/v1/000/382/229/00000/b31baa38-9ba1-478b-b3eb-1830c679dc32.root 382229 [212,213,210,214,209,211]
/store/data/Run2024F/JetMET0/RAW/v1/000/382/229/00000/b33391f4-076d-4bd8-a4c2-e303d2861a28.root 382229 [154,158,155,156,159,157]
/store/data/Run2024F/JetMET0/RAW/v1/000/382/229/00000/b398e7a9-a2b7-4f8d-8b07-2b2d016a0ef7.root 382229 [291,289,288,287,290]
/store/data/Run2024F/JetMET0/RAW/v1/000/382/229/00000/b81f2366-7f80-4e56-ba94-82d9240e405f.root 382229 [49,48,45,47,46,50]
/store/data/Run2024F/JetMET0/RAW/v1/000/382/229/00000/ba79055c-91f9-460b-825b-75dd1a40872e.root 382229 [26,27,22,24,21,23,25]
/store/data/Run2024F/JetMET0/RAW/v1/000/382/229/00000/c24abea3-fc67-4ff3-9b45-d1a7cc3a645f.root 382229 [183,182,184,181,185]
/store/data/Run2024F/JetMET0/RAW/v1/000/382/229/00000/c3287ea9-1549-4b93-997c-678d69a40755.root 382229 [269,266,267,268,270,265]
/store/data/Run2024F/JetMET0/RAW/v1/000/382/229/00000/cd24bff9-f8ab-460f-aa62-d17262577f02.root 382229 [61,62,57,59,58,60,63]
/store/data/Run2024F/JetMET0/RAW/v1/000/382/229/00000/dd2107f0-2fc8-4abd-a447-763306e886db.root 382229 [36,33,37,38,34,35]
/store/data/Run2024F/JetMET0/RAW/v1/000/382/229/00000/ebdf278b-8a53-4c48-9887-d91af97e7db2.root 382229 [238,239,240,241,237]
/store/data/Run2024F/JetMET0/RAW/v1/000/382/229/00000/f3a9ccc7-72bd-4608-9b6d-ec116196c4c0.root 382229 [279,278,281,277,280]
/store/data/Run2024F/JetMET0/RAW/v1/000/382/229/00000/f8f15495-fcb9-4b25-aeed-584369166fdf.root 382229 [271,274,276,273,272,275]
/store/data/Run2024F/JetMET0/RAW/v1/000/382/229/00000/fc935a5d-107a-4d92-83ec-cf338464687f.root 382229 [75,77,71,72,76,74,73]
/store/data/Run2024F/JetMET0/RAW/v1/000/382/250/00000/00bfc1bd-9a0d-4254-bf18-6eb078a4f06b.root 382250 [419,420]
/store/data/Run2024F/JetMET0/RAW/v1/000/382/250/00000/03a9415d-6217-4477-b3de-dbf580011d07.root 382250 [411,412]
/store/data/Run2024F/JetMET0/RAW/v1/000/382/250/00000/0444eb59-43bd-431f-9d84-703110888477.root 382250 [438,437]
/store/data/Run2024F/JetMET0/RAW/v1/000/382/250/00000/05830f55-6ac1-4381-b1c4-6f0aaea4bc6b.root 382250 [755,754]
/store/data/Run2024F/JetMET0/RAW/v1/000/382/250/00000/06374257-2de5-4f8b-8be2-caf8a584ac23.root 382250 [858,857]
/store/data/Run2024F/JetMET0/RAW/v1/000/382/250/00000/06f7349b-becc-4bce-9dc1-84b95b515c92.root 382250 [237,238]
/store/data/Run2024F/JetMET0/RAW/v1/000/382/250/00000/079b581e-aad9-471d-92a6-e029e3839562.root 382250 [718,719]
/store/data/Run2024F/JetMET0/RAW/v1/000/382/250/00000/08202a5d-5916-4a4d-aaa7-e678735cb72c.root 382250 [784,785]
/store/data/Run2024F/JetMET0/RAW/v1/000/382/250/00000/082de925-5f29-4821-a252-d5c6d361e8e7.root 382250 [694,695]
/store/data/Run2024F/JetMET0/RAW/v1/000/382/250/00000/09a97465-bb75-41d9-8ed0-9d70c826dadc.root 382250 [297,298]
/store/data/Run2024F/JetMET0/RAW/v1/000/382/250/00000/0ab455e2-7e9a-42f6-979e-437a15045347.root 382250 [330,329]
/store/data/Run2024F/JetMET0/RAW/v1/000/382/250/00000/0aba593b-8114-445f-8afe-748df15c9de5.root 382250 [833,834]
/store/data/Run2024F/JetMET0/RAW/v1/000/382/250/00000/0ae3faa1-5422-4482-a4e5-64cc2554d150.root 382250 [149,150]
/store/data/Run2024F/JetMET0/RAW/v1/000/382/250/00000/0b68e7eb-80f8-48a4-8454-32e963b18840.root 382250 [323,324]
/store/data/Run2024F/JetMET0/RAW/v1/000/382/250/00000/0bd780d1-bae9-4563-9faa-782730f29937.root 382250 [181,182]
/store/data/Run2024F/JetMET0/RAW/v1/000/382/250/00000/0ca98f09-9247-4ddc-9720-8b2ed5d3cf01.root 382250 [516,517]
/store/data/Run2024F/JetMET0/RAW/v1/000/382/250/00000/0d40ed2d-3070-4130-8542-0edc1a74e7e5.root 382250 [506,507]
/store/data/Run2024F/JetMET0/RAW/v1/000/382/250/00000/0e276762-6376-4644-a29c-fcf1f85791fa.root 382250 [163,164]
/store/data/Run2024F/JetMET0/RAW/v1/000/382/250/00000/0e6b5111-2c3e-4b37-bb5d-eadad3c2806a.root 382250 [110,111,108,109]
/store/data/Run2024F/JetMET0/RAW/v1/000/382/250/00000/0e6e73f1-0214-44e9-b6ba-2d0796cf57c5.root 382250 [724,725]
/store/data/Run2024F/JetMET0/RAW/v1/000/382/250/00000/0f68c8d1-6ea0-47b0-9be1-f90c759ced95.root 382250 [118,119,120,116,117]
/store/data/Run2024F/JetMET0/RAW/v1/000/382/250/00000/0fecbfe2-ecf5-4c00-bc03-6bd263846e44.root 382250 [648,649]
/store/data/Run2024F/JetMET0/RAW/v1/000/382/250/00000/1008487b-43e1-4f30-9fbe-eddcca6bf12e.root 382250 [279,278]
/store/data/Run2024F/JetMET0/RAW/v1/000/382/250/00000/100ea23e-18b8-4a43-a779-1d0f5a8561df.root 382250 [766,767]
/store/data/Run2024F/JetMET0/RAW/v1/000/382/250/00000/1020314f-04f0-40b4-9922-b6321bdd3ada.root 382250 [828,827]
/store/data/Run2024F/JetMET0/RAW/v1/000/382/250/00000/10a4696c-337f-46c2-a978-57f422aa4769.root 382250 [736,737]
/store/data/Run2024F/JetMET0/RAW/v1/000/382/250/00000/116c142b-a2ea-49d6-a1c4-748311c2eade.root 382250 [481,480]
/store/data/Run2024F/JetMET0/RAW/v1/000/382/250/00000/11d80d62-6ee5-400f-b91f-c054ab50268f.root 382250 [193,194]
/store/data/Run2024F/JetMET0/RAW/v1/000/382/250/00000/125beb93-5fcd-4a50-b119-8e34b8858989.root 382250 [312,311]
/store/data/Run2024F/JetMET0/RAW/v1/000/382/250/00000/12b4086c-575f-4cd2-95f5-692e0dee531a.root 382250 [407,408]
/store/data/Run2024F/JetMET0/RAW/v1/000/382/250/00000/1434f7a7-56a0-4bec-82bb-4183eca7606d.root 382250 [393,394]
/store/data/Run2024F/JetMET0/RAW/v1/000/382/250/00000/14d50f71-ff31-4020-8090-65fed287512f.root 382250 [464,465]
/store/data/Run2024F/JetMET0/RAW/v1/000/382/250/00000/14e1e3ca-daff-4744-ba3f-e6f1e27cad3c.root 382250 [190,189]
/store/data/Run2024F/JetMET0/RAW/v1/000/382/250/00000/16eb5497-d911-4059-a4c7-c1de48989dd3.root 382250 [763,762]
/store/data/Run2024F/JetMET0/RAW/v1/000/382/250/00000/170a8044-59e4-4a24-9fef-7ff03114b4c3.root 382250 [713,712]
/store/data/Run2024F/JetMET0/RAW/v1/000/382/250/00000/17ddf23e-3b98-4f8b-bfcf-ecb34d3023e5.root 382250 [319,320]
/store/data/Run2024F/JetMET0/RAW/v1/000/382/250/00000/18c9149e-e92c-4795-9536-cb55683bc3b0.root 382250 [650,651]
/store/data/Run2024F/JetMET0/RAW/v1/000/382/250/00000/19af00ff-7d33-483c-9fca-5627e73d11fb.root 382250 [710,711]
/store/data/Run2024F/JetMET0/RAW/v1/000/382/250/00000/19b8c2ee-ce64-440e-81d9-09f2624bfc65.root 382250 [349,350]
/store/data/Run2024F/JetMET0/RAW/v1/000/382/250/00000/1a8c616d-0a9b-43d5-9ea7-936728681c4a.root 382250 [410,409]
/store/data/Run2024F/JetMET0/RAW/v1/000/382/250/00000/1af55895-f49d-4f34-a6ac-b9b47ab6718a.root 382250 [790,791]
/store/data/Run2024F/JetMET0/RAW/v1/000/382/250/00000/1b3ee6b9-0ae9-416f-99f3-be3b0a163a8c.root 382250 [638,639]
/store/data/Run2024F/JetMET0/RAW/v1/000/382/250/00000/1c0dfd10-4191-4717-bccf-a5b2c77c67b5.root 382250 [211,212]
/store/data/Run2024F/JetMET0/RAW/v1/000/382/250/00000/1d7471bf-f435-4f71-8ecc-ebb9a187d7d3.root 382250 [751,750]
/store/data/Run2024F/JetMET0/RAW/v1/000/382/250/00000/1d84b83c-f553-49ef-b183-e482f1c436f0.root 382250 [497,496]
/store/data/Run2024F/JetMET0/RAW/v1/000/382/250/00000/1e7b7342-c57d-4a5d-967d-2c908c82a159.root 382250 [233,234]
/store/data/Run2024F/JetMET0/RAW/v1/000/382/250/00000/1ee050c3-41bc-481f-a23c-702c12ce1818.root 382250 [400,399]
/store/data/Run2024F/JetMET0/RAW/v1/000/382/250/00000/203be78c-7274-4861-8615-8d61a81e73f3.root 382250 [255,256]
/store/data/Run2024F/JetMET0/RAW/v1/000/382/250/00000/21d1010c-302f-4b8b-a9f8-49f59ba601e7.root 382250 [477,476]
/store/data/Run2024F/JetMET0/RAW/v1/000/382/250/00000/2208ed08-dffc-48f4-8ff7-e5230962624d.root 382250 [472,473]
/store/data/Run2024F/JetMET0/RAW/v1/000/382/250/00000/22210d5c-41bf-4111-bb23-9d16007b5c3c.root 382250 [622,623]
/store/data/Run2024F/JetMET0/RAW/v1/000/382/250/00000/2222bd0e-8b5e-477d-9d49-99dc0d34517f.root 382250 [544,545]
/store/data/Run2024F/JetMET0/RAW/v1/000/382/250/00000/23365686-8132-4d19-b602-010bec87dcc2.root 382250 [918,919,917]
/store/data/Run2024F/JetMET0/RAW/v1/000/382/250/00000/2382d3be-c082-4982-b042-6e432d21fc7b.root 382250 [851,852]
/store/data/Run2024F/JetMET0/RAW/v1/000/382/250/00000/23b15c2f-de94-423a-b93a-71a2c1393ea9.root 382250 [362,361]
/store/data/Run2024F/JetMET0/RAW/v1/000/382/250/00000/24e8e0f2-40d6-4ca7-9d3f-c16ed394c85b.root 382250 [487,486]
/store/data/Run2024F/JetMET0/RAW/v1/000/382/250/00000/2605ea7d-01c4-4f08-999e-f55bc4440583.root 382250 [137,138]
/store/data/Run2024F/JetMET0/RAW/v1/000/382/250/00000/262b71ec-5139-459c-8dcb-c4b1b63908ec.root 382250 [501,500]
/store/data/Run2024F/JetMET0/RAW/v1/000/382/250/00000/268a76cc-304a-4f1f-b3db-8629b974cce5.root 382250 [927,933,935,932,934,926,937,928,929,930,936,938,925,931,924]
/store/data/Run2024F/JetMET0/RAW/v1/000/382/250/00000/27954d78-10ba-42e5-8a41-7cc116397659.root 382250 [358,357]
/store/data/Run2024F/JetMET0/RAW/v1/000/382/250/00000/280468d3-0547-4074-99f0-b9a66eb133d6.root 382250 [723,722]
/store/data/Run2024F/JetMET0/RAW/v1/000/382/250/00000/29fe4803-15d4-40e1-a8c1-1ab319584929.root 382250 [529,528]
/store/data/Run2024F/JetMET0/RAW/v1/000/382/250/00000/2ac4862d-e5b4-4654-a0b0-41a175864a18.root 382250 [714,715]
/store/data/Run2024F/JetMET0/RAW/v1/000/382/250/00000/2c20720d-b296-4fee-b912-c88928f65819.root 382250 [154,153]
/store/data/Run2024F/JetMET0/RAW/v1/000/382/250/00000/2cb43aba-6211-4444-a161-227715fb7643.root 382250 [387,388]
/store/data/Run2024F/JetMET0/RAW/v1/000/382/250/00000/2d083947-338a-4436-b67b-0f9de739583f.root 382250 [576,577]
/store/data/Run2024F/JetMET0/RAW/v1/000/382/250/00000/2d401b09-c738-4a36-95ce-2b2e1a4706c3.root 382250 [201,202]
/store/data/Run2024F/JetMET0/RAW/v1/000/382/250/00000/2dc359a7-5ec8-47de-a640-e6d68425df1e.root 382250 [188,187]
/store/data/Run2024F/JetMET0/RAW/v1/000/382/250/00000/2e0a4c9b-76bc-42ca-8b36-3f054deefec1.root 382250 [906,907,905]
/store/data/Run2024F/JetMET0/RAW/v1/000/382/250/00000/2e7b22b7-c6d6-4771-893c-7483232c76e5.root 382250 [848,847]
/store/data/Run2024F/JetMET0/RAW/v1/000/382/250/00000/2f7afcb3-e9fc-40be-9011-19ece36d284b.root 382250 [717,716]
/store/data/Run2024F/JetMET0/RAW/v1/000/382/250/00000/2fb85254-c0fc-479c-9a8b-4d2bb6e341b6.root 382250 [180,179]
/store/data/Run2024F/JetMET0/RAW/v1/000/382/250/00000/303d4222-a556-4979-8226-cb2579384b45.root 382250 [147,148]
/store/data/Run2024F/JetMET0/RAW/v1/000/382/250/00000/3066c23a-f70c-4391-b72a-1c064444bc0d.root 382250 [527,526]
/store/data/Run2024F/JetMET0/RAW/v1/000/382/250/00000/3448f036-b064-4e62-a1a2-590c5e534321.root 382250 [775,774]
/store/data/Run2024F/JetMET0/RAW/v1/000/382/250/00000/34881f91-276b-48df-a486-546294db0d40.root 382250 [760,761]
/store/data/Run2024F/JetMET0/RAW/v1/000/382/250/00000/36556cda-1753-4f56-b3ce-2ed38531755e.root 382250 [684,685]
/store/data/Run2024F/JetMET0/RAW/v1/000/382/250/00000/36621c1f-3247-457e-b401-c5f6e3e7ba02.root 382250 [456,457,455]
/store/data/Run2024F/JetMET0/RAW/v1/000/382/250/00000/37054bc8-215f-4044-aa37-bd658ad289cd.root 382250 [315,316]
/store/data/Run2024F/JetMET0/RAW/v1/000/382/250/00000/371fee00-6b2d-4716-9f37-000c80fe5857.root 382250 [551,550]
/store/data/Run2024F/JetMET0/RAW/v1/000/382/250/00000/372a288f-1a42-4d43-853b-6a4b366b957c.root 382250 [565,564]
/store/data/Run2024F/JetMET0/RAW/v1/000/382/250/00000/3802f3f3-1a7e-4aeb-8ae4-2cedabddf85a.root 382250 [338,337]
/store/data/Run2024F/JetMET0/RAW/v1/000/382/250/00000/3b8c9bcf-3dcc-426e-a0c2-7afc42d8ae3a.root 382250 [604,605]
/store/data/Run2024F/JetMET0/RAW/v1/000/382/250/00000/3dd4b46a-72cf-4fd1-9a25-53eb58b0942d.root 382250 [588,589]
/store/data/Run2024F/JetMET0/RAW/v1/000/382/250/00000/3de35f4a-5189-4fcc-bb90-ba74e31b505a.root 382250 [598,599]
/store/data/Run2024F/JetMET0/RAW/v1/000/382/250/00000/3dfa5825-de81-463a-8c5b-edfabe1ddb1e.root 382250 [812,811]
/store/data/Run2024F/JetMET0/RAW/v1/000/382/250/00000/3e1739eb-446a-4ca7-b19a-8e89b8c222f5.root 382250 [264,263]
/store/data/Run2024F/JetMET0/RAW/v1/000/382/250/00000/3eefeb93-7918-4c54-bc47-68e9c25faddb.root 382250 [514,515]
/store/data/Run2024F/JetMET0/RAW/v1/000/382/250/00000/409ec851-5bfd-485b-87ad-8b9407b1afb0.root 382250 [492,493]
/store/data/Run2024F/JetMET0/RAW/v1/000/382/250/00000/40b92f35-e1f5-4ccc-80fe-578b8fef06f1.root 382250 [140,139]
/store/data/Run2024F/JetMET0/RAW/v1/000/382/250/00000/40fcf9cf-cf89-4b2b-a089-249781fccff4.root 382250 [641,640]
/store/data/Run2024F/JetMET0/RAW/v1/000/382/250/00000/4109c5cd-7463-41fc-aa26-2943ced6206b.root 382250 [265,266]
/store/data/Run2024F/JetMET0/RAW/v1/000/382/250/00000/412c074a-a374-47dc-8ef7-a441babedf96.root 382250 [443,444]
/store/data/Run2024F/JetMET0/RAW/v1/000/382/250/00000/419c5343-a426-41e6-9534-17a710344f7c.root 382250 [183,184]
/store/data/Run2024F/JetMET0/RAW/v1/000/382/250/00000/41fda017-74ae-4902-a79f-9377c2b9e16c.root 382250 [677,676]
/store/data/Run2024F/JetMET0/RAW/v1/000/382/250/00000/42262540-c599-4280-a877-2ead73ebca3b.root 382250 [503,502]
/store/data/Run2024F/JetMET0/RAW/v1/000/382/250/00000/433b33cc-9391-4619-ae03-f6ecdf12432b.root 382250 [214,213]
/store/data/Run2024F/JetMET0/RAW/v1/000/382/250/00000/43dc87e8-f896-4403-a1b2-98e25426a11c.root 382250 [155,156]
/store/data/Run2024F/JetMET0/RAW/v1/000/382/250/00000/443c0907-4ef1-4ba1-ba07-10bfe7fdce54.root 382250 [277,276]
/store/data/Run2024F/JetMET0/RAW/v1/000/382/250/00000/44bb9271-7087-4524-890a-220dcafa9248.root 382250 [900,901,899]
/store/data/Run2024F/JetMET0/RAW/v1/000/382/250/00000/46c3aca6-0b79-422c-b21b-cedf2fbea6ed.root 382250 [749,748]
/store/data/Run2024F/JetMET0/RAW/v1/000/382/250/00000/46c9c8b8-d242-41f9-b05d-e3b267714178.root 382250 [538,539]
/store/data/Run2024F/JetMET0/RAW/v1/000/382/250/00000/4700d926-070f-4f9d-aa7b-ee6a5f46182e.root 382250 [215,216]
/store/data/Run2024F/JetMET0/RAW/v1/000/382/250/00000/47306b42-d8d5-499d-8d0b-5a1cad77bd5e.root 382250 [404,403]
/store/data/Run2024F/JetMET0/RAW/v1/000/382/250/00000/4762ba64-24e3-4aef-b588-8299fbd7af22.root 382250 [904,902,903]
/store/data/Run2024F/JetMET0/RAW/v1/000/382/250/00000/4913fb88-d568-42ea-911f-c6e728568428.root 382250 [171,172]
/store/data/Run2024F/JetMET0/RAW/v1/000/382/250/00000/49b81727-fefe-497d-98a5-4485ca051b89.root 382250 [542,543]
/store/data/Run2024F/JetMET0/RAW/v1/000/382/250/00000/49ba31e2-2a98-4e83-8613-d633acc8847b.root 382250 [229,230]
/store/data/Run2024F/JetMET0/RAW/v1/000/382/250/00000/49ba3e71-c956-4418-85e9-080b55aba21c.root 382250 [510,511]
/store/data/Run2024F/JetMET0/RAW/v1/000/382/250/00000/4a53d619-e73d-47ad-b16c-b63867297b84.root 382250 [335,336]
/store/data/Run2024F/JetMET0/RAW/v1/000/382/250/00000/4a92f9e2-2caa-4aa3-a6a2-64708343bfa8.root 382250 [448,447]
/store/data/Run2024F/JetMET0/RAW/v1/000/382/250/00000/4aae5100-143f-4afd-b085-f5928c61b591.root 382250 [242,241]
/store/data/Run2024F/JetMET0/RAW/v1/000/382/250/00000/4aafefdf-7416-41b7-b8b4-8ccb578dc6c1.root 382250 [866,865]
/store/data/Run2024F/JetMET0/RAW/v1/000/382/250/00000/4add88e3-15e7-4d66-8892-10d32f5c9d4b.root 382250 [94,91,93,95,92]
/store/data/Run2024F/JetMET0/RAW/v1/000/382/250/00000/4b029c78-df7d-4267-ba43-b23377fe02b0.root 382250 [341,342]
/store/data/Run2024F/JetMET0/RAW/v1/000/382/250/00000/4b6c4327-30f6-4df6-84e9-f428c8566bc5.root 382250 [509,508]
/store/data/Run2024F/JetMET0/RAW/v1/000/382/250/00000/4b8e02e9-273a-466d-924e-3692781c4607.root 382250 [299,300]
/store/data/Run2024F/JetMET0/RAW/v1/000/382/250/00000/4ba53407-e6f7-47bb-9375-e54319ce85db.root 382250 [776,777]
/store/data/Run2024F/JetMET0/RAW/v1/000/382/250/00000/4be0b859-7117-4790-89df-351e15459159.root 382250 [837,838]
/store/data/Run2024F/JetMET0/RAW/v1/000/382/250/00000/4c088070-15d2-4f25-862d-cf25b5722df4.root 382250 [624,625]
/store/data/Run2024F/JetMET0/RAW/v1/000/382/250/00000/4c52f85a-6cb8-4665-b9af-7be23d946dea.root 382250 [421,422]
/store/data/Run2024F/JetMET0/RAW/v1/000/382/250/00000/4c77496a-dc8c-4861-b2e7-c7b1d60e7a72.root 382250 [817,818]
/store/data/Run2024F/JetMET0/RAW/v1/000/382/250/00000/4ca65510-8732-49a5-881f-2d1b8a2d25ac.root 382250 [912,911,913]
/store/data/Run2024F/JetMET0/RAW/v1/000/382/250/00000/4cbabce4-2eb5-414e-b26d-a47ac64345c0.root 382250 [876,875]
/store/data/Run2024F/JetMET0/RAW/v1/000/382/250/00000/4e0922c9-ca3a-4b46-a7f1-e6c9b9bb2596.root 382250 [823,824]
/store/data/Run2024F/JetMET0/RAW/v1/000/382/250/00000/4e20db8b-c2cd-44e1-9fef-880f96840ea3.root 382250 [254,253]
/store/data/Run2024F/JetMET0/RAW/v1/000/382/250/00000/4ec27cf3-c814-4da2-afcd-0a92c27f1a55.root 382250 [615,614]
/store/data/Run2024F/JetMET0/RAW/v1/000/382/250/00000/4f04c76d-6e0d-4a5b-96e2-37643cec26c7.root 382250 [627,626]
/store/data/Run2024F/JetMET0/RAW/v1/000/382/250/00000/4f44d0f8-8628-4203-be9e-7388190c4d75.root 382250 [733,732]
/store/data/Run2024F/JetMET0/RAW/v1/000/382/250/00000/4f83b40f-e756-490b-828c-404cd9f902d1.root 382250 [555,554]
/store/data/Run2024F/JetMET0/RAW/v1/000/382/250/00000/4f97d490-1e5b-4379-8857-abc8ee4b5174.root 382250 [830,829]
/store/data/Run2024F/JetMET0/RAW/v1/000/382/250/00000/4fd7b610-cc1f-4fe3-a107-b3e560c84aa7.root 382250 [707,706]
/store/data/Run2024F/JetMET0/RAW/v1/000/382/250/00000/50172027-7d6b-48c0-9117-ad1d5290b79d.root 382250 [534,535]
/store/data/Run2024F/JetMET0/RAW/v1/000/382/250/00000/50446e6a-50a6-4caa-baaa-9390ca646404.root 382250 [675,674]
/store/data/Run2024F/JetMET0/RAW/v1/000/382/250/00000/506b6738-0a8f-4201-81c3-ef04215ef0f2.root 382250 [418,417]
/store/data/Run2024F/JetMET0/RAW/v1/000/382/250/00000/5086c8c7-2c39-46ea-bb64-2be44e63e91b.root 382250 [112,113,115,114]
/store/data/Run2024F/JetMET0/RAW/v1/000/382/250/00000/50a88306-569e-49f3-9826-c53213bb15be.root 382250 [698,699]
/store/data/Run2024F/JetMET0/RAW/v1/000/382/250/00000/50cece3b-ee40-4d93-9460-df3469863516.root 382250 [130,127,128,126,129]
/store/data/Run2024F/JetMET0/RAW/v1/000/382/250/00000/51bc51aa-cb17-45af-82b9-feaf1844b94b.root 382250 [870,869]
/store/data/Run2024F/JetMET0/RAW/v1/000/382/250/00000/52f1df4e-359e-4993-a8c4-cec1ff90fab2.root 382250 [274,275]
/store/data/Run2024F/JetMET0/RAW/v1/000/382/250/00000/52fd06ab-1d24-4455-8981-faac17aa0b2a.root 382250 [558,559]
/store/data/Run2024F/JetMET0/RAW/v1/000/382/250/00000/5340954b-3658-45fd-9b01-a927ed928150.root 382250 [65,70,66,68,69,67]
/store/data/Run2024F/JetMET0/RAW/v1/000/382/250/00000/5406ccf3-f3ad-48d3-a83b-a8c331da8e31.root 382250 [339,340]
/store/data/Run2024F/JetMET0/RAW/v1/000/382/250/00000/5475dd61-942b-40f6-ae66-4d570487a033.root 382250 [617,616]
/store/data/Run2024F/JetMET0/RAW/v1/000/382/250/00000/54892330-ab1c-46ae-9408-e2ad3eb27318.root 382250 [245,246]
/store/data/Run2024F/JetMET0/RAW/v1/000/382/250/00000/5503c2da-9224-4f7a-80db-a526308f3dc8.root 382250 [423,424]
/store/data/Run2024F/JetMET0/RAW/v1/000/382/250/00000/55cab63f-995f-44d5-abd8-ab6fe98a4d2c.root 382250 [435,436]
/store/data/Run2024F/JetMET0/RAW/v1/000/382/250/00000/564880b6-5186-4702-a4c3-a03ad40757e9.root 382250 [855,856]
/store/data/Run2024F/JetMET0/RAW/v1/000/382/250/00000/57bf9395-9490-4dde-879a-a0a07d3bff21.root 382250 [888,890,889]
/store/data/Run2024F/JetMET0/RAW/v1/000/382/250/00000/57c04dc7-874e-4c17-b298-9ff124dbf5a2.root 382250 [247,248]
/store/data/Run2024F/JetMET0/RAW/v1/000/382/250/00000/59a9a2d6-3c87-4c45-a02a-076d95ca19f3.root 382250 [561,560]
/store/data/Run2024F/JetMET0/RAW/v1/000/382/250/00000/5a16c872-f922-4b4f-afc8-c762c9b5a2ab.root 382250 [294,293]
/store/data/Run2024F/JetMET0/RAW/v1/000/382/250/00000/5a5b5fde-3b2b-488c-939e-5264aad70a58.root 382250 [612,613]
/store/data/Run2024F/JetMET0/RAW/v1/000/382/250/00000/5c420e48-e491-4d7e-b962-f2d9cbc9623a.root 382250 [345,346]
/store/data/Run2024F/JetMET0/RAW/v1/000/382/250/00000/5c6d87d3-5a27-439c-81ca-123c3114a7a0.root 382250 [145,146]
/store/data/Run2024F/JetMET0/RAW/v1/000/382/250/00000/5d63e865-e3b0-4197-ba2f-7e440cb201f0.root 382250 [56,58,57,53,54,55]
/store/data/Run2024F/JetMET0/RAW/v1/000/382/250/00000/5ed9d5cc-fbef-461c-8118-fdb6a3862ae1.root 382250 [562,563]
/store/data/Run2024F/JetMET0/RAW/v1/000/382/250/00000/5fb4895e-ce77-469c-b00f-7f8e9630fe31.root 382250 [569,568]
/store/data/Run2024F/JetMET0/RAW/v1/000/382/250/00000/5fc19156-ef76-4678-9a49-24b7ccb22c3b.root 382250 [198,197]
/store/data/Run2024F/JetMET0/RAW/v1/000/382/250/00000/5ff61c67-07a1-4b17-9512-1b204b56204f.root 382250 [878,879,877]
/store/data/Run2024F/JetMET0/RAW/v1/000/382/250/00000/602629da-63fd-4f70-83be-4a156dceed74.root 382250 [152,151]
/store/data/Run2024F/JetMET0/RAW/v1/000/382/250/00000/61868a1d-f83a-4bac-96f4-e3046d5c822c.root 382250 [485,484]
/store/data/Run2024F/JetMET0/RAW/v1/000/382/250/00000/61f012f7-1eed-45c7-b75c-f4c17943f863.root 382250 [100,103,101,102]
/store/data/Run2024F/JetMET0/RAW/v1/000/382/250/00000/630df84e-9612-470b-8477-b52cf63b22bb.root 382250 [225,226]
/store/data/Run2024F/JetMET0/RAW/v1/000/382/250/00000/639ec4e3-8d43-4862-995e-1974990d4c6a.root 382250 [921,923,920,922]
/store/data/Run2024F/JetMET0/RAW/v1/000/382/250/00000/63b7f8c7-0ed1-458a-a315-d82ac27b34de.root 382250 [107,104,105,106]
/store/data/Run2024F/JetMET0/RAW/v1/000/382/250/00000/648bf92e-b1a3-4189-8c58-b9bb279fb2e7.root 382250 [292,291]
/store/data/Run2024F/JetMET0/RAW/v1/000/382/250/00000/653261d2-37fa-4e27-a209-22fc8afa6e00.root 382250 [490,491]
/store/data/Run2024F/JetMET0/RAW/v1/000/382/250/00000/65bcccd0-85ca-4f42-9bd6-e6815a84c2cb.root 382250 [666,667]
/store/data/Run2024F/JetMET0/RAW/v1/000/382/250/00000/66549bf9-61eb-44f6-ad7d-0cda92d01987.root 382250 [708,709]
/store/data/Run2024F/JetMET0/RAW/v1/000/382/250/00000/67a45762-604d-46dc-812b-aacbdce64188.root 382250 [872,871]
/store/data/Run2024F/JetMET0/RAW/v1/000/382/250/00000/68815839-9061-44a8-b4b8-ac6fd74d3bb4.root 382250 [494,495]
/store/data/Run2024F/JetMET0/RAW/v1/000/382/250/00000/698a3598-2a54-4f10-81e1-f2c30da45318.root 382250 [217,218]
/store/data/Run2024F/JetMET0/RAW/v1/000/382/250/00000/6a63bd94-5727-4993-b17f-56861c9028d0.root 382250 [467,466]
/store/data/Run2024F/JetMET0/RAW/v1/000/382/250/00000/6ab671fe-99a7-4d4c-8b0d-7a78134ab71d.root 382250 [142,141]
/store/data/Run2024F/JetMET0/RAW/v1/000/382/250/00000/6cb298ab-5b00-457c-acbf-977b51194d21.root 382250 [470,471]
/store/data/Run2024F/JetMET0/RAW/v1/000/382/250/00000/6e162a42-7a46-4037-8dbc-d0d53db6ffea.root 382250 [295,296]
/store/data/Run2024F/JetMET0/RAW/v1/000/382/250/00000/6e3e0a14-23d7-4237-9dc9-e2d92454d662.root 382250 [386,385]
/store/data/Run2024F/JetMET0/RAW/v1/000/382/250/00000/6e4cbc07-0a7f-48b9-b066-87ae5ec26e3a.root 382250 [816,815]
/store/data/Run2024F/JetMET0/RAW/v1/000/382/250/00000/6eb67751-9bba-44ff-b698-1e5251a3e7ea.root 382250 [608,609]
/store/data/Run2024F/JetMET0/RAW/v1/000/382/250/00000/6ebcbe32-cffa-4917-8b64-0135d56d6cad.root 382250 [575,574]
/store/data/Run2024F/JetMET0/RAW/v1/000/382/250/00000/7039a912-46bb-4e25-b71e-d16c4d952869.root 382250 [671,670]
/store/data/Run2024F/JetMET0/RAW/v1/000/382/250/00000/705ecc94-5211-4b28-a8a5-cd2006d55dd3.root 382250 [530,531]
/store/data/Run2024F/JetMET0/RAW/v1/000/382/250/00000/7119488c-e9ff-4b25-a1b0-e428f58eac5b.root 382250 [489,488]
/store/data/Run2024F/JetMET0/RAW/v1/000/382/250/00000/718cf427-4cb2-49f1-9021-15e7ea955c13.root 382250 [894,895]
/store/data/Run2024F/JetMET0/RAW/v1/000/382/250/00000/719d9fb3-8b84-4ef6-9b09-ed2c83603b24.root 382250 [573,572]
/store/data/Run2024F/JetMET0/RAW/v1/000/382/250/00000/72bd5f69-32c9-4a7a-8b59-afb2ddb39f03.root 382250 [64,63,60,62,59,61]
/store/data/Run2024F/JetMET0/RAW/v1/000/382/250/00000/72d6b7d4-ffd1-4d3e-b53c-3c71ba9a8d0c.root 382250 [619,618]
/store/data/Run2024F/JetMET0/RAW/v1/000/382/250/00000/739547c4-40a6-4211-8ba6-0ba0ee48aa56.root 382250 [397,398]
/store/data/Run2024F/JetMET0/RAW/v1/000/382/250/00000/749f6e05-5065-47f0-939b-74843652d3cc.root 382250 [861,862]
/store/data/Run2024F/JetMET0/RAW/v1/000/382/250/00000/74f58320-70a9-46ec-ac70-21d0d8e7bf58.root 382250 [196,195]
/store/data/Run2024F/JetMET0/RAW/v1/000/382/250/00000/750c0901-1173-4b0c-a902-e3afa61b9d9c.root 382250 [273,272]
/store/data/Run2024F/JetMET0/RAW/v1/000/382/250/00000/7587df0a-6382-4264-afc9-cf24040122f9.root 382250 [363,364]
/store/data/Run2024F/JetMET0/RAW/v1/000/382/250/00000/75e4f415-0e5e-4bf3-95f4-178d8de4521c.root 382250 [585,584]
/store/data/Run2024F/JetMET0/RAW/v1/000/382/250/00000/7956258f-1bbf-4986-a083-a7bae2a74579.root 382250 [747,746]
/store/data/Run2024F/JetMET0/RAW/v1/000/382/250/00000/7963531e-28c4-4712-9c17-554e6396cf32.root 382250 [803,802]
/store/data/Run2024F/JetMET0/RAW/v1/000/382/250/00000/79a5b8d6-4ca7-4235-8fc3-db2a23f910d5.root 382250 [850,849]
/store/data/Run2024F/JetMET0/RAW/v1/000/382/250/00000/79ac3597-5d70-44e7-bc53-b21d60df8fea.root 382250 [177,178]
/store/data/Run2024F/JetMET0/RAW/v1/000/382/250/00000/7a1a92f1-0d45-4bae-8ba7-677a8baddee1.root 382250 [730,731]
/store/data/Run2024F/JetMET0/RAW/v1/000/382/250/00000/7a407f77-ca90-46e7-99ff-113118708bf0.root 382250 [136,135]
/store/data/Run2024F/JetMET0/RAW/v1/000/382/250/00000/7b90dd69-31c5-4f5c-8009-95d463a039df.root 382250 [672,673]
/store/data/Run2024F/JetMET0/RAW/v1/000/382/250/00000/7c0b088c-d9ea-4b15-96eb-7c9e0fece3e9.root 382250 [656,657]
/store/data/Run2024F/JetMET0/RAW/v1/000/382/250/00000/7c28f26a-7e9b-4252-9d48-d071424c5979.root 382250 [331,332]
/store/data/Run2024F/JetMET0/RAW/v1/000/382/250/00000/7c8eb47f-98f9-451a-b000-bfed574d3839.root 382250 [252,251]
/store/data/Run2024F/JetMET0/RAW/v1/000/382/250/00000/7cefa7ca-c2aa-48d5-ab73-1bd9d9947b78.root 382250 [303,304]
/store/data/Run2024F/JetMET0/RAW/v1/000/382/250/00000/7ec0601a-63da-44cc-bba6-c9bb1e6e53ec.root 382250 [646,647]
/store/data/Run2024F/JetMET0/RAW/v1/000/382/250/00000/8009647e-dc44-44b5-91e5-3c6b14cae2ba.root 382250 [327,328]
/store/data/Run2024F/JetMET0/RAW/v1/000/382/250/00000/80a29e74-e9ee-408a-8345-ed50f1cfb6f6.root 382250 [232,231]
/store/data/Run2024F/JetMET0/RAW/v1/000/382/250/00000/817142e1-88ad-4cd7-9543-2c512d541018.root 382250 [219,220]
/store/data/Run2024F/JetMET0/RAW/v1/000/382/250/00000/82cbc9e4-1b5b-4c83-b968-7719b7525cb3.root 382250 [752,753]
/store/data/Run2024F/JetMET0/RAW/v1/000/382/250/00000/8362d288-1682-4831-a06c-ebcd0212debb.root 382250 [367,368]
/store/data/Run2024F/JetMET0/RAW/v1/000/382/250/00000/857a0789-de63-40ce-8df0-e7e870dca628.root 382250 [697,696]
/store/data/Run2024F/JetMET0/RAW/v1/000/382/250/00000/8602423f-f713-4bc1-8efe-855138e702b8.root 382250 [880,881,882]
/store/data/Run2024F/JetMET0/RAW/v1/000/382/250/00000/861eddc0-9637-4b5c-8ef5-572581cd7a4c.root 382250 [227,228]
/store/data/Run2024F/JetMET0/RAW/v1/000/382/250/00000/863c4daa-7a68-4e29-8609-a2795d718c32.root 382250 [592,593]
/store/data/Run2024F/JetMET0/RAW/v1/000/382/250/00000/871e6562-89ee-4bbb-b0c1-377fad43124f.root 382250 [635,634]
/store/data/Run2024F/JetMET0/RAW/v1/000/382/250/00000/894ca371-7219-43d0-9638-80e55e51cb7f.root 382250 [703,702]
/store/data/Run2024F/JetMET0/RAW/v1/000/382/250/00000/89c5a033-3c82-4654-869c-585e3a98b463.root 382250 [665,664]
/store/data/Run2024F/JetMET0/RAW/v1/000/382/250/00000/89c93fe8-2173-4024-a990-904db54b78ef.root 382250 [898,896,897]
/store/data/Run2024F/JetMET0/RAW/v1/000/382/250/00000/89f6de73-e43f-40c2-9f54-0c637284f0d7.root 382250 [597,596]
/store/data/Run2024F/JetMET0/RAW/v1/000/382/250/00000/8ac747fb-9375-4625-8fd1-bc33a1375c6e.root 382250 [840,839]
/store/data/Run2024F/JetMET0/RAW/v1/000/382/250/00000/8ace9db8-ec0f-4600-8f42-548d8746dd47.root 382250 [805,806,804]
/store/data/Run2024F/JetMET0/RAW/v1/000/382/250/00000/8d618edd-0483-48c6-88be-beedf841e1aa.root 382250 [705,704]
/store/data/Run2024F/JetMET0/RAW/v1/000/382/250/00000/8dd5bc82-bb86-4df8-b94e-8712b27b8f87.root 382250 [451,452]
/store/data/Run2024F/JetMET0/RAW/v1/000/382/250/00000/8e0ab552-b732-4b11-92a4-7e9f7f6d1bf6.root 382250 [372,371]
/store/data/Run2024F/JetMET0/RAW/v1/000/382/250/00000/9018c000-aa21-4947-9aac-b9d7df64c183.root 382250 [556,557]
/store/data/Run2024F/JetMET0/RAW/v1/000/382/250/00000/90b4b81a-ed9f-46ea-8d82-f5034e662131.root 382250 [257,258]
/store/data/Run2024F/JetMET0/RAW/v1/000/382/250/00000/912c2085-752d-40cb-a347-6a43418d25b7.root 382250 [522,523]
/store/data/Run2024F/JetMET0/RAW/v1/000/382/250/00000/92795da6-63e5-4f67-8a05-0eb9f54a1eff.root 382250 [96,99,97,98]
/store/data/Run2024F/JetMET0/RAW/v1/000/382/250/00000/92e647ec-ff41-4b86-b7d8-6c43e483241b.root 382250 [721,720]
/store/data/Run2024F/JetMET0/RAW/v1/000/382/250/00000/94b26f96-350b-4d7f-92d3-91fa28d6d9bc.root 382250 [854,853]
/store/data/Run2024F/JetMET0/RAW/v1/000/382/250/00000/954af78d-f6b1-4336-93f8-346f3dfcafbf.root 382250 [844,843]
/store/data/Run2024F/JetMET0/RAW/v1/000/382/250/00000/9625eb65-1032-48b8-9b0e-1880f59fdc9c.root 382250 [377,378]
/store/data/Run2024F/JetMET0/RAW/v1/000/382/250/00000/9691ed53-bd0b-4fcf-90b2-b3774f02d003.root 382250 [205,206]
/store/data/Run2024F/JetMET0/RAW/v1/000/382/250/00000/985c47a0-ce5b-465d-9d2d-5747d4f3a2aa.root 382250 [84,87,86,90,85,88,89]
/store/data/Run2024F/JetMET0/RAW/v1/000/382/250/00000/98736565-92e4-42dd-af57-88b505d690b3.root 382250 [727,726]
/store/data/Run2024F/JetMET0/RAW/v1/000/382/250/00000/98a7b2ac-d0b4-4c6b-b06c-87e861784872.root 382250 [286,285]
/store/data/Run2024F/JetMET0/RAW/v1/000/382/250/00000/9919e158-886b-4199-8e2a-cdf087cc53d3.root 382250 [796,797]
/store/data/Run2024F/JetMET0/RAW/v1/000/382/250/00000/9a102621-d029-445c-9b06-01c3e52f4947.root 382250 [909,910,908]
/store/data/Run2024F/JetMET0/RAW/v1/000/382/250/00000/9a7fea5c-fd1d-46e9-98f9-8cd39ecb84ad.root 382250 [271,270]
/store/data/Run2024F/JetMET0/RAW/v1/000/382/250/00000/9ae95c9f-5b5e-4a58-a266-d99cbde7d951.root 382250 [632,633]
/store/data/Run2024F/JetMET0/RAW/v1/000/382/250/00000/9b3f2362-6ee5-4754-bbaf-f7d744709d76.root 382250 [773,772]
/store/data/Run2024F/JetMET0/RAW/v1/000/382/250/00000/9bb21f81-059b-4359-846c-62ef1ba0edf3.root 382250 [743,742]
/store/data/Run2024F/JetMET0/RAW/v1/000/382/250/00000/9c8b74ea-32c8-480e-a27a-b94b451b1d14.root 382250 [642,643]
/store/data/Run2024F/JetMET0/RAW/v1/000/382/250/00000/9cb9bea8-f8ce-4536-a17b-58a0244adc58.root 382250 [382,381]
/store/data/Run2024F/JetMET0/RAW/v1/000/382/250/00000/9ec4c151-0770-4cea-a766-cbdf1875efd4.root 382250 [175,176]
/store/data/Run2024F/JetMET0/RAW/v1/000/382/250/00000/9fde17b7-36be-46b1-9d9e-65fc1c57bcc9.root 382250 [302,301]
/store/data/Run2024F/JetMET0/RAW/v1/000/382/250/00000/a05b9368-e798-4033-8aec-f913b6151b96.root 382250 [846,845]
/store/data/Run2024F/JetMET0/RAW/v1/000/382/250/00000/a06c92ec-0493-4b6e-a21e-d4978521910e.root 382250 [370,369]
/store/data/Run2024F/JetMET0/RAW/v1/000/382/250/00000/a0d08757-32b1-45ba-b9c6-75eed2b6c26b.root 382250 [51,52,47,49,50,48]
/store/data/Run2024F/JetMET0/RAW/v1/000/382/250/00000/a17486be-a395-4d25-b0ee-98613a9ceb43.root 382250 [440,439]
/store/data/Run2024F/JetMET0/RAW/v1/000/382/250/00000/a1836218-cbbc-4b43-8b79-ddd4a2312349.root 382250 [915,914,916]
/store/data/Run2024F/JetMET0/RAW/v1/000/382/250/00000/a20bbc33-4668-4b16-8a5d-9b3f273121bd.root 382250 [778,779]
/store/data/Run2024F/JetMET0/RAW/v1/000/382/250/00000/a28913c5-a996-4466-81b2-0381dbd12622.root 382250 [401,402]
/store/data/Run2024F/JetMET0/RAW/v1/000/382/250/00000/a322e09a-09e1-4f84-baad-d5b9cc8cbde0.root 382250 [533,532]
/store/data/Run2024F/JetMET0/RAW/v1/000/382/250/00000/a3aa5785-b68c-4871-ad30-6ca73b9b9dcb.root 382250 [769,768]
/store/data/Run2024F/JetMET0/RAW/v1/000/382/250/00000/a3e97b41-798f-46c0-b483-eb6a188f29c1.root 382250 [474,475]
/store/data/Run2024F/JetMET0/RAW/v1/000/382/250/00000/a4330cbb-a2c2-45f7-a056-ae71c42a5962.root 382250 [353,354]
/store/data/Run2024F/JetMET0/RAW/v1/000/382/250/00000/a51da835-31aa-41c3-931d-d05a79893c6e.root 382250 [652,653]
/store/data/Run2024F/JetMET0/RAW/v1/000/382/250/00000/a55a61c7-368c-4453-bd05-14567684db86.root 382250 [469,468]
/store/data/Run2024F/JetMET0/RAW/v1/000/382/250/00000/a6411c67-4efa-40d7-a124-297725b0ac9b.root 382250 [280,281,282]
/store/data/Run2024F/JetMET0/RAW/v1/000/382/250/00000/a72f6eeb-e9b9-498f-83d3-1d3296f782e7.root 382250 [883,885,884]
/store/data/Run2024F/JetMET0/RAW/v1/000/382/250/00000/a7be6764-b907-406a-a8dc-fe1f9ee37dce.root 382250 [427,428]
/store/data/Run2024F/JetMET0/RAW/v1/000/382/250/00000/a825e3b9-9584-4bba-bb85-ed514d9daa24.root 382250 [157,158]
/store/data/Run2024F/JetMET0/RAW/v1/000/382/250/00000/a9cd3228-c937-404c-822f-ad966a5cf038.root 382250 [654,655]
/store/data/Run2024F/JetMET0/RAW/v1/000/382/250/00000/aa33298c-1542-46ae-a2a3-7736c59c699a.root 382250 [663,662]
/store/data/Run2024F/JetMET0/RAW/v1/000/382/250/00000/ab3ad2e1-56f9-4754-ae06-07b787c17600.root 382250 [221,222]
/store/data/Run2024F/JetMET0/RAW/v1/000/382/250/00000/abe061fa-9418-4b37-9723-e90d32b57fed.root 382250 [235,236]
/store/data/Run2024F/JetMET0/RAW/v1/000/382/250/00000/ad156694-1c98-4980-b478-162bbf2c684e.root 382250 [822,821]
/store/data/Run2024F/JetMET0/RAW/v1/000/382/250/00000/ad6f22f8-8f0e-4f9d-9580-844fe522476f.root 382250 [261,262]
/store/data/Run2024F/JetMET0/RAW/v1/000/382/250/00000/ad83c385-d601-4539-8712-91a732af2a82.root 382250 [321,322]
/store/data/Run2024F/JetMET0/RAW/v1/000/382/250/00000/ad979939-860f-4236-aa0f-e5ac0f6ab5ce.root 382250 [209,210]
/store/data/Run2024F/JetMET0/RAW/v1/000/382/250/00000/ae49281b-3a28-414e-a952-3ca273583881.root 382250 [689,688]
/store/data/Run2024F/JetMET0/RAW/v1/000/382/250/00000/aea67ed2-4e38-4df8-a680-1aeabfa03ba7.root 382250 [644,645]
/store/data/Run2024F/JetMET0/RAW/v1/000/382/250/00000/af658aa9-66ab-4da4-9afb-aacc7c354a00.root 382250 [243,244]
/store/data/Run2024F/JetMET0/RAW/v1/000/382/250/00000/af9384ba-2a5a-4a11-82f6-e36c430f36eb.root 382250 [813,814]
/store/data/Run2024F/JetMET0/RAW/v1/000/382/250/00000/afecff9e-f042-4365-9938-8e6274462549.root 382250 [391,392]
/store/data/Run2024F/JetMET0/RAW/v1/000/382/250/00000/b1eed2e8-8435-484a-bc34-19ca714c8d13.root 382250 [200,199]
/store/data/Run2024F/JetMET0/RAW/v1/000/382/250/00000/b2023313-a8ba-448e-999e-02e38309b672.root 382250 [283,284]
/store/data/Run2024F/JetMET0/RAW/v1/000/382/250/00000/b220fadf-cf88-4ab3-8746-af9d003647bf.root 382250 [629,628]
/store/data/Run2024F/JetMET0/RAW/v1/000/382/250/00000/b3e2750a-0728-438e-b02f-9d911ef85a20.root 382250 [239,240]
/store/data/Run2024F/JetMET0/RAW/v1/000/382/250/00000/b448a8eb-24ee-46fd-bf3c-d91a8398b632.root 382250 [434,433]
/store/data/Run2024F/JetMET0/RAW/v1/000/382/250/00000/b5594d61-fdcb-4083-be3b-fa502438bbb5.root 382250 [700,701]
/store/data/Run2024F/JetMET0/RAW/v1/000/382/250/00000/b57e3577-dca9-4498-ae8a-bfd43a7686f6.root 382250 [460,461]
/store/data/Run2024F/JetMET0/RAW/v1/000/382/250/00000/b5c55ea2-ac05-4542-92b8-fdd735913465.root 382250 [548,549]
/store/data/Run2024F/JetMET0/RAW/v1/000/382/250/00000/b7226c25-ef3f-410f-b6e0-8c7775bfe806.root 382250 [267,268]
/store/data/Run2024F/JetMET0/RAW/v1/000/382/250/00000/b79d304a-f90f-468d-92c2-1c81da1b4fd6.root 382250 [318,317]
/store/data/Run2024F/JetMET0/RAW/v1/000/382/250/00000/b7d91785-e5a3-4183-a91e-8a8ffb9a2043.root 382250 [498,499]
/store/data/Run2024F/JetMET0/RAW/v1/000/382/250/00000/b7f3c139-54f6-446f-89de-0ed76b037a7b.root 382250 [333,334]
/store/data/Run2024F/JetMET0/RAW/v1/000/382/250/00000/b82eb199-3a0d-4683-afc5-d3d6c50d55db.root 382250 [794,795]
/store/data/Run2024F/JetMET0/RAW/v1/000/382/250/00000/b8546137-eb81-4e6e-b1c0-5fe7b62b49a3.root 382250 [691,690]
/store/data/Run2024F/JetMET0/RAW/v1/000/382/250/00000/b9920a7f-155f-48fa-8049-f226d8fb255a.root 382250 [405,406]
/store/data/Run2024F/JetMET0/RAW/v1/000/382/250/00000/ba3b01e4-bebd-43d9-b521-c4655896db0d.root 382250 [887,886]
/store/data/Run2024F/JetMET0/RAW/v1/000/382/250/00000/ba74ed76-f2f8-4539-847f-620969f8c73b.root 382250 [167,168]
/store/data/Run2024F/JetMET0/RAW/v1/000/382/250/00000/bb3ee5f4-1995-4fc2-9a02-0c8a19db1f31.root 382250 [842,841]
/store/data/Run2024F/JetMET0/RAW/v1/000/382/250/00000/bd7bba7c-a6ca-4ffe-9697-0939e541b947.root 382250 [893,891,892]
/store/data/Run2024F/JetMET0/RAW/v1/000/382/250/00000/be585061-3766-42e8-aa0e-5a9328155a73.root 382250 [660,661]
/store/data/Run2024F/JetMET0/RAW/v1/000/382/250/00000/be8ac3c1-9643-4965-97b7-faded877ea84.root 382250 [780,781]
/store/data/Run2024F/JetMET0/RAW/v1/000/382/250/00000/beb529b0-20bd-4313-afe9-9a0400861acb.root 382250 [512,513]
/store/data/Run2024F/JetMET0/RAW/v1/000/382/250/00000/bec2f0a5-e313-4057-a59e-0395d719b672.root 382250 [72,74,71,75,76,73]
/store/data/Run2024F/JetMET0/RAW/v1/000/382/250/00000/bf345ac7-ba2b-4cfc-921c-4055978d12d2.root 382250 [786,787]
/store/data/Run2024F/JetMET0/RAW/v1/000/382/250/00000/bf3c9621-62d0-45e7-b0fd-49710e869729.root 382250 [602,603]
/store/data/Run2024F/JetMET0/RAW/v1/000/382/250/00000/c09fa008-e6cc-4fce-a97f-f76e97703fcf.root 382250 [571,570]
/store/data/Run2024F/JetMET0/RAW/v1/000/382/250/00000/c1005b0a-3c65-4343-8efb-1c6e9dbe1607.root 382250 [741,740]
/store/data/Run2024F/JetMET0/RAW/v1/000/382/250/00000/c190d74e-aa1c-4ef5-b96e-7428726462a7.root 382250 [524,525]
/store/data/Run2024F/JetMET0/RAW/v1/000/382/250/00000/c28204d5-b7fd-48eb-b747-2b0ddf9fa8a0.root 382250 [756,757]
/store/data/Run2024F/JetMET0/RAW/v1/000/382/250/00000/c2f4d2f4-84e4-4564-b3f9-ff75a9e430e4.root 382250 [446,445]
/store/data/Run2024F/JetMET0/RAW/v1/000/382/250/00000/c31d309f-3c44-4dd2-bb2f-4b7200d0ba6e.root 382250 [459,458]
/store/data/Run2024F/JetMET0/RAW/v1/000/382/250/00000/c472f58c-ddf0-4895-b258-8da1efd3ab3b.root 382250 [380,379]
/store/data/Run2024F/JetMET0/RAW/v1/000/382/250/00000/c52740e3-1dc2-46e3-89de-e8eb9cc96625.root 382250 [343,344]
/store/data/Run2024F/JetMET0/RAW/v1/000/382/250/00000/c554cd0d-2988-4665-a987-b35fa701fffb.root 382250 [453,454]
/store/data/Run2024F/JetMET0/RAW/v1/000/382/250/00000/c5a3bfcb-7576-4b55-b483-aacc83ce60ff.root 382250 [621,620]
/store/data/Run2024F/JetMET0/RAW/v1/000/382/250/00000/c62b4044-92e9-4169-8428-5c73488f21b3.root 382250 [587,586]
/store/data/Run2024F/JetMET0/RAW/v1/000/382/250/00000/c678d2ec-6fcb-4f9f-bf26-e2b45ff182bf.root 382250 [658,659]
/store/data/Run2024F/JetMET0/RAW/v1/000/382/250/00000/c7830df4-0d50-4f10-a93d-ee915d38a06f.root 382250 [414,413]
/store/data/Run2024F/JetMET0/RAW/v1/000/382/250/00000/c7f15082-0193-48eb-a33f-d9be2bae41f9.root 382250 [505,504]
/store/data/Run2024F/JetMET0/RAW/v1/000/382/250/00000/c88cccb0-ea3f-4a47-8ea1-c012c45e4cd8.root 382250 [288,287]
/store/data/Run2024F/JetMET0/RAW/v1/000/382/250/00000/c94c9e4d-9084-4192-b67d-60f0ae721d85.root 382250 [764,765]
/store/data/Run2024F/JetMET0/RAW/v1/000/382/250/00000/c9a01e4e-c853-44fb-8a24-8b4f72a462c2.root 382250 [384,383]
/store/data/Run2024F/JetMET0/RAW/v1/000/382/250/00000/cacc4e65-68c8-4221-badc-9dc2461f1291.root 382250 [416,415]
/store/data/Run2024F/JetMET0/RAW/v1/000/382/250/00000/cc13e4ff-e916-412e-b776-3f98d86d20cc.root 382250 [611,610]
/store/data/Run2024F/JetMET0/RAW/v1/000/382/250/00000/cca5d880-a501-469f-8f2e-8e1e8a252405.root 382250 [289,290]
/store/data/Run2024F/JetMET0/RAW/v1/000/382/250/00000/ccffd27b-708b-4803-95e2-5eefbe9096b7.root 382250 [519,518]
/store/data/Run2024F/JetMET0/RAW/v1/000/382/250/00000/cd3bc515-91a9-4936-9097-3766b669a809.root 382250 [166,165]
/store/data/Run2024F/JetMET0/RAW/v1/000/382/250/00000/cf30ce16-8c50-4d6a-8cb9-74d430caced1.root 382250 [143,144]
/store/data/Run2024F/JetMET0/RAW/v1/000/382/250/00000/cfa23c83-aa85-4d48-abf4-527ca5fe6173.root 382250 [186,185]
/store/data/Run2024F/JetMET0/RAW/v1/000/382/250/00000/d0bbc014-2f65-411d-96c9-e50a94959f5f.root 382250 [313,314]
/store/data/Run2024F/JetMET0/RAW/v1/000/382/250/00000/d15e3328-b8be-4869-af5b-5a6c704904e8.root 382250 [863,864]
/store/data/Run2024F/JetMET0/RAW/v1/000/382/250/00000/d1a157cf-eeb3-4adf-8c09-869330b4b30e.root 382250 [395,396]
/store/data/Run2024F/JetMET0/RAW/v1/000/382/250/00000/d2381192-e07f-4016-bcf2-3c92f73b8e5c.root 382250 [430,429]
/store/data/Run2024F/JetMET0/RAW/v1/000/382/250/00000/d3ae7a31-74fb-4f82-9bee-75dfc71aa3eb.root 382250 [579,578]
/store/data/Run2024F/JetMET0/RAW/v1/000/382/250/00000/d3cd5555-3d5f-4ccc-abf0-59bcc9140ca7.root 382250 [174,173]
/store/data/Run2024F/JetMET0/RAW/v1/000/382/250/00000/d402a737-5bd7-417a-a667-09f04a4b20a0.root 382250 [546,547]
/store/data/Run2024F/JetMET0/RAW/v1/000/382/250/00000/d4734452-a364-4f5e-9c09-47dcc329c5a6.root 382250 [207,208]
/store/data/Run2024F/JetMET0/RAW/v1/000/382/250/00000/d485de7c-6f4a-4f1d-bea1-0f7151c42d42.root 382250 [607,606]
/store/data/Run2024F/JetMET0/RAW/v1/000/382/250/00000/d48ac23d-f712-4757-842d-81aa8901cd88.root 382250 [681,680]
/store/data/Run2024F/JetMET0/RAW/v1/000/382/250/00000/d50bd612-d818-4e0c-b53f-e4d425ca72ea.root 382250 [203,204]
/store/data/Run2024F/JetMET0/RAW/v1/000/382/250/00000/d565f2b0-4d8b-4a23-9831-132a2d68404b.root 382250 [631,630]
/store/data/Run2024F/JetMET0/RAW/v1/000/382/250/00000/d5bff939-70fc-4f9c-8a0a-0e29a2d8243d.root 382250 [479,478]
/store/data/Run2024F/JetMET0/RAW/v1/000/382/250/00000/d7c4cbcd-fbed-4b25-b4ec-ce705ce5f3a3.root 382250 [552,553]
/store/data/Run2024F/JetMET0/RAW/v1/000/382/250/00000/d7fabdbe-a4b9-47ea-8b1f-f1d5a629335c.root 382250 [351,352]
/store/data/Run2024F/JetMET0/RAW/v1/000/382/250/00000/d873228c-3ce3-4d49-8c47-b41042f912e1.root 382250 [801,800]
/store/data/Run2024F/JetMET0/RAW/v1/000/382/250/00000/da6fe37f-7a69-4640-8545-d5d8af7366c6.root 382250 [309,310]
/store/data/Run2024F/JetMET0/RAW/v1/000/382/250/00000/db903cff-93ba-4fe6-8d8b-21586a343b8b.root 382250 [758,759]
/store/data/Run2024F/JetMET0/RAW/v1/000/382/250/00000/dddbb69d-e3dc-4178-919b-2a9cc4f5beaf.root 382250 [14,20,24,34,42,44,8,12,17,38,41,45,10,31,36,43,7,9,23,30,5,11,16,27,40,46,6,19,25,26,29,35,1,2,18,21,22,32,33,37,3,4,13,15,28,39]
/store/data/Run2024F/JetMET0/RAW/v1/000/382/250/00000/de11b6f7-a24c-430e-ad74-6043daa80822.root 382250 [520,521]
/store/data/Run2024F/JetMET0/RAW/v1/000/382/250/00000/dec367ba-b136-4820-a0fe-7d14a7883986.root 382250 [483,482]
/store/data/Run2024F/JetMET0/RAW/v1/000/382/250/00000/df018d6c-f59b-40f0-abf6-508b5a28aed7.root 382250 [426,425]
/store/data/Run2024F/JetMET0/RAW/v1/000/382/250/00000/dfad85b7-92db-4fab-a06e-134b98dc5d18.root 382250 [836,835]
/store/data/Run2024F/JetMET0/RAW/v1/000/382/250/00000/e00832ab-889f-4b7a-8237-7c7999d7aff6.root 382250 [81,78,79,82,80,83,77]
/store/data/Run2024F/JetMET0/RAW/v1/000/382/250/00000/e063e33d-c4de-4201-9322-d50aa15a7d69.root 382250 [160,159]
/store/data/Run2024F/JetMET0/RAW/v1/000/382/250/00000/e1c6440f-d756-4ac4-a6f0-479e6bcc0e9d.root 382250 [541,540]
/store/data/Run2024F/JetMET0/RAW/v1/000/382/250/00000/e2c20a83-c8f3-4845-becf-409a345c2843.root 382250 [169,170]
/store/data/Run2024F/JetMET0/RAW/v1/000/382/250/00000/e2d2297d-1ae5-4ca5-a831-a49889ef0f14.root 382250 [679,678]
/store/data/Run2024F/JetMET0/RAW/v1/000/382/250/00000/e33776df-7405-4c99-9647-18cd3091ed99.root 382250 [376,375]
/store/data/Run2024F/JetMET0/RAW/v1/000/382/250/00000/e44dcf65-167b-4907-b9fc-2813508c4f9a.root 382250 [431,432]
/store/data/Run2024F/JetMET0/RAW/v1/000/382/250/00000/e44e4e46-2580-4e5f-9dc0-f0c5d359e93a.root 382250 [683,682]
/store/data/Run2024F/JetMET0/RAW/v1/000/382/250/00000/e6cecac9-c424-468f-9f99-2f4c13514d6e.root 382250 [687,686]
/store/data/Run2024F/JetMET0/RAW/v1/000/382/250/00000/e758f767-4a7f-4eb7-ad8a-835faf765391.root 382250 [591,590]
/store/data/Run2024F/JetMET0/RAW/v1/000/382/250/00000/e77523b1-0a7b-42f5-a35d-00be59a62c6d.root 382250 [692,693]
/store/data/Run2024F/JetMET0/RAW/v1/000/382/250/00000/e7afa38e-27a3-47fe-95e3-cb8f095f0118.root 382250 [536,537]
/store/data/Run2024F/JetMET0/RAW/v1/000/382/250/00000/e806832b-befc-4478-99d0-cde00049d609.root 382250 [581,580]
/store/data/Run2024F/JetMET0/RAW/v1/000/382/250/00000/e820ffb9-d4ef-445c-9475-3615b340e3a9.root 382250 [260,259]
/store/data/Run2024F/JetMET0/RAW/v1/000/382/250/00000/e8c905df-622c-41ba-a416-65b2c354f010.root 382250 [807,808]
/store/data/Run2024F/JetMET0/RAW/v1/000/382/250/00000/e8f9ff06-a1f4-4dd9-b150-cff67832d897.root 382250 [744,745]
/store/data/Run2024F/JetMET0/RAW/v1/000/382/250/00000/e943d39e-4edc-4d3f-802d-61e7699c8ca2.root 382250 [792,793]
/store/data/Run2024F/JetMET0/RAW/v1/000/382/250/00000/e9470726-285c-4377-99c7-692140449967.root 382250 [735,734]
/store/data/Run2024F/JetMET0/RAW/v1/000/382/250/00000/e96d8370-bd4e-4b08-871c-52953d544901.root 382250 [820,819]
/store/data/Run2024F/JetMET0/RAW/v1/000/382/250/00000/e9d0cf4d-f23b-433a-bd3a-b1d7eb0ba22a.root 382250 [798,799]
/store/data/Run2024F/JetMET0/RAW/v1/000/382/250/00000/ea0a4c42-33d4-41c9-9868-421e40dbc586.root 382250 [867,868]
/store/data/Run2024F/JetMET0/RAW/v1/000/382/250/00000/eab142ff-0c3a-4629-b19e-0762c2283720.root 382250 [308,307]
/store/data/Run2024F/JetMET0/RAW/v1/000/382/250/00000/ead72769-1635-42ae-a668-a6c5141573e9.root 382250 [224,223]
/store/data/Run2024F/JetMET0/RAW/v1/000/382/250/00000/ec9d28c7-c33e-4092-9a52-8508f926f84a.root 382250 [771,770]
/store/data/Run2024F/JetMET0/RAW/v1/000/382/250/00000/eca8286b-19d0-425f-b05d-e071a5b66038.root 382250 [191,192]
/store/data/Run2024F/JetMET0/RAW/v1/000/382/250/00000/ecf300f5-c9d8-4b78-8b6b-65d266dddd62.root 382250 [728,729]
/store/data/Run2024F/JetMET0/RAW/v1/000/382/250/00000/ee4b7b13-fc10-46c8-970b-77e8d00aec7a.root 382250 [637,636]
/store/data/Run2024F/JetMET0/RAW/v1/000/382/250/00000/eed8ba59-db92-472e-8612-38ca28d8405d.root 382250 [389,390]
/store/data/Run2024F/JetMET0/RAW/v1/000/382/250/00000/eeebda94-22b5-4be9-8b5b-f5f6a639f1cb.root 382250 [810,809]
/store/data/Run2024F/JetMET0/RAW/v1/000/382/250/00000/efbb98ec-9fb6-4e77-a6ea-20d9b59ebbe0.root 382250 [347,348]
/store/data/Run2024F/JetMET0/RAW/v1/000/382/250/00000/f01b5e65-6054-4232-95c2-6d5e350217e7.root 382250 [595,594]
/store/data/Run2024F/JetMET0/RAW/v1/000/382/250/00000/f045aa33-4d8f-459d-ab5a-312c2c8e5eaa.root 382250 [788,789]
/store/data/Run2024F/JetMET0/RAW/v1/000/382/250/00000/f0a85454-30d4-455f-90f9-0e9c13424eb7.root 382250 [355,356]
/store/data/Run2024F/JetMET0/RAW/v1/000/382/250/00000/f1a0f82e-948e-4bba-9c7f-02107423216e.root 382250 [668,669]
/store/data/Run2024F/JetMET0/RAW/v1/000/382/250/00000/f306b689-c3e4-40a8-be10-0894992ec271.root 382250 [359,360]
/store/data/Run2024F/JetMET0/RAW/v1/000/382/250/00000/f33aa8c9-239a-451a-8942-41aa4db1b208.root 382250 [123,125,121,124,122]
/store/data/Run2024F/JetMET0/RAW/v1/000/382/250/00000/f3bb64b9-92f3-447c-ab70-4e5b7158c9b0.root 382250 [305,306]
/store/data/Run2024F/JetMET0/RAW/v1/000/382/250/00000/f3e8ccad-74ec-4791-9772-35c7fe0d8a64.root 382250 [826,825]
/store/data/Run2024F/JetMET0/RAW/v1/000/382/250/00000/f4015e15-713d-4906-bd85-9e8c7b0f36d7.root 382250 [449,450]
/store/data/Run2024F/JetMET0/RAW/v1/000/382/250/00000/f43664aa-bbd3-4967-974a-212e4bb04eba.root 382250 [782,783]
/store/data/Run2024F/JetMET0/RAW/v1/000/382/250/00000/f43fd98b-c3a6-4e5d-b9ef-23025c44215d.root 382250 [161,162]
/store/data/Run2024F/JetMET0/RAW/v1/000/382/250/00000/f4e3bb29-d67b-4a6d-a207-42420da4f3b4.root 382250 [600,601]
/store/data/Run2024F/JetMET0/RAW/v1/000/382/250/00000/f4e82037-048f-48d4-971c-d15b376b4dd4.root 382250 [739,738]
/store/data/Run2024F/JetMET0/RAW/v1/000/382/250/00000/f61245bd-1fc9-474a-a4bd-8d49e9e9449b.root 382250 [873,874]
/store/data/Run2024F/JetMET0/RAW/v1/000/382/250/00000/f723b3bc-dbd3-4122-8554-26729fe40387.root 382250 [831,832]
/store/data/Run2024F/JetMET0/RAW/v1/000/382/250/00000/fa6c1a0b-dd97-4247-9cf5-5f34631b5664.root 382250 [326,325]
/store/data/Run2024F/JetMET0/RAW/v1/000/382/250/00000/fae585b2-7d8e-488a-8b0c-8adc0ca3c986.root 382250 [249,250]
/store/data/Run2024F/JetMET0/RAW/v1/000/382/250/00000/fb92242b-abf7-4e12-8496-4e714e3b748b.root 382250 [463,462]
/store/data/Run2024F/JetMET0/RAW/v1/000/382/250/00000/fbcaf7e4-7670-4ec6-b89c-2e954fcea023.root 382250 [566,567]
/store/data/Run2024F/JetMET0/RAW/v1/000/382/250/00000/fd7f1702-425a-4530-8c51-6b6fd50633fb.root 382250 [442,441]
/store/data/Run2024F/JetMET0/RAW/v1/000/382/250/00000/fecc5ff6-f4dd-470e-8ead-f4ea369a7eab.root 382250 [366,365]
/store/data/Run2024F/JetMET0/RAW/v1/000/382/250/00000/feec8a31-c302-4de5-b202-60504bb82038.root 382250 [583,582]
/store/data/Run2024F/JetMET0/RAW/v1/000/382/250/00000/ff662756-e2e4-49cc-b8e6-f52cfd08a0ba.root 382250 [133,132,131,134]
/store/data/Run2024F/JetMET0/RAW/v1/000/382/250/00000/ffb301d8-e3be-4fa8-a79f-afb83d75596f.root 382250 [859,860]
/store/data/Run2024F/JetMET0/RAW/v1/000/382/250/00000/ffcd54dd-a7f7-4122-8f8f-0bb1ff4e8697.root 382250 [373,374]
