/store/data/Run2022B/ZeroBias/RAW/v1/000/355/374/00000/02b5f824-0761-4cb4-bd08-321ad153b2f6.root 355374 [65,63,66,64]
/store/data/Run2022B/ZeroBias/RAW/v1/000/355/374/00000/05b74850-a08f-4000-831f-7b7f08098538.root 355374 [78,79]
/store/data/Run2022B/ZeroBias/RAW/v1/000/355/374/00000/28b8ff67-444a-4f3c-a108-3c2e6b746cbf.root 355374 [67]
/store/data/Run2022B/ZeroBias/RAW/v1/000/355/374/00000/384549ad-01bd-4e93-9fef-c5ec99887582.root 355374 [77,76]
/store/data/Run2022B/ZeroBias/RAW/v1/000/355/374/00000/3b7df137-58de-402b-89fc-70a398772dbd.root 355374 [74,75]
/store/data/Run2022B/ZeroBias/RAW/v1/000/355/374/00000/4a963ede-d05d-47a0-8d73-b97545b5cf16.root 355374 [68,69]
/store/data/Run2022B/ZeroBias/RAW/v1/000/355/374/00000/949adf3d-0669-4f18-b522-faa0f9ac7748.root 355374 [84,82,83,81,80]
/store/data/Run2022B/ZeroBias/RAW/v1/000/355/374/00000/99aadcd7-e25f-4399-a70b-ebf6a2652b17.root 355374 [42,43,51,41,50,53,44,45,46,49,52,56,58,47,48,57,54,55]
/store/data/Run2022B/ZeroBias/RAW/v1/000/355/374/00000/d1a036d8-afae-4142-8ba7-0e8dd0285935.root 355374 [73,72]
/store/data/Run2022B/ZeroBias/RAW/v1/000/355/374/00000/dac6e4dc-f379-40ab-b57e-ed721579f665.root 355374 [70,71]
/store/data/Run2022B/ZeroBias/RAW/v1/000/355/374/00000/e3892e24-959f-492e-ab57-5f1969dad8d1.root 355374 [7,15,20,30,36,37,39,19,28,8,11,17,26,29,35,40,6,12,16,18,25,27,1,2,3,13,21,23,31,5,14,22,9,10,24,32,33,38,4,34]
/store/data/Run2022B/ZeroBias/RAW/v1/000/355/374/00000/fd1896f5-9c0b-4314-a60a-33b9d0c250e2.root 355374 [62,59,61,60]
/store/data/Run2022B/ZeroBias/RAW/v1/000/355/381/00000/08cc8241-a5d5-4288-9c5e-f46d1f007d41.root 355381 [266,268,265,267]
/store/data/Run2022B/ZeroBias/RAW/v1/000/355/381/00000/1090d53d-633b-4b87-a3c8-359fcd9d3f19.root 355381 [194,195,196]
/store/data/Run2022B/ZeroBias/RAW/v1/000/355/381/00000/11e88903-70fb-4076-9d7c-01d8fe3e3eb4.root 355381 [104,103,105]
/store/data/Run2022B/ZeroBias/RAW/v1/000/355/381/00000/1378da10-4a7d-4684-a74a-241d1c1f7714.root 355381 [117,116,118]
/store/data/Run2022B/ZeroBias/RAW/v1/000/355/381/00000/1381d05d-91c6-45bb-a969-79229b63d0f0.root 355381 [185,186,187]
/store/data/Run2022B/ZeroBias/RAW/v1/000/355/381/00000/14d678ac-782b-44fc-aa01-b47c74b33dda.root 355381 [315,313,314]
/store/data/Run2022B/ZeroBias/RAW/v1/000/355/381/00000/16423078-cec4-4f53-b5a4-3a8fbaf3d4e6.root 355381 [143,144,145]
/store/data/Run2022B/ZeroBias/RAW/v1/000/355/381/00000/16bab4d3-f6f3-4ca9-8706-fae9dac7e2b2.root 355381 [339,341,340,342]
/store/data/Run2022B/ZeroBias/RAW/v1/000/355/381/00000/2245ea0a-38a9-4f8f-8c5b-1a03ea1a180c.root 355381 [98,99,97]
/store/data/Run2022B/ZeroBias/RAW/v1/000/355/381/00000/25391d36-0f9f-4212-b4a3-653bb330c0bd.root 355381 [13,15,14]
/store/data/Run2022B/ZeroBias/RAW/v1/000/355/381/00000/26dc084e-1492-44a5-9566-a716abe7ecba.root 355381 [53,54,52]
/store/data/Run2022B/ZeroBias/RAW/v1/000/355/381/00000/27e5809d-5627-4fb2-9fe5-9de7e4afcd4f.root 355381 [121,120,119]
/store/data/Run2022B/ZeroBias/RAW/v1/000/355/381/00000/2b530bbf-758d-4684-bd18-719a8180dc46.root 355381 [1,2,3]
/store/data/Run2022B/ZeroBias/RAW/v1/000/355/381/00000/2be0586d-b450-4f43-9a99-97734b8e4215.root 355381 [26,25,27]
/store/data/Run2022B/ZeroBias/RAW/v1/000/355/381/00000/2d46d761-9671-4a0a-92b2-0ee4e0c15c39.root 355381 [33,31,32]
/store/data/Run2022B/ZeroBias/RAW/v1/000/355/381/00000/2f305e74-4b27-4689-860a-14e41ff40f10.root 355381 [282,283,284]
/store/data/Run2022B/ZeroBias/RAW/v1/000/355/381/00000/36564305-a389-4465-beaa-0ca7efccb74f.root 355381 [94,95,96]
/store/data/Run2022B/ZeroBias/RAW/v1/000/355/381/00000/376f6f1e-469a-4d5f-a5a5-e94eb81fc719.root 355381 [286,287,285]
/store/data/Run2022B/ZeroBias/RAW/v1/000/355/381/00000/3a21e20b-9432-437a-a59c-11b411909153.root 355381 [45,44,43]
/store/data/Run2022B/ZeroBias/RAW/v1/000/355/381/00000/3be526ac-8ce6-4ce8-9945-da284143d086.root 355381 [192,191,193]
/store/data/Run2022B/ZeroBias/RAW/v1/000/355/381/00000/3e8b4f91-b365-41ff-8a6f-78caf5bad18c.root 355381 [302,301,300]
/store/data/Run2022B/ZeroBias/RAW/v1/000/355/381/00000/3eb2c1a0-02d9-4c75-b144-ce7a5f9f87d0.root 355381 [277,278,276,275]
/store/data/Run2022B/ZeroBias/RAW/v1/000/355/381/00000/4089c9e1-f2da-4aef-81c1-a38d7649ab05.root 355381 [38,39,37]
/store/data/Run2022B/ZeroBias/RAW/v1/000/355/381/00000/430d809f-55e8-417e-9167-e8dfffd33dad.root 355381 [331,332,330]
/store/data/Run2022B/ZeroBias/RAW/v1/000/355/381/00000/43903c28-7700-434a-b770-cc835fcad5b8.root 355381 [258,259,257,260]
/store/data/Run2022B/ZeroBias/RAW/v1/000/355/381/00000/43ff52a9-4dbd-446d-b0e0-cbdc95fee183.root 355381 [241,242,243]
/store/data/Run2022B/ZeroBias/RAW/v1/000/355/381/00000/46a6ed6e-2b73-43b8-8131-77fc4337f29f.root 355381 [19,20,21]
/store/data/Run2022B/ZeroBias/RAW/v1/000/355/381/00000/48612c67-3324-4e29-b22e-14252e9e21b6.root 355381 [154,155,153]
/store/data/Run2022B/ZeroBias/RAW/v1/000/355/381/00000/489c8758-91ce-464c-b6c4-c325a2ea28b0.root 355381 [201,200,202]
/store/data/Run2022B/ZeroBias/RAW/v1/000/355/381/00000/4e1af160-ea92-46ab-9738-182f0b5f295f.root 355381 [146,149,147,148]
/store/data/Run2022B/ZeroBias/RAW/v1/000/355/381/00000/4f278d24-42c7-4f85-8047-d118658199c3.root 355381 [317,316,318]
/store/data/Run2022B/ZeroBias/RAW/v1/000/355/381/00000/51ac91c1-0570-4b25-91ff-2a05487e0973.root 355381 [83,84,82]
/store/data/Run2022B/ZeroBias/RAW/v1/000/355/381/00000/53d0547a-139d-40b1-85b3-3ce837d3dfff.root 355381 [311,310,312]
/store/data/Run2022B/ZeroBias/RAW/v1/000/355/381/00000/54320616-fb80-40be-915d-0d732e8a75a0.root 355381 [288,289,290]
/store/data/Run2022B/ZeroBias/RAW/v1/000/355/381/00000/54dc76e3-db45-4f7f-ac40-3b1ef1167dec.root 355381 [343,345,344,346]
/store/data/Run2022B/ZeroBias/RAW/v1/000/355/381/00000/54e7225b-862a-4c67-b361-10eb5afd4d58.root 355381 [163]
/store/data/Run2022B/ZeroBias/RAW/v1/000/355/381/00000/55dae7a1-6ee8-462f-99b9-312c18624305.root 355381 [336,338,337]
/store/data/Run2022B/ZeroBias/RAW/v1/000/355/381/00000/5b0923f8-96b8-4de9-bf33-c7eed3b45011.root 355381 [161,159,160]
/store/data/Run2022B/ZeroBias/RAW/v1/000/355/381/00000/5b53b50e-2c3d-481f-8e58-59d9268b5a02.root 355381 [92,91,93]
/store/data/Run2022B/ZeroBias/RAW/v1/000/355/381/00000/5babee47-2e29-43dd-a257-2a9f6be0b2eb.root 355381 [324,323,325]
/store/data/Run2022B/ZeroBias/RAW/v1/000/355/381/00000/5d1db26d-b7ee-47e5-8bdb-e0c6d20f3185.root 355381 [131,132,129,130]
/store/data/Run2022B/ZeroBias/RAW/v1/000/355/381/00000/5e3322e8-52f7-464c-8077-7c67fb915cdb.root 355381 [34,36,35]
/store/data/Run2022B/ZeroBias/RAW/v1/000/355/381/00000/5ed087d2-b750-44cc-877a-bf68a01b11ff.root 355381 [140,141,139,142]
/store/data/Run2022B/ZeroBias/RAW/v1/000/355/381/00000/6550b0e0-fb4c-451f-a55c-8e40cd96145c.root 355381 [73,74,75]
/store/data/Run2022B/ZeroBias/RAW/v1/000/355/381/00000/66b5cabc-657a-4234-8a62-6ea203e47c65.root 355381 [271,270,269]
/store/data/Run2022B/ZeroBias/RAW/v1/000/355/381/00000/67e9d12d-ee9e-4bcc-a562-8a84f59215f7.root 355381 [273,274,272]
/store/data/Run2022B/ZeroBias/RAW/v1/000/355/381/00000/68addd10-892d-4edf-9843-90f4fc18ca25.root 355381 [232,233,234]
/store/data/Run2022B/ZeroBias/RAW/v1/000/355/381/00000/696edf94-9639-4adf-b72e-4ba16ad6c6c4.root 355381 [30,29,28]
/store/data/Run2022B/ZeroBias/RAW/v1/000/355/381/00000/6a9b64db-cc23-4cc2-8f91-fe2c447173ea.root 355381 [357,356]
/store/data/Run2022B/ZeroBias/RAW/v1/000/355/381/00000/6ceb13ac-ce3f-4d8c-918b-a939098412d0.root 355381 [354,353,355]
/store/data/Run2022B/ZeroBias/RAW/v1/000/355/381/00000/6d5ba57f-3ef4-489d-a7d8-03b447f8849f.root 355381 [114,113,115]
/store/data/Run2022B/ZeroBias/RAW/v1/000/355/381/00000/6e60b720-65c7-4718-bc7b-2853477186a3.root 355381 [307,308,306,309]
/store/data/Run2022B/ZeroBias/RAW/v1/000/355/381/00000/725d8f90-fa3d-418d-aa91-96e1d35b410a.root 355381 [247,244,245,246]
/store/data/Run2022B/ZeroBias/RAW/v1/000/355/381/00000/740fad9d-c1af-48fa-8257-14331eacda6a.root 355381 [210,207,208,209]
/store/data/Run2022B/ZeroBias/RAW/v1/000/355/381/00000/777ac377-91d8-46f9-9db5-9895b32b5cd0.root 355381 [47,46,48]
/store/data/Run2022B/ZeroBias/RAW/v1/000/355/381/00000/798ac939-fe5d-4a26-ae80-1a7a05e3003f.root 355381 [334,333,335]
/store/data/Run2022B/ZeroBias/RAW/v1/000/355/381/00000/7bff6b35-3182-4937-ba54-1954b7b1cb6b.root 355381 [17,16,18]
/store/data/Run2022B/ZeroBias/RAW/v1/000/355/381/00000/831942e5-94f3-4695-a8ca-370647c209de.root 355381 [64,65,66]
/store/data/Run2022B/ZeroBias/RAW/v1/000/355/381/00000/88849ad7-9475-418e-8260-df66793f6968.root 355381 [295,294,296]
/store/data/Run2022B/ZeroBias/RAW/v1/000/355/381/00000/8c284326-fb90-4c48-8a94-e8dad9200832.root 355381 [150,152,151]
/store/data/Run2022B/ZeroBias/RAW/v1/000/355/381/00000/8c652888-689e-48d9-8c4d-8186eb4061cd.root 355381 [279,281,280]
/store/data/Run2022B/ZeroBias/RAW/v1/000/355/381/00000/8cb548d6-87c1-47e7-95d5-69abdbc13b52.root 355381 [212,213,211]
/store/data/Run2022B/ZeroBias/RAW/v1/000/355/381/00000/8ccf9773-9a25-4445-9c2f-caa8ec7ea6aa.root 355381 [6,5,4]
/store/data/Run2022B/ZeroBias/RAW/v1/000/355/381/00000/8d593b1b-7dff-482d-99c4-2d846dd020bf.root 355381 [203,206,204,205]
/store/data/Run2022B/ZeroBias/RAW/v1/000/355/381/00000/8dff0d79-2d5d-46bb-991f-b7d9e2f799a1.root 355381 [136,137,138]
/store/data/Run2022B/ZeroBias/RAW/v1/000/355/381/00000/92094a4a-4a51-49b4-8bd3-3e9abd4fb718.root 355381 [239,240,238]
/store/data/Run2022B/ZeroBias/RAW/v1/000/355/381/00000/9426e4bf-a124-4b62-bf6b-bb47787455e3.root 355381 [168,170,169]
/store/data/Run2022B/ZeroBias/RAW/v1/000/355/381/00000/947c2ac5-e9a6-4048-af7f-f228974cba7e.root 355381 [69,67,68]
/store/data/Run2022B/ZeroBias/RAW/v1/000/355/381/00000/987a2ad9-6b75-47ef-917c-2b0f5ca4da3b.root 355381 [328,327,329,326]
/store/data/Run2022B/ZeroBias/RAW/v1/000/355/381/00000/9f23dcae-5bd9-4f35-8d4b-cbb25f5e0679.root 355381 [303,304,305]
/store/data/Run2022B/ZeroBias/RAW/v1/000/355/381/00000/a07e2e28-eb9b-4255-8a01-a077495c933d.root 355381 [222,221,220]
/store/data/Run2022B/ZeroBias/RAW/v1/000/355/381/00000/a0bb947e-f041-4e49-a2cb-ee31cc3d89c9.root 355381 [264,262,263,261]
/store/data/Run2022B/ZeroBias/RAW/v1/000/355/381/00000/a1080de0-1bae-4bc9-82e1-7146434f5219.root 355381 [226,228,227]
/store/data/Run2022B/ZeroBias/RAW/v1/000/355/381/00000/a25672dc-2692-48bf-8df5-ab3a3e983a4f.root 355381 [162]
/store/data/Run2022B/ZeroBias/RAW/v1/000/355/381/00000/a784e2bd-7dab-47f7-a296-de89a8955248.root 355381 [63,62,61]
/store/data/Run2022B/ZeroBias/RAW/v1/000/355/381/00000/a8522f35-1681-4844-a12b-34c897faae31.root 355381 [157,158,156]
/store/data/Run2022B/ZeroBias/RAW/v1/000/355/381/00000/a8c6b242-2e7a-4061-8960-6b551db0c3d9.root 355381 [70,71,72]
/store/data/Run2022B/ZeroBias/RAW/v1/000/355/381/00000/ac213020-8d55-4a8c-9726-b189562ef492.root 355381 [218,217,219]
/store/data/Run2022B/ZeroBias/RAW/v1/000/355/381/00000/ad6b2520-d609-49c1-965f-c2f4046ff5d6.root 355381 [183,182,184]
/store/data/Run2022B/ZeroBias/RAW/v1/000/355/381/00000/b058ca4a-5c0f-4490-9583-2d594b265d00.root 355381 [133,135,134]
/store/data/Run2022B/ZeroBias/RAW/v1/000/355/381/00000/b234a741-92af-40bf-b7ac-52860e38afc6.root 355381 [237,236,235]
/store/data/Run2022B/ZeroBias/RAW/v1/000/355/381/00000/b49f9590-9fa5-45a6-99f3-f15dbf1c48cd.root 355381 [86,87,85]
/store/data/Run2022B/ZeroBias/RAW/v1/000/355/381/00000/b9403033-a9d1-4f2c-a615-948bfa9cbb2c.root 355381 [216,215,214]
/store/data/Run2022B/ZeroBias/RAW/v1/000/355/381/00000/bae5754c-ad41-427a-82dd-19876a704ac7.root 355381 [177,175,176,174]
/store/data/Run2022B/ZeroBias/RAW/v1/000/355/381/00000/bda4a599-d1e0-48cd-a6e7-e0e620a1f986.root 355381 [112,110,111]
/store/data/Run2022B/ZeroBias/RAW/v1/000/355/381/00000/be0883fd-e737-4787-8ecd-43868504197c.root 355381 [128,126,127,125]
/store/data/Run2022B/ZeroBias/RAW/v1/000/355/381/00000/c00e211d-201e-4e98-a0d5-6d84b8a91205.root 355381 [231,230,229]
/store/data/Run2022B/ZeroBias/RAW/v1/000/355/381/00000/c452aabf-a674-406d-ab3a-f0e1437b37be.root 355381 [188,189,190]
/store/data/Run2022B/ZeroBias/RAW/v1/000/355/381/00000/c47bcd7e-9535-415d-bff5-10de4848e399.root 355381 [197,199,198]
/store/data/Run2022B/ZeroBias/RAW/v1/000/355/381/00000/c47cd89a-5e97-4ef4-a1a4-0c16028f606f.root 355381 [60,59,58]
/store/data/Run2022B/ZeroBias/RAW/v1/000/355/381/00000/c6db3a7b-fb5b-43ae-9e6a-a5e040bdee39.root 355381 [49,50,51]
/store/data/Run2022B/ZeroBias/RAW/v1/000/355/381/00000/c8461b97-31eb-4a25-bfb7-634a04a3feee.root 355381 [100,101,102]
/store/data/Run2022B/ZeroBias/RAW/v1/000/355/381/00000/ca1d9c7c-b315-4fc1-8989-c676b7582ca2.root 355381 [248,249,250]
/store/data/Run2022B/ZeroBias/RAW/v1/000/355/381/00000/cbaaaf88-e753-4510-ab77-5a4efee9f77d.root 355381 [351,352,350]
/store/data/Run2022B/ZeroBias/RAW/v1/000/355/381/00000/cbfcfa5f-254d-42a5-897d-46ba644bb01d.root 355381 [166,164,167,165]
/store/data/Run2022B/ZeroBias/RAW/v1/000/355/381/00000/cd42cc56-9a61-412f-bdc5-0c70c15d7234.root 355381 [172,171,173]
/store/data/Run2022B/ZeroBias/RAW/v1/000/355/381/00000/ce3ed042-c245-418e-9a0a-7da8ce8439fc.root 355381 [178,179,180,181]
/store/data/Run2022B/ZeroBias/RAW/v1/000/355/381/00000/d0619f15-043a-4b05-9888-c5ae2920ef2d.root 355381 [347,349,348]
/store/data/Run2022B/ZeroBias/RAW/v1/000/355/381/00000/d17fe782-0777-448c-b5bd-e40f972c92b6.root 355381 [299,297,298]
/store/data/Run2022B/ZeroBias/RAW/v1/000/355/381/00000/d5064186-a41b-45f2-9d01-23431d96c0dc.root 355381 [224,223,225]
/store/data/Run2022B/ZeroBias/RAW/v1/000/355/381/00000/d5790d90-7aa1-4fce-b286-1af5859e1e09.root 355381 [42,41,40]
/store/data/Run2022B/ZeroBias/RAW/v1/000/355/381/00000/d8ab5c77-bd8b-48ff-af28-5d76d31ada11.root 355381 [124,122,123]
/store/data/Run2022B/ZeroBias/RAW/v1/000/355/381/00000/da4b36d7-1918-473c-93d2-26c1c84ee647.root 355381 [291,293,292]
/store/data/Run2022B/ZeroBias/RAW/v1/000/355/381/00000/e17920b5-5209-418c-ba80-d045ca01d316.root 355381 [8,7,9]
/store/data/Run2022B/ZeroBias/RAW/v1/000/355/381/00000/e21702e0-8483-4785-80fb-0edd9055f533.root 355381 [56,57,55]
/store/data/Run2022B/ZeroBias/RAW/v1/000/355/381/00000/e29f2397-71fb-4041-91ef-8591895fa768.root 355381 [79,80,81]
/store/data/Run2022B/ZeroBias/RAW/v1/000/355/381/00000/f0ed1a4d-ca1e-4705-9ad5-529b975379a1.root 355381 [23,22,24]
/store/data/Run2022B/ZeroBias/RAW/v1/000/355/381/00000/f3f5dd4e-42bb-4fa1-9ae2-f6a35ceb3822.root 355381 [106,108,109,107]
/store/data/Run2022B/ZeroBias/RAW/v1/000/355/381/00000/f4ef1fd3-f6c1-46fa-87df-522cea806719.root 355381 [77,78,76]
/store/data/Run2022B/ZeroBias/RAW/v1/000/355/381/00000/f4f8c388-9187-4121-84e2-9caeea4ade4c.root 355381 [252,253,251]
/store/data/Run2022B/ZeroBias/RAW/v1/000/355/381/00000/f5891c37-0d86-4a2d-af94-df2e9e188f56.root 355381 [11,10,12]
/store/data/Run2022B/ZeroBias/RAW/v1/000/355/381/00000/f59f85bb-b4a1-412d-93d8-0485c8cdd48b.root 355381 [88,89,90]
/store/data/Run2022B/ZeroBias/RAW/v1/000/355/381/00000/fbaa6967-0737-405f-b924-b0b48b7805f3.root 355381 [319,320,321,322]
/store/data/Run2022B/ZeroBias/RAW/v1/000/355/381/00000/ff79e16f-19d6-4f47-a27c-a6e4cb4ccf7b.root 355381 [254,255,256]
/store/data/Run2022B/ZeroBias/RAW/v1/000/355/418/00000/48c51bbc-439c-4e93-8a3a-ab7463f0fdb5.root 355418 [26,29,30,25,28,27]
/store/data/Run2022B/ZeroBias/RAW/v1/000/355/418/00000/5f18033b-c0d9-456d-8e9b-6c21ce114193.root 355418 [37,41,38,40,39]
/store/data/Run2022B/ZeroBias/RAW/v1/000/355/418/00000/6b63361f-3b6c-467d-ac2e-830aa3a50ac9.root 355418 [4,1,2,3,5,6]
/store/data/Run2022B/ZeroBias/RAW/v1/000/355/418/00000/a3f0da8f-ec90-4671-803b-c8e72cb4776e.root 355418 [32,33,35,31,36,34]
/store/data/Run2022B/ZeroBias/RAW/v1/000/355/418/00000/ab56f66c-6217-4924-87ed-8b914d49e9c0.root 355418 [13,18,17,14,15,16]
/store/data/Run2022B/ZeroBias/RAW/v1/000/355/418/00000/ceaaea8a-7b3b-49b4-bbb2-db2cb33074e0.root 355418 [20,21,19,22,24,23]
/store/data/Run2022B/ZeroBias/RAW/v1/000/355/418/00000/d4a9d45b-fb01-4dda-adb1-771b1f75d160.root 355418 [9,7,12,11,8,10]
