/store/data/Run2016H/DoubleEG/RAW/v1/000/283/877/00000/00B1E52F-889B-E611-B4B9-FA163EA8BEB3.root [4,3]
/store/data/Run2016H/DoubleEG/RAW/v1/000/283/877/00000/00C435F1-6D9B-E611-BD9B-02163E014401.root [118,119]
/store/data/Run2016H/DoubleEG/RAW/v1/000/283/877/00000/020340AE-889B-E611-81D8-02163E0136AF.root [457,456,458]
/store/data/Run2016H/DoubleEG/RAW/v1/000/283/877/00000/02396AC9-8A9B-E611-A8DC-02163E013985.root [578,576,577]
/store/data/Run2016H/DoubleEG/RAW/v1/000/283/877/00000/046159D7-779B-E611-ADC3-02163E014433.root [160,163,161,162]
/store/data/Run2016H/DoubleEG/RAW/v1/000/283/877/00000/046971F8-8B9B-E611-87F8-FA163E70EF4B.root [1158,1157,1159,1160]
/store/data/Run2016H/DoubleEG/RAW/v1/000/283/877/00000/0472224E-6D9B-E611-B24A-FA163EC08E4E.root [36,35]
/store/data/Run2016H/DoubleEG/RAW/v1/000/283/877/00000/04A564CE-779B-E611-9B8D-FA163E8CDB5C.root [164,167,166,165]
/store/data/Run2016H/DoubleEG/RAW/v1/000/283/877/00000/04AC01B4-899B-E611-B51F-02163E0136D3.root [1017,1016,1018,1019]
/store/data/Run2016H/DoubleEG/RAW/v1/000/283/877/00000/04EB2B7B-689B-E611-9923-02163E0146EA.root [12,11]
/store/data/Run2016H/DoubleEG/RAW/v1/000/283/877/00000/06405AAC-899B-E611-9754-02163E0134E4.root [939,938,936,937]
/store/data/Run2016H/DoubleEG/RAW/v1/000/283/877/00000/06406F1A-899B-E611-BA7D-FA163EDA09AC.root [828,829,826,827]
/store/data/Run2016H/DoubleEG/RAW/v1/000/283/877/00000/06F48920-789B-E611-A0F5-02163E0139CB.root [262,265,263,264]
/store/data/Run2016H/DoubleEG/RAW/v1/000/283/877/00000/06F88A28-899B-E611-8F60-02163E0142CB.root [919,917,916,918]
/store/data/Run2016H/DoubleEG/RAW/v1/000/283/877/00000/0842D191-8D9B-E611-B1DF-02163E0138D4.root [315,317,318,316]
/store/data/Run2016H/DoubleEG/RAW/v1/000/283/877/00000/084AF447-899B-E611-892C-02163E011E75.root [856,855,857,854]
/store/data/Run2016H/DoubleEG/RAW/v1/000/283/877/00000/08D9FC26-6D9B-E611-A7ED-FA163E2C38F6.root [18,17]
/store/data/Run2016H/DoubleEG/RAW/v1/000/283/877/00000/0A14F5B9-6D9B-E611-8EFF-02163E0141CD.root [59,58]
/store/data/Run2016H/DoubleEG/RAW/v1/000/283/877/00000/0A244E47-6D9B-E611-96D4-FA163EAF5100.root [31,32]
/store/data/Run2016H/DoubleEG/RAW/v1/000/283/877/00000/0A253CF8-8B9B-E611-8FE9-FA163EB16BB1.root [1169,1170,1171,1172]
/store/data/Run2016H/DoubleEG/RAW/v1/000/283/877/00000/0A31D79A-8D9B-E611-BA12-02163E011C8E.root [326,324,325,323]
/store/data/Run2016H/DoubleEG/RAW/v1/000/283/877/00000/0AFF9E22-899B-E611-81CF-02163E011835.root [610,611,609]
/store/data/Run2016H/DoubleEG/RAW/v1/000/283/877/00000/0C2D18B1-889B-E611-A3EE-02163E01181E.root [483,484,485]
/store/data/Run2016H/DoubleEG/RAW/v1/000/283/877/00000/0CF108FE-6D9B-E611-92D4-02163E011E22.root [129,128]
/store/data/Run2016H/DoubleEG/RAW/v1/000/283/877/00000/102FBDC7-8A9B-E611-943B-FA163E543FC3.root [1097,1098,1100,1099]
/store/data/Run2016H/DoubleEG/RAW/v1/000/283/877/00000/10E884DD-8A9B-E611-B52E-02163E01447D.root [1082,1084,1081,1083]
/store/data/Run2016H/DoubleEG/RAW/v1/000/283/877/00000/14701575-8B9B-E611-9906-FA163EDB35C8.root [1176,1175,1173,1174]
/store/data/Run2016H/DoubleEG/RAW/v1/000/283/877/00000/14B35813-8F9B-E611-AEEA-02163E0137D9.root [830,831,832]
/store/data/Run2016H/DoubleEG/RAW/v1/000/283/877/00000/14DBFBCD-6D9B-E611-B89C-02163E014426.root [83,82]
/store/data/Run2016H/DoubleEG/RAW/v1/000/283/877/00000/14E57B23-899B-E611-AF51-02163E0144F9.root [908,909,911,910]
/store/data/Run2016H/DoubleEG/RAW/v1/000/283/877/00000/161656DB-919B-E611-8C2F-FA163E66A14C.root [863,862,861,859,860,858]
/store/data/Run2016H/DoubleEG/RAW/v1/000/283/877/00000/162E80AB-899B-E611-ABE7-02163E012B0A.root [1020,1022,1021,1023]
/store/data/Run2016H/DoubleEG/RAW/v1/000/283/877/00000/16B6EF01-8C9B-E611-B965-02163E011833.root [1445,1446,1449,1447,1448]
/store/data/Run2016H/DoubleEG/RAW/v1/000/283/877/00000/16C9DB23-899B-E611-B2D5-02163E014629.root [528,529,530]
/store/data/Run2016H/DoubleEG/RAW/v1/000/283/877/00000/18234442-889B-E611-BFD5-02163E013722.root [1348,1350,1347,1349]
/store/data/Run2016H/DoubleEG/RAW/v1/000/283/877/00000/182F28BF-939B-E611-9600-FA163E5D7029.root [1183,1184,1182,1181]
/store/data/Run2016H/DoubleEG/RAW/v1/000/283/877/00000/18518ADB-899B-E611-BD05-02163E014426.root [935,932,934,933]
/store/data/Run2016H/DoubleEG/RAW/v1/000/283/877/00000/18A0C413-789B-E611-8EDE-FA163EBDC0DF.root [250,252,251,253]
/store/data/Run2016H/DoubleEG/RAW/v1/000/283/877/00000/1A385C74-689B-E611-9D2D-02163E013587.root [1261,1264,1262,1263]
/store/data/Run2016H/DoubleEG/RAW/v1/000/283/877/00000/1A3BE6A7-899B-E611-8D48-FA163E27374C.root [987,985,984,986]
/store/data/Run2016H/DoubleEG/RAW/v1/000/283/877/00000/1A808023-899B-E611-802C-02163E014603.root [603,605,604]
/store/data/Run2016H/DoubleEG/RAW/v1/000/283/877/00000/1AF49724-899B-E611-86F7-02163E0142A7.root [549,551,550]
/store/data/Run2016H/DoubleEG/RAW/v1/000/283/877/00000/1CD795AF-939B-E611-BC5E-02163E0123ED.root [361,364,362,363]
/store/data/Run2016H/DoubleEG/RAW/v1/000/283/877/00000/1CF04304-789B-E611-87D8-02163E011EF3.root [214,215,216,217]
/store/data/Run2016H/DoubleEG/RAW/v1/000/283/877/00000/1E1D44C6-6D9B-E611-A499-FA163EB44EC1.root [90,91]
/store/data/Run2016H/DoubleEG/RAW/v1/000/283/877/00000/1E328DD1-6D9B-E611-A8CE-02163E014640.root [93,92]
/store/data/Run2016H/DoubleEG/RAW/v1/000/283/877/00000/1E76E3F0-779B-E611-82E9-FA163E64A76A.root [211,213,210,212]
/store/data/Run2016H/DoubleEG/RAW/v1/000/283/877/00000/1E7DAFF0-779B-E611-B9BA-02163E01415E.root [200,198,201,199]
/store/data/Run2016H/DoubleEG/RAW/v1/000/283/877/00000/1ED480C6-889B-E611-A325-02163E014194.root [479,478,477]
/store/data/Run2016H/DoubleEG/RAW/v1/000/283/877/00000/202427D7-759B-E611-B113-02163E0135C6.root [112,113]
/store/data/Run2016H/DoubleEG/RAW/v1/000/283/877/00000/20CC90D9-759B-E611-8DD9-FA163EFD3A11.root [814,815,819,818,816,817]
/store/data/Run2016H/DoubleEG/RAW/v1/000/283/877/00000/22677DAB-889B-E611-8FDF-FA163E84A41E.root [426,425,427]
/store/data/Run2016H/DoubleEG/RAW/v1/000/283/877/00000/226AF2BB-6E9B-E611-878B-FA163E75A8AB.root [1266,1268,1265,1267]
/store/data/Run2016H/DoubleEG/RAW/v1/000/283/877/00000/228B0F14-929B-E611-83DF-02163E011D0F.root [294,293,292,295]
/store/data/Run2016H/DoubleEG/RAW/v1/000/283/877/00000/24C0AACA-6D9B-E611-9B5F-02163E011800.root [79,78]
/store/data/Run2016H/DoubleEG/RAW/v1/000/283/877/00000/24CCED5D-8B9B-E611-9E47-FA163E7C5E33.root [1487,1489,1486,1488,1490]
/store/data/Run2016H/DoubleEG/RAW/v1/000/283/877/00000/26791CFD-779B-E611-8F4C-02163E013986.root [208,206,209,207]
/store/data/Run2016H/DoubleEG/RAW/v1/000/283/877/00000/26831247-889B-E611-899D-02163E01465C.root [435,436,434]
/store/data/Run2016H/DoubleEG/RAW/v1/000/283/877/00000/26F99115-929B-E611-BDB7-02163E011806.root [297,298,296,299]
/store/data/Run2016H/DoubleEG/RAW/v1/000/283/877/00000/28988B2B-789B-E611-A447-02163E0127DC.root [226,227,229,228]
/store/data/Run2016H/DoubleEG/RAW/v1/000/283/877/00000/28F8991F-899B-E611-AC6E-FA163E056622.root [654,655,656]
/store/data/Run2016H/DoubleEG/RAW/v1/000/283/877/00000/2A10C0C7-6E9B-E611-94DB-02163E011FFE.root [1275,1273,1276,1274]
/store/data/Run2016H/DoubleEG/RAW/v1/000/283/877/00000/2A4B4425-899B-E611-9AFC-02163E0135E6.root [633,634,635]
/store/data/Run2016H/DoubleEG/RAW/v1/000/283/877/00000/2A8889B7-889B-E611-AB0F-02163E0143ED.root [392,393,394]
/store/data/Run2016H/DoubleEG/RAW/v1/000/283/877/00000/2A99EDF8-8B9B-E611-97E1-02163E011872.root [1201,1203,1202,1204]
/store/data/Run2016H/DoubleEG/RAW/v1/000/283/877/00000/2C4F7421-899B-E611-8FF8-FA163EA9C4A6.root [496,495,497]
/store/data/Run2016H/DoubleEG/RAW/v1/000/283/877/00000/2C56346C-8B9B-E611-858E-FA163EDF9ED3.root [1482,1483,1481,1485,1484]
/store/data/Run2016H/DoubleEG/RAW/v1/000/283/877/00000/2C922DB9-6D9B-E611-9C8C-FA163EC26FA4.root [61,60]
/store/data/Run2016H/DoubleEG/RAW/v1/000/283/877/00000/2CBAF8F2-6D9B-E611-B96C-02163E014242.root [122,123]
/store/data/Run2016H/DoubleEG/RAW/v1/000/283/877/00000/2E491D9B-8D9B-E611-AF4E-02163E012BB6.root [322,320,321,319]
/store/data/Run2016H/DoubleEG/RAW/v1/000/283/877/00000/2EC303A8-899B-E611-9C02-FA163E230943.root [968,969,971,970]
/store/data/Run2016H/DoubleEG/RAW/v1/000/283/877/00000/2EF852C5-889B-E611-9CBA-02163E013649.root [482,480,481]
/store/data/Run2016H/DoubleEG/RAW/v1/000/283/877/00000/3025BA24-899B-E611-8792-02163E0146DD.root [716,715,717]
/store/data/Run2016H/DoubleEG/RAW/v1/000/283/877/00000/308C4634-6D9B-E611-8E1C-FA163E44165D.root [19,20]
/store/data/Run2016H/DoubleEG/RAW/v1/000/283/877/00000/30EF2625-899B-E611-928A-02163E014439.root [930,929,928,931]
/store/data/Run2016H/DoubleEG/RAW/v1/000/283/877/00000/30F6D375-709B-E611-83BA-FA163E882198.root [1367,1368,1369,1370]
/store/data/Run2016H/DoubleEG/RAW/v1/000/283/877/00000/34537FE1-759B-E611-9440-02163E01432C.root [808,813,811,810,809,812]
/store/data/Run2016H/DoubleEG/RAW/v1/000/283/877/00000/364DE6D1-6D9B-E611-9898-FA163EC0E5AA.root [101,100]
/store/data/Run2016H/DoubleEG/RAW/v1/000/283/877/00000/368A80C8-6D9B-E611-8245-FA163EEC2B5F.root [84,85]
/store/data/Run2016H/DoubleEG/RAW/v1/000/283/877/00000/36B49EF8-8B9B-E611-8675-02163E01411F.root [1227,1226,1228,1225]
/store/data/Run2016H/DoubleEG/RAW/v1/000/283/877/00000/3840F219-899B-E611-B7CF-FA163E08FBD7.root [598,597,599]
/store/data/Run2016H/DoubleEG/RAW/v1/000/283/877/00000/387AFCD9-759B-E611-9677-02163E011997.root [181,179,178,180]
/store/data/Run2016H/DoubleEG/RAW/v1/000/283/877/00000/38A3CFF4-8B9B-E611-846D-FA163E10877A.root [1216,1214,1215,1213]
/store/data/Run2016H/DoubleEG/RAW/v1/000/283/877/00000/38C1A644-889B-E611-AA8D-02163E0133DD.root [270,271,272]
/store/data/Run2016H/DoubleEG/RAW/v1/000/283/877/00000/3A0C0603-6E9B-E611-9DB5-02163E01381F.root [137,136]
/store/data/Run2016H/DoubleEG/RAW/v1/000/283/877/00000/3A96EA23-899B-E611-9D0A-02163E011F99.root [674,673,672,675]
/store/data/Run2016H/DoubleEG/RAW/v1/000/283/877/00000/3ABB01AE-6D9B-E611-921E-FA163E70A49C.root [57,56]
/store/data/Run2016H/DoubleEG/RAW/v1/000/283/877/00000/3AF87DE9-919B-E611-B8E4-02163E011E16.root [879,881,877,878,876,880]
/store/data/Run2016H/DoubleEG/RAW/v1/000/283/877/00000/3C28E8E8-919B-E611-81DA-02163E01346F.root [874,870,872,873,875,871]
/store/data/Run2016H/DoubleEG/RAW/v1/000/283/877/00000/3C4AC770-8B9B-E611-BADE-02163E011B3C.root [1401,1397,1398,1399,1400]
/store/data/Run2016H/DoubleEG/RAW/v1/000/283/877/00000/3CF3E424-899B-E611-862D-02163E011AC6.root [924,926,927,925]
/store/data/Run2016H/DoubleEG/RAW/v1/000/283/877/00000/3E20A5AE-889B-E611-B2B3-02163E0137E1.root [459,460,461]
/store/data/Run2016H/DoubleEG/RAW/v1/000/283/877/00000/3EB9BB21-899B-E611-873A-FA163EDD70E1.root [707,708,706]
/store/data/Run2016H/DoubleEG/RAW/v1/000/283/877/00000/3EFC7AE1-999B-E611-832F-02163E0118D2.root [370,369]
/store/data/Run2016H/DoubleEG/RAW/v1/000/283/877/00000/420D0E54-709B-E611-93E1-02163E011C6E.root [1345,1343,1346,1344]
/store/data/Run2016H/DoubleEG/RAW/v1/000/283/877/00000/423CC5A9-899B-E611-B931-FA163EB00487.root [1024,1025,1026,1027]
/store/data/Run2016H/DoubleEG/RAW/v1/000/283/877/00000/427733CD-8A9B-E611-9207-02163E0123ED.root [1117,1119,1120,1118]
/store/data/Run2016H/DoubleEG/RAW/v1/000/283/877/00000/42943BFC-779B-E611-BE49-02163E011997.root [225,223,224,222]
/store/data/Run2016H/DoubleEG/RAW/v1/000/283/877/00000/42BD4C4D-889B-E611-BD84-02163E013395.root [538,537,539]
/store/data/Run2016H/DoubleEG/RAW/v1/000/283/877/00000/42E3CF5A-8B9B-E611-9C64-FA163E5236CF.root [1408,1406,1409,1407,1410]
/store/data/Run2016H/DoubleEG/RAW/v1/000/283/877/00000/44088DB0-889B-E611-8E0E-02163E013670.root [470,469,468]
/store/data/Run2016H/DoubleEG/RAW/v1/000/283/877/00000/4474D7B5-6D9B-E611-BECB-02163E0146B5.root [52,51]
/store/data/Run2016H/DoubleEG/RAW/v1/000/283/877/00000/44888948-889B-E611-9B4B-02163E013706.root [502,501,503]
/store/data/Run2016H/DoubleEG/RAW/v1/000/283/877/00000/44E74E23-899B-E611-9000-02163E01432B.root [561,562,563]
/store/data/Run2016H/DoubleEG/RAW/v1/000/283/877/00000/4637ADAF-8D9B-E611-9149-02163E011DF0.root [339,340,341,342]
/store/data/Run2016H/DoubleEG/RAW/v1/000/283/877/00000/465B5B38-889B-E611-BF81-FA163ED69693.root [408,409,407]
/store/data/Run2016H/DoubleEG/RAW/v1/000/283/877/00000/46AE8622-899B-E611-87F3-FA163E22D5E3.root [546,547,548]
/store/data/Run2016H/DoubleEG/RAW/v1/000/283/877/00000/4817C50B-929B-E611-B830-02163E0139B3.root [285,287,286,284]
/store/data/Run2016H/DoubleEG/RAW/v1/000/283/877/00000/4879C02A-899B-E611-B125-02163E01280B.root [722,723,721]
/store/data/Run2016H/DoubleEG/RAW/v1/000/283/877/00000/48828E6F-689B-E611-A7B4-FA163E6D8FA4.root [1306,1308,1305,1307]
/store/data/Run2016H/DoubleEG/RAW/v1/000/283/877/00000/48F3C0F8-8B9B-E611-A95C-02163E0140D7.root [1439,1438,1435,1436,1437]
/store/data/Run2016H/DoubleEG/RAW/v1/000/283/877/00000/4A19AAA9-889B-E611-8F08-FA163E88EBC7.root [1245,1246,1248,1247]
/store/data/Run2016H/DoubleEG/RAW/v1/000/283/877/00000/4AB97925-899B-E611-8661-02163E011E54.root [552,554,553]
/store/data/Run2016H/DoubleEG/RAW/v1/000/283/877/00000/4C0B3E45-889B-E611-B6ED-02163E01471F.root [523,522,524]
/store/data/Run2016H/DoubleEG/RAW/v1/000/283/877/00000/4C5492DF-6E9B-E611-83EF-02163E013989.root [1281,1284,1282,1283]
/store/data/Run2016H/DoubleEG/RAW/v1/000/283/877/00000/4C5C8748-6D9B-E611-B20A-02163E01250F.root [27,28]
/store/data/Run2016H/DoubleEG/RAW/v1/000/283/877/00000/4C72E47A-689B-E611-89B5-02163E0134D5.root [1315,1314,1316,1313]
/store/data/Run2016H/DoubleEG/RAW/v1/000/283/877/00000/4E71FCE0-759B-E611-B21C-02163E013396.root [800,801,796,797,798,799]
/store/data/Run2016H/DoubleEG/RAW/v1/000/283/877/00000/4E96DDD9-8A9B-E611-AF52-02163E014321.root [1121,1122,1123,1124]
/store/data/Run2016H/DoubleEG/RAW/v1/000/283/877/00000/4EB09423-899B-E611-89C5-02163E011EB7.root [730,731,732]
/store/data/Run2016H/DoubleEG/RAW/v1/000/283/877/00000/4EF31DFA-8B9B-E611-81E3-02163E011A9D.root [1212,1210,1209,1211]
/store/data/Run2016H/DoubleEG/RAW/v1/000/283/877/00000/501CD51F-899B-E611-A183-FA163E4EBC1B.root [691,693,692]
/store/data/Run2016H/DoubleEG/RAW/v1/000/283/877/00000/503EDB68-689B-E611-9E32-FA163E125AAF.root [1258,1260,1259,1257]
/store/data/Run2016H/DoubleEG/RAW/v1/000/283/877/00000/50F5D1EB-6E9B-E611-B51D-02163E01437D.root [1279,1278,1280,1277]
/store/data/Run2016H/DoubleEG/RAW/v1/000/283/877/00000/523CA2DF-759B-E611-AF47-02163E01374B.root [790,791,793,792,795,794]
/store/data/Run2016H/DoubleEG/RAW/v1/000/283/877/00000/52728A26-899B-E611-B53F-02163E0136E8.root [690,689,688]
/store/data/Run2016H/DoubleEG/RAW/v1/000/283/877/00000/52ACE126-899B-E611-A346-02163E011CD3.root [662,660,661]
/store/data/Run2016H/DoubleEG/RAW/v1/000/283/877/00000/52C69353-6D9B-E611-9A0A-02163E01471D.root [39,40]
/store/data/Run2016H/DoubleEG/RAW/v1/000/283/877/00000/52C9D5C8-8A9B-E611-8760-02163E0145EA.root [1090,1091,1089,1092]
/store/data/Run2016H/DoubleEG/RAW/v1/000/283/877/00000/54118C91-719B-E611-99D0-FA163E6D747E.root [1382,1380,1381,1379]
/store/data/Run2016H/DoubleEG/RAW/v1/000/283/877/00000/547813F7-8B9B-E611-B144-FA163E77F89C.root [1338,1342,1339,1340,1341]
/store/data/Run2016H/DoubleEG/RAW/v1/000/283/877/00000/54894C18-949B-E611-B881-02163E014523.root [366,368,365,367]
/store/data/Run2016H/DoubleEG/RAW/v1/000/283/877/00000/54B436CE-6E9B-E611-97F9-02163E0133C5.root [1287,1285,1288,1286]
/store/data/Run2016H/DoubleEG/RAW/v1/000/283/877/00000/54C85547-6D9B-E611-99B5-02163E01468D.root [24,23]
/store/data/Run2016H/DoubleEG/RAW/v1/000/283/877/00000/569D52AD-889B-E611-8C4F-02163E0138A6.root [401,403,402]
/store/data/Run2016H/DoubleEG/RAW/v1/000/283/877/00000/56C3A4BD-6E9B-E611-BED0-02163E014742.root [1238,1239,1237,1240]
/store/data/Run2016H/DoubleEG/RAW/v1/000/283/877/00000/587F04D5-759B-E611-813F-FA163EB842A1.root [187,186,189,188]
/store/data/Run2016H/DoubleEG/RAW/v1/000/283/877/00000/58C03015-789B-E611-ABC6-02163E012AA8.root [244,242,243,245]
/store/data/Run2016H/DoubleEG/RAW/v1/000/283/877/00000/58DE75C7-8A9B-E611-92D9-FA163E3BD007.root [1142,1141,1143,1144]
/store/data/Run2016H/DoubleEG/RAW/v1/000/283/877/00000/5A0F85D5-8A9B-E611-911D-02163E01393C.root [1102,1101,1103,1104]
/store/data/Run2016H/DoubleEG/RAW/v1/000/283/877/00000/5AB12367-8B9B-E611-8EFD-FA163EF996F3.root [1167,1165,1168,1166]
/store/data/Run2016H/DoubleEG/RAW/v1/000/283/877/00000/5C4FE6C8-8A9B-E611-8B1E-02163E0135C6.root [1058,1059,1056,1057]
/store/data/Run2016H/DoubleEG/RAW/v1/000/283/877/00000/5C5D3BB4-6E9B-E611-8131-02163E01396E.root [1163,1164,1162,1161]
/store/data/Run2016H/DoubleEG/RAW/v1/000/283/877/00000/5E586824-899B-E611-B1E3-02163E01271E.root [702,700,701]
/store/data/Run2016H/DoubleEG/RAW/v1/000/283/877/00000/5E995C83-689B-E611-8B68-02163E014478.root [15,16]
/store/data/Run2016H/DoubleEG/RAW/v1/000/283/877/00000/5ED98AAE-889B-E611-9F72-02163E011B12.root [406,404,405]
/store/data/Run2016H/DoubleEG/RAW/v1/000/283/877/00000/6024A943-889B-E611-A5F3-02163E0144AB.root [1392,1395,1396,1394,1393]
/store/data/Run2016H/DoubleEG/RAW/v1/000/283/877/00000/602605CA-8A9B-E611-8708-02163E013464.root [1037,1039,1036,1038]
/store/data/Run2016H/DoubleEG/RAW/v1/000/283/877/00000/604E2E25-899B-E611-90DE-02163E0142C1.root [558,560,559]
/store/data/Run2016H/DoubleEG/RAW/v1/000/283/877/00000/6066CA7D-8B9B-E611-AD5E-FA163EF898AE.root [1491,1492,1495,1493,1494]
/store/data/Run2016H/DoubleEG/RAW/v1/000/283/877/00000/6097F7DD-6D9B-E611-B63F-FA163EFB73C1.root [110,111]
/store/data/Run2016H/DoubleEG/RAW/v1/000/283/877/00000/60D5566E-8B9B-E611-B305-FA163E6198B8.root [1189,1192,1190,1191]
/store/data/Run2016H/DoubleEG/RAW/v1/000/283/877/00000/60ED5527-899B-E611-9150-02163E012669.root [508,509,507]
/store/data/Run2016H/DoubleEG/RAW/v1/000/283/877/00000/62141BAC-899B-E611-9EF7-02163E01221D.root [958,956,957,959]
/store/data/Run2016H/DoubleEG/RAW/v1/000/283/877/00000/62205525-899B-E611-B24A-02163E0119C0.root [683,684,682]
/store/data/Run2016H/DoubleEG/RAW/v1/000/283/877/00000/625BD6E9-999B-E611-BFD7-02163E013431.root [391,390]
/store/data/Run2016H/DoubleEG/RAW/v1/000/283/877/00000/62BB4829-929B-E611-ACB3-02163E011FC4.root [308,310,311,309]
/store/data/Run2016H/DoubleEG/RAW/v1/000/283/877/00000/62C045AE-889B-E611-AF1C-02163E012203.root [399,400,398]
/store/data/Run2016H/DoubleEG/RAW/v1/000/283/877/00000/6420120E-789B-E611-925F-FA163E2CCA80.root [232,233,230,231]
/store/data/Run2016H/DoubleEG/RAW/v1/000/283/877/00000/642F1C25-899B-E611-BCE2-02163E0133B2.root [697,699,698]
/store/data/Run2016H/DoubleEG/RAW/v1/000/283/877/00000/64851446-889B-E611-8837-02163E013737.root [454,453,455]
/store/data/Run2016H/DoubleEG/RAW/v1/000/283/877/00000/64C8F2AD-6D9B-E611-A93C-02163E01428B.root [45,46]
/store/data/Run2016H/DoubleEG/RAW/v1/000/283/877/00000/64D3BEC8-8A9B-E611-BE7C-02163E011D41.root [1078,1080,1077,1079]
/store/data/Run2016H/DoubleEG/RAW/v1/000/283/877/00000/64FBC11C-899B-E611-80A5-FA163EC3F936.root [781,782,783,780]
/store/data/Run2016H/DoubleEG/RAW/v1/000/283/877/00000/663BC645-889B-E611-B523-02163E0143E0.root [1234,1236,1235,1233]
/store/data/Run2016H/DoubleEG/RAW/v1/000/283/877/00000/66848023-899B-E611-9550-02163E01418D.root [651,652,653]
/store/data/Run2016H/DoubleEG/RAW/v1/000/283/877/00000/66D58ED0-6D9B-E611-9C15-02163E0141A9.root [88,89]
/store/data/Run2016H/DoubleEG/RAW/v1/000/283/877/00000/68400F46-889B-E611-8A5D-02163E012842.root [53,54,55]
/store/data/Run2016H/DoubleEG/RAW/v1/000/283/877/00000/6A2BFBFA-8B9B-E611-A4CB-02163E013522.root [1459,1457,1455,1458,1456]
/store/data/Run2016H/DoubleEG/RAW/v1/000/283/877/00000/6A962506-789B-E611-9BF5-02163E0134D9.root [221,218,219,220]
/store/data/Run2016H/DoubleEG/RAW/v1/000/283/877/00000/6AF579C7-8A9B-E611-93C4-02163E013712.root [1052,1055,1054,1053]
/store/data/Run2016H/DoubleEG/RAW/v1/000/283/877/00000/6C65DEDB-6D9B-E611-84A4-FA163EE3E105.root [106,107]
/store/data/Run2016H/DoubleEG/RAW/v1/000/283/877/00000/6C76B8DE-759B-E611-8E0D-02163E014444.root [842,843,845,847,846,844]
/store/data/Run2016H/DoubleEG/RAW/v1/000/283/877/00000/6C832614-899B-E611-8016-02163E011D05.root [488,487,486]
/store/data/Run2016H/DoubleEG/RAW/v1/000/283/877/00000/6C84E823-899B-E611-BCA7-02163E0141C8.root [666,667,668]
/store/data/Run2016H/DoubleEG/RAW/v1/000/283/877/00000/6C854525-899B-E611-A419-02163E0127E5.root [566,564,565]
/store/data/Run2016H/DoubleEG/RAW/v1/000/283/877/00000/6E5968E8-779B-E611-AFF4-02163E01477D.root [191,193,190,192]
/store/data/Run2016H/DoubleEG/RAW/v1/000/283/877/00000/6EF91FB1-899B-E611-88AB-02163E013557.root [995,994,992,993]
/store/data/Run2016H/DoubleEG/RAW/v1/000/283/877/00000/6EFAC4AB-899B-E611-A793-02163E01429D.root [952,954,953,955]
/store/data/Run2016H/DoubleEG/RAW/v1/000/283/877/00000/70385C25-899B-E611-B3B4-02163E014720.root [614,613,612]
/store/data/Run2016H/DoubleEG/RAW/v1/000/283/877/00000/7097560A-6E9B-E611-8FE7-02163E013733.root [145,144]
/store/data/Run2016H/DoubleEG/RAW/v1/000/283/877/00000/70B2DE42-889B-E611-8F4C-02163E0146EE.root [1417,1418,1419,1420,1416]
/store/data/Run2016H/DoubleEG/RAW/v1/000/283/877/00000/70BA36C7-8A9B-E611-8581-FA163E13706E.root [1108,1105,1106,1107]
/store/data/Run2016H/DoubleEG/RAW/v1/000/283/877/00000/70CFAE1D-899B-E611-B329-FA163E085361.root [557,555,556]
/store/data/Run2016H/DoubleEG/RAW/v1/000/283/877/00000/7222D222-899B-E611-8C3E-02163E014671.root [606,608,607]
/store/data/Run2016H/DoubleEG/RAW/v1/000/283/877/00000/723C0BFA-8B9B-E611-8E0D-02163E0137C6.root [1199,1200,1197,1198]
/store/data/Run2016H/DoubleEG/RAW/v1/000/283/877/00000/7293C406-929B-E611-969C-FA163E9EEF8B.root [280,281,282,283]
/store/data/Run2016H/DoubleEG/RAW/v1/000/283/877/00000/74108F25-899B-E611-942F-02163E01448B.root [900,903,901,902]
/store/data/Run2016H/DoubleEG/RAW/v1/000/283/877/00000/7439BFE6-919B-E611-B7FD-FA163E7CF80C.root [276,273,274,275]
/store/data/Run2016H/DoubleEG/RAW/v1/000/283/877/00000/744428B0-8B9B-E611-9CAE-FA163E270170.root [1150,1151,1152,1149]
/store/data/Run2016H/DoubleEG/RAW/v1/000/283/877/00000/7450CF8F-719B-E611-AF63-FA163EC26FA4.root [1378,1375,1377,1376]
/store/data/Run2016H/DoubleEG/RAW/v1/000/283/877/00000/74856BEA-8B9B-E611-84BC-FA163E46B4DA.root [1450,1451,1452,1453,1454]
/store/data/Run2016H/DoubleEG/RAW/v1/000/283/877/00000/74DFBC32-899B-E611-B842-02163E013578.root [594,595,596]
/store/data/Run2016H/DoubleEG/RAW/v1/000/283/877/00000/74EEB171-6E9B-E611-90E6-FA163E440C11.root [787,789,788]
/store/data/Run2016H/DoubleEG/RAW/v1/000/283/877/00000/76798DAD-889B-E611-B360-02163E0144A7.root [489,490,491]
/store/data/Run2016H/DoubleEG/RAW/v1/000/283/877/00000/76A9C9D9-6D9B-E611-B981-FA163EA853EA.root [117,116]
/store/data/Run2016H/DoubleEG/RAW/v1/000/283/877/00000/76AC7665-6E9B-E611-8D78-FA163E05FACF.root [744,742,743]
/store/data/Run2016H/DoubleEG/RAW/v1/000/283/877/00000/76BB6DDD-6D9B-E611-8F20-FA163EBBB671.root [114,115]
/store/data/Run2016H/DoubleEG/RAW/v1/000/283/877/00000/78760126-899B-E611-AD93-02163E013455.root [914,913,912,915]
/store/data/Run2016H/DoubleEG/RAW/v1/000/283/877/00000/789825AD-899B-E611-A824-02163E013388.root [997,998,996,999]
/store/data/Run2016H/DoubleEG/RAW/v1/000/283/877/00000/78A10D44-709B-E611-8A68-02163E011A2C.root [1302,1304,1301,1303]
/store/data/Run2016H/DoubleEG/RAW/v1/000/283/877/00000/78BBC243-889B-E611-9A07-02163E01187D.root [505,506,504]
/store/data/Run2016H/DoubleEG/RAW/v1/000/283/877/00000/78C0C79C-899B-E611-901C-FA163E0E0B28.root [975,973,972,974]
/store/data/Run2016H/DoubleEG/RAW/v1/000/283/877/00000/78CC63D4-6D9B-E611-AD47-02163E011C8E.root [95,94]
/store/data/Run2016H/DoubleEG/RAW/v1/000/283/877/00000/78E603DE-6D9B-E611-8ECD-02163E01253A.root [104,105]
/store/data/Run2016H/DoubleEG/RAW/v1/000/283/877/00000/78FBFC52-6D9B-E611-B70A-02163E0136AD.root [37,38]
/store/data/Run2016H/DoubleEG/RAW/v1/000/283/877/00000/7A3A27DD-8B9B-E611-A318-FA163E879C74.root [1153,1155,1154,1156]
/store/data/Run2016H/DoubleEG/RAW/v1/000/283/877/00000/7A90D5DF-759B-E611-879C-02163E01427F.root [125,124]
/store/data/Run2016H/DoubleEG/RAW/v1/000/283/877/00000/7AB71425-899B-E611-9186-02163E0146EF.root [513,515,514]
/store/data/Run2016H/DoubleEG/RAW/v1/000/283/877/00000/7C10A742-889B-E611-AB0B-02163E0119E0.root [441,440,442]
/store/data/Run2016H/DoubleEG/RAW/v1/000/283/877/00000/7C3C4126-899B-E611-B9C2-02163E011C8E.root [739,740,741]
/store/data/Run2016H/DoubleEG/RAW/v1/000/283/877/00000/7C48EBFA-999B-E611-9E05-02163E01411F.root [378,380,381,379]
/store/data/Run2016H/DoubleEG/RAW/v1/000/283/877/00000/7C8BEFAD-6D9B-E611-8542-02163E0124BF.root [41,42]
/store/data/Run2016H/DoubleEG/RAW/v1/000/283/877/00000/7C8D88DD-759B-E611-97B6-02163E01391D.root [185,183,182,184]
/store/data/Run2016H/DoubleEG/RAW/v1/000/283/877/00000/7CBE12AF-899B-E611-B5FE-02163E011C64.root [951,950,948,949]
/store/data/Run2016H/DoubleEG/RAW/v1/000/283/877/00000/7CD68B1B-789B-E611-A328-02163E01344F.root [261,260,258,259]
/store/data/Run2016H/DoubleEG/RAW/v1/000/283/877/00000/7E010320-899B-E611-A993-FA163EC70727.root [898,899,896,897]
/store/data/Run2016H/DoubleEG/RAW/v1/000/283/877/00000/7E2037E2-919B-E611-B1E6-02163E013672.root [645,646,647]
/store/data/Run2016H/DoubleEG/RAW/v1/000/283/877/00000/7E66B772-689B-E611-BF8C-FA163EBCFB8B.root [1329,1331,1330,1332]
/store/data/Run2016H/DoubleEG/RAW/v1/000/283/877/00000/80700025-899B-E611-A597-02163E011C7F.root [720,718,719]
/store/data/Run2016H/DoubleEG/RAW/v1/000/283/877/00000/80BF9DBE-8A9B-E611-8936-FA163EE15284.root [1041,1043,1040,1042]
/store/data/Run2016H/DoubleEG/RAW/v1/000/283/877/00000/80DC90AB-889B-E611-ADEB-02163E014228.root [312,313,314]
/store/data/Run2016H/DoubleEG/RAW/v1/000/283/877/00000/80F8BF2D-899B-E611-8C81-02163E0137D9.root [737,738,736]
/store/data/Run2016H/DoubleEG/RAW/v1/000/283/877/00000/825E1702-789B-E611-84C5-FA163E27374C.root [850,848,851,853,852,849]
/store/data/Run2016H/DoubleEG/RAW/v1/000/283/877/00000/826E5624-899B-E611-A7C9-02163E0139DF.root [755,754,756]
/store/data/Run2016H/DoubleEG/RAW/v1/000/283/877/00000/82ED13CD-8A9B-E611-B5F2-02163E0133F4.root [1109,1112,1110,1111]
/store/data/Run2016H/DoubleEG/RAW/v1/000/283/877/00000/844A9228-899B-E611-AEF5-02163E01389D.root [728,727,729]
/store/data/Run2016H/DoubleEG/RAW/v1/000/283/877/00000/848DE9AC-889B-E611-9E11-02163E014614.root [437,438,439]
/store/data/Run2016H/DoubleEG/RAW/v1/000/283/877/00000/860D86AB-899B-E611-9209-02163E014445.root [981,980,982,983]
/store/data/Run2016H/DoubleEG/RAW/v1/000/283/877/00000/8618EF6C-8B9B-E611-8EEB-FA163E2C04B3.root [1411,1413,1414,1412,1415]
/store/data/Run2016H/DoubleEG/RAW/v1/000/283/877/00000/864608CB-6D9B-E611-A738-02163E011AB1.root [81,80]
/store/data/Run2016H/DoubleEG/RAW/v1/000/283/877/00000/8680AFA5-899B-E611-97EF-FA163ED37433.root [1003,1000,1002,1001]
/store/data/Run2016H/DoubleEG/RAW/v1/000/283/877/00000/8827B623-899B-E611-9369-02163E01386F.root [770,771,768,767,769]
/store/data/Run2016H/DoubleEG/RAW/v1/000/283/877/00000/887B8AEA-999B-E611-ADE0-FA163E8C642C.root [383,384,385,382]
/store/data/Run2016H/DoubleEG/RAW/v1/000/283/877/00000/88E8277B-689B-E611-AAD1-02163E01435B.root [10,9]
/store/data/Run2016H/DoubleEG/RAW/v1/000/283/877/00000/8A2184E8-779B-E611-AD45-02163E014162.root [196,194,197,195]
/store/data/Run2016H/DoubleEG/RAW/v1/000/283/877/00000/8A53C324-899B-E611-B83E-02163E011A2C.root [709,710,711]
/store/data/Run2016H/DoubleEG/RAW/v1/000/283/877/00000/8AC3D1BC-6D9B-E611-8725-FA163EC696C7.root [70,71]
/store/data/Run2016H/DoubleEG/RAW/v1/000/283/877/00000/8AD9F4AF-6E9B-E611-8536-FA163E5A1368.root [1138,1140,1139,1137]
/store/data/Run2016H/DoubleEG/RAW/v1/000/283/877/00000/8C1193C9-6D9B-E611-AAC7-02163E013534.root [72,73]
/store/data/Run2016H/DoubleEG/RAW/v1/000/283/877/00000/8C58C6FE-779B-E611-AAF7-02163E01432C.root [248,246,247,249]
/store/data/Run2016H/DoubleEG/RAW/v1/000/283/877/00000/8C78607C-689B-E611-889A-02163E013827.root [14,13]
/store/data/Run2016H/DoubleEG/RAW/v1/000/283/877/00000/8C7A1D24-899B-E611-873C-02163E01468E.root [573,575,574]
/store/data/Run2016H/DoubleEG/RAW/v1/000/283/877/00000/8C814725-899B-E611-89DB-02163E0135C9.root [713,712,714]
/store/data/Run2016H/DoubleEG/RAW/v1/000/283/877/00000/8E04B1C6-8A9B-E611-8E1A-02163E013788.root [1067,1065,1068,1066,1064]
/store/data/Run2016H/DoubleEG/RAW/v1/000/283/877/00000/8E173017-8F9B-E611-AFC8-02163E01458F.root [344,346,345,343]
/store/data/Run2016H/DoubleEG/RAW/v1/000/283/877/00000/8E6063BF-889B-E611-8C54-02163E0139C0.root [424,423,422]
/store/data/Run2016H/DoubleEG/RAW/v1/000/283/877/00000/8EC18F61-689B-E611-9055-FA163EC3F936.root [30,29]
/store/data/Run2016H/DoubleEG/RAW/v1/000/283/877/00000/90573BC3-6D9B-E611-9C4B-FA163ED5E6AC.root [67,66]
/store/data/Run2016H/DoubleEG/RAW/v1/000/283/877/00000/9059BF0A-6E9B-E611-BE1B-FA163E5236CF.root [172,173]
/store/data/Run2016H/DoubleEG/RAW/v1/000/283/877/00000/90C2C34A-709B-E611-AE44-02163E011D43.root [1322,1323,1324,1321]
/store/data/Run2016H/DoubleEG/RAW/v1/000/283/877/00000/92473F25-899B-E611-B9FE-02163E011F29.root [510,511,512]
/store/data/Run2016H/DoubleEG/RAW/v1/000/283/877/00000/927FD024-899B-E611-ACBF-02163E0144DD.root [572,571,570]
/store/data/Run2016H/DoubleEG/RAW/v1/000/283/877/00000/92A259EA-8A9B-E611-B1D2-02163E011AAE.root [1116,1115,1113,1114]
/store/data/Run2016H/DoubleEG/RAW/v1/000/283/877/00000/94E9D7D3-759B-E611-BDDF-FA163EAF5100.root [97,96]
/store/data/Run2016H/DoubleEG/RAW/v1/000/283/877/00000/9609EE23-899B-E611-BEE9-02163E014146.root [628,627,629]
/store/data/Run2016H/DoubleEG/RAW/v1/000/283/877/00000/961F55D8-759B-E611-80DD-02163E0146EA.root [177,176,175,174]
/store/data/Run2016H/DoubleEG/RAW/v1/000/283/877/00000/96700E0A-8F9B-E611-8149-FA163E085361.root [6,5]
/store/data/Run2016H/DoubleEG/RAW/v1/000/283/877/00000/969EE48F-6E9B-E611-B68C-02163E012851.root [835,833,834]
/store/data/Run2016H/DoubleEG/RAW/v1/000/283/877/00000/96B2CA3C-6D9B-E611-B305-FA163E3D35CF.root [22,21]
/store/data/Run2016H/DoubleEG/RAW/v1/000/283/877/00000/96E291B0-899B-E611-A220-02163E01366B.root [1012,1015,1014,1013]
/store/data/Run2016H/DoubleEG/RAW/v1/000/283/877/00000/96E94D25-899B-E611-9C18-02163E011A22.root [704,705,703]
/store/data/Run2016H/DoubleEG/RAW/v1/000/283/877/00000/98140BA5-8D9B-E611-81E8-02163E011DEE.root [331,332,333,334]
/store/data/Run2016H/DoubleEG/RAW/v1/000/283/877/00000/982B4F74-689B-E611-9FE9-FA163E8D833E.root [2,1]
/store/data/Run2016H/DoubleEG/RAW/v1/000/283/877/00000/987374C0-6D9B-E611-8F26-FA163EBADF63.root [68,69]
/store/data/Run2016H/DoubleEG/RAW/v1/000/283/877/00000/9898D1ED-8B9B-E611-9123-FA163E2EA250.root [1230,1229,1231,1232]
/store/data/Run2016H/DoubleEG/RAW/v1/000/283/877/00000/9AD7DDAD-889B-E611-9FD3-02163E012471.root [413,414,415]
/store/data/Run2016H/DoubleEG/RAW/v1/000/283/877/00000/9AF7D9AA-889B-E611-AFCB-02163E0134E5.root [466,467,465]
/store/data/Run2016H/DoubleEG/RAW/v1/000/283/877/00000/9C8875BC-939B-E611-98D0-FA163E6D747E.root [358,360,359,357]
/store/data/Run2016H/DoubleEG/RAW/v1/000/283/877/00000/9C8CAF0C-929B-E611-A01F-02163E014243.root [288,289,291,290]
/store/data/Run2016H/DoubleEG/RAW/v1/000/283/877/00000/A0320D75-8B9B-E611-99A1-02163E0146A5.root [1147,1145,1146,1148]
/store/data/Run2016H/DoubleEG/RAW/v1/000/283/877/00000/A0357129-899B-E611-A38D-02163E011C23.root [648,650,649]
/store/data/Run2016H/DoubleEG/RAW/v1/000/283/877/00000/A068FA27-929B-E611-8C7F-02163E011918.root [304,305,306,307]
/store/data/Run2016H/DoubleEG/RAW/v1/000/283/877/00000/A08BC920-899B-E611-BD5D-FA163EF1053F.root [540,542,541]
/store/data/Run2016H/DoubleEG/RAW/v1/000/283/877/00000/A27E8AAC-889B-E611-94BB-02163E014470.root [1250,1251,1249,1252]
/store/data/Run2016H/DoubleEG/RAW/v1/000/283/877/00000/A28D59E3-6E9B-E611-BC8E-02163E012468.root [1290,1291,1289,1292]
/store/data/Run2016H/DoubleEG/RAW/v1/000/283/877/00000/A2AE79BC-6D9B-E611-8FE0-FA163EC77B7C.root [62,63]
/store/data/Run2016H/DoubleEG/RAW/v1/000/283/877/00000/A2DBA215-8C9B-E611-85B8-02163E013818.root [1440,1444,1441,1442,1443]
/store/data/Run2016H/DoubleEG/RAW/v1/000/283/877/00000/A40900F7-8B9B-E611-9330-FA163E1D29A6.root [1193,1196,1195,1194]
/store/data/Run2016H/DoubleEG/RAW/v1/000/283/877/00000/A421F740-889B-E611-B1B2-FA163EE76B26.root [499,500,498]
/store/data/Run2016H/DoubleEG/RAW/v1/000/283/877/00000/A435CE7A-8B9B-E611-BF54-02163E014248.root [1477,1478,1474,1472,1473,1475,1479,1480,1471,1476]
/store/data/Run2016H/DoubleEG/RAW/v1/000/283/877/00000/A46C9B23-899B-E611-B429-02163E0146F9.root [532,531,533]
/store/data/Run2016H/DoubleEG/RAW/v1/000/283/877/00000/A4715B3B-709B-E611-A1EA-FA163EB04E29.root [1311,1309,1312,1310]
/store/data/Run2016H/DoubleEG/RAW/v1/000/283/877/00000/A6FC3BD7-759B-E611-9217-FA163E8A68FB.root [841,836,839,840,838,837]
/store/data/Run2016H/DoubleEG/RAW/v1/000/283/877/00000/A8146B9E-889B-E611-897E-FA163EC81C35.root [1334,1335,1337,1333,1336]
/store/data/Run2016H/DoubleEG/RAW/v1/000/283/877/00000/AA7A62A7-899B-E611-B4B0-FA163E0E24AA.root [1011,1009,1010,1008]
/store/data/Run2016H/DoubleEG/RAW/v1/000/283/877/00000/AA944FC2-8A9B-E611-B539-FA163E45EFB2.root [1126,1127,1125,1128]
/store/data/Run2016H/DoubleEG/RAW/v1/000/283/877/00000/AABF6FD1-8A9B-E611-A36D-02163E014531.root [1033,1032,1035,1034]
/store/data/Run2016H/DoubleEG/RAW/v1/000/283/877/00000/AE67F6AA-889B-E611-AB48-02163E0141C4.root [420,419,421]
/store/data/Run2016H/DoubleEG/RAW/v1/000/283/877/00000/AE6F9FC3-6E9B-E611-9952-02163E0142A3.root [1272,1269,1271,1270]
/store/data/Run2016H/DoubleEG/RAW/v1/000/283/877/00000/AE7EC424-899B-E611-922C-02163E01387A.root [669,670,671]
/store/data/Run2016H/DoubleEG/RAW/v1/000/283/877/00000/AE8E62DC-919B-E611-AB03-FA163E8CA761.root [864,867,868,869,865,866]
/store/data/Run2016H/DoubleEG/RAW/v1/000/283/877/00000/AEF84AE0-6D9B-E611-9C80-02163E014652.root [108,109]
/store/data/Run2016H/DoubleEG/RAW/v1/000/283/877/00000/B0502EEE-8B9B-E611-B468-FA163E3DC0B7.root [1205,1206,1207,1208]
/store/data/Run2016H/DoubleEG/RAW/v1/000/283/877/00000/B0702568-6E9B-E611-82C8-FA163EB842A1.root [757,758,759]
/store/data/Run2016H/DoubleEG/RAW/v1/000/283/877/00000/B08A5621-AB9B-E611-BC19-02163E01284B.root [1497,1496,1498,1499]
/store/data/Run2016H/DoubleEG/RAW/v1/000/283/877/00000/B21F1881-709B-E611-9E02-02163E012241.root [1371,1373,1374,1372]
/store/data/Run2016H/DoubleEG/RAW/v1/000/283/877/00000/B4150543-889B-E611-9AE1-02163E01388F.root [443,444,445]
/store/data/Run2016H/DoubleEG/RAW/v1/000/283/877/00000/B4273E24-899B-E611-8B69-02163E011FD5.root [750,749,748]
/store/data/Run2016H/DoubleEG/RAW/v1/000/283/877/00000/B46265AD-939B-E611-A665-02163E0145EA.root [353,354,356,355]
/store/data/Run2016H/DoubleEG/RAW/v1/000/283/877/00000/B46945FB-6D9B-E611-9A18-FA163EE44F40.root [146,147]
/store/data/Run2016H/DoubleEG/RAW/v1/000/283/877/00000/B668C5AA-889B-E611-8A41-02163E0140E6.root [350,351,352]
/store/data/Run2016H/DoubleEG/RAW/v1/000/283/877/00000/B6C4FABB-779B-E611-83AA-02163E0144AF.root [133,130,131,132]
/store/data/Run2016H/DoubleEG/RAW/v1/000/283/877/00000/B6C740AD-889B-E611-88F7-02163E0118B5.root [494,493,492]
/store/data/Run2016H/DoubleEG/RAW/v1/000/283/877/00000/B8264DF1-6D9B-E611-A971-02163E0139DF.root [121,120]
/store/data/Run2016H/DoubleEG/RAW/v1/000/283/877/00000/B8359024-899B-E611-8F0F-02163E011CD1.root [687,686,685]
/store/data/Run2016H/DoubleEG/RAW/v1/000/283/877/00000/BA13EBA7-899B-E611-85A3-FA163E9EEF8B.root [976,977,978,979]
/store/data/Run2016H/DoubleEG/RAW/v1/000/283/877/00000/BA43EB1D-899B-E611-AF26-FA163E3FAC42.root [545,543,544]
/store/data/Run2016H/DoubleEG/RAW/v1/000/283/877/00000/BA936915-789B-E611-8BAB-02163E014385.root [238,239,240,241]
/store/data/Run2016H/DoubleEG/RAW/v1/000/283/877/00000/BAA6CF19-8C9B-E611-855B-02163E012220.root [1468,1470,1467,1465,1469,1466]
/store/data/Run2016H/DoubleEG/RAW/v1/000/283/877/00000/BAED7BC8-8A9B-E611-AA3E-02163E011BEB.root [1088,1086,1087,1085]
/store/data/Run2016H/DoubleEG/RAW/v1/000/283/877/00000/BC24A943-909B-E611-BACA-FA163E1AEFE7.root [751,753,752]
/store/data/Run2016H/DoubleEG/RAW/v1/000/283/877/00000/BC2938AD-889B-E611-B8C9-02163E0143E4.root [464,462,463]
/store/data/Run2016H/DoubleEG/RAW/v1/000/283/877/00000/BCAB4C70-709B-E611-96FF-02163E0118CF.root [1364,1365,1366,1363]
/store/data/Run2016H/DoubleEG/RAW/v1/000/283/877/00000/BE2F906F-899B-E611-97F2-02163E0134C2.root [416,417,418]
/store/data/Run2016H/DoubleEG/RAW/v1/000/283/877/00000/BEABDF4A-889B-E611-95BB-02163E014652.root [1426,1428,1425,1427,1429]
/store/data/Run2016H/DoubleEG/RAW/v1/000/283/877/00000/BED2CFB1-6E9B-E611-B4B7-02163E0145DE.root [1177,1178,1179,1180]
/store/data/Run2016H/DoubleEG/RAW/v1/000/283/877/00000/BEE454AB-889B-E611-843B-FA163E4F9B17.root [429,430,428]
/store/data/Run2016H/DoubleEG/RAW/v1/000/283/877/00000/BEE4CC23-899B-E611-B381-02163E011F1D.root [601,602,600]
/store/data/Run2016H/DoubleEG/RAW/v1/000/283/877/00000/C040FEF5-779B-E611-9681-02163E011EAC.root [202,205,203,204]
/store/data/Run2016H/DoubleEG/RAW/v1/000/283/877/00000/C085E823-899B-E611-8D2D-02163E012A88.root [663,665,664]
/store/data/Run2016H/DoubleEG/RAW/v1/000/283/877/00000/C0B32518-899B-E611-BBC6-FA163E4BB536.root [568,569,567]
/store/data/Run2016H/DoubleEG/RAW/v1/000/283/877/00000/C22B7CF9-6D9B-E611-8B3C-02163E013706.root [126,127]
/store/data/Run2016H/DoubleEG/RAW/v1/000/283/877/00000/C239BCAD-899B-E611-B3D5-02163E0141A9.root [947,944,946,945]
/store/data/Run2016H/DoubleEG/RAW/v1/000/283/877/00000/C2C7EF42-889B-E611-8D0A-02163E011FDE.root [412,410,411]
/store/data/Run2016H/DoubleEG/RAW/v1/000/283/877/00000/C456511D-899B-E611-8F7A-FA163E832170.root [892,893,895,894]
/store/data/Run2016H/DoubleEG/RAW/v1/000/283/877/00000/C4A0E513-8C9B-E611-904E-02163E011FF3.root [1219,1220,1218,1217]
/store/data/Run2016H/DoubleEG/RAW/v1/000/283/877/00000/C6343725-899B-E611-A90D-02163E01426F.root [747,745,746]
/store/data/Run2016H/DoubleEG/RAW/v1/000/283/877/00000/C63F2CC9-8A9B-E611-92FD-02163E011818.root [579,580,581]
/store/data/Run2016H/DoubleEG/RAW/v1/000/283/877/00000/C6CD9924-899B-E611-8A2B-02163E013566.root [676,677,678]
/store/data/Run2016H/DoubleEG/RAW/v1/000/283/877/00000/C6E4CCCB-889B-E611-8CD9-02163E01362B.root [471,472,473]
/store/data/Run2016H/DoubleEG/RAW/v1/000/283/877/00000/C83BB1C7-6D9B-E611-A369-FA163ED11F53.root [75,74]
/store/data/Run2016H/DoubleEG/RAW/v1/000/283/877/00000/C86C53D2-8A9B-E611-B2E0-02163E01345F.root [1095,1093,1094,1096]
/store/data/Run2016H/DoubleEG/RAW/v1/000/283/877/00000/C8763353-709B-E611-A444-FA163E2C38F6.root [1361,1359,1360,1362]
/store/data/Run2016H/DoubleEG/RAW/v1/000/283/877/00000/C8DDE7CB-6D9B-E611-8161-FA163E866791.root [87,86]
/store/data/Run2016H/DoubleEG/RAW/v1/000/283/877/00000/C8E22EEF-999B-E611-AE04-FA163E5AD84F.root [389,386,387,388]
/store/data/Run2016H/DoubleEG/RAW/v1/000/283/877/00000/C8E299CD-919B-E611-A0E9-FA163E8A9CFA.root [888,891,886,887,889,890]
/store/data/Run2016H/DoubleEG/RAW/v1/000/283/877/00000/CA315779-6E9B-E611-9891-02163E013929.root [785,784,786]
/store/data/Run2016H/DoubleEG/RAW/v1/000/283/877/00000/CC1C6CAD-889B-E611-AE3D-02163E011AB6.root [476,474,475]
/store/data/Run2016H/DoubleEG/RAW/v1/000/283/877/00000/CCB55F25-899B-E611-8D3B-02163E0127FC.root [630,632,631]
/store/data/Run2016H/DoubleEG/RAW/v1/000/283/877/00000/CCCCE41B-929B-E611-B110-02163E011A54.root [300,303,302,301]
/store/data/Run2016H/DoubleEG/RAW/v1/000/283/877/00000/CCCF7548-909B-E611-B632-02163E013981.root [639,640,644,642,643,641]
/store/data/Run2016H/DoubleEG/RAW/v1/000/283/877/00000/CCE072E4-6D9B-E611-B820-02163E0141C1.root [102,103]
/store/data/Run2016H/DoubleEG/RAW/v1/000/283/877/00000/CE59FBC3-8A9B-E611-B370-FA163E452EEA.root [1051,1050,1049,1048]
/store/data/Run2016H/DoubleEG/RAW/v1/000/283/877/00000/D069F5F7-8B9B-E611-B387-FA163E37C37C.root [1460,1464,1461,1462,1463]
/store/data/Run2016H/DoubleEG/RAW/v1/000/283/877/00000/D078BF73-6E9B-E611-AEEC-02163E012817.root [764,765,766]
/store/data/Run2016H/DoubleEG/RAW/v1/000/283/877/00000/D0BCFDB0-6D9B-E611-AC20-02163E014255.root [1405,1402,1403,1404]
/store/data/Run2016H/DoubleEG/RAW/v1/000/283/877/00000/D0E25E2C-899B-E611-AEA5-02163E0118E9.root [904,906,905,907]
/store/data/Run2016H/DoubleEG/RAW/v1/000/283/877/00000/D20BC278-689B-E611-87FD-02163E01391F.root [8,7]
/store/data/Run2016H/DoubleEG/RAW/v1/000/283/877/00000/D2989950-6D9B-E611-85B8-02163E014513.root [34,33]
/store/data/Run2016H/DoubleEG/RAW/v1/000/283/877/00000/D41C5A44-889B-E611-82DF-02163E01264A.root [446,448,447]
/store/data/Run2016H/DoubleEG/RAW/v1/000/283/877/00000/D42D2724-899B-E611-AD1B-02163E011F9C.root [883,884,882,885]
/store/data/Run2016H/DoubleEG/RAW/v1/000/283/877/00000/D448C024-899B-E611-8605-02163E013935.root [726,725,724]
/store/data/Run2016H/DoubleEG/RAW/v1/000/283/877/00000/D4F63F5D-6E9B-E611-8B62-02163E011E3D.root [1421,1424,1422,1423]
/store/data/Run2016H/DoubleEG/RAW/v1/000/283/877/00000/D4F692BE-6E9B-E611-AA15-02163E011E99.root [1222,1221,1223,1224]
/store/data/Run2016H/DoubleEG/RAW/v1/000/283/877/00000/D6A61497-719B-E611-877C-02163E014210.root [1383,1386,1384,1385]
/store/data/Run2016H/DoubleEG/RAW/v1/000/283/877/00000/D6CEE4DD-919B-E611-A7FF-02163E014113.root [620,618,619]
/store/data/Run2016H/DoubleEG/RAW/v1/000/283/877/00000/D6E3FA43-889B-E611-AFA1-02163E013465.root [526,527,525]
/store/data/Run2016H/DoubleEG/RAW/v1/000/283/877/00000/D828DBAC-899B-E611-ADB7-02163E014309.root [941,940,943,942]
/store/data/Run2016H/DoubleEG/RAW/v1/000/283/877/00000/D846815E-6E9B-E611-9009-02163E0120D7.root [535,534,536]
/store/data/Run2016H/DoubleEG/RAW/v1/000/283/877/00000/D853B7D7-759B-E611-A9DB-02163E0146A5.root [152,154,155,153]
/store/data/Run2016H/DoubleEG/RAW/v1/000/283/877/00000/D8724CAC-889B-E611-85BF-02163E0144F8.root [373,371,372]
/store/data/Run2016H/DoubleEG/RAW/v1/000/283/877/00000/D8A169AB-889B-E611-B946-FA163E992D5F.root [1256,1255,1254,1253]
/store/data/Run2016H/DoubleEG/RAW/v1/000/283/877/00000/D8D4C797-8D9B-E611-A290-02163E0139C0.root [268,266,267,269]
/store/data/Run2016H/DoubleEG/RAW/v1/000/283/877/00000/DA17DBB9-6D9B-E611-BFF9-FA163E92563E.root [77,76]
/store/data/Run2016H/DoubleEG/RAW/v1/000/283/877/00000/DA2793B8-889B-E611-ABD1-02163E011FDA.root [431,432,433]
/store/data/Run2016H/DoubleEG/RAW/v1/000/283/877/00000/DA3C25C9-8A9B-E611-9455-02163E011CC5.root [1063,1060,1062,1061]
/store/data/Run2016H/DoubleEG/RAW/v1/000/283/877/00000/DA78EB37-889B-E611-9479-FA163E7F3E83.root [1388,1391,1387,1390,1389]
/store/data/Run2016H/DoubleEG/RAW/v1/000/283/877/00000/DA9353F7-8B9B-E611-B6B2-FA163E63CF69.root [1185,1188,1186,1187]
/store/data/Run2016H/DoubleEG/RAW/v1/000/283/877/00000/DAD7F04A-709B-E611-B9EE-02163E0146B5.root [1326,1325,1328,1327]
/store/data/Run2016H/DoubleEG/RAW/v1/000/283/877/00000/DCAB0FC8-8A9B-E611-AEE4-02163E01463E.root [1070,1072,1071,1069]
/store/data/Run2016H/DoubleEG/RAW/v1/000/283/877/00000/DCB9B5C8-8A9B-E611-B42D-02163E011D42.root [584,583,582]
/store/data/Run2016H/DoubleEG/RAW/v1/000/283/877/00000/DCDA0A27-899B-E611-A252-02163E01359C.root [776,778,774,777,779,772,775,773]
/store/data/Run2016H/DoubleEG/RAW/v1/000/283/877/00000/DCE67F02-6E9B-E611-8550-FA163E2358FC.root [143,142]
/store/data/Run2016H/DoubleEG/RAW/v1/000/283/877/00000/DEF9FE25-899B-E611-AE1A-02163E01351C.root [626,624,625]
/store/data/Run2016H/DoubleEG/RAW/v1/000/283/877/00000/E01FBA5B-709B-E611-AC77-02163E0146EA.root [1352,1354,1351,1353]
/store/data/Run2016H/DoubleEG/RAW/v1/000/283/877/00000/E058FCAE-889B-E611-A59F-02163E01355B.root [452,449,451,450]
/store/data/Run2016H/DoubleEG/RAW/v1/000/283/877/00000/E080F36E-689B-E611-A8DA-02163E011F2F.root [1317,1319,1318,1320]
/store/data/Run2016H/DoubleEG/RAW/v1/000/283/877/00000/E090AFFC-779B-E611-93D1-02163E0135E6.root [141,138,139,140]
/store/data/Run2016H/DoubleEG/RAW/v1/000/283/877/00000/E257AEC7-8A9B-E611-B111-02163E01346C.root [1134,1133,1135,1136]
/store/data/Run2016H/DoubleEG/RAW/v1/000/283/877/00000/E2596722-899B-E611-8610-02163E0140F7.root [616,615,617]
/store/data/Run2016H/DoubleEG/RAW/v1/000/283/877/00000/E2A5D014-789B-E611-A930-02163E011FC0.root [256,254,255,257]
/store/data/Run2016H/DoubleEG/RAW/v1/000/283/877/00000/E2EB7BA8-899B-E611-8116-FA163EEEACE8.root [1030,1031,1029,1028]
/store/data/Run2016H/DoubleEG/RAW/v1/000/283/877/00000/E2F31827-899B-E611-AD83-02163E013602.root [921,920,923,922]
/store/data/Run2016H/DoubleEG/RAW/v1/000/283/877/00000/E495A8AA-6D9B-E611-9C46-02163E0140F4.root [44,43]
/store/data/Run2016H/DoubleEG/RAW/v1/000/283/877/00000/E499E3AA-8D9B-E611-B520-02163E013981.root [336,337,338,335]
/store/data/Run2016H/DoubleEG/RAW/v1/000/283/877/00000/E632C4B3-779B-E611-9D75-FA163EFD3A11.root [134,135]
/store/data/Run2016H/DoubleEG/RAW/v1/000/283/877/00000/E64C32AE-6D9B-E611-A4A2-FA163E14352B.root [50,49]
/store/data/Run2016H/DoubleEG/RAW/v1/000/283/877/00000/E652BBCA-8A9B-E611-92B7-02163E011E16.root [1044,1046,1045,1047]
/store/data/Run2016H/DoubleEG/RAW/v1/000/283/877/00000/E655359B-8D9B-E611-81A8-02163E01395E.root [330,327,328,329]
/store/data/Run2016H/DoubleEG/RAW/v1/000/283/877/00000/E69019EB-6E9B-E611-A28F-02163E013872.root [1293,1294,1295,1296]
/store/data/Run2016H/DoubleEG/RAW/v1/000/283/877/00000/E6F17923-899B-E611-B4A4-02163E014740.root [521,520,519]
/store/data/Run2016H/DoubleEG/RAW/v1/000/283/877/00000/E86240CA-8A9B-E611-AF94-02163E0133E2.root [1129,1131,1132,1130]
/store/data/Run2016H/DoubleEG/RAW/v1/000/283/877/00000/E87660C8-8A9B-E611-A003-02163E0146E3.root [1074,1076,1073,1075]
/store/data/Run2016H/DoubleEG/RAW/v1/000/283/877/00000/E8FE6C5D-709B-E611-B916-02163E014383.root [1355,1356,1358,1357]
/store/data/Run2016H/DoubleEG/RAW/v1/000/283/877/00000/EA0821AD-889B-E611-A097-02163E0122F0.root [278,279,277]
/store/data/Run2016H/DoubleEG/RAW/v1/000/283/877/00000/EC7C62C0-6D9B-E611-8D35-02163E01187D.root [64,65]
/store/data/Run2016H/DoubleEG/RAW/v1/000/283/877/00000/ECBD17A9-899B-E611-B269-FA163EE5597C.root [964,965,966,967]
/store/data/Run2016H/DoubleEG/RAW/v1/000/283/877/00000/EE311D24-899B-E611-B4C0-02163E012194.root [592,591,593]
/store/data/Run2016H/DoubleEG/RAW/v1/000/283/877/00000/EE3A1DC1-889B-E611-A530-02163E013616.root [396,397,395]
/store/data/Run2016H/DoubleEG/RAW/v1/000/283/877/00000/EEE660C9-779B-E611-8642-02163E012BE0.root [157,156,159,158]
/store/data/Run2016H/DoubleEG/RAW/v1/000/283/877/00000/F01076DD-6D9B-E611-9908-02163E0142EE.root [98,99]
/store/data/Run2016H/DoubleEG/RAW/v1/000/283/877/00000/F078E6FF-8B9B-E611-9E7F-02163E011AB1.root [1430,1433,1432,1434,1431]
/store/data/Run2016H/DoubleEG/RAW/v1/000/283/877/00000/F09AC8DD-779B-E611-A68B-FA163E9C6CF7.root [169,170,168,171]
/store/data/Run2016H/DoubleEG/RAW/v1/000/283/877/00000/F0BD6720-789B-E611-B610-02163E01339D.root [234,235,237,236]
/store/data/Run2016H/DoubleEG/RAW/v1/000/283/877/00000/F0C7B822-899B-E611-9EA7-02163E0145F3.root [681,680,679]
/store/data/Run2016H/DoubleEG/RAW/v1/000/283/877/00000/F21681E5-759B-E611-9F85-02163E012609.root [803,807,804,802,805,806]
/store/data/Run2016H/DoubleEG/RAW/v1/000/283/877/00000/F23549F2-779B-E611-A152-FA163EFE6BCB.root [824,821,823,825,820,822]
/store/data/Run2016H/DoubleEG/RAW/v1/000/283/877/00000/F25639D4-759B-E611-833A-02163E014374.root [150,151,148,149]
/store/data/Run2016H/DoubleEG/RAW/v1/000/283/877/00000/F41A3E23-899B-E611-8980-02163E014148.root [762,760,761,763]
/store/data/Run2016H/DoubleEG/RAW/v1/000/283/877/00000/F444F31B-899B-E611-B5FB-FA163E152A7A.root [586,587,585]
/store/data/Run2016H/DoubleEG/RAW/v1/000/283/877/00000/F4935628-899B-E611-94B8-02163E0143E8.root [518,517,516]
/store/data/Run2016H/DoubleEG/RAW/v1/000/283/877/00000/F61DF964-6E9B-E611-86C0-02163E014239.root [734,733,735]
/store/data/Run2016H/DoubleEG/RAW/v1/000/283/877/00000/F6AF7D24-899B-E611-96A0-02163E0145E1.root [622,623,621]
/store/data/Run2016H/DoubleEG/RAW/v1/000/283/877/00000/F6E159AC-899B-E611-812D-02163E0145B7.root [989,991,990,988]
/store/data/Run2016H/DoubleEG/RAW/v1/000/283/877/00000/F8A28B65-689B-E611-84E3-FA163E177E09.root [26,25]
/store/data/Run2016H/DoubleEG/RAW/v1/000/283/877/00000/FA0D849E-889B-E611-B29C-FA163EAD88FE.root [347,348,349]
/store/data/Run2016H/DoubleEG/RAW/v1/000/283/877/00000/FA8413AE-6D9B-E611-B1B3-02163E013455.root [47,48]
/store/data/Run2016H/DoubleEG/RAW/v1/000/283/877/00000/FC4E8621-899B-E611-9AA9-FA163EC09DF2.root [696,694,695]
/store/data/Run2016H/DoubleEG/RAW/v1/000/283/877/00000/FC569424-899B-E611-ADC3-02163E011B27.root [657,658,659]
/store/data/Run2016H/DoubleEG/RAW/v1/000/283/877/00000/FCA5A96D-689B-E611-84C7-02163E011FD5.root [1243,1244,1242,1241]
/store/data/Run2016H/DoubleEG/RAW/v1/000/283/877/00000/FCAADC1E-899B-E611-9D71-FA163E16698B.root [636,637,638]
/store/data/Run2016H/DoubleEG/RAW/v1/000/283/877/00000/FCEF91AB-899B-E611-AA76-02163E0146E6.root [963,961,960,962]
/store/data/Run2016H/DoubleEG/RAW/v1/000/283/877/00000/FE115CE9-999B-E611-B01D-02163E011DD8.root [375,377,376,374]
/store/data/Run2016H/DoubleEG/RAW/v1/000/283/877/00000/FE2E42B0-899B-E611-803B-02163E0120BF.root [1004,1006,1007,1005]
/store/data/Run2016H/DoubleEG/RAW/v1/000/283/877/00000/FE47D022-899B-E611-9AEA-02163E014162.root [588,589,590]
/store/data/Run2016H/DoubleEG/RAW/v1/000/283/877/00000/FEA0D6E2-6E9B-E611-9075-FA163EC477BD.root [1298,1300,1299,1297]
