/store/data/Run2024C/MuonEG/RAW/v1/000/379/416/00000/1d84b193-9659-4755-8b61-efcceb0b7bc1.root 379416 [103,100,102,101,104,105,99,106]
/store/data/Run2024C/MuonEG/RAW/v1/000/379/416/00000/1edf9d3e-4746-4a58-a3aa-0f9369bb92a0.root 379416 [9,19,5,11,3,6,8,12,15,16,18,2,20,7,13,17,4,10,1,14]
/store/data/Run2024C/MuonEG/RAW/v1/000/379/416/00000/1fd05b8b-b970-4866-8006-78e92dbf2ff1.root 379416 [71,67,68,70,69,72]
/store/data/Run2024C/MuonEG/RAW/v1/000/379/416/00000/281615fe-93c2-4798-adf3-f35051bc6a39.root 379416 [92,91,95,96,97,98,93,94]
/store/data/Run2024C/MuonEG/RAW/v1/000/379/416/00000/2aa95d78-3bc5-4691-bbd6-3d99117b5e4c.root 379416 [142,138,141,140,137,139]
/store/data/Run2024C/MuonEG/RAW/v1/000/379/416/00000/41a0f7b9-2fd9-42c4-a981-90435608ba21.root 379416 [182,180,185,183,179,181,184]
/store/data/Run2024C/MuonEG/RAW/v1/000/379/416/00000/4b28d99c-7320-4f02-ab80-ef0ef5b57952.root 379416 [136,133,132,134,131,135]
/store/data/Run2024C/MuonEG/RAW/v1/000/379/416/00000/6c25f24b-b857-4c0a-a829-9a1668aa0dbe.root 379416 [86,88,84,90,85,89,87]
/store/data/Run2024C/MuonEG/RAW/v1/000/379/416/00000/6c645a79-03d9-4e03-9501-aa14b86ddf4e.root 379416 [120,121,122,123,119,124,125]
/store/data/Run2024C/MuonEG/RAW/v1/000/379/416/00000/6d18d8d7-aee0-445d-b528-13c8b3b77dce.root 379416 [59,60,66,61,62,64,65,63]
/store/data/Run2024C/MuonEG/RAW/v1/000/379/416/00000/7a2eb5ee-8ea0-470a-8e16-068ac707eb9b.root 379416 [162,164,166,161,163,165]
/store/data/Run2024C/MuonEG/RAW/v1/000/379/416/00000/7b8bbe28-294b-4f07-abaf-827a6d4bdeaf.root 379416 [111,109,107,108,112,110]
/store/data/Run2024C/MuonEG/RAW/v1/000/379/416/00000/94b5f65c-a693-43c1-9483-569d4e41e09d.root 379416 [212,208,210,213,209,211]
/store/data/Run2024C/MuonEG/RAW/v1/000/379/416/00000/9808e188-d944-4aec-8a62-87a42ce2d6d4.root 379416 [186,189,190,187,188]
/store/data/Run2024C/MuonEG/RAW/v1/000/379/416/00000/a091a9e0-d3d6-4c4c-b9bc-12e84d4a0bc4.root 379416 [197,201,202,199,200,198]
/store/data/Run2024C/MuonEG/RAW/v1/000/379/416/00000/a51ec2fe-eb2e-49c7-8334-4c794a89b60c.root 379416 [178,174,173,175,176,177]
/store/data/Run2024C/MuonEG/RAW/v1/000/379/416/00000/aa2a7bd5-e19b-4e05-9881-956aa44b607e.root 379416 [150,152,151,153,149,154]
/store/data/Run2024C/MuonEG/RAW/v1/000/379/416/00000/b82c4648-6ed6-4db4-a3fc-b714ea1e4ed1.root 379416 [222,221,224,225,223,220,226,227]
/store/data/Run2024C/MuonEG/RAW/v1/000/379/416/00000/b83df8d5-d400-4881-a12f-384af8b60d93.root 379416 [214,217,218,219,215,216]
/store/data/Run2024C/MuonEG/RAW/v1/000/379/416/00000/bfc549b8-9e64-41f6-bc4b-4740d8079656.root 379416 [36,38,42,46,45,37,47,39,40,43,41,44,48]
/store/data/Run2024C/MuonEG/RAW/v1/000/379/416/00000/c5a4c280-1be6-4ffc-9148-1587aba24d2c.root 379416 [157,156,158,155,159,160]
/store/data/Run2024C/MuonEG/RAW/v1/000/379/416/00000/cd72e266-78da-42d2-9024-0635f26c0fb3.root 379416 [169,170,168,167,172,171]
/store/data/Run2024C/MuonEG/RAW/v1/000/379/416/00000/d0fb79f8-7fae-4ac6-b750-1c4feb672458.root 379416 [204,205,206,203,207]
/store/data/Run2024C/MuonEG/RAW/v1/000/379/416/00000/d52e9cca-0157-46a0-9bba-a812e3832cd4.root 379416 [193,194,196,191,192,195]
/store/data/Run2024C/MuonEG/RAW/v1/000/379/416/00000/d94dca06-4ecf-457b-8f12-15b862e971bb.root 379416 [147,143,144,148,145,146]
/store/data/Run2024C/MuonEG/RAW/v1/000/379/416/00000/e88f19d6-2cc1-43db-90fa-a00362724c35.root 379416 [118,117,113,116,114,115]
/store/data/Run2024C/MuonEG/RAW/v1/000/379/416/00000/f60e729f-47c2-4705-9725-3048b9232374.root 379416 [129,127,126,128,130]
/store/data/Run2024C/MuonEG/RAW/v1/000/379/416/00000/f757956b-dc5d-4ea6-a394-b6b18f4cb81f.root 379416 [21,25,28,32,34,24,29,30,35,23,27,33,26,31,22]
/store/data/Run2024C/MuonEG/RAW/v1/000/379/416/00000/f9e3ef5c-3681-4ab7-b96a-1ea22c2c9298.root 379416 [49,54,50,57,51,52,53,55,56,58]
/store/data/Run2024C/MuonEG/RAW/v1/000/379/416/00000/fc5dd103-ef7a-4403-a67e-1e11e9333aea.root 379416 [76,77,74,75,73]
/store/data/Run2024C/MuonEG/RAW/v1/000/379/416/00000/fe89cbd4-3774-4879-ab59-e28fbf343e12.root 379416 [80,82,78,79,81,83]
