/store/data/Run2022B/SingleMuon/RAW/v1/000/355/680/00000/0081a49b-2c37-4361-b358-e22f768a8478.root [592,594,590,591,593,589]
/store/data/Run2022B/SingleMuon/RAW/v1/000/355/680/00000/01c84000-f8b1-4255-98b1-04e603482e0b.root [1462,1466,1463,1464,1465,1467,1461,1468]
/store/data/Run2022B/SingleMuon/RAW/v1/000/355/680/00000/023fd616-558f-4fac-ba75-f6fc261eaa59.root [1616,1618,1613,1617,1622,1623,1620,1624,1614,1615,1619,1621]
/store/data/Run2022B/SingleMuon/RAW/v1/000/355/680/00000/03164050-2a27-4119-ab0a-92b731dd121b.root [445,446,441,444,442,443]
/store/data/Run2022B/SingleMuon/RAW/v1/000/355/680/00000/03765e4c-5bba-4d1d-8535-4fbea2fbcf60.root [1633,1637,1625,1630,1628,1636,1638,1626,1641,1632,1640,1631,1642,1627,1629,1634,1635,1639]
/store/data/Run2022B/SingleMuon/RAW/v1/000/355/680/00000/053d0007-9e6f-4e63-b819-7f8ac8a2fd10.root [1370,1367,1372,1369,1371,1374,1373,1368]
/store/data/Run2022B/SingleMuon/RAW/v1/000/355/680/00000/06f99fb5-7859-4e5f-bae4-3584d98aae5b.root [370,367,368,371,366,372,369]
/store/data/Run2022B/SingleMuon/RAW/v1/000/355/680/00000/0b0e9488-1df6-404d-87d2-24e85d267196.root [399,402,403,398,401,400]
/store/data/Run2022B/SingleMuon/RAW/v1/000/355/680/00000/0dd304e6-4cd1-44e7-b198-845f86e04ff3.root [825,826,822,827,823,824]
/store/data/Run2022B/SingleMuon/RAW/v1/000/355/680/00000/0df2cc37-89dd-4071-9028-579b053f0828.root [927,928,924,925,926,929]
/store/data/Run2022B/SingleMuon/RAW/v1/000/355/680/00000/1355601b-3795-423f-8c06-c915617e08c2.root [1446,1447,1445,1449,1451,1448,1450,1452]
/store/data/Run2022B/SingleMuon/RAW/v1/000/355/680/00000/13d506dc-494f-40a5-8b58-6e3f61dfbd15.root [948,950,951,952,953,949]
/store/data/Run2022B/SingleMuon/RAW/v1/000/355/680/00000/151d7405-6453-4987-a2bf-f4c3d48003ba.root [164,167,165,166,168,169]
/store/data/Run2022B/SingleMuon/RAW/v1/000/355/680/00000/1587f8b1-f72b-45af-8574-9d57c1bc8408.root [134,135,138,133,136,137,139]
/store/data/Run2022B/SingleMuon/RAW/v1/000/355/680/00000/15cdfe33-5e0a-445b-8d12-0dc22d177aa9.root [1517,1523,1524,1518,1520,1521,1522,1519]
/store/data/Run2022B/SingleMuon/RAW/v1/000/355/680/00000/163652ac-f378-4efc-906e-358b924c7aea.root [735,739,740,737,741,736,738]
/store/data/Run2022B/SingleMuon/RAW/v1/000/355/680/00000/177327fc-442b-4e01-b2db-7ed48fecc273.root [774,775,777,778,779,776]
/store/data/Run2022B/SingleMuon/RAW/v1/000/355/680/00000/1914117a-3ee7-4399-8612-92a2a649dc92.root [588,585,586,587,584,583]
/store/data/Run2022B/SingleMuon/RAW/v1/000/355/680/00000/1a8b493d-8aba-4012-a24c-97d25804ca08.root [665,664,663,660,661,662]
/store/data/Run2022B/SingleMuon/RAW/v1/000/355/680/00000/1b07b8ec-ebee-4855-91e3-bf1fea20053c.root [893,888,890,889,891,892]
/store/data/Run2022B/SingleMuon/RAW/v1/000/355/680/00000/1b3baa01-b179-47fc-93b6-4812dc0ebf90.root [762,765,767,766,764,763]
/store/data/Run2022B/SingleMuon/RAW/v1/000/355/680/00000/1b72ae41-6d08-4e0e-a70d-40b56d3e65d2.root [1147,1149,1152,1146,1151,1148,1150]
/store/data/Run2022B/SingleMuon/RAW/v1/000/355/680/00000/1ffa6786-8aa7-4b4a-9d83-394eb7196d8e.root [506,503,502,507,505,504]
/store/data/Run2022B/SingleMuon/RAW/v1/000/355/680/00000/20fd8bd9-3055-46d7-85b9-44c551abb27f.root [848,850,846,849,851,847]
/store/data/Run2022B/SingleMuon/RAW/v1/000/355/680/00000/217e1550-c3ca-4729-a43a-b2ed1e2c44a8.root [878,879,880,876,877,881]
/store/data/Run2022B/SingleMuon/RAW/v1/000/355/680/00000/23617b16-950d-4856-b905-cbaa91bc9f30.root [110,105,106,109,111,108,107]
/store/data/Run2022B/SingleMuon/RAW/v1/000/355/680/00000/2397d60b-9a0b-4395-8d5e-4dfcf8a5e4c0.root [680,681,678,682,683,679]
/store/data/Run2022B/SingleMuon/RAW/v1/000/355/680/00000/25698d00-f4c3-4660-8190-b5f19d57e738.root [874,870,873,872,875,871]
/store/data/Run2022B/SingleMuon/RAW/v1/000/355/680/00000/267c77a2-2839-4709-8c23-0ff6e62c6930.root [545,547,544,548,546,550,549]
/store/data/Run2022B/SingleMuon/RAW/v1/000/355/680/00000/267e1f8b-92de-4bd9-b65a-eff931dc9b8a.root [553,554,556,552,551,555]
/store/data/Run2022B/SingleMuon/RAW/v1/000/355/680/00000/27e9351f-b921-443e-bac9-b064026ab40a.root [1562,1564,1560,1559,1561,1563,1558]
/store/data/Run2022B/SingleMuon/RAW/v1/000/355/680/00000/2839e153-aebe-47c7-bfbb-f3a7c8bc213a.root [567,565,564,566,568,569]
/store/data/Run2022B/SingleMuon/RAW/v1/000/355/680/00000/298db0a2-5a89-4eb3-a36b-7c30185fdb21.root [1021,1017,1020,1016,1018,1019]
/store/data/Run2022B/SingleMuon/RAW/v1/000/355/680/00000/2a26e01e-8a68-40de-8cf7-68ffe981c115.root [1491,1487,1492,1485,1486,1490,1488,1489]
/store/data/Run2022B/SingleMuon/RAW/v1/000/355/680/00000/2a722fbe-3dbe-432c-9efb-6c45708b0d05.root [1182,1185,1187,1181,1184,1186,1183]
/store/data/Run2022B/SingleMuon/RAW/v1/000/355/680/00000/2a82fd18-71c5-489f-8f9c-dea60bcfc088.root [1293,1295,1297,1294,1296,1299,1298]
/store/data/Run2022B/SingleMuon/RAW/v1/000/355/680/00000/2cf9d817-2ff7-40b7-a6f3-308114399c95.root [272,275,271,273,276,274,270]
/store/data/Run2022B/SingleMuon/RAW/v1/000/355/680/00000/2d0c4266-8666-4086-ab7e-b373734b6c65.root [1504,1506,1509,1505,1507,1508,1503,1501,1502]
/store/data/Run2022B/SingleMuon/RAW/v1/000/355/680/00000/2dc82632-7881-4dca-8e2d-7907040ca88f.root [1344,1349,1351,1348,1345,1347,1346,1350]
/store/data/Run2022B/SingleMuon/RAW/v1/000/355/680/00000/2df27f47-a5c2-479a-8a90-052408eab1ef.root [635,636,640,639,637,638]
/store/data/Run2022B/SingleMuon/RAW/v1/000/355/680/00000/2e16f65a-eeab-4cd1-8a2d-5d8520be68ec.root [1139,1134,1138,1135,1136,1137]
/store/data/Run2022B/SingleMuon/RAW/v1/000/355/680/00000/2fe4ceff-1dce-48d3-8144-382a6b080158.root [756,757,761,759,760,758]
/store/data/Run2022B/SingleMuon/RAW/v1/000/355/680/00000/306af245-2ef7-432b-9520-096447a31e95.root [237,239,240,238,235,236,241]
/store/data/Run2022B/SingleMuon/RAW/v1/000/355/680/00000/31933852-8e58-4c1d-8b9c-b56df8de7148.root [614,610,611,612,609,613,608]
/store/data/Run2022B/SingleMuon/RAW/v1/000/355/680/00000/31fc1119-d6d4-497c-ba1b-e15f9a5f7c5e.root [345,351,348,349,350,347,346]
/store/data/Run2022B/SingleMuon/RAW/v1/000/355/680/00000/3246066b-6c16-45f4-bd54-b9d30acd2101.root [936,941,938,937,940,939]
/store/data/Run2022B/SingleMuon/RAW/v1/000/355/680/00000/336af65b-e069-4a9d-9dee-0eea9050718a.root [44,49,43,45,46,48,47]
/store/data/Run2022B/SingleMuon/RAW/v1/000/355/680/00000/34dacbf7-7edc-4b74-8d14-941a6c06fc28.root [643,645,642,646,641,644]
/store/data/Run2022B/SingleMuon/RAW/v1/000/355/680/00000/389d21a8-d31b-4dd0-97db-fe1fda5d380d.root [1571,1566,1568,1570,1572,1567,1565,1569]
/store/data/Run2022B/SingleMuon/RAW/v1/000/355/680/00000/395b9a8f-7f91-4582-bb72-aba4a3cb52e2.root [1200,1196,1198,1195,1201,1197,1199]
/store/data/Run2022B/SingleMuon/RAW/v1/000/355/680/00000/3cd22a93-8559-4b1c-b0a0-40624ab2d332.root [54,53,52,50,51,55,56]
/store/data/Run2022B/SingleMuon/RAW/v1/000/355/680/00000/3d465395-803b-4260-b4c7-06ad49d193c5.root [1122,1124,1126,1123,1125,1127]
/store/data/Run2022B/SingleMuon/RAW/v1/000/355/680/00000/436073a7-74f0-4888-b628-75b730edab98.root [313,317,316,315,314,311,312]
/store/data/Run2022B/SingleMuon/RAW/v1/000/355/680/00000/46bd3319-7aed-45fc-b492-998f213d975d.root [1435,1432,1436,1430,1429,1431,1434,1433]
/store/data/Run2022B/SingleMuon/RAW/v1/000/355/680/00000/48098431-5338-4446-b311-81ea22940771.root [69,70,65,66,64,68,67]
/store/data/Run2022B/SingleMuon/RAW/v1/000/355/680/00000/4b0ca53a-f6ba-4575-a57d-1fbb3d4f2a44.root [1154,1159,1156,1157,1155,1158,1153]
/store/data/Run2022B/SingleMuon/RAW/v1/000/355/680/00000/4b1d61b0-357e-4764-aa4f-68195a88023a.root [1605,1612,1607,1608,1609,1611,1606,1610]
/store/data/Run2022B/SingleMuon/RAW/v1/000/355/680/00000/4bfbeca7-c722-44f7-a903-b9a2399bf94e.root [229,230,232,233,234,228,231]
/store/data/Run2022B/SingleMuon/RAW/v1/000/355/680/00000/4d606a58-9d99-49ad-8adb-54d18e1114e0.root [1338,1340,1341,1342,1339,1343,1337]
/store/data/Run2022B/SingleMuon/RAW/v1/000/355/680/00000/4d854493-3e28-4e1c-9f4e-8d48f424d70e.root [96,95,100,101,94,99,102,97,103,98,104]
/store/data/Run2022B/SingleMuon/RAW/v1/000/355/680/00000/4defb103-1456-4bf4-88eb-92fec7967898.root [1145,1142,1144,1141,1143,1140]
/store/data/Run2022B/SingleMuon/RAW/v1/000/355/680/00000/4ebb1ed7-598a-4c6d-afe1-b35e17d36fd2.root [945,943,944,947,942,946]
/store/data/Run2022B/SingleMuon/RAW/v1/000/355/680/00000/4f76f98d-5dde-4ad6-b4be-17b906c9f32f.root [1026,1025,1022,1023,1027,1024]
/store/data/Run2022B/SingleMuon/RAW/v1/000/355/680/00000/505c76d3-2705-4797-be0a-44767aa85014.root [365,359,360,362,361,363,364]
/store/data/Run2022B/SingleMuon/RAW/v1/000/355/680/00000/50a463c4-74af-48b4-91b9-a61ddb75b31b.root [1480,1478,1479,1482,1483,1481,1484]
/store/data/Run2022B/SingleMuon/RAW/v1/000/355/680/00000/517ef485-ddd7-4b75-9b23-234de1167fe7.root [598,596,599,595,597,600]
/store/data/Run2022B/SingleMuon/RAW/v1/000/355/680/00000/5279215c-6090-49ad-bf5d-fbd9aa2878ec.root [1362,1360,1359,1363,1361,1364,1366,1365]
/store/data/Run2022B/SingleMuon/RAW/v1/000/355/680/00000/52aad84f-590a-4c37-8c0a-b65687b43b44.root [782,780,781,783,784,785]
/store/data/Run2022B/SingleMuon/RAW/v1/000/355/680/00000/52ef051f-7e55-476a-994b-e9f191c7cd0c.root [834,835,837,838,839,836]
/store/data/Run2022B/SingleMuon/RAW/v1/000/355/680/00000/5379f89c-9395-4618-92e5-8db481bb8671.root [334,337,332,336,335,331,333]
/store/data/Run2022B/SingleMuon/RAW/v1/000/355/680/00000/551ba672-6fc5-4c63-a451-1613ace440e2.root [744,746,742,743,745,747,748]
/store/data/Run2022B/SingleMuon/RAW/v1/000/355/680/00000/55c605c7-c0cd-461a-b324-2a836d72007a.root [574,572,573,570,571,576,575]
/store/data/Run2022B/SingleMuon/RAW/v1/000/355/680/00000/57606f32-08c4-4c0e-8b08-6fbfdcca5333.root [542,543,541,538,540,539]
/store/data/Run2022B/SingleMuon/RAW/v1/000/355/680/00000/57cfcc5a-9065-4af4-a23d-e05eb9553e36.root [414,411,412,415,410,413]
/store/data/Run2022B/SingleMuon/RAW/v1/000/355/680/00000/586f332e-6cbc-49a6-bf85-910f5c4533d3.root [1399,1400,1404,1398,1401,1403,1402,1397]
/store/data/Run2022B/SingleMuon/RAW/v1/000/355/680/00000/5af78df9-78e2-42d7-9e48-b8e39a7ac01d.root [560,559,563,558,561,557,562]
/store/data/Run2022B/SingleMuon/RAW/v1/000/355/680/00000/5af7d527-8d03-4d21-874b-fc68781e1412.root [1267,1266,1271,1268,1269,1270,1265]
/store/data/Run2022B/SingleMuon/RAW/v1/000/355/680/00000/5b82c584-d07d-4b12-92ff-3ef03985830a.root [903,901,905,904,902,900]
/store/data/Run2022B/SingleMuon/RAW/v1/000/355/680/00000/5c965910-b342-41a4-8dc5-ba6cf5bba923.root [1082,1081,1083,1078,1079,1080]
/store/data/Run2022B/SingleMuon/RAW/v1/000/355/680/00000/5cbf337c-cb9d-4f0c-a15c-a9782ba94667.root [1115,1113,1114,1112,1111,1110]
/store/data/Run2022B/SingleMuon/RAW/v1/000/355/680/00000/5cc44d33-d43e-4c3a-9671-3bebc630317c.root [1256,1254,1257,1255,1253,1251,1252]
/store/data/Run2022B/SingleMuon/RAW/v1/000/355/680/00000/5d44bb29-a275-4c81-aad5-67d954b50583.root [694,691,695,690,692,693]
/store/data/Run2022B/SingleMuon/RAW/v1/000/355/680/00000/5de0b0cd-2a96-47c9-9288-d21d38afe1b9.root [915,917,914,916,912,913]
/store/data/Run2022B/SingleMuon/RAW/v1/000/355/680/00000/5e49dbc1-45d8-496e-af32-9af0cdd95c20.root [1288,1286,1292,1287,1289,1290,1291]
/store/data/Run2022B/SingleMuon/RAW/v1/000/355/680/00000/5f512890-78a3-471e-8f8b-aac41597a916.root [428,431,430,433,432,429]
/store/data/Run2022B/SingleMuon/RAW/v1/000/355/680/00000/5fd4b7e4-7113-4d90-a000-2f3ed40b72f2.root [454,457,455,458,456,459,460]
/store/data/Run2022B/SingleMuon/RAW/v1/000/355/680/00000/60a75f21-9218-4854-8931-b8af46bdd868.root [80,86,92,93,81,84,90,91,78,82,77,83,79,88,87,89,85]
/store/data/Run2022B/SingleMuon/RAW/v1/000/355/680/00000/62251edc-1c25-4001-8a17-d0d1b9a7dcc6.root [1602,1604,1600,1599,1601,1603,1597,1598]
/store/data/Run2022B/SingleMuon/RAW/v1/000/355/680/00000/63fa698b-8494-4c62-90f7-5791c8a5f8f0.root [36,39,40,42,37,38,41]
/store/data/Run2022B/SingleMuon/RAW/v1/000/355/680/00000/64ec1b31-f59d-48e5-8e81-a20d4af53eb6.root [882,884,887,883,886,885]
/store/data/Run2022B/SingleMuon/RAW/v1/000/355/680/00000/654c009d-d416-439e-8cbd-b1ea4ac93e88.root [793,794,792,795,796,797]
/store/data/Run2022B/SingleMuon/RAW/v1/000/355/680/00000/671804de-2619-431e-b43a-ddc8911792ee.root [1326,1328,1324,1322,1323,1321,1327,1325]
/store/data/Run2022B/SingleMuon/RAW/v1/000/355/680/00000/6734d4ea-38aa-41ad-b42c-3b26e8711b11.root [1392,1391,1395,1396,1394,1393,1390,1389]
/store/data/Run2022B/SingleMuon/RAW/v1/000/355/680/00000/69aee6d8-b9f3-43a7-9400-b585a4b05e57.root [619,615,618,617,621,616,620]
/store/data/Run2022B/SingleMuon/RAW/v1/000/355/680/00000/6ab8c3b5-d553-40db-9342-fb77de671b74.root [31,29,34,32,33,30,35]
/store/data/Run2022B/SingleMuon/RAW/v1/000/355/680/00000/6b4fa306-a6dd-4ec2-98e3-06e723eaba4d.root [113,115,112,114,116,118,117]
/store/data/Run2022B/SingleMuon/RAW/v1/000/355/680/00000/6cfdbc47-00e7-4346-84ee-0b1d20bf32f5.root [633,634,631,632,629,630]
/store/data/Run2022B/SingleMuon/RAW/v1/000/355/680/00000/6d6a7737-7905-4d54-86d2-96f500bdeff8.root [1651,1652,1655,1659,1643,1644,1645,1649,1654,1648,1653,1660,1650,1656,1647,1657,1658,1646,1661]
/store/data/Run2022B/SingleMuon/RAW/v1/000/355/680/00000/70a63bf7-ec2b-4eb0-9ad3-257909942f64.root [716,720,718,721,717,719]
/store/data/Run2022B/SingleMuon/RAW/v1/000/355/680/00000/70dd75fd-b678-47e1-b726-0a085cee36c7.root [1219,1217,1218,1220,1222,1221,1216]
/store/data/Run2022B/SingleMuon/RAW/v1/000/355/680/00000/715f3195-ed61-4c5a-9a18-f1419d152244.root [1093,1092,1091,1096,1094,1095]
/store/data/Run2022B/SingleMuon/RAW/v1/000/355/680/00000/72230d97-ade2-40e4-ae5a-de3057b35667.root [375,376,377,374,373,378]
/store/data/Run2022B/SingleMuon/RAW/v1/000/355/680/00000/75a64d54-f106-41ec-98c1-fcd5cc48b119.root [1274,1275,1276,1272,1277,1273,1278]
/store/data/Run2022B/SingleMuon/RAW/v1/000/355/680/00000/7613e3c3-75e4-4952-9dae-c76f1b90745d.root [527,528,531,526,529,530]
/store/data/Run2022B/SingleMuon/RAW/v1/000/355/680/00000/767dfbd8-31fe-47a3-97b9-23fe1b2e5d9b.root [471,472,473,474,469,470,468]
/store/data/Run2022B/SingleMuon/RAW/v1/000/355/680/00000/794667a6-aa3f-41ad-bc1e-a774559de148.root [1034,1038,1039,1037,1035,1036]
/store/data/Run2022B/SingleMuon/RAW/v1/000/355/680/00000/7ad4af19-854a-4646-95db-1643ec5ab585.root [1307,1312,1308,1309,1310,1311,1313]
/store/data/Run2022B/SingleMuon/RAW/v1/000/355/680/00000/7cb463c4-4a17-4e2c-8fa0-427b8dfba6cc.root [175,170,172,171,174,173]
/store/data/Run2022B/SingleMuon/RAW/v1/000/355/680/00000/7ce96161-76ab-4591-90a3-60d4fd10ded5.root [990,986,987,988,985,989]
/store/data/Run2022B/SingleMuon/RAW/v1/000/355/680/00000/7d24d7f3-fcd2-4650-b19a-846813410685.root [1548,1549,1542,1546,1544,1545,1543,1547]
/store/data/Run2022B/SingleMuon/RAW/v1/000/355/680/00000/7e91585a-2139-4210-8f3c-171f07501266.root [1203,1206,1205,1202,1208,1207,1204]
/store/data/Run2022B/SingleMuon/RAW/v1/000/355/680/00000/7f9a1fcf-8ae0-47f6-acd8-cd7b3a1143b4.root [520,521,524,523,522,525]
/store/data/Run2022B/SingleMuon/RAW/v1/000/355/680/00000/802346c5-7e9a-4cd8-8ff6-b910efb19b5c.root [626,628,622,624,625,627,623]
/store/data/Run2022B/SingleMuon/RAW/v1/000/355/680/00000/81f99665-2a3c-4db5-83e7-e90ffd1bafd9.root [803,800,801,798,799,802]
/store/data/Run2022B/SingleMuon/RAW/v1/000/355/680/00000/83065528-7d92-4ee3-a652-7b6ac0f001b5.root [715,714,710,711,712,713]
/store/data/Run2022B/SingleMuon/RAW/v1/000/355/680/00000/83702246-9a39-4149-b3ec-6a2e40b3b7e1.root [814,810,811,812,813,815]
/store/data/Run2022B/SingleMuon/RAW/v1/000/355/680/00000/84ee1a0a-3bd1-4f5b-8f3b-8b75d7047605.root [684,686,687,688,689,685]
/store/data/Run2022B/SingleMuon/RAW/v1/000/355/680/00000/87747eb9-12a9-41fc-831d-38b4e7fc10e3.root [1385,1388,1383,1386,1387,1384,1382]
/store/data/Run2022B/SingleMuon/RAW/v1/000/355/680/00000/890961e8-1805-45a7-bdbe-252c496b4ef2.root [1052,1051,1047,1050,1048,1049]
/store/data/Run2022B/SingleMuon/RAW/v1/000/355/680/00000/8cd1e6ed-dc86-4a27-b12f-78c70ed2ac04.root [865,866,869,864,867,868]
/store/data/Run2022B/SingleMuon/RAW/v1/000/355/680/00000/8ddb287b-42c3-416a-bb95-f4f451401488.root [210,211,212,213,209,207,208]
/store/data/Run2022B/SingleMuon/RAW/v1/000/355/680/00000/8ed4cf15-7f6b-4a37-a7b5-aafe0cf49085.root [964,960,961,965,966,962,963]
/store/data/Run2022B/SingleMuon/RAW/v1/000/355/680/00000/8f284aa0-3a7d-4907-b616-e1a75f4e4ce3.root [1228,1223,1224,1227,1229,1226,1225]
/store/data/Run2022B/SingleMuon/RAW/v1/000/355/680/00000/90492a46-0ca2-4e97-9cb3-82a39effd2b4.root [1071,1076,1077,1073,1075,1074,1072]
/store/data/Run2022B/SingleMuon/RAW/v1/000/355/680/00000/9093ce32-460f-4beb-a17f-db2b52246d22.root [219,220,215,216,214,218,217]
/store/data/Run2022B/SingleMuon/RAW/v1/000/355/680/00000/90ac7d20-e619-475d-93d4-71af636d13c6.root [1414,1413,1415,1416,1417,1418,1419,1420]
/store/data/Run2022B/SingleMuon/RAW/v1/000/355/680/00000/90b0614b-3656-4089-861c-aa3cf147d4fb.root [286,287,283,289,285,288,284]
/store/data/Run2022B/SingleMuon/RAW/v1/000/355/680/00000/91c00407-94a3-4bc3-a93d-fff7d5ced319.root [353,358,356,354,357,352,355]
/store/data/Run2022B/SingleMuon/RAW/v1/000/355/680/00000/9222c3a0-be30-4937-9b29-c9410549ce22.root [1236,1230,1231,1234,1232,1233,1235]
/store/data/Run2022B/SingleMuon/RAW/v1/000/355/680/00000/957f410d-9675-4f13-8407-d7bf0192d2a9.root [12,8,9,14,13,10,11]
/store/data/Run2022B/SingleMuon/RAW/v1/000/355/680/00000/970c9dc8-2f72-43c3-ade1-adeb1b76e6c7.root [1441,1442,1444,1443,1437,1440,1438,1439]
/store/data/Run2022B/SingleMuon/RAW/v1/000/355/680/00000/9746974b-4323-44bb-b6ab-27630c34bdfa.root [1574,1578,1573,1576,1577,1579,1580,1575]
/store/data/Run2022B/SingleMuon/RAW/v1/000/355/680/00000/97deec10-e175-4cb8-8148-2f27a6248c6e.root [18,16,19,17,21,20,15]
/store/data/Run2022B/SingleMuon/RAW/v1/000/355/680/00000/98b9a87a-453e-47e7-82de-440a015a52a3.root [1594,1589,1591,1592,1593,1596,1590,1595]
/store/data/Run2022B/SingleMuon/RAW/v1/000/355/680/00000/99db1564-664f-4936-acc4-3d1ab1fe6559.root [1259,1260,1258,1263,1264,1261,1262]
/store/data/Run2022B/SingleMuon/RAW/v1/000/355/680/00000/9a121405-e282-432f-8c78-94a96825b8e6.root [856,853,857,855,852,854]
/store/data/Run2022B/SingleMuon/RAW/v1/000/355/680/00000/9b241f46-c650-4b93-87e7-5440bbf04583.root [789,787,786,788,790,791]
/store/data/Run2022B/SingleMuon/RAW/v1/000/355/680/00000/9bd57b08-e726-4b21-98ea-932103a93bca.root [906,911,907,909,910,908]
/store/data/Run2022B/SingleMuon/RAW/v1/000/355/680/00000/9dd99abc-3550-4518-8e50-87c9716157be.root [1190,1189,1194,1192,1191,1193,1188]
/store/data/Run2022B/SingleMuon/RAW/v1/000/355/680/00000/9e672318-3af4-45c5-aea7-a5d933b6b740.root [265,266,268,263,264,267,269]
/store/data/Run2022B/SingleMuon/RAW/v1/000/355/680/00000/a0f0503d-596e-486c-9222-4ca251e6dee1.root [957,955,959,958,954,956]
/store/data/Run2022B/SingleMuon/RAW/v1/000/355/680/00000/a1e867cf-ba90-47f4-85af-550615ab55f6.root [396,393,394,397,392,395,391]
/store/data/Run2022B/SingleMuon/RAW/v1/000/355/680/00000/a239d541-1a9b-4b47-8a35-10394a34e051.root [601,605,606,607,602,603,604]
/store/data/Run2022B/SingleMuon/RAW/v1/000/355/680/00000/a457c197-9385-4db7-a311-3e49a9b9e6b3.root [61,62,58,60,57,63,59]
/store/data/Run2022B/SingleMuon/RAW/v1/000/355/680/00000/a5ce90d6-0794-4b3a-9a1a-08f88fd9da9f.root [461,466,467,463,464,465,462]
/store/data/Run2022B/SingleMuon/RAW/v1/000/355/680/00000/a873dbd1-8295-4658-baef-115bef06f591.root [291,295,294,296,290,292,293]
/store/data/Run2022B/SingleMuon/RAW/v1/000/355/680/00000/aaf90cdc-5488-4a38-9a61-1a8294a862c2.root [327,325,328,329,326,330,324]
/store/data/Run2022B/SingleMuon/RAW/v1/000/355/680/00000/ab00cd8f-0644-4d7c-9735-9b0a890f5f88.root [1174,1175,1177,1180,1176,1179,1178]
/store/data/Run2022B/SingleMuon/RAW/v1/000/355/680/00000/ae9be5a4-9e96-4119-bd8d-7aa09b12ee1a.root [388,389,385,387,390,386]
/store/data/Run2022B/SingleMuon/RAW/v1/000/355/680/00000/aecda53b-12e7-4178-ad9c-86c74e814a0e.root [1167,1169,1171,1172,1170,1173,1168]
/store/data/Run2022B/SingleMuon/RAW/v1/000/355/680/00000/af14bd86-eeb8-49b8-a221-804c712b487f.root [1102,1100,1097,1103,1098,1099,1101]
/store/data/Run2022B/SingleMuon/RAW/v1/000/355/680/00000/af633f7c-4d2e-4473-993a-dd29583aed77.root [1424,1427,1422,1425,1428,1423,1426,1421]
/store/data/Run2022B/SingleMuon/RAW/v1/000/355/680/00000/b1d046b2-c93e-49b8-a160-d5c86a6e723a.root [74,71,75,72,73,76]
/store/data/Run2022B/SingleMuon/RAW/v1/000/355/680/00000/b345c5af-db67-4c5b-8530-9b41b081ff82.root [1515,1513,1510,1511,1512,1514,1516]
/store/data/Run2022B/SingleMuon/RAW/v1/000/355/680/00000/b35b028c-ea5a-4917-b480-7d7d853c61e5.root [195,196,198,197,199,200]
/store/data/Run2022B/SingleMuon/RAW/v1/000/355/680/00000/b4805da1-595e-4c48-9060-8ac6bfadd5e9.root [489,490,495,493,491,492,494]
/store/data/Run2022B/SingleMuon/RAW/v1/000/355/680/00000/b5d8801c-e8d2-49e1-b414-50eb5af4eefb.root [1551,1553,1555,1550,1557,1554,1556,1552]
/store/data/Run2022B/SingleMuon/RAW/v1/000/355/680/00000/b5ef7b9e-d578-4023-abf0-9386246989a7.root [1116,1118,1119,1121,1117,1120]
/store/data/Run2022B/SingleMuon/RAW/v1/000/355/680/00000/b666a868-da9e-4a8d-a8b2-52f2ce6a37d3.root [931,930,932,933,934,935]
/store/data/Run2022B/SingleMuon/RAW/v1/000/355/680/00000/b6817f91-4c7d-47d6-9e09-1d122f9e3269.root [648,653,647,650,649,651,652]
/store/data/Run2022B/SingleMuon/RAW/v1/000/355/680/00000/b685ab65-fd4b-4b10-a5b0-2172a51122cf.root [1,2,4,7,3,5,6]
/store/data/Run2022B/SingleMuon/RAW/v1/000/355/680/00000/b6e1c482-49e2-41f6-951e-1bd263019464.root [970,967,971,972,969,968]
/store/data/Run2022B/SingleMuon/RAW/v1/000/355/680/00000/b711cbdd-1bbe-4788-9af5-6f2fd67dca29.root [277,278,279,282,281,280]
/store/data/Run2022B/SingleMuon/RAW/v1/000/355/680/00000/b7326295-0412-43ff-bb7f-26e1c86faa0d.root [1015,1010,1009,1012,1013,1011,1014]
/store/data/Run2022B/SingleMuon/RAW/v1/000/355/680/00000/b741c58c-8ee1-41ab-967a-c31abf0975b1.root [1497,1495,1500,1498,1493,1496,1499,1494]
/store/data/Run2022B/SingleMuon/RAW/v1/000/355/680/00000/b7a8aa99-94b3-40e2-95ad-f1ba10e4410a.root [816,821,819,817,820,818]
/store/data/Run2022B/SingleMuon/RAW/v1/000/355/680/00000/b86ccc22-5ef5-4e23-a423-be4515d00031.root [1128,1131,1133,1130,1132,1129]
/store/data/Run2022B/SingleMuon/RAW/v1/000/355/680/00000/b8bd5243-2346-4a8b-a5c4-d980b58a7ca5.root [1040,1041,1042,1043,1044,1046,1045]
/store/data/Run2022B/SingleMuon/RAW/v1/000/355/680/00000/b95f0e67-2ffe-4c15-acf2-60cf81bdea5f.root [501,499,497,496,498,500]
/store/data/Run2022B/SingleMuon/RAW/v1/000/355/680/00000/b99ba613-34e8-446a-b474-43e234a08ea6.root [1526,1525,1528,1530,1529,1531,1527]
/store/data/Run2022B/SingleMuon/RAW/v1/000/355/680/00000/bb0f0d5e-8218-482e-8aec-fbf0d51948e2.root [1246,1250,1249,1245,1248,1247,1244]
/store/data/Run2022B/SingleMuon/RAW/v1/000/355/680/00000/bb5d89d8-c3e9-40c5-b43d-b878d6615589.root [674,672,676,675,677,673]
/store/data/Run2022B/SingleMuon/RAW/v1/000/355/680/00000/bd1d3de1-935b-4d48-b4b3-3bb9a56112b1.root [245,248,244,247,243,246,242]
/store/data/Run2022B/SingleMuon/RAW/v1/000/355/680/00000/bd6b2b7e-7cd5-4db5-a3d3-15e70b1b8349.root [381,382,380,383,379,384]
/store/data/Run2022B/SingleMuon/RAW/v1/000/355/680/00000/c026edac-23c5-4537-b4a4-959962537413.root [1087,1089,1090,1084,1085,1086,1088]
/store/data/Run2022B/SingleMuon/RAW/v1/000/355/680/00000/c0c5429b-9c91-4080-a947-9638684c8923.root [996,991,994,992,993,995]
/store/data/Run2022B/SingleMuon/RAW/v1/000/355/680/00000/c1a0e7f2-ad5f-4e9a-8968-fb4125d0a180.root [426,427,422,424,423,425]
/store/data/Run2022B/SingleMuon/RAW/v1/000/355/680/00000/c242c0bd-2647-4087-a32b-07e1f6f25d64.root [1315,1320,1314,1317,1316,1318,1319]
/store/data/Run2022B/SingleMuon/RAW/v1/000/355/680/00000/c271c5c8-37b9-443d-9fe1-8cc8b65e215b.root [1281,1279,1280,1284,1283,1282,1285]
/store/data/Run2022B/SingleMuon/RAW/v1/000/355/680/00000/c2e64ea6-0298-4fe5-ab37-e76a07634ab4.root [149,151,146,147,148,150]
/store/data/Run2022B/SingleMuon/RAW/v1/000/355/680/00000/c349680b-c629-4a8c-81cc-7c5195299dd8.root [1240,1243,1238,1239,1241,1237,1242]
/store/data/Run2022B/SingleMuon/RAW/v1/000/355/680/00000/c364b745-6e20-4539-812c-bbdc117cd0fe.root [260,256,258,261,257,259,262]
/store/data/Run2022B/SingleMuon/RAW/v1/000/355/680/00000/caef7c62-90d7-4599-9e59-0ddbe3e6ada9.root [698,699,696,697,701,700,702]
/store/data/Run2022B/SingleMuon/RAW/v1/000/355/680/00000/ccd263fc-c026-41db-bdb9-d3c07f61a4bf.root [581,582,577,579,580,578]
/store/data/Run2022B/SingleMuon/RAW/v1/000/355/680/00000/cec85528-bf97-4f5f-aed8-a72ee2d7e6cf.root [725,723,722,727,726,728,724]
/store/data/Run2022B/SingleMuon/RAW/v1/000/355/680/00000/cf130e01-e933-435e-9721-bb24c51582c3.root [919,918,921,920,923,922]
/store/data/Run2022B/SingleMuon/RAW/v1/000/355/680/00000/cf547f0f-e5d8-4cc2-89fb-75c0ed446e68.root [417,418,420,416,419,421]
/store/data/Run2022B/SingleMuon/RAW/v1/000/355/680/00000/cf852164-06d4-49d0-9112-26c90e07b475.root [671,668,670,669,666,667]
/store/data/Run2022B/SingleMuon/RAW/v1/000/355/680/00000/d041bece-5e32-4376-875f-fffcc62d7d53.root [861,859,860,863,858,862]
/store/data/Run2022B/SingleMuon/RAW/v1/000/355/680/00000/d0eeaa47-007f-4ae8-b55e-1ba078e9ea1e.root [513,509,511,512,508,510]
/store/data/Run2022B/SingleMuon/RAW/v1/000/355/680/00000/d10cf404-8ab7-4b26-9077-4e4a3ebe10fe.root [532,534,536,533,537,535]
/store/data/Run2022B/SingleMuon/RAW/v1/000/355/680/00000/d2638ff3-8b9d-48e0-9875-068d05d27b2f.root [1331,1333,1334,1330,1335,1336,1329,1332]
/store/data/Run2022B/SingleMuon/RAW/v1/000/355/680/00000/d42c4208-6ac8-4c8e-87e4-3992d918177a.root [126,132,131,128,129,130,127]
/store/data/Run2022B/SingleMuon/RAW/v1/000/355/680/00000/d6da66d4-8ffb-42ba-97e7-adf200bb2244.root [408,409,407,404,406,405]
/store/data/Run2022B/SingleMuon/RAW/v1/000/355/680/00000/d6fde938-0d89-403b-bac5-ff39c3a2d331.root [1581,1583,1586,1582,1588,1585,1587,1584]
/store/data/Run2022B/SingleMuon/RAW/v1/000/355/680/00000/d8987530-848a-4452-9abc-6c399ea8d66c.root [482,483,484,485,486,488,487]
/store/data/Run2022B/SingleMuon/RAW/v1/000/355/680/00000/d95cf212-89fb-4061-b9f5-b825e401b6de.root [184,182,185,183,186,187]
/store/data/Run2022B/SingleMuon/RAW/v1/000/355/680/00000/d97605a8-47d8-453c-9a25-90a504896810.root [1165,1162,1166,1160,1161,1163,1164]
/store/data/Run2022B/SingleMuon/RAW/v1/000/355/680/00000/d9c4f31c-5c95-4458-80cb-5eea76d19f62.root [752,749,753,751,754,750,755]
/store/data/Run2022B/SingleMuon/RAW/v1/000/355/680/00000/dae7fbac-304e-4054-9607-e9bff2209d1f.root [448,451,453,450,447,449,452]
/store/data/Run2022B/SingleMuon/RAW/v1/000/355/680/00000/db7b1e72-abcf-4008-8b47-85669b2e2e6a.root [709,705,708,703,707,706,704]
/store/data/Run2022B/SingleMuon/RAW/v1/000/355/680/00000/dcd0abd5-3d27-404e-b237-8f6ea1cf9b7c.root [1358,1354,1353,1356,1352,1357,1355]
/store/data/Run2022B/SingleMuon/RAW/v1/000/355/680/00000/ddc478b3-84c5-4c17-b595-da26182db51f.root [518,515,517,514,516,519]
/store/data/Run2022B/SingleMuon/RAW/v1/000/355/680/00000/de17f2de-c81a-4b0c-a4da-543ca2cfe3e2.root [143,141,144,142,145,140]
/store/data/Run2022B/SingleMuon/RAW/v1/000/355/680/00000/dfad80e3-ad76-429f-9876-58f9476a2d96.root [1532,1534,1537,1541,1538,1536,1540,1539,1533,1535]
/store/data/Run2022B/SingleMuon/RAW/v1/000/355/680/00000/e028c313-157e-49c1-8985-9cbce220a27b.root [768,770,771,772,769,773]
/store/data/Run2022B/SingleMuon/RAW/v1/000/355/680/00000/e0351a54-a953-4525-ac32-ce0c0b225a4f.root [194,188,192,189,190,191,193]
/store/data/Run2022B/SingleMuon/RAW/v1/000/355/680/00000/e0d29460-48bc-4820-baba-926dd0a2905b.root [227,223,222,224,225,221,226]
/store/data/Run2022B/SingleMuon/RAW/v1/000/355/680/00000/e0fa9ff2-4145-438e-9702-b5448cc4510a.root [894,897,896,899,898,895]
/store/data/Run2022B/SingleMuon/RAW/v1/000/355/680/00000/e11755cd-1b63-4071-932c-d5e760667bf4.root [1211,1214,1215,1209,1210,1212,1213]
/store/data/Run2022B/SingleMuon/RAW/v1/000/355/680/00000/e2096a5a-9a4c-467b-a4fa-ea820716f5d6.root [844,843,845,842,840,841]
/store/data/Run2022B/SingleMuon/RAW/v1/000/355/680/00000/e280f323-78d3-45bd-a9d9-ee207e5a10f7.root [981,980,983,979,982,984]
/store/data/Run2022B/SingleMuon/RAW/v1/000/355/680/00000/e2df95a3-231c-46c9-ad57-d5f85cebf290.root [978,975,973,977,974,976]
/store/data/Run2022B/SingleMuon/RAW/v1/000/355/680/00000/e399923a-e0f3-47b2-b498-8a74f8258029.root [998,997,999,1001,1000,1002]
/store/data/Run2022B/SingleMuon/RAW/v1/000/355/680/00000/e5093a49-9631-4103-b845-918420538159.root [731,733,730,734,729,732]
/store/data/Run2022B/SingleMuon/RAW/v1/000/355/680/00000/e5320320-1aa9-4feb-b018-9c21b35fdad5.root [1069,1067,1065,1068,1070,1066]
/store/data/Run2022B/SingleMuon/RAW/v1/000/355/680/00000/e54408d0-5280-4606-a9f4-7ec37fabb1d6.root [1380,1378,1377,1375,1376,1379,1381]
/store/data/Run2022B/SingleMuon/RAW/v1/000/355/680/00000/e579cc1e-d47f-4dec-8e3c-f7c2fbfd427a.root [205,206,201,202,203,204]
/store/data/Run2022B/SingleMuon/RAW/v1/000/355/680/00000/e6920033-b927-4a46-8ca6-dc34e5277f92.root [1028,1032,1030,1029,1031,1033]
/store/data/Run2022B/SingleMuon/RAW/v1/000/355/680/00000/e90d8767-f03a-4be2-81a4-cbb2c6f0f61d.root [159,162,158,160,163,161]
/store/data/Run2022B/SingleMuon/RAW/v1/000/355/680/00000/e99041dc-8556-4b05-896d-ef696a707ed3.root [476,480,475,477,479,481,478]
/store/data/Run2022B/SingleMuon/RAW/v1/000/355/680/00000/e99247fd-8707-4adb-ba68-905d8e2224ce.root [120,125,122,119,123,121,124]
/store/data/Run2022B/SingleMuon/RAW/v1/000/355/680/00000/eacc8fd5-c043-4420-a152-fbc3cca3d3c0.root [338,339,342,340,341,344,343]
/store/data/Run2022B/SingleMuon/RAW/v1/000/355/680/00000/eb72750f-a7cc-4c33-aea8-738d8bd91aa9.root [153,155,152,157,154,156]
/store/data/Run2022B/SingleMuon/RAW/v1/000/355/680/00000/eca47c66-8cff-445f-831c-19cb2cb773b7.root [26,27,24,25,22,23,28]
/store/data/Run2022B/SingleMuon/RAW/v1/000/355/680/00000/edddb111-caec-4c17-aa3c-018c8aa2144a.root [322,320,321,318,319,323]
/store/data/Run2022B/SingleMuon/RAW/v1/000/355/680/00000/edfd3d8f-2c25-4a3c-9d0b-9d7647d35cf6.root [656,655,659,654,658,657]
/store/data/Run2022B/SingleMuon/RAW/v1/000/355/680/00000/ee371fcb-5259-4038-a73b-6a0b159f8e33.root [1409,1405,1410,1406,1408,1407,1411,1412]
/store/data/Run2022B/SingleMuon/RAW/v1/000/355/680/00000/ef390ce8-79cf-4d31-9385-589635c60dc3.root [1053,1056,1054,1055,1057,1058]
/store/data/Run2022B/SingleMuon/RAW/v1/000/355/680/00000/f0923a3e-17bc-42f9-99eb-1531473d2d18.root [1474,1477,1469,1473,1476,1470,1475,1471,1472]
/store/data/Run2022B/SingleMuon/RAW/v1/000/355/680/00000/f0bbc20c-1d54-45c8-a6d9-a842d54a4864.root [249,252,255,250,254,253,251]
/store/data/Run2022B/SingleMuon/RAW/v1/000/355/680/00000/f1824fbd-3bd3-4668-9a58-9952eca48ab3.root [828,831,833,830,832,829]
/store/data/Run2022B/SingleMuon/RAW/v1/000/355/680/00000/f4778b44-27c8-4900-bc2d-2259b0312299.root [437,439,438,436,440,435,434]
/store/data/Run2022B/SingleMuon/RAW/v1/000/355/680/00000/f4a5c44f-eb0e-49a1-88a3-4bf9119ca614.root [299,298,300,303,297,301,302]
/store/data/Run2022B/SingleMuon/RAW/v1/000/355/680/00000/f672b55d-692e-458c-8b1f-5001bb881293.root [309,305,306,307,308,310,304]
/store/data/Run2022B/SingleMuon/RAW/v1/000/355/680/00000/f757c595-8124-4fb9-9e46-954b2fbc37ae.root [804,805,806,809,807,808]
/store/data/Run2022B/SingleMuon/RAW/v1/000/355/680/00000/f812a148-5644-48f3-b567-daf6e2acc197.root [1059,1061,1064,1063,1060,1062]
/store/data/Run2022B/SingleMuon/RAW/v1/000/355/680/00000/f8509826-620a-49c3-94a7-eecfbf7eeb2a.root [1105,1106,1108,1107,1104,1109]
/store/data/Run2022B/SingleMuon/RAW/v1/000/355/680/00000/fb913466-2fa0-43e4-a123-9d7cf769ad2a.root [180,177,178,176,179,181]
/store/data/Run2022B/SingleMuon/RAW/v1/000/355/680/00000/fe5dd8a9-035d-479a-b657-b97dd29a628a.root [1008,1003,1006,1007,1004,1005]
/store/data/Run2022B/SingleMuon/RAW/v1/000/355/680/00000/fefe957f-17bb-431b-aa1d-2add36b69d93.root [1454,1455,1456,1457,1458,1453,1459,1460]
/store/data/Run2022B/SingleMuon/RAW/v1/000/355/680/00000/ff478171-5f91-43a8-ba2f-026a85e1603c.root [1302,1301,1305,1300,1304,1303,1306]
