/store/data/Run2016C/MuOnia/RAW/v2/000/276/092/00000/06564CC3-303F-E611-B3DA-02163E013537.root [23,25,24]
/store/data/Run2016C/MuOnia/RAW/v2/000/276/092/00000/0A16CE31-313F-E611-B0A2-02163E011B70.root [29]
/store/data/Run2016C/MuOnia/RAW/v2/000/276/092/00000/0AC6A50B-433F-E611-A7C9-02163E011B3B.root [86,87,88,89,90,91,98,94,95,99,100,92,96,93,97]
/store/data/Run2016C/MuOnia/RAW/v2/000/276/092/00000/1621EF20-463F-E611-AEF7-02163E013899.root [114,119,120,115,116,112,117,118,113,111]
/store/data/Run2016C/MuOnia/RAW/v2/000/276/092/00000/1ACC42D8-453F-E611-8138-02163E011825.root [103,106,105,108,102,109,101,104,107,110]
/store/data/Run2016C/MuOnia/RAW/v2/000/276/092/00000/24657238-313F-E611-BB3F-02163E0146C0.root [27]
/store/data/Run2016C/MuOnia/RAW/v2/000/276/092/00000/5E54AAB3-313F-E611-9985-02163E0139A9.root [33,32]
/store/data/Run2016C/MuOnia/RAW/v2/000/276/092/00000/66551626-313F-E611-9E77-02163E014259.root [20,19]
/store/data/Run2016C/MuOnia/RAW/v2/000/276/092/00000/66BC06E8-4E3F-E611-B31F-02163E01383D.root [144,149,141,148,142,143,146,147,145]
/store/data/Run2016C/MuOnia/RAW/v2/000/276/092/00000/901977A1-2F3F-E611-9FFF-02163E0144BC.root [4]
/store/data/Run2016C/MuOnia/RAW/v2/000/276/092/00000/94DDAE3F-323F-E611-BEE6-02163E0136DC.root [38,40,37,39]
/store/data/Run2016C/MuOnia/RAW/v2/000/276/092/00000/9E643003-433F-E611-A08A-02163E011859.root [54,70,72,81,62,66,77,82,75,76,83,58,60,63,65,56,74,78,85,53,55,57,64,73,61,67,68,69,79,80,59,71,84]
/store/data/Run2016C/MuOnia/RAW/v2/000/276/092/00000/AAAB86C1-303F-E611-82B7-02163E0137A7.root [17]
/store/data/Run2016C/MuOnia/RAW/v2/000/276/092/00000/BACF1CDF-2F3F-E611-A86F-02163E0134FF.root [2]
/store/data/Run2016C/MuOnia/RAW/v2/000/276/092/00000/BC60E9C4-303F-E611-98ED-02163E01202B.root [8,10,14,9,13,11,12]
/store/data/Run2016C/MuOnia/RAW/v2/000/276/092/00000/CC0902D8-323F-E611-A080-02163E0134BE.root [45,47,50,51,49,46,48]
/store/data/Run2016C/MuOnia/RAW/v2/000/276/092/00000/CE18505D-4E3F-E611-9BED-02163E011D84.root [135,137,139,134,140,132,133,131,136,138]
/store/data/Run2016C/MuOnia/RAW/v2/000/276/092/00000/D4E4353F-323F-E611-AD7B-02163E011895.root [43,42]
/store/data/Run2016C/MuOnia/RAW/v2/000/276/092/00000/F2EA6C17-4A3F-E611-B0A6-02163E013654.root [125,121,124,127,128,122,129,130,123,126]
