/store/data/Run2024F/ParkingLLP/RAW/v1/000/382/229/00000/04e04098-710b-4b1a-9e66-445d4be33c29.root 382229 [22,23,20,21,19,27,28,29,25,26,18,24]
/store/data/Run2024F/ParkingLLP/RAW/v1/000/382/229/00000/0cca5ce2-0aea-4fc3-8826-b8de9c1ec0ac.root 382229 [88,91,92,87,90,85,93,94,81,89,82,84,83,86]
/store/data/Run2024F/ParkingLLP/RAW/v1/000/382/229/00000/17f55a71-9de6-494c-8cf3-4708bb553467.root 382229 [194,185,187,186,190,195,192,188,189,193,191]
/store/data/Run2024F/ParkingLLP/RAW/v1/000/382/229/00000/18e72b16-f7d4-4cc1-988e-11b886a97434.root 382229 [213,216,207,208,212,218,211,214,209,210,215,217]
/store/data/Run2024F/ParkingLLP/RAW/v1/000/382/229/00000/1c339ed9-82a1-4464-807f-91a14ad03117.root 382229 [244,242,248,243,245,249,252,246,247,251,241,250]
/store/data/Run2024F/ParkingLLP/RAW/v1/000/382/229/00000/2070d0f6-2345-4292-915b-2d1bef88aa7a.root 382229 [319,310,311,312,316,318,315,320,309,313,314,317]
/store/data/Run2024F/ParkingLLP/RAW/v1/000/382/229/00000/25610812-2bbf-4b07-9b20-647d74d5188b.root 382229 [170,169,165,163,164,166,167,172,173,162,168,171]
/store/data/Run2024F/ParkingLLP/RAW/v1/000/382/229/00000/30680135-4843-4f1c-bf7a-0caf708e97de.root 382229 [102,103,96,101,100,106,95,104,105,97,98,99]
/store/data/Run2024F/ParkingLLP/RAW/v1/000/382/229/00000/30fbe007-07ce-47ce-9179-9b42599de25c.root 382229 [114,109,116,112,107,110,111,113,115,117,108]
/store/data/Run2024F/ParkingLLP/RAW/v1/000/382/229/00000/392fbe20-cf9d-4c12-a536-59de2e3f162e.root 382229 [5,7,3,4,8,1,9,6,2]
/store/data/Run2024F/ParkingLLP/RAW/v1/000/382/229/00000/44f5c82a-c7c9-4407-9d2c-92edff655c48.root 382229 [219,225,224,226,227,221,229,223,222,220,228]
/store/data/Run2024F/ParkingLLP/RAW/v1/000/382/229/00000/483f32e0-4d96-4138-a91b-06c2ab4e617e.root 382229 [54,56,65,57,59,55,60,62,64,66,58,61,63]
/store/data/Run2024F/ParkingLLP/RAW/v1/000/382/229/00000/4b96be8c-86ac-42ee-822d-6eb629b3329d.root 382229 [45,47,52,43,44,46,42,48,51,49,50,53]
/store/data/Run2024F/ParkingLLP/RAW/v1/000/382/229/00000/580e99b7-7491-4a6b-8ce8-95797707d664.root 382229 [203,205,197,206,198,202,204,196,200,201,199]
/store/data/Run2024F/ParkingLLP/RAW/v1/000/382/229/00000/58f5bf1f-0ec6-4df8-88b4-30903ea7e7e0.root 382229 [289,293,296,290,292,287,288,295,291,294,297]
/store/data/Run2024F/ParkingLLP/RAW/v1/000/382/229/00000/5f7b810c-f5de-4817-b344-2763790bbb99.root 382229 [233,232,238,235,237,234,230,239,240,231,236]
/store/data/Run2024F/ParkingLLP/RAW/v1/000/382/229/00000/8d0ccffc-0411-4894-9e41-b7e6f2090976.root 382229 [71,75,76,79,73,67,72,78,80,69,74,68,70,77]
/store/data/Run2024F/ParkingLLP/RAW/v1/000/382/229/00000/9f1980eb-3d2d-4242-903c-2170530bba25.root 382229 [267,274,264,269,271,265,266,270,268,272,275,273]
/store/data/Run2024F/ParkingLLP/RAW/v1/000/382/229/00000/a47027d3-7f25-4a19-95bb-db33621f001c.root 382229 [119,120,122,125,128,118,123,126,127,121,124]
/store/data/Run2024F/ParkingLLP/RAW/v1/000/382/229/00000/b7e0dc85-ac4e-4eb1-adb8-4b810dc6e5e8.root 382229 [158,159,161,154,160,151,152,156,157,153,155]
/store/data/Run2024F/ParkingLLP/RAW/v1/000/382/229/00000/b952f592-cd43-4653-bfc5-0cbb29743b5d.root 382229 [136,132,134,138,129,130,131,137,133,135,139]
/store/data/Run2024F/ParkingLLP/RAW/v1/000/382/229/00000/ba643f3d-a352-4a1b-9059-73620a944cd3.root 382229 [263,256,258,259,260,261,254,253,255,257,262]
/store/data/Run2024F/ParkingLLP/RAW/v1/000/382/229/00000/cdea1424-fbfd-4bdf-9320-a0cc315457d9.root 382229 [305,299,306,300,301,304,307,298,302,308,303]
/store/data/Run2024F/ParkingLLP/RAW/v1/000/382/229/00000/ce52b6be-0e8a-4117-8d76-5e42b31fcf67.root 382229 [181,184,177,178,179,174,180,182,176,183,175]
/store/data/Run2024F/ParkingLLP/RAW/v1/000/382/229/00000/d0158c7f-28c6-4490-b9fa-0f83df8b5a8b.root 382229 [277,278,279,283,284,276,281,280,285,286,282]
/store/data/Run2024F/ParkingLLP/RAW/v1/000/382/229/00000/d64f02b9-ffb3-4ca8-88ef-2820217f6775.root 382229 [31,35,39,41,38,32,34,40,33,36,30,37]
/store/data/Run2024F/ParkingLLP/RAW/v1/000/382/229/00000/fc98b6f8-fc23-4aee-8c5f-7d0e44c17240.root 382229 [141,143,148,149,145,146,144,147,150,140,142]
