/store/data/Run2022B/MuonEG/RAW/v1/000/355/374/00000/d8fa1661-2fe6-4467-84bb-da807fe2e812.root 355374 [3,7,14,16,30,32,43,52,64,66,72,81,1,11,13,23,25,37,38,65,17,28,36,44,45,51,53,54,56,57,60,62,69,73,78,82,2,12,18,19,24,34,42,47,58,61,77,79,4,5,8,9,10,22,49,55,68,80,6,27,29,33,41,48,67,71,76,20,26,35,40,46,50,63,70,84,15,21,31,39,59,74,75,83]
/store/data/Run2022B/MuonEG/RAW/v1/000/355/381/00000/a1ffe90a-f39b-4b2a-b882-faccb397f33b.root 355381 [2,27,31,32,34,55,64,68,91,104,119,120,130,108,132,140,144,153,161,1,12,13,17,35,41,42,57,60,63,78,82,90,92,100,124,45,56,97,135,142,6,9,20,36,47,54,69,72,73,85,89,93,102,105,106,116,126,128,77,150,4,5,10,16,19,21,29,30,33,43,49,51,74,79,80,81,86,103,111,113,118,121,125,131,141,155,38,40,66,71,76,83,84,95,107,127,62,146,152,158,18,22,28,46,59,67,98,99,109,114,117,123,129,136,137,139,143,147,149,154,156,157,159,3,7,8,24,26,37,39,48,53,58,65,75,96,110,112,122,52,138,148,160,11,14,15,23,25,44,50,61,70,87,88,94,101,115,133,134,145,162,151]
/store/data/Run2022B/MuonEG/RAW/v1/000/355/381/00000/bf104fcc-293f-421d-a7d6-fb178e112f03.root 355381 [163]
/store/data/Run2022B/MuonEG/RAW/v1/000/355/381/00000/dc9f0887-c0c3-4c04-bdde-b47269f332b7.root 355381 [167,188,191,195,200,203,212,213,220,224,230,233,236,242,244,250,262,264,269,272,273,285,296,318,334,316,341,350,355,356,171,194,210,165,215,226,227,229,237,245,246,266,270,292,308,313,326,330,335,338,314,340,169,170,175,176,186,189,190,201,209,204,217,231,232,243,257,263,276,277,278,282,287,293,298,317,329,332,344,348,351,357,166,177,179,183,184,192,196,198,202,211,205,214,218,241,219,251,252,268,290,303,306,299,327,331,349,352,168,178,180,182,187,221,234,239,254,255,259,265,271,281,289,297,310,322,324,325,337,354,172,174,185,197,199,216,225,235,248,267,275,279,283,288,294,295,300,307,302,311,319,321,323,333,339,342,343,173,193,207,208,247,249,260,261,274,284,301,305,304,315,336,345,346,347,353,164,181,206,222,223,228,240,238,253,256,258,280,286,291,309,312,320,328]
/store/data/Run2022B/MuonEG/RAW/v1/000/355/418/00000/4117189f-349f-4c6c-b9c7-436dc0034179.root 355418 [7,12,13,14,34,3,16,17,19,26,40,41,9,10,20,30,38,5,6,15,23,28,2,11,24,25,29,36,39,4,27,31,18,21,37,1,8,22,32,33,35]
/store/data/Run2022B/MuonEG/RAW/v1/000/355/419/00000/c1c6dc8f-ffad-4249-a59a-cb3de059ae71.root 355419 [8,10,13,21,24,25,29,38,45,46,67,73,79,82,88,94,105,1,5,9,11,16,17,27,34,37,41,50,68,70,81,83,106,108,22,49,55,58,59,85,102,109,2,3,18,23,26,28,30,32,53,60,62,71,93,98,101,107,4,7,15,20,35,47,52,63,64,65,66,72,75,84,91,92,97,99,100,19,31,42,44,56,57,69,78,87,89,90,95,6,33,36,43,74,96,103,104,12,14,39,40,48,51,54,61,76,77,80,86]
/store/data/Run2022B/MuonEG/RAW/v1/000/355/429/00000/9c696460-654c-4c5f-b9f5-e792d58dff37.root 355429 [13,14,67,76,79,89,94,96,103,11,24,27,29,42,45,50,51,70,75,78,83,84,95,97,100,101,4,7,15,19,22,26,30,39,44,46,60,61,80,88,92,98,1,21,23,28,32,34,49,52,71,81,85,18,20,35,36,53,57,62,65,68,72,73,77,82,86,90,102,2,3,5,8,37,38,54,55,66,69,74,87,6,9,10,16,17,25,31,40,43,56,63,93,99,12,33,41,47,48,58,59,64,91]
/store/data/Run2022B/MuonEG/RAW/v1/000/355/435/00000/ccd22166-0069-45e3-b8d9-99cca53fa43c.root 355435 [10,16,2,11,12,28,70,80,19,24,33,36,38,39,48,56,66,68,75,77,4,22,25,26,31,45,53,55,57,79,82,15,5,13,35,54,60,67,69,71,76,83,3,7,21,23,30,37,42,43,50,72,84,8,6,27,32,40,41,47,73,65,9,14,18,20,29,34,49,51,52,59,64,74,1,17,44,46,58,61,62,63,78,81]
/store/data/Run2022B/MuonEG/RAW/v1/000/355/442/00000/b0887e84-3b2d-4402-bd2c-cd8517e7143e.root 355442 [2,14,16,18,13,4,6,21,22,12,1,7,9,3,15,20,8,11,5,19,17,10]
/store/data/Run2022B/MuonEG/RAW/v1/000/355/443/00000/4646def4-301f-45ab-8dee-d645e9645403.root 355443 [221,230,231,232,225,236,227,235,238,222,228,240,229,226,239,224,234,223,233,237]
/store/data/Run2022B/MuonEG/RAW/v1/000/355/443/00000/98c4e9b8-6940-4750-94ab-51073163a2ae.root 355443 [77,79,83,88,99,100,103,104,115,128,134,143,151,170,176,179,182,196,208,216,220,6,18,21,35,46,48,49,61,24,53,76,98,105,109,120,133,136,139,142,181,200,108,218,1,12,19,26,38,40,41,52,57,58,64,68,15,81,90,101,102,107,112,123,137,159,160,167,168,173,185,204,219,10,13,20,22,25,30,44,45,50,51,71,74,87,116,122,126,138,140,141,144,145,147,163,164,172,178,188,153,154,212,5,7,9,28,42,54,56,59,65,66,78,82,94,110,113,117,124,129,132,158,169,183,190,195,197,149,175,192,206,217,3,4,11,16,23,27,29,31,34,55,72,70,86,92,95,118,127,171,199,213,152,211,214,215,2,32,60,62,63,73,75,80,85,97,114,119,121,131,135,146,148,150,157,162,165,180,187,194,201,203,205,93,96,156,166,191,8,14,33,36,37,39,43,84,91,106,111,125,130,161,177,184,186,189,198,202,207,210,89,155,174,193,209,17,47,67,69]
/store/data/Run2022B/MuonEG/RAW/v1/000/355/444/00000/915ece07-6499-432f-b4ce-d545090fe92b.root 355444 [6,10,15,29,36,38,48,78,97,109,110,113,115,117,118,125,133,139,140,144,154,17,27,101,143,2,5,9,19,20,47,51,62,68,74,87,90,92,96,107,134,151,95,99,3,21,25,35,39,43,44,61,65,82,83,114,132,18,30,53,100,8,23,32,40,41,50,59,71,85,86,88,89,93,94,129,130,149,14,55,103,13,42,45,49,72,79,80,112,116,131,147,150,12,24,146,1,7,11,56,58,63,67,73,76,81,105,111,122,153,28,104,142,4,22,26,31,33,37,46,52,57,60,64,84,91,108,119,120,121,126,136,137,141,145,102,106,34,54,66,69,70,75,77,123,124,127,128,135,138,148,152,16,98]
/store/data/Run2022B/MuonEG/RAW/v1/000/355/445/00000/c63aeb5b-3c19-4f03-93b0-9bf11c40972c.root 355445 [53,57,59,72,83,84,92,93,95,116,141,142,147,149,154,160,162,168,172,175,186,195,199,212,220,223,224,69,192,233,237,253,17,21,38,47,54,64,74,76,89,94,99,101,111,114,123,127,134,143,178,189,197,201,219,146,180,193,235,239,249,251,9,11,13,18,33,34,12,87,91,106,124,133,135,137,145,150,170,184,188,204,167,214,241,5,16,20,24,30,36,40,61,62,63,67,68,73,96,103,104,107,110,121,128,130,131,138,144,177,185,200,206,217,213,248,1,10,27,43,44,65,66,71,75,97,98,126,129,164,166,169,194,203,211,152,179,236,246,3,8,22,32,35,37,60,70,77,81,85,102,109,112,113,117,122,136,139,140,148,151,157,159,165,173,187,190,191,208,209,210,215,225,125,156,182,234,238,242,250,7,25,26,28,39,45,55,58,80,82,88,90,105,108,118,119,120,153,158,161,174,176,181,198,202,205,218,221,155,227,230,231,244,252,14,19,29,31,42,46,48,49,50,51,52,56,78,79,86,115,132,163,171,183,207,216,100,196,222,226,228,229,232,240,243,245,247,2,4,6,15,23,41]
/store/data/Run2022B/MuonEG/RAW/v1/000/355/454/00000/7597a124-2166-4780-894d-57db58da1994.root 355454 [17,22,30,36,50,56,31,32,33,76,97,101,116,2,4,12,20,24,25,26,28,34,41,42,43,47,48,88,90,100,3,7,11,29,58,70,74,79,83,84,86,99,113,71,13,14,18,21,51,54,59,60,6,49,73,75,77,80,81,93,98,107,108,111,8,10,15,19,23,35,55,57,64,68,69,85,96,117,38,46,52,53,63,65,78,82,94,95,104,112,115,1,5,16,37,40,44,67,72,89,92,103,110,9,27,39,45,61,62,66,87,91,102,105,106,109,114]
/store/data/Run2022B/MuonEG/RAW/v1/000/355/455/00000/b59a9ca5-3cf0-464f-b23b-eb565bc0e655.root 355455 [6,11,12,19,23,27,37,38,34,7,13,39,2,4,5,9,25,28,32,35,3,14,17,18,29,24,8,16,21,22,26,30,33,1,36,10,15,20,31]
/store/data/Run2022B/MuonEG/RAW/v1/000/355/456/00000/29941d4f-736d-4d62-934b-8a1d81419826.root 355456 [1,12,22,43,66,69,76,83,88,92,93,99,104,105,110,118,131,138,144,147,149,150,172,184,195,216,226,227,235,243,261,262,266,274,281,282,284,285,292,300,309,311,315,325,327,330,335,338,346,359,364,375,391,396,415,416,421,424,442,473,477,480,485,430,3,19,30,36,48,49,53,57,80,94,97,117,120,134,139,165,167,171,179,196,214,217,221,234,239,250,253,255,267,273,277,296,308,328,337,351,361,368,369,374,382,385,393,404,407,408,417,419,425,452,453,468,470,4,15,16,21,26,31,35,40,56,59,67,81,86,87,89,96,107,109,113,125,126,183,205,208,210,211,220,237,240,247,254,268,269,275,279,286,290,294,299,306,322,345,352,355,398,409,426,435,443,455,461,471,488,490,492,494,441,2,5,13,18,23,28,29,32,33,52,74,85,91,100,102,121,154,158,162,178,187,191,209,212,219,229,231,236,238,258,264,270,271,278,302,316,140,349,363,371,372,402,413,422,440,447,458,459,472,478,482,483,486,491,496,498,500,449,37,41,44,50,62,68,72,79,82,98,101,111,127,133,142,145,146,163,166,169,173,174,192,201,202,206,207,228,252,259,288,289,291,293,305,223,245,301,323,324,340,342,343,347,350,356,358,366,367,376,379,380,384,387,394,401,405,411,420,427,431,446,448,451,454,466,469,481,493,457,501,6,9,10,14,17,27,42,45,55,11,65,70,71,77,122,136,137,143,156,164,168,175,176,177,180,181,182,188,189,190,194,199,203,204,218,224,225,233,257,260,272,276,283,297,312,319,341,362,373,377,381,386,389,392,397,399,403,410,412,418,429,432,438,445,456,465,474,479,487,489,495,502,7,24,25,38,60,73,75,84,90,103,106,112,115,119,124,128,132,135,141,148,152,155,157,159,161,170,197,222,230,241,242,244,249,295,298,310,320,213,326,332,333,334,339,353,354,357,360,383,388,406,423,428,434,436,439,450,460,463,464,475,476,8,20,34,39,46,47,51,54,58,61,63,64,78,95,108,114,116,123,129,130,151,153,160,185,186,198,200,215,232,246,248,251,256,263,265,280,287,303,304,307,313,314,317,318,321,193,329,336,344,348,365,378,390,395,414,433,437,444,462,467,484,497,499,331,370,400]
/store/data/Run2022B/MuonEG/RAW/v1/000/355/558/00000/043fedb0-c96e-456e-8fce-92ab883b3c01.root 355558 [223,237,240,241,247,220,221,245,251,255,226,233,235,242,253,257,215,217,219,224,232,238,248,259,225,227,231,239,243,246,250,252,258,218,229,234,236,249,230,254,256,216,222,228,244]
/store/data/Run2022B/MuonEG/RAW/v1/000/355/558/00000/6c0190f4-9a5b-49bb-9808-fc442a942e49.root 355558 [396,403,405,407,397,398,401,395,406,399,400,402,404]
/store/data/Run2022B/MuonEG/RAW/v1/000/355/558/00000/910fa96a-20cb-4fa8-87f2-465daf79f691.root 355558 [21,22,29,34,39,53,69,82,87,96,97,99,101,117,137,147,152,162,12,13,28,30,38,48,66,70,78,94,95,98,100,107,123,133,140,142,159,163,4,6,11,19,24,25,27,52,55,60,71,80,85,91,102,111,114,115,121,146,148,151,154,155,161,1,7,17,23,31,43,44,56,61,62,68,75,90,103,112,132,141,149,153,166,3,9,20,35,51,59,63,64,67,77,92,104,106,116,120,125,128,130,156,164,26,36,37,41,49,50,54,65,74,81,86,105,109,122,124,127,135,136,144,145,150,160,168,2,5,10,45,47,76,79,88,89,93,108,110,126,129,131,138,139,143,157,165,167,8,14,15,16,18,32,33,40,42,46,57,58,72,73,83,84,113,118,119,134,158]
/store/data/Run2022B/MuonEG/RAW/v1/000/355/558/00000/c79478cf-2dc5-4f61-8369-0ffc2c6bdebc.root 355558 [351,357,362,366,375,377,378,380,382,387,388,392,350,356,358,369,372,374,384,363,364,381,352,354,367,371,373,383,386,359,385,360,368,370,389,393,394,353,355,361,365,376,379,390,391]
/store/data/Run2022B/MuonEG/RAW/v1/000/355/558/00000/e82d3094-2b21-4d5b-aa6c-0441063406eb.root 355558 [304,315,309,311,316,324,326,337,305,307,310,312,319,328,333,339,340,342,343,344,348,345,313,321,327,330,334,335,303,306,329,336,346,308,317,320,331,338,314,318,322,323,325,332,341,347,349]
/store/data/Run2022B/MuonEG/RAW/v1/000/355/558/00000/edd66894-c743-4415-9771-22468a696375.root 355558 [180,185,198,200,206,190,194,197,203,205,177,178,183,188,202,204,214,170,173,179,182,184,192,195,196,171,172,175,176,193,211,213,169,174,191,181,189,199,201,207,208,209,212,186,187,210]
/store/data/Run2022B/MuonEG/RAW/v1/000/355/558/00000/fd4d9353-cb95-412c-84c2-fc61230828a2.root 355558 [265,284,299,263,266,269,276,280,295,296,300,274,277,288,293,261,275,283,289,294,286,297,301,264,273,281,291,260,271,278,279,282,292,302,262,267,268,270,272,285,287,290,298]
/store/data/Run2022B/MuonEG/RAW/v1/000/355/559/00000/1d9bb81b-da8f-4532-9612-f8797a106da7.root 355559 [51,53,45,46,49,52,54,47,48,50]
/store/data/Run2022B/MuonEG/RAW/v1/000/355/559/00000/2ca34b12-87e5-4916-90f9-77812a7c8e03.root 355559 [11,1,10,17,20,21,25,28,29,31,35,37,2,7,18,22,23,30,6,8,27,44,3,9,12,14,16,26,32,40,5,13,39,42,43,4,24,33,34,36,41,15,19,38]
/store/data/Run2022B/MuonEG/RAW/v1/000/355/559/00000/6ecd0bc5-91ad-4346-ab1b-a8166919669d.root 355559 [144,148,150,154,162,163,157,145,149,151,152,146,160,147,159,143,153,156,158,155,161]
/store/data/Run2022B/MuonEG/RAW/v1/000/355/559/00000/78ce095e-674f-4da3-a6a7-7b4c6ab63888.root 355559 [56,58,66,67,69,76,82,95,61,74,86,91,97,99,79,89,92,100,59,60,62,63,85,90,94,57,64,65,70,71,83,93,98,68,73,75,78,80,84,72,77,81,87,88,96]
/store/data/Run2022B/MuonEG/RAW/v1/000/355/559/00000/bdac79a9-f1f0-40d4-8cf0-284a9f91c361.root 355559 [121,133,135,141,103,105,108,123,124,130,104,110,116,122,126,132,137,139,111,113,134,107,109,119,120,138,101,102,114,115,125,140,106,117,118,128,129,136,112,127,131,142]
/store/data/Run2022B/MuonEG/RAW/v1/000/355/679/00000/6c103bcb-0230-4dd4-8f03-869c4638787c.root 355679 [2,24,26,45,48,58,66,71,16,17,19,20,32,38,51,53,80,6,8,22,23,27,28,34,42,47,49,52,55,59,62,65,83,84,7,18,33,43,46,56,67,70,75,81,5,10,11,29,39,40,41,54,57,63,64,72,1,3,9,15,37,50,60,61,74,76,4,12,14,21,69,79,82,85,13,25,30,31,35,36,44,68,73,77,78]
/store/data/Run2022B/MuonEG/RAW/v1/000/355/680/00000/0b80337c-f5f8-422a-af66-5d0b78981c90.root 355680 [617,623,631,633,644,645,653,662,663,680,682,683,621,624,628,641,647,673,618,629,639,646,649,656,660,668,671,672,674,619,620,625,630,664,669,675,679,684,686,626,627,632,648,665,685,655,659,677,678,615,616,635,637,638,642,650,651,652,657,667,670,681,622,634,636,640,643,654,658,661,666,676]
/store/data/Run2022B/MuonEG/RAW/v1/000/355/680/00000/1e9b6e5e-ed67-442e-a57a-f9e4b183e1aa.root 355680 [251,253,262,276,277,289,316,245,254,260,266,278,284,285,287,288,290,297,311,312,315,280,281,292,294,298,301,302,309,317,246,247,271,273,275,279,291,295,307,308,314,241,249,257,267,268,293,299,300,310,318,242,243,255,258,261,265,269,274,304,244,248,282,283,296,303,313,250,252,256,259,263,264,270,272,286,305,306]
/store/data/Run2022B/MuonEG/RAW/v1/000/355/680/00000/224ba3ea-6a87-4433-b21a-10d7909e0897.root 355680 [78,80,84,87,113,122,128,129,136,142,148,154,159,85,89,97,98,107,112,114,147,149,151,153,163,92,99,109,127,132,135,137,139,145,152,156,157,162,81,86,108,119,95,104,105,111,116,117,120,126,130,141,146,150,158,160,164,77,79,93,96,102,106,115,118,133,134,144,155,82,83,88,94,100,101,103,110,124,125,138,143,161,165,90,91,121,123,131,140]
/store/data/Run2022B/MuonEG/RAW/v1/000/355/680/00000/30a5d782-9cf4-417d-aabd-cdaee0f417c6.root 355680 [479,480,483,486,521,531,536,487,489,509,516,526,532,534,537,540,472,481,488,491,496,499,504,508,514,522,525,528,474,477,478,485,494,502,511,524,533,535,469,473,475,484,495,518,539,470,490,493,497,500,503,505,515,527,530,538,471,476,492,498,506,510,519,523,482,501,507,512,513,517,520,529]
/store/data/Run2022B/MuonEG/RAW/v1/000/355/680/00000/4ac23abe-9950-4838-b90d-f51ce57271e7.root 355680 [913,944,954,905,906,910,926,941,945,946,951,953,938,943,949,952,956,957,958,960,904,907,908,909,921,930,934,935,936,939,942,967,971,912,919,922,927,928,966,968,969,972,914,916,917,923,924,932,933,937,963,965,973,903,911,925,929,947,948,950,955,959,961,962,964,974,915,918,920,931,940,970]
/store/data/Run2022B/MuonEG/RAW/v1/000/355/680/00000/5c559494-ee7e-4c51-b3a7-cae4220a2342.root 355680 [545,558,560,572,585,595,600,605,612,547,551,568,594,604,613,541,549,571,577,582,587,602,606,550,552,556,562,565,569,575,576,579,581,588,589,590,603,544,546,563,567,591,592,599,614,542,543,555,557,561,566,584,597,609,610,611,559,570,574,578,583,586,596,548,553,554,564,573,580,593,598,601,607,608]
/store/data/Run2022B/MuonEG/RAW/v1/000/355/680/00000/5d1ed96a-7ab6-47fe-a3c2-3fe21356942a.root 355680 [836,837,847,852,864,866,871,881,886,890,891,897,839,840,855,856,873,880,838,842,844,848,853,854,870,874,892,893,899,832,835,850,851,859,868,876,879,885,833,843,849,860,862,867,894,898,834,845,846,857,858,861,863,877,878,882,884,901,902,841,875,888,889,895,865,869,872,883,887,896,900]
/store/data/Run2022B/MuonEG/RAW/v1/000/355/680/00000/74e7c468-1cd2-4e94-bebb-e93e87feb9be.root 355680 [1374,1379,1386,1388,1390,1395,1397,1403,1419,1429,1363,1367,1370,1382,1420,1432,1433,1434,1438,1375,1376,1389,1392,1393,1399,1407,1418,1428,1439,1443,1356,1368,1387,1413,1417,1423,1440,1441,1359,1360,1369,1377,1381,1383,1384,1385,1405,1411,1416,1425,1357,1362,1366,1371,1378,1380,1391,1394,1398,1400,1406,1409,1410,1421,1427,1436,1355,1361,1364,1373,1396,1402,1408,1415,1422,1430,1437,1358,1365,1372,1401,1404,1412,1414,1424,1426,1431,1435,1442,1444]
/store/data/Run2022B/MuonEG/RAW/v1/000/355/680/00000/7b4f00ab-35b4-4245-9ed1-99da9884df71.root 355680 [1542,1544,1546,1553,1562,1566,1573,1580,1589,1595,1597,1611,1633,1640,1646,1538,1539,1543,1567,1571,1596,1614,1615,1619,1628,1629,1643,1541,1552,1568,1583,1584,1590,1594,1601,1610,1622,1623,1631,1637,1644,1547,1548,1551,1563,1569,1570,1572,1576,1577,1582,1598,1605,1607,1617,1618,1624,1638,1641,1564,1578,1586,1587,1593,1602,1606,1612,1626,1647,1540,1549,1556,1565,1579,1581,1585,1603,1625,1642,1545,1550,1554,1557,1558,1559,1574,1575,1588,1591,1609,1613,1616,1620,1621,1634,1639,1645,1648,1555,1560,1561,1592,1599,1600,1604,1608,1627,1630,1632,1635,1636]
/store/data/Run2022B/MuonEG/RAW/v1/000/355/680/00000/7ea056c9-bad1-4d82-8bca-3a5e40074368.root 355680 [980,986,992,993,997,1001,1015,983,1004,1005,1013,1018,1019,1045,979,990,998,1007,1008,1010,1012,1021,1022,1024,1033,988,991,1000,1006,1014,1016,1025,1028,1031,1036,1041,987,989,1017,1023,1038,1039,1040,975,981,984,985,995,999,1002,1027,1030,1032,1034,1037,1043,1044,976,977,1009,1020,1029,1035,978,982,994,996,1003,1011,1026,1042,1046]
/store/data/Run2022B/MuonEG/RAW/v1/000/355/680/00000/83399ab2-db28-434d-9679-e1b987062995.root 355680 [1288,1295,1296,1298,1322,1328,1333,1336,1337,1351,1274,1279,1285,1293,1297,1299,1311,1312,1314,1321,1324,1327,1329,1343,1344,1350,1287,1307,1347,1348,1273,1276,1277,1283,1308,1309,1317,1340,1342,1349,1278,1280,1294,1300,1303,1305,1306,1313,1315,1320,1325,1326,1330,1339,1345,1346,1272,1281,1282,1286,1290,1310,1318,1323,1353,1284,1289,1292,1301,1316,1331,1332,1334,1335,1338,1352,1275,1291,1302,1304,1319,1341,1354]
/store/data/Run2022B/MuonEG/RAW/v1/000/355/680/00000/89ef13da-a641-4f00-84e7-4b6084f0bf5c.root 355680 [395,396,401,413,415,430,449,403,404,406,420,423,437,440,441,447,398,402,409,410,412,425,429,433,448,451,463,407,417,432,434,443,454,457,459,397,400,408,422,426,435,439,444,446,452,461,416,431,442,458,462,467,468,405,421,424,427,445,450,453,455,460,465,399,411,414,418,419,428,436,438,456,464,466]
/store/data/Run2022B/MuonEG/RAW/v1/000/355/680/00000/96ff1a6f-11ca-4b1e-8731-321cee6cef70.root 355680 [324,334,336,338,348,358,365,372,385,394,319,327,342,345,347,361,363,376,381,382,393,329,353,355,366,371,380,389,392,326,339,343,346,351,354,356,359,375,379,335,350,357,360,362,374,377,388,391,321,323,325,332,340,341,344,349,352,364,368,369,370,378,328,330,367,384,387,390,320,322,331,333,337,373,383,386]
/store/data/Run2022B/MuonEG/RAW/v1/000/355/680/00000/a25e1964-d288-4465-8ef0-b5d66401f1df.root 355680 [1120,1133,1134,1141,1146,1153,1160,1184,1122,1124,1138,1149,1151,1170,1173,1181,1186,1125,1129,1136,1142,1150,1155,1163,1166,1178,1187,1188,1192,1119,1135,1143,1148,1177,1121,1123,1130,1144,1147,1152,1162,1164,1171,1189,1126,1127,1140,1154,1157,1158,1161,1169,1174,1179,1128,1131,1132,1137,1145,1165,1175,1176,1180,1183,1191,1193,1194,1139,1156,1159,1167,1168,1172,1182,1185,1190]
/store/data/Run2022B/MuonEG/RAW/v1/000/355/680/00000/a9d228bf-ed0f-4470-adc0-1c3460e5f324.root 355680 [697,703,708,715,717,731,735,744,754,757,688,693,698,707,710,711,716,725,728,729,733,743,745,750,759,690,699,700,702,706,721,724,732,748,749,753,758,687,689,691,701,704,719,720,726,727,740,746,751,752,756,722,723,747,755,692,696,709,734,738,742,694,713,714,730,736,695,705,712,718,737,739,741]
/store/data/Run2022B/MuonEG/RAW/v1/000/355/680/00000/bb0d320e-ed25-4f90-af2e-7962c914f007.root 355680 [3,5,21,27,32,43,56,63,4,9,14,15,26,29,33,35,38,54,62,64,65,67,70,71,12,13,18,30,31,45,49,52,68,73,6,20,22,23,25,34,36,37,39,47,57,61,1,40,69,75,2,17,28,42,50,59,74,7,10,19,24,44,51,53,55,58,72,76,8,11,16,41,46,48,60,66]
/store/data/Run2022B/MuonEG/RAW/v1/000/355/680/00000/bc3777f8-e8bd-41c3-84a8-982823f947f5.root 355680 [1465,1487,1505,1518,1524,1526,1527,1536,1451,1457,1475,1480,1481,1495,1503,1515,1516,1445,1454,1466,1468,1473,1496,1510,1511,1521,1529,1533,1455,1467,1471,1476,1486,1497,1506,1517,1522,1525,1453,1456,1458,1462,1483,1492,1499,1504,1509,1512,1513,1528,1530,1531,1448,1449,1450,1459,1469,1484,1491,1498,1507,1535,1464,1470,1474,1477,1482,1490,1493,1501,1523,1532,1534,1446,1447,1452,1460,1461,1463,1472,1478,1479,1485,1488,1489,1494,1500,1502,1508,1514,1519,1520,1537]
/store/data/Run2022B/MuonEG/RAW/v1/000/355/680/00000/c4bbcdb9-c9f1-4726-8134-e0e848ca8698.root 355680 [1653,1658,1660,1659,1652,1657,1661,1649,1650,1651,1655,1656,1654]
/store/data/Run2022B/MuonEG/RAW/v1/000/355/680/00000/d3a17505-b6ac-41c9-96b7-8158dd942bd3.root 355680 [166,180,191,192,202,208,219,221,231,239,181,182,184,193,204,209,218,237,168,173,186,189,200,207,217,222,223,232,172,197,199,205,212,234,175,176,183,187,188,195,196,201,215,216,224,240,169,174,178,179,194,198,211,225,229,230,235,167,170,171,185,190,210,213,226,228,177,203,206,214,220,227,233,236,238]
/store/data/Run2022B/MuonEG/RAW/v1/000/355/680/00000/d5576233-3284-4961-ad5e-a93b153e2f2a.root 355680 [1209,1211,1212,1215,1239,1249,1253,1258,1259,1263,1265,1269,1270,1197,1200,1207,1217,1221,1228,1230,1233,1234,1235,1243,1244,1246,1252,1254,1260,1266,1268,1196,1201,1214,1216,1220,1222,1224,1242,1256,1262,1267,1271,1195,1202,1237,1247,1198,1206,1210,1223,1225,1227,1231,1245,1255,1264,1199,1203,1204,1205,1218,1232,1236,1261,1213,1229,1241,1250,1208,1219,1226,1238,1240,1248,1251,1257]
/store/data/Run2022B/MuonEG/RAW/v1/000/355/680/00000/f2855c99-e136-468b-9348-0bdf02dfa7d8.root 355680 [1058,1071,1072,1079,1100,1108,1115,1051,1056,1064,1067,1069,1075,1083,1101,1111,1047,1048,1052,1054,1062,1066,1082,1084,1090,1094,1095,1104,1116,1118,1050,1074,1081,1085,1092,1093,1097,1105,1107,1109,1110,1049,1057,1059,1065,1068,1073,1086,1089,1091,1096,1112,1053,1055,1087,1088,1099,1102,1106,1114,1060,1063,1070,1077,1078,1103,1113,1117,1061,1076,1080,1098]
/store/data/Run2022B/MuonEG/RAW/v1/000/355/680/00000/f3408ffb-f216-438d-a5de-fa84120e3b08.root 355680 [763,772,799,802,784,794,808,809,810,819,825,827,828,831,764,781,788,800,803,806,829,830,766,777,782,785,786,789,790,793,798,811,812,817,820,824,826,768,769,771,773,775,787,791,795,805,818,822,762,770,776,796,814,761,774,778,801,804,807,815,816,760,765,767,779,780,783,792,797,813,821,823]
