/store/data/Run2017D/DisplacedJet/RAW/v1/000/302/663/00000/183BF75D-2B98-E711-99F4-02163E01A79C.root [310,312,315,324,331,333,349,368,375,317,318,326,327,335,342,345,350,354,362,367,308,329,334,340,357,360,361,364,376,380,320,339,343,363,383,385,389,392,316,319,323,330,332,365,370,371,338,351,359,369,309,311,314,321,328,341,344,348,352,353,356,372,373,374,381,384,388,313,322,325,336,337,346,347,355,358,366,377,378,379,382,386,387,390,391]
/store/data/Run2017D/DisplacedJet/RAW/v1/000/302/663/00000/1AB8EA26-3698-E711-8AEA-02163E01425B.root [716,717]
/store/data/Run2017D/DisplacedJet/RAW/v1/000/302/663/00000/2EB822B6-2398-E711-A56A-02163E014135.root [151,152,155,176,177,195,200,207,211,215,225,158,159,161,162,184,212,224,226,150,153,187,196,202,209,210,216,154,163,164,194,198,199,204,213,219,223,168,171,174,178,182,191,201,203,214,217,227,230,157,160,165,166,167,179,180,183,185,197,228,156,175,181,186,188,189,205,208,218,220,221,149,169,170,172,173,190,192,193,206,222,229]
/store/data/Run2017D/DisplacedJet/RAW/v1/000/302/663/00000/34BBFFD2-3498-E711-B6CA-02163E01A248.root [473,475,478,488,491,501,515,530,537,541,476,485,489,496,500,519,536,538,540,474,494,508,511,526,527,531,533,534,503,504,506,517,525,543,477,479,480,486,487,490,492,493,498,502,510,513,516,518,521,528,529,535,544,499,507,512,539,482,483,484,495,497,505,509,514,522,542,545,546,481,520,523,524,532]
/store/data/Run2017D/DisplacedJet/RAW/v1/000/302/663/00000/922E28D9-2598-E711-8A1E-02163E0125F9.root [248,260,270,271,273,254,290,302,305,306,237,253,255,261,262,263,268,276,288,289,231,243,246,251,257,258,269,274,280,281,294,299,307,232,239,249,252,256,259,295,297,298,301,303,234,235,238,244,265,266,267,275,277,278,282,284,233,236,240,245,250,279,286,287,292,296,300,241,242,247,264,272,283,285,291,293,304]
/store/data/Run2017D/DisplacedJet/RAW/v1/000/302/663/00000/A00FBD6A-3898-E711-9DA4-02163E0143CC.root [552,553,564,574,576,579,581,582,587,596,600,605,606,609,619,555,567,571,584,585,586,592,593,598,617,547,550,557,562,569,573,594,604,613,615,616,559,595,602,610,614,549,551,558,560,561,563,568,575,577,580,601,607,608,554,566,588,597,603,612,618,556,570,591,599,611,548,565,572,578,583,589,590,620]
/store/data/Run2017D/DisplacedJet/RAW/v1/000/302/663/00000/A202B9D2-3498-E711-952A-02163E01A2A1.root [394,402,409,426,427,430,432,446,450,459,466,469,472,398,403,404,413,433,441,443,455,457,395,396,397,406,417,431,434,437,445,456,401,412,420,423,425,428,440,447,460,463,467,470,471,393,399,410,418,421,429,444,451,464,400,407,436,454,411,415,419,424,435,442,453,461,462,465,468,405,408,414,416,422,438,439,448,449,452,458]
/store/data/Run2017D/DisplacedJet/RAW/v1/000/302/663/00000/BAD32A2B-3698-E711-8200-02163E019B76.root [711,714,712,713]
/store/data/Run2017D/DisplacedJet/RAW/v1/000/302/663/00000/D2CB4E2D-1E98-E711-A180-02163E011DBE.root [88,89,101,109,112,118,121,139,143,72,96,103,107,122,124,134,137,144,74,76,77,78,81,84,91,93,99,100,105,115,127,147,148,71,73,79,83,92,97,110,117,125,129,130,132,133,140,106,135,146,113,116,123,128,131,136,80,82,87,94,95,98,108,120,138,141,75,85,86,90,102,104,111,114,119,126,142,145]
/store/data/Run2017D/DisplacedJet/RAW/v1/000/302/663/00000/DAE8A663-3898-E711-B07F-02163E01A519.root [621,634,635,640,650,651,653,655,658,660,663,665,680,691,699,626,638,644,648,652,657,674,678,681,695,623,630,642,645,656,668,670,672,682,686,664,671,688,692,701,628,629,633,637,639,661,675,676,677,683,685,689,690,696,698,702,703,627,647,649,654,667,679,687,632,641,646,662,693,697,700,622,624,625,631,636,643,659,666,669,673,684,694]
/store/data/Run2017D/DisplacedJet/RAW/v1/000/302/663/00000/DC8C3BF1-1A98-E711-B3C5-02163E019E76.root [7,22,47,57,59,64,4,15,19,20,32,39,44,62,63,3,25,40,54,1,2,5,16,23,24,36,51,55,56,60,61,8,9,13,18,42,53,68,11,14,21,29,31,33,34,35,45,50,52,58,69,70,10,17,27,28,30,37,43,46,49,65,6,12,26,38,41,48,66,67]
/store/data/Run2017D/DisplacedJet/RAW/v1/000/302/663/00000/EE1BFF64-3898-E711-90E0-02163E0141C9.root [707,705,706,704]
