383811
383812
383813
383814
383830
383832
383833
383834
383854
383855
383900
383907
383908
383948
383949
383996
384014
384029
384030
384031
384032
384033
384034
384035
384036
384052
384069
384070
384071
384113
384124
384126
384127
384128
384187
384188
384202
384203
384204
384209
384238
384239
384243
384244
384264
384265
384266
384272
384276
384277
384289
384290
384291
384318
384322
384323
384331
384332
384377
384378
384380
384382
384383
384406
384413
384445
384446
384464
384468
384485
384486
384487
384488
384489
384490
384491
384492
384565
384579
384591
384593
384610
384614
384638
384644
384654
384660
384753
384815
384858
384930
384933
384934
384935
384950
384951
384963
384981
385012
385016
