/store/data/Run2015D/DoubleEG/RAW/v1/000/256/677/00000/0057358A-405D-E511-BA6E-02163E01391B.root [222,225,218,220,219,221,224,223]
/store/data/Run2015D/DoubleEG/RAW/v1/000/256/677/00000/04598B53-345D-E511-A902-02163E0143B0.root [28,26,32,27,29,30,31,25]
/store/data/Run2015D/DoubleEG/RAW/v1/000/256/677/00000/10F30C26-355D-E511-B90B-02163E01364A.root [93,94,98,99,103,90,96,92,95,102,101,100,91,97]
/store/data/Run2015D/DoubleEG/RAW/v1/000/256/677/00000/1241FC92-605D-E511-8EED-02163E011954.root [441,439,437,440,442,444,438,443]
/store/data/Run2015D/DoubleEG/RAW/v1/000/256/677/00000/14E35928-5B5D-E511-B618-02163E0143E0.root [351,356,350,354,352,353,355,349]
/store/data/Run2015D/DoubleEG/RAW/v1/000/256/677/00000/14F67C22-355D-E511-8A49-02163E014190.root [78,80,77,79,74,76,73,75]
/store/data/Run2015D/DoubleEG/RAW/v1/000/256/677/00000/1ED546CC-5A5D-E511-B612-02163E0143AC.root [300,295,297,298,299,296,294,293]
/store/data/Run2015D/DoubleEG/RAW/v1/000/256/677/00000/28BC3433-5B5D-E511-AA47-02163E01424B.root [338,340,334,335,337,336,339,333]
/store/data/Run2015D/DoubleEG/RAW/v1/000/256/677/00000/302CFF3B-5B5D-E511-98A2-02163E0143CF.root [323,321,322,317,320,319,318,324]
/store/data/Run2015D/DoubleEG/RAW/v1/000/256/677/00000/3A66DC32-5C5D-E511-BD0F-02163E0146A2.root [391,390,392,394,388,389,387,393]
/store/data/Run2015D/DoubleEG/RAW/v1/000/256/677/00000/4009A6D6-3B5D-E511-A8F4-02163E0143F7.root [152,151,146,147,148,149,153,150]
/store/data/Run2015D/DoubleEG/RAW/v1/000/256/677/00000/4269E89F-5A5D-E511-BF35-02163E01279C.root [245,248,251,252,256,259,261,268,276,282,288,242,267,270,275,277,279,285,247,278,291,254,257,262,269,273,290,243,250,264,271,274,286,244,246,253,258,263,266,284,287,255,283,289,249,260,265,272,280,281]
/store/data/Run2015D/DoubleEG/RAW/v1/000/256/677/00000/48EAEAD5-3B5D-E511-95DF-02163E014693.root [181,182,184,185,180,178,179,183]
/store/data/Run2015D/DoubleEG/RAW/v1/000/256/677/00000/4A867B3B-5C5D-E511-82E5-02163E01437B.root [407,408,405,404,406,403,409,410,411,412]
/store/data/Run2015D/DoubleEG/RAW/v1/000/256/677/00000/4AC0CF9C-5D5D-E511-A560-02163E01364A.root [343,346,348,341,344,345,347,342]
/store/data/Run2015D/DoubleEG/RAW/v1/000/256/677/00000/5666C47C-405D-E511-B474-02163E01438F.root [234,238,237,235,236,240,241,239]
/store/data/Run2015D/DoubleEG/RAW/v1/000/256/677/00000/5A0B4CA2-355D-E511-A7AB-02163E014190.root [107,111,106,109,104,105,110,112,113,108]
/store/data/Run2015D/DoubleEG/RAW/v1/000/256/677/00000/68F5C8D1-3B5D-E511-8835-02163E0143B0.root [162,163,168,165,169,166,164,167]
/store/data/Run2015D/DoubleEG/RAW/v1/000/256/677/00000/6E78D689-605D-E511-AB38-02163E011D99.root [452,449,451,447,450,445,448,446]
/store/data/Run2015D/DoubleEG/RAW/v1/000/256/677/00000/70FB79D9-605D-E511-B91C-02163E0146F7.root [484,477,485,480,486,478,481,483,479,482]
/store/data/Run2015D/DoubleEG/RAW/v1/000/256/677/00000/72EB5728-5B5D-E511-B35A-02163E0143E0.root [309,310,311,314,312,313,315,316]
/store/data/Run2015D/DoubleEG/RAW/v1/000/256/677/00000/7418FEAE-405D-E511-BE29-02163E01420D.root [213,217,210,212,211,214,215,216]
/store/data/Run2015D/DoubleEG/RAW/v1/000/256/677/00000/76101E0D-3C5D-E511-AB60-02163E0141DB.root [186,188,189,192,187,191,193,190]
/store/data/Run2015D/DoubleEG/RAW/v1/000/256/677/00000/763BC730-355D-E511-8A02-02163E01420D.root [60,58,59,62,57,63,61,64]
/store/data/Run2015D/DoubleEG/RAW/v1/000/256/677/00000/7643F22A-355D-E511-BB05-02163E01382E.root [82,81,83,86,87,89,84,85,88]
/store/data/Run2015D/DoubleEG/RAW/v1/000/256/677/00000/7A6F3077-2F5D-E511-B6DE-02163E014211.root [5,1,2,7,8,3,6,4]
/store/data/Run2015D/DoubleEG/RAW/v1/000/256/677/00000/88133698-605D-E511-87F5-02163E0133E5.root [418,415,420,414,416,413,419,417]
/store/data/Run2015D/DoubleEG/RAW/v1/000/256/677/00000/8852BC91-605D-E511-A62E-02163E014144.root [475,476,469,473,470,471,474,472]
/store/data/Run2015D/DoubleEG/RAW/v1/000/256/677/00000/8ABB5B87-605D-E511-9ABD-02163E0122FF.root [421,423,426,427,425,428,424,422]
/store/data/Run2015D/DoubleEG/RAW/v1/000/256/677/00000/8CC6D829-395D-E511-9922-02163E0136C6.root [133,132,130,135,131,137,134,136]
/store/data/Run2015D/DoubleEG/RAW/v1/000/256/677/00000/8CE4C26B-355D-E511-9F34-02163E014459.root [37,33,34,35,36,38,40,39]
/store/data/Run2015D/DoubleEG/RAW/v1/000/256/677/00000/92B8D6D1-3B5D-E511-807F-02163E014132.root [143,140,144,138,141,142,139,145]
/store/data/Run2015D/DoubleEG/RAW/v1/000/256/677/00000/96316543-415D-E511-8F69-02163E01453A.root [194,195,196,197,201,198,200,199]
/store/data/Run2015D/DoubleEG/RAW/v1/000/256/677/00000/9A17A0DD-3B5D-E511-879C-02163E014260.root [171,172,177,176,170,173,175,174]
/store/data/Run2015D/DoubleEG/RAW/v1/000/256/677/00000/A059123E-355D-E511-98A0-02163E0136C6.root [41,46,42,48,44,47,45,43]
/store/data/Run2015D/DoubleEG/RAW/v1/000/256/677/00000/A4576CCC-405D-E511-A65F-02163E011954.root [231,230,233,226,227,232,228,229]
/store/data/Run2015D/DoubleEG/RAW/v1/000/256/677/00000/B243967B-405D-E511-A583-02163E014187.root [205,206,209,202,207,203,204,208]
/store/data/Run2015D/DoubleEG/RAW/v1/000/256/677/00000/B4D67400-395D-E511-9C8E-02163E01420C.root [120,121,114,115,118,117,119,116]
/store/data/Run2015D/DoubleEG/RAW/v1/000/256/677/00000/B84F0E35-345D-E511-A62F-02163E014338.root [21,18,20,24,22,23,17,19]
/store/data/Run2015D/DoubleEG/RAW/v1/000/256/677/00000/BCAC9E25-3E5D-E511-A57A-02163E01716B.root [155,161,156,157,158,154,159,160]
/store/data/Run2015D/DoubleEG/RAW/v1/000/256/677/00000/C60A5655-305D-E511-8737-02163E01345A.root [11,10,16,9,12,15,13,14]
/store/data/Run2015D/DoubleEG/RAW/v1/000/256/677/00000/C68C5A5C-395D-E511-8B98-02163E017078.root [124,128,129,125,123,126,127,122]
/store/data/Run2015D/DoubleEG/RAW/v1/000/256/677/00000/CABAA283-605D-E511-9813-02163E014186.root [431,434,429,430,433,435,436,432]
/store/data/Run2015D/DoubleEG/RAW/v1/000/256/677/00000/CC5E2C57-355D-E511-9718-02163E014329.root [53,49,51,52,50,54,55,56]
/store/data/Run2015D/DoubleEG/RAW/v1/000/256/677/00000/CE09E61E-5C5D-E511-8F3D-02163E01468C.root [376,368,369,374,370,371,372,367,375,373]
/store/data/Run2015D/DoubleEG/RAW/v1/000/256/677/00000/D0615524-5B5D-E511-A236-02163E01266E.root [307,302,306,304,301,305,308,303]
/store/data/Run2015D/DoubleEG/RAW/v1/000/256/677/00000/DC222C29-355D-E511-A350-02163E014689.root [69,72,68,71,65,67,66,70]
/store/data/Run2015D/DoubleEG/RAW/v1/000/256/677/00000/DEB1A71D-5C5D-E511-953D-02163E014132.root [381,384,379,377,380,382,383,385,386,378]
/store/data/Run2015D/DoubleEG/RAW/v1/000/256/677/00000/DEE1ACF8-5A5D-E511-A240-02163E01449B.root [325,330,326,328,332,329,331,327]
/store/data/Run2015D/DoubleEG/RAW/v1/000/256/677/00000/EE41183A-5C5D-E511-A646-02163E012452.root [362,364,366,357,358,361,359,365,360,363]
/store/data/Run2015D/DoubleEG/RAW/v1/000/256/677/00000/F4D3F092-605D-E511-A3B9-02163E0119B2.root [463,468,467,462,466,461,464,465]
/store/data/Run2015D/DoubleEG/RAW/v1/000/256/677/00000/FCD05C3A-5C5D-E511-B605-02163E011954.root [395,398,397,400,402,396,401,399]
/store/data/Run2015D/DoubleEG/RAW/v1/000/256/677/00000/FEA37C8C-605D-E511-BB5A-02163E01437B.root [453,455,456,457,459,460,454,458]
