/store/data/Run2024F/ParkingVBF0/RAW/v1/000/382/229/00000/0a75fa88-196b-4d8b-8063-b7bdfa2b889e.root 382229 [241,245,242,243,240,244]
/store/data/Run2024F/ParkingVBF0/RAW/v1/000/382/229/00000/0d29b05a-fecf-478d-849d-c475ca14c053.root 382229 [175,177,178,174,176,179]
/store/data/Run2024F/ParkingVBF0/RAW/v1/000/382/229/00000/10ddc4a3-c05e-4008-9905-c27d7a00eb9c.root 382229 [218,219,217,221,220,216]
/store/data/Run2024F/ParkingVBF0/RAW/v1/000/382/229/00000/16f3e682-eca3-452c-800f-8b7f952b0f98.root 382229 [185,180,183,184,181,182]
/store/data/Run2024F/ParkingVBF0/RAW/v1/000/382/229/00000/2626bb91-2698-481d-b448-1ebaaf9dc078.root 382229 [108,111,112,110,109,113]
/store/data/Run2024F/ParkingVBF0/RAW/v1/000/382/229/00000/3275c002-5489-45a3-a029-f2c89c24a745.root 382229 [265,268,269,264,266,267]
/store/data/Run2024F/ParkingVBF0/RAW/v1/000/382/229/00000/39b21d54-7b99-4672-be31-83cf23fb9015.root 382229 [35,30,32,31,34,33]
/store/data/Run2024F/ParkingVBF0/RAW/v1/000/382/229/00000/3b404b33-d399-49ae-86cd-9ccfcd47f6ec.root 382229 [235,239,234,237,238,236]
/store/data/Run2024F/ParkingVBF0/RAW/v1/000/382/229/00000/420fb502-c4a6-4c68-8c92-5d5ff9010565.root 382229 [312,314,313,316,320,315,319,317,318]
/store/data/Run2024F/ParkingVBF0/RAW/v1/000/382/229/00000/45fdcdae-12bf-45ab-852a-3f2fa779143a.root 382229 [44,49,45,48,47,43,46]
/store/data/Run2024F/ParkingVBF0/RAW/v1/000/382/229/00000/5965dff3-b5b0-4aa3-909c-a7817408c2f6.root 382229 [7,9,8]
/store/data/Run2024F/ParkingVBF0/RAW/v1/000/382/229/00000/5dad4d9f-bd39-4c77-8862-2205b52cc95b.root 382229 [156,157,160,158,159,161]
/store/data/Run2024F/ParkingVBF0/RAW/v1/000/382/229/00000/5def913f-4e28-479b-9eb6-2174b1cba08a.root 382229 [26,28,25,29,27,24]
/store/data/Run2024F/ParkingVBF0/RAW/v1/000/382/229/00000/5f954088-8def-4311-917d-2e91d0e784c0.root 382229 [211,214,210,213,215,212]
/store/data/Run2024F/ParkingVBF0/RAW/v1/000/382/229/00000/67b9ecbe-b390-4cc2-a111-4b355f5036b8.root 382229 [206,205,208,209,204,207]
/store/data/Run2024F/ParkingVBF0/RAW/v1/000/382/229/00000/6a7674e6-6534-433b-83d2-e939d56298f4.root 382229 [247,249,248,250,251,246]
/store/data/Run2024F/ParkingVBF0/RAW/v1/000/382/229/00000/770cd9f3-c31e-4349-887e-b7d80b22eec9.root 382229 [77,73,75,74,78,72,76]
/store/data/Run2024F/ParkingVBF0/RAW/v1/000/382/229/00000/77c61dc6-2899-4cf5-bd51-b89b165fddf4.root 382229 [145,146,149,148,144,147]
/store/data/Run2024F/ParkingVBF0/RAW/v1/000/382/229/00000/7b7add45-4257-4291-ae3d-f45fcfad24ee.root 382229 [134,132,135,136,133,137]
/store/data/Run2024F/ParkingVBF0/RAW/v1/000/382/229/00000/7b9215f8-08a3-42cb-b2e3-6d76864ea5d8.root 382229 [20,21,23,18,22,19]
/store/data/Run2024F/ParkingVBF0/RAW/v1/000/382/229/00000/88ee78c8-8c46-4464-8f24-6c77df0f7dad.root 382229 [203,199,202,198,200,201]
/store/data/Run2024F/ParkingVBF0/RAW/v1/000/382/229/00000/8b63e630-bca8-4a1c-89ff-f3d8faf28a87.root 382229 [233,230,229,231,232,228]
/store/data/Run2024F/ParkingVBF0/RAW/v1/000/382/229/00000/8bcf2091-8bd6-44f4-8eb1-d31c65c98163.root 382229 [57,60,63,61,58,62,59]
/store/data/Run2024F/ParkingVBF0/RAW/v1/000/382/229/00000/90f14095-1447-480d-a928-d2c19e59e306.root 382229 [255,256,253,257,252,254]
/store/data/Run2024F/ParkingVBF0/RAW/v1/000/382/229/00000/938896db-fd9f-44c8-b367-54c0bdd33d98.root 382229 [99,95,100,97,98,96,101]
/store/data/Run2024F/ParkingVBF0/RAW/v1/000/382/229/00000/94d07be4-7351-495b-a8b0-41c120903a50.root 382229 [225,227,224,226,223,222]
/store/data/Run2024F/ParkingVBF0/RAW/v1/000/382/229/00000/9a244937-02d6-4ae6-bcb4-84682dc773b6.root 382229 [127,129,130,126,128,131]
/store/data/Run2024F/ParkingVBF0/RAW/v1/000/382/229/00000/a13b93f0-6c46-4e43-b579-b5ea78696671.root 382229 [1,5,4,6,2,3]
/store/data/Run2024F/ParkingVBF0/RAW/v1/000/382/229/00000/a42e97b9-dc28-435a-a710-358aadd8cca9.root 382229 [138,139,140,143,142,141]
/store/data/Run2024F/ParkingVBF0/RAW/v1/000/382/229/00000/a4fde9c7-9950-4671-8576-64723a6df0f5.root 382229 [306,311,308,309,307,310]
/store/data/Run2024F/ParkingVBF0/RAW/v1/000/382/229/00000/acbe82bf-118c-42a6-bbbe-2c465e535624.root 382229 [89,90,87,91,94,88,92,93]
/store/data/Run2024F/ParkingVBF0/RAW/v1/000/382/229/00000/ada32fae-2363-4682-b7a7-9b32607105f8.root 382229 [56,50,51,52,55,54,53]
/store/data/Run2024F/ParkingVBF0/RAW/v1/000/382/229/00000/ade4964c-f901-499a-b3e9-db0d3efb0d12.root 382229 [42,41,37,38,36,39,40]
/store/data/Run2024F/ParkingVBF0/RAW/v1/000/382/229/00000/b909e576-b5a7-498e-af3f-a91c9228a4af.root 382229 [123,120,121,124,122,125]
/store/data/Run2024F/ParkingVBF0/RAW/v1/000/382/229/00000/ba141fb9-3d2c-4155-a458-ca704ca8421d.root 382229 [258,262,263,261,259,260]
/store/data/Run2024F/ParkingVBF0/RAW/v1/000/382/229/00000/bbfd8116-6d31-4cb3-b737-507eb072e755.root 382229 [275,273,271,272,270,274]
/store/data/Run2024F/ParkingVBF0/RAW/v1/000/382/229/00000/c739824a-b017-4d70-b358-0d1962c6e234.root 382229 [292,289,288,290,291,293]
/store/data/Run2024F/ParkingVBF0/RAW/v1/000/382/229/00000/ca9404f5-214a-4c84-a16c-96c46d65817f.root 382229 [282,284,286,287,283,285]
/store/data/Run2024F/ParkingVBF0/RAW/v1/000/382/229/00000/ce55f94c-fe9d-4c53-8956-dcd1389a39fd.root 382229 [171,168,172,169,173,170]
/store/data/Run2024F/ParkingVBF0/RAW/v1/000/382/229/00000/d1eb5b4f-40e7-435b-9351-5d998bbd0182.root 382229 [68,70,71,65,69,64,66,67]
/store/data/Run2024F/ParkingVBF0/RAW/v1/000/382/229/00000/d311e258-95d4-4ff8-9095-14c3f444f971.root 382229 [298,295,294,297,299,296]
/store/data/Run2024F/ParkingVBF0/RAW/v1/000/382/229/00000/d3ba948d-5223-43f8-947c-d634f84e0731.root 382229 [102,103,105,107,104,106]
/store/data/Run2024F/ParkingVBF0/RAW/v1/000/382/229/00000/d4617384-ff64-4b62-94df-802436358480.root 382229 [79,80,81,85,83,82,84,86]
/store/data/Run2024F/ParkingVBF0/RAW/v1/000/382/229/00000/d4819f6f-451d-43ac-b94e-67168a2094c4.root 382229 [193,194,195,196,197,192]
/store/data/Run2024F/ParkingVBF0/RAW/v1/000/382/229/00000/d6e2bbcd-2766-47d6-be0c-db0361d2eaef.root 382229 [118,117,115,114,119,116]
/store/data/Run2024F/ParkingVBF0/RAW/v1/000/382/229/00000/e0718eb0-b521-4eb9-9a0a-0a6e3441f0ab.root 382229 [300,301,302,303,304,305]
/store/data/Run2024F/ParkingVBF0/RAW/v1/000/382/229/00000/e2037668-c171-482e-afb6-1f207894a895.root 382229 [154,155,152,150,151,153]
/store/data/Run2024F/ParkingVBF0/RAW/v1/000/382/229/00000/e36ed774-1fac-4972-bcc2-fdb68b71ea36.root 382229 [189,191,188,190,187,186]
/store/data/Run2024F/ParkingVBF0/RAW/v1/000/382/229/00000/ecd40d78-d071-4bf0-a598-01b8a210dac8.root 382229 [279,280,281,276,277,278]
/store/data/Run2024F/ParkingVBF0/RAW/v1/000/382/229/00000/ee721776-7b82-47c6-93e7-5191f0dc97a3.root 382229 [165,162,166,164,167,163]
/store/data/Run2024F/ParkingVBF0/RAW/v1/000/382/250/00000/00558197-ff78-47be-83f3-32da2d3c4795.root 382250 [51,53,50,52]
/store/data/Run2024F/ParkingVBF0/RAW/v1/000/382/250/00000/0067f81a-ff80-4145-aff2-174454de71ed.root 382250 [722,721]
/store/data/Run2024F/ParkingVBF0/RAW/v1/000/382/250/00000/00c66f05-29d9-48d0-bf69-9894ba4f6c91.root 382250 [773,774]
/store/data/Run2024F/ParkingVBF0/RAW/v1/000/382/250/00000/044f1b3d-7fe0-4ac1-a66b-0cff0042cd06.root 382250 [442,443]
/store/data/Run2024F/ParkingVBF0/RAW/v1/000/382/250/00000/05d249eb-b682-4231-b453-ec8a3a8e3191.root 382250 [290,289]
/store/data/Run2024F/ParkingVBF0/RAW/v1/000/382/250/00000/0758e61a-28a8-457a-bba8-febdcd28669b.root 382250 [176,175]
/store/data/Run2024F/ParkingVBF0/RAW/v1/000/382/250/00000/079e4fc1-4cff-402c-93d9-2f5956e9b3de.root 382250 [740,739]
/store/data/Run2024F/ParkingVBF0/RAW/v1/000/382/250/00000/07aa0077-9eeb-4088-a38a-0ff87655fcb4.root 382250 [638,639]
/store/data/Run2024F/ParkingVBF0/RAW/v1/000/382/250/00000/085b048a-3357-41c5-9c4e-6cd5680c7dea.root 382250 [703,702]
/store/data/Run2024F/ParkingVBF0/RAW/v1/000/382/250/00000/085f2c10-a5f4-4272-a05a-8139ae608bbf.root 382250 [464,463]
/store/data/Run2024F/ParkingVBF0/RAW/v1/000/382/250/00000/087dc45f-9ee1-4cab-9c52-3e00e2ffd5b5.root 382250 [601,600]
/store/data/Run2024F/ParkingVBF0/RAW/v1/000/382/250/00000/08817b73-a39c-45d1-a281-e3681e9075dd.root 382250 [569,568]
/store/data/Run2024F/ParkingVBF0/RAW/v1/000/382/250/00000/0888e149-5138-4ff8-988c-ff22ee573d5a.root 382250 [587]
/store/data/Run2024F/ParkingVBF0/RAW/v1/000/382/250/00000/0893f804-1ac0-4811-91a1-0f3f0fb90bf6.root 382250 [795,796]
/store/data/Run2024F/ParkingVBF0/RAW/v1/000/382/250/00000/0995fa04-099c-4e08-8a34-03ff3aa64330.root 382250 [431,430]
/store/data/Run2024F/ParkingVBF0/RAW/v1/000/382/250/00000/09ab0fe9-aab5-4895-a363-8a2298d12f43.root 382250 [461,462]
/store/data/Run2024F/ParkingVBF0/RAW/v1/000/382/250/00000/0a72be0a-d51d-496e-bdd5-3fbab287f6dc.root 382250 [911,910]
/store/data/Run2024F/ParkingVBF0/RAW/v1/000/382/250/00000/0ae156c0-7281-4763-9ed4-29e8051cd4b8.root 382250 [672,673]
/store/data/Run2024F/ParkingVBF0/RAW/v1/000/382/250/00000/0bcfbb80-8d1a-4605-9a65-8b79b9ccbc79.root 382250 [390,391]
/store/data/Run2024F/ParkingVBF0/RAW/v1/000/382/250/00000/0c5811e6-520a-4a24-b62b-fc4f0134ad51.root 382250 [792,793]
/store/data/Run2024F/ParkingVBF0/RAW/v1/000/382/250/00000/0ce75588-aa4d-4df5-9026-148bfc5dcc17.root 382250 [512,513]
/store/data/Run2024F/ParkingVBF0/RAW/v1/000/382/250/00000/0d55fd7a-c544-4148-afe9-ff1c68a235c8.root 382250 [509,508]
/store/data/Run2024F/ParkingVBF0/RAW/v1/000/382/250/00000/0d6596e1-fabe-4b30-aff9-1dc32d55b0e4.root 382250 [429,428]
/store/data/Run2024F/ParkingVBF0/RAW/v1/000/382/250/00000/0deee138-87de-4faf-84ce-d560e0b23f81.root 382250 [685,684]
/store/data/Run2024F/ParkingVBF0/RAW/v1/000/382/250/00000/0df9b6c4-b52a-4602-85a7-564609d1e7ad.root 382250 [362,363]
/store/data/Run2024F/ParkingVBF0/RAW/v1/000/382/250/00000/0e04a1e7-f1a3-4ad3-baf6-8a4aa8b90f8b.root 382250 [248,247]
/store/data/Run2024F/ParkingVBF0/RAW/v1/000/382/250/00000/0e09bc08-6197-4b46-8d80-db7a93f38256.root 382250 [562,563]
/store/data/Run2024F/ParkingVBF0/RAW/v1/000/382/250/00000/0e0fec2f-fbc2-4764-a295-8df22a3e6c6a.root 382250 [193,194]
/store/data/Run2024F/ParkingVBF0/RAW/v1/000/382/250/00000/0e767719-6443-4e92-85fe-6cdad94e8a53.root 382250 [94,95,96]
/store/data/Run2024F/ParkingVBF0/RAW/v1/000/382/250/00000/0fdb53aa-f517-4acf-98f6-2ea91e9407f7.root 382250 [493,494]
/store/data/Run2024F/ParkingVBF0/RAW/v1/000/382/250/00000/10fcb367-e6aa-4616-bad8-82bee085067b.root 382250 [713,712]
/store/data/Run2024F/ParkingVBF0/RAW/v1/000/382/250/00000/113915ac-f497-4617-b78d-f2417be56599.root 382250 [517,516]
/store/data/Run2024F/ParkingVBF0/RAW/v1/000/382/250/00000/114fa6b0-37d1-4d58-a0a3-9ae0dfa6be52.root 382250 [835,834]
/store/data/Run2024F/ParkingVBF0/RAW/v1/000/382/250/00000/11a391a7-2328-4b15-a76b-b06e921d5c68.root 382250 [762,761]
/store/data/Run2024F/ParkingVBF0/RAW/v1/000/382/250/00000/12a85415-1ff3-4474-8cbd-c000f3fd17bf.root 382250 [272,273]
/store/data/Run2024F/ParkingVBF0/RAW/v1/000/382/250/00000/12e1bbb0-fea4-4395-a515-7025ea399045.root 382250 [866,867]
/store/data/Run2024F/ParkingVBF0/RAW/v1/000/382/250/00000/148e28c8-90b2-4351-9fa4-ef3695989501.root 382250 [652,653]
/store/data/Run2024F/ParkingVBF0/RAW/v1/000/382/250/00000/162c3c8a-da96-4a89-a5f5-40a2c0d1df65.root 382250 [83,84,85,82]
/store/data/Run2024F/ParkingVBF0/RAW/v1/000/382/250/00000/163702f6-807e-4b34-8e63-8f13971cf134.root 382250 [271,270]
/store/data/Run2024F/ParkingVBF0/RAW/v1/000/382/250/00000/172db808-11ff-4a01-bc24-a05d0c947b6a.root 382250 [210,209]
/store/data/Run2024F/ParkingVBF0/RAW/v1/000/382/250/00000/178da757-0165-4618-8f9f-02692160fcb5.root 382250 [656,657]
/store/data/Run2024F/ParkingVBF0/RAW/v1/000/382/250/00000/17f7b7d1-3ccd-4e0d-b57f-a10ec469f3ac.root 382250 [198,197]
/store/data/Run2024F/ParkingVBF0/RAW/v1/000/382/250/00000/1923eeaa-bb89-4f8f-89ae-2165341db8ba.root 382250 [139,140]
/store/data/Run2024F/ParkingVBF0/RAW/v1/000/382/250/00000/1a8ac75e-0375-4618-b9dc-f99c810f4c86.root 382250 [812,813]
/store/data/Run2024F/ParkingVBF0/RAW/v1/000/382/250/00000/1b6fe640-42af-4c10-a9f5-f69b67367fd1.root 382250 [352,353]
/store/data/Run2024F/ParkingVBF0/RAW/v1/000/382/250/00000/1bb1e061-966e-4348-aa84-e2330d3c582f.root 382250 [590,591]
/store/data/Run2024F/ParkingVBF0/RAW/v1/000/382/250/00000/1bbb6915-7c7d-4f60-9341-6634a01a2ce8.root 382250 [251]
/store/data/Run2024F/ParkingVBF0/RAW/v1/000/382/250/00000/1cb9f4aa-c0f9-47fc-a70c-2b8b5792c9aa.root 382250 [351,350]
/store/data/Run2024F/ParkingVBF0/RAW/v1/000/382/250/00000/1ce39239-733d-4c55-b93b-fcbe76653c8d.root 382250 [724,723]
/store/data/Run2024F/ParkingVBF0/RAW/v1/000/382/250/00000/1cf7a617-7822-427e-b7e9-61cb670f2d56.root 382250 [705,704]
/store/data/Run2024F/ParkingVBF0/RAW/v1/000/382/250/00000/1da139ea-c80d-41d4-b516-0ed26b4a3a39.root 382250 [344]
/store/data/Run2024F/ParkingVBF0/RAW/v1/000/382/250/00000/1f51630c-4174-465b-b430-b457d3100140.root 382250 [520,521]
/store/data/Run2024F/ParkingVBF0/RAW/v1/000/382/250/00000/20e1814c-752f-4cf0-bff6-b6d61fd7ec1a.root 382250 [278]
/store/data/Run2024F/ParkingVBF0/RAW/v1/000/382/250/00000/2105de96-890d-4948-b020-45e494c7b366.root 382250 [225,226]
/store/data/Run2024F/ParkingVBF0/RAW/v1/000/382/250/00000/21a100cc-67bf-48ee-a398-c8036768116e.root 382250 [307,308]
/store/data/Run2024F/ParkingVBF0/RAW/v1/000/382/250/00000/22bd76d1-df42-46fb-8086-6fa2d74526e4.root 382250 [798,797]
/store/data/Run2024F/ParkingVBF0/RAW/v1/000/382/250/00000/231b6aea-8ffe-4116-a0ce-05132e27e36d.root 382250 [878,879]
/store/data/Run2024F/ParkingVBF0/RAW/v1/000/382/250/00000/23645977-bd09-41af-9f1d-632eacef79f1.root 382250 [937,926,929,934,933,935,938,928,931,923,924,927,936,925,930,932]
/store/data/Run2024F/ParkingVBF0/RAW/v1/000/382/250/00000/2504fea1-669e-4b25-a6e0-b314e0bf476d.root 382250 [711,710]
/store/data/Run2024F/ParkingVBF0/RAW/v1/000/382/250/00000/25afcead-8a54-451d-b1ff-03247d9051ef.root 382250 [329,328]
/store/data/Run2024F/ParkingVBF0/RAW/v1/000/382/250/00000/266b2c30-f836-47a7-9b31-a64e191d22e2.root 382250 [236,235]
/store/data/Run2024F/ParkingVBF0/RAW/v1/000/382/250/00000/27eaae11-d545-4193-92d2-b4bf4d17c219.root 382250 [399,398]
/store/data/Run2024F/ParkingVBF0/RAW/v1/000/382/250/00000/27fa7a5c-ab0b-46bc-92ce-f4115ec7f4d8.root 382250 [471,472]
/store/data/Run2024F/ParkingVBF0/RAW/v1/000/382/250/00000/280bcbc5-e1bf-4cc8-8593-26299e37515c.root 382250 [648,649]
/store/data/Run2024F/ParkingVBF0/RAW/v1/000/382/250/00000/2881c9ec-9c84-4bc5-a9c4-2e3f9b68b5b3.root 382250 [164,163]
/store/data/Run2024F/ParkingVBF0/RAW/v1/000/382/250/00000/293bc5bf-d207-41f7-9334-f27fbf9f8af4.root 382250 [364,365]
/store/data/Run2024F/ParkingVBF0/RAW/v1/000/382/250/00000/29e75562-9bc8-40ad-8081-ddd7c6aeb92b.root 382250 [224]
/store/data/Run2024F/ParkingVBF0/RAW/v1/000/382/250/00000/29e8debe-7c8a-4950-a7c1-813d06d49d7f.root 382250 [234,233]
/store/data/Run2024F/ParkingVBF0/RAW/v1/000/382/250/00000/2c222735-8a3f-4ad7-bb55-567d559f9ee3.root 382250 [215]
/store/data/Run2024F/ParkingVBF0/RAW/v1/000/382/250/00000/2c25948a-ade7-4b2d-a028-d8c73cffa0d2.root 382250 [594,595]
/store/data/Run2024F/ParkingVBF0/RAW/v1/000/382/250/00000/2e101cab-3f6f-413b-9cf1-95affb80d090.root 382250 [700,701]
/store/data/Run2024F/ParkingVBF0/RAW/v1/000/382/250/00000/2ebf1436-8b8f-4129-b2a6-1f5d542ea8c8.root 382250 [842,843]
/store/data/Run2024F/ParkingVBF0/RAW/v1/000/382/250/00000/2eda093a-41ab-4704-bc91-9374d7cd41d2.root 382250 [313,314]
/store/data/Run2024F/ParkingVBF0/RAW/v1/000/382/250/00000/2f29634d-24c9-4b91-82bb-4eba06a24c19.root 382250 [63,65,64,62]
/store/data/Run2024F/ParkingVBF0/RAW/v1/000/382/250/00000/30768b17-1e03-48f1-8fab-2c4fd80898a9.root 382250 [884,885]
/store/data/Run2024F/ParkingVBF0/RAW/v1/000/382/250/00000/30a5f6e2-99c7-4d68-8d73-d713bddeef94.root 382250 [904,905]
/store/data/Run2024F/ParkingVBF0/RAW/v1/000/382/250/00000/30ee0ad9-ab46-4eeb-8607-2b9adf279273.root 382250 [589,588]
/store/data/Run2024F/ParkingVBF0/RAW/v1/000/382/250/00000/30f0d3a2-58cf-4f51-98ae-6388e2b10d0d.root 382250 [542,543]
/store/data/Run2024F/ParkingVBF0/RAW/v1/000/382/250/00000/31067610-75a0-4939-8776-0db7f62a63f6.root 382250 [437,436]
/store/data/Run2024F/ParkingVBF0/RAW/v1/000/382/250/00000/310ac96b-3a87-4167-93b1-c87e47b752e5.root 382250 [242,241]
/store/data/Run2024F/ParkingVBF0/RAW/v1/000/382/250/00000/316d86f9-c944-4be8-a0fc-4f3a55d67700.root 382250 [152,151]
/store/data/Run2024F/ParkingVBF0/RAW/v1/000/382/250/00000/3194c15f-f4aa-4645-bc07-2d4a353e9428.root 382250 [751,752]
/store/data/Run2024F/ParkingVBF0/RAW/v1/000/382/250/00000/357a4c39-e600-48c5-8420-950a81bb9e87.root 382250 [783,784]
/store/data/Run2024F/ParkingVBF0/RAW/v1/000/382/250/00000/35a51f9e-ca4c-4694-a6e5-495b98cce82b.root 382250 [501,502]
/store/data/Run2024F/ParkingVBF0/RAW/v1/000/382/250/00000/366f7e94-895a-47c9-acce-8d7d6e1a3b45.root 382250 [378,379]
/store/data/Run2024F/ParkingVBF0/RAW/v1/000/382/250/00000/3919ca29-37df-4a21-9695-ab0d5886140c.root 382250 [285,286]
/store/data/Run2024F/ParkingVBF0/RAW/v1/000/382/250/00000/39f6e5f1-2ec3-4ed8-b56a-2adb20944174.root 382250 [659,658]
/store/data/Run2024F/ParkingVBF0/RAW/v1/000/382/250/00000/3a8dd57b-d2c6-4246-b75a-b9699adaa107.root 382250 [171,172]
/store/data/Run2024F/ParkingVBF0/RAW/v1/000/382/250/00000/3ac69293-f827-4a8a-8246-d4425651540d.root 382250 [348,349]
/store/data/Run2024F/ParkingVBF0/RAW/v1/000/382/250/00000/3b9e3a50-997a-4b4a-ab87-a36231d45979.root 382250 [444,445]
/store/data/Run2024F/ParkingVBF0/RAW/v1/000/382/250/00000/3c4eb3c9-bac7-4c0f-a51e-5b825c3d9b14.root 382250 [294,293]
/store/data/Run2024F/ParkingVBF0/RAW/v1/000/382/250/00000/3cae95ea-90af-4254-ad28-77e86e1e02b4.root 382250 [553]
/store/data/Run2024F/ParkingVBF0/RAW/v1/000/382/250/00000/3cd8b9ff-d5cc-49fb-9036-5a221cc7a83d.root 382250 [912,913]
/store/data/Run2024F/ParkingVBF0/RAW/v1/000/382/250/00000/3cfc6487-f086-4b75-82e9-bb950f9adb2b.root 382250 [244,243]
/store/data/Run2024F/ParkingVBF0/RAW/v1/000/382/250/00000/3d119387-504b-4d1f-abea-70c5bd0842b2.root 382250 [130,131,132,129]
/store/data/Run2024F/ParkingVBF0/RAW/v1/000/382/250/00000/3ec8eab2-8e58-4fea-a0b2-b6e07aae491b.root 382250 [357,356]
/store/data/Run2024F/ParkingVBF0/RAW/v1/000/382/250/00000/40d4335c-0224-4e9f-b05c-70debfb8edc5.root 382250 [256,257]
/store/data/Run2024F/ParkingVBF0/RAW/v1/000/382/250/00000/40f19945-ffee-479f-8d46-6bfb15ca19ef.root 382250 [292,291]
/store/data/Run2024F/ParkingVBF0/RAW/v1/000/382/250/00000/40f4305e-23b6-4a8c-b019-03d7c62ec4ca.root 382250 [161,162]
/store/data/Run2024F/ParkingVBF0/RAW/v1/000/382/250/00000/41357449-7007-4c26-a466-9ca115f322ef.root 382250 [799,800]
/store/data/Run2024F/ParkingVBF0/RAW/v1/000/382/250/00000/4245fb04-21b5-4b27-988a-69cf24d9f7cb.root 382250 [334,335]
/store/data/Run2024F/ParkingVBF0/RAW/v1/000/382/250/00000/4274af0d-48bc-44e9-bb52-5a23dfb939d1.root 382250 [232,231]
/store/data/Run2024F/ParkingVBF0/RAW/v1/000/382/250/00000/429819a9-8d57-423d-9e7c-b28979754423.root 382250 [260,261]
/store/data/Run2024F/ParkingVBF0/RAW/v1/000/382/250/00000/432c0bc5-eeb9-4ab1-b06f-9a1d37181362.root 382250 [566,567]
/store/data/Run2024F/ParkingVBF0/RAW/v1/000/382/250/00000/43708b44-78eb-49aa-88c1-ad6f19b224d9.root 382250 [577,576]
/store/data/Run2024F/ParkingVBF0/RAW/v1/000/382/250/00000/441bef48-2f9d-41c8-8629-6ff8bebffad0.root 382250 [377,376]
/store/data/Run2024F/ParkingVBF0/RAW/v1/000/382/250/00000/4513377c-668a-4bd0-ad2d-4f5d9199816f.root 382250 [906,907]
/store/data/Run2024F/ParkingVBF0/RAW/v1/000/382/250/00000/452f3bb4-8864-4d88-883e-96a5caae80be.root 382250 [851,850]
/store/data/Run2024F/ParkingVBF0/RAW/v1/000/382/250/00000/457a952b-5f41-462d-9c69-a426e5b53e47.root 382250 [547,546]
/store/data/Run2024F/ParkingVBF0/RAW/v1/000/382/250/00000/4584a12c-5d0e-4013-af71-f9a960a04330.root 382250 [560,561]
/store/data/Run2024F/ParkingVBF0/RAW/v1/000/382/250/00000/46aaa75a-03ab-4663-918b-01765d4c9921.root 382250 [488,487]
/store/data/Run2024F/ParkingVBF0/RAW/v1/000/382/250/00000/46ffc8e8-480f-4124-bfb3-84f3166c392b.root 382250 [123,124,125]
/store/data/Run2024F/ParkingVBF0/RAW/v1/000/382/250/00000/471465c3-9875-4259-b8aa-2e92b38b64e6.root 382250 [874,875]
/store/data/Run2024F/ParkingVBF0/RAW/v1/000/382/250/00000/476910c8-3eff-49c2-a309-cefe12abff77.root 382250 [764,763]
/store/data/Run2024F/ParkingVBF0/RAW/v1/000/382/250/00000/48b7c108-9783-4c25-8c43-7980eb3156dd.root 382250 [369,368]
/store/data/Run2024F/ParkingVBF0/RAW/v1/000/382/250/00000/48b9bd2a-81ac-4dcc-9ae1-49debade30e4.root 382250 [58,60,59,61]
/store/data/Run2024F/ParkingVBF0/RAW/v1/000/382/250/00000/4910bc4f-3844-409a-91be-1107c61a7d03.root 382250 [147,148]
/store/data/Run2024F/ParkingVBF0/RAW/v1/000/382/250/00000/4a08f944-f88a-42cd-b256-721e45a4402a.root 382250 [456,457]
/store/data/Run2024F/ParkingVBF0/RAW/v1/000/382/250/00000/4a0b3559-de53-455e-b4c2-2a0c073ce67a.root 382250 [715,714]
/store/data/Run2024F/ParkingVBF0/RAW/v1/000/382/250/00000/4a2f93e5-817b-4a1e-8c93-efde70f4c7a7.root 382250 [624,625]
/store/data/Run2024F/ParkingVBF0/RAW/v1/000/382/250/00000/4ae28c7f-a4da-4c19-96dc-33ddc0bb0f31.root 382250 [342,343]
/store/data/Run2024F/ParkingVBF0/RAW/v1/000/382/250/00000/4ae7e6d6-7472-4af5-914a-003a8e251ee0.root 382250 [789]
/store/data/Run2024F/ParkingVBF0/RAW/v1/000/382/250/00000/4c080058-307c-46f9-834e-00f3b3fb1c13.root 382250 [890,891]
/store/data/Run2024F/ParkingVBF0/RAW/v1/000/382/250/00000/4c32f7fd-8a43-4cd1-981b-2843b09d55f8.root 382250 [682,683]
/store/data/Run2024F/ParkingVBF0/RAW/v1/000/382/250/00000/4d3b5aec-016d-4fc8-8b41-9b757926bdec.root 382250 [823,822]
/store/data/Run2024F/ParkingVBF0/RAW/v1/000/382/250/00000/4de04d3f-8c00-4b3a-b88b-bb4b51cb3e0b.root 382250 [404,405]
/store/data/Run2024F/ParkingVBF0/RAW/v1/000/382/250/00000/4df8cf3c-8a48-435d-adaf-310f49c45148.root 382250 [554,555]
/store/data/Run2024F/ParkingVBF0/RAW/v1/000/382/250/00000/4f116c90-f5c1-4f37-8c87-1f96e51e790d.root 382250 [255,254]
/store/data/Run2024F/ParkingVBF0/RAW/v1/000/382/250/00000/4f154084-22a7-458b-a5cd-a4312e8c3248.root 382250 [610,611]
/store/data/Run2024F/ParkingVBF0/RAW/v1/000/382/250/00000/4f7ab10f-889c-4e7e-b728-4a29bfff245e.root 382250 [921,920,922]
/store/data/Run2024F/ParkingVBF0/RAW/v1/000/382/250/00000/5006d8be-89c8-4284-9049-366667da987f.root 382250 [199,200]
/store/data/Run2024F/ParkingVBF0/RAW/v1/000/382/250/00000/502f99fe-a66f-4b1e-bd5f-3e1e5aa8988c.root 382250 [240,239]
/store/data/Run2024F/ParkingVBF0/RAW/v1/000/382/250/00000/50c70f13-2fc9-4b36-ae9a-78f25f6c4770.root 382250 [475,476]
/store/data/Run2024F/ParkingVBF0/RAW/v1/000/382/250/00000/51fa40ea-af0f-4820-a739-d51366269036.root 382250 [631,630]
/store/data/Run2024F/ParkingVBF0/RAW/v1/000/382/250/00000/52674d5b-abed-4c37-860a-a0649ec579f2.root 382250 [366,367]
/store/data/Run2024F/ParkingVBF0/RAW/v1/000/382/250/00000/52764e81-e3e9-4c6e-b190-b83ea6ff1bfa.root 382250 [680,681]
/store/data/Run2024F/ParkingVBF0/RAW/v1/000/382/250/00000/540ac343-3e1e-431d-8cdd-c7f40cc1058f.root 382250 [526,527]
/store/data/Run2024F/ParkingVBF0/RAW/v1/000/382/250/00000/55f77eb7-dbbf-45a2-b3ae-c0d40c130b28.root 382250 [419,418]
/store/data/Run2024F/ParkingVBF0/RAW/v1/000/382/250/00000/56211abe-5913-4ded-af62-e23415bed695.root 382250 [644,645]
/store/data/Run2024F/ParkingVBF0/RAW/v1/000/382/250/00000/562a7445-fe4c-4ccd-b28c-4189755bc1a8.root 382250 [663,662]
/store/data/Run2024F/ParkingVBF0/RAW/v1/000/382/250/00000/5792e917-7fe5-467e-bc1b-54e798c9b8aa.root 382250 [510,511]
/store/data/Run2024F/ParkingVBF0/RAW/v1/000/382/250/00000/5938337e-4b0e-423f-8e81-b663a165a719.root 382250 [770,769]
/store/data/Run2024F/ParkingVBF0/RAW/v1/000/382/250/00000/5b30c0b7-1d9a-42d1-b56b-32b798c8ee83.root 382250 [586]
/store/data/Run2024F/ParkingVBF0/RAW/v1/000/382/250/00000/5b506cd7-ba60-4386-8f0b-73e9f08a02da.root 382250 [852,853]
/store/data/Run2024F/ParkingVBF0/RAW/v1/000/382/250/00000/5b9a3a9f-d665-495f-a70c-a7516924f9e0.root 382250 [637,636]
/store/data/Run2024F/ParkingVBF0/RAW/v1/000/382/250/00000/5b9b2238-4588-4f13-a2d1-e419dc786dc2.root 382250 [548,549]
/store/data/Run2024F/ParkingVBF0/RAW/v1/000/382/250/00000/5b9c0bdb-f18e-4323-916f-a9dd494ebd09.root 382250 [325,324]
/store/data/Run2024F/ParkingVBF0/RAW/v1/000/382/250/00000/5d028fb4-8489-494d-b8d9-f74d8d1c9afd.root 382250 [179,180]
/store/data/Run2024F/ParkingVBF0/RAW/v1/000/382/250/00000/5d473bd4-e62c-4ff1-9219-5d1bd46466df.root 382250 [827,826]
/store/data/Run2024F/ParkingVBF0/RAW/v1/000/382/250/00000/5e9857a0-655c-41c8-94ad-5f632bbfc5f7.root 382250 [101,99,100]
/store/data/Run2024F/ParkingVBF0/RAW/v1/000/382/250/00000/5ea8adee-478e-4544-8f70-bd46b91400a4.root 382250 [312,311]
/store/data/Run2024F/ParkingVBF0/RAW/v1/000/382/250/00000/5f894a62-1c65-4c25-b836-dbe3b95337e9.root 382250 [454,455]
/store/data/Run2024F/ParkingVBF0/RAW/v1/000/382/250/00000/6000642b-d3bc-4771-ac18-92d630b56773.root 382250 [302,301]
/store/data/Run2024F/ParkingVBF0/RAW/v1/000/382/250/00000/600f25b7-5c2c-4919-a88c-cd1164bc6659.root 382250 [916,917]
/store/data/Run2024F/ParkingVBF0/RAW/v1/000/382/250/00000/6029c0fb-27dc-4c5a-8739-c7ef1e33c954.root 382250 [318,319]
/store/data/Run2024F/ParkingVBF0/RAW/v1/000/382/250/00000/610845d1-be04-4055-93fb-78ae07dfa275.root 382250 [854,855]
/store/data/Run2024F/ParkingVBF0/RAW/v1/000/382/250/00000/613eaff3-f3ae-4a51-a038-eb5059284ce1.root 382250 [728,727]
/store/data/Run2024F/ParkingVBF0/RAW/v1/000/382/250/00000/61cac961-31c6-4abd-8bdf-0a5ea6c4baf6.root 382250 [317]
/store/data/Run2024F/ParkingVBF0/RAW/v1/000/382/250/00000/61e2992d-7f8c-4785-8925-1c12f3b135fe.root 382250 [664,665]
/store/data/Run2024F/ParkingVBF0/RAW/v1/000/382/250/00000/620e2c9e-7fc0-452e-acd3-077b6cdd2bca.root 382250 [227,228]
/store/data/Run2024F/ParkingVBF0/RAW/v1/000/382/250/00000/62d923c1-8dff-44e1-a4ca-93211c1ed1ec.root 382250 [894,895]
/store/data/Run2024F/ParkingVBF0/RAW/v1/000/382/250/00000/639133ee-4b16-4c35-a8cf-210441ca7688.root 382250 [480,479]
/store/data/Run2024F/ParkingVBF0/RAW/v1/000/382/250/00000/63c0e82e-92ea-4a9b-9ff0-032a5d9490d0.root 382250 [396,397]
/store/data/Run2024F/ParkingVBF0/RAW/v1/000/382/250/00000/63f29e15-15ad-4e43-8fb6-da68d349b6ee.root 382250 [374,375]
/store/data/Run2024F/ParkingVBF0/RAW/v1/000/382/250/00000/64218069-8778-46f0-beb4-406054c044ee.root 382250 [675,674]
/store/data/Run2024F/ParkingVBF0/RAW/v1/000/382/250/00000/642929a9-b767-4b37-bcad-d388e1563a04.root 382250 [846,847]
/store/data/Run2024F/ParkingVBF0/RAW/v1/000/382/250/00000/652a1e99-267c-46e5-86dd-63f13b39a844.root 382250 [529,528]
/store/data/Run2024F/ParkingVBF0/RAW/v1/000/382/250/00000/659dfc25-3b07-4517-b5fa-dd9bf765836b.root 382250 [315,316]
/store/data/Run2024F/ParkingVBF0/RAW/v1/000/382/250/00000/65a3c97d-54a7-4f4f-bc8f-4a2b3cf35298.root 382250 [425,424]
/store/data/Run2024F/ParkingVBF0/RAW/v1/000/382/250/00000/66504520-0ad1-4015-88df-010c53478231.root 382250 [259,258]
/store/data/Run2024F/ParkingVBF0/RAW/v1/000/382/250/00000/676cffd6-1d19-4318-bda2-0bf396445c52.root 382250 [383,382]
/store/data/Run2024F/ParkingVBF0/RAW/v1/000/382/250/00000/67e03b8f-636b-4e85-9797-5556b4f27d91.root 382250 [466,465]
/store/data/Run2024F/ParkingVBF0/RAW/v1/000/382/250/00000/686b9962-ad82-4d34-becb-7d4abfaf5894.root 382250 [127,128,126]
/store/data/Run2024F/ParkingVBF0/RAW/v1/000/382/250/00000/6998dfa7-abf7-4709-ad8b-7d5fa6ae9242.root 382250 [450,451]
/store/data/Run2024F/ParkingVBF0/RAW/v1/000/382/250/00000/69aeaa9b-a1ca-4796-8787-2a3f654883bc.root 382250 [908,909]
/store/data/Run2024F/ParkingVBF0/RAW/v1/000/382/250/00000/69d764da-2ce1-4517-aa0d-83178249f673.root 382250 [738,737]
/store/data/Run2024F/ParkingVBF0/RAW/v1/000/382/250/00000/69e760c0-eed5-45d5-8f03-32daa12993d1.root 382250 [67,66,68,69]
/store/data/Run2024F/ParkingVBF0/RAW/v1/000/382/250/00000/6b25a7ca-5e2c-4691-b787-1cf9aa359278.root 382250 [679,678]
/store/data/Run2024F/ParkingVBF0/RAW/v1/000/382/250/00000/6bd2f867-1169-49df-8cd1-a5394e2a5f60.root 382250 [749,750]
/store/data/Run2024F/ParkingVBF0/RAW/v1/000/382/250/00000/6c04bca9-57cd-49ca-9181-917e8aa8296d.root 382250 [863,862]
/store/data/Run2024F/ParkingVBF0/RAW/v1/000/382/250/00000/6c62a325-00bd-4ef5-bc55-ec68f02cb79a.root 382250 [34,36,38,41,44,23,27,28,32,33,35,39,31,43,24,29,42,25,26,37,30,40,45]
/store/data/Run2024F/ParkingVBF0/RAW/v1/000/382/250/00000/6de2ebb5-ea12-46fc-8dd3-72c2e6ee41d2.root 382250 [618,619]
/store/data/Run2024F/ParkingVBF0/RAW/v1/000/382/250/00000/6e309878-f1d7-4026-a11a-79a77ea8497b.root 382250 [347]
/store/data/Run2024F/ParkingVBF0/RAW/v1/000/382/250/00000/6fad0872-12ed-411b-b621-f03c54e4f1b9.root 382250 [628,629]
/store/data/Run2024F/ParkingVBF0/RAW/v1/000/382/250/00000/6fe10063-5a5b-4ed5-8b51-80eacb7e1e1c.root 382250 [605,604]
/store/data/Run2024F/ParkingVBF0/RAW/v1/000/382/250/00000/701b726c-c8f8-4ac9-aebf-c5a8181862e6.root 382250 [186,185]
/store/data/Run2024F/ParkingVBF0/RAW/v1/000/382/250/00000/7324ec0c-ef27-42a6-b51d-23589a8c2ddb.root 382250 [534,535]
/store/data/Run2024F/ParkingVBF0/RAW/v1/000/382/250/00000/7481e82d-6cab-4162-ac26-65c5446ccf01.root 382250 [899,898]
/store/data/Run2024F/ParkingVBF0/RAW/v1/000/382/250/00000/753a594e-5af5-4b28-9434-a627b3d6da8d.root 382250 [333,332]
/store/data/Run2024F/ParkingVBF0/RAW/v1/000/382/250/00000/757e7a5e-6e2b-4451-973c-693a4ccd51ba.root 382250 [222,223]
/store/data/Run2024F/ParkingVBF0/RAW/v1/000/382/250/00000/75cd18b7-85d6-4990-a4d5-afdf367d1835.root 382250 [384,385]
/store/data/Run2024F/ParkingVBF0/RAW/v1/000/382/250/00000/75e1e8d5-3f84-4b57-a5ba-a9a61bf4573b.root 382250 [492,491]
/store/data/Run2024F/ParkingVBF0/RAW/v1/000/382/250/00000/7606a816-fd3b-43c2-bbc5-c0907ddd790c.root 382250 [539,538]
/store/data/Run2024F/ParkingVBF0/RAW/v1/000/382/250/00000/770dc88e-85af-4f07-9986-e56be4d1eecf.root 382250 [322,323]
/store/data/Run2024F/ParkingVBF0/RAW/v1/000/382/250/00000/77488e43-2dad-44b8-a144-440df92bc4c6.root 382250 [585,584]
/store/data/Run2024F/ParkingVBF0/RAW/v1/000/382/250/00000/776131b7-235b-4ede-a266-4c39a2a375d9.root 382250 [915,914]
/store/data/Run2024F/ParkingVBF0/RAW/v1/000/382/250/00000/77f2efe3-c95d-4c54-a019-b182d02cc518.root 382250 [420,421]
/store/data/Run2024F/ParkingVBF0/RAW/v1/000/382/250/00000/783ee67d-9dc6-4a89-bf29-1826c823bacb.root 382250 [785,786]
/store/data/Run2024F/ParkingVBF0/RAW/v1/000/382/250/00000/78cc0405-a97b-4f7e-8116-c7df7a924b4a.root 382250 [321,320]
/store/data/Run2024F/ParkingVBF0/RAW/v1/000/382/250/00000/79027734-b34c-4a2b-9025-7c982bdf5704.root 382250 [218,219]
/store/data/Run2024F/ParkingVBF0/RAW/v1/000/382/250/00000/7ae71c1b-c281-48cc-b780-dc1e86d92d5c.root 382250 [481,482]
/store/data/Run2024F/ParkingVBF0/RAW/v1/000/382/250/00000/7b049dd3-b577-4953-8f03-999c840bc225.root 382250 [355,354]
/store/data/Run2024F/ParkingVBF0/RAW/v1/000/382/250/00000/7b0f4546-9ff3-4149-ab2d-e673c0ee6c56.root 382250 [427,426]
/store/data/Run2024F/ParkingVBF0/RAW/v1/000/382/250/00000/7b68ae9b-fd2a-4bb2-aaf7-6c4594ff0d55.root 382250 [336,337]
/store/data/Run2024F/ParkingVBF0/RAW/v1/000/382/250/00000/7cb801ca-2812-41ad-b75f-7e6e877b83ef.root 382250 [609,608]
/store/data/Run2024F/ParkingVBF0/RAW/v1/000/382/250/00000/7cbfc1b6-d25d-400f-a4fb-ab26fb1890f5.root 382250 [98,97]
/store/data/Run2024F/ParkingVBF0/RAW/v1/000/382/250/00000/7d76768a-6a7b-4784-bcad-066215080fe8.root 382250 [575,574]
/store/data/Run2024F/ParkingVBF0/RAW/v1/000/382/250/00000/7dd1505a-482b-43ad-a273-9fcda37c6cf1.root 382250 [706,707]
/store/data/Run2024F/ParkingVBF0/RAW/v1/000/382/250/00000/7dd354e2-0b51-420d-a6c5-a71aee0d1aeb.root 382250 [642,643]
/store/data/Run2024F/ParkingVBF0/RAW/v1/000/382/250/00000/7eaf5346-d143-49d9-a3ac-6e995dddd00f.root 382250 [114,115,116]
/store/data/Run2024F/ParkingVBF0/RAW/v1/000/382/250/00000/7ed04698-4e8a-4002-a747-e132d4eee925.root 382250 [531,530]
/store/data/Run2024F/ParkingVBF0/RAW/v1/000/382/250/00000/7efe2f88-682f-4de0-9c58-ee0de0082464.root 382250 [381,380]
/store/data/Run2024F/ParkingVBF0/RAW/v1/000/382/250/00000/7f323e8a-7c35-4b82-95df-515e00c7b58e.root 382250 [470,469]
/store/data/Run2024F/ParkingVBF0/RAW/v1/000/382/250/00000/7f440038-3f06-4f7e-b748-f5aa173f5cac.root 382250 [283,284]
/store/data/Run2024F/ParkingVBF0/RAW/v1/000/382/250/00000/7fd0c0fa-a8ee-45ae-b166-972ec823a12c.root 382250 [640,641]
/store/data/Run2024F/ParkingVBF0/RAW/v1/000/382/250/00000/7ff6f548-eaf2-43a2-b4a6-58370b479fd9.root 382250 [142,141]
/store/data/Run2024F/ParkingVBF0/RAW/v1/000/382/250/00000/80301714-31cd-4b8f-bf87-d6b768cc40a4.root 382250 [282,281]
/store/data/Run2024F/ParkingVBF0/RAW/v1/000/382/250/00000/80567832-71b3-44bd-aa9e-54da18e957a9.root 382250 [102,103]
/store/data/Run2024F/ParkingVBF0/RAW/v1/000/382/250/00000/8218b734-06b4-45cd-8161-8ca481b63cfa.root 382250 [545,544]
/store/data/Run2024F/ParkingVBF0/RAW/v1/000/382/250/00000/82c53736-eb70-437e-886a-ed05c40cc638.root 382250 [698,699]
/store/data/Run2024F/ParkingVBF0/RAW/v1/000/382/250/00000/856066da-a82f-402c-8596-265d4e3ba1a1.root 382250 [74,75,77,76]
/store/data/Run2024F/ParkingVBF0/RAW/v1/000/382/250/00000/8582f4e9-62a3-493b-b2b2-72b1388a051d.root 382250 [170,169]
/store/data/Run2024F/ParkingVBF0/RAW/v1/000/382/250/00000/8587890f-7c46-4dea-a923-305473072c23.root 382250 [896,897]
/store/data/Run2024F/ParkingVBF0/RAW/v1/000/382/250/00000/868d968f-3b4c-4125-9daf-db6a3f1f32a7.root 382250 [877,876]
/store/data/Run2024F/ParkingVBF0/RAW/v1/000/382/250/00000/8709da5f-1bc2-4e97-a008-93adc7d697a5.root 382250 [414,415]
/store/data/Run2024F/ParkingVBF0/RAW/v1/000/382/250/00000/8812153c-22ef-4613-83b2-f7bf3191bf84.root 382250 [726,725]
/store/data/Run2024F/ParkingVBF0/RAW/v1/000/382/250/00000/889e64b0-6a7d-464a-ad1c-58da04717e0f.root 382250 [360,361]
/store/data/Run2024F/ParkingVBF0/RAW/v1/000/382/250/00000/88ecbc34-cfca-41b8-8229-ab7c829cdd5b.root 382250 [522,523]
/store/data/Run2024F/ParkingVBF0/RAW/v1/000/382/250/00000/891311f0-ad17-4da0-a3fe-d0b35e868cda.root 382250 [647,646]
/store/data/Run2024F/ParkingVBF0/RAW/v1/000/382/250/00000/891bb484-3620-4e68-8833-b75adf4fabb3.root 382250 [245,246]
/store/data/Run2024F/ParkingVBF0/RAW/v1/000/382/250/00000/8922ce8b-698a-4987-b753-9c05b9b8066e.root 382250 [137,138]
/store/data/Run2024F/ParkingVBF0/RAW/v1/000/382/250/00000/89589ab7-d978-4b57-9e77-b9ee59f8a70d.root 382250 [840,841]
/store/data/Run2024F/ParkingVBF0/RAW/v1/000/382/250/00000/89bc1c08-84c5-4d21-b234-3d2cb07b215e.root 382250 [541,540]
/store/data/Run2024F/ParkingVBF0/RAW/v1/000/382/250/00000/8a561390-18ad-43fe-bdf0-4cd56c229a8b.root 382250 [165,166]
/store/data/Run2024F/ParkingVBF0/RAW/v1/000/382/250/00000/8ad706bf-22fb-4e16-9b8c-561ebdccb89d.root 382250 [157,158]
/store/data/Run2024F/ParkingVBF0/RAW/v1/000/382/250/00000/8c20efb5-e10a-486f-926d-4fc0443fdec1.root 382250 [716,717]
/store/data/Run2024F/ParkingVBF0/RAW/v1/000/382/250/00000/8ee24d6c-33ba-4b38-8eca-45724930fa27.root 382250 [306,305]
/store/data/Run2024F/ParkingVBF0/RAW/v1/000/382/250/00000/90b707d3-e078-4d2b-a545-ab61b2ea41d9.root 382250 [213,214]
/store/data/Run2024F/ParkingVBF0/RAW/v1/000/382/250/00000/90c9fb10-a908-429a-9dc6-053b0ae82e83.root 382250 [149,150]
/store/data/Run2024F/ParkingVBF0/RAW/v1/000/382/250/00000/9195b2f3-88a9-46f1-8371-e8f3e15bedda.root 382250 [708,709]
/store/data/Run2024F/ParkingVBF0/RAW/v1/000/382/250/00000/91b5df19-ff18-4671-9119-195bb644bec7.root 382250 [893,892]
/store/data/Run2024F/ParkingVBF0/RAW/v1/000/382/250/00000/92348380-8e72-4f6f-b30a-4c8eb30d5b01.root 382250 [458]
/store/data/Run2024F/ParkingVBF0/RAW/v1/000/382/250/00000/928601fe-becc-448e-9967-0bf5530f157c.root 382250 [500,499]
/store/data/Run2024F/ParkingVBF0/RAW/v1/000/382/250/00000/93149d07-a1a5-4df0-8719-b347e090ceec.root 382250 [564,565]
/store/data/Run2024F/ParkingVBF0/RAW/v1/000/382/250/00000/9326cb1b-3727-4130-bb3f-a2274eb253df.root 382250 [720]
/store/data/Run2024F/ParkingVBF0/RAW/v1/000/382/250/00000/93d716e7-3c9d-4907-81f0-f05035d06177.root 382250 [881,880]
/store/data/Run2024F/ParkingVBF0/RAW/v1/000/382/250/00000/93f61fe0-2add-4959-a530-3f420366c414.root 382250 [296,295]
/store/data/Run2024F/ParkingVBF0/RAW/v1/000/382/250/00000/944d7f5f-1742-40db-8f87-af0c7f7aa0a6.root 382250 [873,872]
/store/data/Run2024F/ParkingVBF0/RAW/v1/000/382/250/00000/94f62b84-9d96-48fe-9956-afa6a2c79a75.root 382250 [448,449]
/store/data/Run2024F/ParkingVBF0/RAW/v1/000/382/250/00000/95a5905a-aad0-4dba-948a-0e762428dec8.root 382250 [596,597]
/store/data/Run2024F/ParkingVBF0/RAW/v1/000/382/250/00000/960c70ca-e765-44b1-aea1-a2673fc1ed34.root 382250 [411,410]
/store/data/Run2024F/ParkingVBF0/RAW/v1/000/382/250/00000/962e8a42-be79-443a-a86f-e4f2d2c1081e.root 382250 [467,468]
/store/data/Run2024F/ParkingVBF0/RAW/v1/000/382/250/00000/97f88d67-dddd-44ad-9634-4b7dcd3eb0fe.root 382250 [858,859]
/store/data/Run2024F/ParkingVBF0/RAW/v1/000/382/250/00000/99bd648e-391e-4b97-98b7-b05639d4b694.root 382250 [249]
/store/data/Run2024F/ParkingVBF0/RAW/v1/000/382/250/00000/9a4ed8d7-a04e-4d9d-8493-c78e52cf22a3.root 382250 [387,386]
/store/data/Run2024F/ParkingVBF0/RAW/v1/000/382/250/00000/9a8dd6b2-3420-404d-884a-8128fc5e21be.root 382250 [650,651]
/store/data/Run2024F/ParkingVBF0/RAW/v1/000/382/250/00000/9b923a51-a0bf-407b-92d8-61b92e24829d.root 382250 [903,902]
/store/data/Run2024F/ParkingVBF0/RAW/v1/000/382/250/00000/9cb3644d-1283-4f7d-8736-839f9c68abe1.root 382250 [267,268]
/store/data/Run2024F/ParkingVBF0/RAW/v1/000/382/250/00000/9cc0b148-0b66-41c5-a328-2acb92e76dc6.root 382250 [836,837]
/store/data/Run2024F/ParkingVBF0/RAW/v1/000/382/250/00000/9daa43c8-917a-491b-bd1f-a035c64d9153.root 382250 [182,181]
/store/data/Run2024F/ParkingVBF0/RAW/v1/000/382/250/00000/9ebceebf-c6c5-460a-8b64-8a56cdf389e1.root 382250 [666,667]
/store/data/Run2024F/ParkingVBF0/RAW/v1/000/382/250/00000/9fb5ddf7-0197-43bf-97c9-47fe617039cd.root 382250 [696,697]
/store/data/Run2024F/ParkingVBF0/RAW/v1/000/382/250/00000/a07dd3d1-9afb-407d-a006-a43f669d2b37.root 382250 [869,868]
/store/data/Run2024F/ParkingVBF0/RAW/v1/000/382/250/00000/a0bdcff1-1c9f-415f-a40c-4a12e16f7770.root 382250 [845,844]
/store/data/Run2024F/ParkingVBF0/RAW/v1/000/382/250/00000/a0c99d2f-bd2f-4245-9e3b-859d8e37938b.root 382250 [56,55,54,57]
/store/data/Run2024F/ParkingVBF0/RAW/v1/000/382/250/00000/a144a238-9464-4a95-8495-c15867761017.root 382250 [178]
/store/data/Run2024F/ParkingVBF0/RAW/v1/000/382/250/00000/a25a70af-fff1-4dab-ac61-2edeb0b8a6ef.root 382250 [460,459]
/store/data/Run2024F/ParkingVBF0/RAW/v1/000/382/250/00000/a2e4973f-dc0a-445b-bda2-73e71ecd9b8f.root 382250 [571,570]
/store/data/Run2024F/ParkingVBF0/RAW/v1/000/382/250/00000/a472a2ee-c8c7-4ede-92f4-0e84b4bfed86.root 382250 [406,407]
/store/data/Run2024F/ParkingVBF0/RAW/v1/000/382/250/00000/a4749aee-43b6-4156-8f9e-1cf67625784a.root 382250 [731,732]
/store/data/Run2024F/ParkingVBF0/RAW/v1/000/382/250/00000/a5138c30-9fbc-4cdb-ab36-7211561a4b63.root 382250 [794]
/store/data/Run2024F/ParkingVBF0/RAW/v1/000/382/250/00000/a641c477-9c94-4a6c-bcd2-3a72f4490414.root 382250 [122,120,121]
/store/data/Run2024F/ParkingVBF0/RAW/v1/000/382/250/00000/a647e937-45ae-46d2-af35-e92b9ce05c84.root 382250 [262,263]
/store/data/Run2024F/ParkingVBF0/RAW/v1/000/382/250/00000/a6d96c2c-0812-42a8-a9d5-a522d2c0281a.root 382250 [831,830]
/store/data/Run2024F/ParkingVBF0/RAW/v1/000/382/250/00000/a6e3b31e-7f19-4db8-a563-1918df3702f9.root 382250 [818,819]
/store/data/Run2024F/ParkingVBF0/RAW/v1/000/382/250/00000/a6f87afb-7dd1-4d0d-8cb7-e4fad4447c20.root 382250 [603,602]
/store/data/Run2024F/ParkingVBF0/RAW/v1/000/382/250/00000/a716545b-3355-455f-bf53-f8b602eeff0f.root 382250 [864,865]
/store/data/Run2024F/ParkingVBF0/RAW/v1/000/382/250/00000/a7181052-ac31-4d14-b82e-1dbd7fa8b8ed.root 382250 [447,446]
/store/data/Run2024F/ParkingVBF0/RAW/v1/000/382/250/00000/a797c124-e2b9-4c87-81ea-c98d153fea6b.root 382250 [815,814]
/store/data/Run2024F/ParkingVBF0/RAW/v1/000/382/250/00000/a8588b9a-87fa-4d88-979e-86dc80e4045d.root 382250 [229,230]
/store/data/Run2024F/ParkingVBF0/RAW/v1/000/382/250/00000/a9a7016c-b21f-474f-a50c-97a6141378ee.root 382250 [573,572]
/store/data/Run2024F/ParkingVBF0/RAW/v1/000/382/250/00000/aa74861f-1f82-493f-8b16-764dfe4f7b04.root 382250 [669,668]
/store/data/Run2024F/ParkingVBF0/RAW/v1/000/382/250/00000/ad88b6fa-214c-4a5a-8e4f-23d2d6ab0714.root 382250 [276,277]
/store/data/Run2024F/ParkingVBF0/RAW/v1/000/382/250/00000/ae17e282-f30a-4b0b-9253-fd358688d719.root 382250 [901,900]
/store/data/Run2024F/ParkingVBF0/RAW/v1/000/382/250/00000/aeb54f98-a044-4e18-8b3e-afe183f231e1.root 382250 [46,48,49,47]
/store/data/Run2024F/ParkingVBF0/RAW/v1/000/382/250/00000/b0181c9a-358d-4329-a7d6-68ac328f44b8.root 382250 [557,556]
/store/data/Run2024F/ParkingVBF0/RAW/v1/000/382/250/00000/b0886ded-5cdd-4543-8440-9a46b1538d13.root 382250 [692,693]
/store/data/Run2024F/ParkingVBF0/RAW/v1/000/382/250/00000/b151df97-7896-47d4-9fef-30aa9218c1ae.root 382250 [551,552]
/store/data/Run2024F/ParkingVBF0/RAW/v1/000/382/250/00000/b1833436-1368-4273-b701-dfb4570d6b0e.root 382250 [689,688]
/store/data/Run2024F/ParkingVBF0/RAW/v1/000/382/250/00000/b1a92bdb-25f1-46cb-a316-9394818ceee0.root 382250 [204,203]
/store/data/Run2024F/ParkingVBF0/RAW/v1/000/382/250/00000/b201505e-ddd6-4a53-9631-75033c87fd14.root 382250 [373,372]
/store/data/Run2024F/ParkingVBF0/RAW/v1/000/382/250/00000/b212d1ae-cfc2-42ee-9b9c-de1c5b845a32.root 382250 [135,136]
/store/data/Run2024F/ParkingVBF0/RAW/v1/000/382/250/00000/b2130228-2610-425e-82aa-9cbc2f43d423.root 382250 [506,507]
/store/data/Run2024F/ParkingVBF0/RAW/v1/000/382/250/00000/b21f9865-31ea-4f87-9bef-dadb64ee73d1.root 382250 [919,918]
/store/data/Run2024F/ParkingVBF0/RAW/v1/000/382/250/00000/b26693ea-0aac-4a20-82f0-b9cec3c79c39.root 382250 [791,790]
/store/data/Run2024F/ParkingVBF0/RAW/v1/000/382/250/00000/b351a49e-d70f-474a-9f90-dc3e7c9800e3.root 382250 [803,804]
/store/data/Run2024F/ParkingVBF0/RAW/v1/000/382/250/00000/b3ba1206-f487-4ce7-b7c2-a29d20241dc7.root 382250 [434,435]
/store/data/Run2024F/ParkingVBF0/RAW/v1/000/382/250/00000/b3bd0fac-c6e2-41de-a648-c01e41b43607.root 382250 [299,300]
/store/data/Run2024F/ParkingVBF0/RAW/v1/000/382/250/00000/b3f00097-42ce-4bb3-bb4d-7347a29e6446.root 382250 [250]
/store/data/Run2024F/ParkingVBF0/RAW/v1/000/382/250/00000/b588b9e8-043f-447c-b63e-f72940167f81.root 382250 [266]
/store/data/Run2024F/ParkingVBF0/RAW/v1/000/382/250/00000/b66337a3-31a3-4d5f-bccb-7d86039dc1bc.root 382250 [550]
/store/data/Run2024F/ParkingVBF0/RAW/v1/000/382/250/00000/b6660a75-4bf1-40a9-bbb6-a6c7daa5fa19.root 382250 [345]
/store/data/Run2024F/ParkingVBF0/RAW/v1/000/382/250/00000/b6ec467f-cc31-4bfa-bcba-5114f76fb415.root 382250 [780,779]
/store/data/Run2024F/ParkingVBF0/RAW/v1/000/382/250/00000/b7155e6c-a529-48f2-9c93-2be15dbd43e6.root 382250 [524,525]
/store/data/Run2024F/ParkingVBF0/RAW/v1/000/382/250/00000/b842d3d9-275c-450f-88a9-882297ea936a.root 382250 [730,729]
/store/data/Run2024F/ParkingVBF0/RAW/v1/000/382/250/00000/b894439d-d79d-4b70-9b90-c09a616f262f.root 382250 [753,754]
/store/data/Run2024F/ParkingVBF0/RAW/v1/000/382/250/00000/b8ae2662-5b4e-4056-99b4-0c26ff2bc0ef.root 382250 [187,188]
/store/data/Run2024F/ParkingVBF0/RAW/v1/000/382/250/00000/b8d83a15-b800-4188-a8ba-4c122f63b4d7.root 382250 [593,592]
/store/data/Run2024F/ParkingVBF0/RAW/v1/000/382/250/00000/b9b3f8f9-7fe3-414b-98f9-2cb7fe2f0233.root 382250 [633,632]
/store/data/Run2024F/ParkingVBF0/RAW/v1/000/382/250/00000/b9f91756-16df-4c1f-9939-ee38ca6d0285.root 382250 [195,196]
/store/data/Run2024F/ParkingVBF0/RAW/v1/000/382/250/00000/bacc6ab9-f389-45a6-a687-40f7c7d83149.root 382250 [498,497]
/store/data/Run2024F/ParkingVBF0/RAW/v1/000/382/250/00000/bb55926b-d78e-4fac-9af9-faafa4b8c387.root 382250 [817,816]
/store/data/Run2024F/ParkingVBF0/RAW/v1/000/382/250/00000/bb69e98c-bb55-4db8-9c4d-be3a9e9abc2a.root 382250 [759,760]
/store/data/Run2024F/ParkingVBF0/RAW/v1/000/382/250/00000/bdaf5b20-364c-40ea-8053-d8fd1c0c4e29.root 382250 [833,832]
/store/data/Run2024F/ParkingVBF0/RAW/v1/000/382/250/00000/be6f5bcf-486f-4afb-81f5-1a095a23884f.root 382250 [183,184]
/store/data/Run2024F/ParkingVBF0/RAW/v1/000/382/250/00000/bfb145f5-b962-4a8d-94b5-d14fe36cd8b0.root 382250 [489,490]
/store/data/Run2024F/ParkingVBF0/RAW/v1/000/382/250/00000/c0077197-3d46-4ee7-8897-a1a918d4ef84.root 382250 [104,105]
/store/data/Run2024F/ParkingVBF0/RAW/v1/000/382/250/00000/c04e2aaa-59e5-48d1-b13b-57a29f417f13.root 382250 [805,806,807]
/store/data/Run2024F/ParkingVBF0/RAW/v1/000/382/250/00000/c0a1173b-5c43-4f7b-a152-a772d1e533e4.root 382250 [758,757]
/store/data/Run2024F/ParkingVBF0/RAW/v1/000/382/250/00000/c0bc7bb3-0a74-4e8c-b9d9-ccf3bbfbd762.root 382250 [237,238]
/store/data/Run2024F/ParkingVBF0/RAW/v1/000/382/250/00000/c21de7c9-cc0b-4529-bb10-df6d6d150d9d.root 382250 [677,676]
/store/data/Run2024F/ParkingVBF0/RAW/v1/000/382/250/00000/c28f10fd-09fe-4355-b1df-576f7b568124.root 382250 [370,371]
/store/data/Run2024F/ParkingVBF0/RAW/v1/000/382/250/00000/c31dd177-3387-4f54-b7d5-801eee9c4f36.root 382250 [388,389]
/store/data/Run2024F/ParkingVBF0/RAW/v1/000/382/250/00000/c357fb63-3bdb-470c-806a-7bea1ff7127c.root 382250 [787,788]
/store/data/Run2024F/ParkingVBF0/RAW/v1/000/382/250/00000/c3cb671c-98e4-4dec-99a4-0d561618edc4.root 382250 [743,744]
/store/data/Run2024F/ParkingVBF0/RAW/v1/000/382/250/00000/c47fe82f-179b-4eca-9c5c-3f5312462152.root 382250 [473,474]
/store/data/Run2024F/ParkingVBF0/RAW/v1/000/382/250/00000/c489cba7-9b1c-4c3f-80ee-e66f2cf7531e.root 382250 [486,485]
/store/data/Run2024F/ParkingVBF0/RAW/v1/000/382/250/00000/c551e5a5-b73a-4b21-bf34-157274c3af5d.root 382250 [252,253]
/store/data/Run2024F/ParkingVBF0/RAW/v1/000/382/250/00000/c57cb0db-5f57-42c9-8a4f-0473821b1b06.root 382250 [559,558]
/store/data/Run2024F/ParkingVBF0/RAW/v1/000/382/250/00000/c596b653-8508-4529-8c37-e0b1b4b00298.root 382250 [655,654]
/store/data/Run2024F/ParkingVBF0/RAW/v1/000/382/250/00000/c5a0a87c-53be-4a63-931a-4b3c1f103cf9.root 382250 [297,298]
/store/data/Run2024F/ParkingVBF0/RAW/v1/000/382/250/00000/c8bef619-34c5-475b-9f66-4f404daa502f.root 382250 [670,671]
/store/data/Run2024F/ParkingVBF0/RAW/v1/000/382/250/00000/c90b009f-147c-4d71-b983-71196d7e34ba.root 382250 [452,453]
/store/data/Run2024F/ParkingVBF0/RAW/v1/000/382/250/00000/c99e5d57-05b1-4e04-b9ac-58cfe75f23f3.root 382250 [581,580]
/store/data/Run2024F/ParkingVBF0/RAW/v1/000/382/250/00000/ca3ab896-cf30-424d-b04a-a588e12b373a.root 382250 [598,599]
/store/data/Run2024F/ParkingVBF0/RAW/v1/000/382/250/00000/ca64a1b8-25e0-4fcb-a439-92b8bbd60228.root 382250 [89,86,88,87]
/store/data/Run2024F/ParkingVBF0/RAW/v1/000/382/250/00000/cab36302-ab45-4aab-9e24-2e2369c76328.root 382250 [828,829]
/store/data/Run2024F/ParkingVBF0/RAW/v1/000/382/250/00000/cb316f75-d190-4a6e-9d31-95158626e458.root 382250 [70,71,72,73]
/store/data/Run2024F/ParkingVBF0/RAW/v1/000/382/250/00000/ce2e83dd-348a-4f2b-998f-b01967469d9b.root 382250 [756,755]
/store/data/Run2024F/ParkingVBF0/RAW/v1/000/382/250/00000/ce479437-c346-4c4b-ad81-b874ab1185a8.root 382250 [768]
/store/data/Run2024F/ParkingVBF0/RAW/v1/000/382/250/00000/ce8146d3-a2b5-463f-9790-181aedb0dd90.root 382250 [839,838]
/store/data/Run2024F/ParkingVBF0/RAW/v1/000/382/250/00000/d0cd5e30-8824-48dc-9969-ed87a35944c4.root 382250 [358,359]
/store/data/Run2024F/ParkingVBF0/RAW/v1/000/382/250/00000/d20a57ad-5242-45f2-9dd6-ecdbe86825dc.root 382250 [687,686]
/store/data/Run2024F/ParkingVBF0/RAW/v1/000/382/250/00000/d26cd0af-b231-4709-ab7f-5e4c9c7262e4.root 382250 [736,735]
/store/data/Run2024F/ParkingVBF0/RAW/v1/000/382/250/00000/d35bb1e7-c820-44a6-89f2-d4eed6578c0a.root 382250 [78,81,80,79]
/store/data/Run2024F/ParkingVBF0/RAW/v1/000/382/250/00000/d4e71c2b-bba3-473f-94eb-fe3077f15692.root 382250 [802,801]
/store/data/Run2024F/ParkingVBF0/RAW/v1/000/382/250/00000/d51f94c6-0720-4d3b-bc08-048d4b9a06a6.root 382250 [146,145]
/store/data/Run2024F/ParkingVBF0/RAW/v1/000/382/250/00000/d526d4be-4025-4c75-9350-5005edf38b4f.root 382250 [191,192]
/store/data/Run2024F/ParkingVBF0/RAW/v1/000/382/250/00000/d54aa77e-e901-4851-91f5-3d781c968cbb.root 382250 [119,117,118]
/store/data/Run2024F/ParkingVBF0/RAW/v1/000/382/250/00000/d5f8d620-8649-43bd-902c-8d32efab312d.root 382250 [504,505]
/store/data/Run2024F/ParkingVBF0/RAW/v1/000/382/250/00000/d60bb174-a3f0-4420-b87d-1d853eb1a766.root 382250 [106,107]
/store/data/Run2024F/ParkingVBF0/RAW/v1/000/382/250/00000/d61d9b14-9562-490a-94e9-8f0670f0ed50.root 382250 [582,583]
/store/data/Run2024F/ParkingVBF0/RAW/v1/000/382/250/00000/d64164cd-3c35-46c3-ac84-79033575fe0b.root 382250 [395,394]
/store/data/Run2024F/ParkingVBF0/RAW/v1/000/382/250/00000/d74dca04-45e0-4f37-bb60-c22f4d20cd72.root 382250 [781,782]
/store/data/Run2024F/ParkingVBF0/RAW/v1/000/382/250/00000/d84366e4-6409-4b0d-95cd-d349d54d2d35.root 382250 [515,514]
/store/data/Run2024F/ParkingVBF0/RAW/v1/000/382/250/00000/d860fd19-de75-45c4-bbc8-2665601cedb4.root 382250 [112,111,113]
/store/data/Run2024F/ParkingVBF0/RAW/v1/000/382/250/00000/d8a415b6-1d52-4c48-8c3f-4d83642c8c0a.root 382250 [660,661]
/store/data/Run2024F/ParkingVBF0/RAW/v1/000/382/250/00000/d8a70824-e5d1-453d-a82b-8d834eef481f.root 382250 [331,330]
/store/data/Run2024F/ParkingVBF0/RAW/v1/000/382/250/00000/d8fe0ed3-4410-42f5-9446-b816d4a047cd.root 382250 [861,860]
/store/data/Run2024F/ParkingVBF0/RAW/v1/000/382/250/00000/da379b67-594d-4b66-9141-70b2b0d6d053.root 382250 [422,423]
/store/data/Run2024F/ParkingVBF0/RAW/v1/000/382/250/00000/db1284f5-4672-4550-9abd-143ccbfc7532.root 382250 [92,93,91,90]
/store/data/Run2024F/ParkingVBF0/RAW/v1/000/382/250/00000/dcd900dd-33c9-420d-a01b-5f9be9cd980c.root 382250 [719,718]
/store/data/Run2024F/ParkingVBF0/RAW/v1/000/382/250/00000/dea1c284-c6a3-48d0-b75d-38f792857995.root 382250 [275,274]
/store/data/Run2024F/ParkingVBF0/RAW/v1/000/382/250/00000/df02f67f-95ff-4dff-b8bc-2b4c62aa34f9.root 382250 [820,821]
/store/data/Run2024F/ParkingVBF0/RAW/v1/000/382/250/00000/df0f1b8b-2347-44e6-a380-5e6ce62c92e8.root 382250 [403,402]
/store/data/Run2024F/ParkingVBF0/RAW/v1/000/382/250/00000/df29fb7c-d1a1-433f-9580-02d854e7ab9b.root 382250 [536,537]
/store/data/Run2024F/ParkingVBF0/RAW/v1/000/382/250/00000/df4bd731-aa72-451c-b4a5-2e7d410ce30a.root 382250 [304,303]
/store/data/Run2024F/ParkingVBF0/RAW/v1/000/382/250/00000/e059d572-889d-4fdd-a200-d73d281b015a.root 382250 [503]
/store/data/Run2024F/ParkingVBF0/RAW/v1/000/382/250/00000/e1c8a111-f248-4f9c-b7d1-9daa14bb8d9c.root 382250 [772,771]
/store/data/Run2024F/ParkingVBF0/RAW/v1/000/382/250/00000/e290f470-f67e-4786-bf6d-404e9698b7d7.root 382250 [288,287]
/store/data/Run2024F/ParkingVBF0/RAW/v1/000/382/250/00000/e29e5f07-138d-48ca-8172-1f7ee4dfe815.root 382250 [849,848]
/store/data/Run2024F/ParkingVBF0/RAW/v1/000/382/250/00000/e31f6008-2f0b-4be0-84af-b9d64689e725.root 382250 [621,620]
/store/data/Run2024F/ParkingVBF0/RAW/v1/000/382/250/00000/e33cdc7f-fb2c-433b-97e0-e6cf7db490a5.root 382250 [691,690]
/store/data/Run2024F/ParkingVBF0/RAW/v1/000/382/250/00000/e38c3c05-b44f-4bcc-b408-76f95c5be601.root 382250 [144,143]
/store/data/Run2024F/ParkingVBF0/RAW/v1/000/382/250/00000/e3f65d0c-df66-4d28-ba60-43b06d9b0ff3.root 382250 [745,746]
/store/data/Run2024F/ParkingVBF0/RAW/v1/000/382/250/00000/e43429f0-848c-4a69-a608-9ca4a0ec2f6d.root 382250 [765]
/store/data/Run2024F/ParkingVBF0/RAW/v1/000/382/250/00000/e460be1b-d624-4a63-995c-8f6c1e60bc31.root 382250 [408,409]
/store/data/Run2024F/ParkingVBF0/RAW/v1/000/382/250/00000/e4770dc4-abaa-418d-bcb5-3361ada8b69b.root 382250 [211,212]
/store/data/Run2024F/ParkingVBF0/RAW/v1/000/382/250/00000/e4f60094-6813-408c-809e-4316f83b5fd5.root 382250 [177]
/store/data/Run2024F/ParkingVBF0/RAW/v1/000/382/250/00000/e5e4a367-2460-4a51-9117-c58d204d00c3.root 382250 [808,809]
/store/data/Run2024F/ParkingVBF0/RAW/v1/000/382/250/00000/e5e4b76d-4956-4ec1-ac89-a096194f9e38.root 382250 [888,889]
/store/data/Run2024F/ParkingVBF0/RAW/v1/000/382/250/00000/e5fff709-7ef6-47cf-a250-e3ee0212c090.root 382250 [346]
/store/data/Run2024F/ParkingVBF0/RAW/v1/000/382/250/00000/e69559ec-522e-44b1-9bfd-7de56f07f479.root 382250 [533,532]
/store/data/Run2024F/ParkingVBF0/RAW/v1/000/382/250/00000/e6b60d94-abec-459d-a5cd-07d31a6dd4e5.root 382250 [733,734]
/store/data/Run2024F/ParkingVBF0/RAW/v1/000/382/250/00000/e6cca2d7-76ee-4998-bfaf-2d233ced7bc4.root 382250 [393,392]
/store/data/Run2024F/ParkingVBF0/RAW/v1/000/382/250/00000/e7716ca1-2f6e-47f3-91fc-dac9cbbf48b1.root 382250 [174,173]
/store/data/Run2024F/ParkingVBF0/RAW/v1/000/382/250/00000/e7ac80c9-ca4b-4a53-b2c9-f267f76fa8f6.root 382250 [614,615]
/store/data/Run2024F/ParkingVBF0/RAW/v1/000/382/250/00000/e7bea3f3-787e-4c33-af1a-fd14b9499e9e.root 382250 [578,579]
/store/data/Run2024F/ParkingVBF0/RAW/v1/000/382/250/00000/e814894b-f5d7-4d49-bc79-e9de3070de07.root 382250 [416,417]
/store/data/Run2024F/ParkingVBF0/RAW/v1/000/382/250/00000/eb1d7f1d-4f59-4998-8814-cea8644c670b.root 382250 [440,441]
/store/data/Run2024F/ParkingVBF0/RAW/v1/000/382/250/00000/eb63374d-0037-4353-b80e-3d9d3bb8e62c.root 382250 [775,776]
/store/data/Run2024F/ParkingVBF0/RAW/v1/000/382/250/00000/ec262096-c99c-445b-a2ec-1d8221d3c17a.root 382250 [168,167]
/store/data/Run2024F/ParkingVBF0/RAW/v1/000/382/250/00000/ec98692d-e98d-491d-a7cb-1e62ec036b4b.root 382250 [694,695]
/store/data/Run2024F/ParkingVBF0/RAW/v1/000/382/250/00000/ed27bfab-d642-4c62-9f93-e31452e89f9a.root 382250 [612,613]
/store/data/Run2024F/ParkingVBF0/RAW/v1/000/382/250/00000/ed76869c-7a9d-4d6c-a10b-b2849ad70d8e.root 382250 [205,206]
/store/data/Run2024F/ParkingVBF0/RAW/v1/000/382/250/00000/edda9ebb-a2f6-49cd-b6c4-ebe462c38212.root 382250 [207,208]
/store/data/Run2024F/ParkingVBF0/RAW/v1/000/382/250/00000/eddd4ebc-98f4-4ae8-a956-6eb4de70273c.root 382250 [339,338]
/store/data/Run2024F/ParkingVBF0/RAW/v1/000/382/250/00000/ee024a15-12e1-4796-8dee-2c427b1bfad4.root 382250 [607,606]
/store/data/Run2024F/ParkingVBF0/RAW/v1/000/382/250/00000/ee31af57-f42a-417b-9d95-b6098bf41ee5.root 382250 [310,309]
/store/data/Run2024F/ParkingVBF0/RAW/v1/000/382/250/00000/efd1e856-d1ab-42ac-bb4f-1f3fe5a15c3e.root 382250 [518,519]
/store/data/Run2024F/ParkingVBF0/RAW/v1/000/382/250/00000/f00935da-82e0-4dc3-a404-a4c571b8d77c.root 382250 [134,133]
/store/data/Run2024F/ParkingVBF0/RAW/v1/000/382/250/00000/f07640a3-cb16-4d54-aa4a-e58c7c1c31eb.root 382250 [886,887]
/store/data/Run2024F/ParkingVBF0/RAW/v1/000/382/250/00000/f0c9469f-504c-469a-9a35-ca7d1a3db41a.root 382250 [623,622]
/store/data/Run2024F/ParkingVBF0/RAW/v1/000/382/250/00000/f11dc577-d0de-48c7-a6cc-8c2368e0b521.root 382250 [432,433]
/store/data/Run2024F/ParkingVBF0/RAW/v1/000/382/250/00000/f21ea182-4fa3-4aa5-a9fc-085182af97e0.root 382250 [495,496]
/store/data/Run2024F/ParkingVBF0/RAW/v1/000/382/250/00000/f22054fb-9308-4a42-9ef9-70e8b29fbcfa.root 382250 [747,748]
/store/data/Run2024F/ParkingVBF0/RAW/v1/000/382/250/00000/f315eb30-0845-471f-9bb3-eeef34dc9cac.root 382250 [778,777]
/store/data/Run2024F/ParkingVBF0/RAW/v1/000/382/250/00000/f3337348-2edd-47b9-a247-69e189b8b689.root 382250 [811,810]
/store/data/Run2024F/ParkingVBF0/RAW/v1/000/382/250/00000/f349f2cf-246a-461c-b1cf-32524a735140.root 382250 [159,160]
/store/data/Run2024F/ParkingVBF0/RAW/v1/000/382/250/00000/f34c646f-8bce-4f4b-ba24-715e2eb9c55e.root 382250 [202,201]
/store/data/Run2024F/ParkingVBF0/RAW/v1/000/382/250/00000/f359b533-0ff7-43ef-86d4-7dc5253b841c.root 382250 [264,265]
/store/data/Run2024F/ParkingVBF0/RAW/v1/000/382/250/00000/f528ea84-78aa-4d47-990c-65235bbe096f.root 382250 [824,825]
/store/data/Run2024F/ParkingVBF0/RAW/v1/000/382/250/00000/f558185e-4368-448b-9e46-81f93f595320.root 382250 [326,327]
/store/data/Run2024F/ParkingVBF0/RAW/v1/000/382/250/00000/f60610f5-884e-4371-9b94-d45b0c48b033.root 382250 [155,156]
/store/data/Run2024F/ParkingVBF0/RAW/v1/000/382/250/00000/f6656aa6-1760-45f6-8f2d-1e6b3482df66.root 382250 [870,871]
/store/data/Run2024F/ParkingVBF0/RAW/v1/000/382/250/00000/f69b9bb8-2a5e-41c5-8e5f-d7d87eedfb5f.root 382250 [401,400]
/store/data/Run2024F/ParkingVBF0/RAW/v1/000/382/250/00000/f76f00ab-47a6-4e24-bc9e-02ab23570c4d.root 382250 [340,341]
/store/data/Run2024F/ParkingVBF0/RAW/v1/000/382/250/00000/f7d0cf5b-70bc-4c86-a6f6-6fd6a26444a9.root 382250 [279,280]
/store/data/Run2024F/ParkingVBF0/RAW/v1/000/382/250/00000/f7d5a334-2390-441a-ae91-f989d2436ddd.root 382250 [634,635]
/store/data/Run2024F/ParkingVBF0/RAW/v1/000/382/250/00000/f86b0472-f2b0-4890-8b1a-25fa388b8952.root 382250 [626,627]
/store/data/Run2024F/ParkingVBF0/RAW/v1/000/382/250/00000/f8f45ba7-16a9-4ed5-8417-311ea8ec78cb.root 382250 [221,220]
/store/data/Run2024F/ParkingVBF0/RAW/v1/000/382/250/00000/fa9a5861-fa08-4dc5-acd0-cce98a054346.root 382250 [189,190]
/store/data/Run2024F/ParkingVBF0/RAW/v1/000/382/250/00000/faadcfa8-49d7-44ad-be45-0efcc9b19c71.root 382250 [882,883]
/store/data/Run2024F/ParkingVBF0/RAW/v1/000/382/250/00000/fabe82ab-b477-4289-b914-bed1ec0a88d5.root 382250 [478,477]
/store/data/Run2024F/ParkingVBF0/RAW/v1/000/382/250/00000/fbcc8176-cbfd-4231-9cbb-232192b734cf.root 382250 [154,153]
/store/data/Run2024F/ParkingVBF0/RAW/v1/000/382/250/00000/fcc92f0b-81de-4051-a4fb-f245723b3f94.root 382250 [108,109,110]
/store/data/Run2024F/ParkingVBF0/RAW/v1/000/382/250/00000/fcd6ca89-c2c6-480c-9397-be4a8d6201cb.root 382250 [742,741]
/store/data/Run2024F/ParkingVBF0/RAW/v1/000/382/250/00000/fd0fab9c-720b-47ee-b6af-6e1422cae904.root 382250 [439,438]
/store/data/Run2024F/ParkingVBF0/RAW/v1/000/382/250/00000/fd5b30f9-5c66-4bb9-a097-cd5914dbf2c4.root 382250 [412,413]
/store/data/Run2024F/ParkingVBF0/RAW/v1/000/382/250/00000/fd8e49cb-6da5-4867-a106-2fa1bababe3d.root 382250 [616,617]
/store/data/Run2024F/ParkingVBF0/RAW/v1/000/382/250/00000/fdd20538-98b8-4782-a61c-2a876e2ed34c.root 382250 [766,767]
/store/data/Run2024F/ParkingVBF0/RAW/v1/000/382/250/00000/fe1f6403-9328-4f2f-8401-fc93c4447118.root 382250 [484,483]
/store/data/Run2024F/ParkingVBF0/RAW/v1/000/382/250/00000/fe97e09d-64af-4c32-b03a-586c49ae04a5.root 382250 [217,216]
/store/data/Run2024F/ParkingVBF0/RAW/v1/000/382/250/00000/fef4a381-9ac1-456a-9c9a-77599bc2f8dd.root 382250 [856,857]
