/store/data/Run2017C/Charmonium/RAW/v1/000/301/998/00000/0018B74B-458E-E711-A962-02163E01A401.root [80,79,78,77]
/store/data/Run2017C/Charmonium/RAW/v1/000/301/998/00000/024C96E9-468E-E711-97A1-02163E01A62F.root [483,482,485,484]
/store/data/Run2017C/Charmonium/RAW/v1/000/301/998/00000/02E96C03-468E-E711-A672-02163E019C6B.root [433,430,431,432]
/store/data/Run2017C/Charmonium/RAW/v1/000/301/998/00000/02FD036D-458E-E711-B93F-02163E01A203.root [1009,1007,1011,1010,1012,1008]
/store/data/Run2017C/Charmonium/RAW/v1/000/301/998/00000/0417B78E-458E-E711-8037-02163E014176.root [291,289,288,292,290]
/store/data/Run2017C/Charmonium/RAW/v1/000/301/998/00000/043BB797-458E-E711-B477-02163E01A4E2.root [1164,1166,1163,1165,1168,1167]
/store/data/Run2017C/Charmonium/RAW/v1/000/301/998/00000/047DE210-468E-E711-890F-02163E01474C.root [775,776,774,772,773,777]
/store/data/Run2017C/Charmonium/RAW/v1/000/301/998/00000/0487AB89-458E-E711-B8FB-02163E01A740.root [259,260,261,258,262]
/store/data/Run2017C/Charmonium/RAW/v1/000/301/998/00000/04A71D88-468E-E711-BB26-02163E019D7E.root [732,734,735,733]
/store/data/Run2017C/Charmonium/RAW/v1/000/301/998/00000/04AC3F7B-458E-E711-8A3E-02163E0137A2.root [176,178,177,179]
/store/data/Run2017C/Charmonium/RAW/v1/000/301/998/00000/06498690-458E-E711-8B4D-02163E019C36.root [1576,1569,1571,1575,1577,1570,1574,1572,1573]
/store/data/Run2017C/Charmonium/RAW/v1/000/301/998/00000/0690B10E-468E-E711-8991-02163E0146C9.root [442,445,443,444]
/store/data/Run2017C/Charmonium/RAW/v1/000/301/998/00000/085772AD-458E-E711-BA9B-02163E019D24.root [1032,1036,1033,1035,1034,1031]
/store/data/Run2017C/Charmonium/RAW/v1/000/301/998/00000/0861FB88-458E-E711-A8C8-02163E014505.root [895,896,898,897,894,893]
/store/data/Run2017C/Charmonium/RAW/v1/000/301/998/00000/0A852363-458E-E711-AA74-02163E01213E.root [1132,1131,1128,1129,1130,1127]
/store/data/Run2017C/Charmonium/RAW/v1/000/301/998/00000/0C0978F1-458E-E711-96A7-02163E0144B9.root [402,404,405,403]
/store/data/Run2017C/Charmonium/RAW/v1/000/301/998/00000/0C3EA689-458E-E711-960A-02163E01A4CD.root [1434,1435,1437,1436,1438,1439]
/store/data/Run2017C/Charmonium/RAW/v1/000/301/998/00000/0CA2CFC9-458E-E711-8EAB-02163E019CC7.root [1341,1344,1342,1348,1343,1345,1346,1347]
/store/data/Run2017C/Charmonium/RAW/v1/000/301/998/00000/0CCFAE59-458E-E711-84B6-02163E01A41A.root [882,884,885,880,883,881]
/store/data/Run2017C/Charmonium/RAW/v1/000/301/998/00000/0E81607B-458E-E711-98ED-02163E01A589.root [1108,1104,1105,1106,1107,1103]
/store/data/Run2017C/Charmonium/RAW/v1/000/301/998/00000/0E8F3E80-458E-E711-B982-02163E01A34F.root [359,361,360,357,358]
/store/data/Run2017C/Charmonium/RAW/v1/000/301/998/00000/0E8F6607-468E-E711-A6F2-02163E01A1F7.root [535,536,534,537,538,539]
/store/data/Run2017C/Charmonium/RAW/v1/000/301/998/00000/0EA9E5EB-458E-E711-8D7D-02163E019BD0.root [434,437,436,435]
/store/data/Run2017C/Charmonium/RAW/v1/000/301/998/00000/0EFCC1A3-458E-E711-9906-02163E01A5A6.root [153,156,155,154]
/store/data/Run2017C/Charmonium/RAW/v1/000/301/998/00000/1022DB60-DA8C-E711-A6A9-02163E01A49A.root [63,64,65,62]
/store/data/Run2017C/Charmonium/RAW/v1/000/301/998/00000/12941946-468E-E711-9964-02163E01A560.root [473,475,474,472]
/store/data/Run2017C/Charmonium/RAW/v1/000/301/998/00000/12ADBA78-458E-E711-A265-02163E019DD8.root [151,149,150,152]
/store/data/Run2017C/Charmonium/RAW/v1/000/301/998/00000/12B3007D-458E-E711-86B5-02163E01281F.root [1637,1640,1632,1638,1635,1636,1639,1633,1634]
/store/data/Run2017C/Charmonium/RAW/v1/000/301/998/00000/12B4E351-468E-E711-A98F-02163E019DEB.root [814,817,819,815,816,818]
/store/data/Run2017C/Charmonium/RAW/v1/000/301/998/00000/143CA26E-458E-E711-9366-02163E011F93.root [266,265,267,263,264]
/store/data/Run2017C/Charmonium/RAW/v1/000/301/998/00000/1465C107-468E-E711-9B63-02163E011B92.root [545,543,544,541,540,542]
/store/data/Run2017C/Charmonium/RAW/v1/000/301/998/00000/182E0C73-458E-E711-B15A-02163E01A689.root [82,83,81,84]
/store/data/Run2017C/Charmonium/RAW/v1/000/301/998/00000/18FF3C52-468E-E711-ADDF-02163E0134E5.root [722,727,723,725,726,724]
/store/data/Run2017C/Charmonium/RAW/v1/000/301/998/00000/1A5B6A90-458E-E711-8807-02163E0143C8.root [1148,1150,1146,1149,1147,1145]
/store/data/Run2017C/Charmonium/RAW/v1/000/301/998/00000/1C03FF36-DA8C-E711-953A-02163E01A705.root [31,29,30,32]
/store/data/Run2017C/Charmonium/RAW/v1/000/301/998/00000/1CE6CC7D-458E-E711-9422-02163E019E7B.root [127,128,125,126]
/store/data/Run2017C/Charmonium/RAW/v1/000/301/998/00000/1E479C87-458E-E711-9A24-02163E019E22.root [351,348,347,349,350]
/store/data/Run2017C/Charmonium/RAW/v1/000/301/998/00000/1E4D072E-DA8C-E711-A9C1-02163E014210.root [69,67,68,66]
/store/data/Run2017C/Charmonium/RAW/v1/000/301/998/00000/1EC41A9B-458E-E711-9B18-02163E019B88.root [325,323,324,326,322]
/store/data/Run2017C/Charmonium/RAW/v1/000/301/998/00000/1EC5D519-DA8C-E711-8AAB-02163E0143E4.root [54,57,56,55]
/store/data/Run2017C/Charmonium/RAW/v1/000/301/998/00000/204D8681-458E-E711-AB33-02163E01A3B7.root [1136,1135,1138,1137,1133,1134]
/store/data/Run2017C/Charmonium/RAW/v1/000/301/998/00000/220E2368-458E-E711-BE9C-02163E01A38B.root [279,280,281,278,282]
/store/data/Run2017C/Charmonium/RAW/v1/000/301/998/00000/22A4EF6E-458E-E711-9781-02163E019DBF.root [352,355,353,356,354]
/store/data/Run2017C/Charmonium/RAW/v1/000/301/998/00000/2615FD7D-458E-E711-B5C0-02163E01A431.root [1116,1118,1119,1117,1115,1120]
/store/data/Run2017C/Charmonium/RAW/v1/000/301/998/00000/2640494C-468E-E711-A92B-02163E019C69.root [596,598,595,594,597,599]
/store/data/Run2017C/Charmonium/RAW/v1/000/301/998/00000/26A0B2D8-458E-E711-B3F5-02163E013621.root [422,423,424,425]
/store/data/Run2017C/Charmonium/RAW/v1/000/301/998/00000/26DF0BE1-458E-E711-8ADB-02163E01A353.root [468,469,470,471]
/store/data/Run2017C/Charmonium/RAW/v1/000/301/998/00000/28091C96-458E-E711-A6BA-02163E019C56.root [1666,1667,1671,1673,1672,1669,1665,1668,1670]
/store/data/Run2017C/Charmonium/RAW/v1/000/301/998/00000/288C015A-468E-E711-BA10-02163E01A765.root [637,636,641,640,638,639]
/store/data/Run2017C/Charmonium/RAW/v1/000/301/998/00000/2A4E1429-468E-E711-9D86-02163E0146D9.root [716,717,718,719,721,720]
/store/data/Run2017C/Charmonium/RAW/v1/000/301/998/00000/2A65E753-458E-E711-8E48-02163E01A665.root [941,944,942,943,945,946]
/store/data/Run2017C/Charmonium/RAW/v1/000/301/998/00000/2A77FCDB-458E-E711-B5E6-02163E01A1D9.root [1705,1704,1702,1703,1701]
/store/data/Run2017C/Charmonium/RAW/v1/000/301/998/00000/2ACBC018-468E-E711-A085-02163E014362.root [429,428,427,426]
/store/data/Run2017C/Charmonium/RAW/v1/000/301/998/00000/2ACFFB9D-458E-E711-9799-02163E019B9B.root [145,146,147,148]
/store/data/Run2017C/Charmonium/RAW/v1/000/301/998/00000/2AF2C5E7-458E-E711-B00C-02163E019B52.root [464,465,466,467]
/store/data/Run2017C/Charmonium/RAW/v1/000/301/998/00000/2C1ADBEE-BA8C-E711-9A14-02163E01A68E.root [20,18,19,17]
/store/data/Run2017C/Charmonium/RAW/v1/000/301/998/00000/2C2581BA-468E-E711-987D-02163E0134E9.root [603,604,600,605,601,602]
/store/data/Run2017C/Charmonium/RAW/v1/000/301/998/00000/2C6DEE74-458E-E711-8074-02163E014223.root [1304,1305,1301,1306,1302,1307,1308,1303]
/store/data/Run2017C/Charmonium/RAW/v1/000/301/998/00000/2C746763-458E-E711-B246-02163E01343B.root [294,297,295,293,296]
/store/data/Run2017C/Charmonium/RAW/v1/000/301/998/00000/2CFB0B8D-458E-E711-92D4-02163E0135E0.root [158,161,157,159,160]
/store/data/Run2017C/Charmonium/RAW/v1/000/301/998/00000/2E337166-458E-E711-B648-02163E012436.root [199,202,198,201,200]
/store/data/Run2017C/Charmonium/RAW/v1/000/301/998/00000/2E3B4B9D-458E-E711-A93D-02163E019DA0.root [362,364,363,366,365]
/store/data/Run2017C/Charmonium/RAW/v1/000/301/998/00000/306C6F55-458E-E711-B06E-02163E019BE3.root [1222,1220,1221,1224,1219,1223]
/store/data/Run2017C/Charmonium/RAW/v1/000/301/998/00000/30D572B7-7C8D-E711-B594-02163E01A423.root [1738,1756,1712,1713,1715,1725,1731,1734,1743,1750,1753,1724,1730,1735,1744,1751,1755,1757,1708,1710,1711,1714,1716,1717,1719,1720,1721,1742,1749,1709,1722,1723,1728,1732,1733,1747,1752,1754,1726,1741,1745,1746,1748,1718,1727,1740,1729,1736,1737,1739]
/store/data/Run2017C/Charmonium/RAW/v1/000/301/998/00000/30EF3368-458E-E711-9D09-02163E014192.root [1247,1245,1246,1249,1243,1248,1244]
/store/data/Run2017C/Charmonium/RAW/v1/000/301/998/00000/32425825-468E-E711-94BF-02163E01A6FE.root [530,531,528,529,532,533]
/store/data/Run2017C/Charmonium/RAW/v1/000/301/998/00000/32CBDF6A-458E-E711-9A20-02163E01A67E.root [286,283,285,284,287]
/store/data/Run2017C/Charmonium/RAW/v1/000/301/998/00000/32DBEE73-458E-E711-BF4F-02163E01A240.root [205,204,203,206,207]
/store/data/Run2017C/Charmonium/RAW/v1/000/301/998/00000/34161FCF-458E-E711-943B-02163E0144F9.root [368,367,371,369,370]
/store/data/Run2017C/Charmonium/RAW/v1/000/301/998/00000/3443E03F-468E-E711-9395-02163E01442E.root [553,554,552,555,556,557]
/store/data/Run2017C/Charmonium/RAW/v1/000/301/998/00000/347857BE-858D-E711-A675-02163E01420B.root [74,75,76]
/store/data/Run2017C/Charmonium/RAW/v1/000/301/998/00000/34ACFB7F-458E-E711-BCE8-02163E011DCF.root [337,341,340,339,338]
/store/data/Run2017C/Charmonium/RAW/v1/000/301/998/00000/365B952A-468E-E711-A603-02163E019D87.root [588,591,593,590,589,592]
/store/data/Run2017C/Charmonium/RAW/v1/000/301/998/00000/36B27A11-468E-E711-8C1A-02163E01A39B.root [698,700,699,697,701]
/store/data/Run2017C/Charmonium/RAW/v1/000/301/998/00000/38B0A81F-468E-E711-B12B-02163E011F8D.root [658,661,659,657,660]
/store/data/Run2017C/Charmonium/RAW/v1/000/301/998/00000/38D9D5A6-458E-E711-8C05-02163E019DCF.root [993,991,990,992,989,994]
/store/data/Run2017C/Charmonium/RAW/v1/000/301/998/00000/3A7E1F0F-DA8C-E711-AB2D-02163E011DD4.root [26,28,25,27]
/store/data/Run2017C/Charmonium/RAW/v1/000/301/998/00000/3AD63BBF-458E-E711-880C-02163E013718.root [1385,1383,1384,1379,1380,1381,1382]
/store/data/Run2017C/Charmonium/RAW/v1/000/301/998/00000/3C7B3FC9-458E-E711-914A-02163E014582.root [1466,1467,1464,1465,1469,1462,1468,1461,1463]
/store/data/Run2017C/Charmonium/RAW/v1/000/301/998/00000/3CBCD89E-458E-E711-9716-02163E01A248.root [1502,1504,1498,1499,1501,1497,1503,1505,1500]
/store/data/Run2017C/Charmonium/RAW/v1/000/301/998/00000/3CE43C68-458E-E711-A641-02163E019CA7.root [1518,1515,1517,1519,1521,1523,1516,1520,1522]
/store/data/Run2017C/Charmonium/RAW/v1/000/301/998/00000/3CFE464D-468E-E711-85EA-02163E0146D0.root [1493,1496,1488,1490,1495,1489,1491,1492,1494]
/store/data/Run2017C/Charmonium/RAW/v1/000/301/998/00000/3E76D694-458E-E711-8912-02163E019C27.root [119,118,117,120]
/store/data/Run2017C/Charmonium/RAW/v1/000/301/998/00000/3EC0F3FF-458E-E711-A691-02163E01A513.root [1263,1264,1266,1267,1265,1268]
/store/data/Run2017C/Charmonium/RAW/v1/000/301/998/00000/40155192-458E-E711-B5C7-02163E01A4F3.root [1589,1595,1591,1592,1593,1588,1594,1590,1587]
/store/data/Run2017C/Charmonium/RAW/v1/000/301/998/00000/40AC8395-468E-E711-BB3F-02163E01A487.root [575,570,572,573,571,574]
/store/data/Run2017C/Charmonium/RAW/v1/000/301/998/00000/40FC1C58-458E-E711-BA6C-02163E013889.root [97,100,98,99]
/store/data/Run2017C/Charmonium/RAW/v1/000/301/998/00000/42448B08-468E-E711-8EC7-02163E01440D.root [764,765,761,760,763,762]
/store/data/Run2017C/Charmonium/RAW/v1/000/301/998/00000/42A8FB15-468E-E711-8018-02163E01A36B.root [631,634,630,635,632,633]
/store/data/Run2017C/Charmonium/RAW/v1/000/301/998/00000/4454A8C0-458E-E711-8B0A-02163E019DF2.root [1544,1543,1547,1548,1550,1546,1542,1545,1549]
/store/data/Run2017C/Charmonium/RAW/v1/000/301/998/00000/44809D6D-458E-E711-A21F-02163E01A5FF.root [1237,1240,1241,1238,1239,1242]
/store/data/Run2017C/Charmonium/RAW/v1/000/301/998/00000/44EB8FA1-458E-E711-A871-02163E014736.root [395,396,394,397]
/store/data/Run2017C/Charmonium/RAW/v1/000/301/998/00000/463804D9-458E-E711-857E-02163E01A4C3.root [1555,1553,1558,1551,1556,1557,1559,1552,1554]
/store/data/Run2017C/Charmonium/RAW/v1/000/301/998/00000/4657479F-458E-E711-9697-02163E019CAD.root [1402,1398,1403,1399,1401,1400]
/store/data/Run2017C/Charmonium/RAW/v1/000/301/998/00000/46DD4859-458E-E711-A7AA-02163E019B30.root [319,321,318,320]
/store/data/Run2017C/Charmonium/RAW/v1/000/301/998/00000/4876B57E-458E-E711-ADAF-02163E01A1FF.root [1526,1528,1529,1532,1524,1525,1530,1531,1527]
/store/data/Run2017C/Charmonium/RAW/v1/000/301/998/00000/48C28472-458E-E711-BD3F-02163E01A575.root [1202,1204,1205,1206,1203,1201]
/store/data/Run2017C/Charmonium/RAW/v1/000/301/998/00000/4ADB6FDF-BA8C-E711-B391-02163E01A33D.root [1,4,2,3]
/store/data/Run2017C/Charmonium/RAW/v1/000/301/998/00000/4C018B65-458E-E711-A5EA-02163E0135D4.root [253,255,254,257,256]
/store/data/Run2017C/Charmonium/RAW/v1/000/301/998/00000/4C5D1A38-468E-E711-9D65-02163E01472C.root [692,696,693,694,695]
/store/data/Run2017C/Charmonium/RAW/v1/000/301/998/00000/4EB1EC6F-458E-E711-8598-02163E019D75.root [308,311,312,310,309]
/store/data/Run2017C/Charmonium/RAW/v1/000/301/998/00000/50EEDB6E-458E-E711-8DC4-02163E01201F.root [1445,1442,1441,1443,1444,1440]
/store/data/Run2017C/Charmonium/RAW/v1/000/301/998/00000/5239D117-BB8C-E711-9282-02163E013506.root [11,12,9,10]
/store/data/Run2017C/Charmonium/RAW/v1/000/301/998/00000/52987C8B-458E-E711-823B-02163E01A1FA.root [1151,1152,1155,1153,1154,1156]
/store/data/Run2017C/Charmonium/RAW/v1/000/301/998/00000/56A64764-C88C-E711-9900-02163E01A4B2.root [24,22,23,21]
/store/data/Run2017C/Charmonium/RAW/v1/000/301/998/00000/583BEDDF-458E-E711-9099-02163E01A745.root [874,876,877,878,875,879]
/store/data/Run2017C/Charmonium/RAW/v1/000/301/998/00000/587C5DED-458E-E711-900E-02163E0143B1.root [1535,1538,1537,1541,1534,1536,1539,1533,1540]
/store/data/Run2017C/Charmonium/RAW/v1/000/301/998/00000/589E8C23-468E-E711-AC56-02163E019E2F.root [834,837,836,832,833,835]
/store/data/Run2017C/Charmonium/RAW/v1/000/301/998/00000/58C0A557-458E-E711-B717-02163E01A235.root [1189,1192,1191,1193,1194,1190]
/store/data/Run2017C/Charmonium/RAW/v1/000/301/998/00000/58CB5AAB-458E-E711-8A09-02163E01A4B4.root [1211,1209,1212,1207,1210,1208]
/store/data/Run2017C/Charmonium/RAW/v1/000/301/998/00000/5C2D3303-468E-E711-8E27-02163E019B83.root [799,800,796,797,801,798]
/store/data/Run2017C/Charmonium/RAW/v1/000/301/998/00000/5E29F665-458E-E711-A896-02163E01A5F4.root [245,243,244,246,247]
/store/data/Run2017C/Charmonium/RAW/v1/000/301/998/00000/5E469BBC-458E-E711-8EEB-02163E01A377.root [382,383,385,384]
/store/data/Run2017C/Charmonium/RAW/v1/000/301/998/00000/5E5265F0-458E-E711-8F92-02163E0128BB.root [236,237,233,234,235]
/store/data/Run2017C/Charmonium/RAW/v1/000/301/998/00000/5E5A169C-458E-E711-9FFF-02163E019DA7.root [1088,1090,1087,1086,1089,1085]
/store/data/Run2017C/Charmonium/RAW/v1/000/301/998/00000/5E78F318-468E-E711-B6A7-02163E0144A3.root [344,345,342,343,346]
/store/data/Run2017C/Charmonium/RAW/v1/000/301/998/00000/5EE55059-458E-E711-B974-02163E019D88.root [214,215,217,216,213]
/store/data/Run2017C/Charmonium/RAW/v1/000/301/998/00000/60603D17-468E-E711-82B5-02163E014161.root [301,302,300,298,299]
/store/data/Run2017C/Charmonium/RAW/v1/000/301/998/00000/607B1F98-458E-E711-BBB4-02163E01A3E6.root [1174,1172,1171,1173,1170,1176,1169,1175]
/store/data/Run2017C/Charmonium/RAW/v1/000/301/998/00000/60804F7A-DA8C-E711-8D69-02163E01A600.root [50,53,51,52]
/store/data/Run2017C/Charmonium/RAW/v1/000/301/998/00000/60962B3E-468E-E711-BC23-02163E014535.root [488,489,490,486,487,491]
/store/data/Run2017C/Charmonium/RAW/v1/000/301/998/00000/60ADBD4B-498E-E711-95B9-02163E01386E.root [512,514,511,513,515,510]
/store/data/Run2017C/Charmonium/RAW/v1/000/301/998/00000/62CF5EDA-458E-E711-90B9-02163E019BE3.root [440,441,438,439]
/store/data/Run2017C/Charmonium/RAW/v1/000/301/998/00000/66907486-468E-E711-AD89-02163E014113.root [1761]
/store/data/Run2017C/Charmonium/RAW/v1/000/301/998/00000/66A10049-468E-E711-B098-02163E01A6F5.root [611,610,608,606,609,607]
/store/data/Run2017C/Charmonium/RAW/v1/000/301/998/00000/68B2B170-468E-E711-8D96-02163E01A55B.root [820,824,822,821,823,825]
/store/data/Run2017C/Charmonium/RAW/v1/000/301/998/00000/68CAB814-DA8C-E711-A9F2-02163E0144B9.root [41,39,40,38]
/store/data/Run2017C/Charmonium/RAW/v1/000/301/998/00000/6A15C67F-458E-E711-8E40-02163E01A6E4.root [1044,1048,1045,1043,1046,1047]
/store/data/Run2017C/Charmonium/RAW/v1/000/301/998/00000/6C761BC2-458E-E711-8DBB-02163E01363C.root [1606,1605,1609,1610,1611,1612,1607,1613,1608]
/store/data/Run2017C/Charmonium/RAW/v1/000/301/998/00000/6C8D7F73-468E-E711-9066-02163E01A649.root [494,495,493,492]
/store/data/Run2017C/Charmonium/RAW/v1/000/301/998/00000/6E036C8D-458E-E711-BA5F-02163E014491.root [193,196,197,195,194]
/store/data/Run2017C/Charmonium/RAW/v1/000/301/998/00000/703FEA11-468E-E711-A35D-02163E01394C.root [479,476,477,481,478,480]
/store/data/Run2017C/Charmonium/RAW/v1/000/301/998/00000/7054AFEC-458E-E711-AFBA-02163E01A73B.root [1296,1297,1295,1300,1294,1298,1293,1299]
/store/data/Run2017C/Charmonium/RAW/v1/000/301/998/00000/70BC205A-458E-E711-AD5E-02163E01A1CC.root [1458,1456,1452,1457,1454,1460,1453,1455,1459]
/store/data/Run2017C/Charmonium/RAW/v1/000/301/998/00000/70BDEC82-458E-E711-AB5E-02163E01A1DD.root [1016,1018,1013,1014,1015,1017]
/store/data/Run2017C/Charmonium/RAW/v1/000/301/998/00000/70C624BF-458E-E711-9C36-02163E01A4BF.root [275,277,276,273,274]
/store/data/Run2017C/Charmonium/RAW/v1/000/301/998/00000/70D4AC32-468E-E711-9702-02163E019D68.root [504,507,508,506,505,509]
/store/data/Run2017C/Charmonium/RAW/v1/000/301/998/00000/7604A2B2-458E-E711-9B70-02163E01A1C6.root [918,921,922,919,920,917]
/store/data/Run2017C/Charmonium/RAW/v1/000/301/998/00000/7666FE1B-468E-E711-B24E-02163E014132.root [446,448,447,449]
/store/data/Run2017C/Charmonium/RAW/v1/000/301/998/00000/76999D59-458E-E711-B9FF-02163E01A628.root [857,860,858,859,861,856]
/store/data/Run2017C/Charmonium/RAW/v1/000/301/998/00000/7880AAEE-468E-E711-B740-02163E01443B.root [136,135,134,133]
/store/data/Run2017C/Charmonium/RAW/v1/000/301/998/00000/7A87C20F-BB8C-E711-9BCE-02163E019B21.root [16,14,13,15]
/store/data/Run2017C/Charmonium/RAW/v1/000/301/998/00000/7C709354-458E-E711-8384-02163E01A43A.root [852,855,851,850,853,854]
/store/data/Run2017C/Charmonium/RAW/v1/000/301/998/00000/7CF47051-468E-E711-94E6-02163E01A247.root [615,614,613,612,617,616]
/store/data/Run2017C/Charmonium/RAW/v1/000/301/998/00000/7E375DB2-458E-E711-9CDC-02163E0144B1.root [1695,1696,1692,1694,1698,1697,1693,1699,1700]
/store/data/Run2017C/Charmonium/RAW/v1/000/301/998/00000/7EE96B19-468E-E711-BDE6-02163E01470A.root [406,407,409,408]
/store/data/Run2017C/Charmonium/RAW/v1/000/301/998/00000/80A45352-458E-E711-8216-02163E019B52.root [1054,1049,1050,1051,1053,1052]
/store/data/Run2017C/Charmonium/RAW/v1/000/301/998/00000/80ABEC29-468E-E711-A506-02163E019B91.root [842,843,840,839,838,841]
/store/data/Run2017C/Charmonium/RAW/v1/000/301/998/00000/80C31878-458E-E711-B7AD-02163E01A5A3.root [1273,1270,1274,1276,1271,1272,1275,1269]
/store/data/Run2017C/Charmonium/RAW/v1/000/301/998/00000/80E804B7-458E-E711-BC7D-02163E012931.root [1284,1277,1279,1280,1281,1282,1278,1283]
/store/data/Run2017C/Charmonium/RAW/v1/000/301/998/00000/8210795F-458E-E711-A043-02163E0122DE.root [111,112,110,109]
/store/data/Run2017C/Charmonium/RAW/v1/000/301/998/00000/8224A95C-458E-E711-9FE3-02163E019D4D.root [1256,1251,1255,1253,1250,1252,1254]
/store/data/Run2017C/Charmonium/RAW/v1/000/301/998/00000/822AEC3E-DA8C-E711-B9AD-02163E01A56E.root [70,73,71,72]
/store/data/Run2017C/Charmonium/RAW/v1/000/301/998/00000/82697A72-468E-E711-9F47-02163E012822.root [791,793,795,792,790,794]
/store/data/Run2017C/Charmonium/RAW/v1/000/301/998/00000/826CF4CD-458E-E711-97E3-02163E019B41.root [1478,1472,1474,1476,1470,1473,1471,1477,1475]
/store/data/Run2017C/Charmonium/RAW/v1/000/301/998/00000/82B5557E-458E-E711-BB67-02163E01A531.root [1142,1143,1144,1139,1141,1140]
/store/data/Run2017C/Charmonium/RAW/v1/000/301/998/00000/8430351C-468E-E711-B769-02163E01A5F6.root [564,567,566,565,568,569]
/store/data/Run2017C/Charmonium/RAW/v1/000/301/998/00000/8439675A-458E-E711-BDEA-02163E01A3BF.root [870,871,868,869,872,873]
/store/data/Run2017C/Charmonium/RAW/v1/000/301/998/00000/849C8BAA-458E-E711-8A8E-02163E01A48C.root [935,937,939,936,938,940]
/store/data/Run2017C/Charmonium/RAW/v1/000/301/998/00000/84E2CC73-458E-E711-BAEE-02163E019BC7.root [168,167,169,166,170]
/store/data/Run2017C/Charmonium/RAW/v1/000/301/998/00000/84F45678-458E-E711-8120-02163E01A509.root [1025,1026,1027,1030,1028,1029]
/store/data/Run2017C/Charmonium/RAW/v1/000/301/998/00000/86506898-DA8C-E711-9B55-02163E011EBA.root [36,37,34,35,33]
/store/data/Run2017C/Charmonium/RAW/v1/000/301/998/00000/869AB223-468E-E711-AF2D-02163E01A3DC.root [524,523,526,527,522,525]
/store/data/Run2017C/Charmonium/RAW/v1/000/301/998/00000/882714A7-458E-E711-9377-02163E019BD2.root [131,132,129,130]
/store/data/Run2017C/Charmonium/RAW/v1/000/301/998/00000/88E59094-458E-E711-8B3D-02163E01A257.root [180,181,183,182]
/store/data/Run2017C/Charmonium/RAW/v1/000/301/998/00000/8A67B234-468E-E711-B235-02163E019BAE.root [577,578,576,579,580,581]
/store/data/Run2017C/Charmonium/RAW/v1/000/301/998/00000/8C39BDA6-458E-E711-9EC7-02163E0141F4.root [108,107,106,105]
/store/data/Run2017C/Charmonium/RAW/v1/000/301/998/00000/8E1B178C-458E-E711-B6B9-02163E01A4FB.root [212,210,208,211,209]
/store/data/Run2017C/Charmonium/RAW/v1/000/301/998/00000/8E704865-458E-E711-89A6-02163E01A755.root [225,223,227,224,226]
/store/data/Run2017C/Charmonium/RAW/v1/000/301/998/00000/8EF73932-468E-E711-8B58-02163E0145FA.root [652,656,655,653,654]
/store/data/Run2017C/Charmonium/RAW/v1/000/301/998/00000/90851CA7-458E-E711-8EFE-02163E01A56C.root [142,141,144,143]
/store/data/Run2017C/Charmonium/RAW/v1/000/301/998/00000/90E04FD7-458E-E711-8138-02163E019B30.root [462,463,460,461]
/store/data/Run2017C/Charmonium/RAW/v1/000/301/998/00000/920EE17A-458E-E711-8460-02163E01473E.root [335,333,334,336,332]
/store/data/Run2017C/Charmonium/RAW/v1/000/301/998/00000/923F75F6-458E-E711-8B19-02163E013921.root [1157,1161,1162,1158,1160,1159]
/store/data/Run2017C/Charmonium/RAW/v1/000/301/998/00000/92FB1581-458E-E711-AAB1-02163E013749.root [1310,1312,1315,1309,1313,1314,1311,1316]
/store/data/Run2017C/Charmonium/RAW/v1/000/301/998/00000/9436F35B-468E-E711-98B4-02163E0144B4.root [419,420,418,421]
/store/data/Run2017C/Charmonium/RAW/v1/000/301/998/00000/94A7866B-468E-E711-ADF7-02163E013470.root [712,715,713,714]
/store/data/Run2017C/Charmonium/RAW/v1/000/301/998/00000/94E56D0A-468E-E711-A620-02163E01A4EA.root [416,417,414,415]
/store/data/Run2017C/Charmonium/RAW/v1/000/301/998/00000/96265323-468E-E711-A450-02163E01A588.root [626,627,625,624,629,628]
/store/data/Run2017C/Charmonium/RAW/v1/000/301/998/00000/9627BBF1-458E-E711-AA96-02163E012A42.root [380,378,381,379,377]
/store/data/Run2017C/Charmonium/RAW/v1/000/301/998/00000/9844D391-468E-E711-8463-02163E0135EB.root [787,789,788,784,785,786]
/store/data/Run2017C/Charmonium/RAW/v1/000/301/998/00000/98D77652-458E-E711-9BD1-02163E01A305.root [928,923,927,924,925,926]
/store/data/Run2017C/Charmonium/RAW/v1/000/301/998/00000/98FB31A5-458E-E711-9C09-02163E013958.root [1041,1039,1042,1038,1037,1040]
/store/data/Run2017C/Charmonium/RAW/v1/000/301/998/00000/9A29C716-468E-E711-A063-02163E0145E5.root [503,500,501,502]
/store/data/Run2017C/Charmonium/RAW/v1/000/301/998/00000/9A338413-468E-E711-B26E-02163E01466C.root [645,643,642,644,646]
/store/data/Run2017C/Charmonium/RAW/v1/000/301/998/00000/9ACBC49A-458E-E711-92EE-02163E01A6C7.root [1566,1564,1567,1563,1560,1562,1561,1565,1568]
/store/data/Run2017C/Charmonium/RAW/v1/000/301/998/00000/9AD80E99-458E-E711-A013-02163E019D45.root [304,305,307,303,306]
/store/data/Run2017C/Charmonium/RAW/v1/000/301/998/00000/9C10431B-468E-E711-B679-02163E01456D.root [808,813,810,809,812,811]
/store/data/Run2017C/Charmonium/RAW/v1/000/301/998/00000/9C14C662-458E-E711-B336-02163E01392B.root [114,116,113,115]
/store/data/Run2017C/Charmonium/RAW/v1/000/301/998/00000/9C522D68-458E-E711-B376-02163E01A506.root [1641,1651,1646,1643,1644,1645,1649,1647,1642,1648,1650]
/store/data/Run2017C/Charmonium/RAW/v1/000/301/998/00000/9C5F8878-458E-E711-9A43-02163E019E2C.root [186,185,187,184]
/store/data/Run2017C/Charmonium/RAW/v1/000/301/998/00000/9CE341B3-458E-E711-9E34-02163E019E58.root [390,392,391,393]
/store/data/Run2017C/Charmonium/RAW/v1/000/301/998/00000/9E42ED5A-468E-E711-9093-02163E01A5C2.root [684,683,685,686,682]
/store/data/Run2017C/Charmonium/RAW/v1/000/301/998/00000/9EF34812-468E-E711-9FE7-02163E0143E7.root [268,272,270,269,271]
/store/data/Run2017C/Charmonium/RAW/v1/000/301/998/00000/A0212AB1-458E-E711-A3E9-02163E019B7D.root [219,221,220,222,218]
/store/data/Run2017C/Charmonium/RAW/v1/000/301/998/00000/A08F0B80-458E-E711-8154-02163E0145BD.root [1351,1355,1350,1349,1356,1352,1353,1354]
/store/data/Run2017C/Charmonium/RAW/v1/000/301/998/00000/A289737B-458E-E711-A083-02163E01A410.root [934,932,933,929,930,931]
/store/data/Run2017C/Charmonium/RAW/v1/000/301/998/00000/A453CF67-458E-E711-8C09-02163E011B1B.root [956,957,954,953,958,955]
/store/data/Run2017C/Charmonium/RAW/v1/000/301/998/00000/A489120C-468E-E711-A2FC-02163E019BE4.root [829,827,828,830,831,826]
/store/data/Run2017C/Charmonium/RAW/v1/000/301/998/00000/A49DD9D6-458E-E711-92EC-02163E011800.root [412,410,411,413]
/store/data/Run2017C/Charmonium/RAW/v1/000/301/998/00000/A4D07693-458E-E711-9F3E-02163E014408.root [967,968,970,965,966,969]
/store/data/Run2017C/Charmonium/RAW/v1/000/301/998/00000/A6076E2B-468E-E711-8791-02163E01A296.root [778,779,782,783,780,781]
/store/data/Run2017C/Charmonium/RAW/v1/000/301/998/00000/A60E7B94-468E-E711-BBCD-02163E01A435.root [802,803,807,805,804,806]
/store/data/Run2017C/Charmonium/RAW/v1/000/301/998/00000/A686B9DE-458E-E711-9D9E-02163E012420.root [139,137,140,138]
/store/data/Run2017C/Charmonium/RAW/v1/000/301/998/00000/A8516061-458E-E711-906D-02163E0119FB.root [1231,1232,1234,1236,1235,1233]
/store/data/Run2017C/Charmonium/RAW/v1/000/301/998/00000/AAFD070A-DA8C-E711-9D7A-02163E011AFE.root [60,58,59,61]
/store/data/Run2017C/Charmonium/RAW/v1/000/301/998/00000/AC434F54-458E-E711-BB7A-02163E01A481.root [1616,1622,1614,1620,1617,1621,1619,1615,1618]
/store/data/Run2017C/Charmonium/RAW/v1/000/301/998/00000/AC686785-458E-E711-B8BD-02163E01A207.root [89,92,90,91]
/store/data/Run2017C/Charmonium/RAW/v1/000/301/998/00000/AC91C61F-468E-E711-9783-02163E011E35.root [562,563,559,560,561,558]
/store/data/Run2017C/Charmonium/RAW/v1/000/301/998/00000/AC938352-458E-E711-88A9-02163E01A3E4.root [995,996,997,998,999,1000]
/store/data/Run2017C/Charmonium/RAW/v1/000/301/998/00000/ACB56160-468E-E711-B391-02163E01A5D3.root [669,667,671,668,670]
/store/data/Run2017C/Charmonium/RAW/v1/000/301/998/00000/AE1A85D1-458E-E711-9B45-02163E0145BB.root [1021,1022,1019,1024,1020,1023]
/store/data/Run2017C/Charmonium/RAW/v1/000/301/998/00000/AEAC4920-468E-E711-8E23-02163E0146F3.root [748,751,750,749,752,753]
/store/data/Run2017C/Charmonium/RAW/v1/000/301/998/00000/AEF6156D-DA8C-E711-A69B-02163E01A20D.root [46,48,47,49]
/store/data/Run2017C/Charmonium/RAW/v1/000/301/998/00000/B00D24AC-458E-E711-A1A7-02163E0129F4.root [188,191,192,189,190]
/store/data/Run2017C/Charmonium/RAW/v1/000/301/998/00000/B0BCF467-468E-E711-9546-02163E019BD3.root [649,651,647,650,648]
/store/data/Run2017C/Charmonium/RAW/v1/000/301/998/00000/B0DF0F71-458E-E711-AE73-02163E01A6C8.root [1506,1508,1509,1512,1513,1507,1510,1511,1514]
/store/data/Run2017C/Charmonium/RAW/v1/000/301/998/00000/B0FFBD52-458E-E711-9B8C-02163E01A6F0.root [101,102,104,103]
/store/data/Run2017C/Charmonium/RAW/v1/000/301/998/00000/B4639464-458E-E711-9262-02163E011C63.root [1290,1285,1289,1287,1288,1286,1291,1292]
/store/data/Run2017C/Charmonium/RAW/v1/000/301/998/00000/B4A24C7C-458E-E711-8A59-02163E011BE3.root [1195,1197,1199,1196,1198,1200]
/store/data/Run2017C/Charmonium/RAW/v1/000/301/998/00000/B4B2C697-458E-E711-9F3B-02163E01A615.root [94,96,93,95]
/store/data/Run2017C/Charmonium/RAW/v1/000/301/998/00000/B4F70BC2-458E-E711-8044-02163E019C9B.root [123,122,124,121]
/store/data/Run2017C/Charmonium/RAW/v1/000/301/998/00000/B4FDAF8F-468E-E711-B023-02163E01A662.root [622,618,620,621,619,623]
/store/data/Run2017C/Charmonium/RAW/v1/000/301/998/00000/B615E992-458E-E711-B9D6-02163E0144F5.root [959,960,963,961,964,962]
/store/data/Run2017C/Charmonium/RAW/v1/000/301/998/00000/B6C0045E-458E-E711-9A4B-02163E01344D.root [1680,1674,1677,1678,1682,1676,1681,1675,1679]
/store/data/Run2017C/Charmonium/RAW/v1/000/301/998/00000/B80C8198-458E-E711-A235-02163E01A495.root [1325,1327,1328,1332,1326,1329,1331,1330]
/store/data/Run2017C/Charmonium/RAW/v1/000/301/998/00000/B8368541-468E-E711-A35C-02163E014352.root [845,847,849,844,846,848]
/store/data/Run2017C/Charmonium/RAW/v1/000/301/998/00000/B8D1897F-458E-E711-BA4E-02163E01A6AD.root [987,988,984,985,983,986]
/store/data/Run2017C/Charmonium/RAW/v1/000/301/998/00000/BA1768EA-BA8C-E711-8899-02163E011D0A.root [6,8,5,7]
/store/data/Run2017C/Charmonium/RAW/v1/000/301/998/00000/BA34A732-DA8C-E711-94B5-02163E01A4BE.root [44,45,42,43]
/store/data/Run2017C/Charmonium/RAW/v1/000/301/998/00000/BAC82978-458E-E711-8930-02163E0119D5.root [1370,1366,1369,1371,1365,1367,1368,1372]
/store/data/Run2017C/Charmonium/RAW/v1/000/301/998/00000/BAEDDF79-458E-E711-9426-02163E01A4A7.root [1388,1391,1387,1389,1390,1386]
/store/data/Run2017C/Charmonium/RAW/v1/000/301/998/00000/BC966A16-468E-E711-9DA8-02163E01420A.root [548,550,549,551,546,547]
/store/data/Run2017C/Charmonium/RAW/v1/000/301/998/00000/BCAD752B-468E-E711-BBAF-02163E0133A7.root [737,738,740,739,736,741]
/store/data/Run2017C/Charmonium/RAW/v1/000/301/998/00000/BE4FB868-458E-E711-A085-02163E019C4C.root [1687,1683,1689,1690,1684,1686,1685,1688,1691]
/store/data/Run2017C/Charmonium/RAW/v1/000/301/998/00000/BE7D1097-458E-E711-9D17-02163E01A6DB.root [1603,1596,1597,1600,1598,1602,1601,1599,1604]
/store/data/Run2017C/Charmonium/RAW/v1/000/301/998/00000/BE972B7B-458E-E711-BBE8-02163E019C51.root [913,911,915,916,912,914]
/store/data/Run2017C/Charmonium/RAW/v1/000/301/998/00000/C0F20364-458E-E711-9144-02163E0143E4.root [1062,1063,1061,1065,1064,1066]
/store/data/Run2017C/Charmonium/RAW/v1/000/301/998/00000/C0F7BC55-458E-E711-A976-02163E019E34.root [1178,1180,1177,1179,1181,1182]
/store/data/Run2017C/Charmonium/RAW/v1/000/301/998/00000/C40134BC-458E-E711-A70F-02163E012829.root [864,866,867,865,862,863]
/store/data/Run2017C/Charmonium/RAW/v1/000/301/998/00000/C48ADB63-458E-E711-9FDA-02163E01A74A.root [1101,1100,1097,1098,1102,1099]
/store/data/Run2017C/Charmonium/RAW/v1/000/301/998/00000/C840E602-468E-E711-9ECC-02163E0143A9.root [1373,1375,1378,1376,1374,1377]
/store/data/Run2017C/Charmonium/RAW/v1/000/301/998/00000/C8ADF185-458E-E711-AF18-02163E019CB5.root [1067,1069,1070,1072,1068,1071]
/store/data/Run2017C/Charmonium/RAW/v1/000/301/998/00000/CA044854-458E-E711-8CF0-02163E01A6AE.root [1656,1658,1660,1653,1654,1659,1663,1655,1657,1664,1661,1652,1662]
/store/data/Run2017C/Charmonium/RAW/v1/000/301/998/00000/CA106F7B-458E-E711-BE2F-02163E019DE3.root [165,162,163,164]
/store/data/Run2017C/Charmonium/RAW/v1/000/301/998/00000/CA127626-468E-E711-900A-02163E014421.root [674,673,676,672,675]
/store/data/Run2017C/Charmonium/RAW/v1/000/301/998/00000/CA644D7B-458E-E711-9DDC-02163E01A63E.root [1183,1187,1186,1184,1188,1185]
/store/data/Run2017C/Charmonium/RAW/v1/000/301/998/00000/CAD2B530-468E-E711-9D05-02163E01A4C9.root [972,973,975,976,971,974]
/store/data/Run2017C/Charmonium/RAW/v1/000/301/998/00000/CC3C745F-478E-E711-99F4-02163E012987.root [1058,1060,1056,1057,1059,1055]
/store/data/Run2017C/Charmonium/RAW/v1/000/301/998/00000/CE0C82B8-458E-E711-96B4-02163E01376C.root [249,250,252,251,248]
/store/data/Run2017C/Charmonium/RAW/v1/000/301/998/00000/CE65A324-468E-E711-A69D-02163E01A507.root [687,688,691,689,690]
/store/data/Run2017C/Charmonium/RAW/v1/000/301/998/00000/D2D60760-458E-E711-A338-02163E011A15.root [1624,1627,1626,1631,1628,1630,1629,1623,1625]
/store/data/Run2017C/Charmonium/RAW/v1/000/301/998/00000/D469F1AE-458E-E711-AAB9-02163E0143A4.root [980,978,977,979,981,982]
/store/data/Run2017C/Charmonium/RAW/v1/000/301/998/00000/D4D6DBBB-458E-E711-BE1D-02163E01352A.root [1448,1451,1446,1449,1450,1447]
/store/data/Run2017C/Charmonium/RAW/v1/000/301/998/00000/D6426E84-458E-E711-88EE-02163E014562.root [374,372,373,375,376]
/store/data/Run2017C/Charmonium/RAW/v1/000/301/998/00000/D684FA73-468E-E711-9915-02163E01272A.root [681,677,680,678,679]
/store/data/Run2017C/Charmonium/RAW/v1/000/301/998/00000/D6AE3CD0-4B8E-E711-93B6-02163E01372A.root [228,230,231,232,229]
/store/data/Run2017C/Charmonium/RAW/v1/000/301/998/00000/D6BE844B-468E-E711-A0B7-02163E019C09.root [729,731,728,730]
/store/data/Run2017C/Charmonium/RAW/v1/000/301/998/00000/D6EE429F-458E-E711-BFA5-02163E01A299.root [315,316,317,314,313]
/store/data/Run2017C/Charmonium/RAW/v1/000/301/998/00000/D815C77D-468E-E711-B79B-02163E01A379.root [456,458,459,457]
/store/data/Run2017C/Charmonium/RAW/v1/000/301/998/00000/D8D3B865-458E-E711-8EDC-02163E0136CA.root [1415,1412,1411,1413,1414,1410]
/store/data/Run2017C/Charmonium/RAW/v1/000/301/998/00000/DA19AC6B-458E-E711-A94A-02163E019DF3.root [887,888,886,889,890,891,892]
/store/data/Run2017C/Charmonium/RAW/v1/000/301/998/00000/DC26018F-458E-E711-AD94-02163E011F68.root [1580,1584,1578,1579,1585,1583,1581,1582,1586]
/store/data/Run2017C/Charmonium/RAW/v1/000/301/998/00000/DC693800-468E-E711-8DDA-02163E019C58.root [907,909,908,905,906,910]
/store/data/Run2017C/Charmonium/RAW/v1/000/301/998/00000/DC7F6072-458E-E711-891A-02163E019DAB.root [1217,1213,1214,1215,1216,1218]
/store/data/Run2017C/Charmonium/RAW/v1/000/301/998/00000/DCDC7573-458E-E711-99E2-02163E019D00.root [1487,1482,1486,1483,1480,1484,1481,1485,1479]
/store/data/Run2017C/Charmonium/RAW/v1/000/301/998/00000/E624B375-458E-E711-8573-02163E011904.root [1082,1081,1083,1084,1080,1079]
/store/data/Run2017C/Charmonium/RAW/v1/000/301/998/00000/E6261E53-468E-E711-B233-02163E019DD1.root [757,755,756,759,758,754]
/store/data/Run2017C/Charmonium/RAW/v1/000/301/998/00000/E6684A9F-458E-E711-B75C-02163E019E45.root [241,240,238,239,242]
/store/data/Run2017C/Charmonium/RAW/v1/000/301/998/00000/E67C7D43-468E-E711-9167-02163E01A498.root [584,582,583,585,586,587]
/store/data/Run2017C/Charmonium/RAW/v1/000/301/998/00000/E6908091-458E-E711-815B-02163E011EE1.root [173,174,171,172,175]
/store/data/Run2017C/Charmonium/RAW/v1/000/301/998/00000/E6D01765-458E-E711-9560-02163E01A4E9.root [948,949,951,952,947,950]
/store/data/Run2017C/Charmonium/RAW/v1/000/301/998/00000/E6EB8300-468E-E711-BD70-02163E01A5EA.root [743,742,744,746,745,747]
/store/data/Run2017C/Charmonium/RAW/v1/000/301/998/00000/E840AED8-468E-E711-A210-02163E011F59.root [496,497,498,499]
/store/data/Run2017C/Charmonium/RAW/v1/000/301/998/00000/E8D6ACA9-458E-E711-A816-02163E013498.root [398,399,400,401]
/store/data/Run2017C/Charmonium/RAW/v1/000/301/998/00000/E8F10C98-458E-E711-A2F5-02163E01A201.root [1004,1005,1003,1006,1002,1001]
/store/data/Run2017C/Charmonium/RAW/v1/000/301/998/00000/EC1EC422-468E-E711-9228-02163E01A31F.root [666,663,664,662,665]
/store/data/Run2017C/Charmonium/RAW/v1/000/301/998/00000/EC6CD1C7-458E-E711-AA24-02163E01A3C1.root [1122,1124,1126,1121,1123,1125]
/store/data/Run2017C/Charmonium/RAW/v1/000/301/998/00000/ECA52221-498E-E711-9EFA-02163E011EF6.root [453,450,454,451,452,455]
/store/data/Run2017C/Charmonium/RAW/v1/000/301/998/00000/EE3CF3A6-458E-E711-A953-02163E0146C0.root [386,387,388,389]
/store/data/Run2017C/Charmonium/RAW/v1/000/301/998/00000/EE6CCE5F-458E-E711-8F66-02163E01A793.root [1339,1333,1334,1337,1338,1340,1335,1336]
/store/data/Run2017C/Charmonium/RAW/v1/000/301/998/00000/EEABAC6A-458E-E711-9A18-02163E0140EE.root [1262,1258,1261,1259,1260,1257]
/store/data/Run2017C/Charmonium/RAW/v1/000/301/998/00000/EED70A68-458E-E711-A86E-02163E0144EE.root [1424,1422,1425,1427,1423,1426]
/store/data/Run2017C/Charmonium/RAW/v1/000/301/998/00000/F0A9602E-468E-E711-8F51-02163E01A2C8.root [702,703,705,704]
/store/data/Run2017C/Charmonium/RAW/v1/000/301/998/00000/F2835D19-468E-E711-B051-02163E01A305.root [711,707,708,710,706,709]
/store/data/Run2017C/Charmonium/RAW/v1/000/301/998/00000/F28A226C-458E-E711-935C-02163E0118FB.root [904,902,903,900,899,901]
/store/data/Run2017C/Charmonium/RAW/v1/000/301/998/00000/F2E9448B-458E-E711-A959-02163E019E78.root [86,88,87,85]
/store/data/Run2017C/Charmonium/RAW/v1/000/301/998/00000/F2F3A0DD-468E-E711-A35A-02163E01392A.root [519,520,518,516,517,521]
/store/data/Run2017C/Charmonium/RAW/v1/000/301/998/00000/F2FD4175-458E-E711-95C4-02163E019D93.root [1319,1320,1323,1322,1324,1317,1318,1321]
/store/data/Run2017C/Charmonium/RAW/v1/000/301/998/00000/F45B64B1-458E-E711-A51F-02163E01A551.root [1358,1362,1364,1361,1359,1363,1357,1360]
/store/data/Run2017C/Charmonium/RAW/v1/000/301/998/00000/F4C3ECDE-458E-E711-8273-02163E014282.root [1394,1392,1396,1397,1395,1393]
/store/data/Run2017C/Charmonium/RAW/v1/000/301/998/00000/F657C566-458E-E711-A66B-02163E019CAB.root [1073,1076,1075,1077,1078,1074]
/store/data/Run2017C/Charmonium/RAW/v1/000/301/998/00000/F6683B5D-458E-E711-9691-02163E01A710.root [1404,1408,1405,1409,1406,1407]
/store/data/Run2017C/Charmonium/RAW/v1/000/301/998/00000/F689D38F-458E-E711-A9E0-02163E01A2CD.root [1094,1095,1091,1096,1092,1093]
/store/data/Run2017C/Charmonium/RAW/v1/000/301/998/00000/F6E52B6C-468E-E711-8A3A-02163E01475C.root [766,771,767,770,768,769]
/store/data/Run2017C/Charmonium/RAW/v1/000/301/998/00000/F8CD65D0-458E-E711-9864-02163E01A6F4.root [1229,1228,1226,1230,1225,1227]
/store/data/Run2017C/Charmonium/RAW/v1/000/301/998/00000/FA9E0365-458E-E711-BC80-02163E01A6DA.root [1113,1114,1110,1111,1109,1112]
/store/data/Run2017C/Charmonium/RAW/v1/000/301/998/00000/FE332F7D-458E-E711-BCEF-02163E019CC3.root [327,329,328,330,331]
/store/data/Run2017C/Charmonium/RAW/v1/000/301/998/00000/FE862D81-458E-E711-B55B-02163E01A210.root [1419,1418,1421,1417,1420,1416]
/store/data/Run2017C/Charmonium/RAW/v1/000/301/998/00000/FEA3067C-458E-E711-BDB7-02163E01A366.root [1432,1429,1428,1430,1431,1433]
