/store/data/Run2022D/DisplacedJet/RAW/v1/000/357/538/00000/68e678e7-1c5a-4ca3-85ce-1fed527ed588.root 357538 [50,53,55,56,52,57,54,49,51]
/store/data/Run2022D/DisplacedJet/RAW/v1/000/357/538/00000/90d60cd6-a497-48a6-aa74-a8badc690144.root 357538 [4,12,15,45,47,1,7,2,6,25,32,3,5,8,14,26,29,31,34,36,39,40,44,16,19,20,27,41,43,48,9,10,13,17,22,23,42,46,11,21,30,33,37,18,24,28,35,38]
/store/data/Run2022D/DisplacedJet/RAW/v1/000/357/538/00000/f9d66baa-5a29-452c-960f-65b0ec70d825.root 357538 [64,63,60,58,62,59,61]
/store/data/Run2022D/DisplacedJet/RAW/v1/000/357/542/00000/04d2d471-9238-453e-827d-9a98df9f3f77.root 357542 [34,35,33]
/store/data/Run2022D/DisplacedJet/RAW/v1/000/357/542/00000/05e60516-1d5f-42a9-9213-2d66d9710808.root 357542 [225,224,223]
/store/data/Run2022D/DisplacedJet/RAW/v1/000/357/542/00000/071b3fb4-308b-46a5-b5bb-4e1e73858087.root 357542 [219,217,218]
/store/data/Run2022D/DisplacedJet/RAW/v1/000/357/542/00000/09fa1c6e-89ba-44d9-a959-0ad5d0e007d8.root 357542 [60,61]
/store/data/Run2022D/DisplacedJet/RAW/v1/000/357/542/00000/0c083c24-0298-49c6-b024-7aac60c3ffc0.root 357542 [22,24,23,25]
/store/data/Run2022D/DisplacedJet/RAW/v1/000/357/542/00000/0df79108-32ed-42f4-a2fe-c4d72ef6f127.root 357542 [77,76]
/store/data/Run2022D/DisplacedJet/RAW/v1/000/357/542/00000/0ec62a36-def9-47d8-aacb-84e74ee7108a.root 357542 [124,121,122,123,125]
/store/data/Run2022D/DisplacedJet/RAW/v1/000/357/542/00000/1135beb9-3729-4e4f-bd8a-e5b04d5530d4.root 357542 [159,158]
/store/data/Run2022D/DisplacedJet/RAW/v1/000/357/542/00000/1355ef5d-055a-40cc-a582-58f0f617fb93.root 357542 [91,90]
/store/data/Run2022D/DisplacedJet/RAW/v1/000/357/542/00000/166d3099-d18d-4518-a20f-6674a8cdf558.root 357542 [183,184]
/store/data/Run2022D/DisplacedJet/RAW/v1/000/357/542/00000/17247533-1ce8-440a-8609-f673406ffe69.root 357542 [66,67]
/store/data/Run2022D/DisplacedJet/RAW/v1/000/357/542/00000/17c054fd-c7f3-446c-80a5-38d1d38b7040.root 357542 [150,151,149]
/store/data/Run2022D/DisplacedJet/RAW/v1/000/357/542/00000/1ae57d38-0c95-49ed-aa6c-424bf6f03d8f.root 357542 [188,190,189]
/store/data/Run2022D/DisplacedJet/RAW/v1/000/357/542/00000/203785a0-2b38-408e-85f9-010b21e65b41.root 357542 [28,27,26]
/store/data/Run2022D/DisplacedJet/RAW/v1/000/357/542/00000/26163ef5-d7ff-45e9-be30-05772d8ab90e.root 357542 [98,99]
/store/data/Run2022D/DisplacedJet/RAW/v1/000/357/542/00000/2701ce80-d730-450c-9736-9e384fd7a255.root 357542 [208,210,209]
/store/data/Run2022D/DisplacedJet/RAW/v1/000/357/542/00000/2c165332-b372-4f5e-896d-5a6535111cda.root 357542 [13,12,14,16,15]
/store/data/Run2022D/DisplacedJet/RAW/v1/000/357/542/00000/2dbed54e-219f-4275-997a-f80e330ad45c.root 357542 [75,74]
/store/data/Run2022D/DisplacedJet/RAW/v1/000/357/542/00000/2fc9a749-9964-48a3-aaf2-32eec658e14c.root 357542 [154,155]
/store/data/Run2022D/DisplacedJet/RAW/v1/000/357/542/00000/30d12a07-012c-4f12-aaa2-b6ab770ea5c0.root 357542 [64,65]
/store/data/Run2022D/DisplacedJet/RAW/v1/000/357/542/00000/31b9ea55-fd31-4b50-9791-6991ed049216.root 357542 [19,20,21,17,18]
/store/data/Run2022D/DisplacedJet/RAW/v1/000/357/542/00000/3224d015-cad1-45b8-9151-0d8d6c399e98.root 357542 [138,142,140,141,139,143]
/store/data/Run2022D/DisplacedJet/RAW/v1/000/357/542/00000/34836482-4714-47d5-bb51-f8e85d64b039.root 357542 [69,68]
/store/data/Run2022D/DisplacedJet/RAW/v1/000/357/542/00000/3501860f-23d3-49f3-a09e-c11eb3680561.root 357542 [78,79]
/store/data/Run2022D/DisplacedJet/RAW/v1/000/357/542/00000/36d94ccb-4578-4eb1-bdd5-4e12f8f0b897.root 357542 [204,203,205]
/store/data/Run2022D/DisplacedJet/RAW/v1/000/357/542/00000/37e8f07b-79b0-46a9-a5e6-cd6c01dc1200.root 357542 [39,40]
/store/data/Run2022D/DisplacedJet/RAW/v1/000/357/542/00000/391fa87d-4c99-449f-8d89-91521ca840e9.root 357542 [144,145]
/store/data/Run2022D/DisplacedJet/RAW/v1/000/357/542/00000/3a7ae53e-5164-4492-a57a-c6956d7e4d11.root 357542 [73,72]
/store/data/Run2022D/DisplacedJet/RAW/v1/000/357/542/00000/4022b280-a2e6-4db0-999f-2d23afd65337.root 357542 [112,113]
/store/data/Run2022D/DisplacedJet/RAW/v1/000/357/542/00000/42620a5d-4e5c-4669-8a68-de7355e89f52.root 357542 [172,173]
/store/data/Run2022D/DisplacedJet/RAW/v1/000/357/542/00000/48cfaa11-aa21-466c-b670-c61d3cfff99f.root 357542 [97,96]
/store/data/Run2022D/DisplacedJet/RAW/v1/000/357/542/00000/51675b6b-8846-4c49-9012-4549c27c21c0.root 357542 [87,86]
/store/data/Run2022D/DisplacedJet/RAW/v1/000/357/542/00000/5757a84e-c59a-4cf9-bfb9-25423af2b827.root 357542 [229,231,230]
/store/data/Run2022D/DisplacedJet/RAW/v1/000/357/542/00000/589ae445-f047-4996-9c73-16b73a1d87d7.root 357542 [62,63]
/store/data/Run2022D/DisplacedJet/RAW/v1/000/357/542/00000/5b178bde-6efc-493f-b62e-6fcdb8c6317c.root 357542 [247,248,249]
/store/data/Run2022D/DisplacedJet/RAW/v1/000/357/542/00000/5fe49c3e-eae4-40d9-8296-c1d2b745704c.root 357542 [202,200,201]
/store/data/Run2022D/DisplacedJet/RAW/v1/000/357/542/00000/6183fe04-9b36-4361-830e-2778a6eeecd5.root 357542 [148,147,146]
/store/data/Run2022D/DisplacedJet/RAW/v1/000/357/542/00000/67b6964a-c19a-441c-983c-a02118f30667.root 357542 [52,53,51]
/store/data/Run2022D/DisplacedJet/RAW/v1/000/357/542/00000/68155d81-76a7-4a87-ae96-c10b17125968.root 357542 [102,103]
/store/data/Run2022D/DisplacedJet/RAW/v1/000/357/542/00000/68e61dca-e172-4c3e-bfbb-a74c3fca4ffe.root 357542 [243,241,242]
/store/data/Run2022D/DisplacedJet/RAW/v1/000/357/542/00000/6d1b373b-42d8-4dc5-8ceb-8ce1acf58221.root 357542 [70,71]
/store/data/Run2022D/DisplacedJet/RAW/v1/000/357/542/00000/6e3df570-f49e-43f3-a80a-b6e9049e0688.root 357542 [179,178]
/store/data/Run2022D/DisplacedJet/RAW/v1/000/357/542/00000/72bd0fda-671f-44e6-bd4f-38cc5dfaa768.root 357542 [165,164]
/store/data/Run2022D/DisplacedJet/RAW/v1/000/357/542/00000/75303644-6d78-4865-b76e-4d8113d14834.root 357542 [81,80]
/store/data/Run2022D/DisplacedJet/RAW/v1/000/357/542/00000/76dc4b0b-5401-416f-be43-963618f162b4.root 357542 [170,171]
/store/data/Run2022D/DisplacedJet/RAW/v1/000/357/542/00000/7d4df426-0aed-4a71-847d-9986aa0e0c93.root 357542 [213,212,211]
/store/data/Run2022D/DisplacedJet/RAW/v1/000/357/542/00000/7e39511e-e337-4e3d-9d04-4a7ad8d8ce03.root 357542 [105,104]
/store/data/Run2022D/DisplacedJet/RAW/v1/000/357/542/00000/80db5634-1386-4bbd-850b-2c21f7c19ee1.root 357542 [226,227,228]
/store/data/Run2022D/DisplacedJet/RAW/v1/000/357/542/00000/881d5dcc-1951-41b4-a0bb-31196ab17111.root 357542 [192,191,193]
/store/data/Run2022D/DisplacedJet/RAW/v1/000/357/542/00000/8ef3e00b-5336-4f13-b82f-e171f4a0a1a1.root 357542 [59,58]
/store/data/Run2022D/DisplacedJet/RAW/v1/000/357/542/00000/91c135bf-4d41-4b81-bee3-aa86ee6c6591.root 357542 [9,11,7,10,8]
/store/data/Run2022D/DisplacedJet/RAW/v1/000/357/542/00000/9570c9bb-a9c3-4266-85c5-6f7adf35b39d.root 357542 [175,174]
/store/data/Run2022D/DisplacedJet/RAW/v1/000/357/542/00000/95ab74c1-ac40-42ab-9ca6-7a7512761394.root 357542 [88,89]
/store/data/Run2022D/DisplacedJet/RAW/v1/000/357/542/00000/982d2b28-eb08-45d1-8da3-719e8e475bba.root 357542 [31,30,32,29]
/store/data/Run2022D/DisplacedJet/RAW/v1/000/357/542/00000/98587e2e-1ada-41a5-bb4e-498b38ed5f70.root 357542 [169,168]
/store/data/Run2022D/DisplacedJet/RAW/v1/000/357/542/00000/a453cc3f-ec0b-4d61-a009-b23f72342dcf.root 357542 [109,108]
/store/data/Run2022D/DisplacedJet/RAW/v1/000/357/542/00000/a518e074-9548-4876-97dc-b0f00d6eb4a9.root 357542 [167,166]
/store/data/Run2022D/DisplacedJet/RAW/v1/000/357/542/00000/a98d86e1-ef9c-4048-939e-587d12e055e1.root 357542 [54,55]
/store/data/Run2022D/DisplacedJet/RAW/v1/000/357/542/00000/acb5cd7f-4807-476f-b60c-b603609def70.root 357542 [100,101]
/store/data/Run2022D/DisplacedJet/RAW/v1/000/357/542/00000/ad974938-e36e-47ab-a98e-1fd026f866d6.root 357542 [233,234,232]
/store/data/Run2022D/DisplacedJet/RAW/v1/000/357/542/00000/ada813d0-60eb-42d4-b78b-24e1cf37e809.root 357542 [117,116]
/store/data/Run2022D/DisplacedJet/RAW/v1/000/357/542/00000/ae925f10-701d-4ee0-a198-d77ff47586bd.root 357542 [85,84]
/store/data/Run2022D/DisplacedJet/RAW/v1/000/357/542/00000/af574a15-9d8d-48d6-9340-6f22a8f8f5ed.root 357542 [92,93]
/store/data/Run2022D/DisplacedJet/RAW/v1/000/357/542/00000/b3c11fc7-d392-4e38-ae76-da35bcad6635.root 357542 [47,45,46]
/store/data/Run2022D/DisplacedJet/RAW/v1/000/357/542/00000/b51de47b-6d4e-4435-8db3-7d6ae9bf5f37.root 357542 [94,95]
/store/data/Run2022D/DisplacedJet/RAW/v1/000/357/542/00000/b61537d5-ed62-4333-93e9-ebe3e5d3596a.root 357542 [220,222,221]
/store/data/Run2022D/DisplacedJet/RAW/v1/000/357/542/00000/b94f7d0f-22c2-4776-801f-f59400ecca6c.root 357542 [246,244,245]
/store/data/Run2022D/DisplacedJet/RAW/v1/000/357/542/00000/ba278614-e151-4d1d-9c34-bfec3c480085.root 357542 [207,206]
/store/data/Run2022D/DisplacedJet/RAW/v1/000/357/542/00000/bdb87721-04be-41de-9435-416a44d85d50.root 357542 [43,44]
/store/data/Run2022D/DisplacedJet/RAW/v1/000/357/542/00000/bf626e39-2b91-4bfd-9147-d3583aa9cf6c.root 357542 [2,5,1,4,6,3]
/store/data/Run2022D/DisplacedJet/RAW/v1/000/357/542/00000/c49418b5-f619-485b-a9dd-b16a1a1df491.root 357542 [176,177]
/store/data/Run2022D/DisplacedJet/RAW/v1/000/357/542/00000/c4dd506f-beef-4a0a-972b-69bbcf18983a.root 357542 [196,194,195]
/store/data/Run2022D/DisplacedJet/RAW/v1/000/357/542/00000/c5539e32-5c5c-418c-ae12-31fea4278310.root 357542 [110,111]
/store/data/Run2022D/DisplacedJet/RAW/v1/000/357/542/00000/c6700e9b-999b-400c-9cc2-6711945f8f55.root 357542 [187,185,186]
/store/data/Run2022D/DisplacedJet/RAW/v1/000/357/542/00000/ca28639a-07dd-45eb-bf59-3fb87587e5ad.root 357542 [238,240,239]
/store/data/Run2022D/DisplacedJet/RAW/v1/000/357/542/00000/ca903332-f271-43ce-bb93-7004acfb5cdd.root 357542 [106,107]
/store/data/Run2022D/DisplacedJet/RAW/v1/000/357/542/00000/cab4eb7e-6306-49ea-a16a-60848069e649.root 357542 [160,161]
/store/data/Run2022D/DisplacedJet/RAW/v1/000/357/542/00000/cafb1d00-37c4-4753-a89d-cc5f764c655a.root 357542 [126,127,128]
/store/data/Run2022D/DisplacedJet/RAW/v1/000/357/542/00000/cb6c5d82-6c10-433b-9e1d-d53c51762534.root 357542 [163,162]
/store/data/Run2022D/DisplacedJet/RAW/v1/000/357/542/00000/da75a833-acc4-4f9e-841e-3c8731c6c012.root 357542 [215,214,216]
/store/data/Run2022D/DisplacedJet/RAW/v1/000/357/542/00000/daea0080-1682-4445-acf0-9f706a94c6c9.root 357542 [180,182,181]
/store/data/Run2022D/DisplacedJet/RAW/v1/000/357/542/00000/dcc1a9a0-f5a3-4e68-a2f2-1809e5fbfeec.root 357542 [250]
/store/data/Run2022D/DisplacedJet/RAW/v1/000/357/542/00000/deb0a942-3455-4fba-9103-b2c31a1a1e91.root 357542 [134,130,132,129,131,137,135,136,133]
/store/data/Run2022D/DisplacedJet/RAW/v1/000/357/542/00000/e1a9adb3-efba-4062-b0ce-f0a73e9cc479.root 357542 [237,235,236]
/store/data/Run2022D/DisplacedJet/RAW/v1/000/357/542/00000/e259ea3d-91a3-47ef-9769-d168f4912676.root 357542 [197,198,199]
/store/data/Run2022D/DisplacedJet/RAW/v1/000/357/542/00000/e2971bae-6c23-4e10-b1a6-398fb0de80f7.root 357542 [42,41]
/store/data/Run2022D/DisplacedJet/RAW/v1/000/357/542/00000/ebfb8a6c-9682-43c6-930e-0bbe607beabe.root 357542 [83,82]
/store/data/Run2022D/DisplacedJet/RAW/v1/000/357/542/00000/ef5480bb-bdb1-4e27-b7af-8b00f4ff764a.root 357542 [156,157]
/store/data/Run2022D/DisplacedJet/RAW/v1/000/357/542/00000/f02da2b5-698a-49e3-a995-6eef8dede014.root 357542 [38,37,36]
/store/data/Run2022D/DisplacedJet/RAW/v1/000/357/542/00000/f09f009d-da3b-40d7-8314-a97d2f77e4ae.root 357542 [49,50,48]
/store/data/Run2022D/DisplacedJet/RAW/v1/000/357/542/00000/f3b87642-3474-411a-bf39-462dd9815167.root 357542 [114,115]
/store/data/Run2022D/DisplacedJet/RAW/v1/000/357/542/00000/f44b979d-a99b-43e1-a1f4-113fd04526fc.root 357542 [153,152]
/store/data/Run2022D/DisplacedJet/RAW/v1/000/357/542/00000/f700e1f3-4c33-4b60-923b-dae0f4c8e8b6.root 357542 [56,57]
/store/data/Run2022D/DisplacedJet/RAW/v1/000/357/542/00000/f75a6e34-baee-4489-a253-ef777f6eda75.root 357542 [119,118,120]
/store/data/Run2022D/DisplacedJet/RAW/v1/000/357/550/00000/2ecdbb8b-5b84-4a2f-a7c8-c7711cb4e113.root 357550 [33,32,34]
/store/data/Run2022D/DisplacedJet/RAW/v1/000/357/550/00000/30601c29-fa1e-496a-8dfb-d91a213cb644.root 357550 [17,18,16]
/store/data/Run2022D/DisplacedJet/RAW/v1/000/357/550/00000/46049026-5f5f-4263-8af6-8c651bc73ffd.root 357550 [22,20,21,19]
/store/data/Run2022D/DisplacedJet/RAW/v1/000/357/550/00000/4c6984c7-1d71-4dad-9f1d-509c3e299c6c.root 357550 [35,36]
/store/data/Run2022D/DisplacedJet/RAW/v1/000/357/550/00000/70cd584b-caa3-41f6-be11-3b4abcf56adb.root 357550 [14,15,13]
/store/data/Run2022D/DisplacedJet/RAW/v1/000/357/550/00000/97394ee3-a029-42ff-a418-afa812910874.root 357550 [30,31,29]
/store/data/Run2022D/DisplacedJet/RAW/v1/000/357/550/00000/b8543e54-4b91-48de-9e44-337cab3a06a4.root 357550 [11,12,10]
/store/data/Run2022D/DisplacedJet/RAW/v1/000/357/550/00000/ce43ac34-21b1-4afb-ae50-4b2ec0104d28.root 357550 [9,7,8]
/store/data/Run2022D/DisplacedJet/RAW/v1/000/357/550/00000/d38ce24b-ebc1-401c-8c62-01dff58c4148.root 357550 [1,2,3]
/store/data/Run2022D/DisplacedJet/RAW/v1/000/357/550/00000/f975fc4e-4d7f-4a7c-8c66-0fe709ad8c6b.root 357550 [27,28,26]
/store/data/Run2022D/DisplacedJet/RAW/v1/000/357/550/00000/fbe1a7ed-78e5-4884-a362-5b7a90e9f165.root 357550 [6,4,5]
/store/data/Run2022D/DisplacedJet/RAW/v1/000/357/550/00000/ffdbb8f4-6f5e-401a-a98c-1fb8ed393bd4.root 357550 [25,24,23]
/store/data/Run2022D/DisplacedJet/RAW/v1/000/357/610/00000/009a2d27-2976-450b-947a-df923f2a8857.root 357610 [171,170,169,172]
/store/data/Run2022D/DisplacedJet/RAW/v1/000/357/610/00000/06689139-1c46-4dd4-a5b8-17f2aa6d582e.root 357610 [194,197,198,195,199,196]
/store/data/Run2022D/DisplacedJet/RAW/v1/000/357/610/00000/0ca3a1b7-cb09-4fa3-9d9c-5804d7446a97.root 357610 [96,98,94,95,100,101,102,103,97,99]
/store/data/Run2022D/DisplacedJet/RAW/v1/000/357/610/00000/11471611-8ce6-40b1-ac1f-7b7279ec92fb.root 357610 [11,13,23,31,58,72,73,14,15,17,25,27,32,41,52,56,60,6,10,28,36,38,40,42,43,45,49,61,64,66,9,22,39,48,50,71,3,5,7,12,16,24,30,33,34,55,57,68,4,19,46,65,69,2,18,20,37,47,62,63,70,1,8,21,26,29,35,44,51,53,54,59,67]
/store/data/Run2022D/DisplacedJet/RAW/v1/000/357/610/00000/1b36c943-dacf-4615-b1e8-430d1b042d2b.root 357610 [161,162,164,163]
/store/data/Run2022D/DisplacedJet/RAW/v1/000/357/610/00000/20294817-6b54-4278-893f-ed2482a003d9.root 357610 [80,78,82,75,79,74,77,83,76,81]
/store/data/Run2022D/DisplacedJet/RAW/v1/000/357/610/00000/21137429-1307-417d-8646-8337b7fc341f.root 357610 [222,223]
/store/data/Run2022D/DisplacedJet/RAW/v1/000/357/610/00000/24b38dd5-4158-4e4e-8fbd-93e90c2c314f.root 357610 [212,213]
/store/data/Run2022D/DisplacedJet/RAW/v1/000/357/610/00000/300564aa-9de4-4a0a-b4ee-98d9bc86f545.root 357610 [190,193,188,189,191,192]
/store/data/Run2022D/DisplacedJet/RAW/v1/000/357/610/00000/3739b2ec-9210-4c91-b4c7-b36eca152b2d.root 357610 [209,207,211,208,210,206]
/store/data/Run2022D/DisplacedJet/RAW/v1/000/357/610/00000/46cfcd1e-355b-4cea-8463-b0d806c1eed1.root 357610 [245,246,247]
/store/data/Run2022D/DisplacedJet/RAW/v1/000/357/610/00000/52605f35-07b6-4b18-a5db-8deecc22f3a9.root 357610 [139,136,137,138,135,140,141]
/store/data/Run2022D/DisplacedJet/RAW/v1/000/357/610/00000/53b21e2a-edc3-40fa-ad3d-d99ef7debd93.root 357610 [151,148,149,150,152]
/store/data/Run2022D/DisplacedJet/RAW/v1/000/357/610/00000/56adb08d-bded-489f-99b1-c97b60618901.root 357610 [106,110,111,112,108,113,104,105,107,109,114]
/store/data/Run2022D/DisplacedJet/RAW/v1/000/357/610/00000/5c8fc021-5796-4ef4-90d1-ace1edff49d5.root 357610 [237,238,236]
/store/data/Run2022D/DisplacedJet/RAW/v1/000/357/610/00000/5e0b1b3f-9a9f-4052-97cf-9265725f7779.root 357610 [228,229,227]
/store/data/Run2022D/DisplacedJet/RAW/v1/000/357/610/00000/62a52720-41ea-460a-9bf9-cf10fde8f347.root 357610 [120,115,121,117,118,119,124,116,122,123,125]
/store/data/Run2022D/DisplacedJet/RAW/v1/000/357/610/00000/6bdd10ef-c118-4efd-9dd5-a1da79d72837.root 357610 [240,239,241]
/store/data/Run2022D/DisplacedJet/RAW/v1/000/357/610/00000/7257a791-dec9-4cf9-ab32-0a9bf5d10be2.root 357610 [233,235,234]
/store/data/Run2022D/DisplacedJet/RAW/v1/000/357/610/00000/8ae4527b-885c-430d-8f77-7359a39433cb.root 357610 [154,156,153,155]
/store/data/Run2022D/DisplacedJet/RAW/v1/000/357/610/00000/98b8f0c0-ec07-4c8a-96a2-8d7ac55aa495.root 357610 [218,217,216]
/store/data/Run2022D/DisplacedJet/RAW/v1/000/357/610/00000/9fa915c4-b69b-4f1b-9696-f47a6f271a8f.root 357610 [226,224,225]
/store/data/Run2022D/DisplacedJet/RAW/v1/000/357/610/00000/a8267958-550f-4a28-9800-4d54fa41b53f.root 357610 [185,187,186]
/store/data/Run2022D/DisplacedJet/RAW/v1/000/357/610/00000/be0afd09-1767-4c25-b3bc-1105ed2ab990.root 357610 [184,182,183,181]
/store/data/Run2022D/DisplacedJet/RAW/v1/000/357/610/00000/bea05a46-2a9c-42b9-98d3-e4f878b3f50c.root 357610 [157,159,160,158]
/store/data/Run2022D/DisplacedJet/RAW/v1/000/357/610/00000/c680d6e0-075e-4b04-9932-1e19444a823f.root 357610 [175,173,174,176]
/store/data/Run2022D/DisplacedJet/RAW/v1/000/357/610/00000/c743d416-2b20-4d93-a540-40799c86367e.root 357610 [248,250,249]
/store/data/Run2022D/DisplacedJet/RAW/v1/000/357/610/00000/c99bea5a-4bec-49a8-939a-2da40caf5bab.root 357610 [146,147,143,145,144,142]
/store/data/Run2022D/DisplacedJet/RAW/v1/000/357/610/00000/ca1d2b3c-9d2a-4cee-8067-3d0b292b3611.root 357610 [244,242,243]
/store/data/Run2022D/DisplacedJet/RAW/v1/000/357/610/00000/ccc24f15-402c-4bd5-a7ce-ae6160ed7fbd.root 357610 [205,200,202,203,201,204]
/store/data/Run2022D/DisplacedJet/RAW/v1/000/357/610/00000/cf1b543a-01ff-4549-ad99-31735b1ccae6.root 357610 [166,165,168,167]
/store/data/Run2022D/DisplacedJet/RAW/v1/000/357/610/00000/d3269a97-edfc-4e51-bf84-0e75965e2c68.root 357610 [214,215]
/store/data/Run2022D/DisplacedJet/RAW/v1/000/357/610/00000/d3718300-55c9-4a95-901c-9568edae03bf.root 357610 [232,231,230]
/store/data/Run2022D/DisplacedJet/RAW/v1/000/357/610/00000/d7a464bb-9b29-4621-917d-a957dda709a6.root 357610 [92,86,91,84,87,89,85,88,90,93]
/store/data/Run2022D/DisplacedJet/RAW/v1/000/357/610/00000/e919f9c3-7f05-41d9-b848-9962f502358b.root 357610 [252,253,251]
/store/data/Run2022D/DisplacedJet/RAW/v1/000/357/610/00000/ea04dbf1-86f2-44e4-b7b9-0fe546621908.root 357610 [178,179,177,180]
/store/data/Run2022D/DisplacedJet/RAW/v1/000/357/610/00000/eb04becd-9e29-4ab2-82e0-e661e21e9cf0.root 357610 [221,219,220]
/store/data/Run2022D/DisplacedJet/RAW/v1/000/357/610/00000/f769b339-bad3-4703-8e93-747a00ad0b7f.root 357610 [130,131,133,134,128,127,129,132,126]
/store/data/Run2022D/DisplacedJet/RAW/v1/000/357/611/00000/008404ac-a8bb-41c0-bc94-7cac1efae442.root 357611 [64,65,66]
/store/data/Run2022D/DisplacedJet/RAW/v1/000/357/611/00000/04450efc-ea8d-4822-b6fd-e17ae2ae2ab5.root 357611 [335,339,340,336,338,337]
/store/data/Run2022D/DisplacedJet/RAW/v1/000/357/611/00000/04615ccf-d211-4a4b-9a5b-a3aad6f032a3.root 357611 [4,6,5]
/store/data/Run2022D/DisplacedJet/RAW/v1/000/357/611/00000/046c1681-80f6-4d7c-ada6-a7cc0f751f25.root 357611 [58,59,60]
/store/data/Run2022D/DisplacedJet/RAW/v1/000/357/611/00000/09addbcb-fac8-4e73-bc60-3d79abe29506.root 357611 [186,188,185,187]
/store/data/Run2022D/DisplacedJet/RAW/v1/000/357/611/00000/09b26f09-7084-444b-9570-64b46b6b7c8a.root 357611 [219,218,220,217]
/store/data/Run2022D/DisplacedJet/RAW/v1/000/357/611/00000/09c62aee-eb38-4d87-897f-8318d74638c6.root 357611 [92,93,95,94]
/store/data/Run2022D/DisplacedJet/RAW/v1/000/357/611/00000/0a06c3ab-08be-451b-9193-1d2c7c7140d7.root 357611 [216,213,214,215]
/store/data/Run2022D/DisplacedJet/RAW/v1/000/357/611/00000/0ff2e3cf-58a6-4f9a-8104-ffa64bd29cb9.root 357611 [341,343,344,345,342]
/store/data/Run2022D/DisplacedJet/RAW/v1/000/357/611/00000/1021839d-5f3e-434b-8d0c-1b6322e20384.root 357611 [211,209,212,210]
/store/data/Run2022D/DisplacedJet/RAW/v1/000/357/611/00000/10a6a50d-14a2-4922-805d-43eb5c5a35a8.root 357611 [353,352,351,355,354]
/store/data/Run2022D/DisplacedJet/RAW/v1/000/357/611/00000/1122185a-0c62-45a1-b717-c78137bdedc1.root 357611 [134,136,135,133]
/store/data/Run2022D/DisplacedJet/RAW/v1/000/357/611/00000/15d7e710-50d3-4b07-ab9f-b5c398203e8d.root 357611 [385,386,384,387,389,388]
/store/data/Run2022D/DisplacedJet/RAW/v1/000/357/611/00000/169774ee-8dc6-4656-a007-6814f2943f04.root 357611 [137,140,138,139]
/store/data/Run2022D/DisplacedJet/RAW/v1/000/357/611/00000/169e7a2a-89f7-43f9-b546-050ecbc5bf2a.root 357611 [159,160,157,158]
/store/data/Run2022D/DisplacedJet/RAW/v1/000/357/611/00000/1796356e-a2b4-4307-bfaf-3c4f719f171d.root 357611 [54,52,53]
/store/data/Run2022D/DisplacedJet/RAW/v1/000/357/611/00000/1ded36cd-23a8-45f7-8596-f6ad4cadc971.root 357611 [261,263,262,260,259]
/store/data/Run2022D/DisplacedJet/RAW/v1/000/357/611/00000/255c3dbc-411c-4001-b19a-cfd458c639e3.root 357611 [22,23,24]
/store/data/Run2022D/DisplacedJet/RAW/v1/000/357/611/00000/2961a72e-d0f7-4841-a4b2-780632dbd8d0.root 357611 [408,410,411,409]
/store/data/Run2022D/DisplacedJet/RAW/v1/000/357/611/00000/29657f21-24b6-4cc1-bdb0-4000ff48b7a8.root 357611 [381,378,380,382,379,383]
/store/data/Run2022D/DisplacedJet/RAW/v1/000/357/611/00000/2c506ca4-b239-489a-94c9-b2b80e207024.root 357611 [88,90,91,89]
/store/data/Run2022D/DisplacedJet/RAW/v1/000/357/611/00000/2f573564-a414-4a8f-bb88-0c4752ecd7d1.root 357611 [174,176,175,173]
/store/data/Run2022D/DisplacedJet/RAW/v1/000/357/611/00000/2f64887e-ac95-4f62-9619-fe7fa31b54fe.root 357611 [11,12,10]
/store/data/Run2022D/DisplacedJet/RAW/v1/000/357/611/00000/374b818d-cf2c-4fc7-b2c1-5a37c84d6ab5.root 357611 [8,7,9]
/store/data/Run2022D/DisplacedJet/RAW/v1/000/357/611/00000/3b9af76d-ac25-4e45-bace-99a1ef2ad1c5.root 357611 [285,287,288,286,284]
/store/data/Run2022D/DisplacedJet/RAW/v1/000/357/611/00000/3e5d8e2d-eec4-4474-b251-ee9b4f89f146.root 357611 [314,315,317,316,318]
/store/data/Run2022D/DisplacedJet/RAW/v1/000/357/611/00000/3f3eb108-e8b5-45a7-815c-97349210dc70.root 357611 [21,19,20]
/store/data/Run2022D/DisplacedJet/RAW/v1/000/357/611/00000/424d0fde-dc9e-4fb4-b387-e44aa2c57ad2.root 357611 [25,26,27]
/store/data/Run2022D/DisplacedJet/RAW/v1/000/357/611/00000/4477e383-a8ef-4499-b80d-0b122385c333.root 357611 [148,145,147,146]
/store/data/Run2022D/DisplacedJet/RAW/v1/000/357/611/00000/45d8b448-7003-4ba1-aa81-a9bf9d0da98f.root 357611 [278,274,277,276,275]
/store/data/Run2022D/DisplacedJet/RAW/v1/000/357/611/00000/466c2df1-1d06-4702-a599-885b223024c2.root 357611 [310,313,309,311,312]
/store/data/Run2022D/DisplacedJet/RAW/v1/000/357/611/00000/4763754a-5cab-4fb0-96f4-56345d977fcd.root 357611 [370,369,367,368,371,366]
/store/data/Run2022D/DisplacedJet/RAW/v1/000/357/611/00000/483624eb-5c62-4a21-bbe8-a19cf9039041.root 357611 [231,229,232,230]
/store/data/Run2022D/DisplacedJet/RAW/v1/000/357/611/00000/4f371a1d-8978-446f-b8f9-5fee1a828aa5.root 357611 [359,356,358,357,360]
/store/data/Run2022D/DisplacedJet/RAW/v1/000/357/611/00000/4fad6c3c-820e-4190-a259-7ab16e98b704.root 357611 [347,350,346,348,349]
/store/data/Run2022D/DisplacedJet/RAW/v1/000/357/611/00000/509511a8-335f-4878-ae4d-ed490194b5b0.root 357611 [130,132,129,131]
/store/data/Run2022D/DisplacedJet/RAW/v1/000/357/611/00000/522e02f7-d45a-4048-8292-571c1ff7f7f4.root 357611 [205,208,206,207]
/store/data/Run2022D/DisplacedJet/RAW/v1/000/357/611/00000/52ca71f6-91cd-4285-854b-5c4843a4cf80.root 357611 [245,247,246,248]
/store/data/Run2022D/DisplacedJet/RAW/v1/000/357/611/00000/53675e18-902e-449b-a5e8-554bf96b732d.root 357611 [331,330,334,332,333]
/store/data/Run2022D/DisplacedJet/RAW/v1/000/357/611/00000/53e911ae-b977-4fbf-9cbd-328554788b55.root 357611 [104,107,105,106]
/store/data/Run2022D/DisplacedJet/RAW/v1/000/357/611/00000/55839937-9dc5-4c25-874d-b955d465173c.root 357611 [97,99,98,96]
/store/data/Run2022D/DisplacedJet/RAW/v1/000/357/611/00000/57126d9b-e36f-4212-9766-a63efc5224fe.root 357611 [178,177,180,179]
/store/data/Run2022D/DisplacedJet/RAW/v1/000/357/611/00000/588d8ed5-89fb-46b6-b465-44274666d09d.root 357611 [377,373,376,374,375,372]
/store/data/Run2022D/DisplacedJet/RAW/v1/000/357/611/00000/5c0e5d51-9b73-4f14-8fe6-27c66047eb4f.root 357611 [303,299,302,300,301]
/store/data/Run2022D/DisplacedJet/RAW/v1/000/357/611/00000/6236f307-5551-4359-8301-2aefb9624801.root 357611 [152,149,151,150]
/store/data/Run2022D/DisplacedJet/RAW/v1/000/357/611/00000/62ad6d9c-ae9f-4563-aae0-23a282a80cda.root 357611 [144,142,141,143]
/store/data/Run2022D/DisplacedJet/RAW/v1/000/357/611/00000/64dc09df-21de-4e37-854b-688d49d194c8.root 357611 [63,61,62]
/store/data/Run2022D/DisplacedJet/RAW/v1/000/357/611/00000/6632b0be-021f-4e1e-9c61-01a6550f8896.root 357611 [45,43,44]
/store/data/Run2022D/DisplacedJet/RAW/v1/000/357/611/00000/6b3d5510-edcd-4c5e-9ca6-527739c5e600.root 357611 [324,328,325,326,327,329]
/store/data/Run2022D/DisplacedJet/RAW/v1/000/357/611/00000/6d92d2e1-e317-4bdf-a9f2-dcdf5b4b027f.root 357611 [110,111,108,109,112]
/store/data/Run2022D/DisplacedJet/RAW/v1/000/357/611/00000/6da6fad1-9326-4e50-8000-2bc0837cf62c.root 357611 [293,291,289,292,290]
/store/data/Run2022D/DisplacedJet/RAW/v1/000/357/611/00000/6edec61a-4f99-439d-b40c-affcd660e584.root 357611 [153,155,154,156]
/store/data/Run2022D/DisplacedJet/RAW/v1/000/357/611/00000/71b66163-e98e-4ddd-ac80-c4351ce01dd3.root 357611 [85,87,86,84]
/store/data/Run2022D/DisplacedJet/RAW/v1/000/357/611/00000/74004b0f-5ac4-487d-987e-24f449419c76.root 357611 [76,77,78,79]
/store/data/Run2022D/DisplacedJet/RAW/v1/000/357/611/00000/7539c521-a0b8-43cb-b0c4-9471f8c6a8b1.root 357611 [264,268,267,266,265]
/store/data/Run2022D/DisplacedJet/RAW/v1/000/357/611/00000/75638c28-6a31-457b-baea-175978ad86d7.root 357611 [307,306,308,304,305]
/store/data/Run2022D/DisplacedJet/RAW/v1/000/357/611/00000/75987bc0-fd58-473e-a647-408d6eac3b21.root 357611 [202,203,204,201]
/store/data/Run2022D/DisplacedJet/RAW/v1/000/357/611/00000/75c45f02-e789-4ce7-8f68-006441e336ca.root 357611 [55,56,57]
/store/data/Run2022D/DisplacedJet/RAW/v1/000/357/611/00000/79fd4312-d3de-49e7-80da-63f3a79be827.root 357611 [402,407,406,403,405,404]
/store/data/Run2022D/DisplacedJet/RAW/v1/000/357/611/00000/7c31a387-b97a-4aaf-88c1-1d12e99304d9.root 357611 [199,200,198,197]
/store/data/Run2022D/DisplacedJet/RAW/v1/000/357/611/00000/7fa81f78-b42a-483e-9e23-cb4cc83fd080.root 357611 [42,40,41]
/store/data/Run2022D/DisplacedJet/RAW/v1/000/357/611/00000/83ace30a-509d-4b7e-8a1b-d0f44b94625f.root 357611 [250,253,252,249,251]
/store/data/Run2022D/DisplacedJet/RAW/v1/000/357/611/00000/8b012903-538e-4d01-9d53-df6ca02640c8.root 357611 [393,392,395,390,391,394]
/store/data/Run2022D/DisplacedJet/RAW/v1/000/357/611/00000/90a78c93-48a6-4bbb-9f29-ed7abb228f6d.root 357611 [119,120,117,118]
/store/data/Run2022D/DisplacedJet/RAW/v1/000/357/611/00000/969b0ed1-5dd8-48a1-bf3f-474260a70d36.root 357611 [1,3,2]
/store/data/Run2022D/DisplacedJet/RAW/v1/000/357/611/00000/99263ade-1f75-4ad0-98ff-b6f943b75efb.root 357611 [68,67,69]
/store/data/Run2022D/DisplacedJet/RAW/v1/000/357/611/00000/9af6e549-becc-48e9-9f2f-5ff9a3e4fa3d.root 357611 [254,257,258,255,256]
/store/data/Run2022D/DisplacedJet/RAW/v1/000/357/611/00000/9cf9f1ac-72b5-4d8f-aaca-4323f6e6f5f7.root 357611 [269,270,271,272,273]
/store/data/Run2022D/DisplacedJet/RAW/v1/000/357/611/00000/a02feb34-4e4e-4bc1-9d3b-af1869f9739f.root 357611 [35,34,36]
/store/data/Run2022D/DisplacedJet/RAW/v1/000/357/611/00000/a2c15235-c7db-4d28-b23a-644d6c83a69b.root 357611 [33,32,31]
/store/data/Run2022D/DisplacedJet/RAW/v1/000/357/611/00000/a66d3cc8-e3ee-4079-8837-38d4c680c9e6.root 357611 [70,71,72]
/store/data/Run2022D/DisplacedJet/RAW/v1/000/357/611/00000/ad033199-99a3-4572-a2e1-2d0036b48e40.root 357611 [223,224,221,222]
/store/data/Run2022D/DisplacedJet/RAW/v1/000/357/611/00000/afb69a74-321f-474f-9849-e9256435f6a6.root 357611 [81,83,80,82]
/store/data/Run2022D/DisplacedJet/RAW/v1/000/357/611/00000/bb24d376-139d-4ee4-bf92-d5d1ee4af2fe.root 357611 [281,283,279,280,282]
/store/data/Run2022D/DisplacedJet/RAW/v1/000/357/611/00000/bda6e90a-468b-4d29-8b85-ec8674f61d8b.root 357611 [39,37,38]
/store/data/Run2022D/DisplacedJet/RAW/v1/000/357/611/00000/bdee520d-5113-4f2f-9921-dd258c751514.root 357611 [235,236,233,234]
/store/data/Run2022D/DisplacedJet/RAW/v1/000/357/611/00000/c00a978c-de52-488f-a276-09412a4b8631.root 357611 [103,101,102,100]
/store/data/Run2022D/DisplacedJet/RAW/v1/000/357/611/00000/c6cd7abd-ff59-4d23-b85e-8daa6d478ff9.root 357611 [320,322,319,321,323]
/store/data/Run2022D/DisplacedJet/RAW/v1/000/357/611/00000/ca0c6f9c-15ff-46fc-a0ce-3ca9d633fcc6.root 357611 [295,296,298,297,294]
/store/data/Run2022D/DisplacedJet/RAW/v1/000/357/611/00000/cbf291ca-effa-4932-9d9b-23b56b6657ac.root 357611 [396,397,398,399,400,401]
/store/data/Run2022D/DisplacedJet/RAW/v1/000/357/611/00000/cecd0487-e6fa-413d-bb8d-1471386cada2.root 357611 [362,361,364,363,365]
/store/data/Run2022D/DisplacedJet/RAW/v1/000/357/611/00000/d19dd7fb-1c2a-4ea1-af45-004d35b93543.root 357611 [28,29,30]
/store/data/Run2022D/DisplacedJet/RAW/v1/000/357/611/00000/d7766e3c-a10c-4927-b762-d979044986df.root 357611 [241,243,244,242]
/store/data/Run2022D/DisplacedJet/RAW/v1/000/357/611/00000/d8ca7ed5-6412-4f46-892a-bc4cb712cb7a.root 357611 [168,166,167,165]
/store/data/Run2022D/DisplacedJet/RAW/v1/000/357/611/00000/d8cd100c-e38d-4e6c-88b0-f20c6bf2017d.root 357611 [124,123,121,122]
/store/data/Run2022D/DisplacedJet/RAW/v1/000/357/611/00000/d9dff464-0ff6-4f49-9b2b-0bec13c558ca.root 357611 [48,47,46]
/store/data/Run2022D/DisplacedJet/RAW/v1/000/357/611/00000/da7c5871-2e0c-41a0-8fb3-63d19b6ce3e0.root 357611 [237,238,239,240]
/store/data/Run2022D/DisplacedJet/RAW/v1/000/357/611/00000/defba151-2f32-4ba6-ad2e-89bbc56d0a5c.root 357611 [192,189,190,191]
/store/data/Run2022D/DisplacedJet/RAW/v1/000/357/611/00000/e0ae2d6f-b177-44da-a198-bbde6f932015.root 357611 [73,74,75]
/store/data/Run2022D/DisplacedJet/RAW/v1/000/357/611/00000/e34aa935-3036-4d45-9b56-0cd46dec65df.root 357611 [114,116,113,115]
/store/data/Run2022D/DisplacedJet/RAW/v1/000/357/611/00000/e36d093c-29c4-4a39-8055-1af8a11b11f2.root 357611 [226,227,228,225]
/store/data/Run2022D/DisplacedJet/RAW/v1/000/357/611/00000/ed45ddd4-a016-4dcd-9645-db7d320aa5c0.root 357611 [50,51,49]
/store/data/Run2022D/DisplacedJet/RAW/v1/000/357/611/00000/f12800d8-10b6-4692-aca5-50c9e57c5f37.root 357611 [183,184,182,181]
/store/data/Run2022D/DisplacedJet/RAW/v1/000/357/611/00000/f1ce9712-009a-48c6-bbb1-bb9950aa7acc.root 357611 [164,163,161,162]
/store/data/Run2022D/DisplacedJet/RAW/v1/000/357/611/00000/f45dcc34-81e1-4a5a-97da-d3a1119fb2d7.root 357611 [13,15,14]
/store/data/Run2022D/DisplacedJet/RAW/v1/000/357/611/00000/f921fd9d-7854-4b73-8bc8-502c8b762eca.root 357611 [128,126,127,125]
/store/data/Run2022D/DisplacedJet/RAW/v1/000/357/611/00000/fb22ffbf-2d04-4dbd-a30e-d67493793312.root 357611 [193,194,195,196]
/store/data/Run2022D/DisplacedJet/RAW/v1/000/357/611/00000/fcce6388-0868-4511-9f9c-1264e36556f6.root 357611 [169,171,170,172]
/store/data/Run2022D/DisplacedJet/RAW/v1/000/357/612/00000/0069de03-a82e-4aab-8d65-550a5a1efd81.root 357612 [297,298,300,301,304,299,302,303,296]
/store/data/Run2022D/DisplacedJet/RAW/v1/000/357/612/00000/04e232d8-6f83-459b-815d-8eb44873e676.root 357612 [230,227,231,233,226,229,232,234,228]
/store/data/Run2022D/DisplacedJet/RAW/v1/000/357/612/00000/07c2989d-8c29-430b-81c3-d9dc5e1b6609.root 357612 [14,17,20,18,19,15,16]
/store/data/Run2022D/DisplacedJet/RAW/v1/000/357/612/00000/0bdc7b62-a5a8-4a1d-98ba-f4a008b2d804.root 357612 [352,356,359,353,355,360,357,358,354,351]
/store/data/Run2022D/DisplacedJet/RAW/v1/000/357/612/00000/11e00f63-649c-408f-8369-fedf5afc9e68.root 357612 [370,361,362,366,367,363,364,369,365,368]
/store/data/Run2022D/DisplacedJet/RAW/v1/000/357/612/00000/12203065-1756-4d81-9a8e-c4e51879ca7f.root 357612 [131,135,137,132,134,136,133]
/store/data/Run2022D/DisplacedJet/RAW/v1/000/357/612/00000/16cb1cab-d2ad-4baf-833a-6b2f50c7a389.root 357612 [21,24,26,22,25,23]
/store/data/Run2022D/DisplacedJet/RAW/v1/000/357/612/00000/1d1ade45-015c-48c2-8c5e-f1f461b3a4eb.root 357612 [336,337,333,334,340,332,339,335,338]
/store/data/Run2022D/DisplacedJet/RAW/v1/000/357/612/00000/1d52af65-c79a-4b0c-bdcf-3d2ef5376c48.root 357612 [249,248,244,245,247,243,250,246,251]
/store/data/Run2022D/DisplacedJet/RAW/v1/000/357/612/00000/22e4331e-e0d9-4873-bad0-7eb36650d2da.root 357612 [44,42,43,45,46,41]
/store/data/Run2022D/DisplacedJet/RAW/v1/000/357/612/00000/234f00e2-f2be-48cd-ac7c-73e4d25fbd39.root 357612 [477,475,479,480,483,473,478,482,474,481,476]
/store/data/Run2022D/DisplacedJet/RAW/v1/000/357/612/00000/25bd9898-b05d-436e-b2af-b84a25267090.root 357612 [66,61,64,63,67,65,62]
/store/data/Run2022D/DisplacedJet/RAW/v1/000/357/612/00000/2ebe2a1f-8246-48b9-850c-bff5fc47493d.root 357612 [216,212,211,213,217,214,215,210]
/store/data/Run2022D/DisplacedJet/RAW/v1/000/357/612/00000/30389492-a567-4591-bb27-023d7fce29c6.root 357612 [523,519,521,528,522,524,526,529,525,527,518,520]
/store/data/Run2022D/DisplacedJet/RAW/v1/000/357/612/00000/315462ad-64f4-4651-9121-f8abfa886ee3.root 357612 [55,56,58,59,60,54,57]
/store/data/Run2022D/DisplacedJet/RAW/v1/000/357/612/00000/3365bdd6-c8bf-4b82-a360-86bfc7912424.root 357612 [112,111,110,113,116,114,115]
/store/data/Run2022D/DisplacedJet/RAW/v1/000/357/612/00000/34a7c873-1849-48a4-828c-3c04e9eb08cf.root 357612 [75,79,76,77,81,78,80]
/store/data/Run2022D/DisplacedJet/RAW/v1/000/357/612/00000/3660a5d0-43ae-41a2-8427-51d184d08c47.root 357612 [387,389,388,384,386,382,383,381,385]
/store/data/Run2022D/DisplacedJet/RAW/v1/000/357/612/00000/3af7cc08-2edd-4e9a-90db-b6b23749ce68.root 357612 [295,290,291,287,288,289,292,294,293]
/store/data/Run2022D/DisplacedJet/RAW/v1/000/357/612/00000/3d502f49-d820-4d16-9684-d0e7e8c2e5c0.root 357612 [567,577,571,578,573,568,570,572,576,566,569,575,574]
/store/data/Run2022D/DisplacedJet/RAW/v1/000/357/612/00000/3fd58986-7f81-4bca-a5f8-ba470bd889a0.root 357612 [427,419,421,424,422,426,425,420,428,423]
/store/data/Run2022D/DisplacedJet/RAW/v1/000/357/612/00000/41b18094-aab7-4492-bf62-5830c647b702.root 357612 [252,260,254,257,255,256,253,258,259]
/store/data/Run2022D/DisplacedJet/RAW/v1/000/357/612/00000/4313c966-201f-4935-a0bc-7447dd6d3768.root 357612 [674,677,680,681,670,671,676,672,673,669,678,675,679]
/store/data/Run2022D/DisplacedJet/RAW/v1/000/357/612/00000/4aa8898d-dfb6-4017-9bf1-6faca93b4094.root 357612 [543,547,542,545,552,546,544,549,553,548,550,551]
/store/data/Run2022D/DisplacedJet/RAW/v1/000/357/612/00000/4ae12ada-81e0-4e6e-8029-64cfe37828b8.root 357612 [148,145,151,147,146,149,150]
/store/data/Run2022D/DisplacedJet/RAW/v1/000/357/612/00000/4b071180-28b3-4574-808f-79fcb15cd008.root 357612 [270,272,276,277,271,274,275,273]
/store/data/Run2022D/DisplacedJet/RAW/v1/000/357/612/00000/4cb48453-e187-4483-82fd-2f1e71b86f69.root 357612 [182,178,180,177,181,183,179,176]
/store/data/Run2022D/DisplacedJet/RAW/v1/000/357/612/00000/4e475e40-dfcb-4fde-84b8-024df62e7442.root 357612 [344,341,343,345,347,342,348,346,350,349]
/store/data/Run2022D/DisplacedJet/RAW/v1/000/357/612/00000/4f56adce-d8d9-4eb7-975c-d70fa4ada9bf.root 357612 [204,201,209,203,205,208,207,202,206]
/store/data/Run2022D/DisplacedJet/RAW/v1/000/357/612/00000/4f965ab1-0fcb-42cd-bf3e-ad7eb6dc060c.root 357612 [629,630,641,634,640,635,637,639,632,633,638,631,636]
/store/data/Run2022D/DisplacedJet/RAW/v1/000/357/612/00000/53928777-2c2e-47b5-9cfa-f37a9163e11d.root 357612 [315,314,317,319,320,322,316,318,321]
/store/data/Run2022D/DisplacedJet/RAW/v1/000/357/612/00000/56c217ef-65f4-4cfc-affd-b4a8372ea76c.root 357612 [193,196,198,200,194,199,192,195,197]
/store/data/Run2022D/DisplacedJet/RAW/v1/000/357/612/00000/5866045c-5426-4204-809d-5c62e888b446.root 357612 [326,323,330,325,329,327,331,328,324]
/store/data/Run2022D/DisplacedJet/RAW/v1/000/357/612/00000/58dab607-2ba2-42ab-a3db-15f70ddc4416.root 357612 [465,468,469,462,467,463,470,471,464,472,466]
/store/data/Run2022D/DisplacedJet/RAW/v1/000/357/612/00000/60463107-0987-4537-8599-86bb9074678f.root 357612 [601,596,593,600,591,594,595,598,599,592,602,597]
/store/data/Run2022D/DisplacedJet/RAW/v1/000/357/612/00000/64727abc-91e4-4fa3-90d6-d5092b7444cf.root 357612 [93,94,89,91,95,90,92]
/store/data/Run2022D/DisplacedJet/RAW/v1/000/357/612/00000/6af2af83-521c-461c-a2e4-5e8a36bc51c5.root 357612 [727,729,731,725,723,730,724,726,728]
/store/data/Run2022D/DisplacedJet/RAW/v1/000/357/612/00000/6af361c0-c193-4886-8309-87160f9c3205.root 357612 [695,707,705,708,696,699,703,697,701,702,706,700,704,698]
/store/data/Run2022D/DisplacedJet/RAW/v1/000/357/612/00000/6b949c3c-30c1-47a0-89c3-9f42f435f785.root 357612 [264,262,267,269,261,266,268,265,263]
/store/data/Run2022D/DisplacedJet/RAW/v1/000/357/612/00000/7d48a342-b9ac-42f4-96fc-8ae0a1349575.root 357612 [411,414,410,413,415,418,417,412,416,409]
/store/data/Run2022D/DisplacedJet/RAW/v1/000/357/612/00000/820d68df-0161-495a-8910-7734b9fda47d.root 357612 [2,4,1,3,6,7,5]
/store/data/Run2022D/DisplacedJet/RAW/v1/000/357/612/00000/826666b3-db9e-4753-a558-bd6201abdb78.root 357612 [618,619,623,626,627,621,625,622,628,617,620,616,624]
/store/data/Run2022D/DisplacedJet/RAW/v1/000/357/612/00000/834e501b-7b9e-4425-93e4-786ac6333c41.root 357612 [712,717,719,722,710,711,715,718,721,713,714,709,716,720]
/store/data/Run2022D/DisplacedJet/RAW/v1/000/357/612/00000/87b546ac-6878-4370-aa75-79432ced760e.root 357612 [161,162,166,164,160,163,165,167]
/store/data/Run2022D/DisplacedJet/RAW/v1/000/357/612/00000/8f44a366-d5aa-49db-8d6e-d7272a14f099.root 357612 [72,71,68,69,70,73,74]
/store/data/Run2022D/DisplacedJet/RAW/v1/000/357/612/00000/902cc380-1992-499e-953e-da2bf7b09163.root 357612 [281,282,283,285,279,284,286,278,280]
/store/data/Run2022D/DisplacedJet/RAW/v1/000/357/612/00000/90434c62-1369-4397-aa9e-1cda462e5a55.root 357612 [580,579,581,589,590,586,588,582,584,587,583,585]
/store/data/Run2022D/DisplacedJet/RAW/v1/000/357/612/00000/9844a067-81fc-42e5-a284-8d64d765beea.root 357612 [82,86,84,87,83,85,88]
/store/data/Run2022D/DisplacedJet/RAW/v1/000/357/612/00000/9c357703-824b-46e8-a60c-7339d0c31f90.root 357612 [533,536,532,541,535,539,538,530,531,534,537,540]
/store/data/Run2022D/DisplacedJet/RAW/v1/000/357/612/00000/9e6cc9a4-b469-4a98-a094-f1986460869d.root 357612 [49,53,50,52,48,51,47]
/store/data/Run2022D/DisplacedJet/RAW/v1/000/357/612/00000/a0677c8a-6cc3-4704-a896-375b65507bc9.root 357612 [391,392,395,398,390,394,397,393,396]
/store/data/Run2022D/DisplacedJet/RAW/v1/000/357/612/00000/a0ec4726-3e16-4e46-90f2-e66b15b27771.root 357612 [497,501,495,503,505,500,499,504,496,502,498]
/store/data/Run2022D/DisplacedJet/RAW/v1/000/357/612/00000/a441d0fd-8b46-4fe2-8bac-8fd0ffbf9c3e.root 357612 [124,126,128,129,127,130,125]
/store/data/Run2022D/DisplacedJet/RAW/v1/000/357/612/00000/a5af5cd8-1bfd-4906-8534-ea5393224295.root 357612 [312,311,305,308,313,307,310,306,309]
/store/data/Run2022D/DisplacedJet/RAW/v1/000/357/612/00000/ac2b8e89-a846-4a5a-b067-93e974c51f18.root 357612 [241,236,237,239,238,240,235,242]
/store/data/Run2022D/DisplacedJet/RAW/v1/000/357/612/00000/b24af8a8-98ca-49e6-9910-075f3bc56286.root 357612 [34,36,35,40,37,39,38]
/store/data/Run2022D/DisplacedJet/RAW/v1/000/357/612/00000/bbafddf4-ef7a-4909-9643-66eba8fa68c4.root 357612 [682,686,683,687,688,692,684,693,689,690,691,685,694]
/store/data/Run2022D/DisplacedJet/RAW/v1/000/357/612/00000/be8831ed-80b7-4278-94fa-6d6c03b231ff.root 357612 [489,493,485,490,488,486,487,494,484,491,492]
/store/data/Run2022D/DisplacedJet/RAW/v1/000/357/612/00000/c2428a73-957d-4033-a69b-20505cf6b8fa.root 357612 [513,514,507,511,506,510,516,509,512,517,515,508]
/store/data/Run2022D/DisplacedJet/RAW/v1/000/357/612/00000/c494cfea-2ecf-41b6-a935-2e54695aeadc.root 357612 [665,664,658,668,656,657,659,661,666,662,660,655,663,667]
/store/data/Run2022D/DisplacedJet/RAW/v1/000/357/612/00000/c4e95277-ee50-49f7-be2c-a684e769fc5d.root 357612 [184,186,188,189,185,187,190,191]
/store/data/Run2022D/DisplacedJet/RAW/v1/000/357/612/00000/c70c5086-2673-478b-b9c9-1ca92abab8d7.root 357612 [554,556,560,561,563,564,559,557,558,555,562,565]
/store/data/Run2022D/DisplacedJet/RAW/v1/000/357/612/00000/c7a04da9-cdb3-4f2d-92a7-0e9245440740.root 357612 [117,118,121,119,123,120,122]
/store/data/Run2022D/DisplacedJet/RAW/v1/000/357/612/00000/c7bdf479-2eab-47b9-a441-65a707d65ba4.root 357612 [452,454,455,461,457,459,453,451,456,460,458]
/store/data/Run2022D/DisplacedJet/RAW/v1/000/357/612/00000/ca64da10-2f74-497e-8720-eadb8696104e.root 357612 [444,450,446,442,449,440,445,441,447,443,448]
/store/data/Run2022D/DisplacedJet/RAW/v1/000/357/612/00000/cf158204-70e4-4a8c-86d6-3578799e313a.root 357612 [429,437,439,431,434,433,438,432,435,436,430]
/store/data/Run2022D/DisplacedJet/RAW/v1/000/357/612/00000/d04a3bf4-b240-4b90-b898-15b9e70e9237.root 357612 [138,144,139,141,142,143,140]
/store/data/Run2022D/DisplacedJet/RAW/v1/000/357/612/00000/d04ae67a-e366-4d27-a343-c9671e033382.root 357612 [96,99,102,100,98,101,97]
/store/data/Run2022D/DisplacedJet/RAW/v1/000/357/612/00000/d586b985-a882-4901-b205-533cdf9fc103.root 357612 [371,380,373,376,378,374,375,372,379,377]
/store/data/Run2022D/DisplacedJet/RAW/v1/000/357/612/00000/d7da34ef-364c-41dd-bd02-3d0ba3a5275e.root 357612 [8,9,13,12,10,11]
/store/data/Run2022D/DisplacedJet/RAW/v1/000/357/612/00000/d9022e2f-66bc-446d-8f85-44e7e1ecde47.root 357612 [168,173,171,170,172,174,169,175]
/store/data/Run2022D/DisplacedJet/RAW/v1/000/357/612/00000/de45f306-c5fb-47f7-87e8-c04aa01eb8ed.root 357612 [29,30,31,32,27,28,33]
/store/data/Run2022D/DisplacedJet/RAW/v1/000/357/612/00000/e2485fae-df94-4652-8c23-7378667a59d7.root 357612 [225,222,219,221,218,220,224,223]
/store/data/Run2022D/DisplacedJet/RAW/v1/000/357/612/00000/e436deda-78c3-489e-8875-a290ccd4f5fd.root 357612 [104,108,106,103,105,107,109]
/store/data/Run2022D/DisplacedJet/RAW/v1/000/357/612/00000/e4b130a4-fb3d-42dc-b181-5e07780dd4c3.root 357612 [646,648,644,645,649,651,647,650,654,642,643,652,653]
/store/data/Run2022D/DisplacedJet/RAW/v1/000/357/612/00000/e90f5a02-8d22-46bd-ae87-324b738af1e4.root 357612 [401,407,403,406,402,404,399,405,400,408]
/store/data/Run2022D/DisplacedJet/RAW/v1/000/357/612/00000/e9a477c0-8b35-4129-bc39-b0c3cc3d69c7.root 357612 [613,614,604,607,609,603,611,608,610,612,605,606,615]
/store/data/Run2022D/DisplacedJet/RAW/v1/000/357/612/00000/f5ee0650-eb76-45b3-b889-c914feecb157.root 357612 [154,156,158,153,152,155,157,159]
