355094
355100
355101
355102
355103
355104
355105
355106
355107
355108
355109
355110
355111
355112
355113
355117
355118
355119
355120
355121
355122
355123
355124
355127
355128
355129
355130
355133
355134
355135
355181
355196
355203
355204
355205
355206
355207
355208
355368
355369
355374
355375
355376
355379
355380
355381
355382
355383
355400
355404
355405
355406
355407
355411
355414
355415
355417
355418
355419
355429
355435
355437
355438
355439
355441
355442
355443
355444
355445
355453
355454
355455
355456
355457
355463
355552
355558
355559
355627
355628
355629
355630
355631
355671
355678
355679
355680
355765
355768
355769
