/store/data/Run2015D/HLTPhysics/RAW/v1/000/256/677/00000/024F6F90-605D-E511-8CC7-02163E0146A2.root [429,431,432,430]
/store/data/Run2015D/HLTPhysics/RAW/v1/000/256/677/00000/0C388EB2-405D-E511-9106-02163E0143E0.root [232,231,233,230]
/store/data/Run2015D/HLTPhysics/RAW/v1/000/256/677/00000/0C86E1C0-3B5D-E511-A755-02163E01391B.root [160,159,158,161]
/store/data/Run2015D/HLTPhysics/RAW/v1/000/256/677/00000/0CF4CD4F-5C5D-E511-8430-02163E01382E.root [408,405,406,407]
/store/data/Run2015D/HLTPhysics/RAW/v1/000/256/677/00000/12D999EE-385D-E511-9573-02163E013863.root [132,130,131,133]
/store/data/Run2015D/HLTPhysics/RAW/v1/000/256/677/00000/1656201A-5B5D-E511-97C1-02163E0143AC.root [346,347,345,348]
/store/data/Run2015D/HLTPhysics/RAW/v1/000/256/677/00000/1883EFCE-2F5D-E511-B3A5-02163E014338.root [11,12,10,9]
/store/data/Run2015D/HLTPhysics/RAW/v1/000/256/677/00000/1A62F7DD-5A5D-E511-B9DC-02163E014736.root [330,329,331,332]
/store/data/Run2015D/HLTPhysics/RAW/v1/000/256/677/00000/1E05C265-5C5D-E511-8C61-02163E0119BD.root [387,388,386,385]
/store/data/Run2015D/HLTPhysics/RAW/v1/000/256/677/00000/22BAA216-355D-E511-ACC6-02163E011820.root [80,79,77,78]
/store/data/Run2015D/HLTPhysics/RAW/v1/000/256/677/00000/2462A12C-355D-E511-B794-02163E013490.root [33,36,34,35]
/store/data/Run2015D/HLTPhysics/RAW/v1/000/256/677/00000/268BBA33-355D-E511-A69A-02163E014511.root [49,51,50,52]
/store/data/Run2015D/HLTPhysics/RAW/v1/000/256/677/00000/28DD6A2A-355D-E511-A394-02163E01211E.root [83,84,82,81]
/store/data/Run2015D/HLTPhysics/RAW/v1/000/256/677/00000/2E775827-3C5D-E511-A924-02163E0128A6.root [189,187,186,188]
/store/data/Run2015D/HLTPhysics/RAW/v1/000/256/677/00000/2EBE1E94-305D-E511-AE58-02163E01468C.root [14,13,15,16]
/store/data/Run2015D/HLTPhysics/RAW/v1/000/256/677/00000/322B466B-345D-E511-B560-02163E01424B.root [24,21,22,23]
/store/data/Run2015D/HLTPhysics/RAW/v1/000/256/677/00000/32F064C6-3B5D-E511-B82C-02163E0124C6.root [170,171,172,173]
/store/data/Run2015D/HLTPhysics/RAW/v1/000/256/677/00000/3411A88B-605D-E511-A7AD-02163E011D88.root [442,443,444,441]
/store/data/Run2015D/HLTPhysics/RAW/v1/000/256/677/00000/34703FEA-385D-E511-891D-02163E014774.root [119,121,120,118]
/store/data/Run2015D/HLTPhysics/RAW/v1/000/256/677/00000/3E656E75-345D-E511-990C-02163E017078.root [29,32,30,31]
/store/data/Run2015D/HLTPhysics/RAW/v1/000/256/677/00000/408A8DA0-405D-E511-9B0C-02163E01420D.root [203,204,205,202]
/store/data/Run2015D/HLTPhysics/RAW/v1/000/256/677/00000/42EE54C3-3B5D-E511-831F-02163E0143F7.root [139,138,140,141]
/store/data/Run2015D/HLTPhysics/RAW/v1/000/256/677/00000/44AD643A-355D-E511-A1E9-02163E0143CF.root [76,73,74,75]
/store/data/Run2015D/HLTPhysics/RAW/v1/000/256/677/00000/4840A7DB-5A5D-E511-A9DC-02163E0119BD.root [321,323,324,322]
/store/data/Run2015D/HLTPhysics/RAW/v1/000/256/677/00000/4854B9E7-5A5D-E511-ACE2-02163E0143F7.root [335,333,334,336]
/store/data/Run2015D/HLTPhysics/RAW/v1/000/256/677/00000/48659E5C-405D-E511-9E03-02163E014251.root [237,234,236,235]
/store/data/Run2015D/HLTPhysics/RAW/v1/000/256/677/00000/48940A46-395D-E511-8DB7-02163E0143A2.root [116,115,117,114]
/store/data/Run2015D/HLTPhysics/RAW/v1/000/256/677/00000/4ADE83BA-3B5D-E511-95F8-02163E0143B0.root [146,147,148,149]
/store/data/Run2015D/HLTPhysics/RAW/v1/000/256/677/00000/4C3FBBA9-2F5D-E511-9DF1-02163E0142D8.root [4,2,1,3]
/store/data/Run2015D/HLTPhysics/RAW/v1/000/256/677/00000/4E8E594C-5C5D-E511-833D-02163E0146F7.root [394,396,395,393]
/store/data/Run2015D/HLTPhysics/RAW/v1/000/256/677/00000/4EDC1961-5C5D-E511-BF49-02163E011FBB.root [378,377,380,379]
/store/data/Run2015D/HLTPhysics/RAW/v1/000/256/677/00000/506042A4-605D-E511-93B4-02163E014144.root [456,455,453,454]
/store/data/Run2015D/HLTPhysics/RAW/v1/000/256/677/00000/520EEAB4-2F5D-E511-B97B-02163E013843.root [8,5,7,6]
/store/data/Run2015D/HLTPhysics/RAW/v1/000/256/677/00000/52269D16-355D-E511-8032-02163E011820.root [39,37,38,40]
/store/data/Run2015D/HLTPhysics/RAW/v1/000/256/677/00000/52A268DB-5A5D-E511-AF38-02163E0143CF.root [311,309,310,312]
/store/data/Run2015D/HLTPhysics/RAW/v1/000/256/677/00000/565EBB56-405D-E511-9268-02163E0170AD.root [210,212,213,211]
/store/data/Run2015D/HLTPhysics/RAW/v1/000/256/677/00000/5854425F-405D-E511-9C33-02163E01391B.root [225,224,223,222]
/store/data/Run2015D/HLTPhysics/RAW/v1/000/256/677/00000/58D466EF-385D-E511-8A56-02163E01228A.root [135,137,136,134]
/store/data/Run2015D/HLTPhysics/RAW/v1/000/256/677/00000/5EDAD5AF-3E5D-E511-865C-02163E01716B.root [196,195,194,197]
/store/data/Run2015D/HLTPhysics/RAW/v1/000/256/677/00000/62536566-355D-E511-B730-02163E0143E0.root [61,64,62,63]
/store/data/Run2015D/HLTPhysics/RAW/v1/000/256/677/00000/642E3598-605D-E511-919B-02163E0119BD.root [449,451,452,450]
/store/data/Run2015D/HLTPhysics/RAW/v1/000/256/677/00000/6472F12C-355D-E511-8923-02163E014187.root [41,43,44,42]
/store/data/Run2015D/HLTPhysics/RAW/v1/000/256/677/00000/665145A4-605D-E511-81E6-02163E014144.root [423,422,424,421]
/store/data/Run2015D/HLTPhysics/RAW/v1/000/256/677/00000/66754854-5C5D-E511-A3EC-02163E01424B.root [373,375,374,376]
/store/data/Run2015D/HLTPhysics/RAW/v1/000/256/677/00000/6A827E93-355D-E511-9023-02163E0137FF.root [112,113,111,110]
/store/data/Run2015D/HLTPhysics/RAW/v1/000/256/677/00000/6AB127E8-355D-E511-A18F-02163E014459.root [67,68,65,66]
/store/data/Run2015D/HLTPhysics/RAW/v1/000/256/677/00000/6E6C2366-5C5D-E511-A46F-02163E014213.root [368,365,366,367]
/store/data/Run2015D/HLTPhysics/RAW/v1/000/256/677/00000/7AE06890-305D-E511-A977-02163E01467C.root [19,20,17,18]
/store/data/Run2015D/HLTPhysics/RAW/v1/000/256/677/00000/80C65E78-5C5D-E511-835E-02163E014213.root [416,413,414,415]
/store/data/Run2015D/HLTPhysics/RAW/v1/000/256/677/00000/88FDAC92-5A5D-E511-A002-02163E0119C7.root [265,270,264,271,279,284,286,291,277,282,283,289,262,281,285,269,273,276,288,290,263,274,275,287,266,267,272,278,268,280]
/store/data/Run2015D/HLTPhysics/RAW/v1/000/256/677/00000/8A330C8C-605D-E511-9738-02163E0142D8.root [478,477,479,480]
/store/data/Run2015D/HLTPhysics/RAW/v1/000/256/677/00000/8C86AC1C-355D-E511-84DF-02163E01211E.root [55,56,53,54]
/store/data/Run2015D/HLTPhysics/RAW/v1/000/256/677/00000/8C90634D-5C5D-E511-9DB5-02163E0142D8.root [381,383,384,382]
/store/data/Run2015D/HLTPhysics/RAW/v1/000/256/677/00000/8EA9A356-5C5D-E511-8D10-02163E011D88.root [371,372,369,370]
/store/data/Run2015D/HLTPhysics/RAW/v1/000/256/677/00000/92429427-355D-E511-AA92-02163E0119C7.root [105,106,104,108,109,107]
/store/data/Run2015D/HLTPhysics/RAW/v1/000/256/677/00000/928AC4DA-3B5D-E511-BA84-02163E01395F.root [180,178,181,179]
/store/data/Run2015D/HLTPhysics/RAW/v1/000/256/677/00000/940F0CD0-3B5D-E511-939A-02163E014251.root [166,169,167,168]
/store/data/Run2015D/HLTPhysics/RAW/v1/000/256/677/00000/943891D5-5A5D-E511-8394-02163E013632.root [356,354,355,353]
/store/data/Run2015D/HLTPhysics/RAW/v1/000/256/677/00000/94B09250-615D-E511-9A0D-02163E0142D8.root [481,485,484,486,482,483]
/store/data/Run2015D/HLTPhysics/RAW/v1/000/256/677/00000/964BFD17-5B5D-E511-8B12-02163E0134BE.root [338,339,337,340]
/store/data/Run2015D/HLTPhysics/RAW/v1/000/256/677/00000/9676A826-355D-E511-8A3C-02163E014184.root [90,91,96,97,93,92,94,95]
/store/data/Run2015D/HLTPhysics/RAW/v1/000/256/677/00000/96F26524-355D-E511-B34C-02163E0143A2.root [47,48,46,45]
/store/data/Run2015D/HLTPhysics/RAW/v1/000/256/677/00000/98A3DF74-355D-E511-B71F-02163E0143F7.root [57,59,60,58]
/store/data/Run2015D/HLTPhysics/RAW/v1/000/256/677/00000/98E4AD5F-405D-E511-8CF7-02163E0136C6.root [238,241,240,239]
/store/data/Run2015D/HLTPhysics/RAW/v1/000/256/677/00000/9A9DAA30-355D-E511-8A1E-02163E0137FF.root [72,69,70,71]
/store/data/Run2015D/HLTPhysics/RAW/v1/000/256/677/00000/9C793D43-615D-E511-B83F-02163E01364A.root [320,317,319,318]
/store/data/Run2015D/HLTPhysics/RAW/v1/000/256/677/00000/A023B761-5C5D-E511-AFF2-02163E014251.root [358,360,359,357]
/store/data/Run2015D/HLTPhysics/RAW/v1/000/256/677/00000/A0CFC467-5B5D-E511-ADA9-02163E0170AD.root [352,350,349,351]
/store/data/Run2015D/HLTPhysics/RAW/v1/000/256/677/00000/A2C543D4-3B5D-E511-AECC-02163E01437B.root [183,182,184,185]
/store/data/Run2015D/HLTPhysics/RAW/v1/000/256/677/00000/A421389E-605D-E511-AD93-02163E013632.root [448,447,445,446]
/store/data/Run2015D/HLTPhysics/RAW/v1/000/256/677/00000/A69B3D62-5C5D-E511-9266-02163E0119C7.root [392,390,389,391]
/store/data/Run2015D/HLTPhysics/RAW/v1/000/256/677/00000/AAF358EB-385D-E511-81E4-02163E013518.root [127,128,126,129]
/store/data/Run2015D/HLTPhysics/RAW/v1/000/256/677/00000/ACB769A6-605D-E511-BE97-02163E014260.root [467,468,465,466]
/store/data/Run2015D/HLTPhysics/RAW/v1/000/256/677/00000/AE986D88-605D-E511-8D44-02163E0134BE.root [457,459,458,460]
/store/data/Run2015D/HLTPhysics/RAW/v1/000/256/677/00000/B044888A-405D-E511-8D24-02163E0141D3.root [208,206,207,209]
/store/data/Run2015D/HLTPhysics/RAW/v1/000/256/677/00000/B09C108F-605D-E511-8BA6-02163E0143E0.root [427,425,426,428]
/store/data/Run2015D/HLTPhysics/RAW/v1/000/256/677/00000/B26AB84D-5C5D-E511-9E26-02163E0143CF.root [398,397,399,400]
/store/data/Run2015D/HLTPhysics/RAW/v1/000/256/677/00000/B2E7F452-5C5D-E511-98AF-02163E011D99.root [411,410,409,412]
/store/data/Run2015D/HLTPhysics/RAW/v1/000/256/677/00000/B4E698F4-385D-E511-8618-02163E0139A9.root [122,124,123,125]
/store/data/Run2015D/HLTPhysics/RAW/v1/000/256/677/00000/B6B752C9-405D-E511-8226-02163E013843.root [245,249,250,257,247,248,252,254,243,260,242,246,251,253,255,261,256,259,244,258]
/store/data/Run2015D/HLTPhysics/RAW/v1/000/256/677/00000/B823BC76-345D-E511-8005-02163E014251.root [25,26,27,28]
/store/data/Run2015D/HLTPhysics/RAW/v1/000/256/677/00000/BC44178E-605D-E511-96F7-02163E013632.root [419,418,417,420]
/store/data/Run2015D/HLTPhysics/RAW/v1/000/256/677/00000/BC67C3E7-5A5D-E511-A6AF-02163E0143F7.root [304,303,302,301]
/store/data/Run2015D/HLTPhysics/RAW/v1/000/256/677/00000/BE193F95-5A5D-E511-98B0-02163E0122FF.root [298,297,300,299]
/store/data/Run2015D/HLTPhysics/RAW/v1/000/256/677/00000/BE9052D8-5A5D-E511-A81E-02163E01279C.root [341,342,343,344]
/store/data/Run2015D/HLTPhysics/RAW/v1/000/256/677/00000/C058B59B-605D-E511-BA19-02163E01420D.root [433,434,436,435]
/store/data/Run2015D/HLTPhysics/RAW/v1/000/256/677/00000/C213D453-405D-E511-805A-02163E0124C6.root [221,220,218,219]
/store/data/Run2015D/HLTPhysics/RAW/v1/000/256/677/00000/C2DF9BC9-3B5D-E511-B33C-02163E01468C.root [190,193,191,192]
/store/data/Run2015D/HLTPhysics/RAW/v1/000/256/677/00000/C4A571FD-5A5D-E511-92E1-02163E0119B2.root [327,325,326,328]
/store/data/Run2015D/HLTPhysics/RAW/v1/000/256/677/00000/C8085A61-5C5D-E511-833F-02163E0133FB.root [401,402,403,404]
/store/data/Run2015D/HLTPhysics/RAW/v1/000/256/677/00000/C899C1DE-3B5D-E511-AC20-02163E014636.root [163,162,164,165]
/store/data/Run2015D/HLTPhysics/RAW/v1/000/256/677/00000/CE278991-5A5D-E511-A3E0-02163E01211E.root [296,293,294,295]
/store/data/Run2015D/HLTPhysics/RAW/v1/000/256/677/00000/CE9114C5-3B5D-E511-AC1E-02163E014359.root [174,175,177,176]
/store/data/Run2015D/HLTPhysics/RAW/v1/000/256/677/00000/CE9BF49C-605D-E511-A0B3-02163E0122FF.root [437,440,438,439]
/store/data/Run2015D/HLTPhysics/RAW/v1/000/256/677/00000/D2F3E263-405D-E511-BD39-02163E011954.root [228,229,227,226]
/store/data/Run2015D/HLTPhysics/RAW/v1/000/256/677/00000/D42F0A68-405D-E511-A534-02163E014144.root [216,217,214,215]
/store/data/Run2015D/HLTPhysics/RAW/v1/000/256/677/00000/D8A39A2E-355D-E511-A1D8-02163E013843.root [86,87,89,85,88]
/store/data/Run2015D/HLTPhysics/RAW/v1/000/256/677/00000/DA12C11E-355D-E511-B701-02163E013863.root [99,101,102,103,98,100]
/store/data/Run2015D/HLTPhysics/RAW/v1/000/256/677/00000/DAF907B0-3E5D-E511-B436-02163E01716B.root [150,153,152,151]
/store/data/Run2015D/HLTPhysics/RAW/v1/000/256/677/00000/DEDAF8CD-3B5D-E511-901D-02163E0146F7.root [142,143,145,144]
/store/data/Run2015D/HLTPhysics/RAW/v1/000/256/677/00000/DEF0E3CC-3B5D-E511-A9A6-02163E0119C7.root [154,157,155,156]
/store/data/Run2015D/HLTPhysics/RAW/v1/000/256/677/00000/E021EE7D-5C5D-E511-A634-02163E0134BE.root [361,364,363,362]
/store/data/Run2015D/HLTPhysics/RAW/v1/000/256/677/00000/E087AAF8-5A5D-E511-9DDF-02163E01449B.root [316,314,313,315]
/store/data/Run2015D/HLTPhysics/RAW/v1/000/256/677/00000/E6911D89-605D-E511-9678-02163E01382E.root [469,470,472,471]
/store/data/Run2015D/HLTPhysics/RAW/v1/000/256/677/00000/E8058691-605D-E511-A423-02163E0146A2.root [461,463,462,464]
/store/data/Run2015D/HLTPhysics/RAW/v1/000/256/677/00000/E8B8C96A-405D-E511-9F2E-02163E01266E.root [201,200,198,199]
/store/data/Run2015D/HLTPhysics/RAW/v1/000/256/677/00000/F679BCDE-5A5D-E511-98D8-02163E0146F7.root [307,306,308,305]
/store/data/Run2015D/HLTPhysics/RAW/v1/000/256/677/00000/FC9A919B-605D-E511-8F90-02163E0119C7.root [473,475,476,474]
