/store/data/Run2017F/MET/RAW/v1/000/305/064/00000/00107BE8-DCB1-E711-A762-02163E01A75C.root [361,360]
/store/data/Run2017F/MET/RAW/v1/000/305/064/00000/002EF356-E2B1-E711-AB3C-02163E01A3C1.root [377,378]
/store/data/Run2017F/MET/RAW/v1/000/305/064/00000/008F04BD-DCB1-E711-84BA-02163E0133BC.root [366,367]
/store/data/Run2017F/MET/RAW/v1/000/305/064/00000/00A03389-FEB0-E711-906F-02163E0144A2.root [149]
/store/data/Run2017F/MET/RAW/v1/000/305/064/00000/00EA2BEE-F7B0-E711-B68C-02163E014411.root [27]
/store/data/Run2017F/MET/RAW/v1/000/305/064/00000/02396761-F7B1-E711-B609-02163E01192A.root [223,224]
/store/data/Run2017F/MET/RAW/v1/000/305/064/00000/02440891-FEB0-E711-8D48-02163E01355A.root [152]
/store/data/Run2017F/MET/RAW/v1/000/305/064/00000/02AE43E8-F7B0-E711-9CB0-02163E01459C.root [22]
/store/data/Run2017F/MET/RAW/v1/000/305/064/00000/02CA0ACC-76B1-E711-B427-02163E01350F.root [1373,1374,1377,1378,1375,1379,1372,1376,1380]
/store/data/Run2017F/MET/RAW/v1/000/305/064/00000/04051CAA-D1B1-E711-82B0-02163E0134A7.root [196,195]
/store/data/Run2017F/MET/RAW/v1/000/305/064/00000/040BC45E-E2B1-E711-A093-02163E01A58C.root [407,408]
/store/data/Run2017F/MET/RAW/v1/000/305/064/00000/04E9E785-D7B1-E711-89DA-02163E01A2E0.root [240,239]
/store/data/Run2017F/MET/RAW/v1/000/305/064/00000/06729D4C-76B1-E711-9267-02163E019D5F.root [846,850,848,851,847,849]
/store/data/Run2017F/MET/RAW/v1/000/305/064/00000/069F6464-E2B1-E711-B47E-02163E0146B8.root [494,496,495]
/store/data/Run2017F/MET/RAW/v1/000/305/064/00000/06A2023A-76B1-E711-AF5D-02163E019B9A.root [945,946,947,944]
/store/data/Run2017F/MET/RAW/v1/000/305/064/00000/06A21CB4-D7B1-E711-89EE-02163E019E8A.root [271,272]
/store/data/Run2017F/MET/RAW/v1/000/305/064/00000/06A4244F-E2B1-E711-B782-02163E014295.root [389,390]
/store/data/Run2017F/MET/RAW/v1/000/305/064/00000/06FA29A6-76B1-E711-9322-02163E011B95.root [1469,1473,1474,1471,1467,1470,1478,1475,1476,1468,1472,1477]
/store/data/Run2017F/MET/RAW/v1/000/305/064/00000/0872C21F-FAB0-E711-BB7D-02163E019BE2.root [72]
/store/data/Run2017F/MET/RAW/v1/000/305/064/00000/0A0D1456-F7B1-E711-95CC-02163E01A1C9.root [214,213]
/store/data/Run2017F/MET/RAW/v1/000/305/064/00000/0A1E7753-CCB1-E711-B42E-02163E0136AD.root [132,133]
/store/data/Run2017F/MET/RAW/v1/000/305/064/00000/0A78E234-E4B1-E711-90FE-02163E01A53A.root [559,560,561]
/store/data/Run2017F/MET/RAW/v1/000/305/064/00000/0AA7413E-F8B0-E711-B5B2-02163E011D3F.root [41]
/store/data/Run2017F/MET/RAW/v1/000/305/064/00000/0AAD76CF-76B1-E711-9051-02163E013746.root [701,700,702,699]
/store/data/Run2017F/MET/RAW/v1/000/305/064/00000/0C031354-F9B0-E711-B8B8-02163E01A753.root [58]
/store/data/Run2017F/MET/RAW/v1/000/305/064/00000/0CE74AB1-F7B1-E711-851E-02163E01217E.root [234,233]
/store/data/Run2017F/MET/RAW/v1/000/305/064/00000/0CF3EFA2-D7B1-E711-9BB2-02163E019D23.root [243,244]
/store/data/Run2017F/MET/RAW/v1/000/305/064/00000/0E08F820-FAB0-E711-8354-02163E01A4F1.root [75]
/store/data/Run2017F/MET/RAW/v1/000/305/064/00000/0E09C59C-D7B1-E711-8D95-02163E01A77C.root [291,292]
/store/data/Run2017F/MET/RAW/v1/000/305/064/00000/0E0BAA80-76B1-E711-B7F5-02163E0142FA.root [953,957,954,955,956,958]
/store/data/Run2017F/MET/RAW/v1/000/305/064/00000/0E4D03DD-F7B0-E711-A493-02163E0143D6.root [30]
/store/data/Run2017F/MET/RAW/v1/000/305/064/00000/0EA9B452-E2B1-E711-95A0-02163E011CB0.root [401,402]
/store/data/Run2017F/MET/RAW/v1/000/305/064/00000/0EAC94BD-76B1-E711-9A20-02163E01A1D1.root [1721,1723,1726,1720,1724,1727,1722,1725,1717,1728,1718,1719]
/store/data/Run2017F/MET/RAW/v1/000/305/064/00000/10575D31-F7B0-E711-9A89-02163E01A786.root [10]
/store/data/Run2017F/MET/RAW/v1/000/305/064/00000/1220430C-F8B0-E711-979E-02163E01A5AD.root [28]
/store/data/Run2017F/MET/RAW/v1/000/305/064/00000/1248A158-FDB0-E711-82AB-02163E019E85.root [129]
/store/data/Run2017F/MET/RAW/v1/000/305/064/00000/1264F849-FDB0-E711-9D11-02163E011DD0.root [123]
/store/data/Run2017F/MET/RAW/v1/000/305/064/00000/126AAD9E-E2B1-E711-BE58-02163E013662.root [492,491,493]
/store/data/Run2017F/MET/RAW/v1/000/305/064/00000/1293877B-76B1-E711-9F1F-02163E01A6AD.root [950,951,948,952,949]
/store/data/Run2017F/MET/RAW/v1/000/305/064/00000/12CA5A22-F7B1-E711-880B-02163E0144C9.root [229,230]
/store/data/Run2017F/MET/RAW/v1/000/305/064/00000/12FA3D79-E2B1-E711-8022-02163E01A4A7.root [519,518,520]
/store/data/Run2017F/MET/RAW/v1/000/305/064/00000/1446929A-E2B1-E711-A927-02163E01A251.root [420,422,421]
/store/data/Run2017F/MET/RAW/v1/000/305/064/00000/14B694B5-D7B1-E711-810B-02163E01A645.root [288,287]
/store/data/Run2017F/MET/RAW/v1/000/305/064/00000/14F689D0-FBB0-E711-B128-02163E012A39.root [102]
/store/data/Run2017F/MET/RAW/v1/000/305/064/00000/162A58A2-F8B0-E711-BF42-02163E01A4EE.root [51]
/store/data/Run2017F/MET/RAW/v1/000/305/064/00000/16313C93-76B1-E711-8920-02163E01448D.root [1184,1188,1185,1189,1186,1187]
/store/data/Run2017F/MET/RAW/v1/000/305/064/00000/166EC2E8-76B1-E711-A7D5-02163E019D9C.root [908,906,910,909,907,911]
/store/data/Run2017F/MET/RAW/v1/000/305/064/00000/16B00F4D-E2B1-E711-9FFF-02163E019CF9.root [391,392]
/store/data/Run2017F/MET/RAW/v1/000/305/064/00000/16E909F4-76B1-E711-B68C-02163E013827.root [1542,1540,1547,1539,1543,1548,1550,1544,1545,1546,1549,1541]
/store/data/Run2017F/MET/RAW/v1/000/305/064/00000/181A86B8-76B1-E711-8E27-02163E0137C9.root [2036,2046,2039,2043,2040,2052,2034,2044,2049,2050,2053,2045,2048,2051,2035,2037,2038,2041,2042,2047]
/store/data/Run2017F/MET/RAW/v1/000/305/064/00000/182FEC61-F8B0-E711-922F-02163E01A5DD.root [38]
/store/data/Run2017F/MET/RAW/v1/000/305/064/00000/1847C2C3-FDB0-E711-957E-02163E011E92.root [114]
/store/data/Run2017F/MET/RAW/v1/000/305/064/00000/1875C4E4-F7B0-E711-8A16-02163E0119C6.root [31]
/store/data/Run2017F/MET/RAW/v1/000/305/064/00000/189E5795-76B1-E711-98AD-02163E01A309.root [1566,1572,1565,1570,1571,1573,1563,1564,1567,1574,1568,1569]
/store/data/Run2017F/MET/RAW/v1/000/305/064/00000/18D21843-E2B1-E711-8A8E-02163E019D78.root [379,380]
/store/data/Run2017F/MET/RAW/v1/000/305/064/00000/1A139E5F-F9B0-E711-AF48-02163E0140F1.root [56]
/store/data/Run2017F/MET/RAW/v1/000/305/064/00000/1A253454-F7B1-E711-9B4C-02163E01A56C.root [222,221]
/store/data/Run2017F/MET/RAW/v1/000/305/064/00000/1A366340-76B1-E711-8D42-02163E013456.root [807,805,804,806]
/store/data/Run2017F/MET/RAW/v1/000/305/064/00000/1A95E08D-E2B1-E711-AA7C-02163E0142CA.root [412,411]
/store/data/Run2017F/MET/RAW/v1/000/305/064/00000/1A9F8200-01B1-E711-80BC-02163E019BA5.root [189]
/store/data/Run2017F/MET/RAW/v1/000/305/064/00000/1AA88927-F7B0-E711-BEF8-02163E0133DF.root [6]
/store/data/Run2017F/MET/RAW/v1/000/305/064/00000/1AC50FC3-76B1-E711-B1CC-02163E013807.root [1969,1974,1975,1976,1971,1973,1967,1977,1979,1981,1968,1978,1980,1970,1972]
/store/data/Run2017F/MET/RAW/v1/000/305/064/00000/1AD3734E-E2B1-E711-AC19-02163E019BAA.root [406,405]
/store/data/Run2017F/MET/RAW/v1/000/305/064/00000/1AEBA0DE-76B1-E711-B7F0-02163E013445.root [1161,1157,1160,1158,1159,1162]
/store/data/Run2017F/MET/RAW/v1/000/305/064/00000/1C4490A3-FEB0-E711-B2B3-02163E019B61.root [156]
/store/data/Run2017F/MET/RAW/v1/000/305/064/00000/1C591540-FAB0-E711-A69F-02163E01372E.root [67]
/store/data/Run2017F/MET/RAW/v1/000/305/064/00000/1CB4DD4B-FDB0-E711-9D36-02163E011C8D.root [118]
/store/data/Run2017F/MET/RAW/v1/000/305/064/00000/1CED0C53-E2B1-E711-BA8F-02163E019C81.root [382,381]
/store/data/Run2017F/MET/RAW/v1/000/305/064/00000/1CEE4D44-3BB2-E711-8F31-02163E0123F1.root [637,634,635,636]
/store/data/Run2017F/MET/RAW/v1/000/305/064/00000/1E43D3EE-D7B1-E711-9534-02163E011D2F.root [331,332]
/store/data/Run2017F/MET/RAW/v1/000/305/064/00000/1E5BDB96-E2B1-E711-A1A4-02163E01364A.root [424,425,423]
/store/data/Run2017F/MET/RAW/v1/000/305/064/00000/1EAA4BC6-76B1-E711-9617-02163E013863.root [1422,1426,1421,1425,1423,1420,1419,1424]
/store/data/Run2017F/MET/RAW/v1/000/305/064/00000/1EB66EF6-76B1-E711-8938-02163E0136CF.root [1925,1935,1936,1923,1929,1931,1933,1922,1926,1932,1924,1930,1934,1927,1928]
/store/data/Run2017F/MET/RAW/v1/000/305/064/00000/1EBC10C2-76B1-E711-B59A-02163E019E85.root [1383,1384,1389,1387,1385,1382,1386,1381,1388]
/store/data/Run2017F/MET/RAW/v1/000/305/064/00000/203FB842-DDB1-E711-B4CC-02163E013864.root [346,347]
/store/data/Run2017F/MET/RAW/v1/000/305/064/00000/20703DC2-F8B0-E711-91BF-02163E01A5F3.root [52]
/store/data/Run2017F/MET/RAW/v1/000/305/064/00000/20F8BB66-F7B1-E711-925D-02163E019D72.root [217,218]
/store/data/Run2017F/MET/RAW/v1/000/305/064/00000/20FD27B6-F6B0-E711-98E6-02163E012832.root [2]
/store/data/Run2017F/MET/RAW/v1/000/305/064/00000/224A12DF-F8B0-E711-9975-02163E01A390.root [50]
/store/data/Run2017F/MET/RAW/v1/000/305/064/00000/22502F53-F7B1-E711-B7D9-02163E013864.root [204,203]
/store/data/Run2017F/MET/RAW/v1/000/305/064/00000/22714283-F8B0-E711-8CC9-02163E014439.root [42]
/store/data/Run2017F/MET/RAW/v1/000/305/064/00000/227E080C-D8B1-E711-B0EC-02163E0137BC.root [316,315]
/store/data/Run2017F/MET/RAW/v1/000/305/064/00000/24575D31-F7B0-E711-93B6-02163E01A786.root [5]
/store/data/Run2017F/MET/RAW/v1/000/305/064/00000/264C9C63-F7B1-E711-93EB-02163E01A289.root [199,200]
/store/data/Run2017F/MET/RAW/v1/000/305/064/00000/26670FDF-FDB0-E711-BBCE-02163E01372D.root [142]
/store/data/Run2017F/MET/RAW/v1/000/305/064/00000/26A9E624-76B1-E711-A6A7-02163E01A2E6.root [763,764,765,766]
/store/data/Run2017F/MET/RAW/v1/000/305/064/00000/26B2F0DF-FDB0-E711-B4E2-02163E01347F.root [143]
/store/data/Run2017F/MET/RAW/v1/000/305/064/00000/26DB7E8F-D7B1-E711-A292-02163E019E22.root [285,286]
/store/data/Run2017F/MET/RAW/v1/000/305/064/00000/26F59E3A-F8B0-E711-8841-02163E0141B9.root [36]
/store/data/Run2017F/MET/RAW/v1/000/305/064/00000/285FA464-F7B1-E711-B8B3-02163E0146D7.root [219,220]
/store/data/Run2017F/MET/RAW/v1/000/305/064/00000/28AB1B09-77B1-E711-B781-02163E01476F.root [918,919,920,921,917,922]
/store/data/Run2017F/MET/RAW/v1/000/305/064/00000/28F40A5F-F7B1-E711-A9D8-02163E019DC5.root [231,232]
/store/data/Run2017F/MET/RAW/v1/000/305/064/00000/28FF2AAE-D7B1-E711-9355-02163E01298D.root [247,248]
/store/data/Run2017F/MET/RAW/v1/000/305/064/00000/2A16626C-E2B1-E711-9593-02163E01A745.root [548,549]
/store/data/Run2017F/MET/RAW/v1/000/305/064/00000/2A75E75F-E2B1-E711-AC85-02163E011A45.root [516,517,515]
/store/data/Run2017F/MET/RAW/v1/000/305/064/00000/2A8B0667-D8B1-E711-9BC7-02163E01A692.root [294,293]
/store/data/Run2017F/MET/RAW/v1/000/305/064/00000/2AC3F335-76B1-E711-9534-02163E012899.root [842,845,844,843]
/store/data/Run2017F/MET/RAW/v1/000/305/064/00000/2C0A7CAC-E2B1-E711-BA13-02163E01A672.root [485,487,486]
/store/data/Run2017F/MET/RAW/v1/000/305/064/00000/2C94765C-FFB0-E711-9CF8-02163E01180F.root [162]
/store/data/Run2017F/MET/RAW/v1/000/305/064/00000/2CDAA06D-CDB1-E711-A0F6-02163E0139AD.root [191,190]
/store/data/Run2017F/MET/RAW/v1/000/305/064/00000/2E6F0BC3-76B1-E711-99C9-02163E019C0A.root [1772,1773,1765,1776,1768,1774,1770,1767,1771,1775,1766,1769]
/store/data/Run2017F/MET/RAW/v1/000/305/064/00000/2E9A2479-FFB0-E711-BCAC-02163E013458.root [172]
/store/data/Run2017F/MET/RAW/v1/000/305/064/00000/2EE26B64-F8B0-E711-9650-02163E019CF5.root [40]
/store/data/Run2017F/MET/RAW/v1/000/305/064/00000/30E0232E-76B1-E711-92C7-02163E01A4AC.root [784,785,787,786]
/store/data/Run2017F/MET/RAW/v1/000/305/064/00000/30E06E40-00B1-E711-917E-02163E012506.root [179]
/store/data/Run2017F/MET/RAW/v1/000/305/064/00000/30E9CE4D-F7B1-E711-A168-02163E019C24.root [209,210]
/store/data/Run2017F/MET/RAW/v1/000/305/064/00000/324B2BD2-F9B0-E711-B90D-02163E0145B8.root [65]
/store/data/Run2017F/MET/RAW/v1/000/305/064/00000/3278A910-01B1-E711-8BD4-02163E01A270.root [186]
/store/data/Run2017F/MET/RAW/v1/000/305/064/00000/32C4BCDA-FAB0-E711-8110-02163E0134EF.root [85]
/store/data/Run2017F/MET/RAW/v1/000/305/064/00000/32D14384-76B1-E711-8806-02163E0135C6.root [1147,1146,1148,1149,1145,1150]
/store/data/Run2017F/MET/RAW/v1/000/305/064/00000/32F2D11F-FAB0-E711-B17E-02163E01A475.root [70]
/store/data/Run2017F/MET/RAW/v1/000/305/064/00000/34009ACE-FAB0-E711-B082-02163E01A6FA.root [83]
/store/data/Run2017F/MET/RAW/v1/000/305/064/00000/34594503-76B1-E711-8B5A-02163E013841.root [736,735,738,737]
/store/data/Run2017F/MET/RAW/v1/000/305/064/00000/34AD4F5D-FFB0-E711-803E-02163E014571.root [169]
/store/data/Run2017F/MET/RAW/v1/000/305/064/00000/34C643A2-F8B0-E711-AA0E-02163E01440D.root [43]
/store/data/Run2017F/MET/RAW/v1/000/305/064/00000/34C6DE2E-E4B1-E711-8EC2-02163E01A302.root [555,553,554]
/store/data/Run2017F/MET/RAW/v1/000/305/064/00000/365C711C-FAB0-E711-AA5F-02163E013889.root [74]
/store/data/Run2017F/MET/RAW/v1/000/305/064/00000/36A0ABA0-E2B1-E711-AB52-02163E019CC4.root [481,479,480]
/store/data/Run2017F/MET/RAW/v1/000/305/064/00000/36F6DB2E-F7B0-E711-88D9-02163E014149.root [11]
/store/data/Run2017F/MET/RAW/v1/000/305/064/00000/385C9AA4-D7B1-E711-866B-02163E01A788.root [277,278]
/store/data/Run2017F/MET/RAW/v1/000/305/064/00000/38CD95BC-76B1-E711-B350-02163E01A453.root [1729,1732,1733,1735,1739,1740,1736,1731,1734,1738,1730,1737]
/store/data/Run2017F/MET/RAW/v1/000/305/064/00000/38CF668D-3BB2-E711-BB77-02163E0136C1.root [642,643,644,645]
/store/data/Run2017F/MET/RAW/v1/000/305/064/00000/38E6609A-FBB0-E711-A0E3-02163E01A575.root [88]
/store/data/Run2017F/MET/RAW/v1/000/305/064/00000/3A322A76-76B1-E711-83C0-02163E01460D.root [1083,1081,1082,1080,1084]
/store/data/Run2017F/MET/RAW/v1/000/305/064/00000/3A326A32-FDB0-E711-859A-02163E01474A.root [115]
/store/data/Run2017F/MET/RAW/v1/000/305/064/00000/3A68B99C-76B1-E711-877B-02163E019B92.root [1579,1586,1580,1576,1578,1582,1577,1581,1583,1585,1575,1584]
/store/data/Run2017F/MET/RAW/v1/000/305/064/00000/3AB81626-FAB0-E711-8F94-02163E0144DF.root [73]
/store/data/Run2017F/MET/RAW/v1/000/305/064/00000/3C5005DC-F7B0-E711-A8D8-02163E01420B.root [32]
/store/data/Run2017F/MET/RAW/v1/000/305/064/00000/3CB20E2C-3BB2-E711-912D-02163E014726.root [616,614,615,617]
/store/data/Run2017F/MET/RAW/v1/000/305/064/00000/3CBD682C-77B1-E711-A8B5-02163E0129DD.root [1351,1345,1347,1348,1346,1353,1352,1349,1350]
/store/data/Run2017F/MET/RAW/v1/000/305/064/00000/3CE28952-E2B1-E711-A678-02163E01A501.root [376,375]
/store/data/Run2017F/MET/RAW/v1/000/305/064/00000/3E202D24-D8B1-E711-988D-02163E013674.root [259,260]
/store/data/Run2017F/MET/RAW/v1/000/305/064/00000/3E956934-76B1-E711-ABC3-02163E019D1E.root [1024,1020,1021,1023,1025,1022]
/store/data/Run2017F/MET/RAW/v1/000/305/064/00000/406C28E0-D7B1-E711-B6E7-02163E013473.root [323,324]
/store/data/Run2017F/MET/RAW/v1/000/305/064/00000/408C9BCA-DCB1-E711-8CA0-02163E019DD2.root [372]
/store/data/Run2017F/MET/RAW/v1/000/305/064/00000/40FF6DAA-FEB0-E711-A7F3-02163E01375A.root [154]
/store/data/Run2017F/MET/RAW/v1/000/305/064/00000/42D4BAD4-DCB1-E711-A43E-02163E019B92.root [345,344]
/store/data/Run2017F/MET/RAW/v1/000/305/064/00000/42DD8091-E2B1-E711-A37D-02163E01A20E.root [444,445,443]
/store/data/Run2017F/MET/RAW/v1/000/305/064/00000/4407EB91-E2B1-E711-822C-02163E01A420.root [442,441,440]
/store/data/Run2017F/MET/RAW/v1/000/305/064/00000/44A300D9-F9B0-E711-84DC-02163E013965.root [64]
/store/data/Run2017F/MET/RAW/v1/000/305/064/00000/44DFC3A7-76B1-E711-A86A-02163E01A4E4.root [1098,1101,1099,1097,1100,1102]
/store/data/Run2017F/MET/RAW/v1/000/305/064/00000/44F3B4A9-E2B1-E711-85C1-02163E011800.root [465,464,466]
/store/data/Run2017F/MET/RAW/v1/000/305/064/00000/467A2E98-DDB1-E711-A647-02163E0134E9.root [368,369]
/store/data/Run2017F/MET/RAW/v1/000/305/064/00000/46D91623-FDB0-E711-A634-02163E014665.root [128]
/store/data/Run2017F/MET/RAW/v1/000/305/064/00000/4815C481-76B1-E711-B1AE-02163E011D31.root [1111,1109,1112,1113,1114,1110]
/store/data/Run2017F/MET/RAW/v1/000/305/064/00000/48250F8B-76B1-E711-A397-02163E011C8D.root [1124,1122,1125,1126,1123,1121]
/store/data/Run2017F/MET/RAW/v1/000/305/064/00000/4A0EAF04-77B1-E711-9516-02163E01427E.root [1863,1870,1873,1875,1866,1864,1872,1876,1865,1867,1869,1871,1874,1862,1868,1861]
/store/data/Run2017F/MET/RAW/v1/000/305/064/00000/4A430DCC-76B1-E711-BE5C-02163E01424C.root [1250,1244,1247,1251,1246,1249,1245,1248,1252]
/store/data/Run2017F/MET/RAW/v1/000/305/064/00000/4C434BF5-76B1-E711-94EB-02163E012100.root [986,988,987,984,985,989]
/store/data/Run2017F/MET/RAW/v1/000/305/064/00000/4C4B7463-3BB2-E711-87BC-02163E0141E1.root [651,650,652,653]
/store/data/Run2017F/MET/RAW/v1/000/305/064/00000/4C87F818-76B1-E711-A4BD-02163E01396C.root [779,780,783,781,782]
/store/data/Run2017F/MET/RAW/v1/000/305/064/00000/4C8E48E5-FDB0-E711-9E56-02163E01424C.root [126]
/store/data/Run2017F/MET/RAW/v1/000/305/064/00000/4CB34289-76B1-E711-954B-02163E014206.root [768,767,769,770]
/store/data/Run2017F/MET/RAW/v1/000/305/064/00000/4CE00E51-E2B1-E711-8A03-02163E01A1F0.root [386,385]
/store/data/Run2017F/MET/RAW/v1/000/305/064/00000/4E7883BB-FBB0-E711-B749-02163E01A387.root [98]
/store/data/Run2017F/MET/RAW/v1/000/305/064/00000/4E91014F-76B1-E711-AF16-02163E019E7D.root [810,808,811,809]
/store/data/Run2017F/MET/RAW/v1/000/305/064/00000/4ED4EB8F-FEB0-E711-A772-02163E011CCB.root [151]
/store/data/Run2017F/MET/RAW/v1/000/305/064/00000/4EE9D516-3BB2-E711-8997-02163E014668.root [602,604,605,603]
/store/data/Run2017F/MET/RAW/v1/000/305/064/00000/4EEA51B5-F7B1-E711-B9A3-02163E01465B.root [226,225]
/store/data/Run2017F/MET/RAW/v1/000/305/064/00000/5070662E-F7B0-E711-88CC-02163E0144AB.root [9]
/store/data/Run2017F/MET/RAW/v1/000/305/064/00000/50A7D322-FAB0-E711-9548-02163E01A766.root [76]
/store/data/Run2017F/MET/RAW/v1/000/305/064/00000/50AED443-CBB1-E711-BDDD-02163E019DEF.root [94,93]
/store/data/Run2017F/MET/RAW/v1/000/305/064/00000/50BB8CE6-E5B1-E711-B471-02163E019BC6.root [572,574,573]
/store/data/Run2017F/MET/RAW/v1/000/305/064/00000/52154CD2-FDB0-E711-BEDA-02163E019CE2.root [139]
/store/data/Run2017F/MET/RAW/v1/000/305/064/00000/527F2604-FBB0-E711-94A1-02163E01A6F0.root [84]
/store/data/Run2017F/MET/RAW/v1/000/305/064/00000/52934D89-FEB0-E711-BCB8-02163E019CA9.root [160]
/store/data/Run2017F/MET/RAW/v1/000/305/064/00000/52B4B5B4-76B1-E711-B4AB-02163E01374C.root [1267,1266,1268,1270,1263,1265,1269,1262,1264]
/store/data/Run2017F/MET/RAW/v1/000/305/064/00000/549A8ED5-76B1-E711-8C10-02163E012B53.root [1710,1711,1715,1707,1712,1706,1708,1709,1714,1705,1713,1716]
/store/data/Run2017F/MET/RAW/v1/000/305/064/00000/54C01331-FDB0-E711-99C8-02163E01364A.root [125]
/store/data/Run2017F/MET/RAW/v1/000/305/064/00000/54FE084C-FFB0-E711-8DC3-02163E01469E.root [174]
/store/data/Run2017F/MET/RAW/v1/000/305/064/00000/560553B8-76B1-E711-9F6C-02163E011CA2.root [1990,1986,1994,1983,1985,1993,1995,1982,1988,1989,1991,1996,1984,1987,1992]
/store/data/Run2017F/MET/RAW/v1/000/305/064/00000/564BBBE8-F7B0-E711-AA27-02163E011B34.root [29]
/store/data/Run2017F/MET/RAW/v1/000/305/064/00000/5674E81B-00B1-E711-8A7B-02163E0122EE.root [182]
/store/data/Run2017F/MET/RAW/v1/000/305/064/00000/56B7EC58-76B1-E711-ABED-02163E01454C.root [734,732,731,733]
/store/data/Run2017F/MET/RAW/v1/000/305/064/00000/56FE1EC4-FBB0-E711-A303-02163E019CC4.root [95]
/store/data/Run2017F/MET/RAW/v1/000/305/064/00000/5818B2F0-F7B0-E711-9D6D-02163E01379F.root [19]
/store/data/Run2017F/MET/RAW/v1/000/305/064/00000/582C89A6-E2B1-E711-A873-02163E01A1F4.root [474,475,473]
/store/data/Run2017F/MET/RAW/v1/000/305/064/00000/58342352-FFB0-E711-8FFC-02163E019DCA.root [170]
/store/data/Run2017F/MET/RAW/v1/000/305/064/00000/58392F69-FFB0-E711-95A6-02163E01A4C8.root [161]
/store/data/Run2017F/MET/RAW/v1/000/305/064/00000/5847C6A1-76B1-E711-9E4F-02163E01361F.root [1329,1331,1328,1332,1333,1327,1335,1334,1330]
/store/data/Run2017F/MET/RAW/v1/000/305/064/00000/5A2C925F-74B1-E711-AA4E-02163E0143FC.root [669,670,667,668]
/store/data/Run2017F/MET/RAW/v1/000/305/064/00000/5A30312F-FDB0-E711-8B5C-02163E0136C3.root [121]
/store/data/Run2017F/MET/RAW/v1/000/305/064/00000/5AAAD694-FFB0-E711-8FB5-02163E01A400.root [171]
/store/data/Run2017F/MET/RAW/v1/000/305/064/00000/5AD8601F-76B1-E711-AA01-02163E0118A0.root [755,757,756,758]
/store/data/Run2017F/MET/RAW/v1/000/305/064/00000/5C451435-F8B0-E711-9E7A-02163E014726.root [33]
/store/data/Run2017F/MET/RAW/v1/000/305/064/00000/5C482EC4-D7B1-E711-8844-02163E019B44.root [276,275]
/store/data/Run2017F/MET/RAW/v1/000/305/064/00000/5C4FFE97-FBB0-E711-940D-02163E019B4B.root [91]
/store/data/Run2017F/MET/RAW/v1/000/305/064/00000/5C60B356-F9B0-E711-9BD0-02163E01423C.root [59]
/store/data/Run2017F/MET/RAW/v1/000/305/064/00000/5C780877-F8B0-E711-9379-02163E01A334.root [39]
/store/data/Run2017F/MET/RAW/v1/000/305/064/00000/5C82A74F-76B1-E711-AFC1-02163E014421.root [1043,1038,1039,1040,1041,1042]
/store/data/Run2017F/MET/RAW/v1/000/305/064/00000/5CA4D504-76B1-E711-BF28-02163E01369C.root [719,721,720,722]
/store/data/Run2017F/MET/RAW/v1/000/305/064/00000/5E125DB7-76B1-E711-B354-02163E01A47E.root [1815,1814,1818,1819,1817,1821,1823,1820,1822,1816,1824,1813]
/store/data/Run2017F/MET/RAW/v1/000/305/064/00000/5E2A5F16-76B1-E711-96F3-02163E0126BD.root [752,753,754,751]
/store/data/Run2017F/MET/RAW/v1/000/305/064/00000/5E602768-76B1-E711-A217-02163E014653.root [686,683,685,684]
/store/data/Run2017F/MET/RAW/v1/000/305/064/00000/5E726135-76B1-E711-AF32-02163E01451E.root [817,818,819,816]
/store/data/Run2017F/MET/RAW/v1/000/305/064/00000/5E90A7B4-15B1-E711-8288-02163E01440D.root [585,584]
/store/data/Run2017F/MET/RAW/v1/000/305/064/00000/5EDE0E6D-16B1-E711-A061-02163E0143D6.root [593,592]
/store/data/Run2017F/MET/RAW/v1/000/305/064/00000/5EE4B84B-3BB2-E711-9B33-02163E011BD0.root [640,641,638,639]
/store/data/Run2017F/MET/RAW/v1/000/305/064/00000/602F9911-03B1-E711-8D5E-02163E01212C.root [236,235]
/store/data/Run2017F/MET/RAW/v1/000/305/064/00000/6214AD11-76B1-E711-B4AF-02163E011A03.root [773,774,771,772]
/store/data/Run2017F/MET/RAW/v1/000/305/064/00000/622B7A01-F8B0-E711-8145-02163E013837.root [16]
/store/data/Run2017F/MET/RAW/v1/000/305/064/00000/628172E3-76B1-E711-803E-02163E01278D.root [2004,1999,2011,2006,2000,2001,2003,2008,2009,1997,1998,2005,2007,2010,2002]
/store/data/Run2017F/MET/RAW/v1/000/305/064/00000/62AA40E8-FDB0-E711-A79B-02163E01427A.root [134]
/store/data/Run2017F/MET/RAW/v1/000/305/064/00000/6411F853-76B1-E711-B8E0-02163E019BAC.root [796,799,798,797]
/store/data/Run2017F/MET/RAW/v1/000/305/064/00000/64251FA2-E2B1-E711-A22E-02163E01A2D7.root [438,439,437]
/store/data/Run2017F/MET/RAW/v1/000/305/064/00000/642713D4-E2B1-E711-A507-02163E019CD0.root [504,505,503]
/store/data/Run2017F/MET/RAW/v1/000/305/064/00000/643417F8-76B1-E711-9AD5-02163E01A1D9.root [1292,1296,1293,1290,1291,1289,1294,1297,1295]
/store/data/Run2017F/MET/RAW/v1/000/305/064/00000/6456E689-76B1-E711-9E08-02163E019BBE.root [828,830,829,831]
/store/data/Run2017F/MET/RAW/v1/000/305/064/00000/64701C4D-FFB0-E711-87AC-02163E019D2D.root [168]
/store/data/Run2017F/MET/RAW/v1/000/305/064/00000/64C96B3A-3BB2-E711-8005-02163E0128ED.root [626,629,628,627]
/store/data/Run2017F/MET/RAW/v1/000/305/064/00000/680440CE-76B1-E711-989C-02163E01A49A.root [1627,1628,1622,1623,1632,1621,1629,1630,1624,1626,1625,1631]
/store/data/Run2017F/MET/RAW/v1/000/305/064/00000/68A7C9BA-76B1-E711-AE8D-02163E0140FD.root [1842,1841,1844,1845,1847,1843,1837,1840,1846,1848,1838,1839]
/store/data/Run2017F/MET/RAW/v1/000/305/064/00000/68AB8933-76B1-E711-B873-02163E0139BB.root [744,745,743,746]
/store/data/Run2017F/MET/RAW/v1/000/305/064/00000/68DCE54D-E2B1-E711-9578-02163E01A3B2.root [395,396]
/store/data/Run2017F/MET/RAW/v1/000/305/064/00000/6A90B8A9-76B1-E711-9EDC-02163E011A04.root [1672,1678,1669,1680,1670,1675,1677,1674,1676,1671,1673,1679]
/store/data/Run2017F/MET/RAW/v1/000/305/064/00000/6AE91BAF-D7B1-E711-9257-02163E01A76D.root [270,269]
/store/data/Run2017F/MET/RAW/v1/000/305/064/00000/6CD29A01-76B1-E711-8F53-02163E019D2B.root [748,747,749,750]
/store/data/Run2017F/MET/RAW/v1/000/305/064/00000/6CD48EA1-76B1-E711-8A82-02163E019DD2.root [1255,1257,1258,1254,1259,1260,1256,1253,1261]
/store/data/Run2017F/MET/RAW/v1/000/305/064/00000/6E8B7B0B-76B1-E711-A132-02163E01460D.root [759,760,761,762]
/store/data/Run2017F/MET/RAW/v1/000/305/064/00000/6EC7D29A-76B1-E711-BDB3-02163E01A71C.root [1193,1190,1195,1192,1194,1191]
/store/data/Run2017F/MET/RAW/v1/000/305/064/00000/705D2DCB-76B1-E711-BAE1-02163E01A31E.root [1889,1891,1878,1886,1888,1890,1892,1881,1885,1877,1879,1880,1882,1883,1884,1887]
/store/data/Run2017F/MET/RAW/v1/000/305/064/00000/707B89A1-76B1-E711-BE50-02163E0124BA.root [1018,1016,1014,1017,1015,1019]
/store/data/Run2017F/MET/RAW/v1/000/305/064/00000/70D61676-D7B1-E711-9866-02163E011E6F.root [273,274]
/store/data/Run2017F/MET/RAW/v1/000/305/064/00000/72016275-FCB0-E711-9FC1-02163E0146F6.root [107]
/store/data/Run2017F/MET/RAW/v1/000/305/064/00000/7241C121-D8B1-E711-93A8-02163E019B48.root [321,322]
/store/data/Run2017F/MET/RAW/v1/000/305/064/00000/7257E1DE-76B1-E711-BB85-02163E0140F9.root [1647,1650,1652,1645,1648,1654,1649,1655,1653,1651,1656,1646]
/store/data/Run2017F/MET/RAW/v1/000/305/064/00000/744C2CE3-76B1-E711-BC8E-02163E014148.root [971,972,974,975,973,976]
/store/data/Run2017F/MET/RAW/v1/000/305/064/00000/74869462-00B1-E711-A704-02163E01423F.root [180]
/store/data/Run2017F/MET/RAW/v1/000/305/064/00000/74F51A61-FDB0-E711-9094-02163E019E70.root [117]
/store/data/Run2017F/MET/RAW/v1/000/305/064/00000/7634BDF4-F9B0-E711-BC9D-02163E01A3E1.root [62]
/store/data/Run2017F/MET/RAW/v1/000/305/064/00000/76484002-CDB1-E711-A4ED-02163E011D36.root [147]
/store/data/Run2017F/MET/RAW/v1/000/305/064/00000/767FE802-F8B0-E711-A712-02163E019D8B.root [13]
/store/data/Run2017F/MET/RAW/v1/000/305/064/00000/7811F74A-76B1-E711-8FC4-02163E0138FE.root [1010,1008,1012,1009,1011,1013]
/store/data/Run2017F/MET/RAW/v1/000/305/064/00000/782CB132-D7B1-E711-9AF5-02163E01A328.root [279,280]
/store/data/Run2017F/MET/RAW/v1/000/305/064/00000/785B2D93-76B1-E711-9185-02163E01A498.root [1271,1273,1279,1272,1274,1277,1275,1276,1278]
/store/data/Run2017F/MET/RAW/v1/000/305/064/00000/78BA6352-FFB0-E711-8662-02163E0145EE.root [163]
/store/data/Run2017F/MET/RAW/v1/000/305/064/00000/78E7473A-01B1-E711-8A21-02163E01442B.root [185]
/store/data/Run2017F/MET/RAW/v1/000/305/064/00000/7A02B884-FCB0-E711-9DDC-02163E011AEE.root [112]
/store/data/Run2017F/MET/RAW/v1/000/305/064/00000/7A6E3A50-3CB2-E711-890B-02163E0140E4.root [649,646,647,648]
/store/data/Run2017F/MET/RAW/v1/000/305/064/00000/7AF4B155-E4B1-E711-B213-02163E019B7B.root [565,566,567]
/store/data/Run2017F/MET/RAW/v1/000/305/064/00000/7C3F9836-76B1-E711-AFA1-02163E0142C0.root [1004,1002,1005,1007,1006,1003]
/store/data/Run2017F/MET/RAW/v1/000/305/064/00000/7CB7B1FC-00B1-E711-8716-02163E01397E.root [187]
/store/data/Run2017F/MET/RAW/v1/000/305/064/00000/7CBB92BA-76B1-E711-AB0A-02163E01A359.root [2019,2020,2022,2028,2032,2018,2026,2016,2025,2029,2033,2021,2024,2030,2013,2014,2015,2023,2027,2031,2017,2012]
/store/data/Run2017F/MET/RAW/v1/000/305/064/00000/7CDE619D-E2B1-E711-BAA7-02163E0140D5.root [462,461,463]
/store/data/Run2017F/MET/RAW/v1/000/305/064/00000/7CFB1421-76B1-E711-AD40-02163E0142DA.root [729,727,730,728]
/store/data/Run2017F/MET/RAW/v1/000/305/064/00000/7E341D5B-76B1-E711-AFE0-02163E01A477.root [836,839,840,838,837,841]
/store/data/Run2017F/MET/RAW/v1/000/305/064/00000/7ECAC588-D7B1-E711-B842-02163E01A522.root [299,300]
/store/data/Run2017F/MET/RAW/v1/000/305/064/00000/802916DE-76B1-E711-A9CE-02163E01A792.root [1105,1106,1108,1107,1104,1103]
/store/data/Run2017F/MET/RAW/v1/000/305/064/00000/802B69AC-76B1-E711-B8B2-02163E0144DD.root [1849,1857,1858,1850,1852,1856,1859,1860,1851,1853,1854,1855]
/store/data/Run2017F/MET/RAW/v1/000/305/064/00000/8045F533-E4B1-E711-9814-02163E019CFA.root [557,556,558]
/store/data/Run2017F/MET/RAW/v1/000/305/064/00000/80493BBC-76B1-E711-822F-02163E01A680.root [1173,1176,1177,1172,1174,1175]
/store/data/Run2017F/MET/RAW/v1/000/305/064/00000/807B238E-FEB0-E711-9E3D-02163E019B3D.root [150]
/store/data/Run2017F/MET/RAW/v1/000/305/064/00000/809CA074-E2B1-E711-9D4C-02163E019D63.root [509,510,511]
/store/data/Run2017F/MET/RAW/v1/000/305/064/00000/80E2E5D2-76B1-E711-A0F2-02163E019DAD.root [1139,1141,1144,1143,1140,1142]
/store/data/Run2017F/MET/RAW/v1/000/305/064/00000/80FCD561-E2B1-E711-AA8C-02163E011B75.root [414,413]
/store/data/Run2017F/MET/RAW/v1/000/305/064/00000/82133F4A-D7B1-E711-A9B9-02163E019E24.root [289,290]
/store/data/Run2017F/MET/RAW/v1/000/305/064/00000/822E0A75-76B1-E711-876B-02163E011BEA.root [1060,1056,1061,1058,1059,1057]
/store/data/Run2017F/MET/RAW/v1/000/305/064/00000/82356F94-77B1-E711-AEA4-02163E014471.root [1117,1120,1116,1118,1119,1115]
/store/data/Run2017F/MET/RAW/v1/000/305/064/00000/8282D08C-76B1-E711-961E-02163E0140FA.root [1127,1132,1128,1129,1131,1130]
/store/data/Run2017F/MET/RAW/v1/000/305/064/00000/82B9FC6C-E2B1-E711-A1E4-02163E011818.root [522,521,523]
/store/data/Run2017F/MET/RAW/v1/000/305/064/00000/82C3B08E-76B1-E711-9141-02163E0118C1.root [1221,1223,1217,1219,1224,1222,1218,1220,1225]
/store/data/Run2017F/MET/RAW/v1/000/305/064/00000/848E58E5-FBB0-E711-8C3C-02163E01A698.root [105]
/store/data/Run2017F/MET/RAW/v1/000/305/064/00000/84A268CE-E3B1-E711-8C37-02163E011D90.root [580,579,581]
/store/data/Run2017F/MET/RAW/v1/000/305/064/00000/84AD048B-76B1-E711-953E-02163E01286D.root [1079,1077,1073,1078,1075,1076,1074]
/store/data/Run2017F/MET/RAW/v1/000/305/064/00000/8639D0AF-F7B1-E711-B605-02163E013906.root [215,216]
/store/data/Run2017F/MET/RAW/v1/000/305/064/00000/863E5FCA-76B1-E711-A2B7-02163E01A2C2.root [1178,1183,1180,1181,1179,1182]
/store/data/Run2017F/MET/RAW/v1/000/305/064/00000/865487A8-D7B1-E711-8F77-02163E01A4F1.root [252,251]
/store/data/Run2017F/MET/RAW/v1/000/305/064/00000/8676004F-D7B1-E711-8BE9-02163E01A35F.root [311,310]
/store/data/Run2017F/MET/RAW/v1/000/305/064/00000/868BB886-D7B1-E711-84BF-02163E019E0F.root [249,250]
/store/data/Run2017F/MET/RAW/v1/000/305/064/00000/86C87660-76B1-E711-A872-02163E0135B0.root [856,854,852,853,855,857]
/store/data/Run2017F/MET/RAW/v1/000/305/064/00000/88612E20-00B1-E711-AA56-02163E01272B.root [183]
/store/data/Run2017F/MET/RAW/v1/000/305/064/00000/88E8E4DD-FAB0-E711-8401-02163E01250D.root [81]
/store/data/Run2017F/MET/RAW/v1/000/305/064/00000/8A24ED93-76B1-E711-93D7-02163E012BAA.root [1063,1067,1062,1064,1065,1066]
/store/data/Run2017F/MET/RAW/v1/000/305/064/00000/8A80692A-76B1-E711-BE4D-02163E01A6DF.root [677,675,676,678]
/store/data/Run2017F/MET/RAW/v1/000/305/064/00000/8AE68389-D7B1-E711-92CD-02163E011AA3.root [262,261]
/store/data/Run2017F/MET/RAW/v1/000/305/064/00000/8AE9E497-E2B1-E711-A201-02163E019DE4.root [448,447,446]
/store/data/Run2017F/MET/RAW/v1/000/305/064/00000/8E04ABB0-76B1-E711-9722-02163E019BC8.root [1301,1302,1303,1304,1305,1299,1306,1300,1307,1298]
/store/data/Run2017F/MET/RAW/v1/000/305/064/00000/8E0829CA-76B1-E711-9084-02163E019C21.root [740,741,742,739]
/store/data/Run2017F/MET/RAW/v1/000/305/064/00000/8E1BEC58-76B1-E711-902E-02163E019BF0.root [876,878,880,877,881,879]
/store/data/Run2017F/MET/RAW/v1/000/305/064/00000/8E32B986-D7B1-E711-86A4-02163E0142C1.root [237,238]
/store/data/Run2017F/MET/RAW/v1/000/305/064/00000/8E7A04E9-00B1-E711-AF1D-02163E0140ED.root [192]
/store/data/Run2017F/MET/RAW/v1/000/305/064/00000/8EA3C53B-CDB1-E711-BA66-02163E01A604.root [188]
/store/data/Run2017F/MET/RAW/v1/000/305/064/00000/8EC767A6-E2B1-E711-AC65-02163E01372F.root [449,450,451]
/store/data/Run2017F/MET/RAW/v1/000/305/064/00000/8ECD988C-07B1-E711-95AB-02163E01A338.root [314,313]
/store/data/Run2017F/MET/RAW/v1/000/305/064/00000/90079C0C-F8B0-E711-B7A5-02163E01A26E.root [14]
/store/data/Run2017F/MET/RAW/v1/000/305/064/00000/90381100-77B1-E711-895B-02163E01A1BE.root [1209,1207,1210,1205,1206,1208]
/store/data/Run2017F/MET/RAW/v1/000/305/064/00000/906F05B0-DCB1-E711-A023-02163E0138F7.root [364,365]
/store/data/Run2017F/MET/RAW/v1/000/305/064/00000/90D926AE-76B1-E711-AFA2-02163E011D29.root [1662,1663,1667,1666,1668,1659,1660,1665,1657,1658,1664,1661]
/store/data/Run2017F/MET/RAW/v1/000/305/064/00000/92705B5F-F7B1-E711-B868-02163E019C1E.root [208,207]
/store/data/Run2017F/MET/RAW/v1/000/305/064/00000/927130EF-FBB0-E711-B732-02163E01A1DC.root [104]
/store/data/Run2017F/MET/RAW/v1/000/305/064/00000/927922E2-FAB0-E711-B037-02163E01A2F2.root [82]
/store/data/Run2017F/MET/RAW/v1/000/305/064/00000/927FE6DA-FBB0-E711-8FE1-02163E01255C.root [99]
/store/data/Run2017F/MET/RAW/v1/000/305/064/00000/92982297-FEB0-E711-BF07-02163E0146D7.root [159]
/store/data/Run2017F/MET/RAW/v1/000/305/064/00000/92A19852-D7B1-E711-A65D-02163E012BDD.root [312]
/store/data/Run2017F/MET/RAW/v1/000/305/064/00000/92C6F097-E2B1-E711-BCE6-02163E01A3EA.root [459,460,458]
/store/data/Run2017F/MET/RAW/v1/000/305/064/00000/9415AD2E-76B1-E711-823F-02163E019D85.root [718,715,716,717]
/store/data/Run2017F/MET/RAW/v1/000/305/064/00000/9436EB35-FCB0-E711-91EB-02163E01A5E8.root [106]
/store/data/Run2017F/MET/RAW/v1/000/305/064/00000/945912A4-F8B0-E711-8684-02163E0146B5.root [44]
/store/data/Run2017F/MET/RAW/v1/000/305/064/00000/94AB2955-E2B1-E711-B5B7-02163E013823.root [404,403]
/store/data/Run2017F/MET/RAW/v1/000/305/064/00000/94B3EEEE-C1B1-E711-803E-02163E012255.root [15]
/store/data/Run2017F/MET/RAW/v1/000/305/064/00000/94BC5629-76B1-E711-9E91-02163E0143E5.root [802,803,801,800]
/store/data/Run2017F/MET/RAW/v1/000/305/064/00000/94CA099F-76B1-E711-AEAF-02163E019B83.root [1136,1137,1138,1134,1135,1133]
/store/data/Run2017F/MET/RAW/v1/000/305/064/00000/94F9C89C-76B1-E711-89E4-02163E019D2B.root [1753,1754,1755,1759,1763,1758,1760,1757,1762,1764,1756,1761]
/store/data/Run2017F/MET/RAW/v1/000/305/064/00000/960733DD-FDB0-E711-8FB2-02163E0128FB.root [136]
/store/data/Run2017F/MET/RAW/v1/000/305/064/00000/961E3E9C-76B1-E711-A779-02163E01A239.root [835,834,832,833]
/store/data/Run2017F/MET/RAW/v1/000/305/064/00000/963F3920-FAB0-E711-8862-02163E01A62A.root [66]
/store/data/Run2017F/MET/RAW/v1/000/305/064/00000/96844B1E-77B1-E711-A04F-02163E012931.root [1216,1215,1211,1214,1213,1212]
/store/data/Run2017F/MET/RAW/v1/000/305/064/00000/98116526-76B1-E711-B61B-02163E01A771.root [941,940,939,938,942,943]
/store/data/Run2017F/MET/RAW/v1/000/305/064/00000/988A87A4-F8B0-E711-8AA2-02163E0133F1.root [48]
/store/data/Run2017F/MET/RAW/v1/000/305/064/00000/9895E6FF-00B1-E711-B628-02163E0144F7.root [184]
/store/data/Run2017F/MET/RAW/v1/000/305/064/00000/98E345F8-DCB1-E711-A802-02163E019E05.root [350,351]
/store/data/Run2017F/MET/RAW/v1/000/305/064/00000/9A868DCC-76B1-E711-A9BA-02163E014577.root [1828,1835,1830,1832,1826,1831,1833,1827,1836,1829,1834,1825]
/store/data/Run2017F/MET/RAW/v1/000/305/064/00000/9A8996BE-DCB1-E711-B5DF-02163E0118C1.root [363,362]
/store/data/Run2017F/MET/RAW/v1/000/305/064/00000/9AE5E82B-76B1-E711-9170-02163E01A6CC.root [705,703,704,706]
/store/data/Run2017F/MET/RAW/v1/000/305/064/00000/9AFF9D9F-E2B1-E711-8700-02163E011BD0.root [433,432,431]
/store/data/Run2017F/MET/RAW/v1/000/305/064/00000/9CAE2062-E2B1-E711-912E-02163E0144F5.root [419,418]
/store/data/Run2017F/MET/RAW/v1/000/305/064/00000/9CDF22BC-DCB1-E711-B8A7-02163E01A30C.root [349,348]
/store/data/Run2017F/MET/RAW/v1/000/305/064/00000/9E23E87E-D7B1-E711-9CAF-02163E012830.root [264,263]
/store/data/Run2017F/MET/RAW/v1/000/305/064/00000/9E7B7436-3BB2-E711-BBDC-02163E011CD9.root [623,622,624,625]
/store/data/Run2017F/MET/RAW/v1/000/305/064/00000/9E97AEE3-15B1-E711-B4F2-02163E012506.root [577,578]
/store/data/Run2017F/MET/RAW/v1/000/305/064/00000/9E99C221-76B1-E711-808C-02163E011A48.root [726,723,724,725]
/store/data/Run2017F/MET/RAW/v1/000/305/064/00000/9ED6100B-F8B0-E711-841F-02163E01A691.root [23]
/store/data/Run2017F/MET/RAW/v1/000/305/064/00000/9ED73DBD-76B1-E711-BA44-02163E014346.root [1601,1603,1604,1599,1602,1606,1605,1598,1600,1607,1608,1597]
/store/data/Run2017F/MET/RAW/v1/000/305/064/00000/A005BEC3-E2B1-E711-AC92-02163E019E8A.root [455,456,457]
/store/data/Run2017F/MET/RAW/v1/000/305/064/00000/A011C7D8-FAB0-E711-9DC3-02163E014708.root [79]
/store/data/Run2017F/MET/RAW/v1/000/305/064/00000/A094B6C6-76B1-E711-A576-02163E019DCC.root [1339,1341,1343,1344,1340,1338,1336,1337,1342]
/store/data/Run2017F/MET/RAW/v1/000/305/064/00000/A09A92B2-D0B1-E711-8C7F-02163E011C0B.root [194,193]
/store/data/Run2017F/MET/RAW/v1/000/305/064/00000/A0C4EDD4-F7B0-E711-8C44-02163E014215.root [25]
/store/data/Run2017F/MET/RAW/v1/000/305/064/00000/A0CDDD34-E4B1-E711-A02E-02163E019B89.root [569,568]
/store/data/Run2017F/MET/RAW/v1/000/305/064/00000/A0FCA579-76B1-E711-AD92-02163E011CD7.root [1069,1070,1068,1071,1072]
/store/data/Run2017F/MET/RAW/v1/000/305/064/00000/A216F69E-F9B0-E711-82C3-02163E01A1E5.root [60]
/store/data/Run2017F/MET/RAW/v1/000/305/064/00000/A21F9687-76B1-E711-AADB-02163E01259A.root [977,980,981,983,979,982,978]
/store/data/Run2017F/MET/RAW/v1/000/305/064/00000/A23D5613-76B1-E711-AF93-02163E014447.root [790,791,788,789]
/store/data/Run2017F/MET/RAW/v1/000/305/064/00000/A23D5F8C-76B1-E711-9C9B-02163E019B4E.root [1390,1398,1396,1399,1392,1393,1394,1391,1395,1397]
/store/data/Run2017F/MET/RAW/v1/000/305/064/00000/A2755331-00B1-E711-BE4D-02163E019C3E.root [175]
/store/data/Run2017F/MET/RAW/v1/000/305/064/00000/A279E7A4-76B1-E711-B0AB-02163E012857.root [1356,1355,1357,1361,1359,1354,1360,1358,1362]
/store/data/Run2017F/MET/RAW/v1/000/305/064/00000/A2DDC163-E2B1-E711-B3AB-02163E0135A0.root [500,501,502]
/store/data/Run2017F/MET/RAW/v1/000/305/064/00000/A4477A29-76B1-E711-976D-02163E019BD4.root [681,682,679,680]
/store/data/Run2017F/MET/RAW/v1/000/305/064/00000/A49F4D0F-01B1-E711-981E-02163E01258B.root [198]
/store/data/Run2017F/MET/RAW/v1/000/305/064/00000/A49FA0BE-76B1-E711-B4B5-02163E01A340.root [1237,1236,1243,1239,1235,1240,1238,1241,1242]
/store/data/Run2017F/MET/RAW/v1/000/305/064/00000/A4B998D7-FBB0-E711-A8B4-02163E01A518.root [101]
/store/data/Run2017F/MET/RAW/v1/000/305/064/00000/A4E507C1-76B1-E711-9BA9-02163E01A2B6.root [1945,1939,1944,1946,1943,1950,1938,1937,1940,1941,1949,1951,1942,1947,1948]
/store/data/Run2017F/MET/RAW/v1/000/305/064/00000/A60A42B8-D7B1-E711-9A47-02163E019BEA.root [284,283]
/store/data/Run2017F/MET/RAW/v1/000/305/064/00000/A646BD4B-E2B1-E711-8578-02163E01412A.root [387,388]
/store/data/Run2017F/MET/RAW/v1/000/305/064/00000/A6786763-F9B0-E711-B255-02163E014542.root [55]
/store/data/Run2017F/MET/RAW/v1/000/305/064/00000/A6A4B589-FEB0-E711-B6FD-02163E014420.root [141]
/store/data/Run2017F/MET/RAW/v1/000/305/064/00000/A6B2F249-D9B1-E711-898F-02163E012BDD.root [319,320]
/store/data/Run2017F/MET/RAW/v1/000/305/064/00000/A80A1624-3BB2-E711-9AF5-02163E0133F9.root [620,619,618,621]
/store/data/Run2017F/MET/RAW/v1/000/305/064/00000/A87E671C-D8B1-E711-ABA8-02163E01A2E7.root [335]
/store/data/Run2017F/MET/RAW/v1/000/305/064/00000/A8B7CBA5-F8B0-E711-AA17-02163E014771.root [46]
/store/data/Run2017F/MET/RAW/v1/000/305/064/00000/A8C115A1-76B1-E711-BC6A-02163E014737.root [1612,1620,1609,1613,1619,1616,1617,1610,1611,1615,1614,1618]
/store/data/Run2017F/MET/RAW/v1/000/305/064/00000/A8EF8E73-F8B0-E711-B1C1-02163E019DE4.root [37]
/store/data/Run2017F/MET/RAW/v1/000/305/064/00000/AA0189AA-76B1-E711-87E2-02163E014345.root [1894,1895,1903,1906,1896,1898,1901,1897,1902,1904,1893,1905,1899,1900]
/store/data/Run2017F/MET/RAW/v1/000/305/064/00000/AA0259AC-76B1-E711-AC72-02163E01A51F.root [1366,1367,1371,1363,1365,1370,1368,1369,1364]
/store/data/Run2017F/MET/RAW/v1/000/305/064/00000/AA3B5AD2-FDB0-E711-8521-02163E0142BA.root [137]
/store/data/Run2017F/MET/RAW/v1/000/305/064/00000/AA3E55F6-C6B1-E711-AA7D-02163E0140FD.root [71]
/store/data/Run2017F/MET/RAW/v1/000/305/064/00000/AA50253E-FDB0-E711-9F01-02163E011AC8.root [122]
/store/data/Run2017F/MET/RAW/v1/000/305/064/00000/AA98841E-F8B0-E711-81B9-02163E019CA4.root [34]
/store/data/Run2017F/MET/RAW/v1/000/305/064/00000/AAA6EE6D-76B1-E711-AE9A-02163E011CB2.root [1048,1049,1044,1046,1047,1045]
/store/data/Run2017F/MET/RAW/v1/000/305/064/00000/AACBDBA7-F8B0-E711-9A58-02163E013453.root [45]
/store/data/Run2017F/MET/RAW/v1/000/305/064/00000/AACCCA9F-E2B1-E711-88C7-02163E01A668.root [478,476,477]
/store/data/Run2017F/MET/RAW/v1/000/305/064/00000/AC5035A3-76B1-E711-B7C1-02163E0142B7.root [1796,1795,1790,1797,1791,1800,1789,1792,1793,1794,1798,1799]
/store/data/Run2017F/MET/RAW/v1/000/305/064/00000/AC6EF730-77B1-E711-A4F9-02163E01228C.root [714,712,713,711]
/store/data/Run2017F/MET/RAW/v1/000/305/064/00000/AC7EEF4C-76B1-E711-B0A2-02163E014730.root [873,871,872,874,875,870]
/store/data/Run2017F/MET/RAW/v1/000/305/064/00000/ACF000A1-76B1-E711-93BB-02163E01A36B.root [1408,1409,1403,1407,1410,1400,1401,1402,1404,1405,1406]
/store/data/Run2017F/MET/RAW/v1/000/305/064/00000/ACFEB6B7-DCB1-E711-A6E8-02163E01A6EA.root [352,353]
/store/data/Run2017F/MET/RAW/v1/000/305/064/00000/AE12BF9D-E2B1-E711-AD82-02163E01A792.root [482,483,484]
/store/data/Run2017F/MET/RAW/v1/000/305/064/00000/AE2548D5-DCB1-E711-B76E-02163E019B4D.root [355,354]
/store/data/Run2017F/MET/RAW/v1/000/305/064/00000/AE466899-3BB2-E711-99CC-02163E013951.root [596,597,594,595]
/store/data/Run2017F/MET/RAW/v1/000/305/064/00000/AE4D3B8E-FAB0-E711-8F02-02163E0119C6.root [78]
/store/data/Run2017F/MET/RAW/v1/000/305/064/00000/AE5FB083-D7B1-E711-866C-02163E019B92.root [246,245]
/store/data/Run2017F/MET/RAW/v1/000/305/064/00000/AEC70B97-E2B1-E711-9799-02163E01A481.root [470,471,472]
/store/data/Run2017F/MET/RAW/v1/000/305/064/00000/B025B745-F7B0-E711-9469-02163E0134B3.root [12]
/store/data/Run2017F/MET/RAW/v1/000/305/064/00000/B0AA2F9E-D7B1-E711-B190-02163E019CC0.root [265,266]
/store/data/Run2017F/MET/RAW/v1/000/305/064/00000/B0B62C23-77B1-E711-8C40-02163E01A78C.root [1913,1921,1910,1916,1920,1907,1911,1908,1909,1919,1912,1914,1917,1918,1915]
/store/data/Run2017F/MET/RAW/v1/000/305/064/00000/B0F6EB67-E2B1-E711-9110-02163E011E08.root [534,535,533]
/store/data/Run2017F/MET/RAW/v1/000/305/064/00000/B22DFBB4-F8B0-E711-8C35-02163E0140ED.root [47]
/store/data/Run2017F/MET/RAW/v1/000/305/064/00000/B2B63E16-F8B0-E711-A382-02163E01399E.root [35]
/store/data/Run2017F/MET/RAW/v1/000/305/064/00000/B4841C23-F7B0-E711-9BE5-02163E01372E.root [3]
/store/data/Run2017F/MET/RAW/v1/000/305/064/00000/B49FF1D9-FAB0-E711-9AA5-02163E01A72B.root [77]
/store/data/Run2017F/MET/RAW/v1/000/305/064/00000/B4CBD473-FCB0-E711-8670-02163E019DAE.root [108]
/store/data/Run2017F/MET/RAW/v1/000/305/064/00000/B6003B62-F7B1-E711-A731-02163E01A2C8.root [212,211]
/store/data/Run2017F/MET/RAW/v1/000/305/064/00000/B604CE67-E2B1-E711-ACCB-02163E011851.root [544,543,542]
/store/data/Run2017F/MET/RAW/v1/000/305/064/00000/B619FEA7-76B1-E711-8C9C-02163E01A2B8.root [1318,1324,1325,1322,1326,1319,1320,1321,1323]
/store/data/Run2017F/MET/RAW/v1/000/305/064/00000/B61D71B6-D7B1-E711-8C23-02163E01A3C1.root [305,303,304]
/store/data/Run2017F/MET/RAW/v1/000/305/064/00000/B69A79D4-FDB0-E711-AD0B-02163E019C62.root [135]
/store/data/Run2017F/MET/RAW/v1/000/305/064/00000/B6B893A0-FEB0-E711-9B5D-02163E014651.root [148]
/store/data/Run2017F/MET/RAW/v1/000/305/064/00000/B6D81B48-FAB0-E711-A686-02163E011E3E.root [69]
/store/data/Run2017F/MET/RAW/v1/000/305/064/00000/B6FD29D2-FBB0-E711-BFA3-02163E01A702.root [103]
/store/data/Run2017F/MET/RAW/v1/000/305/064/00000/B8473F32-76B1-E711-A043-02163E013733.root [814,813,812,815]
/store/data/Run2017F/MET/RAW/v1/000/305/064/00000/B84D0199-E2B1-E711-9403-02163E011FB0.root [532,530,531]
/store/data/Run2017F/MET/RAW/v1/000/305/064/00000/B8538A69-E2B1-E711-BD2D-02163E01442C.root [528,529,527]
/store/data/Run2017F/MET/RAW/v1/000/305/064/00000/B88E2500-76B1-E711-9EF2-02163E01A4F9.root [689,687,688,690]
/store/data/Run2017F/MET/RAW/v1/000/305/064/00000/B8B497AD-76B1-E711-992C-02163E011E6F.root [1480,1484,1486,1489,1482,1483,1487,1479,1488,1481,1485,1490]
/store/data/Run2017F/MET/RAW/v1/000/305/064/00000/B8BD9BDF-FBB0-E711-AA51-02163E0128F4.root [100]
/store/data/Run2017F/MET/RAW/v1/000/305/064/00000/B8DFD25D-E2B1-E711-9615-02163E0143FD.root [409,410]
/store/data/Run2017F/MET/RAW/v1/000/305/064/00000/BA484F6F-76B1-E711-936F-02163E0118DA.root [1055,1051,1053,1052,1050,1054]
/store/data/Run2017F/MET/RAW/v1/000/305/064/00000/BA5F0A17-F8B0-E711-8CF5-02163E011F03.root [18]
/store/data/Run2017F/MET/RAW/v1/000/305/064/00000/BA68144C-3BB2-E711-8405-02163E0140F7.root [631,633,632,630]
/store/data/Run2017F/MET/RAW/v1/000/305/064/00000/BA724D55-FFB0-E711-9051-02163E019BDD.root [173]
/store/data/Run2017F/MET/RAW/v1/000/305/064/00000/BA7A1EA9-CCB1-E711-B25A-02163E01376B.root [131,130]
/store/data/Run2017F/MET/RAW/v1/000/305/064/00000/BAC02EB8-76B1-E711-84EE-02163E01A3D4.root [1781,1788,1778,1785,1782,1784,1786,1777,1780,1779,1783,1787]
/store/data/Run2017F/MET/RAW/v1/000/305/064/00000/BAF98C5F-E2B1-E711-84C9-02163E01A5FD.root [490,489,488]
/store/data/Run2017F/MET/RAW/v1/000/305/064/00000/BC73FB2A-D7B1-E711-A2BA-02163E019CFA.root [295,296]
/store/data/Run2017F/MET/RAW/v1/000/305/064/00000/BC76FE85-76B1-E711-BBFB-02163E01A691.root [1095,1094,1096,1091,1092,1093]
/store/data/Run2017F/MET/RAW/v1/000/305/064/00000/BC9989E4-D7B1-E711-B77A-02163E014494.root [327,328]
/store/data/Run2017F/MET/RAW/v1/000/305/064/00000/BCEBD5CA-FEB0-E711-AA5E-02163E01A696.root [158]
/store/data/Run2017F/MET/RAW/v1/000/305/064/00000/BE165C04-76B1-E711-B85E-02163E013445.root [671,674,672,673]
/store/data/Run2017F/MET/RAW/v1/000/305/064/00000/BE66821E-FAB0-E711-A7D9-02163E01424B.root [68]
/store/data/Run2017F/MET/RAW/v1/000/305/064/00000/BEA83AD2-D7B1-E711-93DD-02163E01A26E.root [242,241]
/store/data/Run2017F/MET/RAW/v1/000/305/064/00000/BEB3D051-76B1-E711-B567-02163E011E40.root [883,886,884,887,882,885]
/store/data/Run2017F/MET/RAW/v1/000/305/064/00000/BEDA04D6-FBB0-E711-93A0-02163E01A208.root [89]
/store/data/Run2017F/MET/RAW/v1/000/305/064/00000/C00EF7A2-E2B1-E711-98E1-02163E01372D.root [452,454,453]
/store/data/Run2017F/MET/RAW/v1/000/305/064/00000/C05B9687-76B1-E711-AC04-02163E0142AF.root [1167,1171,1169,1165,1163,1164,1166,1168,1170]
/store/data/Run2017F/MET/RAW/v1/000/305/064/00000/C08F41B2-76B1-E711-A947-02163E011A4E.root [1697,1701,1702,1703,1693,1694,1698,1699,1695,1696,1704,1700]
/store/data/Run2017F/MET/RAW/v1/000/305/064/00000/C0A7E861-08B1-E711-A62D-02163E01364A.root [336,337]
/store/data/Run2017F/MET/RAW/v1/000/305/064/00000/C0AC9255-E2B1-E711-B3AF-02163E01A762.root [399,400]
/store/data/Run2017F/MET/RAW/v1/000/305/064/00000/C2690555-F7B1-E711-8B1E-02163E01A28C.root [201,202]
/store/data/Run2017F/MET/RAW/v1/000/305/064/00000/C26D506B-E2B1-E711-9C1C-02163E014772.root [547,545,546]
/store/data/Run2017F/MET/RAW/v1/000/305/064/00000/C27C5F21-3BB2-E711-ACA0-02163E01438E.root [607,609,606,608]
/store/data/Run2017F/MET/RAW/v1/000/305/064/00000/C2D51157-D7B1-E711-BD70-02163E01A4D5.root [307,306]
/store/data/Run2017F/MET/RAW/v1/000/305/064/00000/C409ECF5-D7B1-E711-A6A4-02163E019B97.root [318,317]
/store/data/Run2017F/MET/RAW/v1/000/305/064/00000/C420AF99-73B1-E711-90C7-02163E0136CF.root [657,655,656,658]
/store/data/Run2017F/MET/RAW/v1/000/305/064/00000/C43B33AC-F9B0-E711-9E39-02163E019D55.root [61]
/store/data/Run2017F/MET/RAW/v1/000/305/064/00000/C47C834F-0BB1-E711-A6C9-02163E01A454.root [374,373]
/store/data/Run2017F/MET/RAW/v1/000/305/064/00000/C4AB7496-76B1-E711-A7F0-02163E01A275.root [1681,1685,1689,1688,1692,1682,1687,1690,1691,1684,1683,1686]
/store/data/Run2017F/MET/RAW/v1/000/305/064/00000/C4ADF71E-00B1-E711-9247-02163E01360C.root [176]
/store/data/Run2017F/MET/RAW/v1/000/305/064/00000/C4BF7C25-76B1-E711-AA69-02163E014789.root [691,693,694,692]
/store/data/Run2017F/MET/RAW/v1/000/305/064/00000/C4F74A7B-FCB0-E711-889B-02163E01462F.root [110]
/store/data/Run2017F/MET/RAW/v1/000/305/064/00000/C4FDC9AE-F8B0-E711-B720-02163E011FC5.root [49]
/store/data/Run2017F/MET/RAW/v1/000/305/064/00000/C65C7362-76B1-E711-8513-02163E01A21A.root [1026,1027,1028,1029,1031,1030]
/store/data/Run2017F/MET/RAW/v1/000/305/064/00000/C665E32A-76B1-E711-8271-02163E01A3EF.root [708,709,707,710]
/store/data/Run2017F/MET/RAW/v1/000/305/064/00000/C6FB00A6-E2B1-E711-B1B1-02163E019E5D.root [430,429,428]
/store/data/Run2017F/MET/RAW/v1/000/305/064/00000/C80A68C7-76B1-E711-BAE7-02163E019CE1.root [961,963,960,959,962,964]
/store/data/Run2017F/MET/RAW/v1/000/305/064/00000/C80E0482-76B1-E711-B80E-02163E01463D.root [1085,1087,1089,1088,1086,1090]
/store/data/Run2017F/MET/RAW/v1/000/305/064/00000/C8156BAF-76B1-E711-9D3D-02163E01A2D6.root [1308,1312,1316,1313,1314,1315,1317,1310,1309,1311]
/store/data/Run2017F/MET/RAW/v1/000/305/064/00000/C8531008-77B1-E711-B74C-02163E01A685.root [1200,1202,1196,1198,1199,1203,1201,1197,1204]
/store/data/Run2017F/MET/RAW/v1/000/305/064/00000/C865425D-E2B1-E711-97E0-02163E019C2B.root [524,525,526]
/store/data/Run2017F/MET/RAW/v1/000/305/064/00000/C8C78C2C-76B1-E711-B47E-02163E013951.root [823,821,820,822]
/store/data/Run2017F/MET/RAW/v1/000/305/064/00000/C8E254E2-D7B1-E711-B67D-02163E0143E4.root [326,325]
/store/data/Run2017F/MET/RAW/v1/000/305/064/00000/CA04FA63-E2B1-E711-8F88-02163E011BF5.root [426,427]
/store/data/Run2017F/MET/RAW/v1/000/305/064/00000/CA1D9E24-F7B0-E711-8CF0-02163E011A67.root [8]
/store/data/Run2017F/MET/RAW/v1/000/305/064/00000/CAAB8F63-E2B1-E711-B24A-02163E01A4BC.root [394,393]
/store/data/Run2017F/MET/RAW/v1/000/305/064/00000/CAFF9075-76B1-E711-BEFE-02163E01A1BA.root [967,969,965,970,966,968]
/store/data/Run2017F/MET/RAW/v1/000/305/064/00000/CC028DD3-FEB0-E711-8B83-02163E019E23.root [155]
/store/data/Run2017F/MET/RAW/v1/000/305/064/00000/CC133729-FDB0-E711-8CDF-02163E019D52.root [116]
/store/data/Run2017F/MET/RAW/v1/000/305/064/00000/CC4F6B79-D7B1-E711-98EF-02163E01364A.root [267,268]
/store/data/Run2017F/MET/RAW/v1/000/305/064/00000/CC984F3F-76B1-E711-AA83-02163E019D8C.root [993,992,990,991,994,995]
/store/data/Run2017F/MET/RAW/v1/000/305/064/00000/CCCC8D24-F7B0-E711-B007-02163E019BE0.root [4]
/store/data/Run2017F/MET/RAW/v1/000/305/064/00000/CE132CDC-E3B1-E711-BBDF-02163E019CEF.root [590,588,591,589]
/store/data/Run2017F/MET/RAW/v1/000/305/064/00000/CE7781D1-76B1-E711-B2B2-02163E019BCA.root [1465,1463,1461,1464,1459,1466,1462,1460]
/store/data/Run2017F/MET/RAW/v1/000/305/064/00000/CEC60963-FFB0-E711-9DB8-02163E012841.root [164]
/store/data/Run2017F/MET/RAW/v1/000/305/064/00000/CED4EC95-76B1-E711-89AD-02163E019D9B.root [1502,1492,1497,1493,1494,1495,1500,1501,1491,1498,1496,1499]
/store/data/Run2017F/MET/RAW/v1/000/305/064/00000/D002C35D-76B1-E711-9688-02163E01A1EE.root [696,697,698,695]
/store/data/Run2017F/MET/RAW/v1/000/305/064/00000/D00F5462-E2B1-E711-AC2E-02163E01A760.root [537,538,536]
/store/data/Run2017F/MET/RAW/v1/000/305/064/00000/D0135A31-00B1-E711-A745-02163E019C3E.root [181]
/store/data/Run2017F/MET/RAW/v1/000/305/064/00000/D024C459-FDB0-E711-AEE0-02163E01A2BE.root [124]
/store/data/Run2017F/MET/RAW/v1/000/305/064/00000/D07B6B7C-FFB0-E711-B079-02163E011884.root [167]
/store/data/Run2017F/MET/RAW/v1/000/305/064/00000/D2894F58-F7B1-E711-AD53-02163E011B6D.root [205,206]
/store/data/Run2017F/MET/RAW/v1/000/305/064/00000/D2949361-77B1-E711-9C45-02163E0146FC.root [1427,1428,1429,1432,1431,1430,1433,1434]
/store/data/Run2017F/MET/RAW/v1/000/305/064/00000/D2C54566-F9B0-E711-AD18-02163E0119AF.root [54]
/store/data/Run2017F/MET/RAW/v1/000/305/064/00000/D4401170-E2B1-E711-A168-02163E01A20A.root [513,512,514]
/store/data/Run2017F/MET/RAW/v1/000/305/064/00000/D47A9C3D-14B1-E711-9C73-02163E019E73.root [550,552,551]
/store/data/Run2017F/MET/RAW/v1/000/305/064/00000/D4B28D7F-76B1-E711-A19A-02163E01272B.root [935,933,934,936,937,932]
/store/data/Run2017F/MET/RAW/v1/000/305/064/00000/D61BC93C-77B1-E711-962E-02163E0144E9.root [1286,1284,1285,1280,1282,1287,1281,1283,1288]
/store/data/Run2017F/MET/RAW/v1/000/305/064/00000/D64AA986-3BB2-E711-BF2A-02163E014746.root [613,611,610,612]
/store/data/Run2017F/MET/RAW/v1/000/305/064/00000/D6F2E9BB-DCB1-E711-8660-02163E01A2C3.root [342,343]
/store/data/Run2017F/MET/RAW/v1/000/305/064/00000/D819269E-FAB0-E711-A385-02163E011D3F.root [80]
/store/data/Run2017F/MET/RAW/v1/000/305/064/00000/D83CB9A4-E2B1-E711-A88B-02163E01A76A.root [499,498,497]
/store/data/Run2017F/MET/RAW/v1/000/305/064/00000/D853DC90-FEB0-E711-ABF7-02163E01467B.root [145]
/store/data/Run2017F/MET/RAW/v1/000/305/064/00000/D857F95F-FFB0-E711-8F26-02163E014387.root [166]
/store/data/Run2017F/MET/RAW/v1/000/305/064/00000/DA4C2A09-DDB1-E711-B222-02163E0146A2.root [371,370]
/store/data/Run2017F/MET/RAW/v1/000/305/064/00000/DA4CF452-E2B1-E711-A89D-02163E0135C5.root [398,397]
/store/data/Run2017F/MET/RAW/v1/000/305/064/00000/DA4E2FF0-76B1-E711-8FEE-02163E01A744.root [1640,1634,1637,1638,1642,1644,1643,1633,1639,1635,1636,1641]
/store/data/Run2017F/MET/RAW/v1/000/305/064/00000/DA68FF38-76B1-E711-A5DB-02163E01A6F8.root [930,928,929,927,931]
/store/data/Run2017F/MET/RAW/v1/000/305/064/00000/DAD5DB94-FEB0-E711-B82E-02163E01412F.root [146]
/store/data/Run2017F/MET/RAW/v1/000/305/064/00000/DCDACAE2-CDB1-E711-899B-02163E019E85.root [165]
/store/data/Run2017F/MET/RAW/v1/000/305/064/00000/DE60D960-3BB2-E711-860D-02163E019DA2.root [599,600,601,598]
/store/data/Run2017F/MET/RAW/v1/000/305/064/00000/DE7B4957-E2B1-E711-9DC3-02163E01A5F3.root [506,507,508]
/store/data/Run2017F/MET/RAW/v1/000/305/064/00000/DEB47686-DEB1-E711-A899-02163E0137E7.root [341,340]
/store/data/Run2017F/MET/RAW/v1/000/305/064/00000/DED024EF-15B1-E711-90DC-02163E019E7D.root [586,587]
/store/data/Run2017F/MET/RAW/v1/000/305/064/00000/E07C2591-E2B1-E711-A487-02163E019CC2.root [436,434,435]
/store/data/Run2017F/MET/RAW/v1/000/305/064/00000/E093369C-D7B1-E711-B2DB-02163E01A53C.root [281,282]
/store/data/Run2017F/MET/RAW/v1/000/305/064/00000/E0D5AB9B-76B1-E711-B90A-02163E0146DD.root [1228,1234,1233,1230,1226,1229,1231,1232,1227]
/store/data/Run2017F/MET/RAW/v1/000/305/064/00000/E0F37CF0-DCB1-E711-A9F5-02163E01A627.root [359,358]
/store/data/Run2017F/MET/RAW/v1/000/305/064/00000/E2040DC0-15B1-E711-A696-02163E013569.root [583,582]
/store/data/Run2017F/MET/RAW/v1/000/305/064/00000/E235C464-E2B1-E711-B21D-02163E019E6C.root [539,540,541]
/store/data/Run2017F/MET/RAW/v1/000/305/064/00000/E2451702-FCB0-E711-8968-02163E0146E6.root [17]
/store/data/Run2017F/MET/RAW/v1/000/305/064/00000/E262FEA3-FBB0-E711-A036-02163E0141BC.root [87]
/store/data/Run2017F/MET/RAW/v1/000/305/064/00000/E26DE6C1-76B1-E711-9010-02163E01A20C.root [1516,1517,1524,1521,1526,1520,1523,1515,1519,1522,1525,1518]
/store/data/Run2017F/MET/RAW/v1/000/305/064/00000/E2ABE5DB-F7B0-E711-A278-02163E012388.root [26]
/store/data/Run2017F/MET/RAW/v1/000/305/064/00000/E2EEC340-76B1-E711-83E0-02163E01A780.root [859,862,858,861,860,863]
/store/data/Run2017F/MET/RAW/v1/000/305/064/00000/E45A3440-FDB0-E711-9F22-02163E011BC8.root [127]
/store/data/Run2017F/MET/RAW/v1/000/305/064/00000/E4696B9E-FEB0-E711-86D7-02163E01453C.root [157]
/store/data/Run2017F/MET/RAW/v1/000/305/064/00000/E4C14EAE-76B1-E711-ACC6-02163E019CAF.root [895,896,899,897,898,894]
/store/data/Run2017F/MET/RAW/v1/000/305/064/00000/E4C9EBA1-E2B1-E711-9838-02163E012841.root [415,417,416]
/store/data/Run2017F/MET/RAW/v1/000/305/064/00000/E4DBEFC0-F9B0-E711-A525-02163E0139B8.root [63]
/store/data/Run2017F/MET/RAW/v1/000/305/064/00000/E63F0655-FDB0-E711-9449-02163E01A629.root [113]
/store/data/Run2017F/MET/RAW/v1/000/305/064/00000/E6939855-FDB0-E711-A203-02163E01197B.root [119]
/store/data/Run2017F/MET/RAW/v1/000/305/064/00000/E6BD005E-76B1-E711-947F-02163E019DB0.root [916,912,914,915,913]
/store/data/Run2017F/MET/RAW/v1/000/305/064/00000/E6CF529D-FBB0-E711-8850-02163E012B5C.root [86]
/store/data/Run2017F/MET/RAW/v1/000/305/064/00000/E6ED3936-E4B1-E711-B39C-02163E01A63D.root [562,563,564]
/store/data/Run2017F/MET/RAW/v1/000/305/064/00000/E8D17EAB-76B1-E711-A2B7-02163E013397.root [1155,1156,1151,1152,1154,1153]
/store/data/Run2017F/MET/RAW/v1/000/305/064/00000/EA0AFEDA-DCB1-E711-80F2-02163E019DBC.root [357,356]
/store/data/Run2017F/MET/RAW/v1/000/305/064/00000/EA2311AA-FBB0-E711-AF88-02163E013655.root [96]
/store/data/Run2017F/MET/RAW/v1/000/305/064/00000/EA2DCCCE-FDB0-E711-B871-02163E01377E.root [140]
/store/data/Run2017F/MET/RAW/v1/000/305/064/00000/EA38A945-76B1-E711-BEA3-02163E0139CE.root [1032,1035,1033,1034,1036,1037]
/store/data/Run2017F/MET/RAW/v1/000/305/064/00000/EA45A668-F9B0-E711-9DC7-02163E019BE9.root [57]
/store/data/Run2017F/MET/RAW/v1/000/305/064/00000/EC404FDB-76B1-E711-B5D7-02163E0142AE.root [1458,1453,1455,1451,1454,1456,1452,1457]
/store/data/Run2017F/MET/RAW/v1/000/305/064/00000/ECB8CBC8-76B1-E711-AD67-02163E0140E2.root [1558,1552,1559,1553,1554,1556,1555,1557,1561,1560,1551,1562]
/store/data/Run2017F/MET/RAW/v1/000/305/064/00000/EE539D20-C9B1-E711-8B78-02163E013513.root [90]
/store/data/Run2017F/MET/RAW/v1/000/305/064/00000/EE5A2821-00B1-E711-B3AE-02163E01272B.root [177]
/store/data/Run2017F/MET/RAW/v1/000/305/064/00000/EE6386AA-73B1-E711-9225-02163E01A300.root [661,660,659,662]
/store/data/Run2017F/MET/RAW/v1/000/305/064/00000/EE7A3825-76B1-E711-B595-02163E011F8E.root [775,778,777,776]
/store/data/Run2017F/MET/RAW/v1/000/305/064/00000/EEAEAA42-76B1-E711-896F-02163E014773.root [925,923,924,926]
/store/data/Run2017F/MET/RAW/v1/000/305/064/00000/EEF62994-76B1-E711-AFD2-02163E0140DA.root [1591,1594,1592,1588,1589,1595,1596,1587,1590,1593]
/store/data/Run2017F/MET/RAW/v1/000/305/064/00000/F08A7BBE-FBB0-E711-88F7-02163E01A239.root [92]
/store/data/Run2017F/MET/RAW/v1/000/305/064/00000/F0B21FB3-76B1-E711-9A41-02163E019E71.root [1504,1510,1505,1514,1513,1503,1508,1511,1506,1507,1509,1512]
/store/data/Run2017F/MET/RAW/v1/000/305/064/00000/F0C8CAFB-76B1-E711-A865-02163E01360E.root [1807,1803,1808,1802,1804,1810,1812,1801,1805,1809,1811,1806]
/store/data/Run2017F/MET/RAW/v1/000/305/064/00000/F256244F-76B1-E711-A6CF-02163E014644.root [892,888,889,890,891,893]
/store/data/Run2017F/MET/RAW/v1/000/305/064/00000/F2647258-F7B1-E711-B102-02163E01424B.root [227,228]
/store/data/Run2017F/MET/RAW/v1/000/305/064/00000/F2D00E75-D7B1-E711-84FC-02163E019B4D.root [302,301]
/store/data/Run2017F/MET/RAW/v1/000/305/064/00000/F2E0ECDB-DCB1-E711-9BD2-02163E01A56C.root [338,339]
/store/data/Run2017F/MET/RAW/v1/000/305/064/00000/F2E9EA9F-FEB0-E711-A2E0-02163E014360.root [144]
/store/data/Run2017F/MET/RAW/v1/000/305/064/00000/F40AE091-76B1-E711-984E-02163E0137BC.root [792,793,794,795]
/store/data/Run2017F/MET/RAW/v1/000/305/064/00000/F40DB6B8-76B1-E711-9135-02163E01A77E.root [1439,1437,1438,1441,1436,1440,1435,1442]
/store/data/Run2017F/MET/RAW/v1/000/305/064/00000/F485EAA9-FCB0-E711-8629-02163E019B93.root [109]
/store/data/Run2017F/MET/RAW/v1/000/305/064/00000/F48D9AD1-76B1-E711-B8DA-02163E019BA4.root [1954,1959,1966,1955,1956,1957,1958,1962,1965,1960,1964,1961,1952,1953,1963]
/store/data/Run2017F/MET/RAW/v1/000/305/064/00000/F4A52AA2-FEB0-E711-A8DC-02163E01A204.root [153]
/store/data/Run2017F/MET/RAW/v1/000/305/064/00000/F4B5A40A-F8B0-E711-AA64-02163E011D36.root [20]
/store/data/Run2017F/MET/RAW/v1/000/305/064/00000/F6026920-D8B1-E711-947E-02163E01387A.root [329,330]
/store/data/Run2017F/MET/RAW/v1/000/305/064/00000/F6171F8D-D7B1-E711-8AFA-02163E01A601.root [255,256]
/store/data/Run2017F/MET/RAW/v1/000/305/064/00000/F62F097E-76B1-E711-829A-02163E011BA4.root [905,902,900,904,903,901]
/store/data/Run2017F/MET/RAW/v1/000/305/064/00000/F63B8D9F-15B1-E711-922A-02163E019E22.root [576,575]
/store/data/Run2017F/MET/RAW/v1/000/305/064/00000/F6C07306-F8B0-E711-AAA6-02163E0135D2.root [24]
/store/data/Run2017F/MET/RAW/v1/000/305/064/00000/F6E5B83B-76B1-E711-A6E3-02163E01390F.root [869,864,865,868,867,866]
/store/data/Run2017F/MET/RAW/v1/000/305/064/00000/F6F263AB-76B1-E711-B92E-02163E011AC5.root [1745,1750,1741,1752,1747,1748,1744,1746,1749,1742,1743,1751]
/store/data/Run2017F/MET/RAW/v1/000/305/064/00000/F8289F2A-FDB0-E711-8E13-02163E012293.root [120]
/store/data/Run2017F/MET/RAW/v1/000/305/064/00000/F8580160-76B1-E711-A5F3-02163E0142F0.root [997,999,996,1001,1000,998]
/store/data/Run2017F/MET/RAW/v1/000/305/064/00000/F8CE79D5-76B1-E711-B1CC-02163E01A257.root [1411,1412,1417,1415,1414,1416,1418,1413]
/store/data/Run2017F/MET/RAW/v1/000/305/064/00000/FA63943D-F9B0-E711-A463-02163E019DDC.root [53]
/store/data/Run2017F/MET/RAW/v1/000/305/064/00000/FA88D0FE-76B1-E711-BF5F-02163E014785.root [1527,1538,1533,1532,1534,1536,1537,1529,1535,1528,1530,1531]
/store/data/Run2017F/MET/RAW/v1/000/305/064/00000/FAF7CA8B-76B1-E711-9D23-02163E01A28A.root [824,825,826,827]
/store/data/Run2017F/MET/RAW/v1/000/305/064/00000/FC59E0E1-F7B0-E711-B2FD-02163E01250D.root [21]
/store/data/Run2017F/MET/RAW/v1/000/305/064/00000/FC91BA44-00B1-E711-881F-02163E0133A4.root [178]
/store/data/Run2017F/MET/RAW/v1/000/305/064/00000/FC9C5886-FCB0-E711-8559-02163E01243F.root [111]
/store/data/Run2017F/MET/RAW/v1/000/305/064/00000/FCA1A88C-F6B0-E711-ADFC-02163E0146D7.root [1]
/store/data/Run2017F/MET/RAW/v1/000/305/064/00000/FCCCAC96-D0B1-E711-BA28-02163E0136EA.root [197]
/store/data/Run2017F/MET/RAW/v1/000/305/064/00000/FCCEC08C-E2B1-E711-B494-02163E0136EB.root [383,384]
/store/data/Run2017F/MET/RAW/v1/000/305/064/00000/FCEB6DAE-E2B1-E711-854F-02163E0143DD.root [467,468,469]
/store/data/Run2017F/MET/RAW/v1/000/305/064/00000/FE01D6C2-FEB0-E711-BA30-02163E011B95.root [138]
/store/data/Run2017F/MET/RAW/v1/000/305/064/00000/FE2B44F6-D7B1-E711-AF13-02163E0143B7.root [333,334]
/store/data/Run2017F/MET/RAW/v1/000/305/064/00000/FE37C18A-74B1-E711-9BB0-02163E01A3D4.root [665,664,663,666]
/store/data/Run2017F/MET/RAW/v1/000/305/064/00000/FE3EC8B4-D7B1-E711-8898-02163E019BD9.root [253,254]
/store/data/Run2017F/MET/RAW/v1/000/305/064/00000/FE40A322-15B1-E711-AD7A-02163E0122CB.root [571,570]
/store/data/Run2017F/MET/RAW/v1/000/305/064/00000/FE4CE76E-D7B1-E711-B8FC-02163E0143B7.root [298,297]
/store/data/Run2017F/MET/RAW/v1/000/305/064/00000/FE7E93AE-FBB0-E711-9FBE-02163E019C53.root [97]
/store/data/Run2017F/MET/RAW/v1/000/305/064/00000/FE8442A9-D7B1-E711-B251-02163E01A67D.root [258,257]
/store/data/Run2017F/MET/RAW/v1/000/305/064/00000/FEA48947-D7B1-E711-823D-02163E01A5A9.root [309,308]
/store/data/Run2017F/MET/RAW/v1/000/305/064/00000/FEC1E39A-76B1-E711-9132-02163E011C39.root [1445,1444,1443,1450,1446,1448,1447,1449]
/store/data/Run2017F/MET/RAW/v1/000/305/064/00000/FEF7CA20-F7B0-E711-A561-02163E01424B.root [7]
