/store/data/Run2017E/MuonEG/MINIAOD/31Mar2018-v1/90000/02300C18-3D37-E811-916D-008CFA197D38.root [60,71,67,59,66,68,69,70,72,64,62,65,61]
/store/data/Run2017E/MuonEG/MINIAOD/31Mar2018-v1/90000/0489CC97-A637-E811-A68A-A0369FC51A44.root [91,103,109,140,171,253,254,315,317,497,508,512,516,517,520,521,545,577,92,90,99,136,137,139,263,318,507,522,536,93,100,101,105,108,169,173,261,262,287,292,312,320,498,501,502,511,518,519,541,576,94,104,106,134,141,172,265,285,495,504,505,523,524,581,95,96,98,102,110,111,138,176,255,260,282,286,313,509,513,546,107,132,135,170,174,283,284,314,496,499,506,514,515,538,544,579,580,89,97,112,175,177,264,290,291,321,500,503,510,535,537,539,578,133,316,540]
/store/data/Run2017E/MuonEG/MINIAOD/31Mar2018-v1/90000/24659634-7B37-E811-89C0-008CFA1CBB34.root [2042,2046,2052,2038,2037,2039,2051,2041,2040,2050,2053,2032,2036,2043,2045,2035,2034,2044,2049,2033,2048]
/store/data/Run2017E/MuonEG/MINIAOD/31Mar2018-v1/90000/28279437-4137-E811-B128-008CFA197D38.root [122,130,127,131,129,125,123,126,121,124]
/store/data/Run2017E/MuonEG/MINIAOD/31Mar2018-v1/90000/2A72C5C6-9737-E811-9A4B-B496910A9A40.root [489,491,548,559,566,568,488,532,543,549,551,553,554,567,571,550,558,562,528,533,557,560,561,563,534,556,572,573,487,490,525,530,564,569,575,479,493,527,542,555,565,574,478,492,494,526,529,531,547,552,570]
/store/data/Run2017E/MuonEG/MINIAOD/31Mar2018-v1/90000/3868B267-A637-E811-8D3D-A0369FC5DCB8.root [583,596,602,603,606,613,619,624,650,654,655,656,694,697,698,701,709,717,741,747,750,757,758,762,763,601,608,622,623,653,702,716,734,752,754,759,760,765,769,772,775,582,584,600,610,621,641,642,652,713,746,768,770,605,607,617,627,648,651,705,707,711,744,751,753,585,598,604,612,616,626,628,631,640,647,696,699,712,719,720,722,735,761,614,618,625,632,693,695,700,710,733,740,743,749,755,756,776,778,795,611,615,703,706,714,715,718,723,739,764,774,777,597,599,609,620,629,630,633,649,657,691,692,704,708,721,732,742,745,748,766,771,773]
/store/data/Run2017E/MuonEG/MINIAOD/31Mar2018-v1/90000/424716F7-C937-E811-991F-B496910A8618.root [1459,1460,1474,1490,1495,1500,1524,1525,1530,1539,1560,1571,1580,1584,1632,1648,1678,1680,1870,1872,1458,1463,1468,1480,1494,1496,1505,1512,1515,1521,1531,1538,1541,1555,1556,1562,1570,1633,1647,1656,1658,1659,1866,1869,1871,1881,1462,1482,1486,1487,1498,1511,1517,1522,1537,1540,1583,1586,1634,1639,1646,1657,1675,1679,1874,1470,1493,1497,1504,1509,1513,1523,1528,1533,1535,1576,1578,1644,1654,1660,1662,1663,1875,1876,1878,1883,1454,1452,1461,1466,1467,1473,1481,1483,1503,1520,1558,1559,1564,1566,1569,1579,1590,1594,1598,1599,1637,1645,1867,1868,1873,1464,1469,1472,1475,1476,1478,1485,1489,1507,1510,1516,1526,1532,1534,1536,1557,1563,1567,1572,1574,1582,1585,1592,1593,1595,1642,1643,1655,1661,1676,1877,1882,1451,1471,1477,1488,1491,1492,1501,1502,1508,1514,1527,1529,1561,1568,1577,1588,1591,1596,1636,1638,1640,1641,1879,1880,1453,1457,1465,1479,1484,1499,1506,1518,1519,1565,1573,1575,1581,1587,1589,1597,1635,1677]
/store/data/Run2017E/MuonEG/MINIAOD/31Mar2018-v1/90000/486162C2-6037-E811-956A-008CFA0A55E8.root [1545,1548,1554,1543,1551,1550,1552,1542,1546,1544,1549,1553,1547]
/store/data/Run2017E/MuonEG/MINIAOD/31Mar2018-v1/90000/54655C98-DF37-E811-80B1-A0369FC5C48C.root [686,785,788,813,832,922,978,979,981,984,1022,1042,1045,1060,1061,1072,1075,1157,1159,1189,684,727,729,779,815,850,854,934,993,1015,728,781,846,851,852,853,925,926,977,983,992,1011,1012,1035,1039,1059,1080,1175,730,789,814,820,927,936,975,1016,1037,1043,1078,681,688,725,738,812,817,923,924,1014,1018,1020,1036,1069,1071,1144,1176,1180,683,671,682,685,687,689,690,724,726,784,787,819,845,848,849,935,976,982,1044,1063,1064,1068,1076,1156,1177,1187,737,780,782,783,816,818,855,920,937,980,1017,1038,1046,1062,1065,1066,1067,1070,1074,1081,1082,1145,1160,1173,1185,1186,731,736,786,833,847,921,1013,1019,1021,1041,1040,1073,1077,1079,1158,1174,1178,1179,1188]
/store/data/Run2017E/MuonEG/MINIAOD/31Mar2018-v1/90000/5A56DCC9-9F38-E811-8265-B496910A9828.root [1609,1620,1627,1631,1652,1686,1688,1695,1698,1782,1961,1966,1968,1969,2021,1606,1614,1621,1628,1664,1673,1690,1709,1713,1795,1800,1970,1972,2031,1600,1613,1615,1624,1651,1665,1667,1693,1702,1712,1801,1955,1962,1964,2017,2018,2020,2024,2025,1603,1604,1607,1649,1682,1684,1687,1691,1696,1704,1706,1708,1794,1796,1798,1806,1958,1963,2014,2022,2027,1602,1618,1619,1622,1626,1674,1683,1694,1700,1701,1705,1792,1957,1960,1971,2016,2026,2030,1601,1605,1612,1625,1653,1669,1685,1692,1697,1699,1703,1710,1797,1803,1956,2015,1608,1610,1616,1617,1629,1650,1666,1671,1681,1707,1781,1802,1804,1805,1954,1959,2019,2023,2028,1611,1623,1630,1668,1670,1672,1689,1711,1793,1799,1965,1967,2029]
/store/data/Run2017E/MuonEG/MINIAOD/31Mar2018-v1/90000/6896224F-6937-E811-B1CD-B496910A8A88.root [1937,1941,1946,1951,1953,1940,1936,1943,1944,1952,1939,1942,1947,1950,1945,1948,1938,1949]
/store/data/Run2017E/MuonEG/MINIAOD/31Mar2018-v1/90000/6EC91DD8-A137-E811-947F-B496910A9A7C.root [1338,1352,1359,1363,1366,1369,1405,1334,1336,1340,1343,1351,1362,1379,1384,1389,1406,1411,1412,1413,1416,1339,1355,1361,1365,1373,1395,1396,1401,1335,1345,1357,1364,1371,1398,1399,1402,1407,1344,1348,1358,1367,1368,1383,1386,1391,1414,1341,1342,1356,1374,1375,1380,1381,1382,1385,1387,1390,1392,1393,1394,1403,1404,1417,1337,1346,1347,1349,1350,1370,1372,1376,1377,1378,1388,1397,1408,1410,1353,1354,1360,1400,1409,1415]
/store/data/Run2017E/MuonEG/MINIAOD/31Mar2018-v1/90000/6EFD4147-6737-E811-92E8-B4969109F628.root [1918,1931,1932,1933,1935,2007,409,412,416,1917,1926,1927,1995,2004,2008,408,1925,1929,1930,1934,2003,2010,2000,2001,2002,2011,407,1919,1922,1993,1997,405,410,411,1928,2012,2013,406,1923,1994,1998,2005,2006,2009,1924,1996,1999]
/store/data/Run2017E/MuonEG/MINIAOD/31Mar2018-v1/90000/804EF7D3-3037-E811-8AFD-008CFA1980B8.root [486,1456,477,482,659,1455,480,484,658,666,668,663,485,664,483,660,667,475,476,481,661,662,665]
/store/data/Run2017E/MuonEG/MINIAOD/31Mar2018-v1/90000/8630B65C-C437-E811-B75A-008CFA0A5818.root [234,236,267,268,272,1109,1122,1124,1132,1437,280,423,1112,1114,1117,1435,1439,230,275,277,281,288,425,1118,1123,1127,1131,231,232,235,270,276,426,1107,1108,1130,1134,238,271,273,274,279,1113,1129,233,237,269,278,289,424,1115,1126,1128,1436,1116,1133,1438,266,1110,1111,1119,1125]
/store/data/Run2017E/MuonEG/MINIAOD/31Mar2018-v1/90000/90EF8ED5-8137-E811-B313-008CFA1CB470.root [444,448,450,454,398,443,446,451,456,461,474,399,404,419,439,447,463,466,468,473,402,418,438,445,458,459,460,462,470,396,413,437,441,452,453,457,464,397,400,401,403,414,422,440,442,449,471,415,455,465,417,420,421,467,469,472]
/store/data/Run2017E/MuonEG/MINIAOD/31Mar2018-v1/90000/9883F3A8-BC37-E811-80F0-B496910A8AA8.root [218,356,362,373,384,385,386,392,226,359,361,363,368,371,372,376,379,388,390,217,222,227,347,353,367,370,377,380,381,383,395,219,357,358,364,213,224,228,360,378,382,389,220,225,348,349,350,354,369,375,391,394,215,229,351,366,374,214,211,212,221,223,355,365,387,393]
/store/data/Run2017E/MuonEG/MINIAOD/31Mar2018-v1/90000/98996D74-C037-E811-AE99-B496910A8AA8.root [881,886,889,916,918,965,1031,1048,1056,1058,1191,1193,1196,1226,1230,1234,1280,1283,1286,790,882,888,893,928,933,1026,1050,1053,1201,1203,1206,1235,1282,1292,793,791,802,883,915,930,967,968,974,1182,1197,1202,1227,1228,1233,1284,805,892,932,964,972,1023,1047,1194,1195,1205,1278,1281,1291,792,801,931,959,1027,1029,1032,1183,1190,1217,1218,1231,1232,1237,1287,1288,1289,794,885,890,891,914,929,969,1024,1028,1034,1052,1199,1216,800,803,804,880,884,887,966,970,971,973,1030,1033,1051,1054,1057,1192,1198,1220,1236,917,919,1025,1049,1055,1181,1200,1204,1207,1219,1229,1238,1285,1290]
/store/data/Run2017E/MuonEG/MINIAOD/31Mar2018-v1/90000/A8F08FD9-6D37-E811-A61B-008CFA1983BC.root [2056,2054,2058,2057,2047,2055]
/store/data/Run2017E/MuonEG/MINIAOD/31Mar2018-v1/90000/B66AE28F-AF37-E811-9214-B4969109FA2C.root [1727,1732,1751,1752,1760,1766,1772,1777,1815,1821,1825,1827,1835,1841,1860,1911,1912,1913,1737,1738,1742,1750,1759,1768,1778,1829,1837,1846,1865,1915,1714,1724,1725,1726,1729,1731,1733,1734,1745,1769,1767,1779,1816,1819,1826,1855,1856,1864,1907,1721,1739,1754,1762,1770,1774,1822,1823,1830,1843,1844,1853,1861,1903,1723,1747,1749,1753,1755,1761,1775,1820,1828,1831,1832,1849,1858,1863,1916,1715,1718,1720,1722,1728,1730,1735,1736,1757,1758,1780,1818,1833,1839,1842,1845,1850,1851,1857,1862,1900,1902,1905,1908,1717,1716,1741,1743,1756,1763,1765,1834,1840,1909,1719,1740,1744,1746,1748,1764,1771,1773,1776,1817,1824,1836,1838,1847,1848,1852,1854,1859,1901,1904,1906,1910,1914]
/store/data/Run2017E/MuonEG/MINIAOD/31Mar2018-v1/90000/BCAFBCFE-D937-E811-BDDE-B496910A80E8.root [767,806,829,831,839,857,860,869,870,894,905,910,912,946,948,952,954,985,995,1001,1005,1009,1089,1095,1152,1161,797,799,821,827,840,843,911,943,958,960,994,1083,1085,1086,1087,1090,1094,1163,1169,1170,823,835,836,865,866,895,938,945,986,988,1007,1097,1101,1104,1162,1167,1184,824,826,834,842,856,868,907,913,949,950,962,996,999,1000,1004,1006,1092,1102,1120,1153,1171,808,811,822,825,828,830,841,867,908,942,947,987,989,997,998,1003,1010,1084,1098,1099,1155,798,796,858,859,864,939,941,951,961,1002,1088,1093,1096,1100,1166,1172,807,837,838,844,904,906,909,940,944,953,955,956,963,1008,1103,1105,1121,1164,1168,809,810,957,990,991,1091,1106,1154,1165]
/store/data/Run2017E/MuonEG/MINIAOD/31Mar2018-v1/90000/BE407E18-CB37-E811-B11F-008CFA197BBC.root [83,88,142,143,144,145,305,307,330,342,346,85,165,185,194,197,209,310,333,339,343,150,162,166,179,181,202,208,334,338,149,163,195,200,207,210,332,337,344,81,146,167,303,306,308,331,335,336,84,82,87,340,147,148,158,164,168,180,182,183,184,196,198,201,203,204,302,309,311,341,352,86,159,178,199,205,206,304,345]
/store/data/Run2017E/MuonEG/MINIAOD/31Mar2018-v1/90000/C2931EA7-9537-E811-B8FD-A0369FC5E050.root [1138,1137,1142,1143,1209,1213,1224,1225,1320,1322,1324,1430,1444,1445,1214,1328,1330,1419,1422,1428,1442,1448,1210,1321,1323,1327,1329,1331,1424,1440,1136,1420,1421,1429,1431,1450,1141,1433,1441,1140,1211,1325,1326,1423,1434,1447,1208,1212,1215,1332,1418,1427,1432,1135,1139,1221,1222,1223,1333,1425,1426,1443,1446,1449]
/store/data/Run2017E/MuonEG/MINIAOD/31Mar2018-v1/90000/CAC8565F-9537-E811-9127-A0369FC5E22C.root [161,239,240,243,244,245,248,256,293,297,319,325,329,432,634,677,862,901,116,119,128,186,188,241,242,294,300,301,322,323,324,431,588,670,861,863,876,896,898,900,114,192,193,246,247,250,257,296,299,436,592,593,595,639,678,679,877,902,117,153,187,191,326,328,434,586,589,636,637,643,646,674,676,871,873,897,154,249,327,430,673,875,879,118,120,157,251,252,259,427,433,591,638,644,645,669,680,878,899,115,152,160,190,258,295,298,428,429,635,672,113,151,155,156,189,587,590,594,675,872,874,903]
/store/data/Run2017E/MuonEG/MINIAOD/31Mar2018-v1/90000/CE2F44D0-3037-E811-8A24-B496910A8670.root [1975,1991,1977,1980,1982,1990,1974,1976,1981,1985,1988,1984,1986,1978,1989,1979,1983,1987,1973,1992]
/store/data/Run2017E/MuonEG/MINIAOD/31Mar2018-v1/90000/E218B5E3-6337-E811-A77D-B4969109F628.root [1808,1809,1884,1899,1783,1787,1811,1814,1896,1921,1807,1810,1895,1812,1897,1788,1790,1890,1891,1894,1920,1785,1813,1886,1887,1893,1898,1784,1791,1885,1888,1889,1786,1789,1892]
/store/data/Run2017E/MuonEG/MINIAOD/31Mar2018-v1/90000/F47FE429-7037-E811-8C76-008CFA197C38.root [73,78,80,77,74,75,76,79,63]
/store/data/Run2017E/MuonEG/MINIAOD/31Mar2018-v1/90000/FC1C9C90-9337-E811-9CDB-008CFA1CBB34.root [1147,1245,1250,1254,1255,1256,1272,1275,1293,1296,1297,1306,1310,1316,1317,1148,1246,1259,1262,1263,1265,1273,1308,1309,1313,1318,1319,1243,1244,1249,1303,1241,1247,1268,1276,1299,1302,1311,1314,1151,1239,1258,1260,1277,1279,1298,1307,1312,1315,1149,1146,1261,1270,1295,1300,1251,1252,1257,1264,1266,1267,1271,1274,1294,1301,1304,1305,1150,1240,1242,1248,1253,1269]
