/store/data/Run2024C/ParkingLLP/RAW/v1/000/379/416/00000/0cd399ac-24cf-4ebf-97f9-a8084e83184f.root 379416 [104,99,102,97,101,103,96,98,100]
/store/data/Run2024C/ParkingLLP/RAW/v1/000/379/416/00000/1aca5289-975e-4209-b08d-9cf4eb64f190.root 379416 [116,117,114,115,112,113]
/store/data/Run2024C/ParkingLLP/RAW/v1/000/379/416/00000/2c9b2b5c-ccba-404c-8b31-c81b6b698002.root 379416 [204,209,207,205,206,210,208]
/store/data/Run2024C/ParkingLLP/RAW/v1/000/379/416/00000/3dd13604-86cf-454c-ab2a-13fc60748e75.root 379416 [225,226]
/store/data/Run2024C/ParkingLLP/RAW/v1/000/379/416/00000/3f465435-2108-49b3-b8dc-ff276d60d17e.root 379416 [186,187,189,183,184,188,185]
/store/data/Run2024C/ParkingLLP/RAW/v1/000/379/416/00000/44e00c77-172e-477c-8127-ba30ae0c53c4.root 379416 [166,162,164,168,163,165,167]
/store/data/Run2024C/ParkingLLP/RAW/v1/000/379/416/00000/48dab40f-000a-4e2d-81af-c629d13687dd.root 379416 [218,221,219,223,220,224,222]
/store/data/Run2024C/ParkingLLP/RAW/v1/000/379/416/00000/48ebe26c-1633-41f5-af4b-d9f90baa6ce9.root 379416 [52,56,59,50,55,58,48,49,53,54,51,57]
/store/data/Run2024C/ParkingLLP/RAW/v1/000/379/416/00000/4c8c80b0-b910-4150-934d-f05f18819543.root 379416 [73,72,71,70,74,69]
/store/data/Run2024C/ParkingLLP/RAW/v1/000/379/416/00000/4e5b8b7a-0469-4340-a524-f7d928668c63.root 379416 [195,194,196,191,192,190,193]
/store/data/Run2024C/ParkingLLP/RAW/v1/000/379/416/00000/53e6b962-ab2b-4ecd-8578-a6264b1be2ba.root 379416 [146,147,148,144,143,145]
/store/data/Run2024C/ParkingLLP/RAW/v1/000/379/416/00000/585d2e13-893f-4a12-93b4-df943e0613a3.root 379416 [140,141,137,138,139,142]
/store/data/Run2024C/ParkingLLP/RAW/v1/000/379/416/00000/5fd49bbb-7cff-41de-889d-dade114949e9.root 379416 [120,122,118,121,124,119,123]
/store/data/Run2024C/ParkingLLP/RAW/v1/000/379/416/00000/7010f093-e894-4291-a2dd-92cf8741dbc2.root 379416 [170,174,171,173,175,172,169]
/store/data/Run2024C/ParkingLLP/RAW/v1/000/379/416/00000/93367a88-c79b-4126-8487-8363676d79c9.root 379416 [15,2,5,8,20,24,1,17,19,21,29,31,3,13,25,27,7,11,28,4,6,12,14,18,23,26,30,9,10,16,22]
/store/data/Run2024C/ParkingLLP/RAW/v1/000/379/416/00000/9dc98c9a-824f-42b7-a826-6d2b387a2156.root 379416 [36,37,40,45,46,47,33,38,39,41,35,32,34,42,44,43]
/store/data/Run2024C/ParkingLLP/RAW/v1/000/379/416/00000/b9b01155-a84c-4d41-88c1-beb9a7e835da.root 379416 [198,202,203,197,201,199,200]
/store/data/Run2024C/ParkingLLP/RAW/v1/000/379/416/00000/be95bb18-8542-4daf-9cc8-ae59a9ce8b64.root 379416 [151,152,153,149,150,154]
/store/data/Run2024C/ParkingLLP/RAW/v1/000/379/416/00000/c491f6f4-6e31-4454-9eff-5cf557ec47f4.root 379416 [176,178,182,181,177,180,179]
/store/data/Run2024C/ParkingLLP/RAW/v1/000/379/416/00000/d249107c-3dd7-40aa-afed-c3b5c8bfaffc.root 379416 [216,217,211,212,214,213,215]
/store/data/Run2024C/ParkingLLP/RAW/v1/000/379/416/00000/db15c247-8bfb-4665-86f5-2b7ca49e2568.root 379416 [126,127,130,125,128,129]
/store/data/Run2024C/ParkingLLP/RAW/v1/000/379/416/00000/dc21286e-7b16-41e0-964a-8cacccaee2a7.root 379416 [131,136,135,133,134,132]
/store/data/Run2024C/ParkingLLP/RAW/v1/000/379/416/00000/eb7ad9fc-3a16-49c9-bf01-55795eab09df.root 379416 [105,108,110,111,106,107,109]
/store/data/Run2024C/ParkingLLP/RAW/v1/000/379/416/00000/ee6a0f4b-6884-4dbe-9a31-a8b9336c511c.root 379416 [66,62,60,65,67,61,68,63,64]
/store/data/Run2024C/ParkingLLP/RAW/v1/000/379/416/00000/f34637e0-b75d-4dba-af54-5bf95d581f91.root 379416 [155,158,159,160,156,157,161]
/store/data/Run2024C/ParkingLLP/RAW/v1/000/379/416/00000/f50e50db-b650-4698-8404-101dffb1cdc7.root 379416 [85,84,82,86,83,87]
/store/data/Run2024C/ParkingLLP/RAW/v1/000/379/416/00000/f64e657f-4f8f-4aac-a6c0-19b4f49f0096.root 379416 [90,93,92,89,88,91,94,95]
/store/data/Run2024C/ParkingLLP/RAW/v1/000/379/416/00000/f7d46f3b-d9e1-40c4-83af-8ed52c63d479.root 379416 [80,76,75,79,77,81,78]
/store/data/Run2024C/ParkingLLP/RAW/v1/000/379/420/00000/01ab3e92-cf62-4384-b395-eee83e95eb9f.root 379420 [436,430,432,433,435,431,434]
/store/data/Run2024C/ParkingLLP/RAW/v1/000/379/420/00000/0a9812a6-d3d8-4d4f-894f-94ab82b6a1be.root 379420 [474,477,473,475,476,472,478]
/store/data/Run2024C/ParkingLLP/RAW/v1/000/379/420/00000/0b5bfe41-4bd2-4aba-967a-a99f9e6d9669.root 379420 [246,240,242,244,245,241,243]
/store/data/Run2024C/ParkingLLP/RAW/v1/000/379/420/00000/0d9b3690-b2a9-4708-87be-c82330722f78.root 379420 [160,161,157,159,158,156]
/store/data/Run2024C/ParkingLLP/RAW/v1/000/379/420/00000/0f305016-68b3-47c3-b31d-a0e890fbabae.root 379420 [278,279,276,275,277,280,281]
/store/data/Run2024C/ParkingLLP/RAW/v1/000/379/420/00000/111116e8-a0f4-411e-a081-2f686b126386.root 379420 [359,358,356,353,354,357,355]
/store/data/Run2024C/ParkingLLP/RAW/v1/000/379/420/00000/18edf5de-6c8a-4b4c-bc6d-2b2cb96bdd23.root 379420 [489,490,487,488,491,486,492]
/store/data/Run2024C/ParkingLLP/RAW/v1/000/379/420/00000/190f8ccc-7d26-4674-8d06-eedb068ba3bc.root 379420 [493,496,494,498,497,495]
/store/data/Run2024C/ParkingLLP/RAW/v1/000/379/420/00000/1f1e9083-2a14-4d7d-b207-335f4a15892b.root 379420 [187,185,186,184,182,183]
/store/data/Run2024C/ParkingLLP/RAW/v1/000/379/420/00000/1fc269dd-b47e-461e-84ac-4a2971a75bbf.root 379420 [88,92,93,80,82,86,89,97,87,94,81,90,96,79,83,91,84,95,85,98]
/store/data/Run2024C/ParkingLLP/RAW/v1/000/379/420/00000/2290c28b-8382-4135-84cb-9585ff09281c.root 379420 [178,181,177,179,180,175,176]
/store/data/Run2024C/ParkingLLP/RAW/v1/000/379/420/00000/2721d35b-61cb-46b9-90fe-05314b1b24eb.root 379420 [533,534,529,530,528,531,532]
/store/data/Run2024C/ParkingLLP/RAW/v1/000/379/420/00000/28009325-8f32-4f1b-9baf-44a2722feaab.root 379420 [448,446,447,449,445,444,450]
/store/data/Run2024C/ParkingLLP/RAW/v1/000/379/420/00000/28e58ea1-7f45-46c4-8c82-8f3def6367c1.root 379420 [451,452,453,457,454,455,456]
/store/data/Run2024C/ParkingLLP/RAW/v1/000/379/420/00000/2d583ce9-e5d8-4b4b-a6f5-e7c6c11308d5.root 379420 [312,313,314,315,316,311,310]
/store/data/Run2024C/ParkingLLP/RAW/v1/000/379/420/00000/2f692119-a0b4-4b69-a913-e312c45cf628.root 379420 [337,336,332,333,338,334,335]
/store/data/Run2024C/ParkingLLP/RAW/v1/000/379/420/00000/34bc5c95-a016-45a5-aaea-6d4d16223db7.root 379420 [374,376,377,375,378,380,379]
/store/data/Run2024C/ParkingLLP/RAW/v1/000/379/420/00000/3541c9f7-b4bd-46be-af8b-7fec9f7fbaaf.root 379420 [390,394,388,389,391,392,393]
/store/data/Run2024C/ParkingLLP/RAW/v1/000/379/420/00000/3642aff1-1de8-4a5a-be62-45d2b68d61a0.root 379420 [371,368,369,373,370,372,367]
/store/data/Run2024C/ParkingLLP/RAW/v1/000/379/420/00000/3e6bb975-5b41-4776-a84e-e5ce58d55312.root 379420 [349,350,347,351,348,352,346]
/store/data/Run2024C/ParkingLLP/RAW/v1/000/379/420/00000/40902cf8-e127-49a0-8d83-1d3d009433f6.root 379420 [402,405,407,406,403,404,408]
/store/data/Run2024C/ParkingLLP/RAW/v1/000/379/420/00000/4f7ad44f-66a8-4854-afac-43d5d5ebd3ad.root 379420 [550,555,554,549,551,552,553]
/store/data/Run2024C/ParkingLLP/RAW/v1/000/379/420/00000/4ff16298-72f2-47d4-a6e3-075ee85e2ed0.root 379420 [104,101,107,110,99,103,102,108,100,105,109,106]
/store/data/Run2024C/ParkingLLP/RAW/v1/000/379/420/00000/50572f9a-0096-43fb-88ca-3254578edceb.root 379420 [524,523,521,527,520,522,525,526]
/store/data/Run2024C/ParkingLLP/RAW/v1/000/379/420/00000/5462fdc4-f9a6-4c10-b185-ec858518a71a.root 379420 [268,272,269,270,273,274,271]
/store/data/Run2024C/ParkingLLP/RAW/v1/000/379/420/00000/566de83f-0346-468c-90d3-c13b6b0a9657.root 379420 [307,308,305,303,306,309,304]
/store/data/Run2024C/ParkingLLP/RAW/v1/000/379/420/00000/5c8b3825-f2dd-4c8f-86be-784721c6c663.root 379420 [423,425,427,426,429,424,428]
/store/data/Run2024C/ParkingLLP/RAW/v1/000/379/420/00000/5c9965c2-4166-4d4c-bcaf-57bdcdcad938.root 379420 [220,223,219,221,218,222]
/store/data/Run2024C/ParkingLLP/RAW/v1/000/379/420/00000/63febc2b-ca56-4cd1-ae64-e4dd8ae0972a.root 379420 [261,264,265,266,263,267,262]
/store/data/Run2024C/ParkingLLP/RAW/v1/000/379/420/00000/6d148826-feb7-4fb0-8847-86b149974719.root 379420 [200,196,195,199,198,197,201,202]
/store/data/Run2024C/ParkingLLP/RAW/v1/000/379/420/00000/76219742-af9a-4375-aa0e-0014102bf129.root 379420 [130,135,136,133,132,131,134]
/store/data/Run2024C/ParkingLLP/RAW/v1/000/379/420/00000/76dddc13-ade7-4410-9957-28fedf4c6d8f.root 379420 [289,290,292,293,291,295,294]
/store/data/Run2024C/ParkingLLP/RAW/v1/000/379/420/00000/7a0c4e2c-1760-45c2-ab1a-8cb3589b5a71.root 379420 [501,500,502,504,499,505,503]
/store/data/Run2024C/ParkingLLP/RAW/v1/000/379/420/00000/8c11f25a-37d7-40f8-a709-59d3a30e04b9.root 379420 [479,480,483,485,482,484,481]
/store/data/Run2024C/ParkingLLP/RAW/v1/000/379/420/00000/92f60f85-c6ae-479b-8817-cf0ad98a01dd.root 379420 [168,172,173,170,169,171,174]
/store/data/Run2024C/ParkingLLP/RAW/v1/000/379/420/00000/985a2db1-9b96-4231-8843-b67c895188f0.root 379420 [192,194,189,193,191,188,190]
/store/data/Run2024C/ParkingLLP/RAW/v1/000/379/420/00000/987f5739-ea03-448b-b265-b7a968887376.root 379420 [204,205,209,203,207,206,208]
/store/data/Run2024C/ParkingLLP/RAW/v1/000/379/420/00000/998e4d51-a399-4bc2-a98d-657c37d727c1.root 379420 [417,418,416,419,420,422,421]
/store/data/Run2024C/ParkingLLP/RAW/v1/000/379/420/00000/99b4dd62-d2b9-4b5c-9d7f-459d62707f15.root 379420 [437,441,442,440,443,438,439]
/store/data/Run2024C/ParkingLLP/RAW/v1/000/379/420/00000/9cf5c985-0d44-4ece-ac62-6371482896b1.root 379420 [147,149,144,145,148,146]
/store/data/Run2024C/ParkingLLP/RAW/v1/000/379/420/00000/a1ae1442-57b8-4d6e-873f-52ab06003921.root 379420 [410,411,413,409,412,414,415]
/store/data/Run2024C/ParkingLLP/RAW/v1/000/379/420/00000/a61cfff6-f228-46d4-9c60-6b727e01e731.root 379420 [18,19,23,29,67,72,75,14,17,20,27,31,42,44,51,73,13,26,33,34,45,46,48,50,54,59,61,76,22,49,64,77,15,21,25,32,38,41,57,30,36,37,40,43,53,56,74,16,24,28,39,52,63,65,66,68,78,12,35,47,55,58,60,62,69,70,71]
/store/data/Run2024C/ParkingLLP/RAW/v1/000/379/420/00000/afceecfb-3883-4be1-a97f-bbf73b6e8e52.root 379420 [254,258,256,259,260,255,257]
/store/data/Run2024C/ParkingLLP/RAW/v1/000/379/420/00000/b2e2409d-305d-4afb-914f-84661fecfa27.root 379420 [536,541,535,537,540,538,539]
/store/data/Run2024C/ParkingLLP/RAW/v1/000/379/420/00000/b324b4b5-1a8a-411e-a4c7-d9ad01391b2a.root 379420 [518,517,515,516,513,519,514]
/store/data/Run2024C/ParkingLLP/RAW/v1/000/379/420/00000/b4f35b51-87b3-4d5d-908d-fdbb3e880232.root 379420 [469,468,471,467,465,470,466]
/store/data/Run2024C/ParkingLLP/RAW/v1/000/379/420/00000/b532af4d-f0e6-412a-923a-39e6239dd39c.root 379420 [511,507,506,509,508,510,512]
/store/data/Run2024C/ParkingLLP/RAW/v1/000/379/420/00000/b56f2ba2-685d-4f92-a9ea-d9627243e05d.root 379420 [224]
/store/data/Run2024C/ParkingLLP/RAW/v1/000/379/420/00000/b72bec25-8eae-4cee-ab2d-40009fb85771.root 379420 [283,287,282,285,288,284,286]
/store/data/Run2024C/ParkingLLP/RAW/v1/000/379/420/00000/b860958c-dda6-4d2d-b28f-cbfb33b3c063.root 379420 [458,459,462,461,460,463,464]
/store/data/Run2024C/ParkingLLP/RAW/v1/000/379/420/00000/b8b113b4-f368-406d-9212-540b66571ed5.root 379420 [384,382,385,383,381,386,387]
/store/data/Run2024C/ParkingLLP/RAW/v1/000/379/420/00000/b9e6acd0-cfcd-44b5-b218-9ab2ad482105.root 379420 [397,398,400,396,401,395,399]
/store/data/Run2024C/ParkingLLP/RAW/v1/000/379/420/00000/bcaa3a9e-3bb1-44a9-b4c4-d0aa61ef85e0.root 379420 [228,226,229,227,232,230,231]
/store/data/Run2024C/ParkingLLP/RAW/v1/000/379/420/00000/beae2623-3a9e-40d9-8587-4d2f0998d8f3.root 379420 [163,167,164,162,165,166]
/store/data/Run2024C/ParkingLLP/RAW/v1/000/379/420/00000/c73daec0-bd36-4e1e-a191-34e1e78d89c7.root 379420 [251,248,249,252,247,253,250]
/store/data/Run2024C/ParkingLLP/RAW/v1/000/379/420/00000/cb814d12-979b-450b-8580-4f2c74c6c476.root 379420 [300,296,297,298,299,301,302]
/store/data/Run2024C/ParkingLLP/RAW/v1/000/379/420/00000/ce6dc0da-cf1b-4f93-b3f9-59b60c299e3e.root 379420 [362,360,363,364,361,365,366]
/store/data/Run2024C/ParkingLLP/RAW/v1/000/379/420/00000/d7c77dc2-33c7-4088-bcbc-8c9a83a50831.root 379420 [114,120,112,111,113,118,116,117,115,119]
/store/data/Run2024C/ParkingLLP/RAW/v1/000/379/420/00000/d9f4bf5d-4125-4dc9-b466-5b30e1a6980d.root 379420 [121,122,124,125,126,128,129,127,123]
/store/data/Run2024C/ParkingLLP/RAW/v1/000/379/420/00000/dc36b1ec-da7f-46d3-bb2f-b66799845ea7.root 379420 [339,341,340,343,345,342,344]
/store/data/Run2024C/ParkingLLP/RAW/v1/000/379/420/00000/ddd66973-196e-4587-b923-17933ea17c2b.root 379420 [238,236,237,234,239,233,235]
/store/data/Run2024C/ParkingLLP/RAW/v1/000/379/420/00000/e20de166-81ab-4bc7-9bf0-03d3817155ab.root 379420 [141,142,139,143,137,138,140]
/store/data/Run2024C/ParkingLLP/RAW/v1/000/379/420/00000/ea5a5179-4a20-4578-af31-1b4cb7d822cf.root 379420 [217,210,212,213,214,211,216,215]
/store/data/Run2024C/ParkingLLP/RAW/v1/000/379/420/00000/eae53f23-7bd5-4572-9dc5-ddf3d226e0a7.root 379420 [327,328,329,330,331,325,324,326]
/store/data/Run2024C/ParkingLLP/RAW/v1/000/379/420/00000/f805b31e-5f90-47a4-ace3-59baf0de3ffc.root 379420 [150,152,153,151,154,155]
/store/data/Run2024C/ParkingLLP/RAW/v1/000/379/420/00000/fb30f764-9bcf-41d7-807d-c47aebffd30a.root 379420 [548,543,546,542,544,547,545]
/store/data/Run2024C/ParkingLLP/RAW/v1/000/379/420/00000/fc60e287-4836-4a85-bcad-f240c6582f3c.root 379420 [318,322,320,321,317,323,319]
