/store/data/Run2022C/HcalNZS/RAW/v1/000/355/862/00000/9a2b4b74-b016-492a-8cdf-cfbde59d707e.root 355862 [9,18,39,42,47,51,62,72,87,89,103,104,106,112,115,118,119,125,129,1,4,22,24,26,34,37,40,56,61,94,99,105,116,126,132,2,5,6,8,11,15,27,38,59,63,68,95,107,113,121,124,131,14,19,25,41,45,57,70,77,91,108,110,111,120,130,133,13,20,50,58,60,65,79,83,97,122,17,30,31,32,36,55,66,67,71,75,78,90,100,109,128,3,10,16,21,29,43,44,49,52,53,64,73,76,80,81,84,85,86,92,96,98,102,123,7,12,23,28,33,35,46,48,54,69,74,82,88,93,101,114,117,127]
/store/data/Run2022C/HcalNZS/RAW/v1/000/355/863/00000/683eca48-87ba-4636-94a5-12105cb3c037.root 355863 [4,9,11,13,14,2,1,7,3,8,5,6,10,12]
/store/data/Run2022C/HcalNZS/RAW/v1/000/355/870/00000/b3baab8f-83ae-4edb-a213-43bd2cc3f123.root 355870 [10,11,23,24,28,53,55,59,65,2,17,22,37,39,47,57,6,41,49,50,51,54,61,63,14,18,30,33,36,38,56,1,7,8,12,19,26,29,31,42,43,44,45,4,5,13,15,34,35,40,48,52,58,60,3,20,25,27,64,66,9,16,21,32,46,62]
/store/data/Run2022C/HcalNZS/RAW/v1/000/355/871/00000/d5cbe913-8a34-4a21-8456-532b734c75a3.root 355871 [9,6,4,8,11,1,5,13,12,2,3,7,10]
/store/data/Run2022C/HcalNZS/RAW/v1/000/355/872/00000/1ec969b6-6d5c-4535-b683-99b45c35678c.root 355872 [451,459,466,476,480,487,504,511,517,518,525,544,548,552,553,554,450,461,471,486,488,493,505,506,507,508,512,521,522,524,532,540,541,547,560,563,564,433,434,435,440,443,454,456,489,516,533,536,538,546,551,559,561,430,431,436,446,455,467,469,475,485,501,502,542,543,558,449,457,470,474,477,479,482,494,498,499,503,509,520,527,529,539,549,550,557,432,438,441,452,460,472,491,496,523,530,537,545,565,453,462,463,465,468,478,483,484,492,495,497,500,510,514,515,531,534,555,562,437,439,442,444,445,447,448,458,464,473,481,490,513,519,526,528,535,556]
/store/data/Run2022C/HcalNZS/RAW/v1/000/355/872/00000/463999f5-1950-4c18-b80d-4fb157346531.root 355872 [973,1004,1010,1012,1013,1019,1021,1023,1028,1042,1044,1045,1047,1083,1084,1091,972,975,977,995,998,1002,1005,1017,1033,1035,1038,1039,1062,1073,1074,1080,1082,1089,1094,971,979,981,988,990,1001,1014,1015,1056,1060,1061,1063,1076,1095,1098,970,985,1011,1018,1024,1026,1027,1029,1043,1051,1054,1058,1070,1078,1086,1087,974,976,991,1046,1048,1059,1067,1077,1079,1092,980,982,992,993,1000,1022,1036,1041,1050,1052,1057,1068,1072,1075,1088,983,986,987,989,997,999,1003,1006,1007,1008,1016,1030,1037,1053,1055,1064,1069,1071,1090,1096,1097,978,984,994,996,1009,1020,1025,1031,1032,1034,1040,1049,1065,1066,1081,1085,1093]
/store/data/Run2022C/HcalNZS/RAW/v1/000/355/872/00000/4d450721-8e7b-40e7-bb1d-52fa560c480d.root 355872 [776,780,790,795,807,808,813,818,826,832,840,712,715,735,747,753,756,763,770,783,785,788,804,814,823,828,836,837,706,711,727,740,757,766,772,778,787,789,797,800,802,810,816,819,822,827,835,839,705,709,718,721,734,745,746,749,758,769,773,774,786,803,812,817,821,838,843,708,710,717,728,731,739,743,744,759,760,767,771,801,805,809,825,841,704,716,720,723,725,737,750,751,752,761,764,775,777,779,782,792,799,806,815,820,824,726,730,732,733,755,781,793,830,833,834,845,707,713,722,729,738,741,748,754,765,768,784,791,794,796,798,811,829,831,842,844,714,719,724,736,742,762]
/store/data/Run2022C/HcalNZS/RAW/v1/000/355/872/00000/509c9fcf-efb9-4382-a671-24e61e514125.root 355872 [567,572,573,574,575,593,597,616,617,637,641,656,677,690,569,579,594,596,598,609,618,619,631,635,640,649,652,653,662,671,674,699,700,701,576,578,580,581,601,602,608,610,614,623,624,625,626,632,648,657,660,664,666,670,689,693,697,568,571,627,629,643,644,646,680,685,686,687,688,692,694,695,582,583,585,587,599,603,605,611,612,621,630,634,651,665,673,570,584,589,606,622,642,647,659,668,676,679,683,696,586,588,591,592,604,607,615,620,639,661,669,672,682,698,702,566,577,590,595,600,613,628,633,636,638,645,650,654,655,658,663,667,675,678,681,684,691,703]
/store/data/Run2022C/HcalNZS/RAW/v1/000/355/872/00000/5558c598-e645-421c-8720-c4196aebaf31.root 355872 [162,171,178,179,184,197,210,212,215,222,223,226,228,229,233,234,239,245,247,264,160,161,167,168,174,186,198,199,201,205,209,232,248,261,263,284,165,172,183,200,217,225,236,252,255,257,265,274,291,173,185,196,207,208,213,214,242,246,249,272,273,275,277,289,290,158,166,180,181,187,191,193,203,218,224,240,241,253,268,276,286,287,170,176,189,195,204,206,211,230,235,251,254,266,278,281,283,159,169,175,188,192,194,202,216,219,220,221,227,231,237,259,262,269,270,271,279,292,157,163,164,177,182,190,238,243,244,250,256,258,260,267,280,282,285,288]
/store/data/Run2022C/HcalNZS/RAW/v1/000/355/872/00000/678462c8-628a-479e-bcaf-8533154b0982.root 355872 [3,7,23,34,36,44,45,77,86,87,98,101,105,111,112,118,120,121,125,152,153,1,8,20,30,43,57,58,59,62,67,79,90,95,103,108,116,133,146,147,148,156,9,12,39,42,49,61,64,70,75,82,96,109,113,114,128,154,11,16,25,40,47,65,71,80,106,110,130,131,137,140,143,145,15,21,24,26,52,55,60,63,68,84,89,94,97,107,119,123,31,32,33,48,51,54,56,73,81,85,92,93,117,122,126,132,134,138,141,142,5,6,10,13,14,18,22,27,37,41,50,53,66,69,74,76,78,99,100,104,115,124,144,150,151,2,4,17,19,28,29,35,38,46,72,83,88,91,102,127,129,135,136,139,149,155]
/store/data/Run2022C/HcalNZS/RAW/v1/000/355/872/00000/920e6b60-2a27-43da-a625-3476de54bb42.root 355872 [846,847,854,865,866,883,885,898,901,902,913,914,916,935,938,939,942,950,967,877,880,890,893,895,922,924,925,928,929,945,956,958,964,853,861,867,878,887,891,906,907,926,932,949,852,864,868,876,879,881,889,892,905,910,912,934,941,951,960,961,962,858,860,874,886,896,897,903,919,923,927,946,954,849,870,872,882,894,899,904,915,918,931,933,940,959,965,968,848,851,855,857,862,863,869,884,888,917,920,921,930,937,943,944,948,952,963,966,850,856,859,871,873,875,900,908,909,911,936,947,953,955,957,969]
/store/data/Run2022C/HcalNZS/RAW/v1/000/355/872/00000/941c7fe7-a1e8-4b4d-8906-419ae01337cc.root 355872 [301,306,308,314,326,341,379,386,412,421,422,294,307,323,324,340,363,377,383,391,397,418,420,423,424,295,312,316,344,347,351,356,362,392,405,407,408,411,303,304,309,318,325,328,334,336,353,354,355,359,372,374,376,398,404,416,425,299,300,302,305,310,313,319,320,321,332,335,346,348,349,361,364,367,371,378,380,384,389,399,400,402,410,415,297,322,329,330,342,345,357,366,390,394,396,401,413,417,419,429,293,296,311,315,317,333,338,339,350,352,358,365,369,370,373,375,382,385,395,403,409,414,426,298,327,331,337,343,360,368,381,387,388,393,406,427,428]
/store/data/Run2022C/HcalNZS/RAW/v1/000/355/872/00000/ef658915-57c0-4004-b6cb-70f10adf1467.root 355872 [1106,1107,1113,1116,1131,1145,1150,1152,1156,1158,1159,1171,1173,1181,1182,1195,1196,1199,1200,1216,1218,1219,1222,1119,1120,1133,1139,1146,1147,1160,1161,1176,1201,1202,1220,1226,1109,1117,1126,1134,1138,1141,1142,1155,1163,1167,1177,1179,1189,1191,1193,1194,1197,1205,1210,1213,1227,1111,1122,1127,1136,1137,1153,1169,1172,1211,1217,1228,1101,1102,1118,1148,1157,1165,1178,1183,1185,1203,1208,1209,1212,1229,1232,1099,1100,1103,1105,1110,1130,1132,1135,1144,1151,1154,1164,1168,1175,1184,1207,1215,1223,1224,1231,1104,1112,1115,1123,1124,1125,1128,1129,1140,1143,1162,1180,1188,1206,1230,1108,1114,1121,1149,1166,1170,1174,1186,1187,1190,1192,1198,1204,1214,1221,1225]
