/store/data/Run2024D/BTagMu/RAW/v1/000/380/306/00000/0215c391-ef08-474e-92e5-26f25fdb7b49.root 380306 [255,256]
/store/data/Run2024D/BTagMu/RAW/v1/000/380/306/00000/04599cc6-96f2-4b54-b6fa-749e66619eca.root 380306 [103,104]
/store/data/Run2024D/BTagMu/RAW/v1/000/380/306/00000/05e75eb7-45e9-45c3-b5f9-286108fd829d.root 380306 [136,135]
/store/data/Run2024D/BTagMu/RAW/v1/000/380/306/00000/0d56140b-b22a-44c4-aa77-a432ad08a214.root 380306 [2,4,1,3,5]
/store/data/Run2024D/BTagMu/RAW/v1/000/380/306/00000/0f7d5f86-d5df-4223-8fcc-7ae4eababc1a.root 380306 [14,22,25,26,36,40,37,17,29,39,16,21,27,38,32,35,41,43,31,42,24,28,30,33,34,13,15,18,19,20,23,44]
/store/data/Run2024D/BTagMu/RAW/v1/000/380/306/00000/159e99d8-605d-42af-aae5-22ba98bf5428.root 380306 [170,169]
/store/data/Run2024D/BTagMu/RAW/v1/000/380/306/00000/1a67661f-f8d9-4215-b542-fac2cc77592b.root 380306 [228,227]
/store/data/Run2024D/BTagMu/RAW/v1/000/380/306/00000/1c2b085d-9fed-4008-a450-aa1406242b9c.root 380306 [63,61,62,58,60,59]
/store/data/Run2024D/BTagMu/RAW/v1/000/380/306/00000/1c37a0a7-3d93-40b1-bf20-2b549e1f50c9.root 380306 [269]
/store/data/Run2024D/BTagMu/RAW/v1/000/380/306/00000/2014b5ea-b730-4692-a28b-9231079abc4b.root 380306 [149,150]
/store/data/Run2024D/BTagMu/RAW/v1/000/380/306/00000/2062a31c-a8f3-4da5-b3f7-bd7b080ebd56.root 380306 [141,142]
/store/data/Run2024D/BTagMu/RAW/v1/000/380/306/00000/2c0394ad-7df2-411d-8b3b-21bae8ca5716.root 380306 [148,147]
/store/data/Run2024D/BTagMu/RAW/v1/000/380/306/00000/2cb774ab-1c38-4554-8027-251072f01826.root 380306 [131,132]
/store/data/Run2024D/BTagMu/RAW/v1/000/380/306/00000/2eda7910-e35f-4c55-814c-08f64f1dcfd1.root 380306 [247,245,248,246]
/store/data/Run2024D/BTagMu/RAW/v1/000/380/306/00000/30d6be8d-1d0e-491e-bcd0-94e9c25fe75a.root 380306 [72,73,75,70,71,74]
/store/data/Run2024D/BTagMu/RAW/v1/000/380/306/00000/318397fb-fe93-4135-8e6d-7097d96fdcc9.root 380306 [79,76,80,77,78]
/store/data/Run2024D/BTagMu/RAW/v1/000/380/306/00000/31f29a53-c485-4ec3-93b5-a15aa6cb6508.root 380306 [119,120]
/store/data/Run2024D/BTagMu/RAW/v1/000/380/306/00000/323301b3-bf1d-4a7e-8c00-5764cb45ef9c.root 380306 [182,181]
/store/data/Run2024D/BTagMu/RAW/v1/000/380/306/00000/333799fa-c93b-4aed-a237-1bd752fcf0b9.root 380306 [82,84,81,83]
/store/data/Run2024D/BTagMu/RAW/v1/000/380/306/00000/36f4cd86-f566-40c2-a011-7530b77e425a.root 380306 [179,180]
/store/data/Run2024D/BTagMu/RAW/v1/000/380/306/00000/372246ea-7409-4507-9fcd-0928df70e3fb.root 380306 [48,50,53,45,51,49,46,47,52]
/store/data/Run2024D/BTagMu/RAW/v1/000/380/306/00000/3f5f30a5-6ccc-4068-b7b1-c5fbf99091e0.root 380306 [101,102,100]
/store/data/Run2024D/BTagMu/RAW/v1/000/380/306/00000/413c3bfb-3adb-4625-a965-583e5502c1b2.root 380306 [115,116]
/store/data/Run2024D/BTagMu/RAW/v1/000/380/306/00000/42d35707-884f-4ca2-9f7a-bcdc184158af.root 380306 [234,233]
/store/data/Run2024D/BTagMu/RAW/v1/000/380/306/00000/4e51c723-4d07-4e2f-9ead-6da5adae81ee.root 380306 [219,220]
/store/data/Run2024D/BTagMu/RAW/v1/000/380/306/00000/4ebbd977-cfa5-420e-8d7c-956c21da5760.root 380306 [214,213]
/store/data/Run2024D/BTagMu/RAW/v1/000/380/306/00000/4f8ae85c-52bb-408a-b2be-decf9c02af81.root 380306 [109,110]
/store/data/Run2024D/BTagMu/RAW/v1/000/380/306/00000/513458ce-4f18-47aa-8365-5db97271fd83.root 380306 [171,172]
/store/data/Run2024D/BTagMu/RAW/v1/000/380/306/00000/52d89778-4c07-4e0b-a1d6-5022d9bc480b.root 380306 [198,197]
/store/data/Run2024D/BTagMu/RAW/v1/000/380/306/00000/57c906d4-9074-4129-9189-d059772130a2.root 380306 [125,126]
/store/data/Run2024D/BTagMu/RAW/v1/000/380/306/00000/5a3d1ea9-0171-4d94-bfda-33e212d7f416.root 380306 [139,140]
/store/data/Run2024D/BTagMu/RAW/v1/000/380/306/00000/6490ca29-a2c8-4545-bc89-3d57bf8aeed7.root 380306 [98,99,97]
/store/data/Run2024D/BTagMu/RAW/v1/000/380/306/00000/6cc68f27-2fe3-4951-bfda-75aec499b9f3.root 380306 [191,192]
/store/data/Run2024D/BTagMu/RAW/v1/000/380/306/00000/7333cf0f-0704-458e-9037-4b56ebe532ef.root 380306 [216,215]
/store/data/Run2024D/BTagMu/RAW/v1/000/380/306/00000/74624652-2dc1-438c-9150-8c324e2fc8b2.root 380306 [145,146]
/store/data/Run2024D/BTagMu/RAW/v1/000/380/306/00000/7728a8d8-1ff5-4f04-8c8d-644cdeb015b6.root 380306 [212,211]
/store/data/Run2024D/BTagMu/RAW/v1/000/380/306/00000/7944a50a-6935-4a56-a954-5ea7a44b90ec.root 380306 [201,202]
/store/data/Run2024D/BTagMu/RAW/v1/000/380/306/00000/7d548878-d954-4507-bb1d-40687009b80f.root 380306 [203,204]
/store/data/Run2024D/BTagMu/RAW/v1/000/380/306/00000/820a9c0b-3937-45be-9d4e-d8e8ffa51e17.root 380306 [189,190]
/store/data/Run2024D/BTagMu/RAW/v1/000/380/306/00000/83eb17e5-a02c-42f1-a3e5-82216879783f.root 380306 [153,154]
/store/data/Run2024D/BTagMu/RAW/v1/000/380/306/00000/84379509-f110-4323-9b42-4ba478a8d803.root 380306 [88,90,89]
/store/data/Run2024D/BTagMu/RAW/v1/000/380/306/00000/84baa9b8-e59e-468b-95df-6e89f6374fa1.root 380306 [217,218]
/store/data/Run2024D/BTagMu/RAW/v1/000/380/306/00000/86f9db1a-d73a-4985-b86d-f9c84d83c278.root 380306 [268,267]
/store/data/Run2024D/BTagMu/RAW/v1/000/380/306/00000/876d1b8d-535c-4ea8-a18a-710a4d2ca86b.root 380306 [183,184]
/store/data/Run2024D/BTagMu/RAW/v1/000/380/306/00000/87cbc80c-4e83-44cb-96a0-05e6b94cd14a.root 380306 [260,259]
/store/data/Run2024D/BTagMu/RAW/v1/000/380/306/00000/8802b6fb-8086-4897-b6a6-7d436d4f25b5.root 380306 [239,240]
/store/data/Run2024D/BTagMu/RAW/v1/000/380/306/00000/8c4f2cde-e9e6-40a1-820d-536390513525.root 380306 [235,236]
/store/data/Run2024D/BTagMu/RAW/v1/000/380/306/00000/8e401909-89a5-4e70-aee1-f8c401c8dbfa.root 380306 [249,250]
/store/data/Run2024D/BTagMu/RAW/v1/000/380/306/00000/90376901-7b7b-4f89-a760-d34bfee16ad0.root 380306 [230,229]
/store/data/Run2024D/BTagMu/RAW/v1/000/380/306/00000/904c2a59-31b4-4da1-b3ed-80fa040a80f4.root 380306 [138,137]
/store/data/Run2024D/BTagMu/RAW/v1/000/380/306/00000/9206ddee-ca20-49c2-8646-a276c7b67a45.root 380306 [55,54,57,56]
/store/data/Run2024D/BTagMu/RAW/v1/000/380/306/00000/9277fc22-2ccd-48c8-b38a-c7bafd6b9b46.root 380306 [93,91,92]
/store/data/Run2024D/BTagMu/RAW/v1/000/380/306/00000/94c55f25-b46a-4a74-be85-2da0b988fae1.root 380306 [241,242]
/store/data/Run2024D/BTagMu/RAW/v1/000/380/306/00000/97336d31-596a-47f6-8c45-2bf4e07f95df.root 380306 [237,238]
/store/data/Run2024D/BTagMu/RAW/v1/000/380/306/00000/98db7bcc-31c4-42b7-9962-3a4adb39e861.root 380306 [160,159]
/store/data/Run2024D/BTagMu/RAW/v1/000/380/306/00000/9bea0a8c-3eee-4eaa-ab8c-57d80ac74ebe.root 380306 [165,166]
/store/data/Run2024D/BTagMu/RAW/v1/000/380/306/00000/9ddb61f2-bb8d-4fe6-bf55-f09939848fcc.root 380306 [177,178]
/store/data/Run2024D/BTagMu/RAW/v1/000/380/306/00000/9f8972e2-fafa-4a12-bc65-db583a18e39a.root 380306 [111,112]
/store/data/Run2024D/BTagMu/RAW/v1/000/380/306/00000/a0f3477a-f271-4a5d-a3c8-ae904fa5f688.root 380306 [144,143]
/store/data/Run2024D/BTagMu/RAW/v1/000/380/306/00000/a20de59f-2754-413e-b872-4a4dfc3ed447.root 380306 [155,156]
/store/data/Run2024D/BTagMu/RAW/v1/000/380/306/00000/a5b7b873-81d4-418a-aff9-b7e44d967c2c.root 380306 [257,258]
/store/data/Run2024D/BTagMu/RAW/v1/000/380/306/00000/a778bfb8-894f-437d-9a74-648652f7f5ba.root 380306 [114,113]
/store/data/Run2024D/BTagMu/RAW/v1/000/380/306/00000/a83a9b33-ffc9-4efd-9314-9887c1c75449.root 380306 [253,254]
/store/data/Run2024D/BTagMu/RAW/v1/000/380/306/00000/ad7113f7-7276-4b4c-8c7b-61c49405f8e9.root 380306 [129,130]
/store/data/Run2024D/BTagMu/RAW/v1/000/380/306/00000/aeb32c29-7843-4e1b-9855-240cf8b252c6.root 380306 [264,263]
/store/data/Run2024D/BTagMu/RAW/v1/000/380/306/00000/b61cbc81-669e-40f0-85e9-b08bead34953.root 380306 [87,86,85]
/store/data/Run2024D/BTagMu/RAW/v1/000/380/306/00000/b6716626-cbab-4b06-a8dc-55fda5c5330b.root 380306 [68,67,69,65,66,64]
/store/data/Run2024D/BTagMu/RAW/v1/000/380/306/00000/bd3c5434-b011-4dcb-bc6d-194b6fd3992a.root 380306 [194,193]
/store/data/Run2024D/BTagMu/RAW/v1/000/380/306/00000/c084cda3-947c-4d84-b8a5-67301ea64ee7.root 380306 [173,174]
/store/data/Run2024D/BTagMu/RAW/v1/000/380/306/00000/c0bf8027-0d12-468a-8b6c-7eb3e227a809.root 380306 [205,206]
/store/data/Run2024D/BTagMu/RAW/v1/000/380/306/00000/c6304011-36b7-42ef-9b65-94397cee3662.root 380306 [124,123]
/store/data/Run2024D/BTagMu/RAW/v1/000/380/306/00000/c6ad9ee4-be7c-4f7d-b7c8-1a398d827d8e.root 380306 [186,185]
/store/data/Run2024D/BTagMu/RAW/v1/000/380/306/00000/c972919b-2ab2-4c48-a899-edc9bc5a1c65.root 380306 [207,208]
/store/data/Run2024D/BTagMu/RAW/v1/000/380/306/00000/ca2e091c-f2a3-4f49-bb2c-ac0c319ef0ce.root 380306 [252,251]
/store/data/Run2024D/BTagMu/RAW/v1/000/380/306/00000/cba6f940-c183-4799-ac1f-bb336e096d98.root 380306 [187,188]
/store/data/Run2024D/BTagMu/RAW/v1/000/380/306/00000/cdc014d0-ba64-45a0-813b-fcde6cdd2c58.root 380306 [106,105]
/store/data/Run2024D/BTagMu/RAW/v1/000/380/306/00000/cdd2578a-152c-48af-8f98-cf3fa46fdc1e.root 380306 [168,167]
/store/data/Run2024D/BTagMu/RAW/v1/000/380/306/00000/d3e83dc3-453d-4c91-acf5-8b558c1798f9.root 380306 [108,107]
/store/data/Run2024D/BTagMu/RAW/v1/000/380/306/00000/d43c3603-6a93-4df5-94a7-851fa9d887c4.root 380306 [210,209]
/store/data/Run2024D/BTagMu/RAW/v1/000/380/306/00000/d546d646-728e-4e6b-8ce5-8f10a510d515.root 380306 [232,231]
/store/data/Run2024D/BTagMu/RAW/v1/000/380/306/00000/d580272c-8c63-4384-b4f8-ebfd2767b4c4.root 380306 [262,261]
/store/data/Run2024D/BTagMu/RAW/v1/000/380/306/00000/d5b798f3-7632-450c-b6c2-ba271d5d4ac5.root 380306 [95,96,94]
/store/data/Run2024D/BTagMu/RAW/v1/000/380/306/00000/d8cd3e23-da31-46a1-af3d-db723984f234.root 380306 [164,163]
/store/data/Run2024D/BTagMu/RAW/v1/000/380/306/00000/da121a60-1958-45ce-b0f0-723947a18444.root 380306 [8,11,9,7,10]
/store/data/Run2024D/BTagMu/RAW/v1/000/380/306/00000/dc38183f-503f-4106-aefd-8aa59acd1386.root 380306 [117,118]
/store/data/Run2024D/BTagMu/RAW/v1/000/380/306/00000/de9a3815-2d78-4533-9d6c-9bbc4c4d9cf1.root 380306 [133,134]
/store/data/Run2024D/BTagMu/RAW/v1/000/380/306/00000/e115eaed-9e2c-48b0-9a2f-7c788f06e2e3.root 380306 [225,226]
/store/data/Run2024D/BTagMu/RAW/v1/000/380/306/00000/e220b12e-7a36-4aaa-a92a-3be6de9b26a7.root 380306 [176,175]
/store/data/Run2024D/BTagMu/RAW/v1/000/380/306/00000/e469cbd8-1e3e-46ba-8ae7-83151989153b.root 380306 [157,158]
/store/data/Run2024D/BTagMu/RAW/v1/000/380/306/00000/e8533e6e-a3a3-4854-bcb5-4cb2eea19521.root 380306 [195,196]
/store/data/Run2024D/BTagMu/RAW/v1/000/380/306/00000/e94dc2f8-2d45-43e8-a651-20db5029e1d3.root 380306 [200,199]
/store/data/Run2024D/BTagMu/RAW/v1/000/380/306/00000/ea9dd52b-b548-4738-9bc7-196ac1781fc6.root 380306 [221,222]
/store/data/Run2024D/BTagMu/RAW/v1/000/380/306/00000/ebb8c6bf-ecbc-4b17-a384-7b87fc45d893.root 380306 [265,266]
/store/data/Run2024D/BTagMu/RAW/v1/000/380/306/00000/ec6d12d6-609b-4129-8a18-4c02697a544a.root 380306 [224,223]
/store/data/Run2024D/BTagMu/RAW/v1/000/380/306/00000/eff85417-9cbf-4dfa-a3fe-66aa464efa45.root 380306 [127,128]
/store/data/Run2024D/BTagMu/RAW/v1/000/380/306/00000/f6b297db-47cc-492f-9192-9dcad3534427.root 380306 [243,244]
/store/data/Run2024D/BTagMu/RAW/v1/000/380/306/00000/fa845a85-5008-4b0d-b5bb-7b61eba7241a.root 380306 [161,162]
/store/data/Run2024D/BTagMu/RAW/v1/000/380/306/00000/fa964ce6-9ec1-4cb3-9269-511c1befe584.root 380306 [152,151]
/store/data/Run2024D/BTagMu/RAW/v1/000/380/306/00000/fdc5fa65-6e63-464f-9e18-11385d64ddea.root 380306 [122,121]
/store/data/Run2024D/BTagMu/RAW/v1/000/380/308/00000/16dcb471-75a9-4e4a-99f5-4b607ca51351.root 380308 [16,15]
/store/data/Run2024D/BTagMu/RAW/v1/000/380/308/00000/200609de-81c3-4676-af49-28eaf62c259e.root 380308 [7,6]
/store/data/Run2024D/BTagMu/RAW/v1/000/380/308/00000/4ca2bb3d-2325-4c10-a6c4-d01f94f3fb6f.root 380308 [18,17]
/store/data/Run2024D/BTagMu/RAW/v1/000/380/308/00000/5755ba6d-ac8d-4444-9d71-3c1f6d799c5f.root 380308 [1,2,4,5,3]
/store/data/Run2024D/BTagMu/RAW/v1/000/380/308/00000/580518b4-9295-427b-8447-292501aaede6.root 380308 [29,30]
/store/data/Run2024D/BTagMu/RAW/v1/000/380/308/00000/7613705d-d15a-4fdd-be3b-0988c48e688f.root 380308 [14,13]
/store/data/Run2024D/BTagMu/RAW/v1/000/380/308/00000/7b223e4c-e561-4f7e-83c3-c0e23eb48cb9.root 380308 [9,8]
/store/data/Run2024D/BTagMu/RAW/v1/000/380/308/00000/b53a35af-5944-40a6-a99c-257da3f995a3.root 380308 [10,11,12]
/store/data/Run2024D/BTagMu/RAW/v1/000/380/308/00000/bcee442f-2933-45ed-83bc-a822dbc4968a.root 380308 [21,22]
/store/data/Run2024D/BTagMu/RAW/v1/000/380/308/00000/c1dde053-0add-42b5-9dea-73a5ca4ddd95.root 380308 [24,23]
/store/data/Run2024D/BTagMu/RAW/v1/000/380/308/00000/c597e868-366e-41d5-a963-776036696ccd.root 380308 [19,20]
/store/data/Run2024D/BTagMu/RAW/v1/000/380/308/00000/c6895a4f-1ea0-45c1-a9aa-ac0c3ef22cb3.root 380308 [28,27]
/store/data/Run2024D/BTagMu/RAW/v1/000/380/308/00000/cc9a885b-578c-4215-914c-9c9d25506419.root 380308 [34,35,33]
/store/data/Run2024D/BTagMu/RAW/v1/000/380/308/00000/e89397a9-b49e-44e8-b1ed-a4e9c35f1679.root 380308 [25,26]
/store/data/Run2024D/BTagMu/RAW/v1/000/380/308/00000/f1a41eb6-cae2-49aa-b53f-77570b192861.root 380308 [31,32]
/store/data/Run2024D/BTagMu/RAW/v1/000/380/309/00000/0162dc87-6440-462c-88cc-cf31d83d87c0.root 380309 [77,76]
/store/data/Run2024D/BTagMu/RAW/v1/000/380/309/00000/039bf8dc-0e66-45ca-9711-ef36821f7a23.root 380309 [336,337]
/store/data/Run2024D/BTagMu/RAW/v1/000/380/309/00000/0506c3e2-caec-402a-99bc-af6a53c6b610.root 380309 [106,107]
/store/data/Run2024D/BTagMu/RAW/v1/000/380/309/00000/05196e3a-d8c5-4779-adde-597e96d2211e.root 380309 [45,46]
/store/data/Run2024D/BTagMu/RAW/v1/000/380/309/00000/076f18d9-d56e-4504-a945-ac9e9bbb588a.root 380309 [117,116]
/store/data/Run2024D/BTagMu/RAW/v1/000/380/309/00000/08e20b45-b34e-41af-866c-6a533f75a7db.root 380309 [218,217]
/store/data/Run2024D/BTagMu/RAW/v1/000/380/309/00000/0a955c07-45db-4198-8a25-edd34ae65d3b.root 380309 [145,146]
/store/data/Run2024D/BTagMu/RAW/v1/000/380/309/00000/0b0534b1-96ff-4298-81a8-b33817a7fdd9.root 380309 [192,193]
/store/data/Run2024D/BTagMu/RAW/v1/000/380/309/00000/0dbd1733-7a74-4df8-bfff-2ef6cae17570.root 380309 [130,131]
/store/data/Run2024D/BTagMu/RAW/v1/000/380/309/00000/1029497d-854f-4461-a784-e1195b714041.root 380309 [298,299]
/store/data/Run2024D/BTagMu/RAW/v1/000/380/309/00000/10d6ffd4-7200-4276-b99a-1e923422fb3a.root 380309 [209,210]
/store/data/Run2024D/BTagMu/RAW/v1/000/380/309/00000/12104cfb-07c5-4a91-b099-c1a990156bd9.root 380309 [165,166]
/store/data/Run2024D/BTagMu/RAW/v1/000/380/309/00000/12361da3-2851-4656-8b8a-014e7e1a0a4f.root 380309 [237,238]
/store/data/Run2024D/BTagMu/RAW/v1/000/380/309/00000/152266d8-1da8-48c2-b382-320d3c95fcc8.root 380309 [221,222]
/store/data/Run2024D/BTagMu/RAW/v1/000/380/309/00000/187cec3d-0fc0-4aa9-b736-bc82d7b173d8.root 380309 [282,283]
/store/data/Run2024D/BTagMu/RAW/v1/000/380/309/00000/1a243d8a-f974-4ddc-a388-b7214a8a7ecc.root 380309 [271,270]
/store/data/Run2024D/BTagMu/RAW/v1/000/380/309/00000/1aef2a6e-9672-44c5-a02e-2f335a4ad276.root 380309 [302,303]
/store/data/Run2024D/BTagMu/RAW/v1/000/380/309/00000/1b81e462-4d7d-4c2c-98dc-832a91b7803a.root 380309 [295,294]
/store/data/Run2024D/BTagMu/RAW/v1/000/380/309/00000/1b87d398-7fea-46b7-af11-1a55a038fb05.root 380309 [25,26]
/store/data/Run2024D/BTagMu/RAW/v1/000/380/309/00000/1bcfa47c-babe-4f2c-8bda-03fb643f9706.root 380309 [134,135]
/store/data/Run2024D/BTagMu/RAW/v1/000/380/309/00000/1c23a10e-aeb2-4e3a-9b50-2db36fa169c6.root 380309 [42,41]
/store/data/Run2024D/BTagMu/RAW/v1/000/380/309/00000/1e06e86d-efa8-42e7-bec4-a45692831cf6.root 380309 [96,97]
/store/data/Run2024D/BTagMu/RAW/v1/000/380/309/00000/1e3e34fb-a083-44d8-a110-757884b855d0.root 380309 [291,290]
/store/data/Run2024D/BTagMu/RAW/v1/000/380/309/00000/2227f192-5dbd-44aa-b545-7739cc65cb0b.root 380309 [324,325]
/store/data/Run2024D/BTagMu/RAW/v1/000/380/309/00000/22fa2cb5-af20-4022-bf5a-b82e9263e49d.root 380309 [148,147]
/store/data/Run2024D/BTagMu/RAW/v1/000/380/309/00000/2495c3cf-2f3a-43bc-b8c3-03d88ac3dc87.root 380309 [105,104]
/store/data/Run2024D/BTagMu/RAW/v1/000/380/309/00000/24c6981c-f2e9-43ba-8e56-a78bd4d9b1fc.root 380309 [31,32]
/store/data/Run2024D/BTagMu/RAW/v1/000/380/309/00000/2623a911-dc04-4f1b-9d9a-c6ef56114a8c.root 380309 [133,132]
/store/data/Run2024D/BTagMu/RAW/v1/000/380/309/00000/27c5b558-4c92-405d-a1d6-3dd3a4aa7a4a.root 380309 [197,196]
/store/data/Run2024D/BTagMu/RAW/v1/000/380/309/00000/2ab1c723-85ed-4f36-b3bd-1571e7f160b8.root 380309 [158,157]
/store/data/Run2024D/BTagMu/RAW/v1/000/380/309/00000/2b33d782-b4b5-4d8e-8f9b-f0612f2710c9.root 380309 [301,300]
/store/data/Run2024D/BTagMu/RAW/v1/000/380/309/00000/2e0b3dfa-ab12-45d4-8265-6690d58fbb96.root 380309 [59,60]
/store/data/Run2024D/BTagMu/RAW/v1/000/380/309/00000/3041e503-2e2f-4159-826a-bf6b89efe47a.root 380309 [54,53]
/store/data/Run2024D/BTagMu/RAW/v1/000/380/309/00000/31e67377-ff70-456f-84e6-2087d0a2bfbb.root 380309 [80,81]
/store/data/Run2024D/BTagMu/RAW/v1/000/380/309/00000/356534b4-c6fe-4abe-b8ff-bd39d77671b8.root 380309 [150,149]
/store/data/Run2024D/BTagMu/RAW/v1/000/380/309/00000/373ed567-4b5e-40b6-864c-59ee11b82b2e.root 380309 [100,101]
/store/data/Run2024D/BTagMu/RAW/v1/000/380/309/00000/378eff42-3c2a-448a-8701-7ce95264647e.root 380309 [64,63]
/store/data/Run2024D/BTagMu/RAW/v1/000/380/309/00000/37f19c8f-fcb1-447c-b1ad-59da973b55ca.root 380309 [126,127]
/store/data/Run2024D/BTagMu/RAW/v1/000/380/309/00000/38690052-d85c-4844-a5ad-4d6e150299bc.root 380309 [229,230]
/store/data/Run2024D/BTagMu/RAW/v1/000/380/309/00000/39353464-3b00-4131-a2b8-2c35472d4bf7.root 380309 [159,160]
/store/data/Run2024D/BTagMu/RAW/v1/000/380/309/00000/39507136-268d-4b19-a5f1-44b2dfd1cbf9.root 380309 [317,316]
/store/data/Run2024D/BTagMu/RAW/v1/000/380/309/00000/39b7f0a7-63a0-4018-a94a-0a88d9736a88.root 380309 [342,343]
/store/data/Run2024D/BTagMu/RAW/v1/000/380/309/00000/3b9b71b0-f384-41c5-9aa1-b11c11131a70.root 380309 [114,115]
/store/data/Run2024D/BTagMu/RAW/v1/000/380/309/00000/3bb90335-61b6-4f25-bbce-14646a930e1b.root 380309 [163,164]
/store/data/Run2024D/BTagMu/RAW/v1/000/380/309/00000/3c91a328-8651-4d67-a2df-e07dd2f8b0ac.root 380309 [83,82]
/store/data/Run2024D/BTagMu/RAW/v1/000/380/309/00000/3cb2e088-4075-4277-857e-4a43a32f7735.root 380309 [108,109]
/store/data/Run2024D/BTagMu/RAW/v1/000/380/309/00000/3dedd8d8-8df1-4cd5-93b1-0c69868a8d25.root 380309 [122,123]
/store/data/Run2024D/BTagMu/RAW/v1/000/380/309/00000/3dfee874-0bba-4f5b-98ff-8b28ce1cef1b.root 380309 [93,92]
/store/data/Run2024D/BTagMu/RAW/v1/000/380/309/00000/3e720763-e13e-4924-8b5f-9b33e489144c.root 380309 [314,315]
/store/data/Run2024D/BTagMu/RAW/v1/000/380/309/00000/403c730c-803f-46c6-909f-2302d15fecc8.root 380309 [228,227]
/store/data/Run2024D/BTagMu/RAW/v1/000/380/309/00000/423cd51b-e7f3-4014-a05e-fc24f0b4f177.root 380309 [335,334]
/store/data/Run2024D/BTagMu/RAW/v1/000/380/309/00000/46507034-3178-4e1b-adbc-96af777e4f35.root 380309 [279,278]
/store/data/Run2024D/BTagMu/RAW/v1/000/380/309/00000/479557f7-a7c3-47d4-8c16-5ae38669dd4b.root 380309 [40,39]
/store/data/Run2024D/BTagMu/RAW/v1/000/380/309/00000/47abbb39-100f-467e-a8a6-9f544f978f26.root 380309 [72,73,71]
/store/data/Run2024D/BTagMu/RAW/v1/000/380/309/00000/48a99f5a-9405-431f-a8d2-15baff5b6a1c.root 380309 [125,124]
/store/data/Run2024D/BTagMu/RAW/v1/000/380/309/00000/499155fc-9453-4fde-a58f-4edd9822e27d.root 380309 [156,155]
/store/data/Run2024D/BTagMu/RAW/v1/000/380/309/00000/4dfe7b32-cd64-4eb6-8125-303f37a5400b.root 380309 [254,255]
/store/data/Run2024D/BTagMu/RAW/v1/000/380/309/00000/4f2410c0-bfef-4905-9d4c-7e9bf6c945e1.root 380309 [284,285]
/store/data/Run2024D/BTagMu/RAW/v1/000/380/309/00000/516bca4b-1a57-4447-89c8-2ae64fabee4e.root 380309 [312,313]
/store/data/Run2024D/BTagMu/RAW/v1/000/380/309/00000/54bbc4c6-a04c-4681-9646-f5d9d357699b.root 380309 [216,215]
/store/data/Run2024D/BTagMu/RAW/v1/000/380/309/00000/564a07f0-c17e-41ed-969c-2888e0020641.root 380309 [199,198]
/store/data/Run2024D/BTagMu/RAW/v1/000/380/309/00000/577f5d9f-275c-4421-b2e7-4891ecef21cb.root 380309 [225,226]
/store/data/Run2024D/BTagMu/RAW/v1/000/380/309/00000/5ac44f35-58bc-4ef1-9f76-238a0a76805a.root 380309 [297,296]
/store/data/Run2024D/BTagMu/RAW/v1/000/380/309/00000/5af7e623-1ffe-4e60-9b07-f583e7e5772d.root 380309 [22,21]
/store/data/Run2024D/BTagMu/RAW/v1/000/380/309/00000/5c596933-e194-4408-a49a-8acb56a9ce89.root 380309 [274,275]
/store/data/Run2024D/BTagMu/RAW/v1/000/380/309/00000/5d948845-c474-4865-b298-0074a686b68a.root 380309 [269,268]
/store/data/Run2024D/BTagMu/RAW/v1/000/380/309/00000/61f6fce6-660c-4889-bfd0-27a100687cbe.root 380309 [19,20]
/store/data/Run2024D/BTagMu/RAW/v1/000/380/309/00000/698780ff-a1f3-47e7-9a61-f875d4711f2f.root 380309 [304,305]
/store/data/Run2024D/BTagMu/RAW/v1/000/380/309/00000/6c183813-d445-440a-8662-719bdaca79a4.root 380309 [62,61]
/store/data/Run2024D/BTagMu/RAW/v1/000/380/309/00000/6f111bcb-882e-454b-a857-9ed3355dd900.root 380309 [17,18]
/store/data/Run2024D/BTagMu/RAW/v1/000/380/309/00000/6fe173e7-7db1-443e-a831-7e077e56b7dd.root 380309 [223,224]
/store/data/Run2024D/BTagMu/RAW/v1/000/380/309/00000/71f2418f-fa8e-40ba-94d8-6bc446f31651.root 380309 [103,102]
/store/data/Run2024D/BTagMu/RAW/v1/000/380/309/00000/745862ff-f4df-4158-bd34-34b29d082cd1.root 380309 [37,38]
/store/data/Run2024D/BTagMu/RAW/v1/000/380/309/00000/74d0a8d8-c55f-4880-9d62-9ddcb493655f.root 380309 [179,178]
/store/data/Run2024D/BTagMu/RAW/v1/000/380/309/00000/75cc8f9e-ec53-4ca3-ba0d-375f69e6a394.root 380309 [265,264]
/store/data/Run2024D/BTagMu/RAW/v1/000/380/309/00000/76f35b97-289c-4e47-94d9-2967146b2059.root 380309 [52,51]
/store/data/Run2024D/BTagMu/RAW/v1/000/380/309/00000/79de2776-09bf-49c0-9e95-41d079ba57d5.root 380309 [241,242]
/store/data/Run2024D/BTagMu/RAW/v1/000/380/309/00000/7ad9b223-8d59-4a20-a54c-523696b471c6.root 380309 [11,12]
/store/data/Run2024D/BTagMu/RAW/v1/000/380/309/00000/7bb7d067-b078-4993-ba38-d10b9bd94a7b.root 380309 [95,94]
/store/data/Run2024D/BTagMu/RAW/v1/000/380/309/00000/7bc41e0a-3cc7-4fb0-9b2e-f908853f912d.root 380309 [151,152]
/store/data/Run2024D/BTagMu/RAW/v1/000/380/309/00000/7bc8731e-17f2-4a87-979c-3d277ce36d85.root 380309 [23,24]
/store/data/Run2024D/BTagMu/RAW/v1/000/380/309/00000/7e42de60-d381-4a1a-9b26-a4d5396eadab.root 380309 [259,258]
/store/data/Run2024D/BTagMu/RAW/v1/000/380/309/00000/80d83a6b-6935-4a47-8db4-6465e0a55ee5.root 380309 [203,202,204]
/store/data/Run2024D/BTagMu/RAW/v1/000/380/309/00000/8152b0c1-f863-4106-8235-690ba210cb6a.root 380309 [188,189]
/store/data/Run2024D/BTagMu/RAW/v1/000/380/309/00000/86cbc526-c0c2-44cd-8aeb-52610ec74bd4.root 380309 [252,253]
/store/data/Run2024D/BTagMu/RAW/v1/000/380/309/00000/8800e026-68c9-4a99-882e-50a3ceaef3b1.root 380309 [55,56]
/store/data/Run2024D/BTagMu/RAW/v1/000/380/309/00000/881d7498-1faf-46c2-a05c-eec56a548b77.root 380309 [153,154]
/store/data/Run2024D/BTagMu/RAW/v1/000/380/309/00000/88927c78-dacb-4d1c-8959-4ee8cc72bdfe.root 380309 [306,307]
/store/data/Run2024D/BTagMu/RAW/v1/000/380/309/00000/88b76ba1-d666-4e03-97ae-3835b85b0abb.root 380309 [9,10]
/store/data/Run2024D/BTagMu/RAW/v1/000/380/309/00000/89b9cae4-bb45-43f5-a098-ecd398e67d75.root 380309 [319,318]
/store/data/Run2024D/BTagMu/RAW/v1/000/380/309/00000/8cd6f3c5-b0bc-41a6-92ae-76d13ffc2159.root 380309 [320,321]
/store/data/Run2024D/BTagMu/RAW/v1/000/380/309/00000/8e45e328-6023-4b17-90e7-8e9148a80f0e.root 380309 [248,247]
/store/data/Run2024D/BTagMu/RAW/v1/000/380/309/00000/9236faba-28eb-4d7a-91b6-1c86d3d1a0ce.root 380309 [233,234]
/store/data/Run2024D/BTagMu/RAW/v1/000/380/309/00000/93d002bd-6ee0-46d3-9ec6-558dda080c9e.root 380309 [243,244]
/store/data/Run2024D/BTagMu/RAW/v1/000/380/309/00000/95a3e2aa-e243-43d3-973e-b80514e26594.root 380309 [99,98]
/store/data/Run2024D/BTagMu/RAW/v1/000/380/309/00000/96a8a292-77cb-4e96-a07a-9a420a45ab03.root 380309 [169,167,168]
/store/data/Run2024D/BTagMu/RAW/v1/000/380/309/00000/97008d4e-2fd8-4f47-81cc-9ab4be0b67de.root 380309 [288,289]
/store/data/Run2024D/BTagMu/RAW/v1/000/380/309/00000/9ae24e7e-212d-44c9-9592-e5d01d841776.root 380309 [339,338]
/store/data/Run2024D/BTagMu/RAW/v1/000/380/309/00000/9b5369d9-4eda-4736-bf9b-a47bef497edd.root 380309 [182,183]
/store/data/Run2024D/BTagMu/RAW/v1/000/380/309/00000/9e531604-96b1-4afe-8618-ebf0f5990291.root 380309 [250,251,249]
/store/data/Run2024D/BTagMu/RAW/v1/000/380/309/00000/9ef52cf5-ee3e-4225-966b-1fd0554637c4.root 380309 [328,329]
/store/data/Run2024D/BTagMu/RAW/v1/000/380/309/00000/9ffd6aa6-0bfc-4352-bea0-27be4a9f485b.root 380309 [287,286]
/store/data/Run2024D/BTagMu/RAW/v1/000/380/309/00000/a045c825-82c0-493f-b768-607232acdbdc.root 380309 [260,261]
/store/data/Run2024D/BTagMu/RAW/v1/000/380/309/00000/a10d8852-2538-4161-bad6-7cd20bdd18e2.root 380309 [119,118]
/store/data/Run2024D/BTagMu/RAW/v1/000/380/309/00000/a381fdef-acd9-4eb9-9ce1-b938f34f9232.root 380309 [219,220]
/store/data/Run2024D/BTagMu/RAW/v1/000/380/309/00000/a3b67895-3001-4a29-89aa-b67cf2a5db39.root 380309 [333,332]
/store/data/Run2024D/BTagMu/RAW/v1/000/380/309/00000/a624f7bc-1aa3-4b91-a46d-d8cb513a4747.root 380309 [67,68]
/store/data/Run2024D/BTagMu/RAW/v1/000/380/309/00000/a63aa09e-b699-4bc3-bbe1-c32795749c8c.root 380309 [13,14]
/store/data/Run2024D/BTagMu/RAW/v1/000/380/309/00000/a6ebe7bc-fe46-4cb8-bc3d-243c3d8e6444.root 380309 [181,180]
/store/data/Run2024D/BTagMu/RAW/v1/000/380/309/00000/a7099054-169a-4741-aa1f-2f81a0fb4ed3.root 380309 [273,272]
/store/data/Run2024D/BTagMu/RAW/v1/000/380/309/00000/a7233cfa-176f-4ed1-8d84-3e8121803ef1.root 380309 [88,89]
/store/data/Run2024D/BTagMu/RAW/v1/000/380/309/00000/a9e4af16-dfc5-4130-abdb-0a4e43348b23.root 380309 [86,87]
/store/data/Run2024D/BTagMu/RAW/v1/000/380/309/00000/ab28eab9-ac28-49dd-af08-37a1933ff11c.root 380309 [214,213]
/store/data/Run2024D/BTagMu/RAW/v1/000/380/309/00000/b102472a-ad38-48f5-9323-4d3d23d8d8df.root 380309 [44,43]
/store/data/Run2024D/BTagMu/RAW/v1/000/380/309/00000/b25ce819-9370-425f-b824-9e95318d50cd.root 380309 [340,341]
/store/data/Run2024D/BTagMu/RAW/v1/000/380/309/00000/b4bc709e-9698-41a8-b7bc-952417879ecd.root 380309 [206,205]
/store/data/Run2024D/BTagMu/RAW/v1/000/380/309/00000/b6478852-7232-443d-88cc-42daaead3efc.root 380309 [190,191]
/store/data/Run2024D/BTagMu/RAW/v1/000/380/309/00000/b6c1952e-97f4-4bd4-bcd0-02232369ca3d.root 380309 [236,235]
/store/data/Run2024D/BTagMu/RAW/v1/000/380/309/00000/b80cff83-a6c5-41e0-a96a-6a1b56446d3d.root 380309 [256,257]
/store/data/Run2024D/BTagMu/RAW/v1/000/380/309/00000/b8985ae2-1a33-47e5-b881-afab8d5c3310.root 380309 [85,84]
/store/data/Run2024D/BTagMu/RAW/v1/000/380/309/00000/b8e28926-cd90-4736-8746-db19dd678424.root 380309 [120,121]
/store/data/Run2024D/BTagMu/RAW/v1/000/380/309/00000/bb2cfad4-179a-469c-96b8-dd1ead9d2ff7.root 380309 [262,263]
/store/data/Run2024D/BTagMu/RAW/v1/000/380/309/00000/bd2dcb37-c7ba-42b4-a5af-f156dea5a865.root 380309 [57,58]
/store/data/Run2024D/BTagMu/RAW/v1/000/380/309/00000/bdc68020-8c97-4b16-8b1e-20211cf42361.root 380309 [29,30]
/store/data/Run2024D/BTagMu/RAW/v1/000/380/309/00000/bf4c12c9-9f71-442c-a4a2-6e5a92234c73.root 380309 [208,207]
/store/data/Run2024D/BTagMu/RAW/v1/000/380/309/00000/bf9efe6e-a497-44b7-aa05-8b0932eb3dfd.root 380309 [78,79]
/store/data/Run2024D/BTagMu/RAW/v1/000/380/309/00000/c13f2aa0-c967-495f-bf1f-007882038076.root 380309 [49,50]
/store/data/Run2024D/BTagMu/RAW/v1/000/380/309/00000/c18a39c5-2395-41a2-8a8d-94d5c7cab2d2.root 380309 [267,266]
/store/data/Run2024D/BTagMu/RAW/v1/000/380/309/00000/c2898b70-1b0e-4301-b8bc-ec397d621582.root 380309 [70,69]
/store/data/Run2024D/BTagMu/RAW/v1/000/380/309/00000/c6545d28-7c76-4748-8d2d-16229a9338ce.root 380309 [311,310]
/store/data/Run2024D/BTagMu/RAW/v1/000/380/309/00000/c7cf8cdc-f942-4216-a71e-337dc4cfbed1.root 380309 [276,277]
/store/data/Run2024D/BTagMu/RAW/v1/000/380/309/00000/cb69f931-d32b-43cb-b889-ffd19677e97e.root 380309 [2,1]
/store/data/Run2024D/BTagMu/RAW/v1/000/380/309/00000/cb95f55f-4f84-4c21-a709-7f009961ba8c.root 380309 [15,16]
/store/data/Run2024D/BTagMu/RAW/v1/000/380/309/00000/cca4ec2d-8253-427b-b226-95d4e368dcfb.root 380309 [194,195]
/store/data/Run2024D/BTagMu/RAW/v1/000/380/309/00000/cff6b80c-9e0c-49e5-8b09-1f55dd72d1c1.root 380309 [74,75]
/store/data/Run2024D/BTagMu/RAW/v1/000/380/309/00000/d189893a-5659-47b8-a25a-1195b08fe3bf.root 380309 [171,170]
/store/data/Run2024D/BTagMu/RAW/v1/000/380/309/00000/d1ed55b0-eacb-4461-afcd-b40a89355a58.root 380309 [7,8]
/store/data/Run2024D/BTagMu/RAW/v1/000/380/309/00000/d31b17bd-526e-485e-9346-9c6a04dcb5d8.root 380309 [187,186]
/store/data/Run2024D/BTagMu/RAW/v1/000/380/309/00000/d4e9465a-3a97-4175-b48a-d6f288f77547.root 380309 [28,27]
/store/data/Run2024D/BTagMu/RAW/v1/000/380/309/00000/d934b343-a0f8-4f38-bff2-e3a96ce9b6a9.root 380309 [327,326]
/store/data/Run2024D/BTagMu/RAW/v1/000/380/309/00000/dd0c6fb8-0178-477a-bfc8-7486214b76bf.root 380309 [245,246]
/store/data/Run2024D/BTagMu/RAW/v1/000/380/309/00000/df284f09-a55a-4f51-a3ad-dd34906d950b.root 380309 [239,240]
/store/data/Run2024D/BTagMu/RAW/v1/000/380/309/00000/e22604df-597a-4dbb-8095-f0715b8275c8.root 380309 [162,161]
/store/data/Run2024D/BTagMu/RAW/v1/000/380/309/00000/e3a35b2e-b9a8-4541-a20e-43e60c1fa3e6.root 380309 [35,36]
/store/data/Run2024D/BTagMu/RAW/v1/000/380/309/00000/e5f111cb-d5eb-41de-bac4-24ae3e8f39cf.root 380309 [201,200]
/store/data/Run2024D/BTagMu/RAW/v1/000/380/309/00000/e6a21939-f6a1-4d40-b985-0b1d9bece483.root 380309 [138,139]
/store/data/Run2024D/BTagMu/RAW/v1/000/380/309/00000/e75d083f-efc4-4cbf-bf79-4ce76b3d282f.root 380309 [112,113]
/store/data/Run2024D/BTagMu/RAW/v1/000/380/309/00000/e8163745-6cee-471f-b7ec-75b0b58bdd41.root 380309 [211,212]
/store/data/Run2024D/BTagMu/RAW/v1/000/380/309/00000/e986a6a7-748b-403d-a91b-743fd5a33f78.root 380309 [111,110]
/store/data/Run2024D/BTagMu/RAW/v1/000/380/309/00000/e9b19f34-ca56-4e16-a189-4e5cc4fe16b6.root 380309 [66,65]
/store/data/Run2024D/BTagMu/RAW/v1/000/380/309/00000/ea518a92-bc29-4157-9147-f4a600079d7a.root 380309 [5,6]
/store/data/Run2024D/BTagMu/RAW/v1/000/380/309/00000/ea981527-369f-4b70-aa5f-11692fe878b9.root 380309 [184,185]
/store/data/Run2024D/BTagMu/RAW/v1/000/380/309/00000/edf1797c-918c-4cd0-8a1e-78bd078c935d.root 380309 [48,47]
/store/data/Run2024D/BTagMu/RAW/v1/000/380/309/00000/eedf6a73-95d7-4e37-9fe0-339b9dd3233b.root 380309 [90,91]
/store/data/Run2024D/BTagMu/RAW/v1/000/380/309/00000/ef7ecb8d-4636-4468-93d0-67cc2a5bd529.root 380309 [34,33]
/store/data/Run2024D/BTagMu/RAW/v1/000/380/309/00000/ef834899-4e04-4d0c-8a08-048d863b43e5.root 380309 [172,173]
/store/data/Run2024D/BTagMu/RAW/v1/000/380/309/00000/f2c8c1a6-0928-42b3-9ecd-f0e0810cfe12.root 380309 [308,309]
/store/data/Run2024D/BTagMu/RAW/v1/000/380/309/00000/f4953732-2d27-4c0a-9c45-4307ff5c8335.root 380309 [137,136]
/store/data/Run2024D/BTagMu/RAW/v1/000/380/309/00000/f51d84f7-e84b-4108-9106-8cc625a1f0b8.root 380309 [176,177]
/store/data/Run2024D/BTagMu/RAW/v1/000/380/309/00000/f5e2c0b3-de89-499a-b389-634ffd8c29f2.root 380309 [174,175]
/store/data/Run2024D/BTagMu/RAW/v1/000/380/309/00000/f806cc0a-22f6-4c83-a877-110fa235b284.root 380309 [129,128]
/store/data/Run2024D/BTagMu/RAW/v1/000/380/309/00000/f8886a7e-00fa-450e-a413-1a564d373744.root 380309 [231,232]
/store/data/Run2024D/BTagMu/RAW/v1/000/380/309/00000/f8f528e1-7fd9-4ee0-8af7-84f83ed0e815.root 380309 [322,323]
/store/data/Run2024D/BTagMu/RAW/v1/000/380/309/00000/f990bc67-60e8-4ed8-b36f-01d11fd1b0e2.root 380309 [292,293]
/store/data/Run2024D/BTagMu/RAW/v1/000/380/309/00000/fb2ba615-fbe6-4513-8000-90aacb3fe335.root 380309 [330,331]
/store/data/Run2024D/BTagMu/RAW/v1/000/380/309/00000/fbd473fe-d948-46e7-b6b0-f675dc80d3fa.root 380309 [142,141,140]
/store/data/Run2024D/BTagMu/RAW/v1/000/380/309/00000/fdb73681-6d0c-4c63-ae92-36897c5809d8.root 380309 [345,344]
/store/data/Run2024D/BTagMu/RAW/v1/000/380/309/00000/fdd904bb-8ac7-49ea-af81-b3e7d121da63.root 380309 [281,280]
/store/data/Run2024D/BTagMu/RAW/v1/000/380/309/00000/fe65fa2e-e7c6-4a5a-84f2-568e0023b37f.root 380309 [3,4]
/store/data/Run2024D/BTagMu/RAW/v1/000/380/309/00000/ff033396-1bf9-4d28-8efd-70cb488b33f6.root 380309 [143,144]
