/store/data/Run2016D/MuOnia/RAW/v2/000/276/807/00000/008648F2-A24A-E611-8F6E-02163E0146CE.root [178,179,174,175,176,180,177]
/store/data/Run2016D/MuOnia/RAW/v2/000/276/807/00000/088957C0-6F4A-E611-B5CC-02163E014208.root [3]
/store/data/Run2016D/MuOnia/RAW/v2/000/276/807/00000/22F76665-924A-E611-9E6D-02163E0134C7.root [56,62,75,76,52,53,55,58,59,60,61,71,51,57,66,68,69,74,63,67,72,54,65,64,70,73]
/store/data/Run2016D/MuOnia/RAW/v2/000/276/807/00000/283FF9FD-9B4A-E611-B728-02163E01431D.root [161,162,164,165,160,163,166]
/store/data/Run2016D/MuOnia/RAW/v2/000/276/807/00000/28DB05C8-6F4A-E611-A36E-02163E0118F7.root [18,21,20,16,19,22,17]
/store/data/Run2016D/MuOnia/RAW/v2/000/276/807/00000/2AF4CECA-6F4A-E611-B371-02163E0142E8.root [27,28]
/store/data/Run2016D/MuOnia/RAW/v2/000/276/807/00000/2E4F9A6E-924A-E611-B929-02163E011B46.root [99,101,106,98,103,97,102,104,105,100]
/store/data/Run2016D/MuOnia/RAW/v2/000/276/807/00000/404D7D80-924A-E611-A5D9-02163E011BA2.root [150,158,153,157,152,155,151,154,156,159]
/store/data/Run2016D/MuOnia/RAW/v2/000/276/807/00000/42F24B7E-924A-E611-AD51-FA163E77148F.root [136,138,134,135,137,130,133,132,131,139]
/store/data/Run2016D/MuOnia/RAW/v2/000/276/807/00000/484406DA-6F4A-E611-A8C5-02163E0118F7.root [41]
/store/data/Run2016D/MuOnia/RAW/v2/000/276/807/00000/4E8C6CD5-6F4A-E611-ABD1-02163E0137EE.root [39]
/store/data/Run2016D/MuOnia/RAW/v2/000/276/807/00000/5AAF4979-924A-E611-B565-02163E01381B.root [109,111,117,108,110,115,116,112,114,107,113]
/store/data/Run2016D/MuOnia/RAW/v2/000/276/807/00000/5C56F2C2-6F4A-E611-B24B-02163E012A1C.root [1]
/store/data/Run2016D/MuOnia/RAW/v2/000/276/807/00000/5CB5AE84-924A-E611-8BCC-02163E011859.root [77,80,82,86,78,81,85,84,79,83]
/store/data/Run2016D/MuOnia/RAW/v2/000/276/807/00000/62B89CAA-A24A-E611-A7C4-02163E0125B8.root [187,181,182,183,185,184,186]
/store/data/Run2016D/MuOnia/RAW/v2/000/276/807/00000/660696CE-6F4A-E611-92DC-02163E0140DE.root [24]
/store/data/Run2016D/MuOnia/RAW/v2/000/276/807/00000/668C0B88-924A-E611-B819-02163E01442B.root [89,91,94,95,96,87,93,88,90,92]
/store/data/Run2016D/MuOnia/RAW/v2/000/276/807/00000/745AE856-9C4A-E611-B501-02163E011EB1.root [169,173,167,170,171,172,168]
/store/data/Run2016D/MuOnia/RAW/v2/000/276/807/00000/780B8AB4-6F4A-E611-A197-02163E0137EE.root [48,47,49]
/store/data/Run2016D/MuOnia/RAW/v2/000/276/807/00000/92A61F7E-924A-E611-B661-02163E0142A9.root [118,125,127,119,123,126,120,124,128,121,122,129]
/store/data/Run2016D/MuOnia/RAW/v2/000/276/807/00000/9E82E1D8-6F4A-E611-961B-02163E0142E8.root [43,44,45]
/store/data/Run2016D/MuOnia/RAW/v2/000/276/807/00000/B2B5D38B-924A-E611-BAFA-02163E011D45.root [140,143,148,144,145,149,141,146,147,142]
/store/data/Run2016D/MuOnia/RAW/v2/000/276/807/00000/BC5FF7AD-A24A-E611-9187-FA163E33FD9B.root [210,212,213,209,211,207,208,214,206]
/store/data/Run2016D/MuOnia/RAW/v2/000/276/807/00000/C81BC3AB-A24A-E611-A517-FA163ED4FB1B.root [197,202,204,203,196,200,201,195,199,205,198]
/store/data/Run2016D/MuOnia/RAW/v2/000/276/807/00000/D89E05BE-6F4A-E611-AD4A-02163E0142E8.root [8,7,9,6]
/store/data/Run2016D/MuOnia/RAW/v2/000/276/807/00000/D8CC83C6-6F4A-E611-BAF7-02163E0137EE.root [13]
/store/data/Run2016D/MuOnia/RAW/v2/000/276/807/00000/E0DFF366-A34A-E611-88FF-02163E0144A7.root [220,215,218,217,219,216]
/store/data/Run2016D/MuOnia/RAW/v2/000/276/807/00000/E6091593-A34A-E611-A231-02163E0124D2.root [193,191,188,190,189,194,192]
/store/data/Run2016D/MuOnia/RAW/v2/000/276/807/00000/E609F0D7-6F4A-E611-ADBA-02163E012A1C.root [35]
/store/data/Run2016D/MuOnia/RAW/v2/000/276/807/00000/F84A34CD-6F4A-E611-87E9-02163E014208.root [33,32,31]
