380255
380258
380260
380262
380265
380278
380291
380294
380296
380300
380301
380303
380304
380305
380306
380307
380308
380309
380310
380316
380319
380320
380321
380322
380324
380325
380326
380327
380328
380329
380338
380340
380341
380342
380344
380345
380346
380348
380349
380350
380352
380354
380356
380357
380358
380359
380360
380362
380367
380369
380371
380372
380374
380376
380377
380378
380379
380380
380382
380384
380385
380386
380388
380390
380392
380396
380397
380399
380400
380401
380403
380405
380428
380431
380434
380436
380437
380438
380439
380440
380441
380442
380443
380444
380446
380447
380449
380451
380452
380458
380463
380464
380466
380470
380475
380476
380477
380478
380480
380481
380482
380484
380486
380487
380489
380490
380497
380500
380502
380503
380504
380505
380508
380509
380512
380513
380516
380517
380520
380521
380523
380527
380529
380531
380532
380533
380534
380535
380537
380538
380541
380545
380549
380550
380552
380555
380557
380558
380559
380562
380563
380564
380565
380567
380571
380573
380576
380578
380580
380581
380582
380583
380586
380587
380589
380591
380594
380595
380596
380597
380600
380601
380602
380603
380604
380605
380606
380611
380613
380614
380615
380616
380617
380619
380620
380621
380623
380624
380625
380626
380627
380630
380632
380636
380638
380639
380640
380641
380642
380644
380646
380647
380648
380649
380650
380651
380652
380660
380668
380676
380697
380699
380700
380705
380706
380708
380709
380711
380712
380723
380725
380727
380729
380731
380734
380736
380739
380741
380742
380743
380744
380784
380794
380796
380797
380798
380801
380807
380808
380809
380810
380811
380812
380813
380815
380817
380818
380819
380820
380821
380824
380826
380828
380830
380833
380834
380835
380837
380838
380839
380840
380841
380842
380843
380844
380845
380846
380847
380848
380854
380855
380856
380860
380861
380862
380863
380865
380867
380869
380872
380874
380876
380878
380879
380883
380884
380885
380886
380887
380891
380892
380894
380895
380896
380897
380899
380900
380902
380903
380904
380905
380906
380911
380913
380915
380917
380919
380922
380924
380925
380926
380927
380930
380931
380932
380933
380934
380935
380938
380939
380940
380942
380943
380944
380945
380946
380947
