/store/data/Run2023C/ZeroBias/RAW/v1/000/367/095/00000/004189b7-4376-4587-b0f3-0b54cdf4fc43.root 367095 [264,265]
/store/data/Run2023C/ZeroBias/RAW/v1/000/367/095/00000/008e00c9-0326-4df4-9542-858c7c9bbedd.root 367095 [346,347,345]
/store/data/Run2023C/ZeroBias/RAW/v1/000/367/095/00000/040f9949-05ac-498c-9fcc-d56046bb9b86.root 367095 [277,276]
/store/data/Run2023C/ZeroBias/RAW/v1/000/367/095/00000/05a4424c-26d6-4581-bda6-1a3864a281e5.root 367095 [308,307]
/store/data/Run2023C/ZeroBias/RAW/v1/000/367/095/00000/0663f435-1a74-46ee-94e0-94040fc26a04.root 367095 [341,342]
/store/data/Run2023C/ZeroBias/RAW/v1/000/367/095/00000/06a750c5-e73f-4074-92a7-ac56f906efea.root 367095 [449,450]
/store/data/Run2023C/ZeroBias/RAW/v1/000/367/095/00000/0725da30-0cf8-4d7d-88ad-1dd68bfcef09.root 367095 [432,431]
/store/data/Run2023C/ZeroBias/RAW/v1/000/367/095/00000/08c0ed21-413c-4c4a-b301-eebc187a9204.root 367095 [157,158]
/store/data/Run2023C/ZeroBias/RAW/v1/000/367/095/00000/095e6539-8e4b-4212-b5d2-e30abd2662d3.root 367095 [515,514]
/store/data/Run2023C/ZeroBias/RAW/v1/000/367/095/00000/0dd5e252-1978-40e2-8af8-3c0c6fbeb973.root 367095 [188,189]
/store/data/Run2023C/ZeroBias/RAW/v1/000/367/095/00000/0e89144f-2b7e-47c6-b154-e1904cd11a88.root 367095 [211,212,213]
/store/data/Run2023C/ZeroBias/RAW/v1/000/367/095/00000/0f07fc47-5fd7-4040-a1e4-6eacd1914267.root 367095 [17,18,19,16,20]
/store/data/Run2023C/ZeroBias/RAW/v1/000/367/095/00000/0f6f277d-bff5-4654-8bb1-8c7cd45492ae.root 367095 [544,545]
/store/data/Run2023C/ZeroBias/RAW/v1/000/367/095/00000/0f89bd57-7a04-4d4f-95c7-8d640f9185dd.root 367095 [494,495]
/store/data/Run2023C/ZeroBias/RAW/v1/000/367/095/00000/0fb1d09d-c483-4b24-a77a-f75b2a17ae58.root 367095 [137,136,138]
/store/data/Run2023C/ZeroBias/RAW/v1/000/367/095/00000/1294e94e-570d-48e5-a0b2-1a3cd31bc558.root 367095 [532,533]
/store/data/Run2023C/ZeroBias/RAW/v1/000/367/095/00000/15563d16-980b-4851-9419-d36387b29f95.root 367095 [210,209]
/store/data/Run2023C/ZeroBias/RAW/v1/000/367/095/00000/1607ea3c-a2cd-4db1-8c9a-70da3b14e449.root 367095 [354,355]
/store/data/Run2023C/ZeroBias/RAW/v1/000/367/095/00000/16f90f5a-8962-429c-ac80-a50d91849da0.root 367095 [100,101,102]
/store/data/Run2023C/ZeroBias/RAW/v1/000/367/095/00000/19b61fff-39eb-4911-92b0-43c73d21ae07.root 367095 [359,360]
/store/data/Run2023C/ZeroBias/RAW/v1/000/367/095/00000/1a7ac948-8e7f-4789-9c1c-6b6cb086e174.root 367095 [250,249]
/store/data/Run2023C/ZeroBias/RAW/v1/000/367/095/00000/1b97528d-6c73-4744-81e2-b9fa1046e07a.root 367095 [227,226]
/store/data/Run2023C/ZeroBias/RAW/v1/000/367/095/00000/1cbd2756-a82b-4a25-a8a7-7a653a1d6658.root 367095 [262,263]
/store/data/Run2023C/ZeroBias/RAW/v1/000/367/095/00000/1de3823e-389c-41c3-9d73-422183cd10c0.root 367095 [106,107,108]
/store/data/Run2023C/ZeroBias/RAW/v1/000/367/095/00000/1e6526f8-1b04-459a-9c99-0e7ad19ce7cb.root 367095 [258,259]
/store/data/Run2023C/ZeroBias/RAW/v1/000/367/095/00000/2104b82d-5449-4e94-81e8-be6aca649c9a.root 367095 [560,561]
/store/data/Run2023C/ZeroBias/RAW/v1/000/367/095/00000/23f91707-434f-4950-aa03-55b28d69e415.root 367095 [330,329]
/store/data/Run2023C/ZeroBias/RAW/v1/000/367/095/00000/24ece0d7-e44c-4ce9-bd49-c20463d5c639.root 367095 [331,332,333,334]
/store/data/Run2023C/ZeroBias/RAW/v1/000/367/095/00000/26f03c9b-c206-404e-a994-331af425ae6b.root 367095 [480,481]
/store/data/Run2023C/ZeroBias/RAW/v1/000/367/095/00000/27772f44-0832-41fa-91de-80587abd7e59.root 367095 [529,528]
/store/data/Run2023C/ZeroBias/RAW/v1/000/367/095/00000/29880e7a-ff14-4efa-9f3e-6f849a8cb0c4.root 367095 [132,133]
/store/data/Run2023C/ZeroBias/RAW/v1/000/367/095/00000/2c1476ea-14c8-4d3f-8fe0-565cda233010.root 367095 [86,87,84,85]
/store/data/Run2023C/ZeroBias/RAW/v1/000/367/095/00000/2d5816f5-a815-49f4-b407-ef12d8a107b9.root 367095 [406,405]
/store/data/Run2023C/ZeroBias/RAW/v1/000/367/095/00000/2ffbb4a2-c7ff-4f14-8aaa-09f1e9b7bd8d.root 367095 [490,491]
/store/data/Run2023C/ZeroBias/RAW/v1/000/367/095/00000/325e6423-7af4-4d9a-8eec-e1c5f4905c7e.root 367095 [421,422]
/store/data/Run2023C/ZeroBias/RAW/v1/000/367/095/00000/3305dc99-38d0-4754-8680-00ce2482553e.root 367095 [508,509]
/store/data/Run2023C/ZeroBias/RAW/v1/000/367/095/00000/33169b47-e573-48fc-bb36-630ca5b9bd5d.root 367095 [559,558]
/store/data/Run2023C/ZeroBias/RAW/v1/000/367/095/00000/365a6fba-ba75-491e-8ca3-1fc1dc2a0d91.root 367095 [58,60,61,59]
/store/data/Run2023C/ZeroBias/RAW/v1/000/367/095/00000/3682a394-ab3c-4179-931b-94175d0db231.root 367095 [62,65,63,64]
/store/data/Run2023C/ZeroBias/RAW/v1/000/367/095/00000/387f77b6-8580-4d88-a46e-991a3394137c.root 367095 [261,260]
/store/data/Run2023C/ZeroBias/RAW/v1/000/367/095/00000/38aee48f-8226-4793-96ca-346fe634f36e.root 367095 [141,140,139]
/store/data/Run2023C/ZeroBias/RAW/v1/000/367/095/00000/38c72d98-91e0-4d93-a753-c845936bb200.root 367095 [252,251]
/store/data/Run2023C/ZeroBias/RAW/v1/000/367/095/00000/394c9a44-4851-47d3-93bd-19183d50dd15.root 367095 [216,217]
/store/data/Run2023C/ZeroBias/RAW/v1/000/367/095/00000/39967d1f-08f9-411c-8f52-8a1ec0d8a78d.root 367095 [219,218]
/store/data/Run2023C/ZeroBias/RAW/v1/000/367/095/00000/399c576a-fb06-4fd8-bd15-7e7eea4ee561.root 367095 [319,317,318]
/store/data/Run2023C/ZeroBias/RAW/v1/000/367/095/00000/3cdf7e09-95df-4625-813a-1c0372201865.root 367095 [221,220]
/store/data/Run2023C/ZeroBias/RAW/v1/000/367/095/00000/3d7e123e-1a2d-4c76-a2bb-17bf975e2d16.root 367095 [516,517]
/store/data/Run2023C/ZeroBias/RAW/v1/000/367/095/00000/4325935a-6946-4d73-baf0-f4d557805555.root 367095 [231,230]
/store/data/Run2023C/ZeroBias/RAW/v1/000/367/095/00000/433b27e5-f46e-4b79-aece-80b6d0d4da81.root 367095 [70,71,72,73]
/store/data/Run2023C/ZeroBias/RAW/v1/000/367/095/00000/43786df7-61c1-4ac1-9f87-35e9a8546e8a.root 367095 [184,185]
/store/data/Run2023C/ZeroBias/RAW/v1/000/367/095/00000/43e2cfbe-a0a6-4f4b-a6be-f394348ca2ba.root 367095 [403,404]
/store/data/Run2023C/ZeroBias/RAW/v1/000/367/095/00000/443b028d-3865-4fef-851d-d9a0189df57f.root 367095 [472,473]
/store/data/Run2023C/ZeroBias/RAW/v1/000/367/095/00000/4459c1d7-34a6-4aba-9490-f74b492d4233.root 367095 [169,167,168]
/store/data/Run2023C/ZeroBias/RAW/v1/000/367/095/00000/458cee9b-9376-4789-a110-792295f1bf4e.root 367095 [412,411]
/store/data/Run2023C/ZeroBias/RAW/v1/000/367/095/00000/459598cf-2c84-4c50-adce-87689dc48250.root 367095 [519,518]
/store/data/Run2023C/ZeroBias/RAW/v1/000/367/095/00000/45cfc790-6c40-4e61-888f-8b256de0b1f4.root 367095 [524,525]
/store/data/Run2023C/ZeroBias/RAW/v1/000/367/095/00000/45d26749-3bfa-4cc3-ab5d-780d53d845cc.root 367095 [462,461]
/store/data/Run2023C/ZeroBias/RAW/v1/000/367/095/00000/45e27702-c36f-4d49-9b8a-c3800ecc9a86.root 367095 [207,208]
/store/data/Run2023C/ZeroBias/RAW/v1/000/367/095/00000/47ef01a8-d350-4fe3-b6fa-bb504e8cb0b7.root 367095 [309,310]
/store/data/Run2023C/ZeroBias/RAW/v1/000/367/095/00000/48f4d40d-4b83-4b64-8db8-1f436285f86c.root 367095 [423,424]
/store/data/Run2023C/ZeroBias/RAW/v1/000/367/095/00000/497c8bde-cf20-44c4-8091-4862dd264a9b.root 367095 [469,467,468]
/store/data/Run2023C/ZeroBias/RAW/v1/000/367/095/00000/49d10543-4ed2-412f-96c5-ac605b4762b1.root 367095 [474,475]
/store/data/Run2023C/ZeroBias/RAW/v1/000/367/095/00000/49d547ea-faab-4241-8d63-159c86113989.root 367095 [50,53,51,52]
/store/data/Run2023C/ZeroBias/RAW/v1/000/367/095/00000/4ad97f9c-37de-460e-86c4-c9223651fa2b.root 367095 [507,506]
/store/data/Run2023C/ZeroBias/RAW/v1/000/367/095/00000/4b80a225-4b2c-421b-80f9-505ac0439160.root 367095 [243,244]
/store/data/Run2023C/ZeroBias/RAW/v1/000/367/095/00000/4c596efd-77eb-4d1d-bd76-064ce922e204.root 367095 [49,47,46,48]
/store/data/Run2023C/ZeroBias/RAW/v1/000/367/095/00000/4f0489b3-1905-4cb1-b7be-1f585cc1a8bb.root 367095 [23,25,24,21,22]
/store/data/Run2023C/ZeroBias/RAW/v1/000/367/095/00000/50413f14-9528-4332-8477-0b97c631bd78.root 367095 [501,500]
/store/data/Run2023C/ZeroBias/RAW/v1/000/367/095/00000/5101c92c-84e5-44c4-a089-270c1af15a63.root 367095 [390,389]
/store/data/Run2023C/ZeroBias/RAW/v1/000/367/095/00000/52b06081-cdf1-45ba-95b4-8b7c1e784f74.root 367095 [206,205]
/store/data/Run2023C/ZeroBias/RAW/v1/000/367/095/00000/52cb55ee-e6d9-48ab-976e-2007d6143fbd.root 367095 [271,270]
/store/data/Run2023C/ZeroBias/RAW/v1/000/367/095/00000/551ee3a1-8235-42ba-ae22-cf8020a6a5ed.root 367095 [541,540]
/store/data/Run2023C/ZeroBias/RAW/v1/000/367/095/00000/56b0ddfb-76f3-41d6-90d8-b626df8ac00f.root 367095 [239,240]
/store/data/Run2023C/ZeroBias/RAW/v1/000/367/095/00000/58a26249-2500-483c-86a9-334d09045db0.root 367095 [371,372]
/store/data/Run2023C/ZeroBias/RAW/v1/000/367/095/00000/59861234-4eb4-4444-ba74-7bc8e294c8f9.root 367095 [74,75,76]
/store/data/Run2023C/ZeroBias/RAW/v1/000/367/095/00000/59bb5c83-7d32-4d75-9bf4-4585157efa14.root 367095 [521,520]
/store/data/Run2023C/ZeroBias/RAW/v1/000/367/095/00000/5b312ff4-1b0a-424a-b195-7cf7336afb0e.root 367095 [152,151]
/store/data/Run2023C/ZeroBias/RAW/v1/000/367/095/00000/5b5feb2c-b43c-4c3a-91d6-02ceee7ecfa2.root 367095 [410,409]
/store/data/Run2023C/ZeroBias/RAW/v1/000/367/095/00000/5f79f49a-3f47-4680-bf15-228e502184c7.root 367095 [343,344]
/store/data/Run2023C/ZeroBias/RAW/v1/000/367/095/00000/631709c3-07cd-424a-a00f-14ab55acc42a.root 367095 [428,427]
/store/data/Run2023C/ZeroBias/RAW/v1/000/367/095/00000/641b4f18-6ae1-4cbe-b13c-cbbe7772def8.root 367095 [182,183]
/store/data/Run2023C/ZeroBias/RAW/v1/000/367/095/00000/6560a21f-579b-479b-a6b0-067950c1d05d.root 367095 [111,109,110]
/store/data/Run2023C/ZeroBias/RAW/v1/000/367/095/00000/6667f455-7f57-4445-a63b-dad34b80c7b4.root 367095 [160,159]
/store/data/Run2023C/ZeroBias/RAW/v1/000/367/095/00000/6d347b9d-9bc2-4ddc-b36d-4c9972949d69.root 367095 [407,408]
/store/data/Run2023C/ZeroBias/RAW/v1/000/367/095/00000/6d406a56-af98-449b-b6b3-d3041a02846a.root 367095 [9,7,8,6,10]
/store/data/Run2023C/ZeroBias/RAW/v1/000/367/095/00000/6dc22c84-9a29-4274-82a8-845aca005441.root 367095 [381,382]
/store/data/Run2023C/ZeroBias/RAW/v1/000/367/095/00000/6e22649a-797c-4d6d-9511-09e4620e333f.root 367095 [457,458]
/store/data/Run2023C/ZeroBias/RAW/v1/000/367/095/00000/6ef4d695-c2dc-4b26-ada2-e0c758401181.root 367095 [402,401]
/store/data/Run2023C/ZeroBias/RAW/v1/000/367/095/00000/6fc0675c-9b1b-4e20-9193-36038309226e.root 367095 [155,156]
/store/data/Run2023C/ZeroBias/RAW/v1/000/367/095/00000/70f7f1e1-fa8f-4d78-b150-b585c898a1df.root 367095 [266,267]
/store/data/Run2023C/ZeroBias/RAW/v1/000/367/095/00000/71cab833-dade-4294-ab08-bcbb9353ff2e.root 367095 [204,203]
/store/data/Run2023C/ZeroBias/RAW/v1/000/367/095/00000/727f3e9c-1514-49bb-8edd-e9e91ecfc73f.root 367095 [172,173]
/store/data/Run2023C/ZeroBias/RAW/v1/000/367/095/00000/73392aea-bdde-4a65-a57c-3657f8011fa6.root 367095 [361,362]
/store/data/Run2023C/ZeroBias/RAW/v1/000/367/095/00000/7395682c-8de8-414b-b8db-1e6f5e711234.root 367095 [198,197]
/store/data/Run2023C/ZeroBias/RAW/v1/000/367/095/00000/7920ad5f-54f2-45f1-b9d6-1b84bd407e38.root 367095 [295,294]
/store/data/Run2023C/ZeroBias/RAW/v1/000/367/095/00000/79b033b5-5511-4be8-aad0-db4a4eac2c29.root 367095 [393,394]
/store/data/Run2023C/ZeroBias/RAW/v1/000/367/095/00000/7c6044bd-5c0d-450a-a142-4973f5aab3d3.root 367095 [245,246]
/store/data/Run2023C/ZeroBias/RAW/v1/000/367/095/00000/7cbe7b69-56aa-4e4b-b8ca-14f14acf0e12.root 367095 [297,296]
/store/data/Run2023C/ZeroBias/RAW/v1/000/367/095/00000/7cd033e2-e724-4e46-a0e4-ebf881f4392c.root 367095 [553,552,554]
/store/data/Run2023C/ZeroBias/RAW/v1/000/367/095/00000/7d66d727-977a-4604-9d0e-9f665afa11d3.root 367095 [35,32,33,31,34]
/store/data/Run2023C/ZeroBias/RAW/v1/000/367/095/00000/7da18d52-216c-4da8-addc-a338d10350ad.root 367095 [118,120,119]
/store/data/Run2023C/ZeroBias/RAW/v1/000/367/095/00000/7dcb68b1-a8be-4013-9a7b-79469afbc0ea.root 367095 [292,293]
/store/data/Run2023C/ZeroBias/RAW/v1/000/367/095/00000/7f811f7a-de4c-461b-a00a-efb6e879b93b.root 367095 [549,548]
/store/data/Run2023C/ZeroBias/RAW/v1/000/367/095/00000/80d08741-f599-4592-a50a-4c845702b4fd.root 367095 [269,268]
/store/data/Run2023C/ZeroBias/RAW/v1/000/367/095/00000/81c4efda-638f-416a-874c-c9ce393d2fb9.root 367095 [236,234,235]
/store/data/Run2023C/ZeroBias/RAW/v1/000/367/095/00000/81dc0d58-cba1-4fb4-8818-24f45be9f475.root 367095 [305,306,304]
/store/data/Run2023C/ZeroBias/RAW/v1/000/367/095/00000/82209733-9ed5-4a3d-94e9-6225b44103c5.root 367095 [365,366]
/store/data/Run2023C/ZeroBias/RAW/v1/000/367/095/00000/83386934-090e-45b7-b8cc-044c779b498f.root 367095 [281,280]
/store/data/Run2023C/ZeroBias/RAW/v1/000/367/095/00000/8490adb5-bd78-45d8-9af8-70ab87227319.root 367095 [455,456]
/store/data/Run2023C/ZeroBias/RAW/v1/000/367/095/00000/85b595d5-2dad-4f6e-8aa6-e3a20b55af97.root 367095 [470,471]
/store/data/Run2023C/ZeroBias/RAW/v1/000/367/095/00000/862cc0f2-6987-4fd9-a34a-e62d38888753.root 367095 [224,225]
/store/data/Run2023C/ZeroBias/RAW/v1/000/367/095/00000/880e2bd1-b3a2-4d85-a7e2-aff82eb3ce05.root 367095 [477,476]
/store/data/Run2023C/ZeroBias/RAW/v1/000/367/095/00000/886e6c06-df17-44d6-b7f2-791b7d0db217.root 367095 [314,315,316]
/store/data/Run2023C/ZeroBias/RAW/v1/000/367/095/00000/8981529e-624f-4298-8bd2-b76d3412dbb0.root 367095 [440,439]
/store/data/Run2023C/ZeroBias/RAW/v1/000/367/095/00000/8a2d6b5b-1d31-483c-bb24-c861b7527acc.root 367095 [505,504]
/store/data/Run2023C/ZeroBias/RAW/v1/000/367/095/00000/8b4254c9-c763-4ff2-9add-f643864b4a9a.root 367095 [488,489]
/store/data/Run2023C/ZeroBias/RAW/v1/000/367/095/00000/8dede9a3-a455-4ad7-9f6a-78e0a108fba3.root 367095 [40,36,37,38,39]
/store/data/Run2023C/ZeroBias/RAW/v1/000/367/095/00000/8e9d40d3-7098-4336-9f3b-b5179b9e997b.root 367095 [129,127,128]
/store/data/Run2023C/ZeroBias/RAW/v1/000/367/095/00000/8fb05988-c239-4dc9-a3fb-8d067dc01c7b.root 367095 [556,557,555]
/store/data/Run2023C/ZeroBias/RAW/v1/000/367/095/00000/9309b427-ed99-48b4-a742-cebedea9e0d3.root 367095 [214,215]
/store/data/Run2023C/ZeroBias/RAW/v1/000/367/095/00000/93b16693-5397-417d-8ca3-6b1ec6359e1e.root 367095 [92,93,91]
/store/data/Run2023C/ZeroBias/RAW/v1/000/367/095/00000/9405c547-88e5-4696-a120-c470d5387814.root 367095 [123,121,122]
/store/data/Run2023C/ZeroBias/RAW/v1/000/367/095/00000/94dca7ba-40c2-4bd8-a89d-59e34ef12617.root 367095 [348,349]
/store/data/Run2023C/ZeroBias/RAW/v1/000/367/095/00000/956835f7-5239-4f9f-8e8c-1043c24d9377.root 367095 [392,391]
/store/data/Run2023C/ZeroBias/RAW/v1/000/367/095/00000/95801110-c5ad-4d89-b2c4-cc78d88eddec.root 367095 [166,165]
/store/data/Run2023C/ZeroBias/RAW/v1/000/367/095/00000/95da78ce-aa23-4df4-a280-52d84833c12a.root 367095 [195,196]
/store/data/Run2023C/ZeroBias/RAW/v1/000/367/095/00000/9718c50a-2b62-4ac0-bda1-2104de33911c.root 367095 [228,229]
/store/data/Run2023C/ZeroBias/RAW/v1/000/367/095/00000/973a915b-8364-47f5-988f-aed2d3104cc8.root 367095 [523,522]
/store/data/Run2023C/ZeroBias/RAW/v1/000/367/095/00000/97feebb8-5e21-4d2a-94ab-4f5a675b0a9a.root 367095 [425,426]
/store/data/Run2023C/ZeroBias/RAW/v1/000/367/095/00000/98278612-86e0-4ad0-bd3a-5057818c68f4.root 367095 [291,290]
/store/data/Run2023C/ZeroBias/RAW/v1/000/367/095/00000/990fc876-8cfa-43ea-bb6a-c9bc281ea176.root 367095 [531,530]
/store/data/Run2023C/ZeroBias/RAW/v1/000/367/095/00000/99e7bd27-b5ab-426f-b2c7-3dbfa50a68a5.root 367095 [256,257]
/store/data/Run2023C/ZeroBias/RAW/v1/000/367/095/00000/9a034050-eb18-45ea-a2de-cad22cdb7116.root 367095 [464,463]
/store/data/Run2023C/ZeroBias/RAW/v1/000/367/095/00000/9a1bfd6a-bec1-465e-a4f2-db953405b8c5.root 367095 [54,55,57,56]
/store/data/Run2023C/ZeroBias/RAW/v1/000/367/095/00000/9b0642c0-31d3-4cf3-b42b-cfff13a2d408.root 367095 [124,126,125]
/store/data/Run2023C/ZeroBias/RAW/v1/000/367/095/00000/9d441bbe-f6fe-4dd0-937a-f784b8097974.root 367095 [130,131]
/store/data/Run2023C/ZeroBias/RAW/v1/000/367/095/00000/9d77c46e-0fc2-44f6-a55d-9d845e5c8c0a.root 367095 [340,339]
/store/data/Run2023C/ZeroBias/RAW/v1/000/367/095/00000/9de4e915-19ec-4ea8-83df-3ab81368a0b8.root 367095 [288,289]
/store/data/Run2023C/ZeroBias/RAW/v1/000/367/095/00000/9ed1acb4-d0f4-4b05-afd3-1377e67eb2ec.root 367095 [328,327]
/store/data/Run2023C/ZeroBias/RAW/v1/000/367/095/00000/9fae2990-d404-4b8c-a595-14f494975561.root 367095 [179,178]
/store/data/Run2023C/ZeroBias/RAW/v1/000/367/095/00000/9fe17290-693d-4fce-966a-261b0768be2d.root 367095 [142,144,143]
/store/data/Run2023C/ZeroBias/RAW/v1/000/367/095/00000/a09557a5-a839-478b-9882-972d48b428bb.root 367095 [369,370]
/store/data/Run2023C/ZeroBias/RAW/v1/000/367/095/00000/a09dc858-1eb6-4f71-a7fd-2d5658889cc9.root 367095 [285,284]
/store/data/Run2023C/ZeroBias/RAW/v1/000/367/095/00000/a0c021c3-4ee0-4760-8623-6c564793e382.root 367095 [223,222]
/store/data/Run2023C/ZeroBias/RAW/v1/000/367/095/00000/a0c62562-a076-4c02-890d-559dd0bf84d3.root 367095 [175,174]
/store/data/Run2023C/ZeroBias/RAW/v1/000/367/095/00000/a0ccd652-f630-4393-b53b-9e69da20535d.root 367095 [376,375]
/store/data/Run2023C/ZeroBias/RAW/v1/000/367/095/00000/a1941862-2a32-49ad-8ae4-2d07278d2cc2.root 367095 [313,311,312]
/store/data/Run2023C/ZeroBias/RAW/v1/000/367/095/00000/a2e42a68-5f15-4b25-9363-360883411ee7.root 367095 [12,15,13,11,14]
/store/data/Run2023C/ZeroBias/RAW/v1/000/367/095/00000/a35ed07e-ad68-4024-ac55-3261e397d9a7.root 367095 [176,177]
/store/data/Run2023C/ZeroBias/RAW/v1/000/367/095/00000/a38f7f9f-82cb-4109-be05-0a388a617be2.root 367095 [180,181]
/store/data/Run2023C/ZeroBias/RAW/v1/000/367/095/00000/a509c513-4558-4cde-bc1c-acca15f16679.root 367095 [547,546]
/store/data/Run2023C/ZeroBias/RAW/v1/000/367/095/00000/a5188b57-76f6-473a-8a75-b0f2cae6170a.root 367095 [242,241]
/store/data/Run2023C/ZeroBias/RAW/v1/000/367/095/00000/a5d2d9b4-d10d-402e-a140-418847335ba8.root 367095 [148,147]
/store/data/Run2023C/ZeroBias/RAW/v1/000/367/095/00000/a65d450f-efdc-4665-906d-2387cf439487.root 367095 [367,368]
/store/data/Run2023C/ZeroBias/RAW/v1/000/367/095/00000/a69c588f-fe80-4aca-a613-dc8eb986a17b.root 367095 [374,373]
/store/data/Run2023C/ZeroBias/RAW/v1/000/367/095/00000/a6c83c22-9eb9-46ae-a4b5-6219135b10ae.root 367095 [170,171]
/store/data/Run2023C/ZeroBias/RAW/v1/000/367/095/00000/a6fa2c00-2cda-48b7-b278-3147bf18cd18.root 367095 [395,396]
/store/data/Run2023C/ZeroBias/RAW/v1/000/367/095/00000/a72c0478-645c-4b94-aec2-78f80ecb4974.root 367095 [194,193]
/store/data/Run2023C/ZeroBias/RAW/v1/000/367/095/00000/a8a165d0-e758-407e-805d-1529333972e3.root 367095 [338,337]
/store/data/Run2023C/ZeroBias/RAW/v1/000/367/095/00000/ad215d75-7c49-4997-96b8-bc558b95918f.root 367095 [202,201]
/store/data/Run2023C/ZeroBias/RAW/v1/000/367/095/00000/aee8aef6-2eab-4561-a1d5-74dc61e732c2.root 367095 [287,286]
/store/data/Run2023C/ZeroBias/RAW/v1/000/367/095/00000/af75d3af-cb72-41df-bc85-dd2313135138.root 367095 [415,416]
/store/data/Run2023C/ZeroBias/RAW/v1/000/367/095/00000/b12e10c6-69ce-4352-b784-9a6f394c9ba9.root 367095 [363,364]
/store/data/Run2023C/ZeroBias/RAW/v1/000/367/095/00000/b20664d5-8e21-4404-9dff-bf817ebd739f.root 367095 [135,134]
/store/data/Run2023C/ZeroBias/RAW/v1/000/367/095/00000/b37bc982-8467-44d7-92b8-a26d2c283331.root 367095 [115,116,117]
/store/data/Run2023C/ZeroBias/RAW/v1/000/367/095/00000/b525f6fe-432f-4a86-9fc3-65cb29eb1657.root 367095 [465,466]
/store/data/Run2023C/ZeroBias/RAW/v1/000/367/095/00000/b5bd0ffd-d183-4477-9c80-e59ea836a7fa.root 367095 [503,502]
/store/data/Run2023C/ZeroBias/RAW/v1/000/367/095/00000/b5f86483-c500-43f7-930d-919170ae65c2.root 367095 [104,103,105]
/store/data/Run2023C/ZeroBias/RAW/v1/000/367/095/00000/b6ae284e-6533-4abd-a3b7-f53cd07cafa9.root 367095 [153,154]
/store/data/Run2023C/ZeroBias/RAW/v1/000/367/095/00000/b7c3330f-eaec-464c-afc6-f00e88ea56ec.root 367095 [526,527]
/store/data/Run2023C/ZeroBias/RAW/v1/000/367/095/00000/b91f2c17-4b43-40d3-9ee4-d76c1e8759d7.root 367095 [535,534]
/store/data/Run2023C/ZeroBias/RAW/v1/000/367/095/00000/ba0c09a4-4695-44cd-a62f-b37af290b90d.root 367095 [492,493]
/store/data/Run2023C/ZeroBias/RAW/v1/000/367/095/00000/baf4837a-bcd2-4e8a-889a-c925160f6758.root 367095 [538,539]
/store/data/Run2023C/ZeroBias/RAW/v1/000/367/095/00000/bc2823ec-beb8-4801-b3cc-f8ddd4a42827.root 367095 [149,150]
/store/data/Run2023C/ZeroBias/RAW/v1/000/367/095/00000/bca0db88-e76e-4050-88dc-3d266e8edbb1.root 367095 [386,387,388]
/store/data/Run2023C/ZeroBias/RAW/v1/000/367/095/00000/bcc64a16-0127-4df1-9ce4-d21c2a2598e5.root 367095 [496,497]
/store/data/Run2023C/ZeroBias/RAW/v1/000/367/095/00000/bd6c4def-f408-4004-98ce-8ecfeadddc7a.root 367095 [272,273]
/store/data/Run2023C/ZeroBias/RAW/v1/000/367/095/00000/bd8c63ed-6364-4c27-a89b-e67539694cf0.root 367095 [255,254,253]
/store/data/Run2023C/ZeroBias/RAW/v1/000/367/095/00000/be7d0d0f-0b16-4b5d-9d95-89b5c815000d.root 367095 [444,443]
/store/data/Run2023C/ZeroBias/RAW/v1/000/367/095/00000/bfa86a4c-c72b-4b50-a02f-531fdf1a91e4.root 367095 [190,192,191]
/store/data/Run2023C/ZeroBias/RAW/v1/000/367/095/00000/bfb6f488-59b9-4cae-a2d4-80824ceac226.root 367095 [536,537]
/store/data/Run2023C/ZeroBias/RAW/v1/000/367/095/00000/c13487fd-ffc0-4dcc-b9e9-4a44675e950e.root 367095 [377,378]
/store/data/Run2023C/ZeroBias/RAW/v1/000/367/095/00000/c14af1d4-f536-41c1-9893-801fd87e5410.root 367095 [78,77,80,79]
/store/data/Run2023C/ZeroBias/RAW/v1/000/367/095/00000/c2ae612e-3269-438d-9d97-f0d52a45ced6.root 367095 [513,512]
/store/data/Run2023C/ZeroBias/RAW/v1/000/367/095/00000/c2ca2259-f11e-4960-86a7-203e031edad3.root 367095 [413,414]
/store/data/Run2023C/ZeroBias/RAW/v1/000/367/095/00000/c364b542-1e48-4f67-a252-0a20b08ee23a.root 367095 [454,453]
/store/data/Run2023C/ZeroBias/RAW/v1/000/367/095/00000/c3a1edbe-04be-49c5-9806-81d9ca40b73b.root 367095 [233,232]
/store/data/Run2023C/ZeroBias/RAW/v1/000/367/095/00000/c5bb5c9b-18dc-4ea1-888a-483b7e2f49b1.root 367095 [200,199]
/store/data/Run2023C/ZeroBias/RAW/v1/000/367/095/00000/c91cdced-4cb1-4b28-a6b2-a30500487f3b.root 367095 [326,325]
/store/data/Run2023C/ZeroBias/RAW/v1/000/367/095/00000/c93ed0ad-b26c-43c5-83df-7da52ba17cdc.root 367095 [247,248]
/store/data/Run2023C/ZeroBias/RAW/v1/000/367/095/00000/ca7d01eb-2ee5-4738-af68-30f595271ab3.root 367095 [44,42,45,41,43]
/store/data/Run2023C/ZeroBias/RAW/v1/000/367/095/00000/caa983ee-a2b5-47e8-b2a1-9327cb1addb2.root 367095 [145,146]
/store/data/Run2023C/ZeroBias/RAW/v1/000/367/095/00000/cb15bb69-89ca-4b23-ba5f-6b791b1e52c4.root 367095 [429,430]
/store/data/Run2023C/ZeroBias/RAW/v1/000/367/095/00000/ccadf8d8-8de6-41dc-90ff-7c9db3aeeb64.root 367095 [82,83,81]
/store/data/Run2023C/ZeroBias/RAW/v1/000/367/095/00000/ccb22f55-496c-492b-9566-579560a29d96.root 367095 [460,459]
/store/data/Run2023C/ZeroBias/RAW/v1/000/367/095/00000/ccb492b7-b76f-4da2-9f56-81c940d46f4a.root 367095 [302,303]
/store/data/Run2023C/ZeroBias/RAW/v1/000/367/095/00000/cdeb72bd-4f9c-4279-8c78-a73c06bd512d.root 367095 [94,95,96]
/store/data/Run2023C/ZeroBias/RAW/v1/000/367/095/00000/cf20a0a9-bd92-48ae-a7fb-98a3f2eb6839.root 367095 [114,112,113]
/store/data/Run2023C/ZeroBias/RAW/v1/000/367/095/00000/cfbeec02-b3ae-4c4d-95fc-6f3aa6be5f73.root 367095 [451,452]
/store/data/Run2023C/ZeroBias/RAW/v1/000/367/095/00000/d0fd8392-1f91-476b-be50-e3c14589c172.root 367095 [419,420]
/store/data/Run2023C/ZeroBias/RAW/v1/000/367/095/00000/d11c5af8-233a-437c-a9dc-33d0e14c2d9d.root 367095 [446,445]
/store/data/Run2023C/ZeroBias/RAW/v1/000/367/095/00000/d1c0cbb9-1877-4042-b54c-4123fb2e3e33.root 367095 [486,487]
/store/data/Run2023C/ZeroBias/RAW/v1/000/367/095/00000/d29c0367-79d8-4e5c-816d-a8f963cca8bb.root 367095 [322,323,324]
/store/data/Run2023C/ZeroBias/RAW/v1/000/367/095/00000/d5793f65-9d4f-4e2b-9b80-83d9a9c34f47.root 367095 [400,399]
/store/data/Run2023C/ZeroBias/RAW/v1/000/367/095/00000/d62de7df-3ad6-4c29-a6ae-eb003c861816.root 367095 [350,351]
/store/data/Run2023C/ZeroBias/RAW/v1/000/367/095/00000/d66677f4-9092-426c-919e-1140acbf3bb5.root 367095 [563,562]
/store/data/Run2023C/ZeroBias/RAW/v1/000/367/095/00000/d6b5113a-ac60-443f-acac-b30851cc15e1.root 367095 [542,543]
/store/data/Run2023C/ZeroBias/RAW/v1/000/367/095/00000/dc1d3923-ec0f-435a-b1bd-629242174f95.root 367095 [300,301]
/store/data/Run2023C/ZeroBias/RAW/v1/000/367/095/00000/dc5fb038-99a8-4acc-be3f-ef68298ddbcc.root 367095 [237,238]
/store/data/Run2023C/ZeroBias/RAW/v1/000/367/095/00000/dd0e27cf-8874-4a24-9e14-1ad5475303cb.root 367095 [186,187]
/store/data/Run2023C/ZeroBias/RAW/v1/000/367/095/00000/de60074b-5872-4f44-8c8e-c58298e95d44.root 367095 [69,66,67,68]
/store/data/Run2023C/ZeroBias/RAW/v1/000/367/095/00000/dedaf41c-088e-4c74-8159-fc609415d949.root 367095 [1,5,2,3,4]
/store/data/Run2023C/ZeroBias/RAW/v1/000/367/095/00000/dee7fa95-4c38-47f2-bb41-35cec54842ac.root 367095 [335,336]
/store/data/Run2023C/ZeroBias/RAW/v1/000/367/095/00000/e17a8bd5-2eb8-4414-b71a-c3c4921b2c64.root 367095 [161,162]
/store/data/Run2023C/ZeroBias/RAW/v1/000/367/095/00000/e2d0727a-d996-4b05-98f5-2b19f6342cec.root 367095 [418,417]
/store/data/Run2023C/ZeroBias/RAW/v1/000/367/095/00000/e3242a27-a763-4838-889e-0b775ee842a1.root 367095 [98,97,99]
/store/data/Run2023C/ZeroBias/RAW/v1/000/367/095/00000/e37138ca-cf4a-4105-af87-4859717153c2.root 367095 [433,434]
/store/data/Run2023C/ZeroBias/RAW/v1/000/367/095/00000/e4420747-9f67-420b-8f96-3699edb0321d.root 367095 [274,275]
/store/data/Run2023C/ZeroBias/RAW/v1/000/367/095/00000/e66119f3-e6fa-4fec-acdc-11ad7772459c.root 367095 [550,551]
/store/data/Run2023C/ZeroBias/RAW/v1/000/367/095/00000/e7285de5-27bf-4ddf-ab35-262f7826a5a4.root 367095 [483,482]
/store/data/Run2023C/ZeroBias/RAW/v1/000/367/095/00000/e84b7161-579e-4038-8714-23afccb544fe.root 367095 [478,479]
/store/data/Run2023C/ZeroBias/RAW/v1/000/367/095/00000/e95d5901-df75-4409-8781-73725e432024.root 367095 [447,448]
/store/data/Run2023C/ZeroBias/RAW/v1/000/367/095/00000/e95e31b4-92d5-40e7-91bc-e05fa3ca198b.root 367095 [282,283]
/store/data/Run2023C/ZeroBias/RAW/v1/000/367/095/00000/e993cf9a-86d4-4223-8a1f-2dcd3ae522fd.root 367095 [511,510]
/store/data/Run2023C/ZeroBias/RAW/v1/000/367/095/00000/e9f7e70c-6311-4d12-ba86-f308156fe81f.root 367095 [320,321]
/store/data/Run2023C/ZeroBias/RAW/v1/000/367/095/00000/ed7addc2-22a1-40b9-b05b-fafdec4ab4c7.root 367095 [353,352]
/store/data/Run2023C/ZeroBias/RAW/v1/000/367/095/00000/efca6a2d-8fe3-488a-a046-8daf24e18f4f.root 367095 [436,435]
/store/data/Run2023C/ZeroBias/RAW/v1/000/367/095/00000/efd4b087-722d-485f-a8ec-de7eb9f31944.root 367095 [484,485]
/store/data/Run2023C/ZeroBias/RAW/v1/000/367/095/00000/f0ea437d-6e03-45e0-afa8-f64c39a683e2.root 367095 [90,89,88]
/store/data/Run2023C/ZeroBias/RAW/v1/000/367/095/00000/f189956a-5465-4f87-81cc-6895f6e3c3f6.root 367095 [164,163]
/store/data/Run2023C/ZeroBias/RAW/v1/000/367/095/00000/f1f4eb32-c14f-4256-b861-6d3e4ad4b29d.root 367095 [437,438]
/store/data/Run2023C/ZeroBias/RAW/v1/000/367/095/00000/f2a31a48-a069-44a9-9a54-00a3cb8424e6.root 367095 [499,498]
/store/data/Run2023C/ZeroBias/RAW/v1/000/367/095/00000/f347b4cb-0e93-46b6-9a73-2ee3b7f45961.root 367095 [357,356,358]
/store/data/Run2023C/ZeroBias/RAW/v1/000/367/095/00000/f5ec1fbf-3b7a-441f-973a-a6d87afa3272.root 367095 [380,379]
/store/data/Run2023C/ZeroBias/RAW/v1/000/367/095/00000/f8229c91-f4d0-4d0d-a169-4c050a705c84.root 367095 [398,397]
/store/data/Run2023C/ZeroBias/RAW/v1/000/367/095/00000/f90253dc-d7af-4824-b0a2-c9f4f9926d7c.root 367095 [27,30,26,28,29]
/store/data/Run2023C/ZeroBias/RAW/v1/000/367/095/00000/f996d310-4854-407d-bfdd-8a2a2018bf35.root 367095 [568,578,565,575,576,564,574,570,571,572,569,566,567,573,577]
/store/data/Run2023C/ZeroBias/RAW/v1/000/367/095/00000/fa8dedc4-8877-4e4b-afeb-42f11902eb92.root 367095 [279,278]
/store/data/Run2023C/ZeroBias/RAW/v1/000/367/095/00000/fd181b37-a1e4-49a8-a588-6fa888b16740.root 367095 [442,441]
/store/data/Run2023C/ZeroBias/RAW/v1/000/367/095/00000/feb93b45-a059-412f-9cf6-0b5c21c533e0.root 367095 [298,299]
/store/data/Run2023C/ZeroBias/RAW/v1/000/367/095/00000/ff7598f0-5ad3-4f2c-8c8e-d727bf296095.root 367095 [385,383,384]
