/store/data/Run2018C/DisplacedJet/RAW/v1/000/319/450/00000/02C56845-F483-E811-A3C3-FA163E79FE08.root [68,72,90,49,51,59,86,64,67,82,85,55,63,71,84,92,53,57,60,61,65,66,70,79,89,91,62,76,80,87,47,48,54,58,78,81,88,50,52,56,69,73,74,75,77,83]
/store/data/Run2018C/DisplacedJet/RAW/v1/000/319/450/00000/2AC33DF9-0D84-E811-A0EF-FA163E9E6CC8.root [550,573,588,589,609,562,563,568,572,577,582,583,599,603,549,556,564,569,585,591,593,594,602,604,610,613,615,548,552,553,580,586,587,595,555,579,581,608,611,612,614,547,558,565,566,570,578,596,554,559,567,574,575,590,598,600,601,605,606,607,551,557,560,561,571,576,584,592,597,616]
/store/data/Run2018C/DisplacedJet/RAW/v1/000/319/450/00000/50CC633F-FA83-E811-BFA3-02163E017F5F.root [303,318,320,331,334,305,314,317,327,332,339,342,343,350,307,321,324,329,330,341,345,346,352,355,337,353,359,306,308,309,312,316,319,328,347,349,351,322,323,325,335,338,357,302,304,311,333,336,340,348,354,356,310,313,315,326,344,358,360]
/store/data/Run2018C/DisplacedJet/RAW/v1/000/319/450/00000/5E5C5887-F783-E811-9A52-FA163E2F2008.root [253,255,256,266,272,275,276,278,281,295,262,283,284,287,248,271,291,270,279,286,290,298,249,250,251,254,257,259,261,269,274,282,289,292,294,301,246,252,258,264,285,296,260,263,265,280,288,300,247,267,268,273,277,293,297,299]
/store/data/Run2018C/DisplacedJet/RAW/v1/000/319/450/00000/9846938A-0884-E811-BB52-FA163ED90FF1.root [688]
/store/data/Run2018C/DisplacedJet/RAW/v1/000/319/450/00000/A0D4B6A8-FE83-E811-80A8-FA163E39C1F2.root [365,368,380,394,404,415,364,370,374,383,411,414,416,419,366,371,378,382,386,390,395,397,402,410,413,362,385,389,391,392,400,401,409,361,363,369,372,375,376,377,379,388,412,393,396,398,405,406,407,417,367,373,384,399,403,381,387,408,418]
/store/data/Run2018C/DisplacedJet/RAW/v1/000/319/450/00000/A496A1F9-0184-E811-A0BB-02163E019FEB.root [440,445,450,453,463,466,467,471,420,436,444,458,464,472,474,478,427,468,470,476,480,424,426,431,451,459,469,421,422,433,437,441,446,447,456,465,473,479,423,425,428,429,434,435,438,439,449,457,462,477,432,454,455,430,442,443,448,452,460,461,475]
/store/data/Run2018C/DisplacedJet/RAW/v1/000/319/450/00000/A88D964E-F483-E811-A88F-FA163EA1ACE0.root [194,196,200,223,234,238,244,205,206,220,224,225,229,230,243,202,228,236,245,195,204,215,221,232,235,239,203,209,227,197,199,207,208,210,211,218,226,231,237,240,241,242,198,213,216,217,219,233,193,201,212,214,222]
/store/data/Run2018C/DisplacedJet/RAW/v1/000/319/450/00000/AE344449-F483-E811-996D-FA163E82EDA3.root [101,105,114,127,135,138,139,104,110,124,131,137,95,96,103,112,117,136,102,120,121,141,94,99,109,116,122,130,134,93,100,119,123,126,97,106,108,113,115,118,128,129,133,140,98,107,111,125,132]
/store/data/Run2018C/DisplacedJet/RAW/v1/000/319/450/00000/B00C91AA-EE83-E811-B302-FA163E818426.root [3,6,11,19,35,37,40,41,43,5,10,25,27,28,34,36,4,12,13,29,32,44,2,7,24,38,45,8,9,14,15,20,21,26,1,16,30,31,33,42,46,17,18,22,23,39]
/store/data/Run2018C/DisplacedJet/RAW/v1/000/319/450/00000/D42BBB8B-0984-E811-B6C1-FA163E4E487A.root [486,493,495,498,504,506,517,527,532,537,489,492,514,519,523,525,538,481,483,484,512,522,534,491,503,507,509,510,536,539,540,542,544,487,500,505,508,511,515,521,524,535,543,546,497,516,518,526,528,530,531,533,545,494,496,499,501,513,520,529,541,482,485,488,490,502]
/store/data/Run2018C/DisplacedJet/RAW/v1/000/319/450/00000/D68B7AA8-1184-E811-BB50-FA163E81D8C9.root [618,636,637,640,647,652,657,661,662,668,669,678,679,681,620,624,627,631,632,633,646,667,680,683,685,622,630,643,644,649,658,670,625,641,648,653,664,665,674,675,619,621,639,642,655,682,626,638,645,654,656,660,666,671,672,676,617,623,628,629,635,659,663,634,650,651,673,677,684]
/store/data/Run2018C/DisplacedJet/RAW/v1/000/319/450/00000/E8711C4F-F483-E811-9A61-FA163EFF9AD1.root [143,144,158,160,177,147,148,149,166,173,181,142,153,159,161,172,176,178,179,146,155,184,188,145,154,156,157,169,170,171,180,189,190,191,192,152,167,168,174,182,186,162,165,187,150,151,163,164,175,183,185]
