/store/data/Run2016H/MuonEG/MINIAOD/03Feb2017_ver2-v1/100000/044366C7-4AEE-E611-8CF7-0025905B856E.root [242,248,249,28,30,31,237,245,26,29,33,34,240,239,246,247,27,244,23,24,243,25,238,241,32]
/store/data/Run2016H/MuonEG/MINIAOD/03Feb2017_ver2-v1/100000/04F0CF2E-3BEE-E611-8E21-141877411FED.root [4,7,10,558,560,562,573,3,575,576,578,9,11,307,309,566,571,302,303,308,561,563,565,567,2,8,559,572,5,6,304,568,570,577,579,1,305,310,574,306,564,569]
/store/data/Run2016H/MuonEG/MINIAOD/03Feb2017_ver2-v1/100000/3AF8F784-42EE-E611-B06C-B083FECFF52E.root [129,278,281,121,125,130,276,283,120,122,124,275,280,119,277,126,127,123,128,279,282]
/store/data/Run2016H/MuonEG/MINIAOD/03Feb2017_ver2-v1/100000/484C9DBE-42EE-E611-9483-B083FECFEF7D.root [1218,1219,1224,1450,1457,1210,1212,1213,1441,1453,1214,1220,1443,1444,1445,1446,1452,1455,1211,1222,1442,1447,1449,1221,1451,1454,1215,1216,1448,1458,1217,1223,1225,1456]
/store/data/Run2016H/MuonEG/MINIAOD/03Feb2017_ver2-v1/100000/58B5B100-46EE-E611-9068-0025905A60B4.root [496,503,809,810,495,802,805,806,800,801,803,808,493,497,804,807,502,494,498,501,499,500,799]
/store/data/Run2016H/MuonEG/MINIAOD/03Feb2017_ver2-v1/100000/6065CFF8-45EE-E611-8BAB-0CC47A7C3458.root [1277,1283,1418,1286,1289,1403,1412,1415,1275,1281,1285,1288,1405,1413,1414,1291,1406,1416,1274,1279,1280,1287,1290,1402,1411,1278,1404,1407,1410,1419,1282,1284,1408,1409,1417,1420,1276]
/store/data/Run2016H/MuonEG/MINIAOD/03Feb2017_ver2-v1/100000/7032CCFB-45EE-E611-A532-0CC47A7C3420.root [708,691,714,712,694,710,684,685,693,709,711,715,687,695,716,686,688,689,690,713,717,692,718]
/store/data/Run2016H/MuonEG/MINIAOD/03Feb2017_ver2-v1/100000/74F68CA3-42EE-E611-BE71-001EC94BA173.root [504,768,771,779,783,507,513,776,508,770,781,784,511,512,769,785,509,510,772,774,775,780,782,505,767,777,506,773,778,786]
/store/data/Run2016H/MuonEG/MINIAOD/03Feb2017_ver2-v1/100000/7EA651F9-45EE-E611-B4A8-0CC47A4D7604.root [250,252,113,117,256,257,107,108,110,116,254,112,251,111,114,115,118,255,109,253]
/store/data/Run2016H/MuonEG/MINIAOD/03Feb2017_ver2-v1/100000/8824C0CB-4AEE-E611-A9A5-0025905A60DE.root [50,62,214,216,217,222,383,49,59,65,69,212,51,55,63,70,218,219,220,377,47,60,67,211,213,221,378,382,52,53,64,210,376,380,48,54,66,379,381,56,68,215,375,57,58,61]
/store/data/Run2016H/MuonEG/MINIAOD/03Feb2017_ver2-v1/100000/8E6277CB-4AEE-E611-93B6-0025905B8566.root [186,190,191,299,443,450,521,522,940,945,189,192,300,402,447,520,946,996,997,1000,1002,183,193,293,295,296,328,406,407,409,411,515,517,523,944,995,999,1003,1005,1006,184,195,514,941,947,998,1001,1004,320,325,326,446,519,938,949,185,294,323,324,327,403,405,408,410,448,516,939,943,187,196,301,322,442,444,449,518,524,942,950,993,994,188,194,297,298,321,404,445,451,452,937,948]
/store/data/Run2016H/MuonEG/MINIAOD/03Feb2017_ver2-v1/100000/96638BA0-44EE-E611-ABB2-0025905A610C.root [596,610,611,909,915,916,935,1106,1110,1200,1208,1335,1338,1339,1354,1351,1361,595,608,921,934,1201,1203,1345,1346,1353,592,603,609,612,912,914,918,927,928,932,1113,1194,1205,1206,1207,1329,1333,1334,1340,1348,1362,593,599,602,919,1098,1102,1195,1196,1197,1199,1350,1355,1359,1360,597,604,605,929,933,1103,1330,1331,1343,1352,1356,1358,594,600,924,936,1100,1202,1209,1328,1336,591,601,910,917,922,923,925,931,1101,1107,1108,1109,1111,1198,1342,1344,1347,1357,1363,598,606,607,911,913,920,926,930,1099,1104,1105,1112,1204,1332,1337,1341,1349]
/store/data/Run2016H/MuonEG/MINIAOD/03Feb2017_ver2-v1/100000/A8716EAE-47EE-E611-88E0-0CC47A4C8F26.root [133,135,136,139,141,166,201,226,228,231,843,844,878,889,1088,1366,1369,1372,1373,1392,1400,159,162,163,199,202,227,230,234,236,489,720,728,842,847,872,876,881,893,1082,1085,1091,1377,1387,131,132,137,140,157,198,200,208,223,483,884,886,891,1084,1090,1093,1385,1390,1393,1396,164,169,224,491,722,839,848,867,869,870,875,1089,1364,1370,1389,1398,1399,143,197,484,485,486,721,840,850,873,882,885,1092,1094,1095,1371,1375,1378,1386,134,142,167,206,225,233,490,492,719,726,730,845,849,851,877,883,1087,1367,1376,1381,1382,1388,1397,1401,158,168,207,209,229,232,235,487,488,723,841,852,888,890,892,894,1096,1365,1374,1379,1380,1383,1395,138,160,161,165,203,204,205,724,725,727,729,846,868,871,874,879,880,887,1083,1086,1097,1368,1384,1391,1394]
/store/data/Run2016H/MuonEG/MINIAOD/03Feb2017_ver2-v1/100000/B2DF4141-46EE-E611-9474-0025905B85CA.root [89,93,148,154,86,92,149,144,147,153,146,84,87,91,94,150,155,88,90,145,83,85,151,152,156]
/store/data/Run2016H/MuonEG/MINIAOD/03Feb2017_ver2-v1/100000/B4BB45B3-47EE-E611-B3CE-0025905B85B8.root [1166,1175,1258,1264,1269,1270,1262,1271,1272,1165,1168,1260,1169,1171,1173,1177,1164,1167,1172,1176,1263,1265,1267,1163,1259,1261,1268,1170,1273,1162,1174,1266]
/store/data/Run2016H/MuonEG/MINIAOD/03Feb2017_ver2-v1/100000/B4CA06F9-45EE-E611-94F6-0CC47A7C340C.root [330,337,556,744,752,856,857,179,749,754,859,862,172,174,334,430,459,743,747,750,790,855,866,178,329,331,336,424,453,454,460,547,557,745,746,787,789,791,794,858,175,423,455,461,548,549,550,553,753,788,792,793,860,861,864,171,173,425,426,427,428,431,462,798,853,863,170,177,181,182,333,456,457,458,552,554,751,796,854,865,176,180,332,335,422,429,551,555,748,795,797]
/store/data/Run2016H/MuonEG/MINIAOD/03Feb2017_ver2-v1/100000/BC55C0C8-42EE-E611-9082-001EC94BFB16.root [543,586,538,581,583,537,546,587,588,589,590,536,544,545,580,582,542,584,585,539,540,541]
/store/data/Run2016H/MuonEG/MINIAOD/03Feb2017_ver2-v1/100000/BE995AB1-47EE-E611-9BDA-0025905B85EC.root [1043,1047,1461,1464,1467,1469,1471,1473,1476,1481,1460,1463,1477,1478,1480,1483,1042,1468,1040,1037,1039,1050,1046,1459,1462,1466,1470,1041,1049,1465,1474,1482,1044,1472,1475,1038,1045,1048,1479,1484]
/store/data/Run2016H/MuonEG/MINIAOD/03Feb2017_ver2-v1/100000/CEF2F8FB-45EE-E611-89ED-0025905B85F6.root [534,535,817,819,824,898,901,1051,71,74,81,666,820,821,823,895,899,906,1054,1058,79,525,533,670,813,908,1053,1059,1061,812,1060,1064,73,77,82,660,662,665,667,669,814,816,902,903,904,1055,1056,1062,76,80,532,663,822,907,78,526,529,530,659,661,668,818,900,905,1057,72,75,527,528,531,664,811,815,896,897,1052,1063]
/store/data/Run2016H/MuonEG/MINIAOD/03Feb2017_ver2-v1/100000/E071F7B2-45EE-E611-874A-0CC47A4D7640.root [13,14,98,99,287,289,396,613,618,627,631,633,676,677,1026,1027,1032,1033,15,19,97,101,401,615,624,626,679,680,1023,106,284,291,395,617,632,1021,1024,1029,1035,1036,20,21,22,104,398,614,620,623,634,635,683,1028,96,103,285,288,394,399,625,628,675,16,18,95,100,393,397,400,619,622,629,671,681,682,1031,17,102,290,616,630,672,673,674,678,1022,1025,1030,12,105,286,292,621,1034]
/store/data/Run2016H/MuonEG/MINIAOD/03Feb2017_ver2-v1/100000/E2B002B0-47EE-E611-8415-0025905B8598.root [349,758,972,975,987,989,992,360,762,763,966,982,1115,1117,1123,1125,1128,350,354,358,756,766,979,1118,351,357,361,362,363,755,760,761,765,983,984,986,990,1114,1116,1127,356,967,968,969,970,974,985,988,1126,347,348,359,364,365,971,973,976,980,1119,1120,1129,352,355,764,965,977,978,991,1122,353,757,759,981,1121,1124]
/store/data/Run2016H/MuonEG/MINIAOD/03Feb2017_ver2-v1/100000/E67F8554-43EE-E611-A26A-0CC47A4D75F8.root [36,38,39,40,264,268,269,441,463,826,833,35,266,341,344,345,419,464,467,479,42,261,273,314,343,346,417,420,469,477,481,258,260,267,313,318,319,413,433,440,471,475,480,832,838,37,259,265,312,338,412,414,418,434,435,438,439,828,834,837,41,262,272,274,311,315,317,340,415,416,421,436,474,825,827,829,830,835,44,339,342,432,437,468,472,482,836,43,45,46,263,270,271,316,465,466,470,473,476,478,831]
/store/data/Run2016H/MuonEG/MINIAOD/03Feb2017_ver2-v1/100000/FAB4F0DE-45EE-E611-B6E6-0CC47A7C34C8.root [638,642,649,653,656,951,957,964,1018,1068,1131,1143,1229,1234,1239,1304,1311,1322,1425,1427,1435,1436,1438,636,637,641,654,952,958,1013,1015,1016,1065,1072,1077,1132,1230,1240,1298,1302,1306,1312,1313,1318,1424,1430,1432,1434,1439,643,644,651,956,962,1010,1067,1071,1142,1226,1228,1299,1301,1307,1308,1437,1440,639,646,650,652,657,658,953,961,1007,1009,1066,1069,1079,1081,1133,1134,1136,1140,1227,1241,1303,1320,640,955,1008,1073,1074,1076,1139,1237,1292,1295,1310,1422,1433,954,959,963,1011,1017,1070,1080,1130,1145,1296,1297,1300,1305,1309,1314,1316,1321,1426,645,647,960,1012,1020,1075,1135,1137,1138,1232,1233,1294,1315,1317,1325,1326,1327,1421,1423,1428,648,655,1014,1019,1078,1141,1144,1231,1235,1236,1238,1293,1319,1323,1324,1429,1431]
/store/data/Run2016H/MuonEG/MINIAOD/03Feb2017_ver2-v1/80000/2446A6B9-00ED-E611-A569-0CC47A7452DA.root [366,373,386,387,385,367,389,369,390,392,370,384,391,371,388,372,374,368]
/store/data/Run2016H/MuonEG/MINIAOD/03Feb2017_ver2-v1/80000/D2C4CA48-0CED-E611-8282-0CC47A4D768C.root [696,700,707,1179,1187,706,1181,1182,1188,1192,699,705,1183,1193,702,703,698,1185,701,1178,1180,1184,1190,697,704,1189,1186,1191]
/store/data/Run2016H/MuonEG/MINIAOD/03Feb2017_ver2-v1/80000/F6E58532-13ED-E611-807B-0025905B85B2.root [734,735,740,1254,1243,1249,1251,736,1242,1247,1257,732,739,742,1246,1255,738,1244,1252,1256,1248,1250,733,737,1245,731,741,1253]
/store/data/Run2016H/MuonEG/MINIAOD/03Feb2017_ver2-v1/80000/FA6799C9-05ED-E611-81F7-0025905A6060.root [1147,1159,1161,1485,1486,1497,1499,1146,1151,1492,1496,1148,1149,1152,1155,1160,1489,1150,1154,1157,1490,1153,1156,1487,1488,1491,1494,1498,1158,1495,1493]
