/store/data/Run2022B/DoubleMuon/RAW/v1/000/355/769/00000/00c80f3f-ade0-472e-86cf-e13e5eab2c3f.root [392,393,395,399,408,391,396,400,409,405,407,390,394,410,397,402,389,398,401,411,403,404,406]
/store/data/Run2022B/DoubleMuon/RAW/v1/000/355/769/00000/00ce8cae-9647-4d91-a8c5-1128d25f575f.root [160,168,177,180,183,185,186,166,174,181,196,159,175,164,165,169,188,190,191,192,161,163,172,176,184,189,158,171,187,193,195,182,162,167,170,173,178,179,194]
/store/data/Run2022B/DoubleMuon/RAW/v1/000/355/769/00000/065501a4-ee53-44cd-8f38-277388aa338b.root [40,47,32,39,45,49,30,34,42,43,48,35,41,29,27,28,31,36,46,26,33,37,44,25,38]
/store/data/Run2022B/DoubleMuon/RAW/v1/000/355/769/00000/126730d4-b942-4cf1-92a2-c3aecf2bb71d.root [78,80,92,74,79,84,99,105,111,75,81,91,94,107,106,77,95,97,103,104,76,82,86,87,89,90,93,101,102,110,83,85,88,96,98,108,109,73,100]
/store/data/Run2022B/DoubleMuon/RAW/v1/000/355/769/00000/234be286-e156-4c53-aa24-3b342c8525a8.root [283,290,291,293,295,300,301,287,292,302,305,294,297,298,303,285,299,304,284,288,282,286,296,289]
/store/data/Run2022B/DoubleMuon/RAW/v1/000/355/769/00000/2461b088-1622-4adf-8a5b-791461b5e9d3.root [473,484,495,486,474,482,490,493,494,476,487,475,478,477,489,480,488,491,479,481,483,485,492]
/store/data/Run2022B/DoubleMuon/RAW/v1/000/355/769/00000/28ef2877-fd59-40b5-a33b-c4d2a533c2b2.root [223,230,239,241,227,222,224,231,228,232,235,236,237,229,234,240,225,226,233,238,242,243]
/store/data/Run2022B/DoubleMuon/RAW/v1/000/355/769/00000/2c44c0df-58d6-4f12-9475-8f6a5b3b5f00.root [341,348,353,356,360,365,332,342,350,359,335,340,354,358,362,329,331,336,361,337,338,339,344,346,347,352,363,334,345,351,357,330,333,343,349,355,364]
/store/data/Run2022B/DoubleMuon/RAW/v1/000/355/769/00000/3a3ce70d-e153-4a4d-a12c-870b0e8fd8ed.root [50,57,70,72,55,66,69,71,52,53,60,51,56,64,59,61,65,68,58,62,63,54,67]
/store/data/Run2022B/DoubleMuon/RAW/v1/000/355/769/00000/4e78d448-c64f-4c58-ad1b-d4c6ba048699.root [522,524,534,536,538,556,557,519,528,542,547,550,544,545,548,520,530,540,523,527,532,541,549,551,526,535,537,543,546,552,554,531,539,521,525,529,533,553,555]
/store/data/Run2022B/DoubleMuon/RAW/v1/000/355/769/00000/4f33faa5-f0c8-4b4a-95f8-2b471659c77e.root [120,126,130,133,115,128,116,117,127,132,134,113,114,118,121,124,112,122,125,129,131,119,123]
/store/data/Run2022B/DoubleMuon/RAW/v1/000/355/769/00000/59f824f1-bf83-47ce-bbbc-b46365c8166d.root [503,510,516,507,509,511,518,499,512,514,505,517,496,504,497,506,500,501,502,515,498,508,513]
/store/data/Run2022B/DoubleMuon/RAW/v1/000/355/769/00000/651bce9d-a5c5-4490-9003-973fc754a82b.root [5,17,23,2,6,12,16,19,21,22,24,3,10,18,1,13,14,15,7,11,8,20,4,9]
/store/data/Run2022B/DoubleMuon/RAW/v1/000/355/769/00000/8753d6e6-40f6-4e92-a241-241e2fdbe87a.root [306,319,326,314,308,318,320,325,322,323,313,315,307,312,316,317,324,328,309,310,327,311,321]
/store/data/Run2022B/DoubleMuon/RAW/v1/000/355/769/00000/b0b497bc-84be-4f07-bd83-9984a0593988.root [379,385,386,388,369,370,387,366,371,375,378,381,382,368,372,373,374,383,376,384,380,367,377]
/store/data/Run2022B/DoubleMuon/RAW/v1/000/355/769/00000/cf0f721f-a359-44aa-ae5f-9e9f108e20b7.root [203,217,209,211,220,201,214,215,216,197,198,207,221,208,210,200,205,218,219,202,204,212,199,206,213]
/store/data/Run2022B/DoubleMuon/RAW/v1/000/355/769/00000/f090a975-2ed6-43e6-9f0e-009450b6ad78.root [249,258,272,247,248,252,254,276,244,256,257,264,265,278,281,251,253,262,263,266,271,274,246,250,260,279,269,273,245,259,261,267,268,275,277,280,255,270]
/store/data/Run2022B/DoubleMuon/RAW/v1/000/355/769/00000/f566aa58-41ec-44b2-8564-ef7ddeb3f05b.root [149,156,140,142,152,135,144,151,141,143,145,147,148,153,155,136,138,139,146,154,157,150,137]
/store/data/Run2022B/DoubleMuon/RAW/v1/000/355/769/00000/fb1bf98d-961f-4760-887b-51b5328ead63.root [448,449,451,452,469,435,443,444,445,453,455,459,464,437,446,456,441,460,467,439,450,458,447,457,462,465,470,436,438,442,454,461,463,471,472,440,466,468]
/store/data/Run2022B/DoubleMuon/RAW/v1/000/355/769/00000/fc52451a-507d-4d32-8af7-5c646ce9dd02.root [419,425,433,415,427,414,423,424,429,430,432,434,420,428,431,412,416,426,413,417,418,421,422]
