/store/data/Run2017C/DoubleEG/RAW/v1/000/301/998/00000/0065BD68-B88C-E711-8F84-02163E01A1DA.root [526,527,528,525]
/store/data/Run2017C/DoubleEG/RAW/v1/000/301/998/00000/0073E73C-B68C-E711-9BF8-02163E019B6C.root [11,10,9]
/store/data/Run2017C/DoubleEG/RAW/v1/000/301/998/00000/00A9147C-E68C-E711-9813-02163E01A79C.root [1368,1367,1370,1372,1371,1369]
/store/data/Run2017C/DoubleEG/RAW/v1/000/301/998/00000/00EB7E34-CD8C-E711-8AD1-02163E0145C5.root [908,910,907,909,906]
/store/data/Run2017C/DoubleEG/RAW/v1/000/301/998/00000/04953819-BD8C-E711-99B2-02163E01A606.root [615,613,614,616]
/store/data/Run2017C/DoubleEG/RAW/v1/000/301/998/00000/04DDFA07-BF8C-E711-A666-02163E01A5EB.root [648,646,647,645]
/store/data/Run2017C/DoubleEG/RAW/v1/000/301/998/00000/06019591-BB8C-E711-B34B-02163E01A39B.root [359,360,361,362,363,358]
/store/data/Run2017C/DoubleEG/RAW/v1/000/301/998/00000/0645AFF1-E38C-E711-BBBF-02163E0127B8.root [1324,1328,1325,1326,1327,1329]
/store/data/Run2017C/DoubleEG/RAW/v1/000/301/998/00000/06C82F28-B98C-E711-ABDA-02163E0145AD.root [537,539,538,540]
/store/data/Run2017C/DoubleEG/RAW/v1/000/301/998/00000/06E7F567-B78C-E711-A163-02163E019C6B.root [510,512,511,509]
/store/data/Run2017C/DoubleEG/RAW/v1/000/301/998/00000/088B8C37-C98C-E711-9328-02163E01242D.root [822,821,824,820,823]
/store/data/Run2017C/DoubleEG/RAW/v1/000/301/998/00000/08BE413F-B68C-E711-9612-02163E0146D7.root [98,97,99]
/store/data/Run2017C/DoubleEG/RAW/v1/000/301/998/00000/08CB5F8F-7B8D-E711-82EB-02163E019E7E.root [1708,1724,1727,1736,1754,1714,1737,1738,1742,1743,1710,1723,1725,1728,1729,1731,1745,1747,1752,1753,1721,1722,1730,1740,1741,1749,1720,1746,1709,1713,1717,1726,1733,1734,1739,1750,1715,1716,1711,1712,1718,1719,1732,1735,1744,1748,1751]
/store/data/Run2017C/DoubleEG/RAW/v1/000/301/998/00000/0A18F35C-CC8C-E711-B77F-02163E01213E.root [892,893,894,895,891]
/store/data/Run2017C/DoubleEG/RAW/v1/000/301/998/00000/0CB0559E-BB8C-E711-8D1C-02163E019B6D.root [581,583,584,582]
/store/data/Run2017C/DoubleEG/RAW/v1/000/301/998/00000/0E1DF8DD-EC8C-E711-ADC0-02163E0126FD.root [1482,1488,1487,1486,1483,1484,1485]
/store/data/Run2017C/DoubleEG/RAW/v1/000/301/998/00000/0E4AF07F-F38C-E711-97EC-02163E014176.root [1609,1612,1610,1613,1614,1615,1611,1616]
/store/data/Run2017C/DoubleEG/RAW/v1/000/301/998/00000/10034516-D58C-E711-AC73-02163E01A355.root [1046,1048,1049,1047,1050]
/store/data/Run2017C/DoubleEG/RAW/v1/000/301/998/00000/103BB4E8-C98C-E711-9A96-02163E019DD3.root [848,849,847,845,846]
/store/data/Run2017C/DoubleEG/RAW/v1/000/301/998/00000/10E0B04B-B68C-E711-AB32-02163E0128F0.root [143,142,144]
/store/data/Run2017C/DoubleEG/RAW/v1/000/301/998/00000/10F8753C-B68C-E711-83A3-02163E01A4DC.root [139,141,140]
/store/data/Run2017C/DoubleEG/RAW/v1/000/301/998/00000/122BB276-E28C-E711-83FF-02163E014764.root [1297,1294,1295,1299,1296,1298]
/store/data/Run2017C/DoubleEG/RAW/v1/000/301/998/00000/1236E93D-B68C-E711-84D3-02163E019CB0.root [119,118,120]
/store/data/Run2017C/DoubleEG/RAW/v1/000/301/998/00000/1237EC3E-B68C-E711-97D2-02163E01180A.root [88,89,90]
/store/data/Run2017C/DoubleEG/RAW/v1/000/301/998/00000/12869E3D-B68C-E711-B2B7-02163E01A5E5.root [113,114,112]
/store/data/Run2017C/DoubleEG/RAW/v1/000/301/998/00000/12FAEB9E-BB8C-E711-842A-02163E01A793.root [585,586,587,588]
/store/data/Run2017C/DoubleEG/RAW/v1/000/301/998/00000/146D00B0-E98C-E711-92D2-02163E01A1EE.root [1432,1427,1429,1430,1428,1431,1426]
/store/data/Run2017C/DoubleEG/RAW/v1/000/301/998/00000/14A711F7-C08C-E711-8893-02163E01A6CB.root [301,304,302,306,305,303]
/store/data/Run2017C/DoubleEG/RAW/v1/000/301/998/00000/16732151-B68C-E711-88BD-02163E01241A.root [83,82,84]
/store/data/Run2017C/DoubleEG/RAW/v1/000/301/998/00000/168C2AAC-B68C-E711-9672-02163E013631.root [486,488,485,487]
/store/data/Run2017C/DoubleEG/RAW/v1/000/301/998/00000/16CA6715-CD8C-E711-BA2C-02163E01A76F.root [901,904,902,905,903]
/store/data/Run2017C/DoubleEG/RAW/v1/000/301/998/00000/1858CE44-B68C-E711-B089-02163E0137E7.root [223,225,224]
/store/data/Run2017C/DoubleEG/RAW/v1/000/301/998/00000/18F58F58-EE8C-E711-A665-02163E011F8F.root [1517,1520,1522,1523,1521,1519,1518]
/store/data/Run2017C/DoubleEG/RAW/v1/000/301/998/00000/18F8EBD5-D08C-E711-A5BE-02163E011BD4.root [973,975,972,974,971]
/store/data/Run2017C/DoubleEG/RAW/v1/000/301/998/00000/1A7E4C11-F88C-E711-8AD3-02163E019BFD.root [1696,1701,1697,1695,1698,1699,1702,1700]
/store/data/Run2017C/DoubleEG/RAW/v1/000/301/998/00000/1E10DE44-B68C-E711-A806-02163E013911.root [187,189,188]
/store/data/Run2017C/DoubleEG/RAW/v1/000/301/998/00000/20065660-B78C-E711-B2AB-02163E01A440.root [508,505,506,507]
/store/data/Run2017C/DoubleEG/RAW/v1/000/301/998/00000/20642292-C98C-E711-A108-02163E01459A.root [841,842,843,840,844]
/store/data/Run2017C/DoubleEG/RAW/v1/000/301/998/00000/2067C2C2-F08C-E711-9492-02163E011FB4.root [1565,1560,1564,1559,1561,1562,1563]
/store/data/Run2017C/DoubleEG/RAW/v1/000/301/998/00000/20C07645-B68C-E711-83BF-02163E0141FF.root [131,130,132]
/store/data/Run2017C/DoubleEG/RAW/v1/000/301/998/00000/20E4A196-E88C-E711-95E5-02163E013897.root [1407,1409,1406,1408,1410,1411,1405]
/store/data/Run2017C/DoubleEG/RAW/v1/000/301/998/00000/24299C3F-B68C-E711-B257-02163E01A1D6.root [241,243,242]
/store/data/Run2017C/DoubleEG/RAW/v1/000/301/998/00000/24502D3C-B68C-E711-B4F7-02163E01A744.root [60,58,59]
/store/data/Run2017C/DoubleEG/RAW/v1/000/301/998/00000/2483E03C-B68C-E711-9CD0-02163E019E0B.root [215,214,216]
/store/data/Run2017C/DoubleEG/RAW/v1/000/301/998/00000/24DC1EC9-F68C-E711-A8C8-02163E01199F.root [1676,1677,1672,1673,1671,1674,1675,1678]
/store/data/Run2017C/DoubleEG/RAW/v1/000/301/998/00000/2843D48C-D68C-E711-8AD1-02163E0144F9.root [1077,1076,1079,1078,1080]
/store/data/Run2017C/DoubleEG/RAW/v1/000/301/998/00000/288195A7-C18C-E711-B634-02163E01A4AE.root [314,315,316,318,313,317]
/store/data/Run2017C/DoubleEG/RAW/v1/000/301/998/00000/28AC2642-B68C-E711-A898-02163E01A25D.root [448,445,446,447]
/store/data/Run2017C/DoubleEG/RAW/v1/000/301/998/00000/2C0185B4-EB8C-E711-B3C0-02163E01429A.root [1468,1471,1474,1470,1473,1469,1472]
/store/data/Run2017C/DoubleEG/RAW/v1/000/301/998/00000/2C189D94-BE8C-E711-90A1-02163E01371F.root [640,639,637,638]
/store/data/Run2017C/DoubleEG/RAW/v1/000/301/998/00000/2C4B4B9B-E58C-E711-A023-02163E012649.root [1358,1357,1355,1356,1359,1354]
/store/data/Run2017C/DoubleEG/RAW/v1/000/301/998/00000/2EC238F6-BA8C-E711-AF12-02163E0138F9.root [569,572,571,570]
/store/data/Run2017C/DoubleEG/RAW/v1/000/301/998/00000/305CA360-CC8C-E711-A793-02163E0135FD.root [881,883,882,884,880]
/store/data/Run2017C/DoubleEG/RAW/v1/000/301/998/00000/307E3B72-D38C-E711-B8F4-02163E014562.root [1023,1022,1021,1024,1025]
/store/data/Run2017C/DoubleEG/RAW/v1/000/301/998/00000/34C32734-F58C-E711-A28C-02163E0118DF.root [1646,1645,1647,1641,1643,1644,1648,1642]
/store/data/Run2017C/DoubleEG/RAW/v1/000/301/998/00000/36A161A2-DB8C-E711-86FE-02163E019E61.root [1174,1175,1173,1176,1177,1178]
/store/data/Run2017C/DoubleEG/RAW/v1/000/301/998/00000/36AF09F9-BA8C-E711-891E-02163E01393D.root [341,344,340,343,345,342]
/store/data/Run2017C/DoubleEG/RAW/v1/000/301/998/00000/36F12C3E-B68C-E711-B7BD-02163E01A68E.root [93,92,91]
/store/data/Run2017C/DoubleEG/RAW/v1/000/301/998/00000/36FDF908-C78C-E711-9D70-02163E012546.root [791,790,793,792,794]
/store/data/Run2017C/DoubleEG/RAW/v1/000/301/998/00000/3806426A-EF8C-E711-9F46-02163E01A3FA.root [1532,1533,1535,1536,1534,1537,1531]
/store/data/Run2017C/DoubleEG/RAW/v1/000/301/998/00000/380B7DF1-C88C-E711-A5C8-02163E0119B7.root [373,374,370,375,371,372]
/store/data/Run2017C/DoubleEG/RAW/v1/000/301/998/00000/3823A91F-BB8C-E711-9668-02163E01366D.root [18,17]
/store/data/Run2017C/DoubleEG/RAW/v1/000/301/998/00000/3A07A5AC-BA8C-E711-A4BD-02163E01374A.root [565,567,568,566]
/store/data/Run2017C/DoubleEG/RAW/v1/000/301/998/00000/3A2447C8-B78C-E711-81BB-02163E019D1C.root [514,516,515,513]
/store/data/Run2017C/DoubleEG/RAW/v1/000/301/998/00000/3A538A79-D08C-E711-953A-02163E01A2C3.root [962,963,964,961,965]
/store/data/Run2017C/DoubleEG/RAW/v1/000/301/998/00000/3AA016AD-CD8C-E711-B230-02163E01A5C6.root [914,911,913,912,915]
/store/data/Run2017C/DoubleEG/RAW/v1/000/301/998/00000/3AE5BA0F-D28C-E711-BE9C-02163E019B6D.root [995,992,994,993,991]
/store/data/Run2017C/DoubleEG/RAW/v1/000/301/998/00000/3C604EDF-C48C-E711-B5B2-02163E019E2B.root [760,757,758,759,761]
/store/data/Run2017C/DoubleEG/RAW/v1/000/301/998/00000/3CAEB003-BE8C-E711-B81E-02163E014327.root [631,632,630,629]
/store/data/Run2017C/DoubleEG/RAW/v1/000/301/998/00000/3E8A854B-B98C-E711-8497-02163E0142E4.root [546,548,545,547]
/store/data/Run2017C/DoubleEG/RAW/v1/000/301/998/00000/3E9B623D-BB8C-E711-B130-02163E019BAB.root [176,177,175]
/store/data/Run2017C/DoubleEG/RAW/v1/000/301/998/00000/40013653-C98C-E711-9363-02163E014663.root [834,833,830,831,832]
/store/data/Run2017C/DoubleEG/RAW/v1/000/301/998/00000/4036A0E9-D98C-E711-9E5F-02163E012A36.root [1139,1137,1141,1142,1140,1138]
/store/data/Run2017C/DoubleEG/RAW/v1/000/301/998/00000/40797879-DE8C-E711-BBCB-02163E01A49A.root [1228,1229,1231,1230,1227,1232]
/store/data/Run2017C/DoubleEG/RAW/v1/000/301/998/00000/40AB55ED-D88C-E711-A175-02163E019D98.root [1122,1120,1124,1119,1121,1123]
/store/data/Run2017C/DoubleEG/RAW/v1/000/301/998/00000/425B564C-DB8C-E711-8187-02163E019C13.root [1029,1027,1028,1026,1030]
/store/data/Run2017C/DoubleEG/RAW/v1/000/301/998/00000/42C26F88-C98C-E711-9A38-02163E0144F5.root [701,706,708,704,705,707,703,702]
/store/data/Run2017C/DoubleEG/RAW/v1/000/301/998/00000/44290C41-B68C-E711-8BE6-02163E011B2A.root [180,178,179]
/store/data/Run2017C/DoubleEG/RAW/v1/000/301/998/00000/44BB9BEA-BD8C-E711-B55A-02163E01A4BD.root [292,289,290,293,291,294]
/store/data/Run2017C/DoubleEG/RAW/v1/000/301/998/00000/462E475C-D18C-E711-AD86-02163E019C2E.root [985,983,981,982,984]
/store/data/Run2017C/DoubleEG/RAW/v1/000/301/998/00000/465770F2-BB8C-E711-A983-02163E0137F6.root [594,595,593,596]
/store/data/Run2017C/DoubleEG/RAW/v1/000/301/998/00000/46710C42-B68C-E711-8176-02163E019DA8.root [465,466,467,468]
/store/data/Run2017C/DoubleEG/RAW/v1/000/301/998/00000/46B2E0A4-C58C-E711-BA45-02163E014554.root [388,393,391,390,392,389]
/store/data/Run2017C/DoubleEG/RAW/v1/000/301/998/00000/48BD770B-E38C-E711-BC91-02163E01468C.root [1315,1314,1312,1316,1317,1313]
/store/data/Run2017C/DoubleEG/RAW/v1/000/301/998/00000/48E6787C-CF8C-E711-B956-02163E019B86.root [947,948,950,949,946]
/store/data/Run2017C/DoubleEG/RAW/v1/000/301/998/00000/48EE5C5C-B88C-E711-A4E2-02163E01A1D3.root [523,521,524,522]
/store/data/Run2017C/DoubleEG/RAW/v1/000/301/998/00000/4A04FA85-C58C-E711-A618-02163E019B38.root [381,379,380,376,378,377]
/store/data/Run2017C/DoubleEG/RAW/v1/000/301/998/00000/4A3498CA-D58C-E711-A574-02163E012197.root [1063,1065,1061,1064,1062]
/store/data/Run2017C/DoubleEG/RAW/v1/000/301/998/00000/4A67C69A-CC8C-E711-A2AD-02163E014217.root [897,896,899,900,898]
/store/data/Run2017C/DoubleEG/RAW/v1/000/301/998/00000/4AFF7FC4-D38C-E711-8BB6-02163E01A461.root [1035,1031,1032,1033,1034]
/store/data/Run2017C/DoubleEG/RAW/v1/000/301/998/00000/4C045D19-DC8C-E711-8227-02163E01A705.root [1039,1038,1037,1040,1036]
/store/data/Run2017C/DoubleEG/RAW/v1/000/301/998/00000/4C419F43-BA8C-E711-B1D9-02163E01A27A.root [161,162,160]
/store/data/Run2017C/DoubleEG/RAW/v1/000/301/998/00000/4C56C13D-B68C-E711-BBFF-02163E01A2B1.root [172,173,174]
/store/data/Run2017C/DoubleEG/RAW/v1/000/301/998/00000/4C7A67E3-E18C-E711-91A8-02163E01181B.root [1293,1289,1292,1288,1290,1291]
/store/data/Run2017C/DoubleEG/RAW/v1/000/301/998/00000/4CAFEA42-B68C-E711-8CFF-02163E01A77B.root [453,455,456,454]
/store/data/Run2017C/DoubleEG/RAW/v1/000/301/998/00000/4CC40E69-ED8C-E711-8FF0-02163E01458F.root [1496,1497,1501,1500,1502,1499,1498]
/store/data/Run2017C/DoubleEG/RAW/v1/000/301/998/00000/4CCFED83-BB8C-E711-98D3-02163E0143DC.root [417,418,416]
/store/data/Run2017C/DoubleEG/RAW/v1/000/301/998/00000/4CE7603F-B68C-E711-8252-02163E0117FF.root [61,62,63]
/store/data/Run2017C/DoubleEG/RAW/v1/000/301/998/00000/4CF5E96D-DC8C-E711-A6E4-02163E019B52.root [1184,1181,1179,1182,1183,1180]
/store/data/Run2017C/DoubleEG/RAW/v1/000/301/998/00000/4E258E00-D38C-E711-B29B-02163E011F8F.root [1013,1012,1011,1015,1014]
/store/data/Run2017C/DoubleEG/RAW/v1/000/301/998/00000/4E2BE8D9-B78C-E711-BA7F-02163E01A414.root [517,520,518,519]
/store/data/Run2017C/DoubleEG/RAW/v1/000/301/998/00000/4E469441-B68C-E711-A3F1-02163E01A764.root [479,477,478,480]
/store/data/Run2017C/DoubleEG/RAW/v1/000/301/998/00000/4E48D4FC-B88C-E711-9346-02163E01A5B2.root [533,534,535,536]
/store/data/Run2017C/DoubleEG/RAW/v1/000/301/998/00000/4EFD516F-F08C-E711-AC55-02163E014260.root [1554,1555,1553,1556,1557,1552,1558]
/store/data/Run2017C/DoubleEG/RAW/v1/000/301/998/00000/50720A71-C98C-E711-9D16-02163E0145F3.root [835,836,837,838,839]
/store/data/Run2017C/DoubleEG/RAW/v1/000/301/998/00000/50837485-DF8C-E711-A334-02163E0134DD.root [1246,1247,1251,1245,1250,1248,1249]
/store/data/Run2017C/DoubleEG/RAW/v1/000/301/998/00000/527BEA29-C68C-E711-BC19-02163E012514.root [778,777,779,775,776]
/store/data/Run2017C/DoubleEG/RAW/v1/000/301/998/00000/52C7D34A-B68C-E711-967C-02163E0122FB.root [14,15,16]
/store/data/Run2017C/DoubleEG/RAW/v1/000/301/998/00000/540C22AB-BB8C-E711-A269-02163E01A2AB.root [356,353,355,357,352,354]
/store/data/Run2017C/DoubleEG/RAW/v1/000/301/998/00000/549705A7-BA8C-E711-A44D-02163E019D62.root [234,232,233]
/store/data/Run2017C/DoubleEG/RAW/v1/000/301/998/00000/54AFBBA9-BC8C-E711-B9A0-02163E019C6B.root [602,601,603,604]
/store/data/Run2017C/DoubleEG/RAW/v1/000/301/998/00000/54F31B43-B68C-E711-9FFC-02163E014595.root [265,266,267]
/store/data/Run2017C/DoubleEG/RAW/v1/000/301/998/00000/561511D9-CF8C-E711-AADC-02163E019CF6.root [956,959,960,957,958]
/store/data/Run2017C/DoubleEG/RAW/v1/000/301/998/00000/5621DB77-BF8C-E711-B5CB-02163E01A3F9.root [658,659,660,657]
/store/data/Run2017C/DoubleEG/RAW/v1/000/301/998/00000/569F3906-F58C-E711-B627-02163E01A389.root [1629,1630,1631,1628,1625,1626,1627,1632]
/store/data/Run2017C/DoubleEG/RAW/v1/000/301/998/00000/56FA413C-B68C-E711-8D02-02163E019B38.root [185,186,184]
/store/data/Run2017C/DoubleEG/RAW/v1/000/301/998/00000/58716BBF-D68C-E711-B843-02163E01456A.root [1082,1081,1084,1086,1085,1083]
/store/data/Run2017C/DoubleEG/RAW/v1/000/301/998/00000/58C4873E-B68C-E711-AE96-02163E019E02.root [64,66,65]
/store/data/Run2017C/DoubleEG/RAW/v1/000/301/998/00000/58E3CC9D-DE8C-E711-9AB5-02163E01A441.root [1223,1221,1226,1225,1222,1224]
/store/data/Run2017C/DoubleEG/RAW/v1/000/301/998/00000/58EE3105-BC8C-E711-B93B-02163E011825.root [277,282,279,278,280,281]
/store/data/Run2017C/DoubleEG/RAW/v1/000/301/998/00000/5AEFDC67-BA8C-E711-B46D-02163E019C6B.root [561,563,562,564]
/store/data/Run2017C/DoubleEG/RAW/v1/000/301/998/00000/5AF44D1B-E18C-E711-ADA7-02163E01441B.root [1088,1092,1087,1089,1090,1094,1095,1096,1091,1093]
/store/data/Run2017C/DoubleEG/RAW/v1/000/301/998/00000/5C549C1F-D28C-E711-8C54-02163E01A58F.root [997,999,1000,996,998]
/store/data/Run2017C/DoubleEG/RAW/v1/000/301/998/00000/5CADA740-B68C-E711-8F33-02163E019DE7.root [80,81,79]
/store/data/Run2017C/DoubleEG/RAW/v1/000/301/998/00000/5CF4B23E-B68C-E711-B07E-02163E0119F2.root [153,152,151]
/store/data/Run2017C/DoubleEG/RAW/v1/000/301/998/00000/5EA99B58-B68C-E711-9216-02163E01477B.root [483,482,481,484]
/store/data/Run2017C/DoubleEG/RAW/v1/000/301/998/00000/60236895-EF8C-E711-9B33-02163E014562.root [1538,1544,1540,1543,1539,1542,1541]
/store/data/Run2017C/DoubleEG/RAW/v1/000/301/998/00000/60B5BC8C-BC8C-E711-A5EC-02163E0135FD.root [589,590,591,592]
/store/data/Run2017C/DoubleEG/RAW/v1/000/301/998/00000/60E51A41-B68C-E711-A6F0-02163E0146AE.root [48,46,47]
/store/data/Run2017C/DoubleEG/RAW/v1/000/301/998/00000/60EDF516-C68C-E711-93BE-02163E01A48E.root [773,770,774,771,772]
/store/data/Run2017C/DoubleEG/RAW/v1/000/301/998/00000/60FCB684-BF8C-E711-A53E-02163E019BA0.root [654,655,653,656]
/store/data/Run2017C/DoubleEG/RAW/v1/000/301/998/00000/62188F3D-B68C-E711-A396-02163E01A33D.root [54,53,52]
/store/data/Run2017C/DoubleEG/RAW/v1/000/301/998/00000/621BB787-E18C-E711-ACA3-02163E0146C9.root [1279,1281,1278,1276,1280,1277]
/store/data/Run2017C/DoubleEG/RAW/v1/000/301/998/00000/62378E73-CB8C-E711-AAA9-02163E01A745.root [876,877,879,875,878]
/store/data/Run2017C/DoubleEG/RAW/v1/000/301/998/00000/62FFE743-B68C-E711-8B64-02163E01A5D6.root [473,476,474,475]
/store/data/Run2017C/DoubleEG/RAW/v1/000/301/998/00000/642AF9C8-E88C-E711-82E9-02163E01A269.root [1414,1418,1413,1415,1416,1417,1412]
/store/data/Run2017C/DoubleEG/RAW/v1/000/301/998/00000/647F1880-E08C-E711-97F1-02163E019BBF.root [1259,1263,1258,1261,1260,1262]
/store/data/Run2017C/DoubleEG/RAW/v1/000/301/998/00000/64DF986B-BA8C-E711-BAE4-02163E0146DC.root [551,552,550,549]
/store/data/Run2017C/DoubleEG/RAW/v1/000/301/998/00000/66823FEC-B68C-E711-B5D4-02163E0146C2.root [499,497,498,500]
/store/data/Run2017C/DoubleEG/RAW/v1/000/301/998/00000/6842B9CC-E08C-E711-B354-02163E011F5B.root [1269,1264,1266,1267,1265,1268]
/store/data/Run2017C/DoubleEG/RAW/v1/000/301/998/00000/6871F4AD-D18C-E711-8E52-02163E01A33D.root [987,988,986,990,989]
/store/data/Run2017C/DoubleEG/RAW/v1/000/301/998/00000/68822940-DB8C-E711-9D40-02163E01A642.root [1163,1164,1165,1162,1161,1166]
/store/data/Run2017C/DoubleEG/RAW/v1/000/301/998/00000/689214C1-BE8C-E711-BB12-02163E0134F0.root [642,644,641,643]
/store/data/Run2017C/DoubleEG/RAW/v1/000/301/998/00000/6A75BC46-B68C-E711-9A7E-02163E019DA1.root [444,442,441,443]
/store/data/Run2017C/DoubleEG/RAW/v1/000/301/998/00000/6A87A868-BE8C-E711-90E6-02163E0141D2.root [634,635,636,633]
/store/data/Run2017C/DoubleEG/RAW/v1/000/301/998/00000/6A8A7B90-BB8C-E711-A29B-02163E01A1ED.root [578,579,577,580]
/store/data/Run2017C/DoubleEG/RAW/v1/000/301/998/00000/6ACC3761-CE8C-E711-9C2F-02163E0118B6.root [926,927,929,930,928]
/store/data/Run2017C/DoubleEG/RAW/v1/000/301/998/00000/6C0446DC-DD8C-E711-A708-02163E01A5E5.root [1219,1216,1217,1218,1220,1215]
/store/data/Run2017C/DoubleEG/RAW/v1/000/301/998/00000/6CE666F1-C08C-E711-9000-02163E0146B5.root [321,322,320,319,323,324]
/store/data/Run2017C/DoubleEG/RAW/v1/000/301/998/00000/6CEB1A7F-B68C-E711-9D76-02163E01A4F5.root [490,491,492,489]
/store/data/Run2017C/DoubleEG/RAW/v1/000/301/998/00000/6E4FBF1B-EC8C-E711-A0B4-02163E01A509.root [1339,1338,1340,1342,1344,1347,1336,1345,1343,1337,1341,1346]
/store/data/Run2017C/DoubleEG/RAW/v1/000/301/998/00000/6ECC9D3C-B68C-E711-8E32-02163E01A1C3.root [19,20,21]
/store/data/Run2017C/DoubleEG/RAW/v1/000/301/998/00000/703A45B6-BB8C-E711-8BCA-02163E0121EB.root [269,272,273,270,268,271]
/store/data/Run2017C/DoubleEG/RAW/v1/000/301/998/00000/70E4232D-CB8C-E711-B4E9-02163E012772.root [731,732,726,727,728,729,730,725]
/store/data/Run2017C/DoubleEG/RAW/v1/000/301/998/00000/728AE94B-CB8C-E711-81D1-02163E011FA3.root [874,870,873,871,872]
/store/data/Run2017C/DoubleEG/RAW/v1/000/301/998/00000/76695131-B98C-E711-975C-02163E019DF3.root [543,541,542,544]
/store/data/Run2017C/DoubleEG/RAW/v1/000/301/998/00000/768B8E3E-B68C-E711-A5E2-02163E01A6BB.root [211,212,213]
/store/data/Run2017C/DoubleEG/RAW/v1/000/301/998/00000/76BBDA6A-B88C-E711-BDD5-02163E0144F9.root [530,529,532,531]
/store/data/Run2017C/DoubleEG/RAW/v1/000/301/998/00000/76FA12CC-D08C-E711-B834-02163E0133B7.root [977,979,978,976,980]
/store/data/Run2017C/DoubleEG/RAW/v1/000/301/998/00000/781047A4-ED8C-E711-8E7F-02163E01A6D1.root [1508,1503,1505,1509,1504,1507,1506]
/store/data/Run2017C/DoubleEG/RAW/v1/000/301/998/00000/789B4EEA-DD8C-E711-97A7-02163E01A513.root [1209,1211,1212,1213,1210,1214]
/store/data/Run2017C/DoubleEG/RAW/v1/000/301/998/00000/78A43752-E88C-E711-9674-02163E0144B1.root [1399,1400,1403,1404,1398,1402,1401]
/store/data/Run2017C/DoubleEG/RAW/v1/000/301/998/00000/78E7E63C-B68C-E711-BBE8-02163E019C07.root [135,134,133]
/store/data/Run2017C/DoubleEG/RAW/v1/000/301/998/00000/7A11905C-BC8C-E711-AB2B-02163E0133A4.root [245,246,244,247,248,249]
/store/data/Run2017C/DoubleEG/RAW/v1/000/301/998/00000/7A14F9C9-D88C-E711-9D3C-02163E01A705.root [1118,1114,1117,1113,1116,1115]
/store/data/Run2017C/DoubleEG/RAW/v1/000/301/998/00000/7A7EF346-B68C-E711-A82A-02163E0142E4.root [117,115,116]
/store/data/Run2017C/DoubleEG/RAW/v1/000/301/998/00000/7AE68807-F38C-E711-A60E-02163E01A523.root [1596,1597,1599,1600,1601,1595,1598]
/store/data/Run2017C/DoubleEG/RAW/v1/000/301/998/00000/7AFD7A45-B68C-E711-852C-02163E019DCE.root [202,204,203]
/store/data/Run2017C/DoubleEG/RAW/v1/000/301/998/00000/7C77749B-C78C-E711-9D0D-02163E01A4C9.root [800,803,804,801,802]
/store/data/Run2017C/DoubleEG/RAW/v1/000/301/998/00000/7E0EB6B2-DA8C-E711-8D35-02163E019DF3.root [1156,1158,1155,1157,1160,1159]
/store/data/Run2017C/DoubleEG/RAW/v1/000/301/998/00000/8005DF66-EB8C-E711-824B-02163E01A4C9.root [1463,1461,1462,1465,1466,1467,1464]
/store/data/Run2017C/DoubleEG/RAW/v1/000/301/998/00000/802057AE-BB8C-E711-8CFF-02163E01A1ED.root [346,350,351,347,349,348]
/store/data/Run2017C/DoubleEG/RAW/v1/000/301/998/00000/806A3562-C18C-E711-B8F5-02163E011B51.root [298,295,296,297,300,299]
/store/data/Run2017C/DoubleEG/RAW/v1/000/301/998/00000/8093A786-BB8C-E711-AFCF-02163E01A39B.root [573,575,574,576]
/store/data/Run2017C/DoubleEG/RAW/v1/000/301/998/00000/80BE2F13-E58C-E711-B81E-02163E0143CF.root [1348,1351,1353,1349,1352,1350]
/store/data/Run2017C/DoubleEG/RAW/v1/000/301/998/00000/82375CE6-F18C-E711-BB86-02163E0142E7.root [1580,1584,1585,1582,1583,1586,1581]
/store/data/Run2017C/DoubleEG/RAW/v1/000/301/998/00000/82430516-CC8C-E711-81DD-02163E01A761.root [889,887,886,890,888,885]
/store/data/Run2017C/DoubleEG/RAW/v1/000/301/998/00000/82958FA9-D48C-E711-A68C-02163E01A4AD.root [1042,1041,1043,1044,1045]
/store/data/Run2017C/DoubleEG/RAW/v1/000/301/998/00000/82CCE10D-F68C-E711-9C12-02163E014562.root [1653,1657,1659,1655,1658,1649,1650,1662,1652,1661,1651,1654,1656,1660]
/store/data/Run2017C/DoubleEG/RAW/v1/000/301/998/00000/82DEEDCF-CA8C-E711-8CF5-02163E011B2A.root [861,864,862,863,860]
/store/data/Run2017C/DoubleEG/RAW/v1/000/301/998/00000/84A94A8D-B68C-E711-A5A8-02163E01A609.root [494,496,493,495]
/store/data/Run2017C/DoubleEG/RAW/v1/000/301/998/00000/84D9353B-B68C-E711-8E49-02163E01A6BA.root [34,36,35,33]
/store/data/Run2017C/DoubleEG/RAW/v1/000/301/998/00000/84DEF10D-F08C-E711-9FF7-02163E019D3E.root [1388,1389,1386,1390,1385,1387]
/store/data/Run2017C/DoubleEG/RAW/v1/000/301/998/00000/86554ED5-C18C-E711-A683-02163E0137F6.root [697,698,699,700]
/store/data/Run2017C/DoubleEG/RAW/v1/000/301/998/00000/8693940B-DF8C-E711-833D-02163E01A6D1.root [1235,1233,1234,1238,1236,1237]
/store/data/Run2017C/DoubleEG/RAW/v1/000/301/998/00000/882DF0B6-E18C-E711-812E-02163E019C13.root [1285,1287,1282,1286,1284,1283]
/store/data/Run2017C/DoubleEG/RAW/v1/000/301/998/00000/8886D81D-CB8C-E711-A79A-02163E01190B.root [722,718,719,723,721,720,717,724]
/store/data/Run2017C/DoubleEG/RAW/v1/000/301/998/00000/88B38468-BB8C-E711-8040-02163E011EF6.root [423,426,424,427,428,425]
/store/data/Run2017C/DoubleEG/RAW/v1/000/301/998/00000/88D37F6A-E48C-E711-959C-02163E01A68D.root [1332,1330,1334,1333,1331,1335]
/store/data/Run2017C/DoubleEG/RAW/v1/000/301/998/00000/88FE716D-EC8C-E711-AE5F-02163E011E5C.root [1476,1475,1478,1479,1477,1480,1481]
/store/data/Run2017C/DoubleEG/RAW/v1/000/301/998/00000/8A17303E-B68C-E711-98EE-02163E019CB4.root [169,170,171]
/store/data/Run2017C/DoubleEG/RAW/v1/000/301/998/00000/8AC10B45-B68C-E711-B26F-02163E01A235.root [450,451,452,449]
/store/data/Run2017C/DoubleEG/RAW/v1/000/301/998/00000/8AEE5588-DD8C-E711-839C-02163E01A6F8.root [1203,1206,1204,1205,1207,1208]
/store/data/Run2017C/DoubleEG/RAW/v1/000/301/998/00000/8AF22C84-C58C-E711-99E0-02163E01A601.root [406,410,408,407,409,411]
/store/data/Run2017C/DoubleEG/RAW/v1/000/301/998/00000/8CE7A541-B68C-E711-A7FD-02163E014376.root [124,125,126]
/store/data/Run2017C/DoubleEG/RAW/v1/000/301/998/00000/8E13C465-D28C-E711-B051-02163E01A3C1.root [1003,1004,1001,1002,1005]
/store/data/Run2017C/DoubleEG/RAW/v1/000/301/998/00000/8E39ADA6-FA8C-E711-BD0C-02163E011E4D.root [1572,1567,1569,1571,1570,1568,1566]
/store/data/Run2017C/DoubleEG/RAW/v1/000/301/998/00000/8E493D40-BC8C-E711-AAE2-02163E01A73C.root [597,598,600,599]
/store/data/Run2017C/DoubleEG/RAW/v1/000/301/998/00000/908DBA41-B68C-E711-B476-02163E01A36E.root [440,438,437,439]
/store/data/Run2017C/DoubleEG/RAW/v1/000/301/998/00000/90A4395A-CB8C-E711-B8FD-02163E01A6F1.root [865,867,868,866,869]
/store/data/Run2017C/DoubleEG/RAW/v1/000/301/998/00000/9257FBB9-C78C-E711-BA71-02163E0122FB.root [796,797,798,799,795]
/store/data/Run2017C/DoubleEG/RAW/v1/000/301/998/00000/9676BA98-CA8C-E711-AF3A-02163E01A7A5.root [855,856,857,859,858]
/store/data/Run2017C/DoubleEG/RAW/v1/000/301/998/00000/96C1E9AE-BC8C-E711-A6C9-02163E0139AB.root [607,605,606,608]
/store/data/Run2017C/DoubleEG/RAW/v1/000/301/998/00000/98C35A46-DD8C-E711-A2C1-02163E01376C.root [1068,1069,1072,1074,1073,1066,1070,1071,1075,1067]
/store/data/Run2017C/DoubleEG/RAW/v1/000/301/998/00000/9A8A980B-C18C-E711-8396-02163E01A4C2.root [327,329,330,325,328,326]
/store/data/Run2017C/DoubleEG/RAW/v1/000/301/998/00000/9C5491FE-EF8C-E711-9505-02163E013621.root [1549,1545,1546,1547,1551,1550,1548]
/store/data/Run2017C/DoubleEG/RAW/v1/000/301/998/00000/9C97ED3E-B68C-E711-9B57-02163E014761.root [109,110,111]
/store/data/Run2017C/DoubleEG/RAW/v1/000/301/998/00000/9C98CAA2-BF8C-E711-9B8B-02163E01359A.root [661,662,664,663]
/store/data/Run2017C/DoubleEG/RAW/v1/000/301/998/00000/9C9F3A64-DC8C-E711-8586-02163E01A6CA.root [1187,1185,1190,1189,1186,1188]
/store/data/Run2017C/DoubleEG/RAW/v1/000/301/998/00000/9CD78C0F-ED8C-E711-B3AA-02163E019C13.root [1491,1492,1493,1494,1489,1490,1495]
/store/data/Run2017C/DoubleEG/RAW/v1/000/301/998/00000/9E1B63D2-BD8C-E711-AC2B-02163E01345E.root [285,287,283,284,286,288]
/store/data/Run2017C/DoubleEG/RAW/v1/000/301/998/00000/9E7CB14D-B68C-E711-9DCA-02163E011ECF.root [414,412,413,415]
/store/data/Run2017C/DoubleEG/RAW/v1/000/301/998/00000/9EDABBB7-B68C-E711-938B-02163E0134E6.root [199,200,201]
/store/data/Run2017C/DoubleEG/RAW/v1/000/301/998/00000/A002F658-B68C-E711-9D99-02163E011E16.root [127,128,129]
/store/data/Run2017C/DoubleEG/RAW/v1/000/301/998/00000/A046E53E-B68C-E711-8A7D-02163E01192A.root [85,87,86]
/store/data/Run2017C/DoubleEG/RAW/v1/000/301/998/00000/A066C2A6-F18C-E711-9BD9-02163E0144C0.root [1573,1578,1576,1575,1577,1579,1574]
/store/data/Run2017C/DoubleEG/RAW/v1/000/301/998/00000/A082823D-B68C-E711-AB75-02163E01A504.root [164,163,165]
/store/data/Run2017C/DoubleEG/RAW/v1/000/301/998/00000/A448D91A-BD8C-E711-881E-02163E0144D1.root [612,609,610,611]
/store/data/Run2017C/DoubleEG/RAW/v1/000/301/998/00000/A45E3A3C-B68C-E711-9B70-02163E01A42B.root [39,37,38]
/store/data/Run2017C/DoubleEG/RAW/v1/000/301/998/00000/A4670FC1-D08C-E711-8816-02163E01A6B2.root [966,968,970,967,969]
/store/data/Run2017C/DoubleEG/RAW/v1/000/301/998/00000/A68CC817-EF8C-E711-90E2-02163E019E34.root [1530,1525,1526,1529,1528,1524,1527]
/store/data/Run2017C/DoubleEG/RAW/v1/000/301/998/00000/A6BC6451-CB8C-E711-B95B-02163E014554.root [742,744,745,748,746,747,741,743]
/store/data/Run2017C/DoubleEG/RAW/v1/000/301/998/00000/A6C57ACE-C08C-E711-8356-02163E01A4D3.root [670,672,669,671]
/store/data/Run2017C/DoubleEG/RAW/v1/000/301/998/00000/A6CF5567-CA8C-E711-B44A-02163E01A509.root [852,853,851,854,850]
/store/data/Run2017C/DoubleEG/RAW/v1/000/301/998/00000/A6EDD041-B68C-E711-ABF2-02163E0140F0.root [237,235,236]
/store/data/Run2017C/DoubleEG/RAW/v1/000/301/998/00000/A6FC7667-EA8C-E711-8AD4-02163E01A73A.root [1443,1444,1442,1446,1440,1441,1445]
/store/data/Run2017C/DoubleEG/RAW/v1/000/301/998/00000/A803030F-E08C-E711-BFF7-02163E0127B8.root [1254,1257,1253,1255,1252,1256]
/store/data/Run2017C/DoubleEG/RAW/v1/000/301/998/00000/A869043B-B68C-E711-9395-02163E01A3AB.root [49,50,51]
/store/data/Run2017C/DoubleEG/RAW/v1/000/301/998/00000/A87B92D9-BD8C-E711-8777-02163E0145A3.root [617,618,620,619]
/store/data/Run2017C/DoubleEG/RAW/v1/000/301/998/00000/A8A4AEF3-EA8C-E711-A617-02163E01A5A5.root [1449,1453,1450,1448,1452,1451,1447]
/store/data/Run2017C/DoubleEG/RAW/v1/000/301/998/00000/A8E6CF42-B68C-E711-B8FA-02163E0146C0.root [196,198,197]
/store/data/Run2017C/DoubleEG/RAW/v1/000/301/998/00000/A8F43C36-BB8C-E711-B938-02163E01A6AD.root [219,218,217]
/store/data/Run2017C/DoubleEG/RAW/v1/000/301/998/00000/AA0BA947-BB8C-E711-BF7D-02163E01A5CE.root [264,262,261,263,259,260]
/store/data/Run2017C/DoubleEG/RAW/v1/000/301/998/00000/AA998F41-B68C-E711-AC7B-02163E019B21.root [154,155,156]
/store/data/Run2017C/DoubleEG/RAW/v1/000/301/998/00000/AAD45842-B68C-E711-BB7F-02163E0143DE.root [72,70,71]
/store/data/Run2017C/DoubleEG/RAW/v1/000/301/998/00000/AADD3602-BF8C-E711-9B86-02163E0145B1.root [649,651,652,650]
/store/data/Run2017C/DoubleEG/RAW/v1/000/301/998/00000/AC3C898D-EE8C-E711-88D7-02163E01448A.root [1378,1380,1383,1379,1382,1384,1375,1381,1373,1376,1374,1377]
/store/data/Run2017C/DoubleEG/RAW/v1/000/301/998/00000/AC624890-CF8C-E711-A0DB-02163E019CD2.root [952,955,951,953,954]
/store/data/Run2017C/DoubleEG/RAW/v1/000/301/998/00000/AE59703D-B68C-E711-A4CA-02163E01366B.root [40,42,41]
/store/data/Run2017C/DoubleEG/RAW/v1/000/301/998/00000/B07EB90E-D98C-E711-AD0D-02163E01A3DE.root [1127,1125,1128,1126,1130,1129]
/store/data/Run2017C/DoubleEG/RAW/v1/000/301/998/00000/B0851954-E18C-E711-8FAA-02163E01A2C2.root [1097,1098,1100,1099,1102,1104,1106,1101,1105,1103]
/store/data/Run2017C/DoubleEG/RAW/v1/000/301/998/00000/B0C4BC3D-B68C-E711-8DD2-02163E01A5DA.root [44,43,45]
/store/data/Run2017C/DoubleEG/RAW/v1/000/301/998/00000/B261354E-B68C-E711-AD9E-02163E012217.root [157,158,159]
/store/data/Run2017C/DoubleEG/RAW/v1/000/301/998/00000/B2B764A1-BA8C-E711-BD20-02163E011E4D.root [1,2,3,4]
/store/data/Run2017C/DoubleEG/RAW/v1/000/301/998/00000/B441B99C-C58C-E711-978F-02163E01A5C4.root [386,384,385,382,387,383]
/store/data/Run2017C/DoubleEG/RAW/v1/000/301/998/00000/B44D8185-C78C-E711-8009-02163E01A410.root [667,665,666,668]
/store/data/Run2017C/DoubleEG/RAW/v1/000/301/998/00000/B4C8C94B-B68C-E711-896C-02163E01393D.root [472,469,470,471]
/store/data/Run2017C/DoubleEG/RAW/v1/000/301/998/00000/B4DA4F45-B68C-E711-B581-02163E014281.root [73,75,74]
/store/data/Run2017C/DoubleEG/RAW/v1/000/301/998/00000/B6F96A2A-BD8C-E711-BF28-02163E01A6CB.root [23,22]
/store/data/Run2017C/DoubleEG/RAW/v1/000/301/998/00000/B87A053C-B68C-E711-82E9-02163E014764.root [28,29,27]
/store/data/Run2017C/DoubleEG/RAW/v1/000/301/998/00000/B8B15B86-C58C-E711-B516-02163E0141AD.root [395,396,397,394,399,398]
/store/data/Run2017C/DoubleEG/RAW/v1/000/301/998/00000/B8F23F88-DA8C-E711-9E2C-02163E0138AE.root [1154,1149,1151,1152,1150,1153]
/store/data/Run2017C/DoubleEG/RAW/v1/000/301/998/00000/BA293CB3-F78C-E711-BFE8-02163E0145BB.root [1693,1689,1687,1690,1688,1691,1692,1694]
/store/data/Run2017C/DoubleEG/RAW/v1/000/301/998/00000/BA43474B-CC8C-E711-8931-02163E01A6DD.root [751,754,753,750,756,749,752,755]
/store/data/Run2017C/DoubleEG/RAW/v1/000/301/998/00000/BA4DB97F-C18C-E711-8B96-02163E01A58F.root [334,333,332,331,336,335]
/store/data/Run2017C/DoubleEG/RAW/v1/000/301/998/00000/BA615DF6-C98C-E711-9C02-02163E013621.root [692,689,693,694,691,695,690,696]
/store/data/Run2017C/DoubleEG/RAW/v1/000/301/998/00000/BAC95D6C-F58C-E711-964B-02163E01A4BC.root [1634,1639,1637,1638,1640,1635,1633,1636]
/store/data/Run2017C/DoubleEG/RAW/v1/000/301/998/00000/BACCBFFD-C78C-E711-8FD5-02163E019DD2.root [807,805,806,808,809]
/store/data/Run2017C/DoubleEG/RAW/v1/000/301/998/00000/BC0DB5B0-FA8C-E711-9A01-02163E01366D.root [1604,1605,1606,1607,1608,1602,1603]
/store/data/Run2017C/DoubleEG/RAW/v1/000/301/998/00000/BC6D1D94-DB8C-E711-9648-02163E0128FE.root [1169,1171,1168,1170,1167,1172]
/store/data/Run2017C/DoubleEG/RAW/v1/000/301/998/00000/BCA67B5C-EA8C-E711-B6D9-02163E012A36.root [1319,1320,1322,1318,1321,1323]
/store/data/Run2017C/DoubleEG/RAW/v1/000/301/998/00000/BE1F510B-DC8C-E711-AE2A-02163E0146B5.root [1053,1057,1052,1055,1056,1060,1054,1059,1058,1051]
/store/data/Run2017C/DoubleEG/RAW/v1/000/301/998/00000/BE256EB5-C88C-E711-9B32-02163E01A269.root [827,829,828,826,825]
/store/data/Run2017C/DoubleEG/RAW/v1/000/301/998/00000/BE3FEF80-CB8C-E711-8FC1-02163E0145D5.root [733,736,737,740,734,735,738,739]
/store/data/Run2017C/DoubleEG/RAW/v1/000/301/998/00000/BE72F73C-B68C-E711-8EA6-02163E01A4C8.root [191,192,190]
/store/data/Run2017C/DoubleEG/RAW/v1/000/301/998/00000/BEE0214A-B68C-E711-92B7-02163E012692.root [76,77,78]
/store/data/Run2017C/DoubleEG/RAW/v1/000/301/998/00000/BEE66447-B68C-E711-A8FF-02163E01344C.root [419,420,421,422]
/store/data/Run2017C/DoubleEG/RAW/v1/000/301/998/00000/C0EFA942-B68C-E711-9492-02163E01A406.root [149,148,150]
/store/data/Run2017C/DoubleEG/RAW/v1/000/301/998/00000/C279685F-C78C-E711-B165-02163E01A6D1.root [681,683,688,685,687,682,686,684]
/store/data/Run2017C/DoubleEG/RAW/v1/000/301/998/00000/C2CDF6C1-CD8C-E711-A806-02163E01A4D4.root [919,916,917,918,920]
/store/data/Run2017C/DoubleEG/RAW/v1/000/301/998/00000/C4651954-F78C-E711-86E8-02163E01180A.root [1680,1682,1683,1685,1681,1686,1679,1684]
/store/data/Run2017C/DoubleEG/RAW/v1/000/301/998/00000/C66DCE22-7D8D-E711-B7F1-02163E01A1E9.root [1703,1705,1704]
/store/data/Run2017C/DoubleEG/RAW/v1/000/301/998/00000/C67E7811-CF8C-E711-B74F-02163E019C89.root [938,939,940,937,936]
/store/data/Run2017C/DoubleEG/RAW/v1/000/301/998/00000/C6B6C076-C68C-E711-A2A0-02163E0121EB.root [780,784,783,782,781]
/store/data/Run2017C/DoubleEG/RAW/v1/000/301/998/00000/C859CF92-C48C-E711-8B78-02163E0146B5.root [624,621,623,622]
/store/data/Run2017C/DoubleEG/RAW/v1/000/301/998/00000/C860474A-B68C-E711-8119-02163E019E41.root [463,462,461,464]
/store/data/Run2017C/DoubleEG/RAW/v1/000/301/998/00000/CA208842-B68C-E711-8D54-02163E0143FD.root [94,95,96]
/store/data/Run2017C/DoubleEG/RAW/v1/000/301/998/00000/CA2353E7-C58C-E711-8E5A-02163E01247B.root [402,401,405,400,403,404]
/store/data/Run2017C/DoubleEG/RAW/v1/000/301/998/00000/CA27764F-CD8C-E711-BE7D-02163E01A660.root [767,769,766,768,764,765,762,763]
/store/data/Run2017C/DoubleEG/RAW/v1/000/301/998/00000/CA38B340-B68C-E711-BB97-02163E0143C2.root [67,68,69]
/store/data/Run2017C/DoubleEG/RAW/v1/000/301/998/00000/CA822432-BE8C-E711-A501-02163E0142B1.root [627,628,626,625]
/store/data/Run2017C/DoubleEG/RAW/v1/000/301/998/00000/CAD294F4-C78C-E711-AA75-02163E0143C8.root [814,811,813,810,812]
/store/data/Run2017C/DoubleEG/RAW/v1/000/301/998/00000/CC08F3BE-B78C-E711-A5BF-02163E014408.root [56,55,57]
/store/data/Run2017C/DoubleEG/RAW/v1/000/301/998/00000/CC24929D-D28C-E711-B6FA-02163E01A447.root [1006,1007,1009,1008,1010]
/store/data/Run2017C/DoubleEG/RAW/v1/000/301/998/00000/CC793C47-B68C-E711-B4FB-02163E0134A9.root [458,459,460,457]
/store/data/Run2017C/DoubleEG/RAW/v1/000/301/998/00000/CE49BF64-E98C-E711-BEB7-02163E019C04.root [1422,1421,1419,1420,1423,1424,1425]
/store/data/Run2017C/DoubleEG/RAW/v1/000/301/998/00000/CEB5BD01-BA8C-E711-B402-02163E01A33D.root [559,558,560,557]
/store/data/Run2017C/DoubleEG/RAW/v1/000/301/998/00000/D066234C-B68C-E711-BF0D-02163E013498.root [209,208,210]
/store/data/Run2017C/DoubleEG/RAW/v1/000/301/998/00000/D0B56CC7-BB8C-E711-BE11-02163E011DBD.root [6,7,5,8]
/store/data/Run2017C/DoubleEG/RAW/v1/000/301/998/00000/D0F0F03F-B68C-E711-8772-02163E01A531.root [230,229,231]
/store/data/Run2017C/DoubleEG/RAW/v1/000/301/998/00000/D26DE841-B68C-E711-BF15-02163E0134AB.root [205,206,207]
/store/data/Run2017C/DoubleEG/RAW/v1/000/301/998/00000/D4ADE241-B68C-E711-B908-02163E014567.root [337,339,338]
/store/data/Run2017C/DoubleEG/RAW/v1/000/301/998/00000/D660BE3D-B68C-E711-96ED-02163E0134F6.root [106,107,108]
/store/data/Run2017C/DoubleEG/RAW/v1/000/301/998/00000/D6883BBD-C88C-E711-A96B-02163E0144B9.root [819,815,816,818,817]
/store/data/Run2017C/DoubleEG/RAW/v1/000/301/998/00000/D69B9507-EE8C-E711-8E89-02163E011BD1.root [1512,1510,1513,1514,1515,1511,1516]
/store/data/Run2017C/DoubleEG/RAW/v1/000/301/998/00000/D6EA233F-B68C-E711-92A9-02163E0145AD.root [136,137,138]
/store/data/Run2017C/DoubleEG/RAW/v1/000/301/998/00000/D8A7E1FA-DC8C-E711-AD99-02163E0119CB.root [1197,1198,1200,1202,1201,1199]
/store/data/Run2017C/DoubleEG/RAW/v1/000/301/998/00000/DA5A0143-B68C-E711-B6C8-02163E019E36.root [431,432,430,429]
/store/data/Run2017C/DoubleEG/RAW/v1/000/301/998/00000/DA5FECB5-C68C-E711-B4AB-02163E01350C.root [786,789,785,787,788]
/store/data/Run2017C/DoubleEG/RAW/v1/000/301/998/00000/DA64DABE-BB8C-E711-8A63-02163E01A68E.root [13,12]
/store/data/Run2017C/DoubleEG/RAW/v1/000/301/998/00000/DA6D5D42-B68C-E711-B59F-02163E0146C2.root [30,31,32]
/store/data/Run2017C/DoubleEG/RAW/v1/000/301/998/00000/DAF98F72-C78C-E711-A9C7-02163E012772.root [673,680,674,677,679,675,676,678]
/store/data/Run2017C/DoubleEG/RAW/v1/000/301/998/00000/DC7B5F44-B68C-E711-8132-02163E011D7C.root [274,275,276]
/store/data/Run2017C/DoubleEG/RAW/v1/000/301/998/00000/DCD27D47-B68C-E711-BE1F-02163E013445.root [166,168,167]
/store/data/Run2017C/DoubleEG/RAW/v1/000/301/998/00000/DCF904B1-CB8C-E711-8E6D-02163E01454A.root [710,713,712,716,715,711,714,709]
/store/data/Run2017C/DoubleEG/RAW/v1/000/301/998/00000/DCFEB579-F28C-E711-B7CF-02163E0118B6.root [1589,1591,1592,1587,1588,1590,1593,1594]
/store/data/Run2017C/DoubleEG/RAW/v1/000/301/998/00000/DE901E41-B68C-E711-A7E5-02163E019CC8.root [220,222,221]
/store/data/Run2017C/DoubleEG/RAW/v1/000/301/998/00000/DEC2F678-D88C-E711-9D25-02163E019B43.root [1107,1109,1110,1108,1111,1112]
/store/data/Run2017C/DoubleEG/RAW/v1/000/301/998/00000/E0067E41-B68C-E711-A3BC-02163E01A6BC.root [433,435,436,434]
/store/data/Run2017C/DoubleEG/RAW/v1/000/301/998/00000/E0239331-BC8C-E711-BB84-02163E01376C.root [365,364,366,368,367,369]
/store/data/Run2017C/DoubleEG/RAW/v1/000/301/998/00000/E2A828C4-F38C-E711-B143-02163E011AE9.root [1620,1619,1621,1624,1618,1623,1622,1617]
/store/data/Run2017C/DoubleEG/RAW/v1/000/301/998/00000/E40E8D49-B68C-E711-B49E-02163E019E66.root [145,147,146]
/store/data/Run2017C/DoubleEG/RAW/v1/000/301/998/00000/E6664F23-CF8C-E711-81F9-02163E011C03.root [944,942,941,943,945]
/store/data/Run2017C/DoubleEG/RAW/v1/000/301/998/00000/E6FAF43E-B68C-E711-A106-02163E0141D8.root [183,182,181]
/store/data/Run2017C/DoubleEG/RAW/v1/000/301/998/00000/E83105D3-CE8C-E711-93A0-02163E01374F.root [931,933,934,935,932]
/store/data/Run2017C/DoubleEG/RAW/v1/000/301/998/00000/E853A101-BA8C-E711-9D16-02163E01A3DE.root [554,555,553,556]
/store/data/Run2017C/DoubleEG/RAW/v1/000/301/998/00000/E8C6D059-F68C-E711-BD0A-02163E0143B2.root [1664,1669,1665,1668,1670,1667,1663,1666]
/store/data/Run2017C/DoubleEG/RAW/v1/000/301/998/00000/E8F805D9-E78C-E711-B66B-02163E01A4AE.root [1395,1394,1397,1392,1393,1396,1391]
/store/data/Run2017C/DoubleEG/RAW/v1/000/301/998/00000/EA6F0F42-B68C-E711-BE84-02163E011E6F.root [105,103,104]
/store/data/Run2017C/DoubleEG/RAW/v1/000/301/998/00000/EACBBE2D-D38C-E711-B312-02163E01A30C.root [1016,1018,1019,1017,1020]
/store/data/Run2017C/DoubleEG/RAW/v1/000/301/998/00000/EC577523-DA8C-E711-B82C-02163E014150.root [1148,1147,1146,1144,1143,1145]
/store/data/Run2017C/DoubleEG/RAW/v1/000/301/998/00000/ECD0A616-CE8C-E711-B3AA-02163E01346A.root [921,923,922,924,925]
/store/data/Run2017C/DoubleEG/RAW/v1/000/301/998/00000/EE2C1151-DF8C-E711-ADC0-02163E01A3B6.root [1239,1242,1243,1240,1244,1241]
/store/data/Run2017C/DoubleEG/RAW/v1/000/301/998/00000/EE664B3A-E68C-E711-BA0E-02163E01A5C6.root [1360,1366,1364,1363,1362,1361,1365]
/store/data/Run2017C/DoubleEG/RAW/v1/000/301/998/00000/EEE4AF22-B78C-E711-9847-02163E01A518.root [501,504,502,503]
/store/data/Run2017C/DoubleEG/RAW/v1/000/301/998/00000/F0031583-B78C-E711-876C-02163E014298.root [122,123,121]
/store/data/Run2017C/DoubleEG/RAW/v1/000/301/998/00000/F06134DE-BB8C-E711-8CEF-02163E01A4BE.root [250,252,253,251,254,255]
/store/data/Run2017C/DoubleEG/RAW/v1/000/301/998/00000/F09533FE-EA8C-E711-ACD9-02163E011F5B.root [1454,1457,1459,1460,1456,1458,1455]
/store/data/Run2017C/DoubleEG/RAW/v1/000/301/998/00000/F0AB2760-D98C-E711-A201-02163E0125F5.root [1132,1135,1136,1133,1131,1134]
/store/data/Run2017C/DoubleEG/RAW/v1/000/301/998/00000/F26B544E-B68C-E711-9972-02163E0139C0.root [257,256,258]
/store/data/Run2017C/DoubleEG/RAW/v1/000/301/998/00000/F2D0B05E-C18C-E711-A855-02163E013932.root [308,307,311,312,310,309]
/store/data/Run2017C/DoubleEG/RAW/v1/000/301/998/00000/F2E7FDB0-BA8C-E711-BF21-02163E01A6AD.root [240,238,239]
/store/data/Run2017C/DoubleEG/RAW/v1/000/301/998/00000/F6448D1A-E38C-E711-98A5-02163E019D46.root [1310,1311,1306,1308,1309,1307]
/store/data/Run2017C/DoubleEG/RAW/v1/000/301/998/00000/FA025F45-B68C-E711-948E-02163E011DD7.root [26,24,25]
/store/data/Run2017C/DoubleEG/RAW/v1/000/301/998/00000/FA27533B-B68C-E711-9916-02163E01A4D1.root [101,102,100]
/store/data/Run2017C/DoubleEG/RAW/v1/000/301/998/00000/FAA41806-EA8C-E711-870C-02163E0133DE.root [1436,1437,1439,1433,1434,1435,1438]
/store/data/Run2017C/DoubleEG/RAW/v1/000/301/998/00000/FAF63C3E-E18C-E711-87A2-02163E0146D8.root [1272,1274,1273,1271,1270,1275]
/store/data/Run2017C/DoubleEG/RAW/v1/000/301/998/00000/FC0D5240-B68C-E711-9989-02163E019C9A.root [194,195,193]
/store/data/Run2017C/DoubleEG/RAW/v1/000/301/998/00000/FC4439C3-E28C-E711-8D48-02163E014210.root [1300,1301,1304,1302,1303,1305]
/store/data/Run2017C/DoubleEG/RAW/v1/000/301/998/00000/FC64CAB8-DC8C-E711-B86D-02163E013932.root [1194,1195,1193,1196,1191,1192]
/store/data/Run2017C/DoubleEG/RAW/v1/000/301/998/00000/FCA67646-B68C-E711-AF70-02163E01A1E5.root [227,228,226]
