392174
392175
392194
392196
392197
392203
392204
392205
392206
392207
392219
392220
392221
392250
392251
392289
392290
392293
392294
392295
392296
392301
392338
392344
392358
392359
392360
392361
392362
392363
392382
392431
392432
392440
392441
392442
392473
392476
392477
392516
392517
392523
392524
392526
392538
392540
392541
392542
392633
392634
392635
392642
392668
392669
392672
392674
392676
392700
392701
392702
392705
392710
392731
392732
392733
392751
392787
392925
392959
392991
392992
392993
392997
393015
393071
393085
393086
393087
393111
393125
393126
393127
393128
393129
393147
393168
393169
393170
393171
393235
393240
393273
393274
393275
393276
393331
393346
393347
393375
393376
393377
393378
393407
393445
393446
393447
393448
393461
393493
393494
393509
393510
393511
393512
393513
393514
393515
393516
