367094
367095
367100
367102
367103
367104
367111
367112
367126
367127
367128
367129
367130
367131
367132
367133
367134
367228
367229
367230
367231
367232
367234
367260
367261
367262
367263
367264
367267
367268
367269
367270
367271
367312
367314
367315
367334
367336
367337
367352
367355
367406
367413
367415
367416
367432
367444
367472
367475
367476
367477
367515
367516
367547
367552
367553
367554
367591
367592
367593
367615
367616
367617
367618
367619
367622
367661
367662
367663
367664
367665
367666
367691
367692
367693
367694
367695
367696
367697
367699
367730
367742
367758
367770
367771
367772
367789
367790
367809
367831
367836
367838
367840
367873
367880
367881
367883
367884
367902
367904
