/store/data/Run2022D/HcalNZS/RAW/v1/000/357/538/00000/0f7847e2-b0fe-4d4a-9f42-28c458998388.root 357538 [4,5,27,29,30,31,34,36,62,15,32,38,39,43,53,56,63,3,11,24,28,54,55,60,1,9,10,12,16,17,42,46,47,50,52,59,8,13,14,18,20,23,37,40,44,45,57,61,6,19,21,26,33,41,48,58,2,7,25,35,49,51,22,64]
/store/data/Run2022D/HcalNZS/RAW/v1/000/357/542/00000/3c2ab376-0320-4333-81bd-b3c8bf6fe0d5.root 357542 [134,138,144,117,123,128,139,140,143,114,115,130,137,142,119,120,121,122,125,132,141,145,118,124,133,131,135,136,146,116,126,127,129]
/store/data/Run2022D/HcalNZS/RAW/v1/000/357/542/00000/3dd973d8-6f7d-4287-a007-bceea682c82b.root 357542 [81,88,91,79,80,90,76,83,86,74,77,78,82,84,89,85,87,93,92,75]
/store/data/Run2022D/HcalNZS/RAW/v1/000/357/542/00000/519935c8-f7b4-4a7a-a845-761ebb02a547.root 357542 [36,40,30,31,42,46,51,32,33,45,47,49,53,38,43,34,35,41,39,48,50,52,44,37]
/store/data/Run2022D/HcalNZS/RAW/v1/000/357/542/00000/864ab008-11c0-49bb-9d95-070fa8d76b42.root 357542 [219,224,214,221,223,225,227,234,229,215,231,217,218,213,216,220,222,226,228,230,232,233]
/store/data/Run2022D/HcalNZS/RAW/v1/000/357/542/00000/8c526cb7-e1c4-4a52-9f01-1daf94d63733.root 357542 [160,161,164,148,163,168,167,150,151,155,147,154,162,149,153,156,158,159,165,152,157,166]
/store/data/Run2022D/HcalNZS/RAW/v1/000/357/542/00000/960df7dc-b9cd-40d0-8d04-82471b2e72ab.root 357542 [175,169,177,179,187,188,189,190,184,170,171,173,178,180,174,176,186,182,172,181,183,185]
/store/data/Run2022D/HcalNZS/RAW/v1/000/357/542/00000/a1a57a4b-9ef5-4e76-9f89-e306fd3412a7.root 357542 [240,246,247,241,238,245,248,236,235,239,249,237,242,243,250,244]
/store/data/Run2022D/HcalNZS/RAW/v1/000/357/542/00000/d1dbdd9b-9629-4b66-9637-fa20552e5895.root 357542 [201,197,198,200,212,192,193,202,195,211,196,203,191,194,210,199,209,204,205,206,207,208]
/store/data/Run2022D/HcalNZS/RAW/v1/000/357/542/00000/f73ae5b1-8965-4ca1-a89d-a55e6de06989.root 357542 [13,16,17,27,1,2,3,4,10,12,25,14,29,6,8,20,5,11,18,19,22,7,9,26,15,21,23,24,28]
/store/data/Run2022D/HcalNZS/RAW/v1/000/357/542/00000/fb04d542-11b7-4a3e-abbc-edc9cc98c018.root 357542 [95,101,100,110,112,97,98,105,111,102,104,108,106,107,94,96,99,113,103,109]
/store/data/Run2022D/HcalNZS/RAW/v1/000/357/542/00000/ff4e9559-55b8-43b4-9417-00c2e6fd19e5.root 357542 [57,67,58,59,65,71,54,62,56,68,69,60,66,72,55,73,61,63,64,70]
/store/data/Run2022D/HcalNZS/RAW/v1/000/357/550/00000/6d434273-31f7-42f5-a707-bf4bb86d2c9a.root 357550 [36,37,38,29,33,35,26,27,28,34,30,32,31]
/store/data/Run2022D/HcalNZS/RAW/v1/000/357/550/00000/e812dc51-62ff-4df6-88d5-421c07ea6a41.root 357550 [2,6,16,20,11,22,24,5,9,10,12,18,19,4,25,1,21,23,3,7,8,13,15,14,17]
/store/data/Run2022D/HcalNZS/RAW/v1/000/357/610/00000/0d19e85c-93d0-4154-8de4-53b70f10accd.root 357610 [230,214,218,223,229,234,219,231,232,215,216,227,235,236,213,225,233,226,228,220,217,221,222,224]
/store/data/Run2022D/HcalNZS/RAW/v1/000/357/610/00000/182e03d5-7328-4467-a946-29e0b186129a.root 357610 [149,162,147,154,155,158,163,168,170,148,156,175,159,160,174,151,167,169,171,173,161,164,172,150,153,165,152,157,166]
/store/data/Run2022D/HcalNZS/RAW/v1/000/357/610/00000/2a27797e-1edd-4fe5-8f32-a3d3c48e18ea.root 357610 [108,111,117,119,123,125,126,138,113,116,131,133,134,112,120,107,109,118,145,124,129,136,137,141,144,110,132,135,106,114,115,121,139,142,143,104,105,122,127,128,130,140,146]
/store/data/Run2022D/HcalNZS/RAW/v1/000/357/610/00000/79d62f64-4186-4e1e-92ef-8120a7aba92c.root 357610 [243,244,249,251,240,239,241,242,238,247,248,245,252,253,237,246,250]
/store/data/Run2022D/HcalNZS/RAW/v1/000/357/610/00000/d5663e26-1d85-4ed7-a6fa-e7bcef67ea20.root 357610 [8,9,30,35,37,44,69,70,72,91,12,18,25,31,34,48,49,59,76,81,90,4,15,17,62,85,86,96,98,2,5,10,11,16,32,42,58,64,65,75,77,78,82,83,89,92,97,100,1,6,13,20,23,36,50,53,54,55,60,66,68,87,95,3,7,28,29,40,56,84,103,14,19,21,24,27,33,39,43,45,57,63,79,80,88,102,22,26,38,41,46,47,51,52,61,67,71,73,74,93,94,99,101]
/store/data/Run2022D/HcalNZS/RAW/v1/000/357/610/00000/f9e4b490-a701-4fa5-bd74-278d80f8a4bd.root 357610 [176,187,188,194,204,206,195,196,202,203,178,181,183,186,197,207,209,210,177,189,201,179,180,193,200,205,208,212,191,192,185,190,211,182,184,198,199]
/store/data/Run2022D/HcalNZS/RAW/v1/000/357/611/00000/1022ea87-7967-41fd-84d8-57ae181277f5.root 357611 [345,349,359,366,335,340,347,355,362,337,338,346,348,339,352,358,342,353,360,363,364,365,334,351,357,361,350,336,341,343,344,354,356]
/store/data/Run2022D/HcalNZS/RAW/v1/000/357/611/00000/1752ad92-4c26-4c21-a315-dc63f0269643.root 357611 [6,10,11,8,9,12,14,7,1,2,4,13,3,5,15]
/store/data/Run2022D/HcalNZS/RAW/v1/000/357/611/00000/2274762d-f17a-4652-bdf8-95fcccc52878.root 357611 [71,73,77,86,93,78,81,85,87,94,83,84,92,82,89,90,72,91,95,96,79,88,74,75,76,80]
/store/data/Run2022D/HcalNZS/RAW/v1/000/357/611/00000/375f417f-a10e-42c4-9ef3-9f477725aab6.root 357611 [181,191,201,184,196,182,194,199,204,195,202,207,208,188,192,197,198,205,187,189,193,200,183,185,186,190,203,206]
/store/data/Run2022D/HcalNZS/RAW/v1/000/357/611/00000/3a372336-6a97-4efa-997e-175cd43518d2.root 357611 [120,97,109,98,99,100,104,107,114,117,122,102,116,123,101,106,108,111,113,119,121,103,105,110,112,115,118]
/store/data/Run2022D/HcalNZS/RAW/v1/000/357/611/00000/3b463751-5e2e-4b10-8238-688a195641b5.root 357611 [135,136,144,131,138,142,124,125,130,150,127,128,129,137,143,149,151,133,145,146,132,134,141,126,139,140,148,147]
/store/data/Run2022D/HcalNZS/RAW/v1/000/357/611/00000/48be7d5c-8c6b-428f-bd17-85b11819d946.root 357611 [254,258,261,244,250,252,253,255,256,268,259,260,242,245,262,265,243,247,248,251,264,239,249,270,246,269,240,241,257,263,266,267]
/store/data/Run2022D/HcalNZS/RAW/v1/000/357/611/00000/9752371e-3ec7-4b95-b2ef-e085aa12285e.root 357611 [164,167,174,180,155,158,163,170,171,159,161,165,166,169,172,176,179,160,168,177,178,154,156,157,152,153,162,173,175]
/store/data/Run2022D/HcalNZS/RAW/v1/000/357/611/00000/98ac5acf-b8bb-43fd-8acd-6ddcaa2cd298.root 357611 [409,404,400,402,407,408,410,411,405,401,403,406]
/store/data/Run2022D/HcalNZS/RAW/v1/000/357/611/00000/a66e739a-d345-4a23-a7c2-7169c1550ac9.root 357611 [212,213,216,224,218,222,233,221,231,234,235,209,217,220,227,211,225,228,210,215,223,226,237,238,214,219,229,230,232,236]
/store/data/Run2022D/HcalNZS/RAW/v1/000/357/611/00000/b865391e-f2a8-4e9d-982c-c9a63a162b5a.root 357611 [370,374,384,388,395,397,386,390,399,367,369,387,391,393,373,375,383,394,398,371,372,377,385,396,380,392,376,378,368,379,381,382,389]
/store/data/Run2022D/HcalNZS/RAW/v1/000/357/611/00000/c29f6e04-e329-46ac-8f7b-1a51e3df09ec.root 357611 [276,284,294,271,278,300,273,279,288,287,297,272,274,282,289,290,296,299,280,293,295,275,281,285,286,291,292,298,277,283]
/store/data/Run2022D/HcalNZS/RAW/v1/000/357/611/00000/da459f2d-9378-4087-a70d-bc292d182f33.root 357611 [61,62,45,49,57,70,50,52,53,59,67,46,47,58,63,65,69,54,56,64,48,66,68,51,55,60]
/store/data/Run2022D/HcalNZS/RAW/v1/000/357/611/00000/de69857a-b4de-4fe6-b6be-8d29c9dcc538.root 357611 [32,33,42,24,25,34,39,43,44,20,27,28,36,40,30,41,19,22,23,35,29,31,21,26,37,38]
/store/data/Run2022D/HcalNZS/RAW/v1/000/357/611/00000/ef99dfe4-becb-4bdb-859e-2c135a20f087.root 357611 [315,331,314,325,330,322,333,303,308,313,320,332,302,304,306,309,312,326,301,305,311,321,329,307,310,319,323,316,317,318,324,327,328]
/store/data/Run2022D/HcalNZS/RAW/v1/000/357/612/00000/082c7fd0-9836-4299-86cf-92e53b3836f9.root 357612 [463,466,471,479,485,492,461,481,482,483,451,457,460,464,465,467,477,452,475,476,491,469,470,472,478,486,494,453,454,474,484,487,488,489,490,495,498,455,468,473,496,497,456,458,459,462,480,493]
/store/data/Run2022D/HcalNZS/RAW/v1/000/357/612/00000/41a4dbaa-e79c-4c54-abcd-8d2c953c732b.root 357612 [500,504,505,526,529,501,506,513,515,522,545,502,510,535,536,542,546,509,521,525,528,524,532,533,540,541,503,514,518,523,539,499,508,516,517,519,520,531,538,544,507,511,512,527,530,534,537,543]
/store/data/Run2022D/HcalNZS/RAW/v1/000/357/612/00000/439f9013-08e9-49e1-93a3-88d56e58a266.root 357612 [246,263,270,242,248,252,260,261,267,245,247,249,251,273,240,241,244,257,259,265,239,243,264,271,275,237,238,250,253,254,255,256,258,266,268,269,274,262,272]
/store/data/Run2022D/HcalNZS/RAW/v1/000/357/612/00000/5e8df4ea-d188-4d88-869d-c6422ee076f7.root 357612 [652,661,665,668,677,679,684,687,691,698,656,662,669,675,690,701,703,664,671,674,683,688,693,695,697,653,654,657,659,672,673,676,680,692,700,702,660,663,678,681,694,651,658,667,670,682,699,655,666,689,685,686,696]
/store/data/Run2022D/HcalNZS/RAW/v1/000/357/612/00000/654a1779-ed36-4ac1-938b-eb8a8d69b056.root 357612 [599,608,613,623,625,626,631,645,648,600,610,616,622,624,634,636,638,612,614,619,627,611,632,635,642,650,606,609,615,617,637,602,603,604,618,621,633,641,643,647,601,605,620,629,630,639,644,607,628,640,646,649]
/store/data/Run2022D/HcalNZS/RAW/v1/000/357/612/00000/66bebb93-4aa8-4879-84be-38eebc7c08d2.root 357612 [552,553,557,559,561,567,577,589,591,592,550,554,562,569,584,596,547,548,549,551,560,564,568,571,574,576,595,555,558,570,575,582,588,598,566,573,579,583,586,587,590,572,580,594,556,563,565,578,581,585,593,597]
/store/data/Run2022D/HcalNZS/RAW/v1/000/357/612/00000/6734aa48-6972-46b1-a40e-499bdaebdab0.root 357612 [198,199,202,227,208,209,210,213,216,226,228,231,232,205,207,212,215,217,223,236,196,206,221,225,229,194,220,233,195,197,201,203,214,224,230,234,200,211,218,222,193,204,219,235]
/store/data/Run2022D/HcalNZS/RAW/v1/000/357/612/00000/775fc590-ec5d-4f26-bcbf-848540f9ac7e.root 357612 [1,4,10,26,6,32,34,8,14,33,37,12,13,18,24,36,2,7,16,22,27,29,9,19,21,28,30,5,15,17,20,23,31,35,3,11,25]
/store/data/Run2022D/HcalNZS/RAW/v1/000/357/612/00000/7b124ee6-7030-40dd-bdfc-ecdddf42b1fd.root 357612 [324,327,348,357,321,329,337,343,347,354,359,362,323,326,331,342,360,361,325,334,344,345,346,351,355,319,320,332,338,333,322,330,335,336,349,352,358,328,339,340,341,350,353,356]
/store/data/Run2022D/HcalNZS/RAW/v1/000/357/612/00000/7d560db1-db23-43c4-9d38-bb9fbc431305.root 357612 [364,365,377,378,379,393,368,389,390,399,403,370,373,376,385,387,388,402,366,371,372,394,398,400,404,367,383,386,395,397,396,405,406,363,374,382,401,369,375,380,381,384,391,392]
/store/data/Run2022D/HcalNZS/RAW/v1/000/357/612/00000/86539c86-e0d8-498a-8129-27925c17f12d.root 357612 [408,430,436,413,416,417,420,429,431,435,440,419,422,438,439,442,415,418,424,425,427,433,441,443,449,450,407,410,412,432,445,411,446,414,423,426,434,437,448,409,421,428,444,447]
/store/data/Run2022D/HcalNZS/RAW/v1/000/357/612/00000/a6ed38a5-ded3-4715-bab5-fed40f0298a1.root 357612 [155,157,163,164,179,154,162,165,166,184,186,189,156,160,169,175,178,167,172,185,153,170,171,182,187,190,191,159,174,183,188,192,152,158,173,176,177,180,161,168,181]
/store/data/Run2022D/HcalNZS/RAW/v1/000/357/612/00000/a9a4b88a-38f0-46d1-8046-fb6f6c68d6fc.root 357612 [79,81,92,94,95,96,100,107,85,87,88,93,101,110,90,103,76,77,78,91,102,109,74,75,105,82,84,98,99,104,108,111,83,89,106,80,86,97,112]
/store/data/Run2022D/HcalNZS/RAW/v1/000/357/612/00000/c32976d5-fe1f-4f46-b2db-bfd355bc3158.root 357612 [119,131,142,114,120,124,129,146,148,113,116,121,122,123,132,137,138,141,117,127,139,149,136,140,143,150,115,125,128,133,144,145,126,130,134,118,135,147,151]
/store/data/Run2022D/HcalNZS/RAW/v1/000/357/612/00000/d26d2c24-720f-4e89-a3a6-84f51196dc14.root 357612 [713,718,705,706,711,725,720,707,710,714,717,722,731,704,708,716,723,727,730,719,721,724,728,709,712,715,726,729]
/store/data/Run2022D/HcalNZS/RAW/v1/000/357/612/00000/f681ffd4-9b36-42aa-ad70-a8a90176d154.root 357612 [47,48,54,65,69,70,39,52,60,62,56,61,66,67,68,42,46,58,73,50,40,59,38,41,49,43,44,45,51,53,55,57,63,64,71,72]
/store/data/Run2022D/HcalNZS/RAW/v1/000/357/612/00000/fe8bab32-7810-4f81-8fde-c0546e891417.root 357612 [282,303,307,308,318,304,306,286,287,297,305,315,279,281,285,295,300,313,280,283,284,290,291,293,311,314,277,278,294,301,312,316,276,288,289,296,310,292,298,299,302,309,317]
/store/data/Run2022D/HcalNZS/RAW/v1/000/357/613/00000/6dfcf0be-5769-40e5-b86a-472cbe792a0f.root 357613 [243,247,246,264,238,250,251,254,257,240,242,255,260,261,239,252,258,263,241,248,253,256,265,262,244,245,249,259]
/store/data/Run2022D/HcalNZS/RAW/v1/000/357/613/00000/75c8fef0-db16-463a-ae79-a60af168ddd9.root 357613 [60,65,71,75,76,79,89,101,110,112,68,70,77,114,116,80,98,104,58,78,82,86,90,93,103,108,57,64,67,69,85,61,73,74,95,97,109,113,59,62,72,83,84,87,88,91,92,99,100,102,105,106,111,115,63,66,81,94,96,107]
/store/data/Run2022D/HcalNZS/RAW/v1/000/357/613/00000/a1ea39c8-cc76-405d-a70f-9f3f8f8100d7.root 357613 [118,133,134,148,149,150,153,154,160,163,175,132,137,139,151,161,164,166,170,171,176,128,129,167,130,143,145,123,155,162,168,119,121,122,125,131,138,146,147,158,172,120,124,135,140,141,152,156,169,173,117,126,127,136,142,144,157,159,165,174]
/store/data/Run2022D/HcalNZS/RAW/v1/000/357/613/00000/c4c420d9-c3c6-477e-bef2-9156bc94e120.root 357613 [4,12,20,27,36,49,50,52,56,3,16,17,24,28,33,38,46,1,9,14,18,26,29,30,37,43,48,51,6,13,19,25,34,41,53,11,23,32,54,5,8,10,22,31,42,45,2,7,15,21,44,35,39,40,47,55]
/store/data/Run2022D/HcalNZS/RAW/v1/000/357/613/00000/d5922fe0-f434-4f1e-9878-0d52904064e9.root 357613 [177,182,187,197,202,205,206,209,219,230,185,191,196,207,183,186,188,193,194,198,203,210,212,215,216,220,224,227,232,179,195,199,208,218,228,234,235,184,189,200,201,223,233,237,180,192,211,181,190,204,213,217,222,231,178,214,221,225,226,229,236]
/store/data/Run2022D/HcalNZS/RAW/v1/000/357/688/00000/0bab8fd3-2588-4609-8b7c-76adca46c856.root 357688 [83,87,101,94,91,102,84,97,85,86,89,90,93,95,96,100,88,92,98,99]
/store/data/Run2022D/HcalNZS/RAW/v1/000/357/688/00000/13d18743-86b6-413d-ad9e-29f6d9d3fcf9.root 357688 [215,225,228,214,219,216,221,222,224,227,235,234,237,236,226,229,230,233,217,218,220,223,231,232,238]
/store/data/Run2022D/HcalNZS/RAW/v1/000/357/688/00000/26769d54-c69f-4e0b-b2c0-a4623b3c3e42.root 357688 [21,1,8,13,14,15,16,10,11,2,6,9,5,18,22,3,4,17,19,7,12,20,23]
/store/data/Run2022D/HcalNZS/RAW/v1/000/357/688/00000/31a3de88-1249-4656-a82e-5e4e6abcf141.root 357688 [113,117,119,125,105,110,104,107,118,123,124,109,111,114,108,112,116,121,122,106,115,120,103]
/store/data/Run2022D/HcalNZS/RAW/v1/000/357/688/00000/3804bfd3-5f8a-4b05-adc7-608fb2d2cb30.root 357688 [158,162,164,148,150,161,152,156,157,163,159,160,165,166,149,151,153,167,168,154,155]
/store/data/Run2022D/HcalNZS/RAW/v1/000/357/688/00000/54aa6c10-fd51-4e1b-b51d-642afe979c2a.root 357688 [134,139,140,130,136,137,143,144,128,133,129,135,138,126,146,127,141,131,147,132,142,145]
/store/data/Run2022D/HcalNZS/RAW/v1/000/357/688/00000/66993929-f544-429c-9795-d27ee8e0d6ab.root 357688 [249,253,261,241,244,251,247,256,257,259,243,239,248,250,255,258,260,240,242,245,246,254,252]
/store/data/Run2022D/HcalNZS/RAW/v1/000/357/688/00000/67415862-811f-4b35-8b88-1dc82722635a.root 357688 [24,30,39,28,36,42,29,31,33,35,38,27,37,26,34,40,41,25,32]
/store/data/Run2022D/HcalNZS/RAW/v1/000/357/688/00000/7a71399e-6690-435a-b78a-68a1ed0e0b4b.root 357688 [195,198,193,207,212,190,194,196,201,203,197,200,206,208,202,205,192,191,210,199,204,209,211,213]
/store/data/Run2022D/HcalNZS/RAW/v1/000/357/688/00000/807e6ad9-923c-4a5e-826b-12be74cf442b.root 357688 [75,64,65,69,70,71,72,80,82,67,68,78,79,77,73,63,76,81,66,74]
/store/data/Run2022D/HcalNZS/RAW/v1/000/357/688/00000/82c4deed-1dfb-45dc-a6ed-b4ec051157fa.root 357688 [376,359,350,351,354,356,363,371,372,365,368,357,358,364,374,352,360,362,367,353,361,366,369,375,355,370,373]
/store/data/Run2022D/HcalNZS/RAW/v1/000/357/688/00000/867f7537-5abb-48b7-956e-d8dc9cc7c1d6.root 357688 [378,377,384,386,387,388,383,389,380,381,382,385,379]
/store/data/Run2022D/HcalNZS/RAW/v1/000/357/688/00000/9c8b732d-c964-4793-b847-0abf4c943b09.root 357688 [336,344,346,347,323,331,333,329,338,339,324,327,328,330,340,345,349,341,343,326,348,325,337,332,334,335,342]
/store/data/Run2022D/HcalNZS/RAW/v1/000/357/688/00000/9d85338b-87aa-44cd-9e16-5f264fe01507.root 357688 [170,182,183,181,186,185,188,187,169,184,171,173,174,177,180,189,178,179,172,175,176]
/store/data/Run2022D/HcalNZS/RAW/v1/000/357/688/00000/bb5392c6-a60a-4c3a-bfe9-c3d1601a0c07.root 357688 [307,314,302,303,316,321,306,318,301,305,310,322,312,313,317,299,308,309,315,319,300,304,311,320]
/store/data/Run2022D/HcalNZS/RAW/v1/000/357/688/00000/cc22ecad-55a6-444f-afe4-6c6e8bdbf36b.root 357688 [274,277,285,288,290,296,298,263,264,273,275,280,282,289,294,266,278,281,286,267,268,292,272,276,283,284,295,297,262,269,271,293,291,265,270,279,287]
/store/data/Run2022D/HcalNZS/RAW/v1/000/357/688/00000/cc7f215f-58c7-4d17-b3bf-dad736141c88.root 357688 [48,51,54,58,45,47,60,50,43,46,62,56,57,59,55,49,53,61,44,52]
/store/data/Run2022D/HcalNZS/RAW/v1/000/357/696/00000/07265c4a-7db1-4b36-baa2-99275459f865.root 357696 [124,125,126,131,133,147,121,134,129,137,140,141,144,120,132,138,139,127,122,123,130,142,145,146,128,143,135,136]
/store/data/Run2022D/HcalNZS/RAW/v1/000/357/696/00000/21a0aabb-9eda-4c35-bfef-e15f4525e522.root 357696 [355,357,360,339,342,347,349,353,359,344,351,361,337,338,345,350,356,346,340,341,343,348,352,354,358]
/store/data/Run2022D/HcalNZS/RAW/v1/000/357/696/00000/2be321fc-59d6-4fa6-946b-bb2eedf1e3be.root 357696 [312,327,332,335,330,328,331,313,324,326,315,329,334,336,314,317,319,320,325,316,318,321,322,323,333]
/store/data/Run2022D/HcalNZS/RAW/v1/000/357/696/00000/470a7285-ad59-4e10-a144-1f30ddb37c61.root 357696 [363,373,378,382,371,375,379,380,385,364,366,368,370,377,381,383,384,362,365,367,369,374,376,372]
/store/data/Run2022D/HcalNZS/RAW/v1/000/357/696/00000/6202d9d7-14c0-4e26-b17f-bc7099c444ad.root 357696 [151,148,155,160,165,152,162,163,164,167,168,154,156,159,149,158,166,157,150,153,161]
/store/data/Run2022D/HcalNZS/RAW/v1/000/357/696/00000/62d7ad22-a58b-4be9-98a7-4bd81eae9e93.root 357696 [169,171,173,172,176,178,187,177,170,184,185,174,175,182,179,180,181,183,186,188]
/store/data/Run2022D/HcalNZS/RAW/v1/000/357/696/00000/6cb75641-2192-4ccb-9afc-fee0cbd53c2a.root 357696 [189,199,200,208,190,191,205,193,201,202,195,198,206,196,207,203,192,194,197,204]
/store/data/Run2022D/HcalNZS/RAW/v1/000/357/696/00000/7996c9e0-7e75-4cb2-84e9-643ebafe22e1.root 357696 [24,30,3,4,14,17,22,2,11,29,6,7,8,10,18,23,1,13,19,26,9,12,15,20,5,16,21,25,27,28]
/store/data/Run2022D/HcalNZS/RAW/v1/000/357/696/00000/8077f73c-48d0-48ed-b7e7-edac564182a7.root 357696 [409]
/store/data/Run2022D/HcalNZS/RAW/v1/000/357/696/00000/82f98631-d4f6-4382-820a-4720f9f4058d.root 357696 [237,246,247,231,239,233,234,236,238,240,243,229,245,232,241,230,235,242,248,244]
/store/data/Run2022D/HcalNZS/RAW/v1/000/357/696/00000/835cf3b5-a6fd-47fd-8564-c7c4879cf7f5.root 357696 [405,389,395,400,391,402,401,406,393,394,396,398,397,403,392,404,386,387,388,390,399]
/store/data/Run2022D/HcalNZS/RAW/v1/000/357/696/00000/9740ebd8-3315-409e-9245-a97fb96d7481.root 357696 [97,109,119,96,106,115,103,105,98,101,104,108,102,107,110,114,117,99,100,112,113,116,118,111]
/store/data/Run2022D/HcalNZS/RAW/v1/000/357/696/00000/a3c0497c-f3de-434a-89bf-431a5927b28b.root 357696 [218,221,211,214,228,210,217,219,222,227,209,224,223,226,212,213,215,220,225,216]
/store/data/Run2022D/HcalNZS/RAW/v1/000/357/696/00000/a64264bb-4d69-47fa-b0a0-a267c3b75896.root 357696 [253,257,259,256,261,250,254,258,260,263,266,268,264,267,249,251,252,262,269,255,265]
/store/data/Run2022D/HcalNZS/RAW/v1/000/357/696/00000/b07ff87c-fcc0-4582-bf15-347474f8be81.root 357696 [272,280,270,271,279,283,274,276,278,281,288,277,284,287,275,286,273,282,285,289]
/store/data/Run2022D/HcalNZS/RAW/v1/000/357/696/00000/b559dd5a-79ed-4e4c-8fbb-9ba8c4367993.root 357696 [67,36,57,59,61,62,35,38,40,43,46,47,50,51,58,60,39,53,54,63,64,37,42,45,49,66,70,48,52,69,56,65,68,41,44,55]
/store/data/Run2022D/HcalNZS/RAW/v1/000/357/696/00000/d2e981d1-f71f-45a2-a849-780ed2e11293.root 357696 [76,74,87,88,90,91,77,78,81,83,89,71,75,80,84,85,94,82,86,72,79,73,92,93,95]
/store/data/Run2022D/HcalNZS/RAW/v1/000/357/696/00000/d8794219-48b1-41f7-9914-6d168e9edd86.root 357696 [302,291,304,308,295,297,310,294,298,311,293,300,307,303,290,292,299,301,306,296,305,309]
/store/data/Run2022D/HcalNZS/RAW/v1/000/357/697/00000/492f0dec-575e-44cc-81b6-2edd1e1e7170.root 357697 [3,10,20,22,23,27,25,26,12,21,4,6,14,7,9,18,2,15,1,5,8,11,17,13,16,19,24]
/store/data/Run2022D/HcalNZS/RAW/v1/000/357/697/00000/73411412-f2c3-4f07-972d-8700e420ec73.root 357697 [61,70,60,67,69,78,56,75,76,55,58,66,77,65,57,59,62,64,68,73,63,71,74,72]
/store/data/Run2022D/HcalNZS/RAW/v1/000/357/697/00000/a1800374-c1e7-424c-b2d3-ffcb99fbcd25.root 357697 [30,32,44,51,35,41,54,31,36,39,40,43,49,50,38,47,48,33,45,28,37,52,53,34,29,42,46]
/store/data/Run2022D/HcalNZS/RAW/v1/000/357/698/00000/554e3365-33e3-449f-bf68-98d00b8a6c08.root 357698 [56,58,57,55]
/store/data/Run2022D/HcalNZS/RAW/v1/000/357/698/00000/7af7ef39-f644-49b4-82b8-e57bd665b3c6.root 357698 [4,7,9,15,19,23,24,26,18,21,1,8,16,27,10,14,20,22,11,25,5,12,17,2,3,6,13]
/store/data/Run2022D/HcalNZS/RAW/v1/000/357/698/00000/aaf23022-25e3-4534-8367-63a764d7c413.root 357698 [28,36,37,40,51,32,33,46,48,50,42,44,39,43,29,31,34,38,41,45,49,35,52,53,30,47,54]
/store/data/Run2022D/HcalNZS/RAW/v1/000/357/699/00000/f6197282-c1d0-45a7-9fc3-6576105c11a0.root 357699 [2,15,16,25,6,26,29,4,14,5,8,10,13,17,20,22,27,3,7,23,24,1,9,11,19,12,18,21,28]
/store/data/Run2022D/HcalNZS/RAW/v1/000/357/700/00000/075d3cd7-349f-4993-8961-d6f49889afc2.root 357700 [561,564,565,572,573,578,555,576,583,559,560,562,570,575,548,556,577,579,580,550,551,552,571,554,563,566,567,569,574,585,586,587,549,553,558,568,584,557,581,582]
/store/data/Run2022D/HcalNZS/RAW/v1/000/357/700/00000/17823103-feca-4772-880d-f2f0948511d7.root 357700 [599,602,606,616,620,592,597,607,623,626,593,605,609,610,613,618,628,588,591,594,596,611,614,619,622,625,631,627,629,590,598,600,604,608,617,621,589,595,612,601,603,615,624,630]
/store/data/Run2022D/HcalNZS/RAW/v1/000/357/700/00000/1b037068-20db-4ff6-9b16-2bbc4f8d95c7.root 357700 [323,324,327,331,346,322,333,325,329,330,338,343,344,348,320,334,339,326,335,340,342,349,350,332,347,351,353,319,328,337,341,354,321,336,345,352]
/store/data/Run2022D/HcalNZS/RAW/v1/000/357/700/00000/21c4a9e5-e25e-4de7-8f38-1b534d353ac7.root 357700 [429,435,462,467,438,453,437,439,449,455,459,441,448,457,460,465,432,433,434,436,440,444,452,464,445,447,450,451,454,463,442,443,446,458,461,428,430,431,456,466]
/store/data/Run2022D/HcalNZS/RAW/v1/000/357/700/00000/40af46af-e4f7-4976-9239-4160da7909fb.root 357700 [225,226,229,239,243,223,227,228,241,242,246,217,220,218,232,237,238,244,240,245,248,219,224,230,233,236,249,221,222,235,247,231,234]
/store/data/Run2022D/HcalNZS/RAW/v1/000/357/700/00000/5e142b15-cdf6-4f61-a64f-e3007d695ecd.root 357700 [392,394,398,402,406,420,427,403,411,414,395,396,397,405,409,410,412,415,421,424,416,417,419,399,401,418,425,393,400,407,404,423,408,413,422,426]
/store/data/Run2022D/HcalNZS/RAW/v1/000/357/700/00000/5f9ad3ad-35a6-4907-8209-6234785afb9d.root 357700 [374,375,383,382,385,389,355,370,378,384,356,363,369,386,367,371,379,357,358,360,366,368,377,387,391,359,361,362,365,373,381,390,364,372,376,380,388]
/store/data/Run2022D/HcalNZS/RAW/v1/000/357/700/00000/6420e263-168e-46a2-9f80-1e35ec4bcacc.root 357700 [485,491,493,501,503,468,487,489,495,506,471,473,475,494,502,507,474,480,481,496,470,472,488,499,504,476,477,479,483,490,498,469,478,482,484,486,492,497,500,505]
/store/data/Run2022D/HcalNZS/RAW/v1/000/357/700/00000/650a5b25-a993-4933-9a73-953a31c3ade7.root 357700 [253,263,256,259,266,272,255,257,274,276,277,252,254,269,270,280,251,264,265,271,279,282,258,267,250,260,261,273,278,262,268,275,281]
/store/data/Run2022D/HcalNZS/RAW/v1/000/357/700/00000/65788add-137e-42fb-8ead-7529238a551f.root 357700 [731,739,748,724,730,735,726,736,737,749,750,753,740,742,743,752,734,741,757,727,728,732,733,729,738,744,745,746,747,751,754,756,725,755,758]
/store/data/Run2022D/HcalNZS/RAW/v1/000/357/700/00000/6cf14814-4df6-46bf-9f5e-9b25cc7e2a92.root 357700 [213,207,210,208,209,211,212]
/store/data/Run2022D/HcalNZS/RAW/v1/000/357/700/00000/70e5402e-1920-44b1-a716-b53b7b1107ab.root 357700 [55,56,31,32,41,49,51,54,58,46,52,60,37,39,57,36,45,59,35,44,48,50,53,33,42,43,34,38,40,47]
/store/data/Run2022D/HcalNZS/RAW/v1/000/357/700/00000/7b698ce3-a384-4e5d-99df-054be0fa319b.root 357700 [509,512,536,540,543,547,510,518,520,521,523,514,532,534,528,513,516,517,522,535,542,544,545,508,511,525,526,527,529,531,538,539,546,515,524,541,519,530,533,537]
/store/data/Run2022D/HcalNZS/RAW/v1/000/357/700/00000/85742c50-ac1d-4077-8ddd-d0753fbdbefa.root 357700 [126,141,142,144,124,128,134,145,147,121,125,131,133,137,123,135,129,122,136,138,139,149,130,132,140,143,146,127,148,150]
/store/data/Run2022D/HcalNZS/RAW/v1/000/357/700/00000/8e148fd1-0728-40b5-ae75-7c7cf7221590.root 357700 [63,84,89,70,82,68,73,75,65,71,78,79,88,66,67,72,74,90,76,64,77,80,81,86,61,62,69,83,85,87]
/store/data/Run2022D/HcalNZS/RAW/v1/000/357/700/00000/b706c38d-3b89-4a6e-b71c-19fb31b87c22.root 357700 [676,677,679,695,696,699,716,678,687,688,689,704,710,711,714,717,680,702,709,719,720,681,693,700,706,708,712,718,721,722,723,685,698,703,682,690,691,705,707,683,684,692,694,715,686,697,701,713]
/store/data/Run2022D/HcalNZS/RAW/v1/000/357/700/00000/b7a442f3-d9ac-4610-8e52-558a8c0e65bb.root 357700 [9,15,28,4,6,10,14,16,27,1,20,30,3,7,19,12,13,21,22,25,18,26,29,5,8,11,17,2,23,24]
/store/data/Run2022D/HcalNZS/RAW/v1/000/357/700/00000/b99408ed-7f17-41a2-9f99-d974053d858b.root 357700 [284,292,295,313,293,303,304,290,298,307,314,318,283,301,305,306,310,312,286,289,315,285,297,299,308,317,287,288,291,296,300,302,316,294,309,311]
/store/data/Run2022D/HcalNZS/RAW/v1/000/357/700/00000/d6dc6d6c-7b31-467c-9fa7-82b7a333afb8.root 357700 [632,641,656,636,639,646,649,650,653,661,664,655,662,663,667,673,640,652,654,658,666,669,634,642,651,671,635,638,645,657,660,674,633,637,643,647,670,644,648,659,665,668,672,675]
/store/data/Run2022D/HcalNZS/RAW/v1/000/357/700/00000/db9c2b3f-fe40-45b5-8cfc-973f47c7bb67.root 357700 [185,186,188,189,205,202,182,192,193,194,203,204,196,183,198,201,181,187,200,184,190,195,197,191,199]
/store/data/Run2022D/HcalNZS/RAW/v1/000/357/700/00000/e24b6b29-5f10-4990-818f-a8854e56e94b.root 357700 [100,107,110,111,119,93,108,112,113,94,97,102,105,115,116,118,101,104,114,117,92,95,98,91,96,99,106,109,120,103]
/store/data/Run2022D/HcalNZS/RAW/v1/000/357/700/00000/ec95f71f-4d0c-47b4-bcee-a430ce3830ba.root 357700 [173,177,151,152,156,172,180,155,163,168,174,176,154,159,165,166,167,153,164,170,175,178,161,162,169,158,171,157,160,179]
