/store/data/Run2024E/HcalNZS/RAW/v1/000/380/963/00000/08428c62-7aaf-4b2e-90e6-d4b20564cd9e.root 380963 [636,641,643,645,642,644,647,649,635,637,638,639,653,648,646,650,640,651,652,654]
/store/data/Run2024E/HcalNZS/RAW/v1/000/380/963/00000/0dc0095d-a7ba-4bf8-95e7-c7f49de19104.root 380963 [855,838,842,844,848,851,854,858,850,859,841,852,853,843,846,847,857,860,840,849,837,839,845,856]
/store/data/Run2024E/HcalNZS/RAW/v1/000/380/963/00000/137a8ddb-20c0-42f8-b577-34e2bdca8103.root 380963 [664,674,663,667,658,671,672,655,657,665,666,669,660,668,662,656,661,670,659,673]
/store/data/Run2024E/HcalNZS/RAW/v1/000/380/963/00000/14c6f1ce-b78e-4324-87fe-e640013c9bac.root 380963 [702,713,715,717,705,712,697,699,703,704,707,709,716,706,711,698,700,701,708,710,714,718]
/store/data/Run2024E/HcalNZS/RAW/v1/000/380/963/00000/203eec8b-01a7-470e-a7cb-16b0308b0e58.root 380963 [189,196,198,200,190,191,197,192,199,188,193,194,202,187,195,201]
/store/data/Run2024E/HcalNZS/RAW/v1/000/380/963/00000/22576748-6c19-4eff-bdda-8579eb35e406.root 380963 [111,119,122,129,131,134,109,117,123,130,128,112,120,121,126,127,133,116,118,125,108,110,124,132,113,114,115]
/store/data/Run2024E/HcalNZS/RAW/v1/000/380/963/00000/235d8aa0-54cd-4d9b-81e7-c9c794c31de9.root 380963 [471,473,477,483,469,470,475,480,482,479,481,478,484,472,474,476,467,468]
/store/data/Run2024E/HcalNZS/RAW/v1/000/380/963/00000/25ab5938-6d8b-4b10-bcfb-68249e9eb01a.root 380963 [161,162,164,167,153,156,165,158,170,157,168,154,155,169,163,159,160,166]
/store/data/Run2024E/HcalNZS/RAW/v1/000/380/963/00000/2729c180-e471-48cc-ad28-0b17a762f493.root 380963 [256,262,252,264,265,263,255,266,257,259,253,254,258,260,261,251]
/store/data/Run2024E/HcalNZS/RAW/v1/000/380/963/00000/2d044b04-9fe8-4059-8c28-4efbee24b95e.root 380963 [583,588,578,579,590,592,593,594,577,586,591,595,581,582,585,587,589,584,580,576]
/store/data/Run2024E/HcalNZS/RAW/v1/000/380/963/00000/30986059-ebe8-4f4e-b0f2-b78dfd008ef3.root 380963 [350,358,364,359,349,355,357,363,352,356,360,354,351,361,353,362]
/store/data/Run2024E/HcalNZS/RAW/v1/000/380/963/00000/37db53f4-2edb-4a63-a998-db8c22424e45.root 380963 [223,227,229,231,234,228,224,226,233,219,221,220,222,230,225,232]
/store/data/Run2024E/HcalNZS/RAW/v1/000/380/963/00000/3c7e5d80-2790-4ea4-8b49-0310b234e103.root 380963 [525,526,528,536,521,522,529,530,531,532,524,535,523,527,533,534,537,538]
/store/data/Run2024E/HcalNZS/RAW/v1/000/380/963/00000/3e09369f-3b29-4ec3-b840-419834869b31.root 380963 [367,369,370,374,379,372,366,371,381,380,375,378,365,382,368,373,376,377]
/store/data/Run2024E/HcalNZS/RAW/v1/000/380/963/00000/43241a9d-8590-4f69-8b7d-b23a71717b0b.root 380963 [182,171,181,183,184,186,179,185,175,178,180,172,173,176,177,174]
/store/data/Run2024E/HcalNZS/RAW/v1/000/380/963/00000/4e788097-e719-40bd-aa15-3fde1c4ae664.root 380963 [337,340,335,336,345,342,343,338,344,346,333,339,341,334,347,348]
/store/data/Run2024E/HcalNZS/RAW/v1/000/380/963/00000/4f2d64b1-c6e2-4f2a-a56d-db9b9f7e2682.root 380963 [236,237,240,241,246,247,250,235,245,239,248,249,238,244,242,243]
/store/data/Run2024E/HcalNZS/RAW/v1/000/380/963/00000/6a774bad-d985-47b8-894e-91371a2e93eb.root 380963 [385,388,395,397,386,392,396,384,394,393,383,391,398,387,390,389]
/store/data/Run2024E/HcalNZS/RAW/v1/000/380/963/00000/6aaa5bcc-42a2-4525-8ea9-437b1cb837ea.root 380963 [605,608,598,609,596,611,603,604,606,610,599,602,607,612,597,601,613,614,600]
/store/data/Run2024E/HcalNZS/RAW/v1/000/380/963/00000/6d7993da-6675-47ba-b98f-57f0a6fac907.root 380963 [453,455,456,465,454,458,459,464,452,460,461,449,450,451,457,462,463,466]
/store/data/Run2024E/HcalNZS/RAW/v1/000/380/963/00000/700ce20e-d94b-4a57-b26e-053a04b5fb31.root 380963 [720,722,725,726,728,732,719,721,734,739,729,733,737,738,730,740,735,723,727,736,731,724]
/store/data/Run2024E/HcalNZS/RAW/v1/000/380/963/00000/708de17e-a4a5-431d-a867-c7cf96e9fccb.root 380963 [399,408,413,400,407,405,410,414,404,409,412,411,401,402,403,406]
/store/data/Run2024E/HcalNZS/RAW/v1/000/380/963/00000/71a9baa3-4fe0-47d3-8065-34388a3c1e72.root 380963 [284,294,298,299,290,292,297,291,286,289,296,283,295,287,288,293,300,285]
/store/data/Run2024E/HcalNZS/RAW/v1/000/380/963/00000/792a2c52-adc4-40be-ad36-560a47ca2229.root 380963 [282,272,276,275,269,270,280,281,267,271,268,273,274,277,278,279]
/store/data/Run2024E/HcalNZS/RAW/v1/000/380/963/00000/7b55758a-6498-4139-9373-e12096a425f5.root 380963 [861,865,867,879,862,872,873,864,870,874,877,863,866,880,881,882,884,868,869,871,875,878,876,883]
/store/data/Run2024E/HcalNZS/RAW/v1/000/380/963/00000/7e51d989-b9b9-4066-bc9d-6656ac3ad7a0.root 380963 [787,792,803,788,789,791,799,801,797,798,796,806,810,804,811,790,800,793,794,808,809,795,802,805,807]
/store/data/Run2024E/HcalNZS/RAW/v1/000/380/963/00000/80316115-d6fa-40bb-b26d-4487cdac8bfc.root 380963 [425,430,415,426,421,429,419,427,417,422,428,420,423,424,416,418]
/store/data/Run2024E/HcalNZS/RAW/v1/000/380/963/00000/850ac510-4b30-4a18-a9f7-711087529adc.root 380963 [546,550,552,553,540,545,549,551,539,556,548,541,544,554,542,543,547,555]
/store/data/Run2024E/HcalNZS/RAW/v1/000/380/963/00000/93830f08-770a-4ff6-8ebe-e1ad17b5e6dc.root 380963 [432,433,434,435,438,439,440,431,436,441,442,444,448,437,445,447,443,446]
/store/data/Run2024E/HcalNZS/RAW/v1/000/380/963/00000/9a1065a6-4c19-4575-84eb-1b29ccd6aba5.root 380963 [86,106,85,100,107,84,96,90,91,98,88,93,94,99,104,87,92,102,103,97,101,89,95,105]
/store/data/Run2024E/HcalNZS/RAW/v1/000/380/963/00000/9f7c83be-8901-4141-86f0-2bda944e1436.root 380963 [950,964,949,958,960,962,944,945,948,942,954,957,941,951,952,955,946,963,956,959,961,939,940,943,947,953]
/store/data/Run2024E/HcalNZS/RAW/v1/000/380/963/00000/a073c9bf-58f3-4c8a-9250-ec5e445e533c.root 380963 [306,304,316,314,307,309,311,301,310,312,303,308,302,305,313,315]
/store/data/Run2024E/HcalNZS/RAW/v1/000/380/963/00000/a49fa89f-0a5f-4a30-b737-744e0e62a292.root 380963 [772,783,776,779,782,771,777,786,767,770,773,765,785,766,774,784,768,775,780,781,769,778]
/store/data/Run2024E/HcalNZS/RAW/v1/000/380/963/00000/a699f93c-c85d-41df-8fa6-d3aee3d24b8a.root 380963 [508,511,516,519,503,518,507,509,514,504,505,513,515,506,520,517,510,512]
/store/data/Run2024E/HcalNZS/RAW/v1/000/380/963/00000/a79544e4-5515-409d-b922-84ea0cf46411.root 380963 [616,617,619,627,615,618,620,630,629,632,634,621,622,625,624,626,628,631,633,623]
/store/data/Run2024E/HcalNZS/RAW/v1/000/380/963/00000/ab0c609d-c7c4-473b-96a8-2e0624a155fc.root 380963 [676,682,694,681,678,684,686,695,683,685,688,687,689,692,693,679,690,675,677,680,691,696]
/store/data/Run2024E/HcalNZS/RAW/v1/000/380/963/00000/af5bfb6c-223d-4aa4-8246-373ff5cfa590.root 380963 [136,137,140,152,147,138,144,151,135,145,149,150,143,146,139,141,142,148]
/store/data/Run2024E/HcalNZS/RAW/v1/000/380/963/00000/d7240231-ec57-4197-a628-810c5e293420.root 380963 [921,925,927,935,916,918,919,914,924,926,929,938,920,934,912,913,922,928,936,937,930,931,933,917,915,923,932]
/store/data/Run2024E/HcalNZS/RAW/v1/000/380/963/00000/e1c2d497-ee80-4c10-a258-c53580cb996d.root 380963 [567,574,559,562,569,571,572,575,563,564,565,568,557,558,561,570,573,560,566]
/store/data/Run2024E/HcalNZS/RAW/v1/000/380/963/00000/e4c15771-63cc-40a7-a4ee-780c13e898a5.root 380963 [205,218,204,210,214,215,216,208,209,212,207,213,211,203,206,217]
/store/data/Run2024E/HcalNZS/RAW/v1/000/380/963/00000/e5d815b2-f987-4538-b097-c6aa3c7b123c.root 380963 [498,487,485,488,489,490,496,500,491,493,494,497,492,499,486,495,501,502]
/store/data/Run2024E/HcalNZS/RAW/v1/000/380/963/00000/e6e398b4-b00c-43ca-aa03-2b399b27694d.root 380963 [317,321,324,328,330,323,325,327,329,332,320,318,322,326,331,319]
/store/data/Run2024E/HcalNZS/RAW/v1/000/380/963/00000/e6f595b3-088c-4259-b480-60d091c188b2.root 380963 [834,835,812,817,820,830,832,822,833,836,814,816,821,825,823,824,826,827,828,831,813,815,818,819,829]
/store/data/Run2024E/HcalNZS/RAW/v1/000/380/963/00000/f476b5ef-8c75-4a90-940a-e6b04a5fc4b9.root 380963 [22,32,77,5,7,16,23,27,28,34,36,57,65,70,73,11,49,83,3,25,33,39,42,48,62,72,82,2,19,29,35,45,50,51,52,53,56,58,76,81,4,8,10,12,18,24,30,38,40,43,44,46,54,66,68,71,75,6,9,13,14,15,17,20,21,31,47,55,60,63,67,1,26,37,41,59,61,64,69,74,78,79,80]
/store/data/Run2024E/HcalNZS/RAW/v1/000/380/963/00000/f583fbe4-2e9a-4127-83f2-fcedf210d4b0.root 380963 [904,907,910,911,885,893,894,899,886,887,891,897,898,901,903,905,890,892,896,902,908,909,888,895,906,900,889]
/store/data/Run2024E/HcalNZS/RAW/v1/000/380/963/00000/f8551bb5-aaee-4312-b4a4-95909755587a.root 380963 [744,758,763,764,745,746,753,761,743,755,757,762,748,750,751,752,742,749,754,760,747,756,759,741]
