/store/data/Run2017F/DoubleEG/RAW/v1/000/305/064/00000/00144F5C-69B1-E711-A0CF-02163E01A569.root [934,931,933,932]
/store/data/Run2017F/DoubleEG/RAW/v1/000/305/064/00000/001E5433-6AB1-E711-BEEE-02163E0144E6.root [1408,1405,1406,1407,1409,1410]
/store/data/Run2017F/DoubleEG/RAW/v1/000/305/064/00000/008EA354-F8B0-E711-A336-02163E014252.root [40,39]
/store/data/Run2017F/DoubleEG/RAW/v1/000/305/064/00000/00E25244-14B1-E711-84F9-02163E014387.root [559,560,561]
/store/data/Run2017F/DoubleEG/RAW/v1/000/305/064/00000/00EC4A6A-69B1-E711-9DB9-02163E01A6D2.root [1063,1066,1064,1065]
/store/data/Run2017F/DoubleEG/RAW/v1/000/305/064/00000/02E410EB-69B1-E711-B227-02163E0140ED.root [1783,1784,1788,1785,1786,1789,1787]
/store/data/Run2017F/DoubleEG/RAW/v1/000/305/064/00000/04036D26-D9B1-E711-A57C-02163E019E22.root [330,329,331,328]
/store/data/Run2017F/DoubleEG/RAW/v1/000/305/064/00000/047C7D80-69B1-E711-B55D-02163E0146D3.root [1040,1039,1041,1042]
/store/data/Run2017F/DoubleEG/RAW/v1/000/305/064/00000/061C18AD-FBB0-E711-8633-02163E014398.root [98,97]
/store/data/Run2017F/DoubleEG/RAW/v1/000/305/064/00000/069F6D1F-6AB1-E711-8141-02163E01A56A.root [1969,1966,1971,1972,1973,1970,1967,1968]
/store/data/Run2017F/DoubleEG/RAW/v1/000/305/064/00000/06B555AD-01B1-E711-B82D-02163E013921.root [213,214]
/store/data/Run2017F/DoubleEG/RAW/v1/000/305/064/00000/06C940D9-03B1-E711-BA71-02163E019E10.root [256,255]
/store/data/Run2017F/DoubleEG/RAW/v1/000/305/064/00000/080922FA-69B1-E711-AAB1-02163E019C68.root [1759,1758,1760,1761,1757,1755,1756]
/store/data/Run2017F/DoubleEG/RAW/v1/000/305/064/00000/080E47C0-E2B1-E711-8AF5-02163E019CD3.root [491,493,492,494]
/store/data/Run2017F/DoubleEG/RAW/v1/000/305/064/00000/081A35EF-69B1-E711-A0E8-02163E0142EF.root [1943,1946,1948,1949,1942,1947,1944,1945]
/store/data/Run2017F/DoubleEG/RAW/v1/000/305/064/00000/087F8DCD-69B1-E711-BD6F-02163E014680.root [1189,1187,1185,1188,1186]
/store/data/Run2017F/DoubleEG/RAW/v1/000/305/064/00000/08D41A8B-01B1-E711-9996-02163E014387.root [205,206]
/store/data/Run2017F/DoubleEG/RAW/v1/000/305/064/00000/0A697DE2-69B1-E711-9178-02163E01A4EF.root [1420,1422,1421,1417,1418,1419]
/store/data/Run2017F/DoubleEG/RAW/v1/000/305/064/00000/0AA79B86-69B1-E711-8E98-02163E011E9F.root [1044,1046,1045,1043]
/store/data/Run2017F/DoubleEG/RAW/v1/000/305/064/00000/0AC040D9-03B1-E711-9921-02163E019E10.root [253,254]
/store/data/Run2017F/DoubleEG/RAW/v1/000/305/064/00000/0C684F23-6AB1-E711-9676-02163E01A4A5.root [1862,1864,1869,1866,1868,1865,1863,1867]
/store/data/Run2017F/DoubleEG/RAW/v1/000/305/064/00000/0C95B30F-6AB1-E711-A219-02163E013768.root [1883,1879,1884,1880,1881,1882,1885,1878]
/store/data/Run2017F/DoubleEG/RAW/v1/000/305/064/00000/0CB8F1F4-69B1-E711-B63C-02163E01A5FF.root [1559,1560,1556,1555,1557,1558]
/store/data/Run2017F/DoubleEG/RAW/v1/000/305/064/00000/0CF70675-FFB0-E711-9847-02163E0137FF.root [169,170]
/store/data/Run2017F/DoubleEG/RAW/v1/000/305/064/00000/0E1CEE60-69B1-E711-999A-02163E019BE7.root [1028,1027,1029,1030]
/store/data/Run2017F/DoubleEG/RAW/v1/000/305/064/00000/0E4459EC-09B1-E711-B82D-02163E01A33B.root [359,360]
/store/data/Run2017F/DoubleEG/RAW/v1/000/305/064/00000/0E7A4CE5-69B1-E711-B1DA-02163E01465D.root [1676,1672,1677,1671,1673,1675,1674]
/store/data/Run2017F/DoubleEG/RAW/v1/000/305/064/00000/0EF0E1A5-02B1-E711-BF80-02163E011BAB.root [232,231]
/store/data/Run2017F/DoubleEG/RAW/v1/000/305/064/00000/10027669-69B1-E711-8C40-02163E019D30.root [913,914,912,911]
/store/data/Run2017F/DoubleEG/RAW/v1/000/305/064/00000/10404AED-14B1-E711-84DA-02163E0141E4.root [568,570,569]
/store/data/Run2017F/DoubleEG/RAW/v1/000/305/064/00000/106F56C0-E2B1-E711-BF3A-02163E01A292.root [532,531,534,533]
/store/data/Run2017F/DoubleEG/RAW/v1/000/305/064/00000/10A48890-FCB0-E711-8942-02163E01A4AB.root [119,120]
/store/data/Run2017F/DoubleEG/RAW/v1/000/305/064/00000/10D668CF-69B1-E711-95DB-02163E013823.root [1193,1194,1191,1192,1190]
/store/data/Run2017F/DoubleEG/RAW/v1/000/305/064/00000/10D6C23E-69B1-E711-B51D-02163E013927.root [904,906,903,905]
/store/data/Run2017F/DoubleEG/RAW/v1/000/305/064/00000/10DC0A5F-69B1-E711-AEFE-02163E01A567.root [756,754,755]
/store/data/Run2017F/DoubleEG/RAW/v1/000/305/064/00000/1210308B-69B1-E711-BE68-02163E014266.root [1160,1161,1163,1162,1164]
/store/data/Run2017F/DoubleEG/RAW/v1/000/305/064/00000/1210F4E9-69B1-E711-B88C-02163E0138EF.root [1287,1286,1285,1288,1289]
/store/data/Run2017F/DoubleEG/RAW/v1/000/305/064/00000/12CBE9E8-69B1-E711-9868-02163E019B5C.root [1545,1544,1548,1543,1546,1547]
/store/data/Run2017F/DoubleEG/RAW/v1/000/305/064/00000/12F32828-69B1-E711-833F-02163E0141F1.root [915,916,917,918]
/store/data/Run2017F/DoubleEG/RAW/v1/000/305/064/00000/12FBB475-69B1-E711-A052-02163E01A5FF.root [900,901,902,899]
/store/data/Run2017F/DoubleEG/RAW/v1/000/305/064/00000/140E30F7-16B1-E711-AA90-02163E01A5AD.root [600,598,599]
/store/data/Run2017F/DoubleEG/RAW/v1/000/305/064/00000/1415C809-06B1-E711-86DE-02163E013649.root [295,296]
/store/data/Run2017F/DoubleEG/RAW/v1/000/305/064/00000/163FDE8C-3AB2-E711-8319-02163E01A703.root [769,770,771]
/store/data/Run2017F/DoubleEG/RAW/v1/000/305/064/00000/168B44E8-69B1-E711-8B30-02163E0146B4.root [1331,1332,1333,1334,1335]
/store/data/Run2017F/DoubleEG/RAW/v1/000/305/064/00000/16BE0A68-69B1-E711-80A3-02163E01A681.root [782,783,784]
/store/data/Run2017F/DoubleEG/RAW/v1/000/305/064/00000/182A49ED-69B1-E711-8D6E-02163E011E2B.root [1888,1890,1892,1887,1891,1889,1893,1886]
/store/data/Run2017F/DoubleEG/RAW/v1/000/305/064/00000/18823C7A-69B1-E711-B9FF-02163E0142E3.root [1079,1080,1081,1082]
/store/data/Run2017F/DoubleEG/RAW/v1/000/305/064/00000/18838C42-69B1-E711-98C8-02163E01A7A3.root [707,706,708]
/store/data/Run2017F/DoubleEG/RAW/v1/000/305/064/00000/1897E430-69B1-E711-9670-02163E014416.root [741,739,740]
/store/data/Run2017F/DoubleEG/RAW/v1/000/305/064/00000/1A01ADC1-D5B1-E711-A893-02163E01A340.root [345,346]
/store/data/Run2017F/DoubleEG/RAW/v1/000/305/064/00000/1A158B11-E4B1-E711-A9F8-02163E019E5D.root [364,366,365,363]
/store/data/Run2017F/DoubleEG/RAW/v1/000/305/064/00000/1A84C09D-C2B1-E711-9653-02163E01A2F6.root [16,15]
/store/data/Run2017F/DoubleEG/RAW/v1/000/305/064/00000/1A8C9B57-08B1-E711-9853-02163E0143C3.root [337,336,338]
/store/data/Run2017F/DoubleEG/RAW/v1/000/305/064/00000/1AE87047-69B1-E711-A176-02163E01A593.root [746,747,745]
/store/data/Run2017F/DoubleEG/RAW/v1/000/305/064/00000/1C217D93-FEB0-E711-95D2-02163E01412F.root [157,158]
/store/data/Run2017F/DoubleEG/RAW/v1/000/305/064/00000/1C433A79-02B1-E711-A9D4-02163E013419.root [227,228]
/store/data/Run2017F/DoubleEG/RAW/v1/000/305/064/00000/1C4601E8-69B1-E711-907C-02163E01A77B.root [1670,1668,1669,1667,1665,1666,1664]
/store/data/Run2017F/DoubleEG/RAW/v1/000/305/064/00000/1C4C85B9-D1B1-E711-95EA-02163E01A403.root [261,262]
/store/data/Run2017F/DoubleEG/RAW/v1/000/305/064/00000/1C5B39B0-3AB2-E711-B5C5-02163E011C08.root [840,842,844,841,843,845]
/store/data/Run2017F/DoubleEG/RAW/v1/000/305/064/00000/1C9ED26E-69B1-E711-9B29-02163E01A30D.root [748,750,749]
/store/data/Run2017F/DoubleEG/RAW/v1/000/305/064/00000/1CA2654E-DEB1-E711-8E40-02163E01A2A8.root [443,444,441,442]
/store/data/Run2017F/DoubleEG/RAW/v1/000/305/064/00000/1CCD22B9-18B1-E711-A1AD-02163E012298.root [641,640,642]
/store/data/Run2017F/DoubleEG/RAW/v1/000/305/064/00000/1E0CBF11-6AB1-E711-BF1D-02163E0143F3.root [1858,1855,1854,1857,1859,1856,1860,1861]
/store/data/Run2017F/DoubleEG/RAW/v1/000/305/064/00000/1E3A290A-07B1-E711-B464-02163E019BD1.root [299,300]
/store/data/Run2017F/DoubleEG/RAW/v1/000/305/064/00000/1E55BD52-69B1-E711-B96C-02163E01A426.root [935,936,938,937]
/store/data/Run2017F/DoubleEG/RAW/v1/000/305/064/00000/1EE2ACF8-69B1-E711-81EC-02163E01A5F9.root [1591,1593,1590,1592,1594,1589]
/store/data/Run2017F/DoubleEG/RAW/v1/000/305/064/00000/1EE6632A-69B1-E711-8A4B-02163E014416.root [793,792,791]
/store/data/Run2017F/DoubleEG/RAW/v1/000/305/064/00000/2013F8DE-69B1-E711-ACEA-02163E011EBA.root [1512,1511,1510,1509,1507,1508]
/store/data/Run2017F/DoubleEG/RAW/v1/000/305/064/00000/20179A4D-69B1-E711-BF2A-02163E01A75E.root [837,836,838,839]
/store/data/Run2017F/DoubleEG/RAW/v1/000/305/064/00000/201B58E0-69B1-E711-8E59-02163E01197D.root [2018,2020,2025,2029,2030,2024,2033,2022,2023,2026,2032,2021,2028,2019,2027,2031]
/store/data/Run2017F/DoubleEG/RAW/v1/000/305/064/00000/20B81559-69B1-E711-853E-02163E01A72C.root [674,673,675]
/store/data/Run2017F/DoubleEG/RAW/v1/000/305/064/00000/20B9E01E-19B1-E711-8A35-02163E0138BE.root [647,646,648]
/store/data/Run2017F/DoubleEG/RAW/v1/000/305/064/00000/20F911E9-69B1-E711-A647-02163E014682.root [1634,1629,1635,1630,1633,1632,1631]
/store/data/Run2017F/DoubleEG/RAW/v1/000/305/064/00000/224A98DD-69B1-E711-A401-02163E01A32C.root [1380,1378,1379,1381,1376,1377]
/store/data/Run2017F/DoubleEG/RAW/v1/000/305/064/00000/22A07DA2-69B1-E711-A5E3-02163E013735.root [1097,1096,1098,1099]
/store/data/Run2017F/DoubleEG/RAW/v1/000/305/064/00000/22C0409E-FEB0-E711-90B3-02163E014360.root [151,152]
/store/data/Run2017F/DoubleEG/RAW/v1/000/305/064/00000/24A31339-6AB1-E711-9EB1-02163E0146FC.root [1623,1622,1628,1626,1624,1625,1627]
/store/data/Run2017F/DoubleEG/RAW/v1/000/305/064/00000/24FBE37F-69B1-E711-A140-02163E013501.root [1108,1110,1111,1109]
/store/data/Run2017F/DoubleEG/RAW/v1/000/305/064/00000/266E79DE-69B1-E711-9115-02163E014664.root [1498,1499,1495,1497,1496,1500]
/store/data/Run2017F/DoubleEG/RAW/v1/000/305/064/00000/26FA28EE-69B1-E711-B1C9-02163E01A2D7.root [1249,1248,1247,1245,1246]
/store/data/Run2017F/DoubleEG/RAW/v1/000/305/064/00000/2814D431-69B1-E711-8F64-02163E013761.root [959,962,960,961]
/store/data/Run2017F/DoubleEG/RAW/v1/000/305/064/00000/28464C87-69B1-E711-8784-02163E011AC5.root [1139,1140,1138,1137]
/store/data/Run2017F/DoubleEG/RAW/v1/000/305/064/00000/287AA368-02B1-E711-99DE-02163E014664.root [222,221]
/store/data/Run2017F/DoubleEG/RAW/v1/000/305/064/00000/28908C69-02B1-E711-AFCF-02163E0142D7.root [233,234]
/store/data/Run2017F/DoubleEG/RAW/v1/000/305/064/00000/28CE5A41-69B1-E711-91B3-02163E014274.root [954,951,953,952]
/store/data/Run2017F/DoubleEG/RAW/v1/000/305/064/00000/2C1B5EE9-17B1-E711-8978-02163E019BEC.root [623,624,622]
/store/data/Run2017F/DoubleEG/RAW/v1/000/305/064/00000/2C4C4EDF-69B1-E711-A0B5-02163E014201.root [1998,1993,1995,1991,1994,1996,1997,1999,1992]
/store/data/Run2017F/DoubleEG/RAW/v1/000/305/064/00000/2C5351E7-CFB1-E711-A38C-02163E019BEE.root [235,236]
/store/data/Run2017F/DoubleEG/RAW/v1/000/305/064/00000/2CF6C243-00B1-E711-BB2E-02163E0133A4.root [188,187]
/store/data/Run2017F/DoubleEG/RAW/v1/000/305/064/00000/2E0E1D74-FCB0-E711-8B66-02163E013405.root [114,113]
/store/data/Run2017F/DoubleEG/RAW/v1/000/305/064/00000/2EDFF0FC-69B1-E711-B91B-02163E013862.root [1294,1292,1293,1291,1290]
/store/data/Run2017F/DoubleEG/RAW/v1/000/305/064/00000/2EF24E9A-37B2-E711-9D8E-02163E01250D.root [653,652]
/store/data/Run2017F/DoubleEG/RAW/v1/000/305/064/00000/30BB972B-E3B1-E711-8668-02163E01A4E8.root [497,495,496,498]
/store/data/Run2017F/DoubleEG/RAW/v1/000/305/064/00000/3254E26C-F9B0-E711-BEE1-02163E01A685.root [59,60]
/store/data/Run2017F/DoubleEG/RAW/v1/000/305/064/00000/32723329-69B1-E711-90B4-02163E0119D7.root [734,733,735]
/store/data/Run2017F/DoubleEG/RAW/v1/000/305/064/00000/32AF8F0B-DEB1-E711-832C-02163E019E65.root [415,414,413,416]
/store/data/Run2017F/DoubleEG/RAW/v1/000/305/064/00000/32D1CBEE-DDB1-E711-9B03-02163E019DBC.root [399,397,398,400]
/store/data/Run2017F/DoubleEG/RAW/v1/000/305/064/00000/32D3A735-00B1-E711-A31C-02163E011C0B.root [177,178]
/store/data/Run2017F/DoubleEG/RAW/v1/000/305/064/00000/342EDF28-69B1-E711-9F4D-02163E013640.root [713,714,712]
/store/data/Run2017F/DoubleEG/RAW/v1/000/305/064/00000/38447951-69B1-E711-998D-02163E01A59D.root [656,655,657]
/store/data/Run2017F/DoubleEG/RAW/v1/000/305/064/00000/387429F2-DDB1-E711-9133-02163E01A2D1.root [402,401,404,403]
/store/data/Run2017F/DoubleEG/RAW/v1/000/305/064/00000/38F6FDF1-14B1-E711-9D55-02163E0138BE.root [572,571,573]
/store/data/Run2017F/DoubleEG/RAW/v1/000/305/064/00000/3A826D3F-6AB1-E711-88CA-02163E013485.root [1505,1503,1504,1506,1501,1502]
/store/data/Run2017F/DoubleEG/RAW/v1/000/305/064/00000/3C0E20BD-E2B1-E711-9C76-02163E01A58F.root [499,502,500,501]
/store/data/Run2017F/DoubleEG/RAW/v1/000/305/064/00000/3C6A7F80-69B1-E711-B919-02163E0128D7.root [1122,1120,1123,1121]
/store/data/Run2017F/DoubleEG/RAW/v1/000/305/064/00000/3E0BEC1F-6AB1-E711-B068-02163E014537.root [1771,1770,1774,1773,1772,1769,1775]
/store/data/Run2017F/DoubleEG/RAW/v1/000/305/064/00000/3EEB7CDE-F9B0-E711-B130-02163E01A732.root [76,75]
/store/data/Run2017F/DoubleEG/RAW/v1/000/305/064/00000/40018426-15B1-E711-AD41-02163E019D66.root [574,575,576]
/store/data/Run2017F/DoubleEG/RAW/v1/000/305/064/00000/40192ECF-3AB2-E711-A4C7-02163E019BCA.root [854,853,852]
/store/data/Run2017F/DoubleEG/RAW/v1/000/305/064/00000/401A20EF-69B1-E711-B7A7-02163E0143E3.root [1838,1840,1841,1839,1842,1843,1844,1845]
/store/data/Run2017F/DoubleEG/RAW/v1/000/305/064/00000/4040D758-69B1-E711-BD41-02163E01A272.root [867,869,868,870]
/store/data/Run2017F/DoubleEG/RAW/v1/000/305/064/00000/406CE3BC-FFB0-E711-99A8-02163E0143FC.root [172,171]
/store/data/Run2017F/DoubleEG/RAW/v1/000/305/064/00000/406FD07B-69B1-E711-96E1-02163E0134CA.root [1132,1128,1131,1129,1130]
/store/data/Run2017F/DoubleEG/RAW/v1/000/305/064/00000/408197ED-69B1-E711-ABE1-02163E01460C.root [1199,1196,1198,1195,1197]
/store/data/Run2017F/DoubleEG/RAW/v1/000/305/064/00000/4082326B-69B1-E711-9AB0-02163E019B3D.root [958,957,955,956]
/store/data/Run2017F/DoubleEG/RAW/v1/000/305/064/00000/40A050FB-DDB1-E711-8962-02163E01A3ED.root [408,405,407,406]
/store/data/Run2017F/DoubleEG/RAW/v1/000/305/064/00000/40A1456B-69B1-E711-815B-02163E0136B0.root [778,779,780,781]
/store/data/Run2017F/DoubleEG/RAW/v1/000/305/064/00000/40A5B141-69B1-E711-B155-02163E019BD0.root [663,662,661]
/store/data/Run2017F/DoubleEG/RAW/v1/000/305/064/00000/4215454E-DEB1-E711-B166-02163E01A721.root [433,434,435,436]
/store/data/Run2017F/DoubleEG/RAW/v1/000/305/064/00000/4215B110-6AB1-E711-BD65-02163E01A4F0.root [1347,1350,1348,1349,1346]
/store/data/Run2017F/DoubleEG/RAW/v1/000/305/064/00000/44382C40-09B1-E711-9487-02163E01417D.root [348,347]
/store/data/Run2017F/DoubleEG/RAW/v1/000/305/064/00000/448A6884-FAB0-E711-8257-02163E01A59A.root [79,80]
/store/data/Run2017F/DoubleEG/RAW/v1/000/305/064/00000/44A99289-E2B1-E711-B914-02163E0119AA.root [490,488,487,489]
/store/data/Run2017F/DoubleEG/RAW/v1/000/305/064/00000/44CE731B-3BB2-E711-9990-02163E011AC8.root [809,807,810,811,806,808]
/store/data/Run2017F/DoubleEG/RAW/v1/000/305/064/00000/44D35387-18B1-E711-A8C0-02163E019D4A.root [634,635,636]
/store/data/Run2017F/DoubleEG/RAW/v1/000/305/064/00000/4604EEE0-69B1-E711-90A8-02163E013645.root [1792,1797,1796,1795,1790,1791,1793,1794]
/store/data/Run2017F/DoubleEG/RAW/v1/000/305/064/00000/462E2400-FFB0-E711-B66D-02163E0136EA.root [137,138]
/store/data/Run2017F/DoubleEG/RAW/v1/000/305/064/00000/4645BEFA-16B1-E711-B757-02163E01A4A4.root [604,605,606]
/store/data/Run2017F/DoubleEG/RAW/v1/000/305/064/00000/46625977-69B1-E711-8E1D-02163E0134AA.root [1021,1020,1022,1019]
/store/data/Run2017F/DoubleEG/RAW/v1/000/305/064/00000/466354F3-69B1-E711-AAB4-02163E013733.root [1957,1955,1956,1951,1954,1952,1950,1953]
/store/data/Run2017F/DoubleEG/RAW/v1/000/305/064/00000/485BBE2A-6AB1-E711-95F1-02163E01A329.root [1317,1316,1320,1318,1319]
/store/data/Run2017F/DoubleEG/RAW/v1/000/305/064/00000/4863F406-05B1-E711-B091-02163E01A4C8.root [271,272]
/store/data/Run2017F/DoubleEG/RAW/v1/000/305/064/00000/48BCB657-07B1-E711-A967-02163E011CD7.root [301,302]
/store/data/Run2017F/DoubleEG/RAW/v1/000/305/064/00000/4AC920F4-69B1-E711-9182-02163E0137BC.root [1276,1277,1275,1278,1279]
/store/data/Run2017F/DoubleEG/RAW/v1/000/305/064/00000/4ADAD8F3-69B1-E711-BDC4-02163E014298.root [2004,2005,2001,2007,2000,2003,2006,2008,2002]
/store/data/Run2017F/DoubleEG/RAW/v1/000/305/064/00000/4C03A753-F8B0-E711-AF54-02163E013478.root [44,43]
/store/data/Run2017F/DoubleEG/RAW/v1/000/305/064/00000/4C10D904-FEB0-E711-89AD-02163E0145E8.root [136,135]
/store/data/Run2017F/DoubleEG/RAW/v1/000/305/064/00000/4CA91E0A-6AB1-E711-A7FA-02163E011C1D.root [1715,1718,1716,1713,1717,1714,1719]
/store/data/Run2017F/DoubleEG/RAW/v1/000/305/064/00000/4CBD151B-D5B1-E711-8B48-02163E012616.root [311,312]
/store/data/Run2017F/DoubleEG/RAW/v1/000/305/064/00000/4CDFCB9A-FBB0-E711-9FA0-02163E013504.root [96,95]
/store/data/Run2017F/DoubleEG/RAW/v1/000/305/064/00000/4E1E5C46-E2B1-E711-9154-02163E01A561.root [474,472,473,471]
/store/data/Run2017F/DoubleEG/RAW/v1/000/305/064/00000/4E23C604-6AB1-E711-8123-02163E01A46D.root [1493,1494,1489,1492,1490,1491]
/store/data/Run2017F/DoubleEG/RAW/v1/000/305/064/00000/4E5B1A49-08B1-E711-A870-02163E019E54.root [325,324]
/store/data/Run2017F/DoubleEG/RAW/v1/000/305/064/00000/4EBF3059-69B1-E711-87FF-02163E01A366.root [676,678,677]
/store/data/Run2017F/DoubleEG/RAW/v1/000/305/064/00000/4EC2BA1B-6AB1-E711-B82D-02163E019BEC.root [1974,1979,1980,1975,1976,1978,1981,1977]
/store/data/Run2017F/DoubleEG/RAW/v1/000/305/064/00000/5027732F-69B1-E711-AE3C-02163E014251.root [873,872,874,871]
/store/data/Run2017F/DoubleEG/RAW/v1/000/305/064/00000/50A71FF4-18B1-E711-A2E9-02163E011DDB.root [645,644,643]
/store/data/Run2017F/DoubleEG/RAW/v1/000/305/064/00000/50B4B528-69B1-E711-9549-02163E013640.root [668,669,667]
/store/data/Run2017F/DoubleEG/RAW/v1/000/305/064/00000/50C8EE99-0FB1-E711-84BC-02163E012036.root [466,465,467]
/store/data/Run2017F/DoubleEG/RAW/v1/000/305/064/00000/50F55901-6AB1-E711-8B45-02163E01A26D.root [1580,1575,1579,1578,1581,1576,1577]
/store/data/Run2017F/DoubleEG/RAW/v1/000/305/064/00000/521CF00C-FAB0-E711-A1DB-02163E01A54B.root [71,72]
/store/data/Run2017F/DoubleEG/RAW/v1/000/305/064/00000/524B4874-FCB0-E711-B60C-02163E014387.root [121,122]
/store/data/Run2017F/DoubleEG/RAW/v1/000/305/064/00000/524BC398-02B1-E711-98A3-02163E01416F.root [217,218]
/store/data/Run2017F/DoubleEG/RAW/v1/000/305/064/00000/52636356-69B1-E711-A395-02163E0137F6.root [730,732,731]
/store/data/Run2017F/DoubleEG/RAW/v1/000/305/064/00000/54B29781-FAB0-E711-A3ED-02163E019E22.root [83,84]
/store/data/Run2017F/DoubleEG/RAW/v1/000/305/064/00000/56215F17-18B1-E711-91C4-02163E0146BD.root [626,627,625]
/store/data/Run2017F/DoubleEG/RAW/v1/000/305/064/00000/567AC63A-07B1-E711-B449-02163E01A5E8.root [313,314,315]
/store/data/Run2017F/DoubleEG/RAW/v1/000/305/064/00000/569EDA77-05B1-E711-82D0-02163E011DD0.root [282,281]
/store/data/Run2017F/DoubleEG/RAW/v1/000/305/064/00000/56B93A15-FCB0-E711-8B1F-02163E019DEB.root [111,112]
/store/data/Run2017F/DoubleEG/RAW/v1/000/305/064/00000/56D02E47-69B1-E711-8C99-02163E019D8E.root [658,660,659]
/store/data/Run2017F/DoubleEG/RAW/v1/000/305/064/00000/585EB467-FCB0-E711-B6A7-02163E014628.root [115,116]
/store/data/Run2017F/DoubleEG/RAW/v1/000/305/064/00000/588E45B6-69B1-E711-8087-02163E01290C.root [1083,1086,1084,1085]
/store/data/Run2017F/DoubleEG/RAW/v1/000/305/064/00000/58CB6A40-14B1-E711-8E34-02163E019BBA.root [554,555,553]
/store/data/Run2017F/DoubleEG/RAW/v1/000/305/064/00000/58DD7776-05B1-E711-88E0-02163E01397E.root [285,286]
/store/data/Run2017F/DoubleEG/RAW/v1/000/305/064/00000/5A1A2AC9-F8B0-E711-83EA-02163E019BA5.root [48,47]
/store/data/Run2017F/DoubleEG/RAW/v1/000/305/064/00000/5A2B57A1-F6B0-E711-B485-02163E01423C.root [9,10]
/store/data/Run2017F/DoubleEG/RAW/v1/000/305/064/00000/5A49BD4C-08B1-E711-8FF7-02163E01A208.root [343,344]
/store/data/Run2017F/DoubleEG/RAW/v1/000/305/064/00000/5A759BEF-69B1-E711-8497-02163E01414E.root [1344,1342,1343,1341,1345]
/store/data/Run2017F/DoubleEG/RAW/v1/000/305/064/00000/5A9355F4-69B1-E711-BABA-02163E011FC5.root [1710,1706,1708,1709,1711,1707,1712]
/store/data/Run2017F/DoubleEG/RAW/v1/000/305/064/00000/5AEC2E25-FDB0-E711-9048-02163E01A758.root [127,128]
/store/data/Run2017F/DoubleEG/RAW/v1/000/305/064/00000/5C2AAE1C-14B1-E711-B685-02163E014344.root [549,552,550,551]
/store/data/Run2017F/DoubleEG/RAW/v1/000/305/064/00000/5C80736A-0FB1-E711-9869-02163E0119C6.root [470,468,469]
/store/data/Run2017F/DoubleEG/RAW/v1/000/305/064/00000/5E32A25A-69B1-E711-9DA5-02163E01A607.root [1016,1017,1015,1018]
/store/data/Run2017F/DoubleEG/RAW/v1/000/305/064/00000/5E712B32-6AB1-E711-B04D-02163E01A2DD.root [1702,1701,1704,1703,1699,1700,1705]
/store/data/Run2017F/DoubleEG/RAW/v1/000/305/064/00000/5E923927-FBB0-E711-ABE1-02163E01A781.root [87,88]
/store/data/Run2017F/DoubleEG/RAW/v1/000/305/064/00000/5ECC0B6E-02B1-E711-8DB8-02163E014750.root [223,224]
/store/data/Run2017F/DoubleEG/RAW/v1/000/305/064/00000/5EDA5324-3BB2-E711-B3BE-02163E01424C.root [832,831,834,835,830,833]
/store/data/Run2017F/DoubleEG/RAW/v1/000/305/064/00000/603E70FB-69B1-E711-9FD7-02163E014504.root [1727,1728,1729,1731,1733,1730,1732]
/store/data/Run2017F/DoubleEG/RAW/v1/000/305/064/00000/60F28379-01B1-E711-B5A6-02163E0139CE.root [208,207]
/store/data/Run2017F/DoubleEG/RAW/v1/000/305/064/00000/6220932B-6AB1-E711-B6F2-02163E01A1BC.root [1930,1933,1928,1932,1926,1927,1929,1931]
/store/data/Run2017F/DoubleEG/RAW/v1/000/305/064/00000/6245ABF3-69B1-E711-81F8-02163E013522.root [1224,1222,1223,1221,1220]
/store/data/Run2017F/DoubleEG/RAW/v1/000/305/064/00000/625FFF55-08B1-E711-A06E-02163E012640.root [332,333]
/store/data/Run2017F/DoubleEG/RAW/v1/000/305/064/00000/62E731C0-E2B1-E711-AAA0-02163E01A2CC.root [517,515,516,518]
/store/data/Run2017F/DoubleEG/RAW/v1/000/305/064/00000/644412FF-69B1-E711-9E7A-02163E01A3BE.root [1353,1355,1352,1351,1354]
/store/data/Run2017F/DoubleEG/RAW/v1/000/305/064/00000/64502C1F-6AB1-E711-99A3-02163E011800.root [1739,1734,1736,1740,1737,1735,1738]
/store/data/Run2017F/DoubleEG/RAW/v1/000/305/064/00000/6460608B-3BB2-E711-9CD6-02163E019CAB.root [819,820,822,821,823,818]
/store/data/Run2017F/DoubleEG/RAW/v1/000/305/064/00000/646BE8E9-FAB0-E711-A71E-02163E019BE6.root [90,89]
/store/data/Run2017F/DoubleEG/RAW/v1/000/305/064/00000/646C5214-6AB1-E711-95F9-02163E01A4F6.root [1364,1362,1363,1365,1361]
/store/data/Run2017F/DoubleEG/RAW/v1/000/305/064/00000/64EC4812-00B1-E711-A0FE-02163E0146B1.root [181,182]
/store/data/Run2017F/DoubleEG/RAW/v1/000/305/064/00000/66423A69-69B1-E711-BC72-02163E01A34A.root [804,803,805]
/store/data/Run2017F/DoubleEG/RAW/v1/000/305/064/00000/66494295-E2B1-E711-A073-02163E01A24C.root [477,475,476,478]
/store/data/Run2017F/DoubleEG/RAW/v1/000/305/064/00000/66AD2660-DEB1-E711-A1B5-02163E01A5A9.root [440,439,437,438]
/store/data/Run2017F/DoubleEG/RAW/v1/000/305/064/00000/66CCC068-3AB2-E711-AE89-02163E012965.root [801,798,799,802,797,800]
/store/data/Run2017F/DoubleEG/RAW/v1/000/305/064/00000/68139D14-6AB1-E711-8D91-02163E019E90.root [1934,1938,1939,1935,1936,1941,1937,1940]
/store/data/Run2017F/DoubleEG/RAW/v1/000/305/064/00000/6841EC27-FDB0-E711-9A21-02163E014151.root [125,126]
/store/data/Run2017F/DoubleEG/RAW/v1/000/305/064/00000/6873F9BC-69B1-E711-9C5F-02163E0140E2.root [1182,1181,1184,1183,1180]
/store/data/Run2017F/DoubleEG/RAW/v1/000/305/064/00000/6A58E492-FEB0-E711-B4D3-02163E0134E0.root [153,154]
/store/data/Run2017F/DoubleEG/RAW/v1/000/305/064/00000/6A6483E0-69B1-E711-B386-02163E013501.root [1260,1261,1262,1263,1264]
/store/data/Run2017F/DoubleEG/RAW/v1/000/305/064/00000/6A6AAB7B-14B1-E711-A94B-02163E0142E4.root [564,563,562]
/store/data/Run2017F/DoubleEG/RAW/v1/000/305/064/00000/6AAC5BED-69B1-E711-ACE1-02163E019B8E.root [1643,1648,1646,1649,1645,1644,1647]
/store/data/Run2017F/DoubleEG/RAW/v1/000/305/064/00000/6ADF43E1-00B1-E711-8CC1-02163E013910.root [198,197]
/store/data/Run2017F/DoubleEG/RAW/v1/000/305/064/00000/6CBDDD65-02B1-E711-B973-02163E0142D7.root [219,220]
/store/data/Run2017F/DoubleEG/RAW/v1/000/305/064/00000/6E5D1EF3-69B1-E711-8BDE-02163E0137E2.root [1800,1805,1799,1798,1802,1801,1804,1803]
/store/data/Run2017F/DoubleEG/RAW/v1/000/305/064/00000/6EC8712A-F7B0-E711-9CC5-02163E01A771.root [22,21]
/store/data/Run2017F/DoubleEG/RAW/v1/000/305/064/00000/702089D9-D5B1-E711-B004-02163E019CFA.root [317,316]
/store/data/Run2017F/DoubleEG/RAW/v1/000/305/064/00000/7032705C-69B1-E711-99D3-02163E0142C1.root [996,998,995,997]
/store/data/Run2017F/DoubleEG/RAW/v1/000/305/064/00000/708B9622-6AB1-E711-A03B-02163E019E75.root [1721,1726,1722,1723,1724,1720,1725]
/store/data/Run2017F/DoubleEG/RAW/v1/000/305/064/00000/70B37931-69B1-E711-8078-02163E01344C.root [877,876,875,878]
/store/data/Run2017F/DoubleEG/RAW/v1/000/305/064/00000/70FB9DA6-F6B0-E711-871D-02163E014211.root [5,6]
/store/data/Run2017F/DoubleEG/RAW/v1/000/305/064/00000/720B16F4-69B1-E711-B291-02163E0137D4.root [1616,1620,1621,1615,1617,1618,1619]
/store/data/Run2017F/DoubleEG/RAW/v1/000/305/064/00000/7240E73E-69B1-E711-8AE2-02163E0128D7.root [1067,1069,1070,1068]
/store/data/Run2017F/DoubleEG/RAW/v1/000/305/064/00000/72C2EFF4-69B1-E711-82E8-02163E019B59.root [1330,1326,1327,1328,1329]
/store/data/Run2017F/DoubleEG/RAW/v1/000/305/064/00000/72D9ACF6-E3B1-E711-9AA0-02163E012BDD.root [369,367,368,370]
/store/data/Run2017F/DoubleEG/RAW/v1/000/305/064/00000/72F18921-6AB1-E711-BD1F-02163E019E7E.root [1270,1272,1274,1271,1273]
/store/data/Run2017F/DoubleEG/RAW/v1/000/305/064/00000/72F4434A-16B1-E711-83B6-02163E0133BB.root [589,591,590]
/store/data/Run2017F/DoubleEG/RAW/v1/000/305/064/00000/72FEDEE7-00B1-E711-82F2-02163E01A4B1.root [194,193]
/store/data/Run2017F/DoubleEG/RAW/v1/000/305/064/00000/74304167-FFB0-E711-B18D-02163E0127BB.root [174,173]
/store/data/Run2017F/DoubleEG/RAW/v1/000/305/064/00000/74522C27-69B1-E711-B52A-02163E0119AA.root [704,703,705]
/store/data/Run2017F/DoubleEG/RAW/v1/000/305/064/00000/746207E1-69B1-E711-8830-02163E01A417.root [1202,1203,1201,1200,1204]
/store/data/Run2017F/DoubleEG/RAW/v1/000/305/064/00000/748B26E9-FBB0-E711-B6FA-02163E0133F1.root [109,110]
/store/data/Run2017F/DoubleEG/RAW/v1/000/305/064/00000/74A86EDE-69B1-E711-B296-02163E0145EE.root [1694,1696,1695,1698,1697,1693,1692]
/store/data/Run2017F/DoubleEG/RAW/v1/000/305/064/00000/74D34BE0-69B1-E711-B218-02163E011E6F.root [1823,1829,1826,1822,1824,1825,1828,1827]
/store/data/Run2017F/DoubleEG/RAW/v1/000/305/064/00000/760457E2-F7B0-E711-9EAB-02163E012BBC.root [34,33]
/store/data/Run2017F/DoubleEG/RAW/v1/000/305/064/00000/76413BEF-69B1-E711-AD4A-02163E014266.root [1988,1987,1984,1990,1986,1989,1982,1983,1985]
/store/data/Run2017F/DoubleEG/RAW/v1/000/305/064/00000/7689BD05-07B1-E711-B498-02163E011B94.root [309,310]
/store/data/Run2017F/DoubleEG/RAW/v1/000/305/064/00000/769E5D3E-3BB2-E711-A337-02163E013998.root [777,775,776]
/store/data/Run2017F/DoubleEG/RAW/v1/000/305/064/00000/76B1A684-17B1-E711-8341-02163E01A589.root [617,618,616]
/store/data/Run2017F/DoubleEG/RAW/v1/000/305/064/00000/76DB7426-69B1-E711-A525-02163E01399E.root [879,880,882,881]
/store/data/Run2017F/DoubleEG/RAW/v1/000/305/064/00000/78380E9E-F9B0-E711-802F-02163E019D98.root [64,63]
/store/data/Run2017F/DoubleEG/RAW/v1/000/305/064/00000/783BBAE7-69B1-E711-B87C-02163E019B82.root [1323,1324,1321,1325,1322]
/store/data/Run2017F/DoubleEG/RAW/v1/000/305/064/00000/78429657-F9B0-E711-BBB3-02163E019CED.root [67,68]
/store/data/Run2017F/DoubleEG/RAW/v1/000/305/064/00000/7849469D-F7B0-E711-9B26-02163E013530.root [29,30]
/store/data/Run2017F/DoubleEG/RAW/v1/000/305/064/00000/7849C811-6AB1-E711-8269-02163E019B44.root [1851,1853,1848,1850,1852,1847,1849,1846]
/store/data/Run2017F/DoubleEG/RAW/v1/000/305/064/00000/7864C0EF-69B1-E711-863E-02163E012533.root [1393,1394,1395,1397,1398,1396]
/store/data/Run2017F/DoubleEG/RAW/v1/000/305/064/00000/78C1EDE7-69B1-E711-AE70-02163E0146D5.root [1516,1518,1513,1515,1514,1517]
/store/data/Run2017F/DoubleEG/RAW/v1/000/305/064/00000/78D5AFE9-69B1-E711-8BE1-02163E01435B.root [1918,1919,1920,1921,1922,1923,1924,1925]
/store/data/Run2017F/DoubleEG/RAW/v1/000/305/064/00000/78F6D693-09B1-E711-95C7-02163E014648.root [357,358]
/store/data/Run2017F/DoubleEG/RAW/v1/000/305/064/00000/7A2C098E-09B1-E711-A465-02163E014422.root [356,355]
/store/data/Run2017F/DoubleEG/RAW/v1/000/305/064/00000/7A30AE2F-00B1-E711-965F-02163E019B4E.root [183,184]
/store/data/Run2017F/DoubleEG/RAW/v1/000/305/064/00000/7A8CC6B3-D4B1-E711-9B6B-02163E01A709.root [307,308]
/store/data/Run2017F/DoubleEG/RAW/v1/000/305/064/00000/7C5857C6-3AB2-E711-96D7-02163E019CA4.root [760,759,761,757,758,762]
/store/data/Run2017F/DoubleEG/RAW/v1/000/305/064/00000/7C75E561-D1B1-E711-91E3-02163E011CD9.root [279,280]
/store/data/Run2017F/DoubleEG/RAW/v1/000/305/064/00000/7C7A0EEA-16B1-E711-A891-02163E019C74.root [607,609,608]
/store/data/Run2017F/DoubleEG/RAW/v1/000/305/064/00000/7C985558-FDB0-E711-99BB-02163E01A459.root [130,129]
/store/data/Run2017F/DoubleEG/RAW/v1/000/305/064/00000/7CC69555-69B1-E711-A215-02163E01A5F9.root [923,924,925,926]
/store/data/Run2017F/DoubleEG/RAW/v1/000/305/064/00000/7E1692BB-F6B0-E711-8865-02163E01A459.root [11,12]
/store/data/Run2017F/DoubleEG/RAW/v1/000/305/064/00000/7E6D1B01-F9B0-E711-80F2-02163E01A4AA.root [52,51]
/store/data/Run2017F/DoubleEG/RAW/v1/000/305/064/00000/7EC4AEE1-69B1-E711-97C0-02163E01461E.root [1474,1476,1473,1471,1472,1475]
/store/data/Run2017F/DoubleEG/RAW/v1/000/305/064/00000/7ECC93C2-19B1-E711-9A50-02163E013734.root [649,651,650]
/store/data/Run2017F/DoubleEG/RAW/v1/000/305/064/00000/7EEB9BE1-69B1-E711-9487-02163E011C5E.root [1382,1383,1386,1384,1387,1385]
/store/data/Run2017F/DoubleEG/RAW/v1/000/305/064/00000/80BBE595-03B1-E711-9C54-02163E014715.root [250,249]
/store/data/Run2017F/DoubleEG/RAW/v1/000/305/064/00000/80C485DB-69B1-E711-88E0-02163E0142C9.root [1442,1446,1445,1441,1443,1444]
/store/data/Run2017F/DoubleEG/RAW/v1/000/305/064/00000/80E6A6D2-FDB0-E711-B4BE-02163E01A566.root [144,143]
/store/data/Run2017F/DoubleEG/RAW/v1/000/305/064/00000/821CA1B0-E2B1-E711-8CE4-02163E01A239.root [520,522,519,521]
/store/data/Run2017F/DoubleEG/RAW/v1/000/305/064/00000/82377C3E-69B1-E711-A2D0-02163E01442E.root [685,687,686]
/store/data/Run2017F/DoubleEG/RAW/v1/000/305/064/00000/823DCD50-69B1-E711-8594-02163E01A26D.root [920,921,919,922]
/store/data/Run2017F/DoubleEG/RAW/v1/000/305/064/00000/829CDADE-69B1-E711-B63C-02163E0144E9.root [1437,1436,1440,1439,1435,1438]
/store/data/Run2017F/DoubleEG/RAW/v1/000/305/064/00000/82B8C85C-69B1-E711-97E9-02163E019B5C.root [888,889,890,887]
/store/data/Run2017F/DoubleEG/RAW/v1/000/305/064/00000/84AA1F99-FBB0-E711-AAD1-02163E01A257.root [91,92]
/store/data/Run2017F/DoubleEG/RAW/v1/000/305/064/00000/84AE8E56-DEB1-E711-AAFD-02163E01A4EE.root [461,462,463,464]
/store/data/Run2017F/DoubleEG/RAW/v1/000/305/064/00000/8649C1E7-69B1-E711-B1FE-02163E01A251.root [1240,1241,1242,1244,1243]
/store/data/Run2017F/DoubleEG/RAW/v1/000/305/064/00000/8670B05E-69B1-E711-A5EA-02163E01344A.root [1059,1060,1061,1062]
/store/data/Run2017F/DoubleEG/RAW/v1/000/305/064/00000/86D07A2D-E3B1-E711-AEB4-02163E0141EC.root [506,504,503,505]
/store/data/Run2017F/DoubleEG/RAW/v1/000/305/064/00000/8809F849-05B1-E711-A83F-02163E0140F5.root [283,284]
/store/data/Run2017F/DoubleEG/RAW/v1/000/305/064/00000/881253F9-69B1-E711-8FC5-02163E013397.root [1960,1963,1959,1964,1961,1962,1965,1958]
/store/data/Run2017F/DoubleEG/RAW/v1/000/305/064/00000/881D0B9D-FEB0-E711-911C-02163E014324.root [147,148]
/store/data/Run2017F/DoubleEG/RAW/v1/000/305/064/00000/884331E0-69B1-E711-B1A6-02163E0141F1.root [1585,1587,1586,1582,1588,1583,1584]
/store/data/Run2017F/DoubleEG/RAW/v1/000/305/064/00000/8875484F-DEB1-E711-B1C3-02163E01A44F.root [417,418,419,420]
/store/data/Run2017F/DoubleEG/RAW/v1/000/305/064/00000/88B8CBE7-FDB0-E711-9EFA-02163E011F8F.root [133,134]
/store/data/Run2017F/DoubleEG/RAW/v1/000/305/064/00000/88FCFEF4-FBB0-E711-9F46-02163E014621.root [106,105]
/store/data/Run2017F/DoubleEG/RAW/v1/000/305/064/00000/8A4E10EB-35B2-E711-BF0D-02163E014471.root [2050,2045,2049,2043,2044,2052,2047,2048,2046,2051]
/store/data/Run2017F/DoubleEG/RAW/v1/000/305/064/00000/8A7CDD44-69B1-E711-A8D7-02163E0137D4.root [964,965,963,966]
/store/data/Run2017F/DoubleEG/RAW/v1/000/305/064/00000/8A82E31A-00B1-E711-90D0-02163E01360C.root [185,186]
/store/data/Run2017F/DoubleEG/RAW/v1/000/305/064/00000/8A89EADE-69B1-E711-A258-02163E019C22.root [1214,1211,1210,1212,1213]
/store/data/Run2017F/DoubleEG/RAW/v1/000/305/064/00000/8C1E20F9-69B1-E711-B3E1-02163E01A6A7.root [1683,1681,1679,1684,1678,1680,1682]
/store/data/Run2017F/DoubleEG/RAW/v1/000/305/064/00000/8C59BA8A-FEB0-E711-80CD-02163E01A70E.root [149,150]
/store/data/Run2017F/DoubleEG/RAW/v1/000/305/064/00000/8C76D24E-00B1-E711-9E20-02163E0136D9.root [179,180]
/store/data/Run2017F/DoubleEG/RAW/v1/000/305/064/00000/8E3D51DE-69B1-E711-82C6-02163E0145EE.root [1835,1836,1833,1830,1831,1832,1834,1837]
/store/data/Run2017F/DoubleEG/RAW/v1/000/305/064/00000/8E9B93FC-69B1-E711-B6D7-02163E01243F.root [1296,1295,1297,1298,1299]
/store/data/Run2017F/DoubleEG/RAW/v1/000/305/064/00000/8EBA6348-DEB1-E711-BD4B-02163E0136EB.root [457,458,460,459]
/store/data/Run2017F/DoubleEG/RAW/v1/000/305/064/00000/9034572B-69B1-E711-B48D-02163E01A456.root [701,702,700]
/store/data/Run2017F/DoubleEG/RAW/v1/000/305/064/00000/90777C0E-00B1-E711-985B-02163E019B61.root [176,175]
/store/data/Run2017F/DoubleEG/RAW/v1/000/305/064/00000/92B5B139-69B1-E711-A487-02163E019B35.root [975,977,978,976]
/store/data/Run2017F/DoubleEG/RAW/v1/000/305/064/00000/92CF3F55-69B1-E711-8A37-02163E01A59D.root [720,719,718]
/store/data/Run2017F/DoubleEG/RAW/v1/000/305/064/00000/92D3AE32-69B1-E711-B78C-02163E01A1C6.root [988,990,987,989]
/store/data/Run2017F/DoubleEG/RAW/v1/000/305/064/00000/940D9113-15B1-E711-B39E-02163E019BB6.root [567,566,565]
/store/data/Run2017F/DoubleEG/RAW/v1/000/305/064/00000/9432787C-04B1-E711-B8BE-02163E013775.root [263,264]
/store/data/Run2017F/DoubleEG/RAW/v1/000/305/064/00000/94543257-DEB1-E711-80A3-02163E01A38C.root [411,409,412,410]
/store/data/Run2017F/DoubleEG/RAW/v1/000/305/064/00000/94605066-69B1-E711-9D7E-02163E01A1D3.root [736,738,737]
/store/data/Run2017F/DoubleEG/RAW/v1/000/305/064/00000/946381DC-69B1-E711-9B4B-02163E014251.root [1541,1538,1537,1540,1539,1542]
/store/data/Run2017F/DoubleEG/RAW/v1/000/305/064/00000/949DD3A2-F9B0-E711-884C-02163E019BE6.root [65,66]
/store/data/Run2017F/DoubleEG/RAW/v1/000/305/064/00000/94B68CC6-F9B0-E711-97C8-02163E01A70C.root [69,70]
/store/data/Run2017F/DoubleEG/RAW/v1/000/305/064/00000/961F6031-69B1-E711-B1E9-02163E01244D.root [864,863,865,866]
/store/data/Run2017F/DoubleEG/RAW/v1/000/305/064/00000/9652A888-69B1-E711-AB1E-02163E01A72A.root [1153,1151,1152,1150,1154]
/store/data/Run2017F/DoubleEG/RAW/v1/000/305/064/00000/965947B7-DAB1-E711-B396-02163E019DD3.root [377,380,379,378]
/store/data/Run2017F/DoubleEG/RAW/v1/000/305/064/00000/96A06801-6AB1-E711-82A9-02163E01A4E4.root [1432,1431,1429,1433,1434,1430]
/store/data/Run2017F/DoubleEG/RAW/v1/000/305/064/00000/985696DF-69B1-E711-B9C3-02163E011B49.root [1523,1524,1521,1522,1520,1519]
/store/data/Run2017F/DoubleEG/RAW/v1/000/305/064/00000/98B79F1A-6AB1-E711-A146-02163E019CD0.root [1282,1284,1280,1281,1283]
/store/data/Run2017F/DoubleEG/RAW/v1/000/305/064/00000/98BDA833-F7B0-E711-8E0B-02163E0134B3.root [20,19]
/store/data/Run2017F/DoubleEG/RAW/v1/000/305/064/00000/9A277990-FEB0-E711-952A-02163E019B3D.root [159,160]
/store/data/Run2017F/DoubleEG/RAW/v1/000/305/064/00000/9A6543F1-03B1-E711-BD9B-02163E01A6F8.root [251,252]
/store/data/Run2017F/DoubleEG/RAW/v1/000/305/064/00000/9AC77B45-E2B1-E711-9680-02163E019C3D.root [539,540]
/store/data/Run2017F/DoubleEG/RAW/v1/000/305/064/00000/9ACBDFC0-3AB2-E711-A03A-02163E01A4D6.root [851,846,847,850,849,848]
/store/data/Run2017F/DoubleEG/RAW/v1/000/305/064/00000/9C02A5FB-F8B0-E711-9B10-02163E01A53A.root [56,55]
/store/data/Run2017F/DoubleEG/RAW/v1/000/305/064/00000/9C589DE6-69B1-E711-9A86-02163E019D30.root [1568,1574,1569,1573,1571,1572,1570]
/store/data/Run2017F/DoubleEG/RAW/v1/000/305/064/00000/9C700EEA-00B1-E711-ACD8-02163E0146DD.root [201,202]
/store/data/Run2017F/DoubleEG/RAW/v1/000/305/064/00000/9CE3C1AF-69B1-E711-9B2B-02163E01A477.root [1156,1159,1157,1155,1158]
/store/data/Run2017F/DoubleEG/RAW/v1/000/305/064/00000/9E0C1C76-69B1-E711-B80D-02163E0141EC.root [1056,1055,1057,1058]
/store/data/Run2017F/DoubleEG/RAW/v1/000/305/064/00000/9E0CB086-E2B1-E711-80CA-02163E011A98.root [486,483,485,484]
/store/data/Run2017F/DoubleEG/RAW/v1/000/305/064/00000/9E921E19-DEB1-E711-86D4-02163E01A400.root [429,430,432,431]
/store/data/Run2017F/DoubleEG/RAW/v1/000/305/064/00000/9EA4527F-69B1-E711-9573-02163E019D2E.root [1102,1103,1100,1101]
/store/data/Run2017F/DoubleEG/RAW/v1/000/305/064/00000/A00F1D75-69B1-E711-8D15-02163E01A48A.root [744,743,742]
/store/data/Run2017F/DoubleEG/RAW/v1/000/305/064/00000/A08ED0E2-69B1-E711-919E-02163E01A535.root [1650,1656,1651,1655,1652,1653,1654]
/store/data/Run2017F/DoubleEG/RAW/v1/000/305/064/00000/A0D2F47F-0AB1-E711-8939-02163E01A672.root [375,376]
/store/data/Run2017F/DoubleEG/RAW/v1/000/305/064/00000/A24142F8-69B1-E711-8780-02163E011F03.root [1811,1812,1813,1809,1808,1806,1807,1810]
/store/data/Run2017F/DoubleEG/RAW/v1/000/305/064/00000/A28C7D79-F9B0-E711-B4B5-02163E019CB1.root [62,61]
/store/data/Run2017F/DoubleEG/RAW/v1/000/305/064/00000/A2B5023D-69B1-E711-853A-02163E0126DD.root [670,672,671]
/store/data/Run2017F/DoubleEG/RAW/v1/000/305/064/00000/A2CCDA41-DEB1-E711-9DC8-02163E019DB3.root [448,445,447,446]
/store/data/Run2017F/DoubleEG/RAW/v1/000/305/064/00000/A41B97A4-69B1-E711-9A30-02163E014702.root [1090,1087,1089,1088]
/store/data/Run2017F/DoubleEG/RAW/v1/000/305/064/00000/A49FACD3-69B1-E711-A2A7-02163E0140FA.root [1176,1177,1175,1179,1178]
/store/data/Run2017F/DoubleEG/RAW/v1/000/305/064/00000/A4ADC0E3-69B1-E711-8593-02163E014771.root [1604,1606,1602,1607,1605,1601,1603]
/store/data/Run2017F/DoubleEG/RAW/v1/000/305/064/00000/A6137ADB-69B1-E711-95EA-02163E0118EC.root [1400,1402,1404,1401,1403,1399]
/store/data/Run2017F/DoubleEG/RAW/v1/000/305/064/00000/A63647F5-69B1-E711-89B3-02163E0133A4.root [1686,1689,1687,1691,1688,1685,1690]
/store/data/Run2017F/DoubleEG/RAW/v1/000/305/064/00000/A64D2164-69B1-E711-ACC5-02163E01A725.root [1011,1012,1014,1013]
/store/data/Run2017F/DoubleEG/RAW/v1/000/305/064/00000/A66D2F27-69B1-E711-AA4A-02163E0119AA.root [774,772,773]
/store/data/Run2017F/DoubleEG/RAW/v1/000/305/064/00000/A677A5FB-69B1-E711-A4C5-02163E01A5F2.root [1528,1525,1530,1526,1529,1527]
/store/data/Run2017F/DoubleEG/RAW/v1/000/305/064/00000/A6C04D79-69B1-E711-8412-02163E011E92.root [1118,1116,1117,1119]
/store/data/Run2017F/DoubleEG/RAW/v1/000/305/064/00000/A6CE0DE2-69B1-E711-A524-02163E01366D.root [1356,1360,1357,1358,1359]
/store/data/Run2017F/DoubleEG/RAW/v1/000/305/064/00000/A80B3829-05B1-E711-9753-02163E019D7B.root [276,275]
/store/data/Run2017F/DoubleEG/RAW/v1/000/305/064/00000/A82B989E-FBB0-E711-AB51-02163E0144E5.root [102,101]
/store/data/Run2017F/DoubleEG/RAW/v1/000/305/064/00000/AA71544F-14B1-E711-A356-02163E019D4A.root [557,558,556]
/store/data/Run2017F/DoubleEG/RAW/v1/000/305/064/00000/AC18FE12-03B1-E711-B69C-02163E0133F9.root [241,242]
/store/data/Run2017F/DoubleEG/RAW/v1/000/305/064/00000/AC2A30B7-15B1-E711-B90E-02163E014377.root [583,584,585]
/store/data/Run2017F/DoubleEG/RAW/v1/000/305/064/00000/AC33B46D-FAB0-E711-8E02-02163E0146D7.root [82,81]
/store/data/Run2017F/DoubleEG/RAW/v1/000/305/064/00000/AC7FE403-6AB1-E711-B749-02163E014274.root [1612,1613,1609,1608,1611,1614,1610]
/store/data/Run2017F/DoubleEG/RAW/v1/000/305/064/00000/AC7FE6E3-69B1-E711-9727-02163E014621.root [1477,1481,1479,1480,1482,1478]
/store/data/Run2017F/DoubleEG/RAW/v1/000/305/064/00000/ACC0504D-05B1-E711-BF14-02163E01A760.root [277,278]
/store/data/Run2017F/DoubleEG/RAW/v1/000/305/064/00000/ACD0A799-E2B1-E711-8B59-02163E01A2C5.root [480,479,481,482]
/store/data/Run2017F/DoubleEG/RAW/v1/000/305/064/00000/AE2C0492-FEB0-E711-9E8C-02163E01A6D6.root [155,156]
/store/data/Run2017F/DoubleEG/RAW/v1/000/305/064/00000/AEB2F01F-03B1-E711-8BF4-02163E01A475.root [237,238]
/store/data/Run2017F/DoubleEG/RAW/v1/000/305/064/00000/AEDC97F6-69B1-E711-AEDA-02163E01A569.root [1600,1598,1595,1597,1599,1596]
/store/data/Run2017F/DoubleEG/RAW/v1/000/305/064/00000/B0164DCE-69B1-E711-9211-02163E019E4A.root [1305,1307,1306,1308,1310,1309]
/store/data/Run2017F/DoubleEG/RAW/v1/000/305/064/00000/B027E3FE-69B1-E711-B286-02163E0140FE.root [1371,1373,1375,1372,1374]
/store/data/Run2017F/DoubleEG/RAW/v1/000/305/064/00000/B0400A00-6AB1-E711-A36B-02163E0146FC.root [969,967,968,970]
/store/data/Run2017F/DoubleEG/RAW/v1/000/305/064/00000/B08B36E3-69B1-E711-9C61-02163E013706.root [1641,1637,1642,1638,1636,1639,1640]
/store/data/Run2017F/DoubleEG/RAW/v1/000/305/064/00000/B0CAB5B0-15B1-E711-A506-02163E019D19.root [588,586,587]
/store/data/Run2017F/DoubleEG/RAW/v1/000/305/064/00000/B20FE75C-69B1-E711-BA6F-02163E01A70D.root [1072,1074,1073,1071]
/store/data/Run2017F/DoubleEG/RAW/v1/000/305/064/00000/B23EF641-69B1-E711-A966-02163E019CDA.root [928,927,929,930]
/store/data/Run2017F/DoubleEG/RAW/v1/000/305/064/00000/B24773B6-FBB0-E711-BE59-02163E01A20E.root [100,99]
/store/data/Run2017F/DoubleEG/RAW/v1/000/305/064/00000/B40225AD-04B1-E711-B03B-02163E0144FC.root [270,269]
/store/data/Run2017F/DoubleEG/RAW/v1/000/305/064/00000/B42073B1-D4B1-E711-AD8D-02163E01A42F.root [303,304,306,305]
/store/data/Run2017F/DoubleEG/RAW/v1/000/305/064/00000/B424C270-3AB2-E711-B094-02163E0134EB.root [763,765,767,768,764,766]
/store/data/Run2017F/DoubleEG/RAW/v1/000/305/064/00000/B4FF791A-DBB1-E711-B0A7-02163E019E70.root [389,390]
/store/data/Run2017F/DoubleEG/RAW/v1/000/305/064/00000/B86C0DA8-DAB1-E711-83F1-02163E019D2D.root [383,381,384,382]
/store/data/Run2017F/DoubleEG/RAW/v1/000/305/064/00000/B8A7D4B0-D4B1-E711-8520-02163E01452C.root [290,291,289,292]
/store/data/Run2017F/DoubleEG/RAW/v1/000/305/064/00000/B8CADADE-69B1-E711-9FAA-02163E0126B6.root [1225,1227,1226,1229,1228]
/store/data/Run2017F/DoubleEG/RAW/v1/000/305/064/00000/BA5A3A84-F6B0-E711-916D-02163E013921.root [7,8]
/store/data/Run2017F/DoubleEG/RAW/v1/000/305/064/00000/BA67C756-DEB1-E711-872B-02163E019BB6.root [449,451,450,452]
/store/data/Run2017F/DoubleEG/RAW/v1/000/305/064/00000/BAF4749D-FEB0-E711-99FA-02163E01A4D8.root [145,146]
/store/data/Run2017F/DoubleEG/RAW/v1/000/305/064/00000/BC033924-FDB0-E711-85DD-02163E014639.root [123,124]
/store/data/Run2017F/DoubleEG/RAW/v1/000/305/064/00000/BC0FD873-F8B0-E711-AD8D-02163E01A4BE.root [46,45]
/store/data/Run2017F/DoubleEG/RAW/v1/000/305/064/00000/BC2809E0-69B1-E711-88EC-02163E01389B.root [1143,1145,1141,1142,1144]
/store/data/Run2017F/DoubleEG/RAW/v1/000/305/064/00000/BC5641E9-04B1-E711-8F3F-02163E01420B.root [274,273]
/store/data/Run2017F/DoubleEG/RAW/v1/000/305/064/00000/BC9A2B16-09B1-E711-B4D5-02163E0134EB.root [350,349]
/store/data/Run2017F/DoubleEG/RAW/v1/000/305/064/00000/BCE79928-04B1-E711-A6D7-02163E01298D.root [258,257]
/store/data/Run2017F/DoubleEG/RAW/v1/000/305/064/00000/BCF43AD6-FDB0-E711-9DB0-02163E0142B0.root [140,139]
/store/data/Run2017F/DoubleEG/RAW/v1/000/305/064/00000/BCFC4C98-03B1-E711-A40D-02163E01A758.root [245,246]
/store/data/Run2017F/DoubleEG/RAW/v1/000/305/064/00000/BE026E40-69B1-E711-B1BC-02163E011C98.root [692,693,691]
/store/data/Run2017F/DoubleEG/RAW/v1/000/305/064/00000/BE4E2A56-69B1-E711-BAB6-02163E019B36.root [943,944,945,946]
/store/data/Run2017F/DoubleEG/RAW/v1/000/305/064/00000/BE5DEB9A-18B1-E711-9A5D-02163E013744.root [638,639,637]
/store/data/Run2017F/DoubleEG/RAW/v1/000/305/064/00000/BEA1364C-69B1-E711-8755-02163E019B52.root [893,891,892,894]
/store/data/Run2017F/DoubleEG/RAW/v1/000/305/064/00000/BEBA18E7-69B1-E711-B339-02163E01398C.root [1874,1877,1872,1876,1870,1875,1871,1873]
/store/data/Run2017F/DoubleEG/RAW/v1/000/305/064/00000/BEDBF7FA-69B1-E711-9EE2-02163E019D66.root [1235,1239,1237,1238,1236]
/store/data/Run2017F/DoubleEG/RAW/v1/000/305/064/00000/BEF165BC-01B1-E711-8C43-02163E01A20E.root [209,210]
/store/data/Run2017F/DoubleEG/RAW/v1/000/305/064/00000/BEF28E3B-03B1-E711-B4DE-02163E019DD5.root [243,244]
/store/data/Run2017F/DoubleEG/RAW/v1/000/305/064/00000/BEF2DD76-69B1-E711-8D97-02163E01A681.root [709,710,711]
/store/data/Run2017F/DoubleEG/RAW/v1/000/305/064/00000/C009596A-69B1-E711-83CD-02163E019DC6.root [910,907,909,908]
/store/data/Run2017F/DoubleEG/RAW/v1/000/305/064/00000/C00D497B-D7B1-E711-8092-02163E0134AF.root [335,334]
/store/data/Run2017F/DoubleEG/RAW/v1/000/305/064/00000/C01FBC8C-69B1-E711-B035-02163E0135C3.root [1095,1091,1092,1094,1093]
/store/data/Run2017F/DoubleEG/RAW/v1/000/305/064/00000/C042DE38-69B1-E711-9CBD-02163E0142C0.root [1010,1008,1007,1009]
/store/data/Run2017F/DoubleEG/RAW/v1/000/305/064/00000/C04C2C8F-01B1-E711-BA6A-02163E014651.root [203,204]
/store/data/Run2017F/DoubleEG/RAW/v1/000/305/064/00000/C04DE303-F8B0-E711-BED2-02163E019E56.root [41,42]
/store/data/Run2017F/DoubleEG/RAW/v1/000/305/064/00000/C084A3E5-69B1-E711-B20B-02163E0126BD.root [1250,1251,1252,1253,1254]
/store/data/Run2017F/DoubleEG/RAW/v1/000/305/064/00000/C09047DD-F9B0-E711-B607-02163E019CA9.root [74,73]
/store/data/Run2017F/DoubleEG/RAW/v1/000/305/064/00000/C0946A16-39B2-E711-AC32-02163E012931.root [1146,1147,1148,1149]
/store/data/Run2017F/DoubleEG/RAW/v1/000/305/064/00000/C09946FB-69B1-E711-B663-02163E013392.root [1427,1424,1425,1426,1423,1428]
/store/data/Run2017F/DoubleEG/RAW/v1/000/305/064/00000/C0A06592-DEB1-E711-A157-02163E01A35F.root [421,422,424,423]
/store/data/Run2017F/DoubleEG/RAW/v1/000/305/064/00000/C0E3C127-69B1-E711-9361-02163E01442E.root [722,721,723]
/store/data/Run2017F/DoubleEG/RAW/v1/000/305/064/00000/C2BAEADE-69B1-E711-9911-02163E011E86.root [1485,1483,1486,1487,1488,1484]
/store/data/Run2017F/DoubleEG/RAW/v1/000/305/064/00000/C2E7748C-F6B0-E711-9A18-02163E01A2DC.root [4,3]
/store/data/Run2017F/DoubleEG/RAW/v1/000/305/064/00000/C4020CB4-0BB1-E711-9D15-02163E01A1CD.root [392,391]
/store/data/Run2017F/DoubleEG/RAW/v1/000/305/064/00000/C41F40B4-69B1-E711-AF8C-02163E0145B9.root [1171,1174,1172,1173,1170]
/store/data/Run2017F/DoubleEG/RAW/v1/000/305/064/00000/C42E0BEE-69B1-E711-AF47-02163E0144C5.root [1234,1232,1233,1231,1230]
/store/data/Run2017F/DoubleEG/RAW/v1/000/305/064/00000/C48F09E4-69B1-E711-954D-02163E013927.root [1563,1561,1565,1566,1567,1562,1564]
/store/data/Run2017F/DoubleEG/RAW/v1/000/305/064/00000/C4D5E494-E2B1-E711-93C1-02163E019E88.root [509,508,510,507]
/store/data/Run2017F/DoubleEG/RAW/v1/000/305/064/00000/C4F50032-69B1-E711-B751-02163E0146CD.root [883,885,884,886]
/store/data/Run2017F/DoubleEG/RAW/v1/000/305/064/00000/C60C119A-69B1-E711-B146-02163E011918.root [1165,1169,1167,1168,1166]
/store/data/Run2017F/DoubleEG/RAW/v1/000/305/064/00000/C6192957-69B1-E711-A33C-02163E01A598.root [1049,1050,1048,1047]
/store/data/Run2017F/DoubleEG/RAW/v1/000/305/064/00000/C65F0C29-69B1-E711-9787-02163E0139B6.root [724,726,725]
/store/data/Run2017F/DoubleEG/RAW/v1/000/305/064/00000/C673C6F7-FEB0-E711-AE95-02163E019BE9.root [162,161]
/store/data/Run2017F/DoubleEG/RAW/v1/000/305/064/00000/C6AE79C1-69B1-E711-87BA-02163E019BF6.root [1135,1136,1134,1133]
/store/data/Run2017F/DoubleEG/RAW/v1/000/305/064/00000/C815C1D1-FEB0-E711-B3E8-02163E014662.root [164,163]
/store/data/Run2017F/DoubleEG/RAW/v1/000/305/064/00000/C82E96E6-69B1-E711-B9ED-02163E01A70D.root [1777,1779,1782,1776,1778,1780,1781]
/store/data/Run2017F/DoubleEG/RAW/v1/000/305/064/00000/C836680C-D8B1-E711-B59E-02163E01A426.root [339,342,340,341]
/store/data/Run2017F/DoubleEG/RAW/v1/000/305/064/00000/C8846727-F8B0-E711-B567-02163E01A5D4.root [37,38]
/store/data/Run2017F/DoubleEG/RAW/v1/000/305/064/00000/C8EB02E0-69B1-E711-8C06-02163E0134EF.root [1753,1750,1752,1754,1749,1748,1751]
/store/data/Run2017F/DoubleEG/RAW/v1/000/305/064/00000/CA0055E5-69B1-E711-8B7A-02163E014197.root [2035,2039,2034,2037,2038,2042,2040,2036,2041]
/store/data/Run2017F/DoubleEG/RAW/v1/000/305/064/00000/CA14C09C-E2B1-E711-B97C-02163E019CCE.root [525,523,526,524]
/store/data/Run2017F/DoubleEG/RAW/v1/000/305/064/00000/CA7ADB6C-69B1-E711-A629-02163E0136B0.root [717,715,716]
/store/data/Run2017F/DoubleEG/RAW/v1/000/305/064/00000/CA96F673-03B1-E711-8958-02163E01A4AD.root [248,247]
/store/data/Run2017F/DoubleEG/RAW/v1/000/305/064/00000/CA9FDAAA-FDB0-E711-B8F0-02163E011AAF.root [132,131]
/store/data/Run2017F/DoubleEG/RAW/v1/000/305/064/00000/CAEC1BD8-69B1-E711-B48D-02163E014445.root [1218,1216,1217,1219,1215]
/store/data/Run2017F/DoubleEG/RAW/v1/000/305/064/00000/CC3570C2-DAB1-E711-9BC0-02163E01A2A8.root [386,385,388,387]
/store/data/Run2017F/DoubleEG/RAW/v1/000/305/064/00000/CCF689D1-69B1-E711-9128-02163E0136B3.root [1209,1206,1205,1207,1208]
/store/data/Run2017F/DoubleEG/RAW/v1/000/305/064/00000/CE5A8E0C-6AB1-E711-871E-02163E011A45.root [1313,1312,1314,1311,1315]
/store/data/Run2017F/DoubleEG/RAW/v1/000/305/064/00000/CE608122-6AB1-E711-8684-02163E01A757.root [1819,1820,1821,1814,1817,1818,1815,1816]
/store/data/Run2017F/DoubleEG/RAW/v1/000/305/064/00000/CE97D371-69B1-E711-8AD3-02163E01A487.root [971,972,974,973]
/store/data/Run2017F/DoubleEG/RAW/v1/000/305/064/00000/CEBE9D5D-00B1-E711-837F-02163E01423F.root [190,189]
/store/data/Run2017F/DoubleEG/RAW/v1/000/305/064/00000/CEBFB023-F9B0-E711-B846-02163E014342.root [54,53]
/store/data/Run2017F/DoubleEG/RAW/v1/000/305/064/00000/CEC55F1D-09B1-E711-9CF1-02163E01435B.root [352,351]
/store/data/Run2017F/DoubleEG/RAW/v1/000/305/064/00000/CEF25B06-6AB1-E711-B8FC-02163E013582.root [1467,1465,1466,1469,1468,1470]
/store/data/Run2017F/DoubleEG/RAW/v1/000/305/064/00000/D020C7EF-17B1-E711-B4BB-02163E019E20.root [628,629,630]
/store/data/Run2017F/DoubleEG/RAW/v1/000/305/064/00000/D0280784-04B1-E711-B3B5-02163E014245.root [268,267]
/store/data/Run2017F/DoubleEG/RAW/v1/000/305/064/00000/D03D429A-CFB1-E711-BE32-02163E019DF2.root [216,215]
/store/data/Run2017F/DoubleEG/RAW/v1/000/305/064/00000/D0401376-D4B1-E711-8A7B-02163E019B4C.root [322,323,320,321]
/store/data/Run2017F/DoubleEG/RAW/v1/000/305/064/00000/D0523327-6AB1-E711-979C-02163E012229.root [2015,2010,2011,2013,2016,2012,2009,2017,2014]
/store/data/Run2017F/DoubleEG/RAW/v1/000/305/064/00000/D06C3C20-F9B0-E711-BCBF-02163E01A794.root [57,58]
/store/data/Run2017F/DoubleEG/RAW/v1/000/305/064/00000/D09B58AB-13B1-E711-95C1-02163E013512.root [541,542,543]
/store/data/Run2017F/DoubleEG/RAW/v1/000/305/064/00000/D0A74356-17B1-E711-B73A-02163E01A661.root [611,612,610]
/store/data/Run2017F/DoubleEG/RAW/v1/000/305/064/00000/D0B189A2-F8B0-E711-B19B-02163E0136D9.root [49,50]
/store/data/Run2017F/DoubleEG/RAW/v1/000/305/064/00000/D0C5A6F0-69B1-E711-8031-02163E012BAA.root [1300,1304,1301,1303,1302]
/store/data/Run2017F/DoubleEG/RAW/v1/000/305/064/00000/D259AE6C-69B1-E711-8C01-02163E01A30D.root [859,862,861,860]
/store/data/Run2017F/DoubleEG/RAW/v1/000/305/064/00000/D2712D2F-6AB1-E711-A18B-02163E019B6A.root [1908,1904,1903,1905,1906,1902,1909,1907]
/store/data/Run2017F/DoubleEG/RAW/v1/000/305/064/00000/D295D7D4-05B1-E711-8B25-02163E013910.root [294,293]
/store/data/Run2017F/DoubleEG/RAW/v1/000/305/064/00000/D45A8461-69B1-E711-B9E5-02163E011E6F.root [1036,1035,1037,1038]
/store/data/Run2017F/DoubleEG/RAW/v1/000/305/064/00000/D483420B-01B1-E711-B009-02163E0126C7.root [199,200]
/store/data/Run2017F/DoubleEG/RAW/v1/000/305/064/00000/D48E8E25-17B1-E711-8615-02163E0128F4.root [603,601,602]
/store/data/Run2017F/DoubleEG/RAW/v1/000/305/064/00000/D4CE38EC-DDB1-E711-A7C9-02163E019B4D.root [396,395,393,394]
/store/data/Run2017F/DoubleEG/RAW/v1/000/305/064/00000/D681BA29-F7B0-E711-B619-02163E013736.root [24,23]
/store/data/Run2017F/DoubleEG/RAW/v1/000/305/064/00000/D6E944DB-DEB1-E711-A83B-02163E019D26.root [454,455,453,456]
/store/data/Run2017F/DoubleEG/RAW/v1/000/305/064/00000/D6F4D82A-69B1-E711-8AC0-02163E01450D.root [689,688,690]
/store/data/Run2017F/DoubleEG/RAW/v1/000/305/064/00000/D8466AE5-69B1-E711-B084-02163E019BE0.root [1899,1897,1896,1895,1901,1894,1898,1900]
/store/data/Run2017F/DoubleEG/RAW/v1/000/305/064/00000/D8BB7A37-F7B0-E711-A55B-02163E0139AD.root [25,26]
/store/data/Run2017F/DoubleEG/RAW/v1/000/305/064/00000/D8BE53E3-00B1-E711-89E1-02163E019D30.root [195,196]
/store/data/Run2017F/DoubleEG/RAW/v1/000/305/064/00000/D8EC1A30-D7B1-E711-83A9-02163E01A4B1.root [354,353]
/store/data/Run2017F/DoubleEG/RAW/v1/000/305/064/00000/D8FBE564-69B1-E711-A21C-02163E01A598.root [992,993,991,994]
/store/data/Run2017F/DoubleEG/RAW/v1/000/305/064/00000/DA175B58-15B1-E711-A10E-02163E01A6AE.root [578,577,579]
/store/data/Run2017F/DoubleEG/RAW/v1/000/305/064/00000/DA516A8D-F6B0-E711-A33F-02163E013530.root [13,14]
/store/data/Run2017F/DoubleEG/RAW/v1/000/305/064/00000/DA67315A-37B2-E711-B2C8-02163E0133F1.root [1104,1106,1105,1107]
/store/data/Run2017F/DoubleEG/RAW/v1/000/305/064/00000/DA9E1C6B-69B1-E711-9A03-02163E011D8E.root [982,981,979,980]
/store/data/Run2017F/DoubleEG/RAW/v1/000/305/064/00000/DCD64387-E1B1-E711-8F7A-02163E0134E9.root [548,547]
/store/data/Run2017F/DoubleEG/RAW/v1/000/305/064/00000/DEB6697F-69B1-E711-AF4E-02163E011B49.root [728,729,727]
/store/data/Run2017F/DoubleEG/RAW/v1/000/305/064/00000/DEFB5024-F8B0-E711-8A6D-02163E011F8F.root [35,36]
/store/data/Run2017F/DoubleEG/RAW/v1/000/305/064/00000/E0501AE6-E2B1-E711-83CD-02163E0134AF.root [512,511,513,514]
/store/data/Run2017F/DoubleEG/RAW/v1/000/305/064/00000/E0551DD3-16B1-E711-A5F3-02163E01A3CB.root [595,596,597]
/store/data/Run2017F/DoubleEG/RAW/v1/000/305/064/00000/E0C509DB-FDB0-E711-97C1-02163E014103.root [141,142]
/store/data/Run2017F/DoubleEG/RAW/v1/000/305/064/00000/E0DDC559-69B1-E711-B306-02163E01381D.root [1005,1004,1006,1003]
/store/data/Run2017F/DoubleEG/RAW/v1/000/305/064/00000/E21DB37F-F6B0-E711-B05D-02163E013566.root [1,2]
/store/data/Run2017F/DoubleEG/RAW/v1/000/305/064/00000/E2594154-07B1-E711-BDDF-02163E0140E4.root [318,319]
/store/data/Run2017F/DoubleEG/RAW/v1/000/305/064/00000/E29377AD-F7B0-E711-B836-02163E0118EC.root [27,28]
/store/data/Run2017F/DoubleEG/RAW/v1/000/305/064/00000/E2DDBB57-69B1-E711-BE5A-02163E01A2DB.root [1054,1053,1052,1051]
/store/data/Run2017F/DoubleEG/RAW/v1/000/305/064/00000/E4003E44-17B1-E711-89F7-02163E013701.root [613,615,614]
/store/data/Run2017F/DoubleEG/RAW/v1/000/305/064/00000/E403DD4A-69B1-E711-AB90-02163E01A75E.root [753,751,752]
/store/data/Run2017F/DoubleEG/RAW/v1/000/305/064/00000/E4295ED6-09B1-E711-A348-02163E01A5B0.root [361,362]
/store/data/Run2017F/DoubleEG/RAW/v1/000/305/064/00000/E43FEED9-69B1-E711-A58D-02163E0126B6.root [1916,1913,1911,1910,1914,1917,1912,1915]
/store/data/Run2017F/DoubleEG/RAW/v1/000/305/064/00000/E448AECA-05B1-E711-BF59-02163E011E92.root [260,259]
/store/data/Run2017F/DoubleEG/RAW/v1/000/305/064/00000/E48579D0-06B1-E711-A83B-02163E014648.root [297,298]
/store/data/Run2017F/DoubleEG/RAW/v1/000/305/064/00000/E4A9EF28-69B1-E711-8ED6-02163E01399E.root [856,857,858,855]
/store/data/Run2017F/DoubleEG/RAW/v1/000/305/064/00000/E4EFEF51-FFB0-E711-B107-02163E019D7B.root [168,167]
/store/data/Run2017F/DoubleEG/RAW/v1/000/305/064/00000/E609A133-69B1-E711-9B79-02163E014555.root [947,950,948,949]
/store/data/Run2017F/DoubleEG/RAW/v1/000/305/064/00000/E6A12164-02B1-E711-98F3-02163E014371.root [226,225]
/store/data/Run2017F/DoubleEG/RAW/v1/000/305/064/00000/E6D59620-F7B0-E711-A4F2-02163E011A67.root [18,17]
/store/data/Run2017F/DoubleEG/RAW/v1/000/305/064/00000/E6DCB288-16B1-E711-B0F1-02163E0144E3.root [592,593,594]
/store/data/Run2017F/DoubleEG/RAW/v1/000/305/064/00000/E6FBF311-3BB2-E711-85FD-02163E0134CA.root [813,815,817,812,814,816]
/store/data/Run2017F/DoubleEG/RAW/v1/000/305/064/00000/E84A7878-69B1-E711-8AD3-02163E011F60.root [1076,1077,1075,1078]
/store/data/Run2017F/DoubleEG/RAW/v1/000/305/064/00000/E8650883-04B1-E711-BC4E-02163E019D3E.root [265,266]
/store/data/Run2017F/DoubleEG/RAW/v1/000/305/064/00000/E88D099E-E2B1-E711-991E-02163E013780.root [535,536,537,538]
/store/data/Run2017F/DoubleEG/RAW/v1/000/305/064/00000/E8996898-69B1-E711-96F1-02163E013735.root [1115,1112,1113,1114]
/store/data/Run2017F/DoubleEG/RAW/v1/000/305/064/00000/E8ACDD79-69B1-E711-A5EB-02163E01A52D.root [679,681,680]
/store/data/Run2017F/DoubleEG/RAW/v1/000/305/064/00000/EA0F9076-69B1-E711-AB18-02163E0134B4.root [1034,1031,1032,1033]
/store/data/Run2017F/DoubleEG/RAW/v1/000/305/064/00000/EAC69F82-05B1-E711-97A6-02163E011F28.root [287,288]
/store/data/Run2017F/DoubleEG/RAW/v1/000/305/064/00000/EC24D21B-DEB1-E711-BE1B-02163E01A75C.root [425,426,427,428]
/store/data/Run2017F/DoubleEG/RAW/v1/000/305/064/00000/EC9F35AA-17B1-E711-AB25-02163E014391.root [620,619,621]
/store/data/Run2017F/DoubleEG/RAW/v1/000/305/064/00000/EE119D26-6AB1-E711-A664-02163E01A4F1.root [1370,1367,1369,1368,1366]
/store/data/Run2017F/DoubleEG/RAW/v1/000/305/064/00000/EE2F1555-69B1-E711-89D2-02163E01A636.root [698,699,697]
/store/data/Run2017F/DoubleEG/RAW/v1/000/305/064/00000/EE591BF6-F7B0-E711-A815-02163E013768.root [31,32]
/store/data/Run2017F/DoubleEG/RAW/v1/000/305/064/00000/EE609C29-69B1-E711-84AD-02163E0139B6.root [788,789,790]
/store/data/Run2017F/DoubleEG/RAW/v1/000/305/064/00000/EED75780-08B1-E711-8F80-02163E01A754.root [327,326]
/store/data/Run2017F/DoubleEG/RAW/v1/000/305/064/00000/EEDD8263-E4B1-E711-B0D0-02163E014730.root [373,371,372,374]
/store/data/Run2017F/DoubleEG/RAW/v1/000/305/064/00000/F03173FC-69B1-E711-8EF5-02163E019C9F.root [1459,1460,1462,1461,1463,1464]
/store/data/Run2017F/DoubleEG/RAW/v1/000/305/064/00000/F0516D29-69B1-E711-A826-02163E01442B.root [665,664,666]
/store/data/Run2017F/DoubleEG/RAW/v1/000/305/064/00000/F07C8149-69B1-E711-9E02-02163E01A7A3.root [796,794,795]
/store/data/Run2017F/DoubleEG/RAW/v1/000/305/064/00000/F0990431-69B1-E711-AA82-02163E01396F.root [694,696,695]
/store/data/Run2017F/DoubleEG/RAW/v1/000/305/064/00000/F0A5A014-FCB0-E711-9563-02163E019BEC.root [108,107]
/store/data/Run2017F/DoubleEG/RAW/v1/000/305/064/00000/F0CA2D15-03B1-E711-AD99-02163E01430D.root [240,239]
/store/data/Run2017F/DoubleEG/RAW/v1/000/305/064/00000/F21FE6EE-69B1-E711-8094-02163E01467F.root [1447,1451,1449,1448,1450,1452]
/store/data/Run2017F/DoubleEG/RAW/v1/000/305/064/00000/F232468F-01B1-E711-BBC3-02163E01A277.root [212,211]
/store/data/Run2017F/DoubleEG/RAW/v1/000/305/064/00000/F23F2B5D-69B1-E711-8A74-02163E0142C1.root [1001,999,1002,1000]
/store/data/Run2017F/DoubleEG/RAW/v1/000/305/064/00000/F243756E-69B1-E711-978C-02163E01A641.root [682,683,684]
/store/data/Run2017F/DoubleEG/RAW/v1/000/305/064/00000/F2F5F107-6AB1-E711-BFE9-02163E01A275.root [1741,1744,1742,1746,1745,1747,1743]
/store/data/Run2017F/DoubleEG/RAW/v1/000/305/064/00000/F2FBB907-6AB1-E711-8642-02163E014377.root [1415,1413,1412,1414,1411,1416]
/store/data/Run2017F/DoubleEG/RAW/v1/000/305/064/00000/F400C5E6-00B1-E711-BAA5-02163E019BC0.root [191,192]
/store/data/Run2017F/DoubleEG/RAW/v1/000/305/064/00000/F415581B-6AB1-E711-A8A3-02163E0138F8.root [1662,1663,1658,1660,1661,1659,1657]
/store/data/Run2017F/DoubleEG/RAW/v1/000/305/064/00000/F4278C63-FAB0-E711-8674-02163E01A277.root [77,78]
/store/data/Run2017F/DoubleEG/RAW/v1/000/305/064/00000/F45FDF3B-69B1-E711-A1E1-02163E0117FE.root [983,985,984,986]
/store/data/Run2017F/DoubleEG/RAW/v1/000/305/064/00000/F46A9F42-15B1-E711-A77D-02163E011B39.root [582,580,581]
/store/data/Run2017F/DoubleEG/RAW/v1/000/305/064/00000/F4856B2A-E6B1-E711-85F4-02163E01A645.root [631,633,632]
/store/data/Run2017F/DoubleEG/RAW/v1/000/305/064/00000/F4901AB7-13B1-E711-A64A-02163E01375A.root [544,545,546]
/store/data/Run2017F/DoubleEG/RAW/v1/000/305/064/00000/F67248F4-69B1-E711-BCCE-02163E012832.root [1339,1336,1340,1338,1337]
/store/data/Run2017F/DoubleEG/RAW/v1/000/305/064/00000/F6763E0E-37B2-E711-A1DC-02163E01A4A3.root [787,786,785]
/store/data/Run2017F/DoubleEG/RAW/v1/000/305/064/00000/F67AA7FB-69B1-E711-9A98-02163E014323.root [1453,1456,1457,1455,1458,1454]
/store/data/Run2017F/DoubleEG/RAW/v1/000/305/064/00000/F6D28ACA-FBB0-E711-A0A2-02163E0146A1.root [104,103]
/store/data/Run2017F/DoubleEG/RAW/v1/000/305/064/00000/F6E11EDC-69B1-E711-9187-02163E0139DA.root [1534,1531,1533,1536,1532,1535]
/store/data/Run2017F/DoubleEG/RAW/v1/000/305/064/00000/F8C019A4-38B2-E711-8202-02163E01A4A3.root [1124,1127,1126,1125]
/store/data/Run2017F/DoubleEG/RAW/v1/000/305/064/00000/FA33552C-6AB1-E711-B81D-02163E01A1F9.root [1255,1256,1257,1258,1259]
/store/data/Run2017F/DoubleEG/RAW/v1/000/305/064/00000/FAE36075-FCB0-E711-B0AA-02163E014148.root [118,117]
/store/data/Run2017F/DoubleEG/RAW/v1/000/305/064/00000/FC328D67-69B1-E711-9536-02163E011C39.root [1023,1025,1024,1026]
/store/data/Run2017F/DoubleEG/RAW/v1/000/305/064/00000/FC32D7F9-69B1-E711-AD94-02163E019CFA.root [1266,1267,1265,1268,1269]
/store/data/Run2017F/DoubleEG/RAW/v1/000/305/064/00000/FC5F953C-69B1-E711-9AC5-02163E019E84.root [895,897,898,896]
/store/data/Run2017F/DoubleEG/RAW/v1/000/305/064/00000/FC80F915-CEB1-E711-9800-02163E01A202.root [230,229]
/store/data/Run2017F/DoubleEG/RAW/v1/000/305/064/00000/FC9B5300-6AB1-E711-BADC-02163E01344C.root [1553,1551,1554,1552,1549,1550]
/store/data/Run2017F/DoubleEG/RAW/v1/000/305/064/00000/FCB2F37B-69B1-E711-9C76-02163E01A552.root [942,940,939,941]
/store/data/Run2017F/DoubleEG/RAW/v1/000/305/064/00000/FCC244E3-69B1-E711-9E34-02163E0146B4.root [1390,1392,1389,1391,1388]
/store/data/Run2017F/DoubleEG/RAW/v1/000/305/064/00000/FE0DCAE3-69B1-E711-87D8-02163E0139A4.root [1766,1768,1762,1765,1764,1767,1763]
/store/data/Run2017F/DoubleEG/RAW/v1/000/305/064/00000/FE1180E7-E2B1-E711-8275-02163E0134BA.root [529,530,527,528]
/store/data/Run2017F/DoubleEG/RAW/v1/000/305/064/00000/FE123E8F-FAB0-E711-A4D3-02163E019E0F.root [85,86]
/store/data/Run2017F/DoubleEG/RAW/v1/000/305/064/00000/FE2D0F11-3BB2-E711-A992-02163E01213A.root [829,824,825,826,827,828]
/store/data/Run2017F/DoubleEG/RAW/v1/000/305/064/00000/FE3435DA-CCB1-E711-8E3F-02163E01A70C.root [166,165]
/store/data/Run2017F/DoubleEG/RAW/v1/000/305/064/00000/FEC9F6A0-FBB0-E711-B5CF-02163E014715.root [94,93]
