367094
367095
367100
367102
367103
367104
367111
367112
367126
367127
367128
367129
367130
367131
367132
367133
367134
367228
367229
367230
367231
367232
367234
367260
367261
367262
367263
367264
367267
367268
367269
367270
367271
367312
367314
367315
367334
367336
367337
367352
367355
367406
367413
367415
367416
367432
367442
367443
367444
367472
367475
367476
367477
367515
367516
367547
367552
367553
367554
367591
367592
367593
367607
367615
367616
367617
367618
367619
367661
367662
367663
367664
367665
367666
367691
367692
367693
367694
367695
367696
367697
367699
367709
367730
367742
367758
367770
367771
367772
367789
367790
367809
367823
367828
367831
367836
367838
367840
367858
367873
367874
367880
367881
367882
367883
367884
367896
367902
367904
367905
367906
367907
367908
367910
367983
367990
367994
368151
368222
368223
368224
368229
368247
368302
368318
368320
368321
368326
368331
368332
368333
368334
368336
368337
368338
368339
368340
368341
368343
368361
368362
368363
368366
368381
368382
368383
368384
368388
368389
368400
368406
368410
368411
368412
368423
368437
368440
368443
368451
368452
368453
368454
368489
368542
368546
368547
368548
368565
368566
368567
368609
368611
368612
368613
368636
368669
368670
368671
368672
368673
368674
368675
368676
368678
368684
368685
368723
368724
368746
368748
368749
368752
368753
368762
368763
368764
368765
368774
368815
368816
368817
368818
368822
368823
369444
369447
369556
369560
369684
369687
369694
