/store/data/Run2022E/JetMET/RAW/v1/000/359/569/00000/20a9b7d1-ac84-48be-b984-c8f76c64f91a.root 359569 [27,28,34,35,36,40,42,41,29,25,26,32,30,37,39,24,33,43,45,31,38,44]
/store/data/Run2022E/JetMET/RAW/v1/000/359/569/00000/8d425913-e794-485a-9dd8-d5b3ea9aa4dd.root 359569 [13,7,11,15,17,2,10,16,19,21,1,5,6,9,14,18,22,4,8,20,23,3,12]
/store/data/Run2022E/JetMET/RAW/v1/000/359/569/00000/b7a99a7c-a2ce-4a01-a6a3-86a00e5baf00.root 359569 [69,70,71,82,73,74,81,76,79,80,68,72,77,78,75]
/store/data/Run2022E/JetMET/RAW/v1/000/359/569/00000/d89e756a-f1f8-467e-8f4b-546bfcffda7b.root 359569 [47,53,55,65,60,64,50,58,48,54,57,49,56,63,67,46,52,59,61,62,66,51]
/store/data/Run2022E/JetMET/RAW/v1/000/359/571/00000/09bfb2a2-0290-41a5-93f0-e28b3402c276.root 359571 [148,149,161,152,157,164,150,151,153,154,163,165,166,162,155,156,158,159,160,167]
/store/data/Run2022E/JetMET/RAW/v1/000/359/571/00000/1414067f-baaa-4525-ac49-dc86c3ee8cf2.root 359571 [2,10,13,3,6,16,17,19,11,23,1,21,9,15,18,4,5,7,8,12,22,14,20,24]
/store/data/Run2022E/JetMET/RAW/v1/000/359/571/00000/269a5e3d-7914-4186-8e7a-b00bda960f20.root 359571 [85,94,96,97,77,84,91,98,76,81,93,80,87,89,79,82,92,90,75,88,78,83,86,95]
/store/data/Run2022E/JetMET/RAW/v1/000/359/571/00000/3817db4e-b359-4366-abca-85fa41f9669d.root 359571 [100,103,115,105,106,112,101,102,110,99,120,116,114,117,118,122,104,121,107,108,109,111,113,119]
/store/data/Run2022E/JetMET/RAW/v1/000/359/571/00000/835a409e-364c-4dc4-8547-d12460df34fd.root 359571 [33,37,40,43,28,38,41,29,36,42,45,46,48,27,32,44,47,49,31,26,30,34,25,35,39]
/store/data/Run2022E/JetMET/RAW/v1/000/359/571/00000/cb6deca7-eb07-477c-8957-5606fa398f30.root 359571 [123,135,136,147,141,130,143,124,126,132,134,137,138,140,144,125,133,139,142,127,128,131,145,129,146]
/store/data/Run2022E/JetMET/RAW/v1/000/359/571/00000/d8efe09c-35b2-47e3-9bf2-c7cf9a6585a1.root 359571 [56,62,71,50,63,74,54,60,61,64,66,51,70,57,58,67,72,52,53,59,73,55,65,68,69]
