/store/data/Run2015C/HLTPhysics/RAW/v1/000/254/790/00000/16122521-4E48-E511-AE5D-02163E011BE4.root [627,643,657,659,615,620,624,640,644,648,652,656,621,623,625,628,636,646,661,626,635,645,649,654,662,616,617,618,619,632,634,638,650,614,641,647,655,612,622,629,630,633,651,653,658,613,631,637,639,642,660,663]
/store/data/Run2015C/HLTPhysics/RAW/v1/000/254/790/00000/2250F10A-4E48-E511-92FE-02163E01243B.root [770,782,788,775,785,786,787,773,778,779,769,771,777,780,774,776,792,772,781,784,789,783,791]
/store/data/Run2015C/HLTPhysics/RAW/v1/000/254/790/00000/4C1F0372-3148-E511-BF49-02163E014530.root [130,131,140,142,157,160,161,173,126,127,135,148,155,162,136,147,149,152,154,169,172,125,132,134,139,146,150,151,163,165,168,129,137,138,143,156,171,124,128,133,141,166,167,144,145,153,159,164,174,158,170]
/store/data/Run2015C/HLTPhysics/RAW/v1/000/254/790/00000/58928409-4E48-E511-A57A-02163E011ED0.root [334,336,338,344,353,356,325,326,320,339,346,349,314,322,335,337,343,348,351,354,319,323,327,331,341,361,315,317,321,329,333,347,318,332,342,345,350,355,357,358,359,316,324,328,330,340,352,360]
/store/data/Run2015C/HLTPhysics/RAW/v1/000/254/790/00000/68069D21-4E48-E511-8312-02163E01397C.root [364,380,392,397,406,366,369,370,373,374,379,381,396,378,384,394,398,402,365,367,383,385,387,388,395,399,405,408,363,375,386,389,390,407,372,376,377,391,403,409,362,368,371,382,393,400,401,404]
/store/data/Run2015C/HLTPhysics/RAW/v1/000/254/790/00000/70C63D36-2148-E511-BBE6-02163E01181C.root [13,18,25,37,44,46,49,54,74,83,87,93,94,99,105,106,113,120,1,6,26,29,30,45,50,52,60,63,82,90,97,102,111,119,14,21,22,33,36,43,55,64,66,71,77,104,114,9,10,12,31,41,42,62,68,73,80,84,86,95,96,98,2,7,51,57,58,65,69,76,85,100,107,110,121,4,5,15,23,34,38,47,48,53,59,67,70,101,103,118,122,11,19,24,27,32,56,72,75,79,88,108,109,115,116,123,3,8,16,17,20,28,35,39,40,61,78,81,112,117]
/store/data/Run2015C/HLTPhysics/RAW/v1/000/254/790/00000/7E48F50C-4E48-E511-8884-02163E01250A.root [464,465,468,470,475,477,488,489,461,482,485,490,504,459,471,478,481,486,501,466,469,473,476,492,493,499,462,479,460,463,472,483,487,491,494,495,496,497,503,458,474,484,505,467,480,498,500,502]
/store/data/Run2015C/HLTPhysics/RAW/v1/000/254/790/00000/867617B4-3048-E511-82A2-02163E011CBD.root [178,185,221,197,213,214,217,180,193,198,200,211,184,188,194,196,199,201,204,218,179,183,186,187,191,206,209,220,175,177,181,182,192,202,205,210,176,190,208,189,195,203,207,212,215,216,219]
/store/data/Run2015C/HLTPhysics/RAW/v1/000/254/790/00000/B09B060D-4E48-E511-9309-02163E014670.root [223,227,243,249,254,259,235,237,241,245,247,250,264,234,260,261,224,226,238,240,244,255,222,225,230,242,248,262,263,266,231,233,236,239,246,253,265,232,251,257,228,229,252,256,258]
/store/data/Run2015C/HLTPhysics/RAW/v1/000/254/790/00000/BCCE5006-4E48-E511-AD4B-02163E01419F.root [758,740,741,743,751,761,762,719,723,728,747,717,726,735,739,745,749,768,722,727,734,748,752,753,755,756,767,725,737,744,746,754,764,720,721,736,738,757,763,729,732,742,750,759,760,765,766,718,724,730,731,733]
/store/data/Run2015C/HLTPhysics/RAW/v1/000/254/790/00000/D071D10F-4E48-E511-B4EB-02163E0141AB.root [268,273,283,286,293,277,278,281,288,297,302,313,274,279,280,305,310,311,270,275,290,294,301,304,308,312,272,285,295,298,300,267,282,287,291,299,303,307,269,271,296,306,276,284,289,292,309]
/store/data/Run2015C/HLTPhysics/RAW/v1/000/254/790/00000/D28DD808-4E48-E511-8FF6-02163E0144B4.root [554,555,562,572,577,579,585,594,563,567,568,582,589,557,586,611,559,566,573,576,584,596,602,603,607,609,569,575,581,591,592,593,597,599,556,561,564,578,588,590,598,601,605,610,558,565,587,595,600,604,606,560,570,571,574,580,583,608]
/store/data/Run2015C/HLTPhysics/RAW/v1/000/254/790/00000/D660900B-4E48-E511-9F61-02163E0145CB.root [410,426,449,434,443,416,423,432,435,436,438,455,456,411,421,422,425,428,412,414,430,439,442,453,454,413,418,420,437,444,450,451,419,424,433,441,448,457,415,417,427,429,431,440,445,446,447,452]
/store/data/Run2015C/HLTPhysics/RAW/v1/000/254/790/00000/DA7A980D-4E48-E511-9196-02163E0145A2.root [516,523,532,547,551,553,509,512,517,536,550,526,529,533,514,519,520,522,525,527,535,539,545,508,511,513,518,531,534,541,546,552,521,528,530,538,540,543,507,510,515,524,537,544,548,506,542,549]
/store/data/Run2015C/HLTPhysics/RAW/v1/000/254/790/00000/EEB40A0C-4E48-E511-A8B1-02163E011BCE.root [677,690,701,707,708,715,670,682,693,702,666,668,674,680,704,709,664,665,687,697,669,678,684,688,694,695,705,714,672,675,686,691,696,703,711,712,671,679,683,685,713,667,673,676,681,689,692,706,710,716]
