/store/data/Run2018B/ZeroBias/RAW/v1/000/317/435/00000/0002D0C8-A368-E811-93E2-FA163E72BD86.root [1081,1083,1085,1082,1084,1080]
/store/data/Run2018B/ZeroBias/RAW/v1/000/317/435/00000/003E2EB6-A368-E811-A793-FA163E2E65AB.root [1176,1179,1180,1177,1175,1178]
/store/data/Run2018B/ZeroBias/RAW/v1/000/317/435/00000/007858C0-A368-E811-9BC3-FA163E87B737.root [227,224,225,226]
/store/data/Run2018B/ZeroBias/RAW/v1/000/317/435/00000/00CEC0C5-A368-E811-8EEE-FA163E264A72.root [213,214,215,212]
/store/data/Run2018B/ZeroBias/RAW/v1/000/317/435/00000/026B17B7-A368-E811-935C-FA163EA146B3.root [1268,1271,1267,1272,1269,1270]
/store/data/Run2018B/ZeroBias/RAW/v1/000/317/435/00000/040BD1C9-A368-E811-B2E1-02163E01A15C.root [705,706,709,707,708]
/store/data/Run2018B/ZeroBias/RAW/v1/000/317/435/00000/04BC42C5-A368-E811-A1AD-FA163E5DD33E.root [196,199,197,198]
/store/data/Run2018B/ZeroBias/RAW/v1/000/317/435/00000/0628FEAF-A368-E811-8DE2-FA163EDC0938.root [1317,1318,1320,1323,1321,1322,1319]
/store/data/Run2018B/ZeroBias/RAW/v1/000/317/435/00000/065F27C8-A368-E811-BCD7-FA163E554F4D.root [742,740,743,741,744]
/store/data/Run2018B/ZeroBias/RAW/v1/000/317/435/00000/06F1D78F-A368-E811-B992-FA163E3C6C91.root [1032,1034,1035,1036,1037,1033]
/store/data/Run2018B/ZeroBias/RAW/v1/000/317/435/00000/0A07D893-A368-E811-9A6C-FA163E935CFF.root [831,834,835,830,832,833]
/store/data/Run2018B/ZeroBias/RAW/v1/000/317/435/00000/0C14FACB-A368-E811-9E2B-02163E019FCD.root [638,636,637,639,635]
/store/data/Run2018B/ZeroBias/RAW/v1/000/317/435/00000/0C1980D7-A368-E811-BB3F-02163E01A03B.root [820,818,821,819,822,823]
/store/data/Run2018B/ZeroBias/RAW/v1/000/317/435/00000/0C9265B5-A368-E811-B77E-FA163E6E32F8.root [779,780,782,777,778,781]
/store/data/Run2018B/ZeroBias/RAW/v1/000/317/435/00000/0CDC6DC2-A368-E811-B4B7-FA163ED71B82.root [892,890,891,888,889,893]
/store/data/Run2018B/ZeroBias/RAW/v1/000/317/435/00000/0E0D698F-A368-E811-BB8A-FA163E53636C.root [136,137,134,135]
/store/data/Run2018B/ZeroBias/RAW/v1/000/317/435/00000/0EC0BE9A-A368-E811-B980-FA163E70807E.root [816,814,815,812,813,817]
/store/data/Run2018B/ZeroBias/RAW/v1/000/317/435/00000/0ED2DAD5-A368-E811-B8C6-FA163EAB47FB.root [374,375,373,372]
/store/data/Run2018B/ZeroBias/RAW/v1/000/317/435/00000/10F8C4E1-A368-E811-80CC-FA163E23298B.root [924,925,927,929,928,926]
/store/data/Run2018B/ZeroBias/RAW/v1/000/317/435/00000/10FA8B3F-5A68-E811-A1D9-FA163E481185.root [72,69,71,70]
/store/data/Run2018B/ZeroBias/RAW/v1/000/317/435/00000/125778E6-A368-E811-B92E-FA163EE88A79.root [1106,1111,1108,1107,1105,1110,1109]
/store/data/Run2018B/ZeroBias/RAW/v1/000/317/435/00000/1257F1BD-A368-E811-B330-FA163E2F5EF2.root [601,600,602,604,603]
/store/data/Run2018B/ZeroBias/RAW/v1/000/317/435/00000/12E58997-A368-E811-A651-FA163E3FB52E.root [884,886,885,882,883,887]
/store/data/Run2018B/ZeroBias/RAW/v1/000/317/435/00000/1412DE96-A368-E811-8914-FA163E691D00.root [1135,1131,1138,1136,1132,1133,1134,1137]
/store/data/Run2018B/ZeroBias/RAW/v1/000/317/435/00000/14716989-A368-E811-9E41-FA163E7D05BC.root [845,841,844,842,843,846]
/store/data/Run2018B/ZeroBias/RAW/v1/000/317/435/00000/148A88D3-A368-E811-BB12-FA163E21EBA8.root [567,566,568,565,569]
/store/data/Run2018B/ZeroBias/RAW/v1/000/317/435/00000/14DD92BC-A368-E811-8874-FA163E852485.root [188,189,191,190]
/store/data/Run2018B/ZeroBias/RAW/v1/000/317/435/00000/16F923A9-A368-E811-9137-FA163E8DC24C.root [325,327,326,324]
/store/data/Run2018B/ZeroBias/RAW/v1/000/317/435/00000/182E07DA-A368-E811-AF8A-FA163E81C56B.root [310,308,311,309]
/store/data/Run2018B/ZeroBias/RAW/v1/000/317/435/00000/183FEAA9-A368-E811-94C7-FA163E4FFF88.root [1086,1088,1090,1089,1087,1091]
/store/data/Run2018B/ZeroBias/RAW/v1/000/317/435/00000/1A20848C-A368-E811-8F49-02163E019F9F.root [770,766,769,767,768]
/store/data/Run2018B/ZeroBias/RAW/v1/000/317/435/00000/1A256BAA-A368-E811-A011-02163E019F7C.root [981,982,980,978,983,979]
/store/data/Run2018B/ZeroBias/RAW/v1/000/317/435/00000/1A73799E-A368-E811-B194-FA163E2AB66C.root [713,711,710,714,712]
/store/data/Run2018B/ZeroBias/RAW/v1/000/317/435/00000/1ADB34BC-A368-E811-B075-02163E019FD8.root [877,878,881,880,876,879]
/store/data/Run2018B/ZeroBias/RAW/v1/000/317/435/00000/1AEF0A9B-A368-E811-90D0-FA163EF0AEC8.root [914,912,915,913,916,917]
/store/data/Run2018B/ZeroBias/RAW/v1/000/317/435/00000/1C333857-5B68-E811-8AAC-FA163E4AEC6A.root [94,95,93,96]
/store/data/Run2018B/ZeroBias/RAW/v1/000/317/435/00000/1E4047D2-A368-E811-96F3-FA163E3D26FA.root [489,492,493,490,491]
/store/data/Run2018B/ZeroBias/RAW/v1/000/317/435/00000/1E4AEDDB-A368-E811-8188-FA163EB9CE9F.root [721,724,722,723,720]
/store/data/Run2018B/ZeroBias/RAW/v1/000/317/435/00000/1E6624CA-A368-E811-A386-FA163E277950.root [586,588,589,585,587]
/store/data/Run2018B/ZeroBias/RAW/v1/000/317/435/00000/1EDFE085-A368-E811-9C13-FA163E91FAAB.root [405,404,402,403]
/store/data/Run2018B/ZeroBias/RAW/v1/000/317/435/00000/200DDCAF-A368-E811-AD1E-FA163E364552.root [575,576,577,578,579]
/store/data/Run2018B/ZeroBias/RAW/v1/000/317/435/00000/20315DB5-A368-E811-BF63-FA163E4EC205.root [368,369,370,371]
/store/data/Run2018B/ZeroBias/RAW/v1/000/317/435/00000/208CCC68-5868-E811-AAC0-FA163E594A7B.root [27,28,25,26]
/store/data/Run2018B/ZeroBias/RAW/v1/000/317/435/00000/20E3729D-A368-E811-8B41-FA163E1253F5.root [353,352,354,355]
/store/data/Run2018B/ZeroBias/RAW/v1/000/317/435/00000/2227D0BD-A368-E811-B542-FA163E53CC91.root [1099,1104,1103,1100,1101,1102]
/store/data/Run2018B/ZeroBias/RAW/v1/000/317/435/00000/225B52AD-A368-E811-A2BC-FA163EC10C83.root [641,640,643,642,644]
/store/data/Run2018B/ZeroBias/RAW/v1/000/317/435/00000/226CC355-5B68-E811-9574-FA163ED36045.root [83,84,81,82]
/store/data/Run2018B/ZeroBias/RAW/v1/000/317/435/00000/22B5A0BE-A368-E811-B298-FA163E01F34D.root [243,240,241,242]
/store/data/Run2018B/ZeroBias/RAW/v1/000/317/435/00000/22DCDCC4-A368-E811-88B6-FA163E94CDE5.root [514,515,516,517,518]
/store/data/Run2018B/ZeroBias/RAW/v1/000/317/435/00000/2414C495-5768-E811-8070-FA163E65399D.root [9,10,12,11]
/store/data/Run2018B/ZeroBias/RAW/v1/000/317/435/00000/2422909C-A368-E811-8A9D-FA163E81B953.root [220,221,222,223]
/store/data/Run2018B/ZeroBias/RAW/v1/000/317/435/00000/247C04CE-A368-E811-819F-FA163EA348D9.root [454,457,458,456,455]
/store/data/Run2018B/ZeroBias/RAW/v1/000/317/435/00000/260650AB-A368-E811-822A-FA163E0BD5CE.root [238,236,239,237]
/store/data/Run2018B/ZeroBias/RAW/v1/000/317/435/00000/264A37E4-A368-E811-9ABE-FA163E2A211E.root [544,545,547,546,548]
/store/data/Run2018B/ZeroBias/RAW/v1/000/317/435/00000/2662DFD8-A368-E811-B60E-FA163E63AAC3.root [1238,1241,1242,1237,1239,1240]
/store/data/Run2018B/ZeroBias/RAW/v1/000/317/435/00000/26A93686-A368-E811-99BA-FA163E2322D8.root [867,868,864,869,865,866]
/store/data/Run2018B/ZeroBias/RAW/v1/000/317/435/00000/26AD0FC2-A368-E811-B6CB-FA163ECBA044.root [433,432,430,431,429]
/store/data/Run2018B/ZeroBias/RAW/v1/000/317/435/00000/286E82AF-A368-E811-BB97-FA163E7C3F50.root [193,192,194,195]
/store/data/Run2018B/ZeroBias/RAW/v1/000/317/435/00000/28C4D5DD-A368-E811-A13A-FA163EC4B64E.root [499,501,502,500,503]
/store/data/Run2018B/ZeroBias/RAW/v1/000/317/435/00000/2A0707A9-A368-E811-B85D-FA163E942906.root [1354,1353,1355,1357,1358,1356,1352]
/store/data/Run2018B/ZeroBias/RAW/v1/000/317/435/00000/2A997DC3-A368-E811-8F38-FA163EFFE332.root [276,277,278,279]
/store/data/Run2018B/ZeroBias/RAW/v1/000/317/435/00000/2AA8509B-A368-E811-AEC0-FA163E167242.root [525,528,524,527,526]
/store/data/Run2018B/ZeroBias/RAW/v1/000/317/435/00000/2AB51DBC-A368-E811-B622-FA163EDFB034.root [258,256,259,257]
/store/data/Run2018B/ZeroBias/RAW/v1/000/317/435/00000/2C5394A5-A368-E811-8F9C-FA163E81D8C9.root [932,930,931,933,935,934]
/store/data/Run2018B/ZeroBias/RAW/v1/000/317/435/00000/2CB796B7-A368-E811-9119-FA163EE0B264.root [509,512,511,510,513]
/store/data/Run2018B/ZeroBias/RAW/v1/000/317/435/00000/2EBA2E43-5868-E811-9E28-FA163E47AFC9.root [19,20,18,17]
/store/data/Run2018B/ZeroBias/RAW/v1/000/317/435/00000/306F81CF-A368-E811-9607-FA163E169203.root [771,772,775,776,773,774]
/store/data/Run2018B/ZeroBias/RAW/v1/000/317/435/00000/321EB4EB-A368-E811-8731-FA163E498C7B.root [667,669,666,665,668]
/store/data/Run2018B/ZeroBias/RAW/v1/000/317/435/00000/328411AB-A368-E811-B022-FA163ED2F018.root [130,131,132,133]
/store/data/Run2018B/ZeroBias/RAW/v1/000/317/435/00000/346E6E8A-A368-E811-9DFB-FA163E4CBF35.root [264,267,265,266]
/store/data/Run2018B/ZeroBias/RAW/v1/000/317/435/00000/362E0587-A368-E811-AA2D-FA163E0E1EE5.root [281,282,283,280]
/store/data/Run2018B/ZeroBias/RAW/v1/000/317/435/00000/36B9F822-5C68-E811-A4AF-FA163E280A44.root [97,99,100,98]
/store/data/Run2018B/ZeroBias/RAW/v1/000/317/435/00000/36E5F999-A368-E811-839C-02163E019F09.root [461,463,459,462,460]
/store/data/Run2018B/ZeroBias/RAW/v1/000/317/435/00000/38690888-A368-E811-8641-FA163EF79444.root [301,303,302,300]
/store/data/Run2018B/ZeroBias/RAW/v1/000/317/435/00000/38C9509E-A368-E811-AB6C-FA163ECFFF25.root [260,263,261,262]
/store/data/Run2018B/ZeroBias/RAW/v1/000/317/435/00000/3AA032FC-A368-E811-ABF5-FA163E7A3564.root [809,810,808,811,806,807]
/store/data/Run2018B/ZeroBias/RAW/v1/000/317/435/00000/3AB77AC0-A368-E811-8675-FA163E46FDBC.root [672,670,673,674,671]
/store/data/Run2018B/ZeroBias/RAW/v1/000/317/435/00000/3C6197B6-A368-E811-BF09-FA163EE24CAD.root [464,466,467,465,468]
/store/data/Run2018B/ZeroBias/RAW/v1/000/317/435/00000/3E3BCDCC-A368-E811-B8F9-FA163E4A56DB.root [138,141,140,139]
/store/data/Run2018B/ZeroBias/RAW/v1/000/317/435/00000/3E915D96-A368-E811-B450-FA163EB330ED.root [288,290,291,289]
/store/data/Run2018B/ZeroBias/RAW/v1/000/317/435/00000/4222EADD-A368-E811-9478-FA163E6A88D6.root [747,746,748,749,745]
/store/data/Run2018B/ZeroBias/RAW/v1/000/317/435/00000/4428A09D-A368-E811-8AD9-FA163E14A572.root [333,335,334,332]
/store/data/Run2018B/ZeroBias/RAW/v1/000/317/435/00000/44D59EA6-A368-E811-AEC8-02163E016131.root [252,255,253,254]
/store/data/Run2018B/ZeroBias/RAW/v1/000/317/435/00000/461C99D1-A368-E811-8332-FA163E4EC8C7.root [1393,1390,1387,1392,1388,1389,1391]
/store/data/Run2018B/ZeroBias/RAW/v1/000/317/435/00000/463D76A6-A368-E811-A848-FA163EE5755C.root [905,900,904,902,903,901]
/store/data/Run2018B/ZeroBias/RAW/v1/000/317/435/00000/46505997-A368-E811-B879-FA163E250609.root [1148,1145,1147,1146,1149,1150]
/store/data/Run2018B/ZeroBias/RAW/v1/000/317/435/00000/48247A91-A368-E811-9553-FA163EF29411.root [1039,1040,1043,1041,1038,1042]
/store/data/Run2018B/ZeroBias/RAW/v1/000/317/435/00000/48FB48DC-A368-E811-8444-FA163EF3B78B.root [312,313,315,314]
/store/data/Run2018B/ZeroBias/RAW/v1/000/317/435/00000/4C09F78F-A368-E811-9BDA-FA163EF16E94.root [574,570,572,573,571]
/store/data/Run2018B/ZeroBias/RAW/v1/000/317/435/00000/4CCF4D87-A368-E811-B6BB-FA163E70878A.root [629,628,627,625,626]
/store/data/Run2018B/ZeroBias/RAW/v1/000/317/435/00000/4E52BEC3-A368-E811-B216-FA163E43848F.root [148,149,146,147]
/store/data/Run2018B/ZeroBias/RAW/v1/000/317/435/00000/4E7E26D5-A368-E811-B205-FA163E0D66CE.root [606,608,609,605,607]
/store/data/Run2018B/ZeroBias/RAW/v1/000/317/435/00000/523AA68B-A368-E811-BCF5-FA163E194B7D.root [284,287,285,286]
/store/data/Run2018B/ZeroBias/RAW/v1/000/317/435/00000/54B170BB-A368-E811-9241-FA163E946965.root [446,445,444,447,448]
/store/data/Run2018B/ZeroBias/RAW/v1/000/317/435/00000/54C89830-5968-E811-9200-FA163EA46286.root [45,47,46,48]
/store/data/Run2018B/ZeroBias/RAW/v1/000/317/435/00000/5695C8D2-A368-E811-B38C-FA163EE4DD06.root [1183,1184,1185,1181,1182,1186]
/store/data/Run2018B/ZeroBias/RAW/v1/000/317/435/00000/56C70ED2-5968-E811-9A10-FA163E550C54.root [62,63,64,61]
/store/data/Run2018B/ZeroBias/RAW/v1/000/317/435/00000/58992BCE-A368-E811-82FA-FA163EF6D7CE.root [406,409,407,408]
/store/data/Run2018B/ZeroBias/RAW/v1/000/317/435/00000/58A4FF9E-A368-E811-B91F-FA163E4DDA9D.root [736,735,738,739,737]
/store/data/Run2018B/ZeroBias/RAW/v1/000/317/435/00000/58D207C8-A368-E811-8BFD-02163E01A109.root [480,479,483,482,481]
/store/data/Run2018B/ZeroBias/RAW/v1/000/317/435/00000/58D46EA5-A368-E811-8125-FA163E79AC5B.root [1188,1190,1191,1187,1192,1189]
/store/data/Run2018B/ZeroBias/RAW/v1/000/317/435/00000/5A0175CA-A368-E811-8571-FA163E5436A5.root [1174,1170,1169,1173,1172,1171]
/store/data/Run2018B/ZeroBias/RAW/v1/000/317/435/00000/5A77F790-A368-E811-80DF-FA163E6A6DD4.root [549,553,550,551,552]
/store/data/Run2018B/ZeroBias/RAW/v1/000/317/435/00000/5A7DEE07-5868-E811-8537-FA163EAC4172.root [24,21,22,23]
/store/data/Run2018B/ZeroBias/RAW/v1/000/317/435/00000/5A8E04C2-A368-E811-AC9D-FA163E56DB18.root [1273,1274,1277,1275,1276,1278]
/store/data/Run2018B/ZeroBias/RAW/v1/000/317/435/00000/5AB3FF88-A368-E811-B377-FA163E236906.root [317,318,319,316]
/store/data/Run2018B/ZeroBias/RAW/v1/000/317/435/00000/5C7E4CCE-A368-E811-AE86-FA163E9B9A21.root [180,183,179,181,182]
/store/data/Run2018B/ZeroBias/RAW/v1/000/317/435/00000/5E720A75-5868-E811-A5DA-02163E017EE5.root [41,43,44,42]
/store/data/Run2018B/ZeroBias/RAW/v1/000/317/435/00000/5EBED88B-5968-E811-B409-FA163EE3A0DB.root [53,54,55,56]
/store/data/Run2018B/ZeroBias/RAW/v1/000/317/435/00000/5EC56AD0-A368-E811-A100-FA163E9AEBCE.root [718,719,715,717,716]
/store/data/Run2018B/ZeroBias/RAW/v1/000/317/435/00000/5EFE04DF-A368-E811-A653-FA163E600F07.root [1074,1078,1076,1075,1077,1079]
/store/data/Run2018B/ZeroBias/RAW/v1/000/317/435/00000/60715737-5C68-E811-9341-FA163E1395C9.root [106,107,108,105]
/store/data/Run2018B/ZeroBias/RAW/v1/000/317/435/00000/6204B54F-5B68-E811-9D3A-FA163E83353C.root [92,89,90,91]
/store/data/Run2018B/ZeroBias/RAW/v1/000/317/435/00000/646B9897-A368-E811-B5A8-FA163E22AFFD.root [938,939,936,940,937,941]
/store/data/Run2018B/ZeroBias/RAW/v1/000/317/435/00000/64BAA9D2-A368-E811-B02E-FA163E359971.root [185,187,184,186]
/store/data/Run2018B/ZeroBias/RAW/v1/000/317/435/00000/662E6DB2-A368-E811-869B-FA163E6FE97F.root [217,216,219,218]
/store/data/Run2018B/ZeroBias/RAW/v1/000/317/435/00000/66AD7CC9-A368-E811-B9DF-FA163EFC9F83.root [365,367,366,364]
/store/data/Run2018B/ZeroBias/RAW/v1/000/317/435/00000/681FBADB-A368-E811-B91E-FA163EA4FC3F.root [159,161,158,160]
/store/data/Run2018B/ZeroBias/RAW/v1/000/317/435/00000/6A6FB5B1-A368-E811-83E4-FA163EB96EB2.root [154,157,155,156]
/store/data/Run2018B/ZeroBias/RAW/v1/000/317/435/00000/6A876BB1-A368-E811-B684-FA163E68326F.root [789,790,792,794,793,791]
/store/data/Run2018B/ZeroBias/RAW/v1/000/317/435/00000/6C6EBFD3-A368-E811-8478-FA163EE02984.root [1366,1372,1367,1370,1368,1371,1369]
/store/data/Run2018B/ZeroBias/RAW/v1/000/317/435/00000/6CC7AECC-A368-E811-AF76-FA163E95FD6D.root [1288,1291,1285,1290,1286,1289,1287]
/store/data/Run2018B/ZeroBias/RAW/v1/000/317/435/00000/6CD6AB8E-A368-E811-BD08-FA163EE4D921.root [363,360,361,362]
/store/data/Run2018B/ZeroBias/RAW/v1/000/317/435/00000/6E8511A8-5A68-E811-A81A-FA163E84174E.root [75,76,73,74]
/store/data/Run2018B/ZeroBias/RAW/v1/000/317/435/00000/7077099B-A368-E811-BEE6-FA163E399AD5.root [1359,1363,1365,1364,1360,1361,1362]
/store/data/Run2018B/ZeroBias/RAW/v1/000/317/435/00000/70A9988E-A368-E811-AC9A-FA163EB0EF0B.root [595,596,598,599,597]
/store/data/Run2018B/ZeroBias/RAW/v1/000/317/435/00000/728860CC-A368-E811-8905-FA163EE3A0DB.root [645,648,647,646,649]
/store/data/Run2018B/ZeroBias/RAW/v1/000/317/435/00000/72923395-A368-E811-A0C1-FA163EE8669D.root [661,663,660,662,664]
/store/data/Run2018B/ZeroBias/RAW/v1/000/317/435/00000/74BB9D96-A368-E811-A3CE-FA163EEA7896.root [733,734,731,730,732]
/store/data/Run2018B/ZeroBias/RAW/v1/000/317/435/00000/76FEB0D5-5C68-E811-B01F-FA163EBF9422.root [118,117,119,120]
/store/data/Run2018B/ZeroBias/RAW/v1/000/317/435/00000/781AB8CD-A368-E811-8980-FA163EF55202.root [691,694,690,692,693]
/store/data/Run2018B/ZeroBias/RAW/v1/000/317/435/00000/78CD4EA2-A368-E811-8109-FA163E6C63D4.root [848,850,852,851,847,849]
/store/data/Run2018B/ZeroBias/RAW/v1/000/317/435/00000/7A496694-A368-E811-A863-FA163EF4913C.root [233,234,235,232]
/store/data/Run2018B/ZeroBias/RAW/v1/000/317/435/00000/7E211168-5868-E811-B88F-FA163E291F98.root [34,33,36,35]
/store/data/Run2018B/ZeroBias/RAW/v1/000/317/435/00000/801D47B1-A368-E811-91FA-FA163EF1AC32.root [203,200,202,201]
/store/data/Run2018B/ZeroBias/RAW/v1/000/317/435/00000/80597A61-5C68-E811-A9BA-FA163E594A7B.root [104,101,102,103]
/store/data/Run2018B/ZeroBias/RAW/v1/000/317/435/00000/80E62EAB-A368-E811-873A-FA163E46FD25.root [760,763,762,764,765,761]
/store/data/Run2018B/ZeroBias/RAW/v1/000/317/435/00000/848746B2-A368-E811-9582-FA163EA150A7.root [440,442,439,443,441]
/store/data/Run2018B/ZeroBias/RAW/v1/000/317/435/00000/8828B297-A368-E811-A84D-FA163E89857D.root [1066,1065,1063,1064,1067,1062]
/store/data/Run2018B/ZeroBias/RAW/v1/000/317/435/00000/8A20BF8B-A368-E811-9C63-FA163E2E9D2F.root [384,386,387,385,388]
/store/data/Run2018B/ZeroBias/RAW/v1/000/317/435/00000/8AC888AB-A368-E811-83FA-FA163E25F51B.root [245,244,247,246]
/store/data/Run2018B/ZeroBias/RAW/v1/000/317/435/00000/8C5E92C3-A368-E811-AFEB-FA163E0136A9.root [1022,1025,1020,1024,1021,1023]
/store/data/Run2018B/ZeroBias/RAW/v1/000/317/435/00000/8C69EC91-5768-E811-A6F9-FA163ECE80EF.root [8,6,5,7]
/store/data/Run2018B/ZeroBias/RAW/v1/000/317/435/00000/8CB9B8B0-A368-E811-A668-FA163E9D498B.root [1305,1306,1304,1309,1308,1307]
/store/data/Run2018B/ZeroBias/RAW/v1/000/317/435/00000/8CC5DBE9-5968-E811-890C-FA163E9F932A.root [65,66,67,68]
/store/data/Run2018B/ZeroBias/RAW/v1/000/317/435/00000/8ED66F99-A368-E811-BE4D-FA163EC60EAA.root [909,906,907,911,908,910]
/store/data/Run2018B/ZeroBias/RAW/v1/000/317/435/00000/90973B88-A368-E811-89FE-FA163EF34423.root [859,861,862,863,860]
/store/data/Run2018B/ZeroBias/RAW/v1/000/317/435/00000/90E82BD3-A368-E811-9B9B-FA163EEB0932.root [1059,1057,1058,1060,1056,1061]
/store/data/Run2018B/ZeroBias/RAW/v1/000/317/435/00000/90F91295-A368-E811-A9AA-FA163EB5119C.root [488,484,485,486,487]
/store/data/Run2018B/ZeroBias/RAW/v1/000/317/435/00000/925977C4-A368-E811-AAD7-FA163EF16FDF.root [1386,1384,1380,1382,1385,1381,1383]
/store/data/Run2018B/ZeroBias/RAW/v1/000/317/435/00000/92AF1AA3-A368-E811-94E9-FA163E9BE5CE.root [998,1000,997,999,996,1001]
/store/data/Run2018B/ZeroBias/RAW/v1/000/317/435/00000/94067FC7-A368-E811-BB68-FA163E6C4A2C.root [1250,1251,1252,1253,1249,1254]
/store/data/Run2018B/ZeroBias/RAW/v1/000/317/435/00000/94718191-A368-E811-AF02-FA163EAFB047.root [376,377,379,378]
/store/data/Run2018B/ZeroBias/RAW/v1/000/317/435/00000/960A8CC3-A368-E811-B45E-FA163EF96190.root [1213,1214,1215,1216,1211,1212]
/store/data/Run2018B/ZeroBias/RAW/v1/000/317/435/00000/985BF7AA-A368-E811-ACE0-02163E01A0E8.root [426,424,425,428,427]
/store/data/Run2018B/ZeroBias/RAW/v1/000/317/435/00000/98B7839F-A368-E811-8C5B-FA163EA60C9D.root [177,178,176,175]
/store/data/Run2018B/ZeroBias/RAW/v1/000/317/435/00000/9AECAFBE-A368-E811-9D6B-FA163E6F5858.root [1027,1031,1028,1026,1029,1030]
/store/data/Run2018B/ZeroBias/RAW/v1/000/317/435/00000/9C85B0BE-A368-E811-BBC1-FA163E4B44F5.root [801,804,805,802,803]
/store/data/Run2018B/ZeroBias/RAW/v1/000/317/435/00000/9CABBD9F-A368-E811-9D08-FA163E034210.root [272,274,273,275]
/store/data/Run2018B/ZeroBias/RAW/v1/000/317/435/00000/9CC0338D-A368-E811-9AEE-FA163EB32D9F.root [413,410,411,412]
/store/data/Run2018B/ZeroBias/RAW/v1/000/317/435/00000/9E717890-A368-E811-85F4-FA163EAA7E8B.root [611,610,614,612,613]
/store/data/Run2018B/ZeroBias/RAW/v1/000/317/435/00000/A241909A-A368-E811-8217-FA163E9F09F8.root [1328,1326,1327,1325,1324,1330,1329]
/store/data/Run2018B/ZeroBias/RAW/v1/000/317/435/00000/A62294CA-A368-E811-AA66-FA163E0A0BD8.root [873,870,871,874,875,872]
/store/data/Run2018B/ZeroBias/RAW/v1/000/317/435/00000/A80C40BA-A368-E811-B233-FA163E0ED147.root [416,418,414,415,417]
/store/data/Run2018B/ZeroBias/RAW/v1/000/317/435/00000/A83E54A6-A368-E811-A322-FA163ED0FAB5.root [783,786,787,788,784,785]
/store/data/Run2018B/ZeroBias/RAW/v1/000/317/435/00000/A8B6ADD9-A368-E811-A0A1-02163E01A00D.root [495,497,496,498,494]
/store/data/Run2018B/ZeroBias/RAW/v1/000/317/435/00000/AC2DC9C0-A368-E811-8D80-FA163E9A7438.root [478,474,477,475,476]
/store/data/Run2018B/ZeroBias/RAW/v1/000/317/435/00000/AC33C7B2-A368-E811-87B2-FA163EDDCB64.root [207,204,205,206]
/store/data/Run2018B/ZeroBias/RAW/v1/000/317/435/00000/AC76D175-5C68-E811-979E-FA163E15865B.root [114,115,113,116]
/store/data/Run2018B/ZeroBias/RAW/v1/000/317/435/00000/AC7D17F0-A368-E811-AA84-02163E01A134.root [383,381,382,380]
/store/data/Run2018B/ZeroBias/RAW/v1/000/317/435/00000/AE4F7ACD-A368-E811-8E9F-FA163EB5A31B.root [968,969,971,966,967,970]
/store/data/Run2018B/ZeroBias/RAW/v1/000/317/435/00000/AE5B3D8B-A368-E811-8AB1-FA163EDE06AF.root [330,329,331,328]
/store/data/Run2018B/ZeroBias/RAW/v1/000/317/435/00000/AE978287-A368-E811-81C8-FA163ECD114E.root [142,143,145,144]
/store/data/Run2018B/ZeroBias/RAW/v1/000/317/435/00000/B01B43D7-A368-E811-8D7C-FA163EE655A1.root [684,682,683,681,680]
/store/data/Run2018B/ZeroBias/RAW/v1/000/317/435/00000/B0E410A5-A368-E811-937E-FA163E8B7A0B.root [653,652,650,654,651]
/store/data/Run2018B/ZeroBias/RAW/v1/000/317/435/00000/B460FFC2-A368-E811-B08D-02163E01A040.root [990,991,994,993,992,995]
/store/data/Run2018B/ZeroBias/RAW/v1/000/317/435/00000/B48289C1-A368-E811-AD7C-FA163E4FDC0F.root [389,390,392,391]
/store/data/Run2018B/ZeroBias/RAW/v1/000/317/435/00000/B61530C7-A368-E811-8119-FA163E098E2F.root [163,164,165,162]
/store/data/Run2018B/ZeroBias/RAW/v1/000/317/435/00000/B6834CBA-A368-E811-898B-FA163EF26B2D.root [356,359,357,358]
/store/data/Run2018B/ZeroBias/RAW/v1/000/317/435/00000/B6A77FAE-A368-E811-B778-FA163E4F458C.root [1208,1209,1205,1210,1206,1207]
/store/data/Run2018B/ZeroBias/RAW/v1/000/317/435/00000/B6AC5DA8-A368-E811-B74B-FA163E80CAB4.root [1226,1228,1225,1227,1229,1230]
/store/data/Run2018B/ZeroBias/RAW/v1/000/317/435/00000/B6D3A782-A368-E811-8648-FA163E2A8EA2.root [230,229,228,231]
/store/data/Run2018B/ZeroBias/RAW/v1/000/317/435/00000/B6FCEEB2-A368-E811-8915-02163E019EEA.root [519,520,521,522,523]
/store/data/Run2018B/ZeroBias/RAW/v1/000/317/435/00000/B85C6DBE-A368-E811-B1FD-FA163E401182.root [1012,1008,1011,1009,1010,1013]
/store/data/Run2018B/ZeroBias/RAW/v1/000/317/435/00000/B8761C87-A368-E811-AC8E-FA163E480AB4.root [504,505,506,507,508]
/store/data/Run2018B/ZeroBias/RAW/v1/000/317/435/00000/B88098C4-A368-E811-BB83-FA163E28D344.root [129,127,128,126]
/store/data/Run2018B/ZeroBias/RAW/v1/000/317/435/00000/B888FAB4-A368-E811-A1D6-FA163ECED464.root [580,584,581,583,582]
/store/data/Run2018B/ZeroBias/RAW/v1/000/317/435/00000/BA90939E-A368-E811-9AAC-FA163EA70283.root [698,697,696,699,695]
/store/data/Run2018B/ZeroBias/RAW/v1/000/317/435/00000/BAA10C97-A368-E811-B7B5-FA163EB8EAA9.root [350,351,348,349]
/store/data/Run2018B/ZeroBias/RAW/v1/000/317/435/00000/BACA12B9-5C68-E811-B9E9-FA163E030AB8.root [110,112,109,111]
/store/data/Run2018B/ZeroBias/RAW/v1/000/317/435/00000/BE4DBEC6-A368-E811-A24D-FA163E0883D9.root [700,701,704,702,703]
/store/data/Run2018B/ZeroBias/RAW/v1/000/317/435/00000/BE58478D-A368-E811-9C97-FA163ED7C351.root [297,299,296,298]
/store/data/Run2018B/ZeroBias/RAW/v1/000/317/435/00000/BEADDFBD-A368-E811-B772-FA163E2A876B.root [434,437,436,435,438]
/store/data/Run2018B/ZeroBias/RAW/v1/000/317/435/00000/BEF70F3E-A468-E811-B80B-02163E013C37.root [1201,1202,1203,1199,1200,1204]
/store/data/Run2018B/ZeroBias/RAW/v1/000/317/435/00000/C04C3897-A368-E811-99A4-FA163E9F932A.root [754,752,753,750,751]
/store/data/Run2018B/ZeroBias/RAW/v1/000/317/435/00000/C292BAC7-A368-E811-ADD2-FA163ED90FF1.root [343,341,342,340]
/store/data/Run2018B/ZeroBias/RAW/v1/000/317/435/00000/C2974735-5968-E811-A3B7-FA163E7DB053.root [49,50,52,51]
/store/data/Run2018B/ZeroBias/RAW/v1/000/317/435/00000/C40073E0-A368-E811-9640-FA163E96F2FF.root [556,555,557,558,554]
/store/data/Run2018B/ZeroBias/RAW/v1/000/317/435/00000/C4120B8C-A368-E811-AC87-FA163ED871D7.root [839,837,838,836,840]
/store/data/Run2018B/ZeroBias/RAW/v1/000/317/435/00000/C47ED59B-A368-E811-B63E-FA163ED54054.root [1374,1376,1377,1375,1373,1378,1379]
/store/data/Run2018B/ZeroBias/RAW/v1/000/317/435/00000/C4E1E195-A368-E811-BC06-FA163E90AA3E.root [756,759,758,755,757]
/store/data/Run2018B/ZeroBias/RAW/v1/000/317/435/00000/C66435D1-A368-E811-A5A0-FA163EA84D75.root [679,676,675,677,678]
/store/data/Run2018B/ZeroBias/RAW/v1/000/317/435/00000/C66925B4-A368-E811-922E-FA163ED3FFC7.root [728,726,729,725,727]
/store/data/Run2018B/ZeroBias/RAW/v1/000/317/435/00000/C67C4496-A368-E811-ACB3-FA163EB2E120.root [616,617,619,618,615]
/store/data/Run2018B/ZeroBias/RAW/v1/000/317/435/00000/C8BDFE89-A368-E811-8F90-FA163ED1FBD2.root [121,122,123,124]
/store/data/Run2018B/ZeroBias/RAW/v1/000/317/435/00000/C8E1B8C9-A368-E811-9AE5-FA163E797627.root [208,211,209,210]
/store/data/Run2018B/ZeroBias/RAW/v1/000/317/435/00000/CA48A795-A368-E811-9422-FA163E37E893.root [829,824,826,825,827,828]
/store/data/Run2018B/ZeroBias/RAW/v1/000/317/435/00000/CAF3D7B9-A368-E811-B13C-FA163E7ECD23.root [452,451,449,450,453]
/store/data/Run2018B/ZeroBias/RAW/v1/000/317/435/00000/CC7A879A-A368-E811-9821-FA163E43F875.root [1167,1164,1163,1165,1166,1168]
/store/data/Run2018B/ZeroBias/RAW/v1/000/317/435/00000/CCF7ACB6-A368-E811-B1ED-FA163E3ECB15.root [1395,1396,1397,1394]
/store/data/Run2018B/ZeroBias/RAW/v1/000/317/435/00000/CE130B9A-A368-E811-9EF3-FA163E974D0A.root [949,951,953,950,952,948]
/store/data/Run2018B/ZeroBias/RAW/v1/000/317/435/00000/D05CF8BB-A368-E811-8854-FA163EFFBD97.root [561,564,559,563,560,562]
/store/data/Run2018B/ZeroBias/RAW/v1/000/317/435/00000/D2C89EB1-A368-E811-959A-FA163E002EF6.root [539,543,541,542,540]
/store/data/Run2018B/ZeroBias/RAW/v1/000/317/435/00000/D2EBC391-A368-E811-AC59-FA163E27D9AE.root [895,894,899,897,896,898]
/store/data/Run2018B/ZeroBias/RAW/v1/000/317/435/00000/D4AD5750-5B68-E811-BE3E-02163E019FC6.root [87,85,88,86]
/store/data/Run2018B/ZeroBias/RAW/v1/000/317/435/00000/D4B5C4BF-A368-E811-A426-02163E01A129.root [620,621,622,623,624]
/store/data/Run2018B/ZeroBias/RAW/v1/000/317/435/00000/D60599BC-A368-E811-97DB-02163E01A10F.root [1126,1124,1125,1128,1127,1129,1130]
/store/data/Run2018B/ZeroBias/RAW/v1/000/317/435/00000/D6EEB3B8-A368-E811-BA9F-FA163EEAACDE.root [591,592,590,593,594]
/store/data/Run2018B/ZeroBias/RAW/v1/000/317/435/00000/D82EA6AC-A368-E811-A733-FA163E33399D.root [1094,1097,1093,1095,1096,1092,1098]
/store/data/Run2018B/ZeroBias/RAW/v1/000/317/435/00000/D84E27AC-A368-E811-8EA6-FA163EEE0E46.root [1045,1046,1044,1047,1049,1048]
/store/data/Run2018B/ZeroBias/RAW/v1/000/317/435/00000/DA8A53BF-A368-E811-B71D-FA163E3819EB.root [1332,1334,1335,1336,1333,1331,1337]
/store/data/Run2018B/ZeroBias/RAW/v1/000/317/435/00000/DAF47FCE-A368-E811-B0F4-FA163EA2BE98.root [632,631,633,630,634]
/store/data/Run2018B/ZeroBias/RAW/v1/000/317/435/00000/DC81048E-A368-E811-B8C8-FA163EB55721.root [1014,1019,1015,1016,1017,1018]
/store/data/Run2018B/ZeroBias/RAW/v1/000/317/435/00000/DE7D3F96-A368-E811-87FF-FA163EF65C4D.root [1231,1235,1236,1233,1234,1232]
/store/data/Run2018B/ZeroBias/RAW/v1/000/317/435/00000/DE90D9A2-A368-E811-A35D-FA163EB08204.root [174,170,173,171,172]
/store/data/Run2018B/ZeroBias/RAW/v1/000/317/435/00000/DED79293-A368-E811-9B2E-FA163E6A0844.root [656,658,657,655,659]
/store/data/Run2018B/ZeroBias/RAW/v1/000/317/435/00000/E04289AD-A368-E811-B146-FA163E63BE89.root [1151,1152,1153,1154,1155,1156]
/store/data/Run2018B/ZeroBias/RAW/v1/000/317/435/00000/E044D8BB-A368-E811-8783-FA163E6FF3B7.root [535,534,537,536,538]
/store/data/Run2018B/ZeroBias/RAW/v1/000/317/435/00000/E0759C9E-A368-E811-9899-FA163E0547F1.root [688,685,686,687,689]
/store/data/Run2018B/ZeroBias/RAW/v1/000/317/435/00000/E0A79F9C-5768-E811-8765-FA163E76BCDA.root [4,3,1,2]
/store/data/Run2018B/ZeroBias/RAW/v1/000/317/435/00000/E2E930B2-A368-E811-ABB8-FA163EA9A90B.root [250,248,251,249]
/store/data/Run2018B/ZeroBias/RAW/v1/000/317/435/00000/E40D478A-A368-E811-9BE8-FA163E4413A6.root [954,957,959,958,956,955]
/store/data/Run2018B/ZeroBias/RAW/v1/000/317/435/00000/E457E592-A368-E811-B583-FA163E85EBBD.root [1068,1070,1071,1073,1072,1069]
/store/data/Run2018B/ZeroBias/RAW/v1/000/317/435/00000/E476DACE-A368-E811-A932-FA163EFD0C51.root [1217,1220,1223,1224,1222,1218,1219,1221]
/store/data/Run2018B/ZeroBias/RAW/v1/000/317/435/00000/E62324B8-A368-E811-93BE-FA163E25764D.root [1314,1313,1315,1310,1316,1311,1312]
/store/data/Run2018B/ZeroBias/RAW/v1/000/317/435/00000/E63EE59F-A368-E811-9005-FA163E47C8BD.root [1347,1348,1350,1345,1349,1351,1346]
/store/data/Run2018B/ZeroBias/RAW/v1/000/317/435/00000/E6AAA28A-A368-E811-9CBB-FA163EA35F18.root [397,399,400,398,401]
/store/data/Run2018B/ZeroBias/RAW/v1/000/317/435/00000/E6F4A9D3-5968-E811-B315-02163E019F11.root [58,59,60,57]
/store/data/Run2018B/ZeroBias/RAW/v1/000/317/435/00000/E81463A4-A368-E811-8187-FA163E364471.root [151,153,150,152]
/store/data/Run2018B/ZeroBias/RAW/v1/000/317/435/00000/E82CEC9E-A368-E811-94F4-FA163EC43573.root [1159,1158,1162,1157,1160,1161]
/store/data/Run2018B/ZeroBias/RAW/v1/000/317/435/00000/E856B6BE-A368-E811-966E-FA163E2434A3.root [1115,1113,1116,1112,1117,1114]
/store/data/Run2018B/ZeroBias/RAW/v1/000/317/435/00000/E8670992-A368-E811-8570-FA163EAC37D0.root [1141,1142,1139,1140,1144,1143]
/store/data/Run2018B/ZeroBias/RAW/v1/000/317/435/00000/E88A2594-A368-E811-88C6-FA163E42FED6.root [1245,1246,1248,1243,1247,1244]
/store/data/Run2018B/ZeroBias/RAW/v1/000/317/435/00000/E88AB5D6-A368-E811-B0FC-FA163E194DBB.root [338,336,339,337]
/store/data/Run2018B/ZeroBias/RAW/v1/000/317/435/00000/E8A92BDD-A368-E811-B797-FA163ED0377A.root [918,919,923,920,922,921]
/store/data/Run2018B/ZeroBias/RAW/v1/000/317/435/00000/EA2BD587-A368-E811-824D-02163E019F79.root [961,965,960,964,962,963]
/store/data/Run2018B/ZeroBias/RAW/v1/000/317/435/00000/EAAA1BA4-A368-E811-8E2D-FA163EF3D7C1.root [799,795,796,798,797,800]
/store/data/Run2018B/ZeroBias/RAW/v1/000/317/435/00000/EAEC7E6C-A468-E811-AC16-FA163EEA1310.root [532,529,530,533,531]
/store/data/Run2018B/ZeroBias/RAW/v1/000/317/435/00000/ECB7C3C9-A368-E811-8D23-02163E019F00.root [853,856,858,854,855,857]
/store/data/Run2018B/ZeroBias/RAW/v1/000/317/435/00000/EE5CECB8-A368-E811-8553-FA163EE07180.root [421,422,419,420,423]
/store/data/Run2018B/ZeroBias/RAW/v1/000/317/435/00000/EE858682-A368-E811-925B-FA163EB53A0B.root [268,269,271,270]
/store/data/Run2018B/ZeroBias/RAW/v1/000/317/435/00000/EEB9DA68-5868-E811-969C-FA163E8E60D2.root [40,37,39,38]
/store/data/Run2018B/ZeroBias/RAW/v1/000/317/435/00000/EED1C1C3-A368-E811-B602-FA163EBDB6D0.root [1297,1296,1293,1295,1292,1294]
/store/data/Run2018B/ZeroBias/RAW/v1/000/317/435/00000/F05722B3-A368-E811-9580-FA163EDE9D79.root [166,169,167,168]
/store/data/Run2018B/ZeroBias/RAW/v1/000/317/435/00000/F0B8F79A-A368-E811-98B9-FA163EFE9BBD.root [1300,1298,1299,1302,1301,1303]
/store/data/Run2018B/ZeroBias/RAW/v1/000/317/435/00000/F0F922A2-A368-E811-9BA1-FA163E27F8CE.root [323,320,321,322]
/store/data/Run2018B/ZeroBias/RAW/v1/000/317/435/00000/F26686AC-A368-E811-A458-FA163EA8BBDD.root [1341,1339,1342,1338,1344,1340,1343]
/store/data/Run2018B/ZeroBias/RAW/v1/000/317/435/00000/F26EEB9E-A368-E811-9F76-FA163E60CC95.root [347,346,345,344]
/store/data/Run2018B/ZeroBias/RAW/v1/000/317/435/00000/F271D1B5-A368-E811-85EC-FA163E32953B.root [1121,1118,1123,1119,1122,1120]
/store/data/Run2018B/ZeroBias/RAW/v1/000/317/435/00000/F2E619B0-5A68-E811-8474-FA163EBD45C0.root [80,79,77,78]
/store/data/Run2018B/ZeroBias/RAW/v1/000/317/435/00000/F2EB1D95-A368-E811-AC65-02163E019F61.root [1194,1195,1198,1193,1196,1197]
/store/data/Run2018B/ZeroBias/RAW/v1/000/317/435/00000/F41EDB98-A368-E811-8900-FA163E9142A0.root [1054,1050,1051,1052,1053,1055]
/store/data/Run2018B/ZeroBias/RAW/v1/000/317/435/00000/F47FC890-A368-E811-9413-FA163EB9ECB4.root [394,393,395,396]
/store/data/Run2018B/ZeroBias/RAW/v1/000/317/435/00000/F4F152B2-A368-E811-88FD-FA163E01524B.root [1256,1259,1255,1260,1257,1258]
/store/data/Run2018B/ZeroBias/RAW/v1/000/317/435/00000/F82730D2-A368-E811-9370-FA163ECB4B62.root [307,305,304,306]
/store/data/Run2018B/ZeroBias/RAW/v1/000/317/435/00000/F88B40EA-A368-E811-A12B-FA163ED6DF53.root [943,945,944,942,946,947]
/store/data/Run2018B/ZeroBias/RAW/v1/000/317/435/00000/F88F4168-5868-E811-A1AE-FA163E2E9D2F.root [31,30,32,29]
/store/data/Run2018B/ZeroBias/RAW/v1/000/317/435/00000/FAE5FABF-A368-E811-8758-FA163EE23257.root [1279,1280,1281,1284,1282,1283]
/store/data/Run2018B/ZeroBias/RAW/v1/000/317/435/00000/FAE9249D-5768-E811-8FEB-FA163E15865B.root [15,16,14,13]
/store/data/Run2018B/ZeroBias/RAW/v1/000/317/435/00000/FC6D85BA-A368-E811-9948-02163E01A095.root [984,985,986,988,987,989]
/store/data/Run2018B/ZeroBias/RAW/v1/000/317/435/00000/FC8086AB-A368-E811-BB71-FA163E850BF4.root [973,975,976,977,974,972]
/store/data/Run2018B/ZeroBias/RAW/v1/000/317/435/00000/FCB692CD-A368-E811-85CF-FA163E09F985.root [292,295,294,293]
/store/data/Run2018B/ZeroBias/RAW/v1/000/317/435/00000/FE0C7DEA-A368-E811-BCA0-FA163E3275C8.root [1005,1007,1002,1003,1004,1006]
/store/data/Run2018B/ZeroBias/RAW/v1/000/317/435/00000/FE5433CE-A368-E811-AC98-FA163E7CD418.root [1264,1261,1265,1266,1262,1263]
/store/data/Run2018B/ZeroBias/RAW/v1/000/317/435/00000/FEC3CC98-A368-E811-8860-FA163E287A7D.root [469,472,470,473,471]
