/store/data/Run2024F/MuonEG/RAW/v1/000/382/229/00000/0587eff7-3fd9-4f2f-844c-27f4fbfa33ce.root 382229 [250,255,261,266,267,265,248,258,259,263,270,252,246,247,249,257,254,256,262,268,251,253,260,264,269]
/store/data/Run2024F/MuonEG/RAW/v1/000/382/229/00000/30cc3621-062f-41d9-a7c2-bf942f183c41.root 382229 [177,173,188,189,192,193,187,180,184,194,178,182,185,186,196,174,175,179,183,190,195,176,181,191]
/store/data/Run2024F/MuonEG/RAW/v1/000/382/229/00000/385f8f6b-71a2-4ecf-af55-9d0bd029f390.root 382229 [279,281,287,274,285,271,278,280,277,282,283,284,290,293,294,275,291,292,272,289,273,276,286,288]
/store/data/Run2024F/MuonEG/RAW/v1/000/382/229/00000/418ce624-88f0-4073-9127-b1a84c1ce58e.root 382229 [46,47,66,67,43,48,56,65,44,62,63,55,64,45,50,51,52,53,54,58,59,60,61,68,49,57]
/store/data/Run2024F/MuonEG/RAW/v1/000/382/229/00000/5a90c6b5-58fa-42fc-9c6b-ced39f87c7d4.root 382229 [9,2,3,4,6,5,1,7,8]
/store/data/Run2024F/MuonEG/RAW/v1/000/382/229/00000/5bbc2270-c8a5-471b-8be7-20ac8a3d62f6.root 382229 [101,120,121,123,110,113,99,102,104,105,116,107,108,114,122,103,109,111,112,115,119,106,117,100,118]
/store/data/Run2024F/MuonEG/RAW/v1/000/382/229/00000/68b190f9-c4d0-44d8-9d91-a409430455c6.root 382229 [69,73,81,83,86,70,72,89,90,91,92,88,71,75,79,80,93,94,82,87,77,85,98,74,84,96,97,76,78,95]
/store/data/Run2024F/MuonEG/RAW/v1/000/382/229/00000/78443271-719b-47cc-b474-3f1b19681299.root 382229 [227,229,234,242,244,221,240,225,226,231,239,241,230,232,235,236,222,238,224,243,223,237,245,228,233]
/store/data/Run2024F/MuonEG/RAW/v1/000/382/229/00000/7b6b5f5c-2058-4769-b35a-6ac74351dc80.root 382229 [28,38,40,20,21,22,27,24,25,26,33,31,32,36,39,41,23,29,42,18,30,34,19,35,37]
/store/data/Run2024F/MuonEG/RAW/v1/000/382/229/00000/7c689b70-078e-48d4-bf6a-b02096d6b608.root 382229 [127,137,141,143,129,138,144,145,148,133,125,126,139,140,146,128,134,135,136,124,142,130,131,132,147]
/store/data/Run2024F/MuonEG/RAW/v1/000/382/229/00000/ce23b46a-eb29-4270-9b67-a7a64cdd0f06.root 382229 [197,208,211,203,209,198,202,206,219,199,216,212,217,207,201,204,210,214,218,220,200,205,213,215]
/store/data/Run2024F/MuonEG/RAW/v1/000/382/229/00000/d9238f70-184d-4410-9eb6-d91ac63bdbb2.root 382229 [150,151,158,159,170,166,155,162,164,169,160,167,171,172,152,156,157,168,149,153,154,161,163,165]
/store/data/Run2024F/MuonEG/RAW/v1/000/382/229/00000/f551e4e6-084e-465a-8a7a-33844cc413bb.root 382229 [297,303,308,313,320,296,306,310,295,299,309,300,302,312,314,316,319,315,318,298,305,317,301,304,307,311]
/store/data/Run2024F/MuonEG/RAW/v1/000/382/250/00000/0230113e-1789-418d-b75f-9a9ef23701f6.root 382250 [486,488,489,490,485,487]
/store/data/Run2024F/MuonEG/RAW/v1/000/382/250/00000/04db7647-c893-4a6f-859a-6dac1a674cb6.root 382250 [633,634,632,635,636,637]
/store/data/Run2024F/MuonEG/RAW/v1/000/382/250/00000/080efcbe-c451-4de7-b369-ce157bc8bcfb.root 382250 [727,729,732,730,731,728]
/store/data/Run2024F/MuonEG/RAW/v1/000/382/250/00000/0b734ef7-9d41-456b-9e3e-0f4cac05dbb7.root 382250 [429,433,428,430,432,431]
/store/data/Run2024F/MuonEG/RAW/v1/000/382/250/00000/0ddfb50d-eff3-467a-9658-35938cef824f.root 382250 [536,538,539,537,540,541]
/store/data/Run2024F/MuonEG/RAW/v1/000/382/250/00000/0fd1d6f3-9896-4a90-b5a8-bc50fc805abc.root 382250 [13,15,16,12,14]
/store/data/Run2024F/MuonEG/RAW/v1/000/382/250/00000/1260746b-c6f4-4fc7-b2c8-e551e76a104e.root 382250 [422,424,427,423,425,426]
/store/data/Run2024F/MuonEG/RAW/v1/000/382/250/00000/133a7fda-abc7-47f7-9d82-bd12fdd3fbc6.root 382250 [620,619,624,622,623,618,621]
/store/data/Run2024F/MuonEG/RAW/v1/000/382/250/00000/13835d20-7eef-4ffd-80de-2fa45b76c5be.root 382250 [912,911,914,918,913,917,916,915]
/store/data/Run2024F/MuonEG/RAW/v1/000/382/250/00000/15745823-fd03-4676-8411-d98b44e6673c.root 382250 [595,598,599,594,597,596]
/store/data/Run2024F/MuonEG/RAW/v1/000/382/250/00000/19da9e2d-948d-4ba4-8e41-d5a97713e87b.root 382250 [482,483,480,479,481,484]
/store/data/Run2024F/MuonEG/RAW/v1/000/382/250/00000/1a3f7246-1f84-4153-9db1-bcf2cbdf3575.root 382250 [551,548,552,549,550,553,554]
/store/data/Run2024F/MuonEG/RAW/v1/000/382/250/00000/1b00148a-7ea2-49aa-9517-0c2814bd6896.root 382250 [772,773,770,774,768,769,771]
/store/data/Run2024F/MuonEG/RAW/v1/000/382/250/00000/1cfa183a-b960-4cb7-9934-d5bd875de806.root 382250 [570,572,573,574,569,571]
/store/data/Run2024F/MuonEG/RAW/v1/000/382/250/00000/1f5f411c-2def-45b2-b272-6da2e4ca53b0.root 382250 [758,755,759,754,756,757,760]
/store/data/Run2024F/MuonEG/RAW/v1/000/382/250/00000/20702b79-6f30-4f12-8cff-fefbd1405019.root 382250 [296,297,299,300,301,298]
/store/data/Run2024F/MuonEG/RAW/v1/000/382/250/00000/2271e867-0c5c-41e6-a4d4-5cc8329f5c72.root 382250 [57,70,61,63,65,67,69,64,56,58,68,59,66,60,62]
/store/data/Run2024F/MuonEG/RAW/v1/000/382/250/00000/2376520a-78ae-4b7d-a921-3629ba87f0dc.root 382250 [830,827,829,833,826,832,831,828]
/store/data/Run2024F/MuonEG/RAW/v1/000/382/250/00000/24398ffe-db79-486b-8f06-e79c1d8d9016.root 382250 [234,231,232,233,235,236]
/store/data/Run2024F/MuonEG/RAW/v1/000/382/250/00000/2a3dc84e-7ab3-498c-8c4e-9cccb970987e.root 382250 [250,249,252,253,251,254]
/store/data/Run2024F/MuonEG/RAW/v1/000/382/250/00000/2cf1acb2-0612-4ee9-97d8-4bd72b639547.root 382250 [864,870,866,868,863,865,867,869]
/store/data/Run2024F/MuonEG/RAW/v1/000/382/250/00000/317548f7-365b-43ba-be3a-1977352140b5.root 382250 [304,306,302,305,307,303]
/store/data/Run2024F/MuonEG/RAW/v1/000/382/250/00000/33789c06-4077-4760-a903-17b15b7c4937.root 382250 [789,794,792,790,791,793,795]
/store/data/Run2024F/MuonEG/RAW/v1/000/382/250/00000/35e0252a-22bc-4833-891c-34226d1a86d2.root 382250 [157,153,154,156,155,158]
/store/data/Run2024F/MuonEG/RAW/v1/000/382/250/00000/36a49c04-5612-4eb7-90a9-614041672fd2.root 382250 [818,821,822,820,825,819,824,823]
/store/data/Run2024F/MuonEG/RAW/v1/000/382/250/00000/36f9b436-f410-412d-aad0-ed7563b5d54c.root 382250 [434,439,436,438,435,437]
/store/data/Run2024F/MuonEG/RAW/v1/000/382/250/00000/39f60bc3-2ca4-4125-ab96-4c3719bc9cef.root 382250 [761,767,765,763,762,764,766]
/store/data/Run2024F/MuonEG/RAW/v1/000/382/250/00000/3d63f035-3bae-4b4e-a521-7f6ed4824653.root 382250 [3,2]
/store/data/Run2024F/MuonEG/RAW/v1/000/382/250/00000/3eb22979-2878-4f3d-847e-66355bd4b01a.root 382250 [18]
/store/data/Run2024F/MuonEG/RAW/v1/000/382/250/00000/3f0e538f-1184-4c0c-a423-5c8ff90ac4ca.root 382250 [390,387,388,386,389,391]
/store/data/Run2024F/MuonEG/RAW/v1/000/382/250/00000/3f4ecced-9cac-49ce-aada-2db70a8210c7.root 382250 [737,736,739,733,735,738,734]
/store/data/Run2024F/MuonEG/RAW/v1/000/382/250/00000/41f5dfc1-c4a4-4ece-af8a-1195d7bddeff.root 382250 [218,214,217,213,216,215]
/store/data/Run2024F/MuonEG/RAW/v1/000/382/250/00000/43664c4c-bde4-4182-8fea-7f55ee9d313c.root 382250 [683,682,685,680,679,681,684]
/store/data/Run2024F/MuonEG/RAW/v1/000/382/250/00000/4407aec5-0ac0-4964-ae04-3cd96261d3eb.root 382250 [505,506,507,510,508,504,509]
/store/data/Run2024F/MuonEG/RAW/v1/000/382/250/00000/4744013b-44ca-423b-92c0-08fd600b4ea2.root 382250 [363,364,362,366,365,367]
/store/data/Run2024F/MuonEG/RAW/v1/000/382/250/00000/47a87e92-702f-496b-88f2-01dd95800133.root 382250 [669,670,666,671,668,665,667]
/store/data/Run2024F/MuonEG/RAW/v1/000/382/250/00000/4a2bdfce-2b8f-42a2-a02e-c6b4c11caf06.root 382250 [697,694,695,699,693,698,696]
/store/data/Run2024F/MuonEG/RAW/v1/000/382/250/00000/4c209e54-a996-45c9-8772-d5f82edf3a62.root 382250 [616,612,615,613,614,617]
/store/data/Run2024F/MuonEG/RAW/v1/000/382/250/00000/4e776f11-580b-4297-af7f-8cdf2f644559.root 382250 [247,245,248,246,244,243]
/store/data/Run2024F/MuonEG/RAW/v1/000/382/250/00000/4f004f41-c8fc-4f89-bbd6-dba9dae0610d.root 382250 [688,686,689,687,690,691,692]
/store/data/Run2024F/MuonEG/RAW/v1/000/382/250/00000/4f3ef2e6-3b5a-4e55-9025-5da78242e642.root 382250 [895,898,901,902,896,897,900,899]
/store/data/Run2024F/MuonEG/RAW/v1/000/382/250/00000/4fc6883b-ed07-4ab9-ae3f-585e0898354f.root 382250 [475,477,478,473,474,476]
/store/data/Run2024F/MuonEG/RAW/v1/000/382/250/00000/5551148c-0bb3-4e7b-af05-9d73ba6e7a27.root 382250 [5]
/store/data/Run2024F/MuonEG/RAW/v1/000/382/250/00000/555c0f25-1397-40eb-9c79-98f33fe5bb76.root 382250 [780,781,779,775,777,776,778]
/store/data/Run2024F/MuonEG/RAW/v1/000/382/250/00000/5d236500-b4ce-4319-93a9-d006e904c58b.root 382250 [498,502,497,499,503,500,501]
/store/data/Run2024F/MuonEG/RAW/v1/000/382/250/00000/5eecea28-ed00-48e3-ba93-728b15213eeb.root 382250 [707,709,710,711,708,712,706]
/store/data/Run2024F/MuonEG/RAW/v1/000/382/250/00000/5f80eedb-be77-49c1-8c79-5c91bcc26143.root 382250 [890,893,894,891,888,889,887,892]
/store/data/Run2024F/MuonEG/RAW/v1/000/382/250/00000/5fab2019-b2d8-49e8-8dc9-fdde090cd357.root 382250 [638,644,640,641,642,643,639]
/store/data/Run2024F/MuonEG/RAW/v1/000/382/250/00000/61f89bb2-7fca-4718-8d71-e41b8fd39dff.root 382250 [678,672,674,676,675,677,673]
/store/data/Run2024F/MuonEG/RAW/v1/000/382/250/00000/644ad835-da65-40fc-9de1-b98e7d32ae6c.root 382250 [219,223,220,221,224,222]
/store/data/Run2024F/MuonEG/RAW/v1/000/382/250/00000/6958de28-981d-4804-a3e0-ee4d5cb36dc6.root 382250 [662,664,663,661,658,660,659]
/store/data/Run2024F/MuonEG/RAW/v1/000/382/250/00000/69afef53-0c91-4959-bceb-c08ccc46c38d.root 382250 [105,106,103,109,100,101,104,107,102,108]
/store/data/Run2024F/MuonEG/RAW/v1/000/382/250/00000/6d505407-918f-4026-9c3f-3efd311e2b78.root 382250 [335,337,333,332,336,334]
/store/data/Run2024F/MuonEG/RAW/v1/000/382/250/00000/6d644b11-b5b9-4929-a1e2-32f7d02992d6.root 382250 [405,406,408,404,409,407]
/store/data/Run2024F/MuonEG/RAW/v1/000/382/250/00000/6e767dc2-a2fd-474b-8d21-0b8a9eb159b4.root 382250 [884,881,885,883,880,879,886,882]
/store/data/Run2024F/MuonEG/RAW/v1/000/382/250/00000/6e97c281-db9d-430e-9e5e-0703245fe5ef.root 382250 [420,417,421,416,418,419]
/store/data/Run2024F/MuonEG/RAW/v1/000/382/250/00000/7129034a-c9d6-432c-94cf-606f0c115b4f.root 382250 [543,545,546,542,544,547]
/store/data/Run2024F/MuonEG/RAW/v1/000/382/250/00000/750e6f33-9c02-461d-9535-6a34f7fac41c.root 382250 [368,370,371,373,369,372]
/store/data/Run2024F/MuonEG/RAW/v1/000/382/250/00000/75852c67-fd6a-46b2-82d7-065db6217e7e.root 382250 [168,165,167,169,166,170]
/store/data/Run2024F/MuonEG/RAW/v1/000/382/250/00000/77a3f50e-b936-4a08-9554-e51bde163872.root 382250 [414,411,413,410,412,415]
/store/data/Run2024F/MuonEG/RAW/v1/000/382/250/00000/78dd2b67-601b-4234-bc3e-51d3ae995152.root 382250 [185,188,183,187,186,184]
/store/data/Run2024F/MuonEG/RAW/v1/000/382/250/00000/791b866a-22d2-4163-83bc-657682e78451.root 382250 [629,625,627,628,631,626,630]
/store/data/Run2024F/MuonEG/RAW/v1/000/382/250/00000/7cfe8788-b9f7-4bd3-b3db-3fe303e6aff2.root 382250 [312,313,308,309,311,310]
/store/data/Run2024F/MuonEG/RAW/v1/000/382/250/00000/7fb43f68-bf69-42ff-af6a-f211ecac02ae.root 382250 [208,210,209,211,212,207]
/store/data/Run2024F/MuonEG/RAW/v1/000/382/250/00000/80b94488-89d2-42f8-a5b3-e49c38a5144c.root 382250 [512,511,515,513,514,516]
/store/data/Run2024F/MuonEG/RAW/v1/000/382/250/00000/81f880fd-d4b1-4aa1-b5f9-7a61bba1a60c.root 382250 [199,198,200,196,197,195]
/store/data/Run2024F/MuonEG/RAW/v1/000/382/250/00000/845b53f6-a6a2-4d22-8b81-0c93be35bee5.root 382250 [700,701,703,704,702,705]
/store/data/Run2024F/MuonEG/RAW/v1/000/382/250/00000/851a5ca8-c013-4a62-804f-009347aae828.root 382250 [267,268]
/store/data/Run2024F/MuonEG/RAW/v1/000/382/250/00000/8618a84e-d054-4bdd-aa2c-6f6e4d979257.root 382250 [273,274,271,275,276,270,272]
/store/data/Run2024F/MuonEG/RAW/v1/000/382/250/00000/8673f0e8-5fe5-434b-be40-699cb4dfc863.root 382250 [519,520,522,518,521,517]
/store/data/Run2024F/MuonEG/RAW/v1/000/382/250/00000/8b793cc5-e8c0-4d8b-8084-44d2376eb077.root 382250 [201,206,202,204,205,203]
/store/data/Run2024F/MuonEG/RAW/v1/000/382/250/00000/8e2e96da-4015-4149-aa79-9af08cef3eeb.root 382250 [856,862,860,861,857,858,859]
/store/data/Run2024F/MuonEG/RAW/v1/000/382/250/00000/92f80768-9045-4c11-ac6f-252dea4e9373.root 382250 [344,345,349,346,347,348]
/store/data/Run2024F/MuonEG/RAW/v1/000/382/250/00000/9390bf36-31fc-4be1-8102-c10b161af9bc.root 382250 [289,284,287,288,285,286]
/store/data/Run2024F/MuonEG/RAW/v1/000/382/250/00000/93a14afe-40a5-43ca-b2eb-664e18f8e2fb.root 382250 [563,565,567,562,566,564,568]
/store/data/Run2024F/MuonEG/RAW/v1/000/382/250/00000/93ef64d7-1571-4eb3-9434-7e97c828acb3.root 382250 [182,180,181,177,178,179]
/store/data/Run2024F/MuonEG/RAW/v1/000/382/250/00000/9610d25e-8399-49c8-823e-ae156b4a5a00.root 382250 [575,580,581,577,576,579,578]
/store/data/Run2024F/MuonEG/RAW/v1/000/382/250/00000/96e09c7a-feb9-4b02-8782-c6b7d5daa1a4.root 382250 [652,654,657,653,655,656]
/store/data/Run2024F/MuonEG/RAW/v1/000/382/250/00000/9b43f346-31fb-4ce4-92b2-e6aa5cf750e5.root 382250 [446,451,449,447,448,450]
/store/data/Run2024F/MuonEG/RAW/v1/000/382/250/00000/9c29f7c8-d95f-4cac-8e12-28484e63ce84.root 382250 [606,611,608,607,609,610]
/store/data/Run2024F/MuonEG/RAW/v1/000/382/250/00000/9ca58f38-29d4-4000-b1fe-83d419872614.root 382250 [134,139,138,133,136,137,135]
/store/data/Run2024F/MuonEG/RAW/v1/000/382/250/00000/9f70947f-17c2-4011-94c3-8ca8559056b4.root 382250 [873,874,878,875,877,872,876,871]
/store/data/Run2024F/MuonEG/RAW/v1/000/382/250/00000/9fbc6265-9629-4e78-bb44-d39613ae8593.root 382250 [400,398,401,403,402,399]
/store/data/Run2024F/MuonEG/RAW/v1/000/382/250/00000/a164b7b2-e210-40f9-92c7-2570eee1e555.root 382250 [9]
/store/data/Run2024F/MuonEG/RAW/v1/000/382/250/00000/a3fcd415-84d9-4721-b435-3e0274c4a3ee.root 382250 [7]
/store/data/Run2024F/MuonEG/RAW/v1/000/382/250/00000/a6cb15bb-f3e9-4992-811d-4421d142ba9d.root 382250 [808,803,806,809,807,804,805,810]
/store/data/Run2024F/MuonEG/RAW/v1/000/382/250/00000/ab1a1fa2-24c7-4500-9d2a-2bc5c5d7316f.root 382250 [834,835,836,837,838,839,840]
/store/data/Run2024F/MuonEG/RAW/v1/000/382/250/00000/ab771b56-3c86-4e2f-a592-356e0eb571f0.root 382250 [651,647,645,648,649,650,646]
/store/data/Run2024F/MuonEG/RAW/v1/000/382/250/00000/ad7b8f47-1f0f-4426-bfec-7132d71ebbd3.root 382250 [327,328,330,329,326,331]
/store/data/Run2024F/MuonEG/RAW/v1/000/382/250/00000/b0184116-d431-4346-8cfc-15568eed00ce.root 382250 [21,26,33,34,39,45,54,22,38,23,29,35,46,53,37,42,43,50,51,28,30,32,41,44,49,55,24,25,36,48,20,27,31,40,47,52]
/store/data/Run2024F/MuonEG/RAW/v1/000/382/250/00000/b0ff2210-338c-4e94-a434-bae1a8a2f2e7.root 382250 [174,176,172,175,171,173]
/store/data/Run2024F/MuonEG/RAW/v1/000/382/250/00000/b22f5793-ddd4-410d-8fb3-de55febee109.root 382250 [110,112,115,116,111,114,113,117,119,118]
/store/data/Run2024F/MuonEG/RAW/v1/000/382/250/00000/b236451a-cacb-4e27-9314-2c5d053b7e9d.root 382250 [531,534,535,530,533,532]
/store/data/Run2024F/MuonEG/RAW/v1/000/382/250/00000/b49d77b4-3e6f-495b-b2a7-50032eddf9bd.root 382250 [255,256,258,259,257,260]
/store/data/Run2024F/MuonEG/RAW/v1/000/382/250/00000/b5a5fe51-9b41-4c2f-9f05-2fe4826a1cc5.root 382250 [847,842,846,843,841,844,845]
/store/data/Run2024F/MuonEG/RAW/v1/000/382/250/00000/b6e65418-f89f-4312-b536-9e9cf4621edf.root 382250 [96,97,99,98,93,95,88,90,91,92,89,94]
/store/data/Run2024F/MuonEG/RAW/v1/000/382/250/00000/b818684e-9f64-4add-a215-c0482c105ac6.root 382250 [719,718,713,717,715,716,714]
/store/data/Run2024F/MuonEG/RAW/v1/000/382/250/00000/bc4ecda9-c674-40fb-8140-a25ff9f465f9.root 382250 [813,817,811,814,815,812,816]
/store/data/Run2024F/MuonEG/RAW/v1/000/382/250/00000/bf0fbd79-7e17-4ac4-ab1e-e73ea290b916.root 382250 [230,229,226,228,225,227]
/store/data/Run2024F/MuonEG/RAW/v1/000/382/250/00000/c108a6a7-2ff9-4592-bc63-cec3db2d20f4.root 382250 [315,316,317,318,314,319]
/store/data/Run2024F/MuonEG/RAW/v1/000/382/250/00000/cbe57509-e09a-4a69-a9d3-ae1edf19087d.root 382250 [442,440,443,445,444,441]
/store/data/Run2024F/MuonEG/RAW/v1/000/382/250/00000/ce9ae372-1f51-44e3-a14e-e3e9529cedfa.root 382250 [164,159,161,162,160,163]
/store/data/Run2024F/MuonEG/RAW/v1/000/382/250/00000/cf2b7328-5fb4-4c3e-b4bd-1d7aafcbce53.root 382250 [189,192,194,191,193,190]
/store/data/Run2024F/MuonEG/RAW/v1/000/382/250/00000/d0dd93e6-c5ab-40b9-937b-b96ed5094221.root 382250 [143,140,142,144,146,145,141]
/store/data/Run2024F/MuonEG/RAW/v1/000/382/250/00000/d2c4a5a4-4c6d-4abb-bc7a-9887f1b6d3a3.root 382250 [919,924,932,936,937,922,926,927,930,938,925,934,935,928,931,920,929,921,933,923]
/store/data/Run2024F/MuonEG/RAW/v1/000/382/250/00000/d4823c93-c2bc-4ea3-8174-aa9517a9109b.root 382250 [905,910,907,904,909,903,906,908]
/store/data/Run2024F/MuonEG/RAW/v1/000/382/250/00000/d4884221-292e-4ff6-891e-e31d0b1f561d.root 382250 [743,745,741,746,742,740,744]
/store/data/Run2024F/MuonEG/RAW/v1/000/382/250/00000/d6d497b7-be18-4086-b2af-7c9c615dee37.root 382250 [457,455,454,458,452,456,453,459]
/store/data/Run2024F/MuonEG/RAW/v1/000/382/250/00000/d704ae58-01e0-4df4-aaed-17ceb2109dd4.root 382250 [382,380,381,384,383,385]
/store/data/Run2024F/MuonEG/RAW/v1/000/382/250/00000/d7abd282-ac49-4ac1-9d7c-f2dbe31a025b.root 382250 [124,126,121,123,128,131,122,130,132,120,125,127,129]
/store/data/Run2024F/MuonEG/RAW/v1/000/382/250/00000/da6e68e2-3ad7-4a42-858e-03775c3a879b.root 382250 [591,592,593,588,589,590]
/store/data/Run2024F/MuonEG/RAW/v1/000/382/250/00000/db5c8877-6d6c-467c-8a0f-67a4f43507a9.root 382250 [493,492,494,495,491,496]
/store/data/Run2024F/MuonEG/RAW/v1/000/382/250/00000/dbefacf2-4bef-4a9d-bd4b-f30b2540dc24.root 382250 [266,263,264,265,261,262]
/store/data/Run2024F/MuonEG/RAW/v1/000/382/250/00000/e0488761-38d5-474a-a86b-54d37ae24681.root 382250 [281,282,283,277,278,279,280]
/store/data/Run2024F/MuonEG/RAW/v1/000/382/250/00000/e2bf8993-5b70-4e9b-80da-3ce3295dac76.root 382250 [849,851,848,852,853,855,854,850]
/store/data/Run2024F/MuonEG/RAW/v1/000/382/250/00000/e6602dc0-6633-4b42-813a-9f3ad301a23c.root 382250 [375,377,379,374,376,378]
/store/data/Run2024F/MuonEG/RAW/v1/000/382/250/00000/e6fd8c7c-8deb-450b-9aec-05caf6b696d3.root 382250 [796,800,798,802,797,799,801]
/store/data/Run2024F/MuonEG/RAW/v1/000/382/250/00000/e71c9053-ef11-40ff-a67a-618db0c0a95f.root 382250 [325,320,321,322,324,323]
/store/data/Run2024F/MuonEG/RAW/v1/000/382/250/00000/e80c14bc-19ae-433b-84c0-41d83ddfac99.root 382250 [559,558,557,560,561,555,556]
/store/data/Run2024F/MuonEG/RAW/v1/000/382/250/00000/e874d8fb-de5e-4f37-b352-5cd858f786a4.root 382250 [353,355,350,352,354,351]
/store/data/Run2024F/MuonEG/RAW/v1/000/382/250/00000/ebb5208f-588d-41f5-a444-e7bc707cb244.root 382250 [752,750,747,751,748,749,753]
/store/data/Run2024F/MuonEG/RAW/v1/000/382/250/00000/ec018d9b-2d45-46b2-8ef8-335890f761a4.root 382250 [238,237,241,242,239,240]
/store/data/Run2024F/MuonEG/RAW/v1/000/382/250/00000/ec0e84dc-5a9c-45f2-853b-bb3fc159f1e2.root 382250 [338,339,342,340,341,343]
/store/data/Run2024F/MuonEG/RAW/v1/000/382/250/00000/ed66abf8-e4f2-4643-b096-946b347c1cbe.root 382250 [294,293,290,291,292,295]
/store/data/Run2024F/MuonEG/RAW/v1/000/382/250/00000/ee6551e9-d4fe-4c39-9458-f298b52f8120.root 382250 [150,149,147,152,151,148]
/store/data/Run2024F/MuonEG/RAW/v1/000/382/250/00000/ef1c0a94-aec6-4b70-87db-1734fb3f66c0.root 382250 [358,359,360,356,357,361]
/store/data/Run2024F/MuonEG/RAW/v1/000/382/250/00000/ef528513-3d89-47fd-871e-2d2f6c4f8ba6.root 382250 [603,600,601,602,605,604]
/store/data/Run2024F/MuonEG/RAW/v1/000/382/250/00000/f072a16e-0370-4260-8b18-cd5f13de92a0.root 382250 [526,529,525,527,528,523,524]
/store/data/Run2024F/MuonEG/RAW/v1/000/382/250/00000/f828de60-7725-4e1c-b6e0-0a58578ae226.root 382250 [73,76,78,79,87,72,84,82,85,86,74,80,77,81,83,71,75]
/store/data/Run2024F/MuonEG/RAW/v1/000/382/250/00000/f9e94bfc-c39d-4704-bd11-7ae4bf881671.root 382250 [395,392,397,393,396,394]
/store/data/Run2024F/MuonEG/RAW/v1/000/382/250/00000/fc5f0f4a-4e57-4dc6-ba3e-383d6df148f4.root 382250 [583,584,586,585,587,582]
/store/data/Run2024F/MuonEG/RAW/v1/000/382/250/00000/fd70ba0d-011d-470c-ae73-2c21903e160e.root 382250 [782,787,785,784,786,783,788]
/store/data/Run2024F/MuonEG/RAW/v1/000/382/250/00000/fd7b9178-3119-4f5f-a3be-de1439bb8244.root 382250 [468,469,472,471,467,470]
/store/data/Run2024F/MuonEG/RAW/v1/000/382/250/00000/fe8ac407-94aa-404e-b138-c663d03b0f1a.root 382250 [724,725,726,722,720,721,723]
/store/data/Run2024F/MuonEG/RAW/v1/000/382/250/00000/feeabcc4-b77a-4fd2-8391-5a14d2b80795.root 382250 [464,462,463,465,460,461,466]
/store/data/Run2024F/MuonEG/RAW/v1/000/382/255/00000/10f9968a-e978-41dd-9aee-56e420dca786.root 382255 [60,61,62,55,56,59,57,58]
/store/data/Run2024F/MuonEG/RAW/v1/000/382/255/00000/34c536c3-a242-41d2-8c25-f8d9bf936ace.root 382255 [3,1,4,2]
/store/data/Run2024F/MuonEG/RAW/v1/000/382/255/00000/4675f002-5e3c-49f8-8427-706221df5321.root 382255 [74,76,75,77,78,79,73,80]
/store/data/Run2024F/MuonEG/RAW/v1/000/382/255/00000/4f2f0799-626e-4cc3-9283-d041399bfbb7.root 382255 [120,121,118,119]
/store/data/Run2024F/MuonEG/RAW/v1/000/382/255/00000/7fcba38e-d5a5-4b15-a90f-038474c9bb12.root 382255 [82,81,83,84,86,85]
/store/data/Run2024F/MuonEG/RAW/v1/000/382/255/00000/8c394255-9af8-4856-a2f5-c15bc2389cad.root 382255 [130]
/store/data/Run2024F/MuonEG/RAW/v1/000/382/255/00000/ba3a7aed-572c-40d7-bbe0-9a9dcfe4a427.root 382255 [117,116,114,115]
/store/data/Run2024F/MuonEG/RAW/v1/000/382/255/00000/ba731afd-64e6-4376-8a2c-d95967fe1728.root 382255 [126,129,128,127]
/store/data/Run2024F/MuonEG/RAW/v1/000/382/255/00000/c3624e2f-6cad-4338-aec4-9afae3d5a4f5.root 382255 [96,94,98,93,95,97]
/store/data/Run2024F/MuonEG/RAW/v1/000/382/255/00000/c82ad08a-de8a-4c55-878a-cf00ba263d92.root 382255 [124,125,122,123]
/store/data/Run2024F/MuonEG/RAW/v1/000/382/255/00000/d260e5ad-2541-4d6c-b191-4c5b9e6ee8a6.root 382255 [6,16,19,22,36,38,7,12,15,20,35,43,46,28,44,8,17,29,30,31,37,39,42,51,53,13,14,18,21,33,45,49,9,10,24,32,41,54,11,23,25,27,34,40,26,47,48,50,52]
/store/data/Run2024F/MuonEG/RAW/v1/000/382/255/00000/d2c5039f-02f1-4110-aba4-53ac47ade539.root 382255 [110,111,113,107,112,106,108,109]
/store/data/Run2024F/MuonEG/RAW/v1/000/382/255/00000/d5a5a1dc-3d8e-4967-af3f-58a930601349.root 382255 [91,88,87,90,92,89]
/store/data/Run2024F/MuonEG/RAW/v1/000/382/255/00000/e5866a19-3b03-4112-9c5f-eea3228b522b.root 382255 [103,104,105,101,99,100,102]
/store/data/Run2024F/MuonEG/RAW/v1/000/382/255/00000/e70b41a9-b469-4342-9a05-4f9dde431daa.root 382255 [63,65,66,69,70,71,67,68,64,72]
/store/data/Run2024F/MuonEG/RAW/v1/000/382/256/00000/04d341e5-26d0-4f5b-81ca-7feabb7fb03c.root 382256 [29,31,32,30]
/store/data/Run2024F/MuonEG/RAW/v1/000/382/256/00000/177f0d54-2cf1-4fec-863a-ffb0513bb75e.root 382256 [61,63,64,62]
/store/data/Run2024F/MuonEG/RAW/v1/000/382/256/00000/1bb197f3-3282-487e-adee-537641948f44.root 382256 [43,41,42,44]
/store/data/Run2024F/MuonEG/RAW/v1/000/382/256/00000/262532b7-1a81-40f6-ad31-0959bf21e66f.root 382256 [18,20,17,19]
/store/data/Run2024F/MuonEG/RAW/v1/000/382/256/00000/3f701176-a9c3-4544-9e63-3a9a11aa004d.root 382256 [65,67,66]
/store/data/Run2024F/MuonEG/RAW/v1/000/382/256/00000/4019cd87-2722-44bc-8099-03e7478ea06b.root 382256 [9,10,11,12]
/store/data/Run2024F/MuonEG/RAW/v1/000/382/256/00000/44264710-774c-44cd-8f9c-90a37cc38796.root 382256 [21,22,23,24]
/store/data/Run2024F/MuonEG/RAW/v1/000/382/256/00000/490502b9-df43-41f5-8739-629f3e72d0f6.root 382256 [59,57,58,60]
/store/data/Run2024F/MuonEG/RAW/v1/000/382/256/00000/63c69f3c-98bb-4359-a228-ff1f903cc54c.root 382256 [46,45,48,47]
/store/data/Run2024F/MuonEG/RAW/v1/000/382/256/00000/66cd71ec-d164-4236-a1d6-e8239258e62b.root 382256 [40,38,37,39]
/store/data/Run2024F/MuonEG/RAW/v1/000/382/256/00000/7bd20dee-079c-4133-8b38-88dabaa79d17.root 382256 [35,36,33,34]
/store/data/Run2024F/MuonEG/RAW/v1/000/382/256/00000/8cf9f47a-0bab-4cfd-aeae-5262e7a4fc49.root 382256 [13,14,16,15]
/store/data/Run2024F/MuonEG/RAW/v1/000/382/256/00000/bba5cbb3-3964-4a3d-a663-fb3c10419f02.root 382256 [27,28,26,25]
/store/data/Run2024F/MuonEG/RAW/v1/000/382/256/00000/c3f2f484-aac4-4e2c-a536-d70e690665c0.root 382256 [51,50,49,52]
/store/data/Run2024F/MuonEG/RAW/v1/000/382/256/00000/d0ac0f5c-64b8-43c9-9427-5b3167705716.root 382256 [6,5,7,8]
/store/data/Run2024F/MuonEG/RAW/v1/000/382/256/00000/d7a3875c-80a9-485a-bbd1-8d532b433e2a.root 382256 [3,2,1,4]
/store/data/Run2024F/MuonEG/RAW/v1/000/382/256/00000/ea06a8b0-ab5d-4957-aec6-fec87d13ffc9.root 382256 [56,54,53,55]
/store/data/Run2024F/MuonEG/RAW/v1/000/382/257/00000/1d1ae2df-c0f4-4fc5-9cec-4c0682bc38a7.root 382257 [10,11,9,12]
/store/data/Run2024F/MuonEG/RAW/v1/000/382/257/00000/23a4e6f6-ea80-4e86-a418-0bb472c49c86.root 382257 [47,46,45,48]
/store/data/Run2024F/MuonEG/RAW/v1/000/382/257/00000/469fd6d2-d25c-4b54-bd36-737f345e435c.root 382257 [69,70]
/store/data/Run2024F/MuonEG/RAW/v1/000/382/257/00000/47a33671-0ba0-45f2-9e66-b6a25f7fb58e.root 382257 [3,1,2,4]
/store/data/Run2024F/MuonEG/RAW/v1/000/382/257/00000/4bc3ce33-abf8-4e70-bece-a24a2ce011b9.root 382257 [37,38,40,39]
/store/data/Run2024F/MuonEG/RAW/v1/000/382/257/00000/519db878-50dd-4b9e-8439-b5dd48deb1c5.root 382257 [54,56,55,53]
/store/data/Run2024F/MuonEG/RAW/v1/000/382/257/00000/66edfdc7-c98e-4d5a-9815-f1e38ed456de.root 382257 [25,26,27,28]
/store/data/Run2024F/MuonEG/RAW/v1/000/382/257/00000/71ea9865-5460-435a-a7e8-592528f932c5.root 382257 [29,32,30,31]
/store/data/Run2024F/MuonEG/RAW/v1/000/382/257/00000/80ec1c79-b6fb-4db6-bee0-30c094b00143.root 382257 [51,52,49,50]
/store/data/Run2024F/MuonEG/RAW/v1/000/382/257/00000/81922125-ec16-4939-8d46-20d772a52d6a.root 382257 [19,17,20,18]
/store/data/Run2024F/MuonEG/RAW/v1/000/382/257/00000/83a1375b-f746-4b4e-a462-91e79db69d69.root 382257 [43,44,42,41]
/store/data/Run2024F/MuonEG/RAW/v1/000/382/257/00000/86c0ca79-6380-46f2-b696-c88c6c720a77.root 382257 [57,60,58,59]
/store/data/Run2024F/MuonEG/RAW/v1/000/382/257/00000/8d120f41-a675-434b-a377-ea7b97112024.root 382257 [36,33,35,34]
/store/data/Run2024F/MuonEG/RAW/v1/000/382/257/00000/a8f8905a-5e98-4c2b-bf60-8bc59d9290c2.root 382257 [67,66,65,68]
/store/data/Run2024F/MuonEG/RAW/v1/000/382/257/00000/ae8f7c04-8284-4d77-a524-c2e69060248d.root 382257 [22,21,23,24]
/store/data/Run2024F/MuonEG/RAW/v1/000/382/257/00000/af655ef1-ab59-410a-ab6f-7dc32e76c2e3.root 382257 [13,16,14,15]
/store/data/Run2024F/MuonEG/RAW/v1/000/382/257/00000/d06486d0-6e5c-4ea8-a04c-9c5325667408.root 382257 [6,5,7,8]
/store/data/Run2024F/MuonEG/RAW/v1/000/382/257/00000/d9af8561-f833-4261-9675-4a69cc86c489.root 382257 [64,62,63,61]
/store/data/Run2024F/MuonEG/RAW/v1/000/382/258/00000/0194b384-642d-48ab-a066-727e39ed1259.root 382258 [519,518,520,521]
/store/data/Run2024F/MuonEG/RAW/v1/000/382/258/00000/01b94e2e-0d7a-4591-8f27-69499b087a1c.root 382258 [919,917,918,916,914,915]
/store/data/Run2024F/MuonEG/RAW/v1/000/382/258/00000/01c97d4d-6bad-4d6d-8644-f9ee556b3a3a.root 382258 [504,502,505,503]
/store/data/Run2024F/MuonEG/RAW/v1/000/382/258/00000/02b3c060-348b-4398-917e-6ccfcc68f64a.root 382258 [344,345,343,342]
/store/data/Run2024F/MuonEG/RAW/v1/000/382/258/00000/02c9243b-2e33-4116-a2cd-c1940ab6a710.root 382258 [148,147,146]
/store/data/Run2024F/MuonEG/RAW/v1/000/382/258/00000/030c8d3b-8495-4956-81cc-a7ed087a7bcf.root 382258 [143,145,144,142]
/store/data/Run2024F/MuonEG/RAW/v1/000/382/258/00000/0358178e-0d07-410c-81d6-516c28350968.root 382258 [72,74,71,73]
/store/data/Run2024F/MuonEG/RAW/v1/000/382/258/00000/03716f32-612c-413b-b47c-3b657b77b24a.root 382258 [996,1000,999,998,994,997,995]
/store/data/Run2024F/MuonEG/RAW/v1/000/382/258/00000/042cc918-f1da-41ca-b83e-8d8ccab50303.root 382258 [234,231,232,233]
/store/data/Run2024F/MuonEG/RAW/v1/000/382/258/00000/04a759db-65b3-4805-b6d9-f1dd02f912a3.root 382258 [334,336,337,335]
/store/data/Run2024F/MuonEG/RAW/v1/000/382/258/00000/06b985e7-2d4c-4425-8dbf-3f00730bc703.root 382258 [941,939,942,940,938,937]
/store/data/Run2024F/MuonEG/RAW/v1/000/382/258/00000/07162b34-c2ea-4d96-b5c8-98cf64846a3d.root 382258 [548,546,549,547]
/store/data/Run2024F/MuonEG/RAW/v1/000/382/258/00000/083c0867-c71a-484e-b5a3-49781d71ce20.root 382258 [539,541,540,538]
/store/data/Run2024F/MuonEG/RAW/v1/000/382/258/00000/090329ea-40c0-4dfe-b24e-9d1ec9143e09.root 382258 [514,517,516,515]
/store/data/Run2024F/MuonEG/RAW/v1/000/382/258/00000/0ae21f45-edf8-48d5-8e88-03a47b4edf10.root 382258 [358,360,359,361]
/store/data/Run2024F/MuonEG/RAW/v1/000/382/258/00000/0ae3b712-db4a-4cc1-a1ee-452f061014c6.root 382258 [419,421,420,418]
/store/data/Run2024F/MuonEG/RAW/v1/000/382/258/00000/0de01bf8-7542-4c67-a0bf-40f9306d30db.root 382258 [57,56,58,55]
/store/data/Run2024F/MuonEG/RAW/v1/000/382/258/00000/0e782a37-e8a4-485b-bafb-fda41535b2fa.root 382258 [884,885,886,887,888]
/store/data/Run2024F/MuonEG/RAW/v1/000/382/258/00000/0f08d6df-59fc-47f5-bd23-818a2e736450.root 382258 [413,411,410,412]
/store/data/Run2024F/MuonEG/RAW/v1/000/382/258/00000/100ea405-eb41-47be-bf11-1cf7de238882.root 382258 [695,697,694,696]
/store/data/Run2024F/MuonEG/RAW/v1/000/382/258/00000/107aaf28-ec1c-4d6f-905d-312aa1aeb6c6.root 382258 [729,726,727,728]
/store/data/Run2024F/MuonEG/RAW/v1/000/382/258/00000/11426008-4b11-4d2b-be5d-27e0c95c2bb6.root 382258 [611,613,610,612]
/store/data/Run2024F/MuonEG/RAW/v1/000/382/258/00000/13535830-55c4-45f0-9229-ad6aba5ea6e9.root 382258 [109,111,112,113,110]
/store/data/Run2024F/MuonEG/RAW/v1/000/382/258/00000/14e9d39f-308e-4924-b540-870d455cc060.root 382258 [643,642,644,645]
/store/data/Run2024F/MuonEG/RAW/v1/000/382/258/00000/1674b91c-083a-4b06-90ee-51cf0567f930.root 382258 [236,238,235,237]
/store/data/Run2024F/MuonEG/RAW/v1/000/382/258/00000/17ebe4dd-18d5-4398-aa83-23c22d1db2b8.root 382258 [195,196,198,197]
/store/data/Run2024F/MuonEG/RAW/v1/000/382/258/00000/19cc0b24-fad7-43a0-8d90-c09e0d6886ae.root 382258 [108,105,106,107]
/store/data/Run2024F/MuonEG/RAW/v1/000/382/258/00000/1e56c6d2-7996-4a8c-967b-57b3994d2528.root 382258 [603,605,602,604]
/store/data/Run2024F/MuonEG/RAW/v1/000/382/258/00000/1f155ada-ac3d-40e6-b0e7-7288b2a1eb7d.root 382258 [403,404,402,405]
/store/data/Run2024F/MuonEG/RAW/v1/000/382/258/00000/1f416603-56e8-44fe-a1b7-467610d7107e.root 382258 [239,242,241,240]
/store/data/Run2024F/MuonEG/RAW/v1/000/382/258/00000/1fef26eb-8513-46c6-8670-9aed1e0849f1.root 382258 [791,794,792,790,793]
/store/data/Run2024F/MuonEG/RAW/v1/000/382/258/00000/2078577f-d048-4cca-b4fb-9fe0c1a25394.root 382258 [122,124,125,123]
/store/data/Run2024F/MuonEG/RAW/v1/000/382/258/00000/2253bcee-5559-4934-a503-c82608496820.root 382258 [271,273,270,272]
/store/data/Run2024F/MuonEG/RAW/v1/000/382/258/00000/23c2358b-148c-4161-a350-ffaa7470ed03.root 382258 [708,707,706,709]
/store/data/Run2024F/MuonEG/RAW/v1/000/382/258/00000/24c9c3c5-5f40-4941-a3cc-ff19e3a5ecbd.root 382258 [268,266,267,269]
/store/data/Run2024F/MuonEG/RAW/v1/000/382/258/00000/2548b9eb-b567-40cf-a6d7-5a8c6b4deb66.root 382258 [618,620,621,619]
/store/data/Run2024F/MuonEG/RAW/v1/000/382/258/00000/26617088-8810-42cd-be31-5c1e86154827.root 382258 [829,832,833,830,831]
/store/data/Run2024F/MuonEG/RAW/v1/000/382/258/00000/2a14805f-ad61-4991-b050-3f2125941611.root 382258 [823,820,822,821]
/store/data/Run2024F/MuonEG/RAW/v1/000/382/258/00000/2a61e926-ffed-426a-b162-5f7097f82e30.root 382258 [563,565,562,564]
/store/data/Run2024F/MuonEG/RAW/v1/000/382/258/00000/2b01844a-ab0f-4d82-96ea-492045ec960e.root 382258 [880,881,882,879,883]
/store/data/Run2024F/MuonEG/RAW/v1/000/382/258/00000/2b0d3f39-d583-4a63-822b-0e6e3d6e14d5.root 382258 [426,428,429,427]
/store/data/Run2024F/MuonEG/RAW/v1/000/382/258/00000/2b52489a-45c1-42c1-82b5-74fa675505c8.root 382258 [326,328,327,329]
/store/data/Run2024F/MuonEG/RAW/v1/000/382/258/00000/2b7f5b13-b769-4541-b3a0-dfc5b2d68c66.root 382258 [569,568,566,567]
/store/data/Run2024F/MuonEG/RAW/v1/000/382/258/00000/2cde6c96-fee4-4998-96d5-9c04b76b75c1.root 382258 [76,78,75,77]
/store/data/Run2024F/MuonEG/RAW/v1/000/382/258/00000/2d545af5-f44c-4296-9e13-a8a61c530db9.root 382258 [163,161,162]
/store/data/Run2024F/MuonEG/RAW/v1/000/382/258/00000/2e36439c-df3b-456a-be58-8e656a33d684.root 382258 [50,48,49,47]
/store/data/Run2024F/MuonEG/RAW/v1/000/382/258/00000/2e543387-6a0b-4883-ab81-58afb837ccb3.root 382258 [462,464,465,463]
/store/data/Run2024F/MuonEG/RAW/v1/000/382/258/00000/2e6abfc4-a872-480c-9139-69cd35abdd1e.root 382258 [797,795,796,798]
/store/data/Run2024F/MuonEG/RAW/v1/000/382/258/00000/2e6be67f-bff4-4ad3-9c39-849317a27a40.root 382258 [664,663,665,662]
/store/data/Run2024F/MuonEG/RAW/v1/000/382/258/00000/3078a6fa-0d14-48e3-a1cb-25eeb1fe2ca9.root 382258 [186,183,184,185]
/store/data/Run2024F/MuonEG/RAW/v1/000/382/258/00000/31bb0721-1115-4acf-a735-f59bc5999a3c.root 382258 [872,870,869,873,871]
/store/data/Run2024F/MuonEG/RAW/v1/000/382/258/00000/3212f348-e5ef-4f58-8a40-7252926237fc.root 382258 [679,680,681,678]
/store/data/Run2024F/MuonEG/RAW/v1/000/382/258/00000/3251c852-d957-498f-adda-04277aafb9d8.root 382258 [722,725,723,724]
/store/data/Run2024F/MuonEG/RAW/v1/000/382/258/00000/3580c6fe-f4e4-41fd-9fb5-3dd097d8d429.root 382258 [738,740,739,741]
/store/data/Run2024F/MuonEG/RAW/v1/000/382/258/00000/36af2720-4291-45fe-ba3b-91dda9c34bd5.root 382258 [578,581,579,580]
/store/data/Run2024F/MuonEG/RAW/v1/000/382/258/00000/370afccc-0691-4651-9382-d3d2a9ac0a9c.root 382258 [230,229,227,228]
/store/data/Run2024F/MuonEG/RAW/v1/000/382/258/00000/37132710-a6c0-4325-9d24-16d5722a5c12.root 382258 [1149]
/store/data/Run2024F/MuonEG/RAW/v1/000/382/258/00000/37c68e2c-e8e9-47a9-822c-e30813fccaaa.root 382258 [647,646,648,649]
/store/data/Run2024F/MuonEG/RAW/v1/000/382/258/00000/38e7c802-ff51-41ff-89ea-2ab27ce988ec.root 382258 [483,485,484,482]
/store/data/Run2024F/MuonEG/RAW/v1/000/382/258/00000/39ae0307-ca51-4b3d-9efa-cc6ea77f6ed6.root 382258 [376,377,374,375]
/store/data/Run2024F/MuonEG/RAW/v1/000/382/258/00000/39b1138a-d27c-4561-bb79-79344fdd4b92.root 382258 [534,536,537,535]
/store/data/Run2024F/MuonEG/RAW/v1/000/382/258/00000/3c22ad7a-25c3-473f-8f19-1a99396ae3e3.root 382258 [650,653,651,652]
/store/data/Run2024F/MuonEG/RAW/v1/000/382/258/00000/3d01d262-2642-4338-b7c9-c199bac72b93.root 382258 [784,783,781,780,782]
/store/data/Run2024F/MuonEG/RAW/v1/000/382/258/00000/3d3fd5ed-6336-4c52-87bc-b18e9acd8fc8.root 382258 [615,614,617,616]
/store/data/Run2024F/MuonEG/RAW/v1/000/382/258/00000/403971c3-b1b0-469d-a8ad-9ef88de9c566.root 382258 [949,954,953,950,952,951]
/store/data/Run2024F/MuonEG/RAW/v1/000/382/258/00000/41a6ff45-53ad-4844-9f0f-d78a8d7270d9.root 382258 [386,388,387,389]
/store/data/Run2024F/MuonEG/RAW/v1/000/382/258/00000/435509a8-0186-4af9-8b5c-4ec8c9c77716.root 382258 [1107,1109,1111,1112,1108,1113,1110]
/store/data/Run2024F/MuonEG/RAW/v1/000/382/258/00000/438357a2-d6a3-4041-8f07-c3470da1773e.root 382258 [60,62,59,61]
/store/data/Run2024F/MuonEG/RAW/v1/000/382/258/00000/466b68b6-5ef6-4266-bcfe-5e7ac9e6f32a.root 382258 [673,670,671,672]
/store/data/Run2024F/MuonEG/RAW/v1/000/382/258/00000/472de44b-48c9-427b-83b4-3b51cdf91e9b.root 382258 [846,847,845,844,848]
/store/data/Run2024F/MuonEG/RAW/v1/000/382/258/00000/47b2f4a5-6354-4fe4-bfff-edcd719a570e.root 382258 [9,10,12,11]
/store/data/Run2024F/MuonEG/RAW/v1/000/382/258/00000/4a328ed5-00d5-48d1-be90-360385d2b45a.root 382258 [40,41,42]
/store/data/Run2024F/MuonEG/RAW/v1/000/382/258/00000/4ac3a0f1-a07e-460b-914e-f3b99fc99a8c.root 382258 [69,67,68,70]
/store/data/Run2024F/MuonEG/RAW/v1/000/382/258/00000/4b704a07-48dc-4682-925a-41a12d1cbc19.root 382258 [586,589,587,588]
/store/data/Run2024F/MuonEG/RAW/v1/000/382/258/00000/4c34bf26-ad85-4d66-a467-d38afb5bc65c.root 382258 [591,593,590,592]
/store/data/Run2024F/MuonEG/RAW/v1/000/382/258/00000/4fa15035-0b2b-47ed-8ff8-4085cf2b6648.root 382258 [543,542,544,545]
/store/data/Run2024F/MuonEG/RAW/v1/000/382/258/00000/50148e66-3d31-4c5e-ad5f-7bca9f092873.root 382258 [903,899,901,900,902]
/store/data/Run2024F/MuonEG/RAW/v1/000/382/258/00000/52aded7d-ed06-4d2f-a971-5262b07dc8b4.root 382258 [943,944,947,948,945,946]
/store/data/Run2024F/MuonEG/RAW/v1/000/382/258/00000/542888d4-3007-4b7d-8305-49e6f30b4920.root 382258 [27,28,26,25]
/store/data/Run2024F/MuonEG/RAW/v1/000/382/258/00000/544d32d7-3a7e-4cfb-bf01-0052c11256d3.root 382258 [150,149,152,151]
/store/data/Run2024F/MuonEG/RAW/v1/000/382/258/00000/54e114ad-3e66-4f1d-88a3-47958e5e3bb8.root 382258 [300,298,301,299]
/store/data/Run2024F/MuonEG/RAW/v1/000/382/258/00000/55683872-825c-494d-bb8a-4a84379b61fe.root 382258 [975,976,977,978,979,980]
/store/data/Run2024F/MuonEG/RAW/v1/000/382/258/00000/55d31117-3ed0-42c1-abf3-0899428f2ff8.root 382258 [993,988,990,991,989,987,992]
/store/data/Run2024F/MuonEG/RAW/v1/000/382/258/00000/5609dfa8-0a36-4b21-99be-5acf1acfa08e.root 382258 [628,629,627,626]
/store/data/Run2024F/MuonEG/RAW/v1/000/382/258/00000/56cf120f-40ff-4876-b8db-6dd510c6ece9.root 382258 [262,260,261,259]
/store/data/Run2024F/MuonEG/RAW/v1/000/382/258/00000/5aa9b7d2-f127-4009-a236-f3a8f68a42ea.root 382258 [824,827,828,825,826]
/store/data/Run2024F/MuonEG/RAW/v1/000/382/258/00000/5b84ed32-5bcc-41c6-bc22-90cd26b00aff.root 382258 [157,158,159,160]
/store/data/Run2024F/MuonEG/RAW/v1/000/382/258/00000/5d5f654a-1661-46ec-afbb-d903a1bf10ab.root 382258 [668,669,666,667]
/store/data/Run2024F/MuonEG/RAW/v1/000/382/258/00000/5e7d1600-46b5-4545-b303-605d42175bb0.root 382258 [93,91,92]
/store/data/Run2024F/MuonEG/RAW/v1/000/382/258/00000/5f42bfc2-3a7a-46c9-95a2-3513e43e7f05.root 382258 [455,457,456,454]
/store/data/Run2024F/MuonEG/RAW/v1/000/382/258/00000/5fd25319-c222-42a9-a1cc-e2fb4d7b16b9.root 382258 [921,922,920,923,924]
/store/data/Run2024F/MuonEG/RAW/v1/000/382/258/00000/60efa7ad-ddf6-4ed6-bac8-329032e78864.root 382258 [1002,1006,1001,1003,1007,1005,1004]
/store/data/Run2024F/MuonEG/RAW/v1/000/382/258/00000/6216f9a0-e4e5-4f1b-9b6b-3b4f9fb65971.root 382258 [398,399,401,400]
/store/data/Run2024F/MuonEG/RAW/v1/000/382/258/00000/6273e731-7ae6-4077-b998-e93c7435b669.root 382258 [180,181,179,182]
/store/data/Run2024F/MuonEG/RAW/v1/000/382/258/00000/631ecf76-f7f5-40d6-b201-613cb711cc64.root 382258 [84,85,83,86]
/store/data/Run2024F/MuonEG/RAW/v1/000/382/258/00000/6505625d-5035-4cdf-b2e6-07311f5b3d7f.root 382258 [800,799,802,801]
/store/data/Run2024F/MuonEG/RAW/v1/000/382/258/00000/65b78be5-abdf-4fdf-b04f-1933826384a4.root 382258 [209,207,208,210]
/store/data/Run2024F/MuonEG/RAW/v1/000/382/258/00000/676a6d04-2452-4148-86db-68cd3f66ce12.root 382258 [692,690,691,693]
/store/data/Run2024F/MuonEG/RAW/v1/000/382/258/00000/67973740-f850-47e0-a2e4-f13826fd6c0d.root 382258 [720,721,718,719]
/store/data/Run2024F/MuonEG/RAW/v1/000/382/258/00000/67a96fa0-596b-4822-bf47-c40dc3b133c9.root 382258 [894,895,896,897,898]
/store/data/Run2024F/MuonEG/RAW/v1/000/382/258/00000/68603217-62d7-4e90-865e-8a032203e896.root 382258 [351,352,350,353]
/store/data/Run2024F/MuonEG/RAW/v1/000/382/258/00000/6882454f-3e25-4000-93a9-a82f8e03b54f.root 382258 [460,458,461,459]
/store/data/Run2024F/MuonEG/RAW/v1/000/382/258/00000/6acf7f75-d0ae-40bd-b04a-f98741375855.root 382258 [748,746,747,749]
/store/data/Run2024F/MuonEG/RAW/v1/000/382/258/00000/6ad6cc54-99fc-49fd-9a00-77357422853e.root 382258 [244,245,246,243]
/store/data/Run2024F/MuonEG/RAW/v1/000/382/258/00000/6bb5b68a-cd25-4fcc-adee-4b6499272652.root 382258 [1063,1059,1058,1061,1062,1060]
/store/data/Run2024F/MuonEG/RAW/v1/000/382/258/00000/6bf53639-4b05-4e05-8490-35f2dd9c65f3.root 382258 [1051,1052,1054,1056,1057,1055,1053]
/store/data/Run2024F/MuonEG/RAW/v1/000/382/258/00000/6c38a896-f177-43d0-875e-d4b7ed7e3728.root 382258 [854,856,857,858,855]
/store/data/Run2024F/MuonEG/RAW/v1/000/382/258/00000/6c483001-5d48-4038-8f2b-b5b1cdea47d7.root 382258 [553,550,551,552]
/store/data/Run2024F/MuonEG/RAW/v1/000/382/258/00000/6da9d47d-28aa-4ea6-b13e-0fe078be3719.root 382258 [1038,1042,1040,1036,1037,1041,1039]
/store/data/Run2024F/MuonEG/RAW/v1/000/382/258/00000/6e22757f-0913-4583-b4a3-e396c019870c.root 382258 [318,320,321,319]
/store/data/Run2024F/MuonEG/RAW/v1/000/382/258/00000/6ec158fd-18c1-43a9-8fa0-0142a849af80.root 382258 [1105,1103,1102,1100,1104,1106,1101]
/store/data/Run2024F/MuonEG/RAW/v1/000/382/258/00000/6ecb19a2-8a6f-4181-96b7-09bfafe64993.root 382258 [442,445,444,443]
/store/data/Run2024F/MuonEG/RAW/v1/000/382/258/00000/6f0e28cd-53d5-4dd0-a0a9-ccbd1dd00e54.root 382258 [957,961,960,955,958,956,959]
/store/data/Run2024F/MuonEG/RAW/v1/000/382/258/00000/6f6744b5-8af8-4205-a311-11d56eada1d6.root 382258 [912,909,913,910,911]
/store/data/Run2024F/MuonEG/RAW/v1/000/382/258/00000/6fa4e6fa-f8d5-4775-93f0-33a16626b111.root 382258 [1134,1128,1132,1130,1133,1129,1131]
/store/data/Run2024F/MuonEG/RAW/v1/000/382/258/00000/7094f52c-6dd1-47f3-9a06-4011f3f643fd.root 382258 [965,962,966,964,967,963]
/store/data/Run2024F/MuonEG/RAW/v1/000/382/258/00000/70d42409-1b76-4c1c-9c6e-94dffba65735.root 382258 [264,263,265]
/store/data/Run2024F/MuonEG/RAW/v1/000/382/258/00000/70fb1ab2-a09a-46df-a558-bf595e5b462c.root 382258 [24,22,21,23]
/store/data/Run2024F/MuonEG/RAW/v1/000/382/258/00000/717e12ef-eb7c-4de3-ac5d-62b5a4f90da6.root 382258 [171,174,173,172]
/store/data/Run2024F/MuonEG/RAW/v1/000/382/258/00000/7225223f-ad6f-44ab-887b-1561e4249b8f.root 382258 [1091,1086,1092,1088,1089,1090,1087]
/store/data/Run2024F/MuonEG/RAW/v1/000/382/258/00000/723c98a2-5636-481d-ba1d-8b4fb6baab66.root 382258 [202,199,200,201]
/store/data/Run2024F/MuonEG/RAW/v1/000/382/258/00000/733b2a11-26b7-453a-8699-0f884f4a95a0.root 382258 [658,660,659,661]
/store/data/Run2024F/MuonEG/RAW/v1/000/382/258/00000/7367800f-f137-4288-aff1-7fbe2dc2a145.root 382258 [876,877,875,878,874]
/store/data/Run2024F/MuonEG/RAW/v1/000/382/258/00000/737b6105-036e-4cdb-afe3-9099f3c149fd.root 382258 [925,930,927,928,929,926]
/store/data/Run2024F/MuonEG/RAW/v1/000/382/258/00000/73fe507a-e9d3-4cd2-b82b-6e7f3f10bd06.root 382258 [446,449,448,447]
/store/data/Run2024F/MuonEG/RAW/v1/000/382/258/00000/7423d373-8f36-475e-bb39-57bdfc011e87.root 382258 [285,282,283,284]
/store/data/Run2024F/MuonEG/RAW/v1/000/382/258/00000/74293bfd-c724-42a8-806a-9f2d0f27bc5e.root 382258 [486,489,487,488]
/store/data/Run2024F/MuonEG/RAW/v1/000/382/258/00000/77fbe569-b422-48ca-b618-fcb78866614a.root 382258 [330,331,332,333]
/store/data/Run2024F/MuonEG/RAW/v1/000/382/258/00000/789a0794-86b9-4ac5-8ca4-cc3eaf5d41d3.root 382258 [440,439,441,438]
/store/data/Run2024F/MuonEG/RAW/v1/000/382/258/00000/790ebfbc-6e7f-4226-aefc-19b6fdfa3748.root 382258 [1079,1082,1080,1081,1084,1085,1083]
/store/data/Run2024F/MuonEG/RAW/v1/000/382/258/00000/7a52c613-3642-4b81-82f8-6ec4687198f8.root 382258 [865,868,866,864,867]
/store/data/Run2024F/MuonEG/RAW/v1/000/382/258/00000/7b903c39-620d-4a68-9435-8e0ca54ce1ba.root 382258 [577,576,575,574]
/store/data/Run2024F/MuonEG/RAW/v1/000/382/258/00000/7ba55cda-1141-4ec8-8666-dae580f38339.root 382258 [472,470,473,471]
/store/data/Run2024F/MuonEG/RAW/v1/000/382/258/00000/7c336235-5f97-43a1-be23-480cb51f005a.root 382258 [492,493,491,490]
/store/data/Run2024F/MuonEG/RAW/v1/000/382/258/00000/7e6b12b1-57cc-4845-80d6-aba989d65b05.root 382258 [682,684,685,683]
/store/data/Run2024F/MuonEG/RAW/v1/000/382/258/00000/7ee31508-b5bc-4a70-bb5e-b407e9b6daf4.root 382258 [635,637,634,636]
/store/data/Run2024F/MuonEG/RAW/v1/000/382/258/00000/8078239a-932e-4503-a103-4e246e682119.root 382258 [115,114,117,116]
/store/data/Run2024F/MuonEG/RAW/v1/000/382/258/00000/80b14504-97ef-4c68-8694-d4eb2481b9d1.root 382258 [655,656,657,654]
/store/data/Run2024F/MuonEG/RAW/v1/000/382/258/00000/81392311-ebae-4321-87a3-b4254ef03f21.root 382258 [363,365,362,364]
/store/data/Run2024F/MuonEG/RAW/v1/000/382/258/00000/8193495d-20b4-49a5-b5fe-9bd2730f2ba3.root 382258 [764,762,766,763,765]
/store/data/Run2024F/MuonEG/RAW/v1/000/382/258/00000/82008e7b-2271-4c0f-9355-a1c3990c5fa5.root 382258 [744,742,743,745]
/store/data/Run2024F/MuonEG/RAW/v1/000/382/258/00000/82c4cbe7-58d9-40cd-ac7f-55efe1f37bac.root 382258 [95,96,94]
/store/data/Run2024F/MuonEG/RAW/v1/000/382/258/00000/82f38db8-3ea8-4bbc-b486-26539d19dec1.root 382258 [479,480,481,478]
/store/data/Run2024F/MuonEG/RAW/v1/000/382/258/00000/84ef1b0e-95d6-4ff2-970b-13763de5e64c.root 382258 [279,278,280,281]
/store/data/Run2024F/MuonEG/RAW/v1/000/382/258/00000/85317ead-86fc-451b-9f02-de450ec0c36b.root 382258 [758,760,761,759]
/store/data/Run2024F/MuonEG/RAW/v1/000/382/258/00000/854e4798-f0a6-40f2-8043-6be9c4da8363.root 382258 [852,853,849,850,851]
/store/data/Run2024F/MuonEG/RAW/v1/000/382/258/00000/85ac6d9e-40c0-4f34-97c1-81c3d6440bee.root 382258 [382,383,384,385]
/store/data/Run2024F/MuonEG/RAW/v1/000/382/258/00000/870814bc-eb1a-4119-bd7a-da86d918c65f.root 382258 [414,416,417,415]
/store/data/Run2024F/MuonEG/RAW/v1/000/382/258/00000/87bb622e-b08c-490b-bb32-59c5eb99943c.root 382258 [134,137,135,136]
/store/data/Run2024F/MuonEG/RAW/v1/000/382/258/00000/889c23b3-51a4-457c-8340-b78035f41d1e.root 382258 [3,2,4,1]
/store/data/Run2024F/MuonEG/RAW/v1/000/382/258/00000/8ab49a2c-197d-45da-b9d6-09e606342f08.root 382258 [97,98,99,100]
/store/data/Run2024F/MuonEG/RAW/v1/000/382/258/00000/8b46e353-320d-4aa4-b2d2-0268a592f334.root 382258 [141,140,138,139]
/store/data/Run2024F/MuonEG/RAW/v1/000/382/258/00000/8c1db385-e68f-422f-af08-aa15d7091c2a.root 382258 [573,570,571,572]
/store/data/Run2024F/MuonEG/RAW/v1/000/382/258/00000/8c521ee2-9868-4690-9fc8-9a6e1a31f235.root 382258 [315,314,317,316]
/store/data/Run2024F/MuonEG/RAW/v1/000/382/258/00000/8cba2491-1702-460f-a988-6dc43bdce7c1.root 382258 [1096,1099,1097,1095,1094,1098,1093]
/store/data/Run2024F/MuonEG/RAW/v1/000/382/258/00000/8e90eb30-e7a9-4b84-9fc3-09312029a5a5.root 382258 [986,981,982,983,984,985]
/store/data/Run2024F/MuonEG/RAW/v1/000/382/258/00000/8f6a1db3-b50e-4525-bf5f-166fdd668a0f.root 382258 [863,859,860,861,862]
/store/data/Run2024F/MuonEG/RAW/v1/000/382/258/00000/90677218-9211-4428-947e-73ef13e730a2.root 382258 [189,188,190,187]
/store/data/Run2024F/MuonEG/RAW/v1/000/382/258/00000/90f96612-e7b8-454b-b7af-a305671c1efe.root 382258 [500,498,499,501]
/store/data/Run2024F/MuonEG/RAW/v1/000/382/258/00000/91ebb6ff-af8c-40b3-a57f-e23b57118ce8.root 382258 [52,53,54,51]
/store/data/Run2024F/MuonEG/RAW/v1/000/382/258/00000/9299f7bc-7485-45ac-9712-1f18c161fd59.root 382258 [730,733,731,732]
/store/data/Run2024F/MuonEG/RAW/v1/000/382/258/00000/94859a65-763c-40eb-9cb1-281c8cdb40e0.root 382258 [29,31,30,32]
/store/data/Run2024F/MuonEG/RAW/v1/000/382/258/00000/970c3c79-a206-4acf-a7f8-2f41f1acffea.root 382258 [735,737,734,736]
/store/data/Run2024F/MuonEG/RAW/v1/000/382/258/00000/978db2b1-9e02-42c1-b96b-957ee5b0888f.root 382258 [494,497,495,496]
/store/data/Run2024F/MuonEG/RAW/v1/000/382/258/00000/97f0a919-f17b-4eff-bb6b-b1219ed030af.root 382258 [1127,1121,1122,1125,1126,1123,1124]
/store/data/Run2024F/MuonEG/RAW/v1/000/382/258/00000/9b0a306b-ab41-4b22-924d-8c0ba76b6158.root 382258 [510,513,512,511]
/store/data/Run2024F/MuonEG/RAW/v1/000/382/258/00000/9b8b9beb-d0e6-47b9-bc04-5fa523d85784.root 382258 [253,251,252,254]
/store/data/Run2024F/MuonEG/RAW/v1/000/382/258/00000/9bc83b52-5a23-420d-b245-80a80babfcc6.root 382258 [713,712,710,711]
/store/data/Run2024F/MuonEG/RAW/v1/000/382/258/00000/9c6b3ba3-7613-4eb5-81cd-9adf21d5de8f.root 382258 [118,120,119,121]
/store/data/Run2024F/MuonEG/RAW/v1/000/382/258/00000/9cb571c3-dc99-4ec2-969d-8d76173ec47d.root 382258 [559,560,561,558]
/store/data/Run2024F/MuonEG/RAW/v1/000/382/258/00000/9d876756-4ec7-4767-ac7b-43ce649cc853.root 382258 [1075,1077,1078,1074,1073,1072,1076]
/store/data/Run2024F/MuonEG/RAW/v1/000/382/258/00000/9eeb6670-ee11-42b1-ade0-581c7ec259f5.root 382258 [475,474,477,476]
/store/data/Run2024F/MuonEG/RAW/v1/000/382/258/00000/9f1f055b-e18c-4b7d-a927-556efc7f1f80.root 382258 [932,936,931,934,935,933]
/store/data/Run2024F/MuonEG/RAW/v1/000/382/258/00000/9fea167a-77e9-428c-8b5c-b4009ba2ca5c.root 382258 [702,705,704,703]
/store/data/Run2024F/MuonEG/RAW/v1/000/382/258/00000/9fed3acc-a651-4ea6-8426-47c580d23fff.root 382258 [556,555,554,557]
/store/data/Run2024F/MuonEG/RAW/v1/000/382/258/00000/a2123aa8-9f45-41b7-a91d-89a42c83d94e.root 382258 [972,974,968,969,970,971,973]
/store/data/Run2024F/MuonEG/RAW/v1/000/382/258/00000/a4f31943-94e3-4758-b585-c0900f6e7797.root 382258 [223,225,226,224]
/store/data/Run2024F/MuonEG/RAW/v1/000/382/258/00000/a5666653-3cfa-4bde-a534-0eca36c003c2.root 382258 [676,674,675,677]
/store/data/Run2024F/MuonEG/RAW/v1/000/382/258/00000/a90175bd-7947-4dcd-b6b7-7bccb425acfe.root 382258 [177,178,175,176]
/store/data/Run2024F/MuonEG/RAW/v1/000/382/258/00000/a91f9656-da60-4e83-b49f-6c8b22c29136.root 382258 [812,811,814,813]
/store/data/Run2024F/MuonEG/RAW/v1/000/382/258/00000/aace0e90-7dae-4d00-987f-2950f7c9bb6e.root 382258 [1025,1028,1022,1023,1024,1026,1027]
/store/data/Run2024F/MuonEG/RAW/v1/000/382/258/00000/aaf817d8-bece-4567-a9dc-6d6647ed6ccb.root 382258 [803,804,806,805]
/store/data/Run2024F/MuonEG/RAW/v1/000/382/258/00000/ab6db8d7-d82a-42d4-8fff-1ea5b30f5dc7.root 382258 [295,296,294,297]
/store/data/Run2024F/MuonEG/RAW/v1/000/382/258/00000/abe9265a-5705-480e-9040-fd888b58a65f.root 382258 [312,313,311,310]
/store/data/Run2024F/MuonEG/RAW/v1/000/382/258/00000/ad0d2836-f92b-4714-85da-166c18e2a490.root 382258 [203,205,204,206]
/store/data/Run2024F/MuonEG/RAW/v1/000/382/258/00000/ad930c7c-65fd-4d35-88d6-64b976448563.root 382258 [757,756,754,755]
/store/data/Run2024F/MuonEG/RAW/v1/000/382/258/00000/b09eed62-4441-44dc-94b4-fe0c3cfc3508.root 382258 [378,380,379,381]
/store/data/Run2024F/MuonEG/RAW/v1/000/382/258/00000/b1aba6a4-fc74-415a-98eb-9ed7657cee8a.root 382258 [609,606,607,608]
/store/data/Run2024F/MuonEG/RAW/v1/000/382/258/00000/b1eef9ed-ce2f-4ea5-912c-82500baad8a0.root 382258 [347,346,348,349]
/store/data/Run2024F/MuonEG/RAW/v1/000/382/258/00000/b3175e83-0ee0-4a73-8b07-5d275c44f0f5.root 382258 [13,14,15,16]
/store/data/Run2024F/MuonEG/RAW/v1/000/382/258/00000/b3235b9b-661c-469e-93c7-264684683926.root 382258 [20,19,17,18]
/store/data/Run2024F/MuonEG/RAW/v1/000/382/258/00000/b3876edf-6ba7-4171-9b22-e53744e53e3d.root 382258 [839,842,840,841,843]
/store/data/Run2024F/MuonEG/RAW/v1/000/382/258/00000/b3964dc0-7059-42c9-a251-a930e486c326.root 382258 [191,193,192,194]
/store/data/Run2024F/MuonEG/RAW/v1/000/382/258/00000/b515b764-0180-4af2-a60f-54530b990dae.root 382258 [324,322,325,323]
/store/data/Run2024F/MuonEG/RAW/v1/000/382/258/00000/b698b1a8-d23f-4200-81a4-66bfd3b250ff.root 382258 [44,45,46,43]
/store/data/Run2024F/MuonEG/RAW/v1/000/382/258/00000/b869e839-1a6f-444e-8fb1-4f2fb908655d.root 382258 [305,304,303,302]
/store/data/Run2024F/MuonEG/RAW/v1/000/382/258/00000/bb44b3a7-c5b8-4cc2-8061-d3a1dfbe4365.root 382258 [1118,1116,1119,1115,1117,1120,1114]
/store/data/Run2024F/MuonEG/RAW/v1/000/382/258/00000/bd47c90d-d4af-4724-9834-874162378b55.root 382258 [392,390,391,393]
/store/data/Run2024F/MuonEG/RAW/v1/000/382/258/00000/c1bd4485-f545-4b24-8950-a6943b787f61.root 382258 [82,81,80,79]
/store/data/Run2024F/MuonEG/RAW/v1/000/382/258/00000/c2cd5b7a-92fc-4d33-bdbd-92a112328dd3.root 382258 [810,807,808,809]
/store/data/Run2024F/MuonEG/RAW/v1/000/382/258/00000/c2f01bf3-37d0-49e4-8ba9-00ef2598749a.root 382258 [507,508,509,506]
/store/data/Run2024F/MuonEG/RAW/v1/000/382/258/00000/c2fa7f92-ec6a-4b13-9788-d0f4eab1b4e7.root 382258 [168,170,167,169]
/store/data/Run2024F/MuonEG/RAW/v1/000/382/258/00000/c3265fd5-647b-46f7-9f48-7dcfa0c2dd8d.root 382258 [1144,1142,1148,1146,1145,1147,1143]
/store/data/Run2024F/MuonEG/RAW/v1/000/382/258/00000/c38c8bb2-a4d1-4583-b979-287537e6e17c.root 382258 [838,834,835,836,837]
/store/data/Run2024F/MuonEG/RAW/v1/000/382/258/00000/c589f856-b06c-443c-94d8-4a8262ccdd4c.root 382258 [787,785,789,786,788]
/store/data/Run2024F/MuonEG/RAW/v1/000/382/258/00000/c5988daa-7982-43aa-a011-5f17f3c5d0f1.root 382258 [425,424,422,423]
/store/data/Run2024F/MuonEG/RAW/v1/000/382/258/00000/c5a71057-b49f-4a6a-92c2-803b35070f6a.root 382258 [36,37,39,38]
/store/data/Run2024F/MuonEG/RAW/v1/000/382/258/00000/c6f1b399-8154-48af-87ff-e0da0c90e773.root 382258 [623,624,622,625]
/store/data/Run2024F/MuonEG/RAW/v1/000/382/258/00000/c9e3aaf7-9f8a-4d61-937f-513841d7322a.root 382258 [431,432,430,433]
/store/data/Run2024F/MuonEG/RAW/v1/000/382/258/00000/cb2570e3-b21a-4f0b-beff-ef48a9d589b3.root 382258 [522,525,523,524]
/store/data/Run2024F/MuonEG/RAW/v1/000/382/258/00000/cc6f821c-b824-43e8-bfe2-765251f8afb7.root 382258 [774,772,771,773]
/store/data/Run2024F/MuonEG/RAW/v1/000/382/258/00000/cf2de16d-7d75-4c65-902e-41d0965de034.root 382258 [779,775,776,777,778]
/store/data/Run2024F/MuonEG/RAW/v1/000/382/258/00000/cf4308ca-063a-411c-a034-e1021a530800.root 382258 [467,469,466,468]
/store/data/Run2024F/MuonEG/RAW/v1/000/382/258/00000/cfa971e6-e372-4ca8-9f97-b1d4e446f260.root 382258 [751,752,753,750]
/store/data/Run2024F/MuonEG/RAW/v1/000/382/258/00000/d042976f-5c66-4955-bbf7-7c1be81d4f2e.root 382258 [292,291,293,290]
/store/data/Run2024F/MuonEG/RAW/v1/000/382/258/00000/d0ae188a-b23e-4133-a30a-f07e53756c77.root 382258 [452,450,451,453]
/store/data/Run2024F/MuonEG/RAW/v1/000/382/258/00000/d1541ad1-f616-49e4-8008-c3b009406f0b.root 382258 [407,406,408,409]
/store/data/Run2024F/MuonEG/RAW/v1/000/382/258/00000/d37088ec-13b9-4ddb-b08c-a7d51beb1738.root 382258 [371,372,370,373]
/store/data/Run2024F/MuonEG/RAW/v1/000/382/258/00000/d49c6d2f-a902-4b25-80dc-af5951eb1795.root 382258 [397,395,396,394]
/store/data/Run2024F/MuonEG/RAW/v1/000/382/258/00000/d6bb0e5b-d7b2-4866-81ac-24ffd0d71906.root 382258 [1064,1071,1065,1069,1066,1070,1067,1068]
/store/data/Run2024F/MuonEG/RAW/v1/000/382/258/00000/d8299ac4-a8b0-4b46-ba68-9fb351bf52f0.root 382258 [529,526,527,528]
/store/data/Run2024F/MuonEG/RAW/v1/000/382/258/00000/d9594d97-b84d-410f-b105-e32e75c887d3.root 382258 [530,532,531,533]
/store/data/Run2024F/MuonEG/RAW/v1/000/382/258/00000/d9c4015a-dacd-48d9-a73d-1854e31d9660.root 382258 [286,289,287,288]
/store/data/Run2024F/MuonEG/RAW/v1/000/382/258/00000/db43f5ac-2b23-4025-9774-674b82b31577.root 382258 [892,889,890,891,893]
/store/data/Run2024F/MuonEG/RAW/v1/000/382/258/00000/db47b758-da7a-405d-a163-9e05a9984615.root 382258 [904,905,908,906,907]
/store/data/Run2024F/MuonEG/RAW/v1/000/382/258/00000/dc4d4b75-27cd-4b93-9c29-67a0f6245cac.root 382258 [640,638,639,641]
/store/data/Run2024F/MuonEG/RAW/v1/000/382/258/00000/dc963520-142e-4f03-8e77-8b7494a3a3a5.root 382258 [1138,1140,1141,1137,1139,1135,1136]
/store/data/Run2024F/MuonEG/RAW/v1/000/382/258/00000/dce20bb3-3f6d-4b12-a175-ab6b995bfc8d.root 382258 [815,819,816,817,818]
/store/data/Run2024F/MuonEG/RAW/v1/000/382/258/00000/dcf1e7e8-690a-4acb-8c43-68304ae48b8a.root 382258 [701,699,698,700]
/store/data/Run2024F/MuonEG/RAW/v1/000/382/258/00000/e0a53906-d842-4096-9662-bd4992697f09.root 382258 [102,104,101,103]
/store/data/Run2024F/MuonEG/RAW/v1/000/382/258/00000/e248e27b-cd4d-445a-8b46-c7b2012ba4a3.root 382258 [582,585,583,584]
/store/data/Run2024F/MuonEG/RAW/v1/000/382/258/00000/e268657c-dd85-4cd0-b894-ffcb86d3b831.root 382258 [598,599,601,600]
/store/data/Run2024F/MuonEG/RAW/v1/000/382/258/00000/e28055c2-8c67-47db-97dd-3fd454e17452.root 382258 [630,631,632,633]
/store/data/Run2024F/MuonEG/RAW/v1/000/382/258/00000/e2d38a90-1235-4f25-a6b7-3a83793928a6.root 382258 [688,687,686,689]
/store/data/Run2024F/MuonEG/RAW/v1/000/382/258/00000/e2fbda5b-e2e7-4974-a134-09c76b942da1.root 382258 [596,597,595,594]
/store/data/Run2024F/MuonEG/RAW/v1/000/382/258/00000/e3fb8409-130c-40fb-a5c4-977b00aa9478.root 382258 [767,769,770,768]
/store/data/Run2024F/MuonEG/RAW/v1/000/382/258/00000/e49c60bb-376b-4cfb-9cc7-22e16608b536.root 382258 [716,717,714,715]
/store/data/Run2024F/MuonEG/RAW/v1/000/382/258/00000/e4c6c19e-7951-495b-8ce3-46930d00db6f.root 382258 [211,213,212,214]
/store/data/Run2024F/MuonEG/RAW/v1/000/382/258/00000/e4f8b38d-1b8c-4347-9964-3b0b779e1e3f.root 382258 [276,274,275,277]
/store/data/Run2024F/MuonEG/RAW/v1/000/382/258/00000/e5278962-a19f-421b-87cd-716dab8197cd.root 382258 [166,164,165]
/store/data/Run2024F/MuonEG/RAW/v1/000/382/258/00000/e70d25e6-aa4e-4773-a499-fa22f8ea8cf0.root 382258 [341,338,340,339]
/store/data/Run2024F/MuonEG/RAW/v1/000/382/258/00000/ea892a32-c1f8-4a5b-8fa8-8dff5f89ec46.root 382258 [1021,1015,1018,1019,1020,1016,1017]
/store/data/Run2024F/MuonEG/RAW/v1/000/382/258/00000/ec4d5c81-d49d-40da-84fe-d2a0ba9949ec.root 382258 [90,87,88,89]
/store/data/Run2024F/MuonEG/RAW/v1/000/382/258/00000/edc99c25-02ae-46d5-8cfa-db57f1eab392.root 382258 [1050,1049,1043,1044,1046,1047,1045,1048]
/store/data/Run2024F/MuonEG/RAW/v1/000/382/258/00000/f151aca3-35e2-4a06-aad3-ae0fbebab2c7.root 382258 [1029,1033,1030,1032,1035,1031,1034]
/store/data/Run2024F/MuonEG/RAW/v1/000/382/258/00000/f17425d3-1448-4bed-826f-d2578d615d7d.root 382258 [255,256,257,258]
/store/data/Run2024F/MuonEG/RAW/v1/000/382/258/00000/f1c76d69-fdc5-4467-89d1-bdd3064c06d0.root 382258 [354,357,355,356]
/store/data/Run2024F/MuonEG/RAW/v1/000/382/258/00000/f2706362-a33f-47a0-8489-bc113e068247.root 382258 [308,306,307,309]
/store/data/Run2024F/MuonEG/RAW/v1/000/382/258/00000/f283b201-af6c-4eef-be71-edc02cce0b31.root 382258 [5,6,8,7]
/store/data/Run2024F/MuonEG/RAW/v1/000/382/258/00000/f3e7dfe6-8a0e-436d-a729-c1bde1728544.root 382258 [215,218,216,217]
/store/data/Run2024F/MuonEG/RAW/v1/000/382/258/00000/f52f9d33-b14d-4137-9d08-4334a75084d2.root 382258 [221,219,222,220]
/store/data/Run2024F/MuonEG/RAW/v1/000/382/258/00000/f674ad32-99be-4b74-b89a-03708cb18349.root 382258 [366,367,368,369]
/store/data/Run2024F/MuonEG/RAW/v1/000/382/258/00000/f7ec433e-13d0-43f8-a173-f2fb26ba7896.root 382258 [128,127,129,126]
/store/data/Run2024F/MuonEG/RAW/v1/000/382/258/00000/f8fffd10-3ebf-425c-9b62-1d83f89d294d.root 382258 [63,64,65,66]
/store/data/Run2024F/MuonEG/RAW/v1/000/382/258/00000/f980532f-acb9-452a-874d-20f89c2d32cf.root 382258 [33,34,35]
/store/data/Run2024F/MuonEG/RAW/v1/000/382/258/00000/fa0cd4c6-ff23-4558-beac-5f5b976d97e5.root 382258 [249,250,248,247]
/store/data/Run2024F/MuonEG/RAW/v1/000/382/258/00000/fb1a53e3-303b-4c78-9f29-9555d6a00204.root 382258 [154,155,156,153]
/store/data/Run2024F/MuonEG/RAW/v1/000/382/258/00000/fe5bc731-57b7-4390-acbf-3e49d8a636d3.root 382258 [130,133,132,131]
/store/data/Run2024F/MuonEG/RAW/v1/000/382/258/00000/ff2daa2b-6dff-49e1-83ca-f2919caf2424.root 382258 [1008,1010,1011,1012,1013,1009,1014]
/store/data/Run2024F/MuonEG/RAW/v1/000/382/258/00000/ff81d985-074b-440b-8dd3-df7051b26478.root 382258 [436,434,435,437]
