/store/data/Run2017F/HLTPhysics/RAW/v1/000/305/064/00000/022D3FD7-15B1-E711-AB7A-02163E01A768.root [357,362,369,374,356,359,364,366,371,372,375,377,360,373,368,358,379,370,376,367,378,361,363,365]
/store/data/Run2017F/HLTPhysics/RAW/v1/000/305/064/00000/028615A8-74B1-E711-A6E5-02163E014737.root [733,734,742,745,735,738,739,749,759,764,766,768,746,750,736,744,757,760,737,747,748,755,762,767,769,730,731,741,752,754,763,765,740,751,753,756,758,732,743,761]
/store/data/Run2017F/HLTPhysics/RAW/v1/000/305/064/00000/08D27974-74B1-E711-9D7F-02163E0124BA.root [859,862,879,880,888,892,855,856,861,871,873,883,884,898,864,869,870,872,875,876,877,886,897,857,867,878,858,860,885,889,890,895,896,863,881,865,866,868,874,882,887,894,899,891,893]
/store/data/Run2017F/HLTPhysics/RAW/v1/000/305/064/00000/0CA7C462-76B1-E711-9628-02163E012B3D.root [1235,1240,1254,1274,1218,1224,1234,1242,1249,1256,1259,1222,1225,1229,1231,1233,1241,1245,1248,1251,1258,1268,1272,1217,1237,1244,1247,1255,1223,1227,1246,1257,1260,1271,1273,1275,1216,1221,1228,1230,1232,1238,1243,1250,1252,1253,1262,1264,1269,1219,1220,1239,1261,1263,1267,1226,1236,1265,1266,1270]
/store/data/Run2017F/HLTPhysics/RAW/v1/000/305/064/00000/1C4F5933-04B1-E711-9BC0-02163E01A228.root [77,82,84,85,92,81,89,86,95,88,96,78,80,83,87,90,93,94,79,91]
/store/data/Run2017F/HLTPhysics/RAW/v1/000/305/064/00000/1E9D36A8-1BB1-E711-ABDF-02163E01A6DB.root [554,563,573,551,560,567,568,575,577,556,557,562,553,570,571,580,549,550,558,572,574,555,559,564,579,581,552,561,565,566,569,576,578]
/store/data/Run2017F/HLTPhysics/RAW/v1/000/305/064/00000/1EC21C65-76B1-E711-88E4-02163E01258B.root [1056,1073,1083,1094,1096,1057,1062,1074,1089,1055,1059,1067,1068,1070,1080,1082,1099,1051,1053,1063,1064,1086,1087,1069,1072,1078,1085,1052,1061,1079,1081,1084,1090,1092,1098,1100,1101,1058,1060,1066,1075,1077,1088,1095,1097,1054,1065,1071,1076,1091,1093]
/store/data/Run2017F/HLTPhysics/RAW/v1/000/305/064/00000/20CCEA67-76B1-E711-A59A-02163E011B30.root [1934,1945,1950,1955,1962,1975,1980,1987,1998,1999,2004,1953,1960,1965,1977,1979,1996,2003,1935,1938,1943,1947,1949,1954,1958,1970,1982,1984,1988,1932,1937,1946,1948,1967,1971,1972,1978,2001,2002,1933,1940,1941,1942,1944,1961,1974,1991,1994,1997,2005,1939,1951,1963,1973,1976,1986,1992,2006,1936,1956,1964,1968,1981,1985,1989,1995,2000,1952,1957,1959,1966,1969,1983,1990,1993]
/store/data/Run2017F/HLTPhysics/RAW/v1/000/305/064/00000/2651E71B-72B1-E711-AB34-02163E019E90.root [667,687,688,672,659,666,674,676,684,686,658,660,678,680,685,689,655,661,665,670,683,656,663,668,671,679,681,657,664,669,673,675,682,662,677]
/store/data/Run2017F/HLTPhysics/RAW/v1/000/305/064/00000/288CD6F5-FDB0-E711-B956-02163E0142CA.root [33,26,27,30,37,38,22,29,32,21,24,31,20,23,28,36,25,34,35]
/store/data/Run2017F/HLTPhysics/RAW/v1/000/305/064/00000/2A62BA27-6FB1-E711-B749-02163E01368C.root [652,653,651]
/store/data/Run2017F/HLTPhysics/RAW/v1/000/305/064/00000/324CC02E-11B1-E711-BD9F-02163E01A792.root [338,346,354,339,353,334,340,335,337,349,352,355,336,343,333,342,350,341,344,345,347,348,332,351]
/store/data/Run2017F/HLTPhysics/RAW/v1/000/305/064/00000/346AB876-01B1-E711-BDE4-02163E01A6F0.root [40,41,44,50,53,48,52,56,46,51,43,47,55,42,45,39,49,54]
/store/data/Run2017F/HLTPhysics/RAW/v1/000/305/064/00000/3C4B3983-76B1-E711-9691-02163E01A56C.root [1555,1566,1576,1590,1616,1554,1568,1578,1583,1584,1588,1593,1595,1598,1606,1563,1572,1579,1591,1592,1607,1609,1574,1575,1596,1601,1608,1611,1613,1614,1558,1564,1567,1569,1580,1586,1587,1589,1594,1599,1600,1602,1605,1612,1556,1557,1559,1560,1571,1573,1582,1597,1604,1561,1562,1565,1570,1585,1603,1610,1615,1577,1581]
/store/data/Run2017F/HLTPhysics/RAW/v1/000/305/064/00000/407BB664-0CB1-E711-9BBF-02163E019B83.root [246,244,249,256,259,253,254,257,248,255,241,251,252,245,258,247,240,242,243,250]
/store/data/Run2017F/HLTPhysics/RAW/v1/000/305/064/00000/42C46B52-05B1-E711-886C-02163E019D55.root [116,123,126,134,132,133,115,120,124,117,119,122,131,121,127,130,118,129,125,128,135]
/store/data/Run2017F/HLTPhysics/RAW/v1/000/305/064/00000/44FEF966-76B1-E711-BE8D-02163E0119F4.root [1173,1189,1168,1176,1179,1180,1183,1203,1207,1215,1159,1167,1170,1188,1191,1192,1195,1205,1210,1162,1163,1172,1177,1186,1190,1199,1202,1164,1165,1166,1184,1196,1160,1178,1200,1204,1209,1211,1213,1158,1161,1169,1174,1182,1185,1187,1197,1201,1212,1214,1156,1157,1171,1175,1181,1193,1194,1198,1206,1208]
/store/data/Run2017F/HLTPhysics/RAW/v1/000/305/064/00000/4662F787-74B1-E711-91BE-02163E014471.root [811,823,835,810,820,824,839,845,848,849,851,852,814,815,822,828,830,834,836,843,853,854,813,816,827,829,832,844,812,826,831,837,847,817,821,825,840,842,846,841,850,818,819,833,838]
/store/data/Run2017F/HLTPhysics/RAW/v1/000/305/064/00000/4867B20F-08B1-E711-BA12-02163E01448D.root [143,144,138,140,141,147,148,150,154,155,145,142,139,151,137,146,149,152,136,153]
/store/data/Run2017F/HLTPhysics/RAW/v1/000/305/064/00000/54D42745-16B1-E711-B9EE-02163E019E25.root [432,434,438,439,447,454,448,451,436,435,444,459,437,442,445,449,458,440,452,456,441,443,453,455,457,433,446,450]
/store/data/Run2017F/HLTPhysics/RAW/v1/000/305/064/00000/564B0CFF-76B1-E711-ACAC-02163E01A1E7.root [2014,2021,2030,2035,2049,2056,2008,2018,2022,2040,2043,2046,2055,2015,2019,2027,2034,2052,2007,2013,2020,2024,2044,2047,2048,2010,2009,2025,2031,2036,2038,2039,2041,2053,2012,2016,2017,2026,2029,2032,2033,2037,2023,2028,2042,2045,2050,2051,2011,2054]
/store/data/Run2017F/HLTPhysics/RAW/v1/000/305/064/00000/5C33C3E1-1CB1-E711-8BBA-02163E011AE6.root [593,594,595,598,606,592,603,605,607,609,582,586,591,597,604,613,583,589,590,602,599,600,601,612,585,587,588,611,584,596,610,614,608]
/store/data/Run2017F/HLTPhysics/RAW/v1/000/305/064/00000/5E1EB994-0EB1-E711-91CD-02163E01A4C6.root [262,266,268,273,271,280,283,263,264,281,282,276,278,265,267,269,274,275,277,272,261,260,270,279]
/store/data/Run2017F/HLTPhysics/RAW/v1/000/305/064/00000/6058C0D7-19B1-E711-B05D-02163E013649.root [495,501,516,493,497,498,514,509,489,494,502,504,506,508,490,511,512,496,499,507,510,491,492,500,503,505,513,515]
/store/data/Run2017F/HLTPhysics/RAW/v1/000/305/064/00000/60A4DD6B-76B1-E711-8342-02163E013892.root [1404,1451,1461,1467,1469,1475,1407,1416,1428,1431,1435,1445,1466,1408,1409,1413,1437,1450,1453,1455,1456,1462,1464,1470,1473,1414,1418,1426,1427,1459,1474,1421,1434,1438,1439,1441,1449,1458,1465,1412,1420,1424,1425,1433,1440,1446,1448,1454,1457,1471,1472,1405,1406,1411,1423,1429,1432,1442,1443,1444,1447,1452,1468,1410,1415,1417,1419,1422,1430,1436,1460,1463,1476]
/store/data/Run2017F/HLTPhysics/RAW/v1/000/305/064/00000/6878F8C4-08B1-E711-890D-02163E019E1D.root [159,166,160,170,174,161,168,156,157,162,163,164,171,173,167,169,175,158,165,172]
/store/data/Run2017F/HLTPhysics/RAW/v1/000/305/064/00000/6C78AA7D-76B1-E711-8675-02163E019C5D.root [1342,1348,1352,1364,1390,1402,1403,1339,1349,1362,1363,1369,1373,1380,1394,1338,1343,1355,1357,1361,1367,1370,1374,1377,1378,1383,1398,1344,1353,1360,1368,1371,1372,1375,1376,1379,1386,1389,1395,1396,1397,1351,1381,1385,1388,1399,1400,1346,1347,1350,1354,1356,1358,1359,1387,1340,1365,1384,1391,1393,1341,1345,1366,1382,1392,1401]
/store/data/Run2017F/HLTPhysics/RAW/v1/000/305/064/00000/72D60D3B-6FB1-E711-B1E8-02163E019C89.root [621,626,637,642,648,617,619,635,636,639,646,620,624,625,641,632,633,643,645,628,631,634,615,627,630,638,616,622,629,644,618,623,640,647,649,650]
/store/data/Run2017F/HLTPhysics/RAW/v1/000/305/064/00000/74F4778B-76B1-E711-AE63-02163E01A6EE.root [1813,1816,1819,1839,1857,1805,1807,1820,1821,1831,1842,1848,1799,1814,1817,1825,1836,1851,1853,1861,1802,1804,1809,1822,1832,1835,1838,1849,1858,1800,1801,1803,1810,1812,1828,1846,1847,1806,1815,1834,1843,1845,1852,1824,1827,1829,1830,1841,1850,1854,1855,1859,1808,1811,1818,1823,1826,1833,1837,1840,1844,1856,1860]
/store/data/Run2017F/HLTPhysics/RAW/v1/000/305/064/00000/76AEEA59-74B1-E711-8C94-02163E01A771.root [692,695,707,690,701,704,705,708,723,703,710,711,719,694,696,702,709,714,724,728,691,716,718,721,725,697,698,699,706,715,717,729,700,713,726,693,712,720,722,727]
/store/data/Run2017F/HLTPhysics/RAW/v1/000/305/064/00000/7EC80985-76B1-E711-B203-02163E011910.root [1863,1864,1865,1871,1912,1915,1917,1931,1867,1869,1870,1886,1896,1902,1913,1920,1866,1888,1891,1903,1904,1921,1929,1930,1875,1877,1880,1881,1894,1911,1919,1927,1882,1889,1908,1925,1862,1868,1876,1885,1887,1893,1899,1907,1910,1916,1918,1922,1872,1879,1883,1890,1897,1898,1900,1901,1906,1909,1923,1924,1873,1874,1878,1884,1892,1895,1905,1914,1926,1928]
/store/data/Run2017F/HLTPhysics/RAW/v1/000/305/064/00000/8292C2AB-0FB1-E711-8793-02163E0140FA.root [296,299,304,284,287,293,306,286,300,303,285,289,295,302,291,292,294,297,298,301,288,290,305,307]
/store/data/Run2017F/HLTPhysics/RAW/v1/000/305/064/00000/8C859FCF-FDB0-E711-81BF-02163E0142FF.root [12,16,17,1,13,15,19,4,11,6,18,3,8,10,5,14,2,7,9]
/store/data/Run2017F/HLTPhysics/RAW/v1/000/305/064/00000/92B1DABD-15B1-E711-9CCE-02163E0145E8.root [404,406,407,410,422,417,424,428,405,426,429,411,414,415,416,420,423,408,413,418,421,430,409,427,431,412,419,425]
/store/data/Run2017F/HLTPhysics/RAW/v1/000/305/064/00000/A2151D65-76B1-E711-875C-02163E01A39C.root [1276,1281,1291,1308,1310,1311,1317,1320,1327,1334,1285,1295,1298,1326,1330,1335,1336,1279,1287,1290,1292,1299,1304,1319,1321,1328,1329,1333,1300,1313,1325,1331,1332,1337,1278,1293,1296,1306,1312,1314,1322,1323,1282,1286,1288,1309,1318,1277,1289,1294,1297,1302,1305,1307,1280,1283,1284,1301,1303,1315,1316,1324]
/store/data/Run2017F/HLTPhysics/RAW/v1/000/305/064/00000/A67629AD-17B1-E711-9E06-02163E01A3E3.root [464,469,484,460,467,471,472,478,488,465,473,479,483,468,487,461,482,463,476,477,486,462,466,470,474,475,485,480,481]
/store/data/Run2017F/HLTPhysics/RAW/v1/000/305/064/00000/A6AB9FAA-0FB1-E711-96BB-02163E0137BC.root [315,318,321,324,327,329,325,326,313,328,331,316,320,308,311,312,317,319,323,330,309,310,314,322]
/store/data/Run2017F/HLTPhysics/RAW/v1/000/305/064/00000/BA6AF9D3-09B1-E711-912D-02163E014730.root [180,193,194,195,176,181,192,183,188,189,190,177,179,178,184,185,191,186,182,187]
/store/data/Run2017F/HLTPhysics/RAW/v1/000/305/064/00000/BE62327A-74B1-E711-9357-02163E019DB0.root [784,788,793,798,806,771,776,787,790,797,800,801,803,804,772,773,791,792,796,805,774,786,802,808,780,794,795,777,779,781,799,807,775,778,783,785,789,770,782,809]
/store/data/Run2017F/HLTPhysics/RAW/v1/000/305/064/00000/C0498D89-76B1-E711-AE4D-02163E01A512.root [1739,1745,1748,1753,1765,1778,1779,1780,1782,1786,1787,1736,1737,1740,1741,1744,1761,1783,1754,1771,1789,1795,1742,1747,1752,1757,1767,1777,1781,1797,1798,1751,1758,1759,1774,1776,1784,1788,1796,1755,1763,1766,1769,1772,1790,1791,1738,1750,1756,1760,1762,1785,1792,1793,1794,1743,1746,1749,1764,1768,1770,1773,1775]
/store/data/Run2017F/HLTPhysics/RAW/v1/000/305/064/00000/C64703B7-15B1-E711-981F-02163E019DAE.root [384,392,402,391,400,380,385,390,397,398,386,387,381,396,401,403,382,395,399,383,388,389,393,394]
/store/data/Run2017F/HLTPhysics/RAW/v1/000/305/064/00000/C6DD4160-74B1-E711-ACC4-02163E012191.root [957,962,969,994,995,997,988,990,993,1000,959,965,967,984,952,953,958,972,973,989,998,951,956,963,964,970,974,977,979,981,999,954,968,975,978,985,950,955,961,980,982,987,991,996,960,966,971,976,983,986,992]
/store/data/Run2017F/HLTPhysics/RAW/v1/000/305/064/00000/CCEF5395-01B1-E711-ACB3-02163E019E8A.root [73,58,75,60,68,57,59,62,64,66,69,71,76,65,74,61,63,70,67,72]
/store/data/Run2017F/HLTPhysics/RAW/v1/000/305/064/00000/D014E8AA-74B1-E711-B6B8-02163E01A471.root [1016,1024,1035,1039,1041,1043,1044,1046,1047,1006,1012,1028,1033,1050,1013,1017,1030,1031,1001,1003,1019,1027,1014,1015,1022,1048,1007,1008,1011,1020,1021,1026,1036,1004,1009,1010,1018,1023,1025,1029,1032,1034,1037,1040,1042,1002,1005,1038,1045,1049]
/store/data/Run2017F/HLTPhysics/RAW/v1/000/305/064/00000/D0280052-74B1-E711-9D67-02163E0136FE.root [911,912,913,914,932,936,937,942,946,949,908,918,930,943,945,904,909,925,934,905,922,928,947,902,910,915,920,929,939,948,903,921,924,935,940,900,917,919,923,927,931,933,944,901,906,907,916,926,938,941]
/store/data/Run2017F/HLTPhysics/RAW/v1/000/305/064/00000/D68EFE6C-76B1-E711-A298-02163E01375A.root [1485,1499,1507,1512,1529,1539,1548,1552,1478,1479,1498,1513,1515,1517,1532,1536,1546,1481,1486,1496,1497,1521,1528,1534,1542,1544,1551,1482,1483,1489,1490,1493,1494,1504,1508,1510,1525,1531,1543,1545,1547,1488,1492,1501,1516,1535,1537,1538,1540,1480,1484,1487,1502,1506,1511,1523,1524,1526,1527,1477,1491,1509,1514,1518,1522,1530,1533,1541,1549,1550,1495,1500,1503,1505,1519,1520,1553]
/store/data/Run2017F/HLTPhysics/RAW/v1/000/305/064/00000/DCE1C1DB-09B1-E711-8065-02163E014542.root [199,212,200,204,206,211,196,198,213,197,202,208,205,209,214,215,210,203,201,207]
/store/data/Run2017F/HLTPhysics/RAW/v1/000/305/064/00000/E02F2F91-76B1-E711-A362-02163E01A3B8.root [1623,1634,1639,1650,1659,1670,1621,1632,1645,1652,1663,1672,1620,1618,1624,1625,1629,1638,1640,1656,1622,1627,1633,1653,1669,1617,1626,1641,1644,1646,1648,1651,1658,1665,1637,1643,1647,1649,1661,1662,1671,1630,1636,1642,1654,1657,1660,1664,1668,1619,1628,1631,1635,1655,1666,1667]
/store/data/Run2017F/HLTPhysics/RAW/v1/000/305/064/00000/E459DC74-76B1-E711-AA06-02163E013409.root [1682,1691,1694,1678,1703,1707,1715,1718,1725,1731,1734,1735,1674,1679,1680,1687,1697,1700,1706,1712,1714,1726,1728,1729,1677,1683,1702,1709,1716,1723,1724,1686,1688,1692,1693,1701,1710,1711,1717,1720,1722,1727,1675,1684,1696,1698,1704,1721,1733,1673,1685,1695,1699,1705,1713,1719,1730,1676,1681,1689,1690,1708,1732]
/store/data/Run2017F/HLTPhysics/RAW/v1/000/305/064/00000/E656ADF8-09B1-E711-8F0A-02163E019CCC.root [232,234,218,223,226,227,239,219,221,235,220,231,216,222,236,238,217,224,228,230,237,225,229,233]
/store/data/Run2017F/HLTPhysics/RAW/v1/000/305/064/00000/F00B350D-04B1-E711-BB79-02163E019B9F.root [108,110,97,98,105,109,113,100,101,102,103,106,114,99,107,112,104,111]
/store/data/Run2017F/HLTPhysics/RAW/v1/000/305/064/00000/F6863CCC-1BB1-E711-8728-02163E011F14.root [521,522,531,548,520,524,526,529,530,547,519,527,534,538,517,523,539,540,541,542,544,546,518,525,536,543,528,532,533,535,537,545]
/store/data/Run2017F/HLTPhysics/RAW/v1/000/305/064/00000/F84FB762-76B1-E711-882A-02163E0144C9.root [1115,1120,1131,1133,1135,1136,1141,1145,1108,1112,1119,1122,1124,1128,1105,1109,1114,1123,1126,1137,1138,1143,1146,1148,1154,1111,1140,1149,1155,1103,1110,1118,1125,1132,1144,1152,1116,1121,1150,1151,1102,1127,1139,1142,1147,1153,1104,1106,1107,1113,1117,1129,1130,1134]
