/store/data/Run2024E/DisplacedJet/RAW/v1/000/381/384/00000/00465cbb-9942-4a8d-8406-371d2167f92a.root 381384 [2171,2178,2176,2173,2177,2172,2175,2170,2174]
/store/data/Run2024E/DisplacedJet/RAW/v1/000/381/384/00000/0160985f-45f7-49e4-8c7d-68558b1707af.root 381384 [294]
/store/data/Run2024E/DisplacedJet/RAW/v1/000/381/384/00000/01f97ef4-4de1-4c7a-8037-16d99f0cac9a.root 381384 [918,919]
/store/data/Run2024E/DisplacedJet/RAW/v1/000/381/384/00000/022b7281-a582-42f5-b618-596361a34cdc.root 381384 [701]
/store/data/Run2024E/DisplacedJet/RAW/v1/000/381/384/00000/02612dbe-eb71-420e-bba5-981183766d88.root 381384 [776]
/store/data/Run2024E/DisplacedJet/RAW/v1/000/381/384/00000/0262e3c6-b222-429b-a638-f6270e923212.root 381384 [128]
/store/data/Run2024E/DisplacedJet/RAW/v1/000/381/384/00000/02c0a6fd-9198-413f-9a1d-ccad32327cb5.root 381384 [535]
/store/data/Run2024E/DisplacedJet/RAW/v1/000/381/384/00000/02fcd8a8-98c8-4ad7-8d4a-e75a19e57354.root 381384 [378]
/store/data/Run2024E/DisplacedJet/RAW/v1/000/381/384/00000/036eb627-dc07-41ac-8223-badb711ac4f5.root 381384 [202]
/store/data/Run2024E/DisplacedJet/RAW/v1/000/381/384/00000/037e7f5f-8934-41a9-8cdc-21c9495d2a6b.root 381384 [3170,3179,3166,3178,3182,3183,3184,3168,3175,3187,3169,3171,3172,3173,3174,3176,3185,3186,3177,3180,3167,3181]
/store/data/Run2024E/DisplacedJet/RAW/v1/000/381/384/00000/0389e0bc-9f2f-455c-9e0e-93151e76b151.root 381384 [784]
/store/data/Run2024E/DisplacedJet/RAW/v1/000/381/384/00000/0396a3a3-2212-468b-88fc-4b52a2a2d59d.root 381384 [164]
/store/data/Run2024E/DisplacedJet/RAW/v1/000/381/384/00000/03c75f99-5099-48c7-9ffb-6f84ede4f276.root 381384 [546]
/store/data/Run2024E/DisplacedJet/RAW/v1/000/381/384/00000/04a4eda9-f1b0-4cae-b133-f43aa4198779.root 381384 [897]
/store/data/Run2024E/DisplacedJet/RAW/v1/000/381/384/00000/04c412c3-a738-4773-a4db-e6165b27dde0.root 381384 [616]
/store/data/Run2024E/DisplacedJet/RAW/v1/000/381/384/00000/0507922b-90d6-4f84-942a-c7932fc4207c.root 381384 [1808,1810,1811,1809,1812,1813]
/store/data/Run2024E/DisplacedJet/RAW/v1/000/381/384/00000/0556d477-0dd3-4673-ada2-f85e40e6a01b.root 381384 [2721,2726,2723,2727,2728,2720,2714,2715,2718,2725,2716,2717,2724,2719,2722]
/store/data/Run2024E/DisplacedJet/RAW/v1/000/381/384/00000/05ae5dda-8c70-416a-8208-45f1fa90a10a.root 381384 [459]
/store/data/Run2024E/DisplacedJet/RAW/v1/000/381/384/00000/05f42c2e-dd11-4672-bc24-bbbcd46b59ad.root 381384 [863]
/store/data/Run2024E/DisplacedJet/RAW/v1/000/381/384/00000/06472cb2-65a3-48c6-8415-1ea550d4593a.root 381384 [937,938]
/store/data/Run2024E/DisplacedJet/RAW/v1/000/381/384/00000/065f553c-fc7e-4f9a-a29d-a367ddf34eb4.root 381384 [772]
/store/data/Run2024E/DisplacedJet/RAW/v1/000/381/384/00000/06910230-9465-41c8-b769-15d7994e0108.root 381384 [862]
/store/data/Run2024E/DisplacedJet/RAW/v1/000/381/384/00000/06a37bd1-4b61-41a3-a514-49ec21a6c5ee.root 381384 [855]
/store/data/Run2024E/DisplacedJet/RAW/v1/000/381/384/00000/06b8fbe2-7ee2-4c54-9740-162bdacb5492.root 381384 [179]
/store/data/Run2024E/DisplacedJet/RAW/v1/000/381/384/00000/06c52b76-462f-43bb-9734-f1709af9a8cc.root 381384 [714]
/store/data/Run2024E/DisplacedJet/RAW/v1/000/381/384/00000/075512a7-3d3c-4989-a95a-52da26912f9c.root 381384 [465]
/store/data/Run2024E/DisplacedJet/RAW/v1/000/381/384/00000/08516071-a6ad-4f30-a285-3290ecf42849.root 381384 [1148,1147,1149]
/store/data/Run2024E/DisplacedJet/RAW/v1/000/381/384/00000/085eee18-214d-4c4f-93d2-a2e0277dfef8.root 381384 [622]
/store/data/Run2024E/DisplacedJet/RAW/v1/000/381/384/00000/0862d1da-b802-4dec-bbc2-c123edc41fb1.root 381384 [2089,2092,2093,2090,2088,2095,2091,2094,2096]
/store/data/Run2024E/DisplacedJet/RAW/v1/000/381/384/00000/0887805a-c5d1-483d-b944-1758e486d8e4.root 381384 [1205,1206,1204]
/store/data/Run2024E/DisplacedJet/RAW/v1/000/381/384/00000/0890afa7-031a-49b8-a2f2-8aae03df9c66.root 381384 [243]
/store/data/Run2024E/DisplacedJet/RAW/v1/000/381/384/00000/08cbffce-72bf-4278-a20b-043a1909cac9.root 381384 [786]
/store/data/Run2024E/DisplacedJet/RAW/v1/000/381/384/00000/09281073-8810-41e2-b4ec-97ea132ac7e8.root 381384 [1834,1832,1833,1835,1837,1836]
/store/data/Run2024E/DisplacedJet/RAW/v1/000/381/384/00000/092f09f9-0116-44de-87d2-6092c47803fd.root 381384 [908,909]
/store/data/Run2024E/DisplacedJet/RAW/v1/000/381/384/00000/0966fe11-3925-483a-9a35-992be70434d4.root 381384 [440]
/store/data/Run2024E/DisplacedJet/RAW/v1/000/381/384/00000/09a49634-65de-4db3-8fc8-5c8d873e75ea.root 381384 [3430,3441,3444,3445,3448,3428,3433,3436,3450,3453,3431,3432,3440,3447,3434,3437,3439,3442,3446,3452,3435,3451,3429,3438,3443,3449]
/store/data/Run2024E/DisplacedJet/RAW/v1/000/381/384/00000/0a741cc5-4a58-4e8f-a45d-f34469d967da.root 381384 [211]
/store/data/Run2024E/DisplacedJet/RAW/v1/000/381/384/00000/0a856a8b-7dd5-4768-88a7-d07d9478919f.root 381384 [699]
/store/data/Run2024E/DisplacedJet/RAW/v1/000/381/384/00000/0b0c335b-cd64-4c11-95d9-28708f0df11f.root 381384 [718]
/store/data/Run2024E/DisplacedJet/RAW/v1/000/381/384/00000/0b0cea53-736f-418a-a956-083efe466cc7.root 381384 [236]
/store/data/Run2024E/DisplacedJet/RAW/v1/000/381/384/00000/0b214b78-1bb2-4e0b-9eb1-0f547b35b635.root 381384 [444]
/store/data/Run2024E/DisplacedJet/RAW/v1/000/381/384/00000/0b3cf595-43a0-4dec-bf13-98d7dcc9da15.root 381384 [436]
/store/data/Run2024E/DisplacedJet/RAW/v1/000/381/384/00000/0beb9965-5c97-49e2-81a0-bb7d543d5eef.root 381384 [1172,1173,1171]
/store/data/Run2024E/DisplacedJet/RAW/v1/000/381/384/00000/0c5a6fb9-8822-40ef-9faf-d3c716e1ed7e.root 381384 [2439,2435,2440,2433,2438,2431,2430,2432,2434,2436,2429,2437]
/store/data/Run2024E/DisplacedJet/RAW/v1/000/381/384/00000/0cd77a8f-9192-45c7-b3b7-e5cc8eb46124.root 381384 [455]
/store/data/Run2024E/DisplacedJet/RAW/v1/000/381/384/00000/0d1c18fc-bf0b-4aa8-9039-0da6b6d65f5b.root 381384 [2104,2100,2098,2099,2102,2097,2103,2105,2101]
/store/data/Run2024E/DisplacedJet/RAW/v1/000/381/384/00000/0d7bd561-a33a-4a9c-88fe-1d636eaa2f15.root 381384 [804]
/store/data/Run2024E/DisplacedJet/RAW/v1/000/381/384/00000/0db9db3b-c548-4135-9759-9cde229f40f5.root 381384 [1970,1974,1969,1971,1972,1973]
/store/data/Run2024E/DisplacedJet/RAW/v1/000/381/384/00000/0dd6cd6d-d603-4cd6-b886-f52ec5ba3bc1.root 381384 [3272,3264,3276,3255,3277,3259,3265,3275,3256,3257,3258,3267,3269,3273,3274,3278,3260,3261,3262,3263,3266,3268,3270,3271]
/store/data/Run2024E/DisplacedJet/RAW/v1/000/381/384/00000/0ddba45d-1957-4455-afdf-985e62c4807a.root 381384 [324]
/store/data/Run2024E/DisplacedJet/RAW/v1/000/381/384/00000/0de5e38a-18e0-4d1e-9e22-97281c71ed7f.root 381384 [607]
/store/data/Run2024E/DisplacedJet/RAW/v1/000/381/384/00000/0de88f51-110c-4c82-a761-286b3746e33e.root 381384 [1020,1019]
/store/data/Run2024E/DisplacedJet/RAW/v1/000/381/384/00000/0e0fd418-b5a1-44ee-8d44-52b26c42e530.root 381384 [482]
/store/data/Run2024E/DisplacedJet/RAW/v1/000/381/384/00000/0e5b4450-2f08-401f-aae8-69b9601826bf.root 381384 [167]
/store/data/Run2024E/DisplacedJet/RAW/v1/000/381/384/00000/0e7b7dab-e28b-4953-897a-980e33c37cd0.root 381384 [1187,1186,1188]
/store/data/Run2024E/DisplacedJet/RAW/v1/000/381/384/00000/0ea88d71-47c4-4cd4-9297-5f8ac1c447c8.root 381384 [379]
/store/data/Run2024E/DisplacedJet/RAW/v1/000/381/384/00000/0ec4fd63-5e25-4df1-9b6f-9b21a881fb83.root 381384 [386]
/store/data/Run2024E/DisplacedJet/RAW/v1/000/381/384/00000/0f0d238b-6f8f-4179-a14f-a005ca1bac9f.root 381384 [84,85]
/store/data/Run2024E/DisplacedJet/RAW/v1/000/381/384/00000/0f32b58c-87cf-4c27-b686-41da7599d988.root 381384 [578]
/store/data/Run2024E/DisplacedJet/RAW/v1/000/381/384/00000/0f63f6ec-97a4-4e24-9674-938c0b8c2cb2.root 381384 [429]
/store/data/Run2024E/DisplacedJet/RAW/v1/000/381/384/00000/0f97d6c3-223b-4422-985d-4f48b573fe91.root 381384 [688]
/store/data/Run2024E/DisplacedJet/RAW/v1/000/381/384/00000/0f9877c1-873a-4d88-b4de-4141617152c5.root 381384 [2222,2216,2218,2219,2215,2221,2217,2220,2223]
/store/data/Run2024E/DisplacedJet/RAW/v1/000/381/384/00000/0f992ee7-ea05-4c3a-83ac-b7094c0c2789.root 381384 [485]
/store/data/Run2024E/DisplacedJet/RAW/v1/000/381/384/00000/0f9cdd8f-1d97-4c58-8d4c-0fd70773852e.root 381384 [229]
/store/data/Run2024E/DisplacedJet/RAW/v1/000/381/384/00000/0fb969a7-8368-4885-b2eb-9f7b8a68caa9.root 381384 [1180,1182,1181]
/store/data/Run2024E/DisplacedJet/RAW/v1/000/381/384/00000/0fbcb5b3-f57d-4a2d-9025-8c0bb1de107a.root 381384 [1104,1105]
/store/data/Run2024E/DisplacedJet/RAW/v1/000/381/384/00000/0fd00c5a-c146-4b01-9694-90eb80395484.root 381384 [114]
/store/data/Run2024E/DisplacedJet/RAW/v1/000/381/384/00000/1043b294-2634-44c1-a786-7a90406ff4f6.root 381384 [675]
/store/data/Run2024E/DisplacedJet/RAW/v1/000/381/384/00000/10c624a8-399a-4f4b-b637-c5ad2a9efee0.root 381384 [848]
/store/data/Run2024E/DisplacedJet/RAW/v1/000/381/384/00000/1131c17b-5524-4e93-b02c-2f5342d5a003.root 381384 [758]
/store/data/Run2024E/DisplacedJet/RAW/v1/000/381/384/00000/113e416d-36fd-4a35-80fc-551f118aab46.root 381384 [2047,2045,2048,2050,2046,2049,2052,2044,2051]
/store/data/Run2024E/DisplacedJet/RAW/v1/000/381/384/00000/11a22fbc-4f92-4074-b3c5-614c5e15901e.root 381384 [606]
/store/data/Run2024E/DisplacedJet/RAW/v1/000/381/384/00000/12672a97-8ecf-496d-a933-736661f07005.root 381384 [1768,1771,1766,1767,1770,1769]
/store/data/Run2024E/DisplacedJet/RAW/v1/000/381/384/00000/12812887-a11c-4e9a-a052-6ab17fdc861e.root 381384 [335]
/store/data/Run2024E/DisplacedJet/RAW/v1/000/381/384/00000/12bcd4fa-ac01-4c1a-b700-c6cd657432b8.root 381384 [1440,1441,1439,1442]
/store/data/Run2024E/DisplacedJet/RAW/v1/000/381/384/00000/12c2da9a-5008-4531-8298-944444711452.root 381384 [840]
/store/data/Run2024E/DisplacedJet/RAW/v1/000/381/384/00000/12d47e2c-aeee-49aa-a79b-0a93f68cfb4d.root 381384 [936,935]
/store/data/Run2024E/DisplacedJet/RAW/v1/000/381/384/00000/12d4bdac-0246-4f9f-99d4-5a12e7e14463.root 381384 [774]
/store/data/Run2024E/DisplacedJet/RAW/v1/000/381/384/00000/130b4ada-5d73-4d60-a586-4a65c25dd955.root 381384 [532]
/store/data/Run2024E/DisplacedJet/RAW/v1/000/381/384/00000/13143537-7291-499f-b8ac-ef17a751f7ff.root 381384 [1232,1233,1234]
/store/data/Run2024E/DisplacedJet/RAW/v1/000/381/384/00000/13229028-9ee3-4c4c-9435-3d9dcce9115d.root 381384 [2306,2303,2301,2302,2300,2304,2305,2307]
/store/data/Run2024E/DisplacedJet/RAW/v1/000/381/384/00000/137b613b-0e2c-4fa8-b4fd-2a0019e7687b.root 381384 [959,958]
/store/data/Run2024E/DisplacedJet/RAW/v1/000/381/384/00000/13921db1-189c-4c16-ab0a-6f6fca255f22.root 381384 [664]
/store/data/Run2024E/DisplacedJet/RAW/v1/000/381/384/00000/13b73094-9688-4721-a2ed-0c999074115f.root 381384 [538]
/store/data/Run2024E/DisplacedJet/RAW/v1/000/381/384/00000/13bdfa98-ae83-463b-8ce0-459c264a737b.root 381384 [1445,1444,1446,1443]
/store/data/Run2024E/DisplacedJet/RAW/v1/000/381/384/00000/13cb144c-3eb5-4b99-be8c-5e47dd925231.root 381384 [1238,1239,1240]
/store/data/Run2024E/DisplacedJet/RAW/v1/000/381/384/00000/14184b16-f6bb-4259-94a7-046ff0a7ddda.root 381384 [527]
/store/data/Run2024E/DisplacedJet/RAW/v1/000/381/384/00000/1421330a-932b-4900-90a9-adf81408378d.root 381384 [2293,2296,2297,2295,2299,2292,2294,2290,2291,2298]
/store/data/Run2024E/DisplacedJet/RAW/v1/000/381/384/00000/143ae92d-c217-4da0-8088-4fbf4db945b8.root 381384 [778]
/store/data/Run2024E/DisplacedJet/RAW/v1/000/381/384/00000/1447022d-7e59-4ad2-9169-49449349ebfa.root 381384 [104]
/store/data/Run2024E/DisplacedJet/RAW/v1/000/381/384/00000/14997d21-7cb7-43a4-9a55-3bff9e3093f5.root 381384 [631]
/store/data/Run2024E/DisplacedJet/RAW/v1/000/381/384/00000/14ac97b5-f395-42ee-831a-a9ddd9a15b8c.root 381384 [763]
/store/data/Run2024E/DisplacedJet/RAW/v1/000/381/384/00000/14d4b56b-c455-4e99-b602-e3362cf9d306.root 381384 [162]
/store/data/Run2024E/DisplacedJet/RAW/v1/000/381/384/00000/14d72373-b526-4dcd-b081-48bdf507e6ec.root 381384 [1253,1254,1255]
/store/data/Run2024E/DisplacedJet/RAW/v1/000/381/384/00000/14e0660b-abeb-44f9-aa55-4b22a94c01c6.root 381384 [1303,1302,1304]
/store/data/Run2024E/DisplacedJet/RAW/v1/000/381/384/00000/15099298-e366-40d4-a287-d301fd43939e.root 381384 [1900,1901,1903,1904,1899,1902]
/store/data/Run2024E/DisplacedJet/RAW/v1/000/381/384/00000/150af1ac-a4c8-49aa-b170-28119eaf97c9.root 381384 [792]
/store/data/Run2024E/DisplacedJet/RAW/v1/000/381/384/00000/156caa60-3dc9-45e7-ac96-89310d702250.root 381384 [397]
/store/data/Run2024E/DisplacedJet/RAW/v1/000/381/384/00000/1578dc32-1442-47f9-834f-740f94b7ed2b.root 381384 [1609,1608,1610,1611]
/store/data/Run2024E/DisplacedJet/RAW/v1/000/381/384/00000/159d3b6d-a4fb-4847-87c6-9ed8298066f9.root 381384 [696]
