355797
355798
355802
355803
355804
355805
355808
355819
355820
355824
355825
355827
355832
355833
355835
355840
355846
355847
355848
355849
355851
355854
355855
355856
355857
355858
355859
355860
355861
355866
355867
355868
355873
355874
355875
355877
355879
355881
355888
355895
355896
355897
355898
355905
355908
355911
355914
355915
355916
355917
355918
355920
355923
355924
355925
355929
355930
355931
355932
355934
355935
355936
355937
355938
355944
355948
355957
355959
355960
355961
355962
355963
355965
355967
355968
355969
355970
355971
355972
355973
355974
355975
355977
355978
355979
355980
355981
355982
355984
355987
356007
356009
356014
356017
356022
356024
356026
356027
356028
356029
356034
356039
356040
356049
356050
356054
356055
356056
356057
356058
356059
356063
356064
356065
356066
356067
356068
356069
356070
356079
356080
356084
356085
356087
356088
356090
356093
356102
356103
356105
356107
356112
356113
356114
356123
356127
356133
356134
356136
356138
356139
356140
356143
356146
356150
356153
356155
356180
356181
356182
356183
356185
356186
356187
356188
356189
356190
356191
356193
356201
356205
356210
356215
356221
356222
356225
356228
356232
356233
356234
356235
356236
356239
356242
356245
356247
356250
356251
356252
356255
356259
356261
356263
356268
356274
356279
356280
356282
356288
356289
356293
356300
356301
356307
356308
356311
356312
356313
356314
356318
356320
356324
356325
356326
356331
356333
356336
356338
356345
356347
356349
356350
356354
356356
356357
356359
356361
356362
356364
356366
356372
356374
356388
356389
356390
356392
356397
356400
356404
356416
356422
356423
356424
356438
356443
356444
356447
356448
356450
356451
356452
356453
356454
356458
356460
356462
356463
356464
356482
356484
356485
356487
356490
356492
356493
356495
356497
356498
356502
356506
356507
356508
356509
356510
356511
356514
356519
356520
356532
356535
356537
356541
356542
356545
356551
356562
356564
356566
356567
356571
356572
356574
356589
356599
356610
356611
356622
356625
356626
356628
356635
356636
356638
356668
356676
356678
356681
356695
356696
356697
356698
356701
356704
356705
356706
356711
356712
356713
356714
356718
356724
356730
356733
356735
356737
356739
356743
356747
356756
356759
356760
356773
356777
356778
356781
356783
356786
356795
356798
356799
356801
356802
356803
356805
356808
356809
356827
356830
356834
356841
356842
356844
356845
356846
356850
356851
356852
356864
356865
356868
356869
356881
356886
356887
356889
356890
356891
356895
356915
356916
356917
356921
356922
356923
356924
356925
356927
356931
356932
356933
356938
356939
356940
356941
356957
356967
356978
356982
356985
356988
356991
356993
356994
356995
356996
357014
357022
357023
357026
357027
357029
357030
357032
357034
357036
357037
357044
357050
357051
357052
357055
357056
357057
357062
357063
357065
357068
357069
357072
357075
357083
357084
357085
357087
357088
357089
357091
357117
357118
357119
357121
357123
357124
357154
357194
357203
357206
357210
357216
357220
357222
357225
357241
357242
357245
357255
357256
357257
357259
357260
357261
357265
357267
357276
357277
357278
357282
357284
357286
357290
357292
357295
357298
357299
357306
357310
357312
357316
357319
357321
357322
357323
357325
357326
357347
357361
357366
357373
357384
357388
357389
357395
357397
357398
357399
357400
357403
357405
357407
357408
357409
357410
357411
357412
357413
357414
357417
357420
357421
357422
357423
357425
357426
357436
357437
357443
357444
357445
357446
357449
357450
357451
357453
357455
357459
357462
357464
357465
357466
357468
357469
357470
357471
357473
357474
357475
357477
357483
