/store/data/Run2017C/DoubleEG/RAW/v1/000/301/998/00000/0065BD68-B88C-E711-8F84-02163E01A1DA.root [525,527,528,526]
/store/data/Run2017C/DoubleEG/RAW/v1/000/301/998/00000/0073E73C-B68C-E711-9BF8-02163E019B6C.root [11,10,9]
/store/data/Run2017C/DoubleEG/RAW/v1/000/301/998/00000/00A9147C-E68C-E711-9813-02163E01A79C.root [1370,1367,1369,1372,1368,1371]
/store/data/Run2017C/DoubleEG/RAW/v1/000/301/998/00000/00EB7E34-CD8C-E711-8AD1-02163E0145C5.root [908,910,906,907,909]
/store/data/Run2017C/DoubleEG/RAW/v1/000/301/998/00000/04953819-BD8C-E711-99B2-02163E01A606.root [616,613,614,615]
/store/data/Run2017C/DoubleEG/RAW/v1/000/301/998/00000/04DDFA07-BF8C-E711-A666-02163E01A5EB.root [647,648,645,646]
/store/data/Run2017C/DoubleEG/RAW/v1/000/301/998/00000/06019591-BB8C-E711-B34B-02163E01A39B.root [362,360,361,363,359,358]
/store/data/Run2017C/DoubleEG/RAW/v1/000/301/998/00000/0645AFF1-E38C-E711-BBBF-02163E0127B8.root [1325,1326,1328,1327,1324,1329]
/store/data/Run2017C/DoubleEG/RAW/v1/000/301/998/00000/06C82F28-B98C-E711-ABDA-02163E0145AD.root [538,537,539,540]
/store/data/Run2017C/DoubleEG/RAW/v1/000/301/998/00000/06E7F567-B78C-E711-A163-02163E019C6B.root [510,511,509,512]
/store/data/Run2017C/DoubleEG/RAW/v1/000/301/998/00000/088B8C37-C98C-E711-9328-02163E01242D.root [820,824,822,821,823]
/store/data/Run2017C/DoubleEG/RAW/v1/000/301/998/00000/08BE413F-B68C-E711-9612-02163E0146D7.root [98,99,97]
/store/data/Run2017C/DoubleEG/RAW/v1/000/301/998/00000/08CB5F8F-7B8D-E711-82EB-02163E019E7E.root [1711,1716,1726,1730,1743,1708,1719,1731,1734,1735,1740,1745,1749,1714,1717,1710,1713,1720,1748,1751,1753,1718,1722,1725,1727,1729,1733,1738,1742,1744,1746,1750,1754,1709,1712,1723,1732,1736,1739,1741,1752,1715,1721,1724,1728,1737,1747]
/store/data/Run2017C/DoubleEG/RAW/v1/000/301/998/00000/0A18F35C-CC8C-E711-B77F-02163E01213E.root [892,895,891,893,894]
/store/data/Run2017C/DoubleEG/RAW/v1/000/301/998/00000/0CB0559E-BB8C-E711-8D1C-02163E019B6D.root [583,584,581,582]
/store/data/Run2017C/DoubleEG/RAW/v1/000/301/998/00000/0E1DF8DD-EC8C-E711-ADC0-02163E0126FD.root [1482,1484,1483,1485,1486,1488,1487]
/store/data/Run2017C/DoubleEG/RAW/v1/000/301/998/00000/0E4AF07F-F38C-E711-97EC-02163E014176.root [1609,1610,1614,1615,1611,1612,1613,1616]
/store/data/Run2017C/DoubleEG/RAW/v1/000/301/998/00000/10034516-D58C-E711-AC73-02163E01A355.root [1048,1047,1050,1046,1049]
/store/data/Run2017C/DoubleEG/RAW/v1/000/301/998/00000/103BB4E8-C98C-E711-9A96-02163E019DD3.root [846,849,845,848,847]
/store/data/Run2017C/DoubleEG/RAW/v1/000/301/998/00000/10E0B04B-B68C-E711-AB32-02163E0128F0.root [144,143,142]
/store/data/Run2017C/DoubleEG/RAW/v1/000/301/998/00000/10F8753C-B68C-E711-83A3-02163E01A4DC.root [139,141,140]
/store/data/Run2017C/DoubleEG/RAW/v1/000/301/998/00000/122BB276-E28C-E711-83FF-02163E014764.root [1298,1299,1295,1296,1294,1297]
/store/data/Run2017C/DoubleEG/RAW/v1/000/301/998/00000/1236E93D-B68C-E711-84D3-02163E019CB0.root [118,119,120]
/store/data/Run2017C/DoubleEG/RAW/v1/000/301/998/00000/1237EC3E-B68C-E711-97D2-02163E01180A.root [89,88,90]
/store/data/Run2017C/DoubleEG/RAW/v1/000/301/998/00000/12869E3D-B68C-E711-B2B7-02163E01A5E5.root [112,113,114]
/store/data/Run2017C/DoubleEG/RAW/v1/000/301/998/00000/12FAEB9E-BB8C-E711-842A-02163E01A793.root [585,587,588,586]
/store/data/Run2017C/DoubleEG/RAW/v1/000/301/998/00000/146D00B0-E98C-E711-92D2-02163E01A1EE.root [1427,1428,1426,1432,1429,1430,1431]
/store/data/Run2017C/DoubleEG/RAW/v1/000/301/998/00000/14A711F7-C08C-E711-8893-02163E01A6CB.root [301,302,306,304,305,303]
/store/data/Run2017C/DoubleEG/RAW/v1/000/301/998/00000/16732151-B68C-E711-88BD-02163E01241A.root [82,84,83]
/store/data/Run2017C/DoubleEG/RAW/v1/000/301/998/00000/168C2AAC-B68C-E711-9672-02163E013631.root [485,487,486,488]
/store/data/Run2017C/DoubleEG/RAW/v1/000/301/998/00000/16CA6715-CD8C-E711-BA2C-02163E01A76F.root [902,901,903,905,904]
/store/data/Run2017C/DoubleEG/RAW/v1/000/301/998/00000/1858CE44-B68C-E711-B089-02163E0137E7.root [223,224,225]
/store/data/Run2017C/DoubleEG/RAW/v1/000/301/998/00000/18F58F58-EE8C-E711-A665-02163E011F8F.root [1518,1517,1520,1522,1521,1519,1523]
/store/data/Run2017C/DoubleEG/RAW/v1/000/301/998/00000/18F8EBD5-D08C-E711-A5BE-02163E011BD4.root [971,972,974,975,973]
/store/data/Run2017C/DoubleEG/RAW/v1/000/301/998/00000/1A7E4C11-F88C-E711-8AD3-02163E019BFD.root [1696,1697,1698,1699,1700,1701,1695,1702]
/store/data/Run2017C/DoubleEG/RAW/v1/000/301/998/00000/1E10DE44-B68C-E711-A806-02163E013911.root [188,189,187]
/store/data/Run2017C/DoubleEG/RAW/v1/000/301/998/00000/20065660-B78C-E711-B2AB-02163E01A440.root [505,506,507,508]
/store/data/Run2017C/DoubleEG/RAW/v1/000/301/998/00000/20642292-C98C-E711-A108-02163E01459A.root [841,843,844,840,842]
/store/data/Run2017C/DoubleEG/RAW/v1/000/301/998/00000/2067C2C2-F08C-E711-9492-02163E011FB4.root [1559,1564,1563,1565,1561,1560,1562]
/store/data/Run2017C/DoubleEG/RAW/v1/000/301/998/00000/20C07645-B68C-E711-83BF-02163E0141FF.root [130,131,132]
/store/data/Run2017C/DoubleEG/RAW/v1/000/301/998/00000/20E4A196-E88C-E711-95E5-02163E013897.root [1410,1406,1408,1411,1405,1407,1409]
/store/data/Run2017C/DoubleEG/RAW/v1/000/301/998/00000/24299C3F-B68C-E711-B257-02163E01A1D6.root [241,243,242]
/store/data/Run2017C/DoubleEG/RAW/v1/000/301/998/00000/24502D3C-B68C-E711-B4F7-02163E01A744.root [59,58,60]
/store/data/Run2017C/DoubleEG/RAW/v1/000/301/998/00000/2483E03C-B68C-E711-9CD0-02163E019E0B.root [215,216,214]
/store/data/Run2017C/DoubleEG/RAW/v1/000/301/998/00000/24DC1EC9-F68C-E711-A8C8-02163E01199F.root [1674,1676,1677,1678,1673,1675,1671,1672]
/store/data/Run2017C/DoubleEG/RAW/v1/000/301/998/00000/2843D48C-D68C-E711-8AD1-02163E0144F9.root [1080,1076,1078,1079,1077]
/store/data/Run2017C/DoubleEG/RAW/v1/000/301/998/00000/288195A7-C18C-E711-B634-02163E01A4AE.root [313,314,318,316,315,317]
/store/data/Run2017C/DoubleEG/RAW/v1/000/301/998/00000/28AC2642-B68C-E711-A898-02163E01A25D.root [446,448,447,445]
/store/data/Run2017C/DoubleEG/RAW/v1/000/301/998/00000/2C0185B4-EB8C-E711-B3C0-02163E01429A.root [1473,1470,1468,1471,1472,1474,1469]
/store/data/Run2017C/DoubleEG/RAW/v1/000/301/998/00000/2C189D94-BE8C-E711-90A1-02163E01371F.root [638,640,637,639]
/store/data/Run2017C/DoubleEG/RAW/v1/000/301/998/00000/2C4B4B9B-E58C-E711-A023-02163E012649.root [1355,1359,1358,1357,1354,1356]
/store/data/Run2017C/DoubleEG/RAW/v1/000/301/998/00000/2EC238F6-BA8C-E711-AF12-02163E0138F9.root [569,570,571,572]
/store/data/Run2017C/DoubleEG/RAW/v1/000/301/998/00000/305CA360-CC8C-E711-A793-02163E0135FD.root [881,880,884,882,883]
/store/data/Run2017C/DoubleEG/RAW/v1/000/301/998/00000/307E3B72-D38C-E711-B8F4-02163E014562.root [1023,1025,1024,1021,1022]
/store/data/Run2017C/DoubleEG/RAW/v1/000/301/998/00000/34C32734-F58C-E711-A28C-02163E0118DF.root [1647,1642,1645,1643,1641,1644,1646,1648]
/store/data/Run2017C/DoubleEG/RAW/v1/000/301/998/00000/36A161A2-DB8C-E711-86FE-02163E019E61.root [1173,1174,1177,1176,1178,1175]
/store/data/Run2017C/DoubleEG/RAW/v1/000/301/998/00000/36AF09F9-BA8C-E711-891E-02163E01393D.root [342,343,341,344,340,345]
/store/data/Run2017C/DoubleEG/RAW/v1/000/301/998/00000/36F12C3E-B68C-E711-B7BD-02163E01A68E.root [91,92,93]
/store/data/Run2017C/DoubleEG/RAW/v1/000/301/998/00000/36FDF908-C78C-E711-9D70-02163E012546.root [792,793,790,794,791]
/store/data/Run2017C/DoubleEG/RAW/v1/000/301/998/00000/3806426A-EF8C-E711-9F46-02163E01A3FA.root [1531,1533,1534,1536,1532,1535,1537]
/store/data/Run2017C/DoubleEG/RAW/v1/000/301/998/00000/380B7DF1-C88C-E711-A5C8-02163E0119B7.root [372,375,373,374,371,370]
/store/data/Run2017C/DoubleEG/RAW/v1/000/301/998/00000/3823A91F-BB8C-E711-9668-02163E01366D.root [17,18]
/store/data/Run2017C/DoubleEG/RAW/v1/000/301/998/00000/3A07A5AC-BA8C-E711-A4BD-02163E01374A.root [567,568,566,565]
/store/data/Run2017C/DoubleEG/RAW/v1/000/301/998/00000/3A2447C8-B78C-E711-81BB-02163E019D1C.root [514,516,513,515]
/store/data/Run2017C/DoubleEG/RAW/v1/000/301/998/00000/3A538A79-D08C-E711-953A-02163E01A2C3.root [962,964,961,965,963]
/store/data/Run2017C/DoubleEG/RAW/v1/000/301/998/00000/3AA016AD-CD8C-E711-B230-02163E01A5C6.root [913,914,912,915,911]
/store/data/Run2017C/DoubleEG/RAW/v1/000/301/998/00000/3AE5BA0F-D28C-E711-BE9C-02163E019B6D.root [991,992,995,993,994]
/store/data/Run2017C/DoubleEG/RAW/v1/000/301/998/00000/3C604EDF-C48C-E711-B5B2-02163E019E2B.root [757,761,759,760,758]
/store/data/Run2017C/DoubleEG/RAW/v1/000/301/998/00000/3CAEB003-BE8C-E711-B81E-02163E014327.root [630,632,629,631]
/store/data/Run2017C/DoubleEG/RAW/v1/000/301/998/00000/3E8A854B-B98C-E711-8497-02163E0142E4.root [548,545,547,546]
/store/data/Run2017C/DoubleEG/RAW/v1/000/301/998/00000/3E9B623D-BB8C-E711-B130-02163E019BAB.root [176,175,177]
/store/data/Run2017C/DoubleEG/RAW/v1/000/301/998/00000/40013653-C98C-E711-9363-02163E014663.root [832,834,831,833,830]
/store/data/Run2017C/DoubleEG/RAW/v1/000/301/998/00000/4036A0E9-D98C-E711-9E5F-02163E012A36.root [1142,1137,1139,1141,1140,1138]
/store/data/Run2017C/DoubleEG/RAW/v1/000/301/998/00000/40797879-DE8C-E711-BBCB-02163E01A49A.root [1227,1231,1228,1229,1232,1230]
/store/data/Run2017C/DoubleEG/RAW/v1/000/301/998/00000/40AB55ED-D88C-E711-A175-02163E019D98.root [1121,1124,1120,1122,1123,1119]
/store/data/Run2017C/DoubleEG/RAW/v1/000/301/998/00000/425B564C-DB8C-E711-8187-02163E019C13.root [1029,1030,1028,1026,1027]
/store/data/Run2017C/DoubleEG/RAW/v1/000/301/998/00000/42C26F88-C98C-E711-9A38-02163E0144F5.root [705,707,702,704,706,703,708,701]
/store/data/Run2017C/DoubleEG/RAW/v1/000/301/998/00000/44290C41-B68C-E711-8BE6-02163E011B2A.root [180,179,178]
/store/data/Run2017C/DoubleEG/RAW/v1/000/301/998/00000/44BB9BEA-BD8C-E711-B55A-02163E01A4BD.root [289,291,293,290,292,294]
/store/data/Run2017C/DoubleEG/RAW/v1/000/301/998/00000/462E475C-D18C-E711-AD86-02163E019C2E.root [984,981,982,983,985]
/store/data/Run2017C/DoubleEG/RAW/v1/000/301/998/00000/465770F2-BB8C-E711-A983-02163E0137F6.root [593,595,596,594]
/store/data/Run2017C/DoubleEG/RAW/v1/000/301/998/00000/46710C42-B68C-E711-8176-02163E019DA8.root [465,468,466,467]
/store/data/Run2017C/DoubleEG/RAW/v1/000/301/998/00000/46B2E0A4-C58C-E711-BA45-02163E014554.root [389,393,388,391,392,390]
/store/data/Run2017C/DoubleEG/RAW/v1/000/301/998/00000/48BD770B-E38C-E711-BC91-02163E01468C.root [1312,1317,1315,1313,1314,1316]
/store/data/Run2017C/DoubleEG/RAW/v1/000/301/998/00000/48E6787C-CF8C-E711-B956-02163E019B86.root [948,949,947,946,950]
/store/data/Run2017C/DoubleEG/RAW/v1/000/301/998/00000/48EE5C5C-B88C-E711-A4E2-02163E01A1D3.root [521,522,524,523]
/store/data/Run2017C/DoubleEG/RAW/v1/000/301/998/00000/4A04FA85-C58C-E711-A618-02163E019B38.root [380,379,376,377,378,381]
/store/data/Run2017C/DoubleEG/RAW/v1/000/301/998/00000/4A3498CA-D58C-E711-A574-02163E012197.root [1061,1062,1063,1064,1065]
/store/data/Run2017C/DoubleEG/RAW/v1/000/301/998/00000/4A67C69A-CC8C-E711-A2AD-02163E014217.root [896,900,899,897,898]
/store/data/Run2017C/DoubleEG/RAW/v1/000/301/998/00000/4AFF7FC4-D38C-E711-8BB6-02163E01A461.root [1032,1033,1035,1031,1034]
/store/data/Run2017C/DoubleEG/RAW/v1/000/301/998/00000/4C045D19-DC8C-E711-8227-02163E01A705.root [1039,1037,1038,1040,1036]
/store/data/Run2017C/DoubleEG/RAW/v1/000/301/998/00000/4C419F43-BA8C-E711-B1D9-02163E01A27A.root [160,161,162]
/store/data/Run2017C/DoubleEG/RAW/v1/000/301/998/00000/4C56C13D-B68C-E711-BBFF-02163E01A2B1.root [172,174,173]
/store/data/Run2017C/DoubleEG/RAW/v1/000/301/998/00000/4C7A67E3-E18C-E711-91A8-02163E01181B.root [1290,1288,1291,1292,1293,1289]
/store/data/Run2017C/DoubleEG/RAW/v1/000/301/998/00000/4CAFEA42-B68C-E711-8CFF-02163E01A77B.root [453,455,454,456]
/store/data/Run2017C/DoubleEG/RAW/v1/000/301/998/00000/4CC40E69-ED8C-E711-8FF0-02163E01458F.root [1497,1496,1501,1499,1502,1498,1500]
/store/data/Run2017C/DoubleEG/RAW/v1/000/301/998/00000/4CCFED83-BB8C-E711-98D3-02163E0143DC.root [416,418,417]
/store/data/Run2017C/DoubleEG/RAW/v1/000/301/998/00000/4CE7603F-B68C-E711-8252-02163E0117FF.root [61,63,62]
/store/data/Run2017C/DoubleEG/RAW/v1/000/301/998/00000/4CF5E96D-DC8C-E711-A6E4-02163E019B52.root [1180,1181,1182,1184,1179,1183]
/store/data/Run2017C/DoubleEG/RAW/v1/000/301/998/00000/4E258E00-D38C-E711-B29B-02163E011F8F.root [1011,1014,1012,1013,1015]
/store/data/Run2017C/DoubleEG/RAW/v1/000/301/998/00000/4E2BE8D9-B78C-E711-BA7F-02163E01A414.root [517,520,518,519]
/store/data/Run2017C/DoubleEG/RAW/v1/000/301/998/00000/4E469441-B68C-E711-A3F1-02163E01A764.root [478,480,477,479]
/store/data/Run2017C/DoubleEG/RAW/v1/000/301/998/00000/4E48D4FC-B88C-E711-9346-02163E01A5B2.root [535,533,534,536]
/store/data/Run2017C/DoubleEG/RAW/v1/000/301/998/00000/4EFD516F-F08C-E711-AC55-02163E014260.root [1556,1552,1557,1558,1553,1555,1554]
/store/data/Run2017C/DoubleEG/RAW/v1/000/301/998/00000/50720A71-C98C-E711-9D16-02163E0145F3.root [836,839,835,837,838]
/store/data/Run2017C/DoubleEG/RAW/v1/000/301/998/00000/50837485-DF8C-E711-A334-02163E0134DD.root [1245,1251,1246,1248,1249,1247,1250]
/store/data/Run2017C/DoubleEG/RAW/v1/000/301/998/00000/527BEA29-C68C-E711-BC19-02163E012514.root [778,777,775,776,779]
/store/data/Run2017C/DoubleEG/RAW/v1/000/301/998/00000/52C7D34A-B68C-E711-967C-02163E0122FB.root [15,14,16]
/store/data/Run2017C/DoubleEG/RAW/v1/000/301/998/00000/540C22AB-BB8C-E711-A269-02163E01A2AB.root [354,357,352,356,353,355]
/store/data/Run2017C/DoubleEG/RAW/v1/000/301/998/00000/549705A7-BA8C-E711-A44D-02163E019D62.root [234,233,232]
/store/data/Run2017C/DoubleEG/RAW/v1/000/301/998/00000/54AFBBA9-BC8C-E711-B9A0-02163E019C6B.root [604,602,603,601]
/store/data/Run2017C/DoubleEG/RAW/v1/000/301/998/00000/54F31B43-B68C-E711-9FFC-02163E014595.root [266,267,265]
/store/data/Run2017C/DoubleEG/RAW/v1/000/301/998/00000/561511D9-CF8C-E711-AADC-02163E019CF6.root [957,960,956,959,958]
/store/data/Run2017C/DoubleEG/RAW/v1/000/301/998/00000/5621DB77-BF8C-E711-B5CB-02163E01A3F9.root [659,658,660,657]
/store/data/Run2017C/DoubleEG/RAW/v1/000/301/998/00000/569F3906-F58C-E711-B627-02163E01A389.root [1625,1627,1631,1629,1628,1630,1626,1632]
/store/data/Run2017C/DoubleEG/RAW/v1/000/301/998/00000/56FA413C-B68C-E711-8D02-02163E019B38.root [185,184,186]
/store/data/Run2017C/DoubleEG/RAW/v1/000/301/998/00000/58716BBF-D68C-E711-B843-02163E01456A.root [1084,1086,1083,1081,1082,1085]
/store/data/Run2017C/DoubleEG/RAW/v1/000/301/998/00000/58C4873E-B68C-E711-AE96-02163E019E02.root [64,66,65]
/store/data/Run2017C/DoubleEG/RAW/v1/000/301/998/00000/58E3CC9D-DE8C-E711-9AB5-02163E01A441.root [1224,1226,1222,1223,1221,1225]
/store/data/Run2017C/DoubleEG/RAW/v1/000/301/998/00000/58EE3105-BC8C-E711-B93B-02163E011825.root [278,282,277,279,281,280]
/store/data/Run2017C/DoubleEG/RAW/v1/000/301/998/00000/5AEFDC67-BA8C-E711-B46D-02163E019C6B.root [562,564,561,563]
/store/data/Run2017C/DoubleEG/RAW/v1/000/301/998/00000/5AF44D1B-E18C-E711-ADA7-02163E01441B.root [1090,1089,1093,1094,1095,1088,1092,1091,1087,1096]
/store/data/Run2017C/DoubleEG/RAW/v1/000/301/998/00000/5C549C1F-D28C-E711-8C54-02163E01A58F.root [996,997,998,1000,999]
/store/data/Run2017C/DoubleEG/RAW/v1/000/301/998/00000/5CADA740-B68C-E711-8F33-02163E019DE7.root [79,81,80]
/store/data/Run2017C/DoubleEG/RAW/v1/000/301/998/00000/5CF4B23E-B68C-E711-B07E-02163E0119F2.root [151,153,152]
/store/data/Run2017C/DoubleEG/RAW/v1/000/301/998/00000/5EA99B58-B68C-E711-9216-02163E01477B.root [482,483,481,484]
/store/data/Run2017C/DoubleEG/RAW/v1/000/301/998/00000/60236895-EF8C-E711-9B33-02163E014562.root [1541,1538,1540,1544,1543,1542,1539]
/store/data/Run2017C/DoubleEG/RAW/v1/000/301/998/00000/60B5BC8C-BC8C-E711-A5EC-02163E0135FD.root [592,590,589,591]
/store/data/Run2017C/DoubleEG/RAW/v1/000/301/998/00000/60E51A41-B68C-E711-A6F0-02163E0146AE.root [48,46,47]
/store/data/Run2017C/DoubleEG/RAW/v1/000/301/998/00000/60EDF516-C68C-E711-93BE-02163E01A48E.root [771,772,774,773,770]
/store/data/Run2017C/DoubleEG/RAW/v1/000/301/998/00000/60FCB684-BF8C-E711-A53E-02163E019BA0.root [655,653,656,654]
/store/data/Run2017C/DoubleEG/RAW/v1/000/301/998/00000/62188F3D-B68C-E711-A396-02163E01A33D.root [52,54,53]
/store/data/Run2017C/DoubleEG/RAW/v1/000/301/998/00000/621BB787-E18C-E711-ACA3-02163E0146C9.root [1280,1279,1281,1277,1276,1278]
/store/data/Run2017C/DoubleEG/RAW/v1/000/301/998/00000/62378E73-CB8C-E711-AAA9-02163E01A745.root [875,877,876,878,879]
/store/data/Run2017C/DoubleEG/RAW/v1/000/301/998/00000/62FFE743-B68C-E711-8B64-02163E01A5D6.root [474,475,476,473]
/store/data/Run2017C/DoubleEG/RAW/v1/000/301/998/00000/642AF9C8-E88C-E711-82E9-02163E01A269.root [1414,1418,1415,1412,1416,1417,1413]
/store/data/Run2017C/DoubleEG/RAW/v1/000/301/998/00000/647F1880-E08C-E711-97F1-02163E019BBF.root [1261,1263,1258,1259,1260,1262]
/store/data/Run2017C/DoubleEG/RAW/v1/000/301/998/00000/64DF986B-BA8C-E711-BAE4-02163E0146DC.root [549,552,551,550]
/store/data/Run2017C/DoubleEG/RAW/v1/000/301/998/00000/66823FEC-B68C-E711-B5D4-02163E0146C2.root [498,500,499,497]
/store/data/Run2017C/DoubleEG/RAW/v1/000/301/998/00000/6842B9CC-E08C-E711-B354-02163E011F5B.root [1266,1267,1268,1265,1269,1264]
/store/data/Run2017C/DoubleEG/RAW/v1/000/301/998/00000/6871F4AD-D18C-E711-8E52-02163E01A33D.root [987,990,986,989,988]
/store/data/Run2017C/DoubleEG/RAW/v1/000/301/998/00000/68822940-DB8C-E711-9D40-02163E01A642.root [1162,1165,1166,1163,1164,1161]
/store/data/Run2017C/DoubleEG/RAW/v1/000/301/998/00000/689214C1-BE8C-E711-BB12-02163E0134F0.root [643,644,641,642]
/store/data/Run2017C/DoubleEG/RAW/v1/000/301/998/00000/6A75BC46-B68C-E711-9A7E-02163E019DA1.root [444,442,443,441]
/store/data/Run2017C/DoubleEG/RAW/v1/000/301/998/00000/6A87A868-BE8C-E711-90E6-02163E0141D2.root [634,636,633,635]
/store/data/Run2017C/DoubleEG/RAW/v1/000/301/998/00000/6A8A7B90-BB8C-E711-A29B-02163E01A1ED.root [578,577,579,580]
/store/data/Run2017C/DoubleEG/RAW/v1/000/301/998/00000/6ACC3761-CE8C-E711-9C2F-02163E0118B6.root [928,926,927,929,930]
/store/data/Run2017C/DoubleEG/RAW/v1/000/301/998/00000/6C0446DC-DD8C-E711-A708-02163E01A5E5.root [1216,1215,1218,1217,1219,1220]
/store/data/Run2017C/DoubleEG/RAW/v1/000/301/998/00000/6CE666F1-C08C-E711-9000-02163E0146B5.root [321,320,322,324,319,323]
/store/data/Run2017C/DoubleEG/RAW/v1/000/301/998/00000/6CEB1A7F-B68C-E711-9D76-02163E01A4F5.root [489,491,492,490]
/store/data/Run2017C/DoubleEG/RAW/v1/000/301/998/00000/6E4FBF1B-EC8C-E711-A0B4-02163E01A509.root [1338,1341,1342,1345,1346,1347,1337,1340,1336,1343,1344,1339]
/store/data/Run2017C/DoubleEG/RAW/v1/000/301/998/00000/6ECC9D3C-B68C-E711-8E32-02163E01A1C3.root [21,20,19]
/store/data/Run2017C/DoubleEG/RAW/v1/000/301/998/00000/703A45B6-BB8C-E711-8BCA-02163E0121EB.root [272,269,270,273,268,271]
/store/data/Run2017C/DoubleEG/RAW/v1/000/301/998/00000/70E4232D-CB8C-E711-B4E9-02163E012772.root [725,728,727,732,729,730,726,731]
/store/data/Run2017C/DoubleEG/RAW/v1/000/301/998/00000/728AE94B-CB8C-E711-81D1-02163E011FA3.root [873,874,870,871,872]
/store/data/Run2017C/DoubleEG/RAW/v1/000/301/998/00000/76695131-B98C-E711-975C-02163E019DF3.root [543,542,544,541]
/store/data/Run2017C/DoubleEG/RAW/v1/000/301/998/00000/768B8E3E-B68C-E711-A5E2-02163E01A6BB.root [211,212,213]
/store/data/Run2017C/DoubleEG/RAW/v1/000/301/998/00000/76BBDA6A-B88C-E711-BDD5-02163E0144F9.root [529,530,532,531]
/store/data/Run2017C/DoubleEG/RAW/v1/000/301/998/00000/76FA12CC-D08C-E711-B834-02163E0133B7.root [977,976,980,978,979]
/store/data/Run2017C/DoubleEG/RAW/v1/000/301/998/00000/781047A4-ED8C-E711-8E7F-02163E01A6D1.root [1504,1503,1509,1508,1505,1507,1506]
/store/data/Run2017C/DoubleEG/RAW/v1/000/301/998/00000/789B4EEA-DD8C-E711-97A7-02163E01A513.root [1211,1214,1210,1209,1212,1213]
/store/data/Run2017C/DoubleEG/RAW/v1/000/301/998/00000/78A43752-E88C-E711-9674-02163E0144B1.root [1402,1404,1403,1399,1398,1400,1401]
/store/data/Run2017C/DoubleEG/RAW/v1/000/301/998/00000/78E7E63C-B68C-E711-BBE8-02163E019C07.root [134,135,133]
/store/data/Run2017C/DoubleEG/RAW/v1/000/301/998/00000/7A11905C-BC8C-E711-AB2B-02163E0133A4.root [249,244,247,246,248,245]
/store/data/Run2017C/DoubleEG/RAW/v1/000/301/998/00000/7A14F9C9-D88C-E711-9D3C-02163E01A705.root [1113,1114,1115,1117,1116,1118]
/store/data/Run2017C/DoubleEG/RAW/v1/000/301/998/00000/7A7EF346-B68C-E711-A82A-02163E0142E4.root [115,116,117]
/store/data/Run2017C/DoubleEG/RAW/v1/000/301/998/00000/7AE68807-F38C-E711-A60E-02163E01A523.root [1596,1598,1600,1601,1597,1599,1595]
/store/data/Run2017C/DoubleEG/RAW/v1/000/301/998/00000/7AFD7A45-B68C-E711-852C-02163E019DCE.root [203,202,204]
/store/data/Run2017C/DoubleEG/RAW/v1/000/301/998/00000/7C77749B-C78C-E711-9D0D-02163E01A4C9.root [800,801,803,804,802]
/store/data/Run2017C/DoubleEG/RAW/v1/000/301/998/00000/7E0EB6B2-DA8C-E711-8D35-02163E019DF3.root [1160,1159,1156,1157,1155,1158]
/store/data/Run2017C/DoubleEG/RAW/v1/000/301/998/00000/8005DF66-EB8C-E711-824B-02163E01A4C9.root [1467,1465,1461,1462,1466,1463,1464]
/store/data/Run2017C/DoubleEG/RAW/v1/000/301/998/00000/802057AE-BB8C-E711-8CFF-02163E01A1ED.root [347,350,348,349,346,351]
/store/data/Run2017C/DoubleEG/RAW/v1/000/301/998/00000/806A3562-C18C-E711-B8F5-02163E011B51.root [299,297,296,295,300,298]
/store/data/Run2017C/DoubleEG/RAW/v1/000/301/998/00000/8093A786-BB8C-E711-AFCF-02163E01A39B.root [576,573,574,575]
/store/data/Run2017C/DoubleEG/RAW/v1/000/301/998/00000/80BE2F13-E58C-E711-B81E-02163E0143CF.root [1353,1349,1351,1348,1350,1352]
/store/data/Run2017C/DoubleEG/RAW/v1/000/301/998/00000/82375CE6-F18C-E711-BB86-02163E0142E7.root [1582,1584,1580,1583,1585,1581,1586]
/store/data/Run2017C/DoubleEG/RAW/v1/000/301/998/00000/82430516-CC8C-E711-81DD-02163E01A761.root [885,887,886,889,888,890]
/store/data/Run2017C/DoubleEG/RAW/v1/000/301/998/00000/82958FA9-D48C-E711-A68C-02163E01A4AD.root [1043,1041,1044,1045,1042]
/store/data/Run2017C/DoubleEG/RAW/v1/000/301/998/00000/82CCE10D-F68C-E711-9C12-02163E014562.root [1650,1655,1660,1656,1652,1661,1662,1654,1658,1653,1649,1651,1657,1659]
/store/data/Run2017C/DoubleEG/RAW/v1/000/301/998/00000/82DEEDCF-CA8C-E711-8CF5-02163E011B2A.root [864,860,862,861,863]
/store/data/Run2017C/DoubleEG/RAW/v1/000/301/998/00000/84A94A8D-B68C-E711-A5A8-02163E01A609.root [495,494,496,493]
/store/data/Run2017C/DoubleEG/RAW/v1/000/301/998/00000/84D9353B-B68C-E711-8E49-02163E01A6BA.root [34,35,33,36]
/store/data/Run2017C/DoubleEG/RAW/v1/000/301/998/00000/84DEF10D-F08C-E711-9FF7-02163E019D3E.root [1385,1389,1390,1386,1387,1388]
/store/data/Run2017C/DoubleEG/RAW/v1/000/301/998/00000/86554ED5-C18C-E711-A683-02163E0137F6.root [699,700,698,697]
/store/data/Run2017C/DoubleEG/RAW/v1/000/301/998/00000/8693940B-DF8C-E711-833D-02163E01A6D1.root [1237,1238,1234,1233,1235,1236]
/store/data/Run2017C/DoubleEG/RAW/v1/000/301/998/00000/882DF0B6-E18C-E711-812E-02163E019C13.root [1287,1285,1283,1284,1282,1286]
/store/data/Run2017C/DoubleEG/RAW/v1/000/301/998/00000/8886D81D-CB8C-E711-A79A-02163E01190B.root [722,719,724,717,718,720,721,723]
/store/data/Run2017C/DoubleEG/RAW/v1/000/301/998/00000/88B38468-BB8C-E711-8040-02163E011EF6.root [423,427,428,424,425,426]
/store/data/Run2017C/DoubleEG/RAW/v1/000/301/998/00000/88D37F6A-E48C-E711-959C-02163E01A68D.root [1335,1333,1334,1330,1331,1332]
/store/data/Run2017C/DoubleEG/RAW/v1/000/301/998/00000/88FE716D-EC8C-E711-AE5F-02163E011E5C.root [1477,1478,1475,1479,1481,1476,1480]
/store/data/Run2017C/DoubleEG/RAW/v1/000/301/998/00000/8A17303E-B68C-E711-98EE-02163E019CB4.root [169,170,171]
/store/data/Run2017C/DoubleEG/RAW/v1/000/301/998/00000/8AC10B45-B68C-E711-B26F-02163E01A235.root [452,449,450,451]
/store/data/Run2017C/DoubleEG/RAW/v1/000/301/998/00000/8AEE5588-DD8C-E711-839C-02163E01A6F8.root [1206,1203,1205,1207,1208,1204]
/store/data/Run2017C/DoubleEG/RAW/v1/000/301/998/00000/8AF22C84-C58C-E711-99E0-02163E01A601.root [407,409,410,406,408,411]
/store/data/Run2017C/DoubleEG/RAW/v1/000/301/998/00000/8CE7A541-B68C-E711-A7FD-02163E014376.root [124,125,126]
/store/data/Run2017C/DoubleEG/RAW/v1/000/301/998/00000/8E13C465-D28C-E711-B051-02163E01A3C1.root [1004,1001,1002,1005,1003]
/store/data/Run2017C/DoubleEG/RAW/v1/000/301/998/00000/8E39ADA6-FA8C-E711-BD0C-02163E011E4D.root [1568,1566,1570,1571,1567,1569,1572]
/store/data/Run2017C/DoubleEG/RAW/v1/000/301/998/00000/8E493D40-BC8C-E711-AAE2-02163E01A73C.root [599,600,597,598]
/store/data/Run2017C/DoubleEG/RAW/v1/000/301/998/00000/908DBA41-B68C-E711-B476-02163E01A36E.root [438,440,439,437]
/store/data/Run2017C/DoubleEG/RAW/v1/000/301/998/00000/90A4395A-CB8C-E711-B8FD-02163E01A6F1.root [865,867,868,866,869]
/store/data/Run2017C/DoubleEG/RAW/v1/000/301/998/00000/9257FBB9-C78C-E711-BA71-02163E0122FB.root [796,795,798,799,797]
/store/data/Run2017C/DoubleEG/RAW/v1/000/301/998/00000/9676BA98-CA8C-E711-AF3A-02163E01A7A5.root [857,859,858,855,856]
/store/data/Run2017C/DoubleEG/RAW/v1/000/301/998/00000/96C1E9AE-BC8C-E711-A6C9-02163E0139AB.root [605,607,608,606]
/store/data/Run2017C/DoubleEG/RAW/v1/000/301/998/00000/98C35A46-DD8C-E711-A2C1-02163E01376C.root [1074,1066,1067,1071,1072,1073,1068,1069,1075,1070]
/store/data/Run2017C/DoubleEG/RAW/v1/000/301/998/00000/9A8A980B-C18C-E711-8396-02163E01A4C2.root [325,328,329,330,327,326]
/store/data/Run2017C/DoubleEG/RAW/v1/000/301/998/00000/9C5491FE-EF8C-E711-9505-02163E013621.root [1545,1546,1547,1548,1549,1551,1550]
/store/data/Run2017C/DoubleEG/RAW/v1/000/301/998/00000/9C97ED3E-B68C-E711-9B57-02163E014761.root [110,109,111]
/store/data/Run2017C/DoubleEG/RAW/v1/000/301/998/00000/9C98CAA2-BF8C-E711-9B8B-02163E01359A.root [661,662,664,663]
/store/data/Run2017C/DoubleEG/RAW/v1/000/301/998/00000/9C9F3A64-DC8C-E711-8586-02163E01A6CA.root [1186,1188,1190,1187,1189,1185]
/store/data/Run2017C/DoubleEG/RAW/v1/000/301/998/00000/9CD78C0F-ED8C-E711-B3AA-02163E019C13.root [1490,1492,1493,1489,1494,1495,1491]
/store/data/Run2017C/DoubleEG/RAW/v1/000/301/998/00000/9E1B63D2-BD8C-E711-AC2B-02163E01345E.root [286,287,285,283,284,288]
/store/data/Run2017C/DoubleEG/RAW/v1/000/301/998/00000/9E7CB14D-B68C-E711-9DCA-02163E011ECF.root [414,413,412,415]
/store/data/Run2017C/DoubleEG/RAW/v1/000/301/998/00000/9EDABBB7-B68C-E711-938B-02163E0134E6.root [200,201,199]
/store/data/Run2017C/DoubleEG/RAW/v1/000/301/998/00000/A002F658-B68C-E711-9D99-02163E011E16.root [127,128,129]
/store/data/Run2017C/DoubleEG/RAW/v1/000/301/998/00000/A046E53E-B68C-E711-8A7D-02163E01192A.root [86,85,87]
/store/data/Run2017C/DoubleEG/RAW/v1/000/301/998/00000/A066C2A6-F18C-E711-9BD9-02163E0144C0.root [1575,1574,1579,1573,1578,1576,1577]
/store/data/Run2017C/DoubleEG/RAW/v1/000/301/998/00000/A082823D-B68C-E711-AB75-02163E01A504.root [164,165,163]
/store/data/Run2017C/DoubleEG/RAW/v1/000/301/998/00000/A448D91A-BD8C-E711-881E-02163E0144D1.root [609,610,612,611]
/store/data/Run2017C/DoubleEG/RAW/v1/000/301/998/00000/A45E3A3C-B68C-E711-9B70-02163E01A42B.root [37,38,39]
/store/data/Run2017C/DoubleEG/RAW/v1/000/301/998/00000/A4670FC1-D08C-E711-8816-02163E01A6B2.root [966,970,969,967,968]
/store/data/Run2017C/DoubleEG/RAW/v1/000/301/998/00000/A68CC817-EF8C-E711-90E2-02163E019E34.root [1526,1529,1530,1524,1525,1527,1528]
/store/data/Run2017C/DoubleEG/RAW/v1/000/301/998/00000/A6BC6451-CB8C-E711-B95B-02163E014554.root [744,746,742,748,741,747,743,745]
/store/data/Run2017C/DoubleEG/RAW/v1/000/301/998/00000/A6C57ACE-C08C-E711-8356-02163E01A4D3.root [669,670,672,671]
/store/data/Run2017C/DoubleEG/RAW/v1/000/301/998/00000/A6CF5567-CA8C-E711-B44A-02163E01A509.root [851,853,854,850,852]
/store/data/Run2017C/DoubleEG/RAW/v1/000/301/998/00000/A6EDD041-B68C-E711-ABF2-02163E0140F0.root [235,236,237]
/store/data/Run2017C/DoubleEG/RAW/v1/000/301/998/00000/A6FC7667-EA8C-E711-8AD4-02163E01A73A.root [1444,1445,1442,1446,1440,1443,1441]
/store/data/Run2017C/DoubleEG/RAW/v1/000/301/998/00000/A803030F-E08C-E711-BFF7-02163E0127B8.root [1253,1254,1256,1252,1257,1255]
/store/data/Run2017C/DoubleEG/RAW/v1/000/301/998/00000/A869043B-B68C-E711-9395-02163E01A3AB.root [51,49,50]
/store/data/Run2017C/DoubleEG/RAW/v1/000/301/998/00000/A87B92D9-BD8C-E711-8777-02163E0145A3.root [619,620,617,618]
/store/data/Run2017C/DoubleEG/RAW/v1/000/301/998/00000/A8A4AEF3-EA8C-E711-A617-02163E01A5A5.root [1448,1450,1447,1452,1453,1451,1449]
/store/data/Run2017C/DoubleEG/RAW/v1/000/301/998/00000/A8E6CF42-B68C-E711-B8FA-02163E0146C0.root [197,196,198]
/store/data/Run2017C/DoubleEG/RAW/v1/000/301/998/00000/A8F43C36-BB8C-E711-B938-02163E01A6AD.root [219,217,218]
/store/data/Run2017C/DoubleEG/RAW/v1/000/301/998/00000/AA0BA947-BB8C-E711-BF7D-02163E01A5CE.root [262,259,263,260,261,264]
/store/data/Run2017C/DoubleEG/RAW/v1/000/301/998/00000/AA998F41-B68C-E711-AC7B-02163E019B21.root [156,154,155]
/store/data/Run2017C/DoubleEG/RAW/v1/000/301/998/00000/AAD45842-B68C-E711-BB7F-02163E0143DE.root [71,72,70]
/store/data/Run2017C/DoubleEG/RAW/v1/000/301/998/00000/AADD3602-BF8C-E711-9B86-02163E0145B1.root [652,651,650,649]
/store/data/Run2017C/DoubleEG/RAW/v1/000/301/998/00000/AC3C898D-EE8C-E711-88D7-02163E01448A.root [1373,1377,1381,1379,1380,1378,1383,1374,1382,1384,1375,1376]
/store/data/Run2017C/DoubleEG/RAW/v1/000/301/998/00000/AC624890-CF8C-E711-A0DB-02163E019CD2.root [953,954,951,952,955]
/store/data/Run2017C/DoubleEG/RAW/v1/000/301/998/00000/AE59703D-B68C-E711-A4CA-02163E01366B.root [40,41,42]
/store/data/Run2017C/DoubleEG/RAW/v1/000/301/998/00000/B07EB90E-D98C-E711-AD0D-02163E01A3DE.root [1130,1125,1127,1126,1128,1129]
/store/data/Run2017C/DoubleEG/RAW/v1/000/301/998/00000/B0851954-E18C-E711-8FAA-02163E01A2C2.root [1098,1097,1101,1102,1106,1103,1100,1104,1099,1105]
/store/data/Run2017C/DoubleEG/RAW/v1/000/301/998/00000/B0C4BC3D-B68C-E711-8DD2-02163E01A5DA.root [43,45,44]
/store/data/Run2017C/DoubleEG/RAW/v1/000/301/998/00000/B261354E-B68C-E711-AD9E-02163E012217.root [159,158,157]
/store/data/Run2017C/DoubleEG/RAW/v1/000/301/998/00000/B2B764A1-BA8C-E711-BD20-02163E011E4D.root [1,2,3,4]
/store/data/Run2017C/DoubleEG/RAW/v1/000/301/998/00000/B441B99C-C58C-E711-978F-02163E01A5C4.root [386,387,384,383,385,382]
/store/data/Run2017C/DoubleEG/RAW/v1/000/301/998/00000/B44D8185-C78C-E711-8009-02163E01A410.root [665,666,668,667]
/store/data/Run2017C/DoubleEG/RAW/v1/000/301/998/00000/B4C8C94B-B68C-E711-896C-02163E01393D.root [471,470,469,472]
/store/data/Run2017C/DoubleEG/RAW/v1/000/301/998/00000/B4DA4F45-B68C-E711-B581-02163E014281.root [74,75,73]
/store/data/Run2017C/DoubleEG/RAW/v1/000/301/998/00000/B6F96A2A-BD8C-E711-BF28-02163E01A6CB.root [23,22]
/store/data/Run2017C/DoubleEG/RAW/v1/000/301/998/00000/B87A053C-B68C-E711-82E9-02163E014764.root [29,28,27]
/store/data/Run2017C/DoubleEG/RAW/v1/000/301/998/00000/B8B15B86-C58C-E711-B516-02163E0141AD.root [395,399,398,397,394,396]
/store/data/Run2017C/DoubleEG/RAW/v1/000/301/998/00000/B8F23F88-DA8C-E711-9E2C-02163E0138AE.root [1151,1152,1149,1154,1153,1150]
/store/data/Run2017C/DoubleEG/RAW/v1/000/301/998/00000/BA293CB3-F78C-E711-BFE8-02163E0145BB.root [1688,1690,1689,1687,1692,1694,1691,1693]
/store/data/Run2017C/DoubleEG/RAW/v1/000/301/998/00000/BA43474B-CC8C-E711-8931-02163E01A6DD.root [750,752,756,753,755,751,749,754]
/store/data/Run2017C/DoubleEG/RAW/v1/000/301/998/00000/BA4DB97F-C18C-E711-8B96-02163E01A58F.root [332,336,331,333,334,335]
/store/data/Run2017C/DoubleEG/RAW/v1/000/301/998/00000/BA615DF6-C98C-E711-9C02-02163E013621.root [693,694,689,696,690,692,691,695]
/store/data/Run2017C/DoubleEG/RAW/v1/000/301/998/00000/BAC95D6C-F58C-E711-964B-02163E01A4BC.root [1638,1633,1634,1637,1636,1635,1639,1640]
/store/data/Run2017C/DoubleEG/RAW/v1/000/301/998/00000/BACCBFFD-C78C-E711-8FD5-02163E019DD2.root [806,808,805,807,809]
/store/data/Run2017C/DoubleEG/RAW/v1/000/301/998/00000/BC0DB5B0-FA8C-E711-9A01-02163E01366D.root [1606,1607,1608,1602,1603,1605,1604]
/store/data/Run2017C/DoubleEG/RAW/v1/000/301/998/00000/BC6D1D94-DB8C-E711-9648-02163E0128FE.root [1168,1167,1169,1171,1172,1170]
/store/data/Run2017C/DoubleEG/RAW/v1/000/301/998/00000/BCA67B5C-EA8C-E711-B6D9-02163E012A36.root [1318,1320,1322,1321,1323,1319]
/store/data/Run2017C/DoubleEG/RAW/v1/000/301/998/00000/BE1F510B-DC8C-E711-AE2A-02163E0146B5.root [1053,1054,1055,1058,1060,1059,1052,1056,1057,1051]
/store/data/Run2017C/DoubleEG/RAW/v1/000/301/998/00000/BE256EB5-C88C-E711-9B32-02163E01A269.root [828,826,829,825,827]
/store/data/Run2017C/DoubleEG/RAW/v1/000/301/998/00000/BE3FEF80-CB8C-E711-8FC1-02163E0145D5.root [734,735,736,739,740,733,737,738]
/store/data/Run2017C/DoubleEG/RAW/v1/000/301/998/00000/BE72F73C-B68C-E711-8EA6-02163E01A4C8.root [191,192,190]
/store/data/Run2017C/DoubleEG/RAW/v1/000/301/998/00000/BEE0214A-B68C-E711-92B7-02163E012692.root [78,76,77]
/store/data/Run2017C/DoubleEG/RAW/v1/000/301/998/00000/BEE66447-B68C-E711-A8FF-02163E01344C.root [421,422,420,419]
/store/data/Run2017C/DoubleEG/RAW/v1/000/301/998/00000/C0EFA942-B68C-E711-9492-02163E01A406.root [150,149,148]
/store/data/Run2017C/DoubleEG/RAW/v1/000/301/998/00000/C279685F-C78C-E711-B165-02163E01A6D1.root [681,682,688,687,683,684,685,686]
/store/data/Run2017C/DoubleEG/RAW/v1/000/301/998/00000/C2CDF6C1-CD8C-E711-A806-02163E01A4D4.root [917,916,918,920,919]
/store/data/Run2017C/DoubleEG/RAW/v1/000/301/998/00000/C4651954-F78C-E711-86E8-02163E01180A.root [1686,1685,1682,1679,1680,1681,1683,1684]
/store/data/Run2017C/DoubleEG/RAW/v1/000/301/998/00000/C66DCE22-7D8D-E711-B7F1-02163E01A1E9.root [1703,1705,1704]
/store/data/Run2017C/DoubleEG/RAW/v1/000/301/998/00000/C67E7811-CF8C-E711-B74F-02163E019C89.root [940,939,937,938,936]
/store/data/Run2017C/DoubleEG/RAW/v1/000/301/998/00000/C6B6C076-C68C-E711-A2A0-02163E0121EB.root [781,784,780,783,782]
/store/data/Run2017C/DoubleEG/RAW/v1/000/301/998/00000/C859CF92-C48C-E711-8B78-02163E0146B5.root [622,623,621,624]
/store/data/Run2017C/DoubleEG/RAW/v1/000/301/998/00000/C860474A-B68C-E711-8119-02163E019E41.root [462,464,461,463]
/store/data/Run2017C/DoubleEG/RAW/v1/000/301/998/00000/CA208842-B68C-E711-8D54-02163E0143FD.root [96,94,95]
/store/data/Run2017C/DoubleEG/RAW/v1/000/301/998/00000/CA2353E7-C58C-E711-8E5A-02163E01247B.root [402,400,405,403,404,401]
/store/data/Run2017C/DoubleEG/RAW/v1/000/301/998/00000/CA27764F-CD8C-E711-BE7D-02163E01A660.root [763,764,762,769,766,767,765,768]
/store/data/Run2017C/DoubleEG/RAW/v1/000/301/998/00000/CA38B340-B68C-E711-BB97-02163E0143C2.root [69,67,68]
/store/data/Run2017C/DoubleEG/RAW/v1/000/301/998/00000/CA822432-BE8C-E711-A501-02163E0142B1.root [626,628,625,627]
/store/data/Run2017C/DoubleEG/RAW/v1/000/301/998/00000/CAD294F4-C78C-E711-AA75-02163E0143C8.root [812,810,813,811,814]
/store/data/Run2017C/DoubleEG/RAW/v1/000/301/998/00000/CC08F3BE-B78C-E711-A5BF-02163E014408.root [55,57,56]
/store/data/Run2017C/DoubleEG/RAW/v1/000/301/998/00000/CC24929D-D28C-E711-B6FA-02163E01A447.root [1007,1008,1009,1006,1010]
/store/data/Run2017C/DoubleEG/RAW/v1/000/301/998/00000/CC793C47-B68C-E711-B4FB-02163E0134A9.root [457,458,459,460]
/store/data/Run2017C/DoubleEG/RAW/v1/000/301/998/00000/CE49BF64-E98C-E711-BEB7-02163E019C04.root [1422,1423,1424,1425,1419,1421,1420]
/store/data/Run2017C/DoubleEG/RAW/v1/000/301/998/00000/CEB5BD01-BA8C-E711-B402-02163E01A33D.root [560,558,559,557]
/store/data/Run2017C/DoubleEG/RAW/v1/000/301/998/00000/D066234C-B68C-E711-BF0D-02163E013498.root [210,209,208]
/store/data/Run2017C/DoubleEG/RAW/v1/000/301/998/00000/D0B56CC7-BB8C-E711-BE11-02163E011DBD.root [5,6,8,7]
/store/data/Run2017C/DoubleEG/RAW/v1/000/301/998/00000/D0F0F03F-B68C-E711-8772-02163E01A531.root [229,231,230]
/store/data/Run2017C/DoubleEG/RAW/v1/000/301/998/00000/D26DE841-B68C-E711-BF15-02163E0134AB.root [207,206,205]
/store/data/Run2017C/DoubleEG/RAW/v1/000/301/998/00000/D4ADE241-B68C-E711-B908-02163E014567.root [339,338,337]
/store/data/Run2017C/DoubleEG/RAW/v1/000/301/998/00000/D660BE3D-B68C-E711-96ED-02163E0134F6.root [107,108,106]
/store/data/Run2017C/DoubleEG/RAW/v1/000/301/998/00000/D6883BBD-C88C-E711-A96B-02163E0144B9.root [819,818,815,816,817]
/store/data/Run2017C/DoubleEG/RAW/v1/000/301/998/00000/D69B9507-EE8C-E711-8E89-02163E011BD1.root [1514,1511,1510,1512,1516,1513,1515]
/store/data/Run2017C/DoubleEG/RAW/v1/000/301/998/00000/D6EA233F-B68C-E711-92A9-02163E0145AD.root [138,137,136]
/store/data/Run2017C/DoubleEG/RAW/v1/000/301/998/00000/D8A7E1FA-DC8C-E711-AD99-02163E0119CB.root [1199,1202,1200,1201,1197,1198]
/store/data/Run2017C/DoubleEG/RAW/v1/000/301/998/00000/DA5A0143-B68C-E711-B6C8-02163E019E36.root [430,432,431,429]
/store/data/Run2017C/DoubleEG/RAW/v1/000/301/998/00000/DA5FECB5-C68C-E711-B4AB-02163E01350C.root [787,789,788,785,786]
/store/data/Run2017C/DoubleEG/RAW/v1/000/301/998/00000/DA64DABE-BB8C-E711-8A63-02163E01A68E.root [13,12]
/store/data/Run2017C/DoubleEG/RAW/v1/000/301/998/00000/DA6D5D42-B68C-E711-B59F-02163E0146C2.root [31,30,32]
/store/data/Run2017C/DoubleEG/RAW/v1/000/301/998/00000/DAF98F72-C78C-E711-A9C7-02163E012772.root [677,678,674,680,673,676,679,675]
/store/data/Run2017C/DoubleEG/RAW/v1/000/301/998/00000/DC7B5F44-B68C-E711-8132-02163E011D7C.root [274,276,275]
/store/data/Run2017C/DoubleEG/RAW/v1/000/301/998/00000/DCD27D47-B68C-E711-BE1F-02163E013445.root [166,168,167]
/store/data/Run2017C/DoubleEG/RAW/v1/000/301/998/00000/DCF904B1-CB8C-E711-8E6D-02163E01454A.root [713,716,709,714,715,710,711,712]
/store/data/Run2017C/DoubleEG/RAW/v1/000/301/998/00000/DCFEB579-F28C-E711-B7CF-02163E0118B6.root [1594,1589,1591,1593,1588,1590,1592,1587]
/store/data/Run2017C/DoubleEG/RAW/v1/000/301/998/00000/DE901E41-B68C-E711-A7E5-02163E019CC8.root [221,222,220]
/store/data/Run2017C/DoubleEG/RAW/v1/000/301/998/00000/DEC2F678-D88C-E711-9D25-02163E019B43.root [1107,1111,1108,1112,1109,1110]
/store/data/Run2017C/DoubleEG/RAW/v1/000/301/998/00000/E0067E41-B68C-E711-A3BC-02163E01A6BC.root [433,436,434,435]
/store/data/Run2017C/DoubleEG/RAW/v1/000/301/998/00000/E0239331-BC8C-E711-BB84-02163E01376C.root [366,367,369,368,364,365]
/store/data/Run2017C/DoubleEG/RAW/v1/000/301/998/00000/E2A828C4-F38C-E711-B143-02163E011AE9.root [1618,1623,1620,1622,1617,1621,1619,1624]
/store/data/Run2017C/DoubleEG/RAW/v1/000/301/998/00000/E40E8D49-B68C-E711-B49E-02163E019E66.root [145,147,146]
/store/data/Run2017C/DoubleEG/RAW/v1/000/301/998/00000/E6664F23-CF8C-E711-81F9-02163E011C03.root [943,941,944,942,945]
/store/data/Run2017C/DoubleEG/RAW/v1/000/301/998/00000/E6FAF43E-B68C-E711-A106-02163E0141D8.root [183,181,182]
/store/data/Run2017C/DoubleEG/RAW/v1/000/301/998/00000/E83105D3-CE8C-E711-93A0-02163E01374F.root [934,932,931,933,935]
/store/data/Run2017C/DoubleEG/RAW/v1/000/301/998/00000/E853A101-BA8C-E711-9D16-02163E01A3DE.root [555,554,556,553]
/store/data/Run2017C/DoubleEG/RAW/v1/000/301/998/00000/E8C6D059-F68C-E711-BD0A-02163E0143B2.root [1666,1669,1663,1668,1665,1664,1667,1670]
/store/data/Run2017C/DoubleEG/RAW/v1/000/301/998/00000/E8F805D9-E78C-E711-B66B-02163E01A4AE.root [1395,1393,1397,1396,1394,1391,1392]
/store/data/Run2017C/DoubleEG/RAW/v1/000/301/998/00000/EA6F0F42-B68C-E711-BE84-02163E011E6F.root [105,104,103]
/store/data/Run2017C/DoubleEG/RAW/v1/000/301/998/00000/EACBBE2D-D38C-E711-B312-02163E01A30C.root [1016,1017,1019,1018,1020]
/store/data/Run2017C/DoubleEG/RAW/v1/000/301/998/00000/EC577523-DA8C-E711-B82C-02163E014150.root [1143,1144,1146,1147,1148,1145]
/store/data/Run2017C/DoubleEG/RAW/v1/000/301/998/00000/ECD0A616-CE8C-E711-B3AA-02163E01346A.root [925,921,923,924,922]
/store/data/Run2017C/DoubleEG/RAW/v1/000/301/998/00000/EE2C1151-DF8C-E711-ADC0-02163E01A3B6.root [1244,1242,1239,1241,1240,1243]
/store/data/Run2017C/DoubleEG/RAW/v1/000/301/998/00000/EE664B3A-E68C-E711-BA0E-02163E01A5C6.root [1362,1365,1363,1361,1364,1360,1366]
/store/data/Run2017C/DoubleEG/RAW/v1/000/301/998/00000/EEE4AF22-B78C-E711-9847-02163E01A518.root [501,504,502,503]
/store/data/Run2017C/DoubleEG/RAW/v1/000/301/998/00000/F0031583-B78C-E711-876C-02163E014298.root [122,121,123]
/store/data/Run2017C/DoubleEG/RAW/v1/000/301/998/00000/F06134DE-BB8C-E711-8CEF-02163E01A4BE.root [252,253,255,250,254,251]
/store/data/Run2017C/DoubleEG/RAW/v1/000/301/998/00000/F09533FE-EA8C-E711-ACD9-02163E011F5B.root [1460,1459,1458,1454,1455,1457,1456]
/store/data/Run2017C/DoubleEG/RAW/v1/000/301/998/00000/F0AB2760-D98C-E711-A201-02163E0125F5.root [1132,1133,1131,1135,1134,1136]
/store/data/Run2017C/DoubleEG/RAW/v1/000/301/998/00000/F26B544E-B68C-E711-9972-02163E0139C0.root [257,256,258]
/store/data/Run2017C/DoubleEG/RAW/v1/000/301/998/00000/F2D0B05E-C18C-E711-A855-02163E013932.root [307,310,308,309,312,311]
/store/data/Run2017C/DoubleEG/RAW/v1/000/301/998/00000/F2E7FDB0-BA8C-E711-BF21-02163E01A6AD.root [239,240,238]
/store/data/Run2017C/DoubleEG/RAW/v1/000/301/998/00000/F6448D1A-E38C-E711-98A5-02163E019D46.root [1308,1311,1309,1307,1310,1306]
/store/data/Run2017C/DoubleEG/RAW/v1/000/301/998/00000/FA025F45-B68C-E711-948E-02163E011DD7.root [26,25,24]
/store/data/Run2017C/DoubleEG/RAW/v1/000/301/998/00000/FA27533B-B68C-E711-9916-02163E01A4D1.root [100,102,101]
/store/data/Run2017C/DoubleEG/RAW/v1/000/301/998/00000/FAA41806-EA8C-E711-870C-02163E0133DE.root [1434,1438,1435,1433,1437,1436,1439]
/store/data/Run2017C/DoubleEG/RAW/v1/000/301/998/00000/FAF63C3E-E18C-E711-87A2-02163E0146D8.root [1271,1272,1273,1274,1270,1275]
/store/data/Run2017C/DoubleEG/RAW/v1/000/301/998/00000/FC0D5240-B68C-E711-9989-02163E019C9A.root [195,194,193]
/store/data/Run2017C/DoubleEG/RAW/v1/000/301/998/00000/FC4439C3-E28C-E711-8D48-02163E014210.root [1303,1305,1301,1302,1300,1304]
/store/data/Run2017C/DoubleEG/RAW/v1/000/301/998/00000/FC64CAB8-DC8C-E711-B86D-02163E013932.root [1192,1195,1191,1193,1196,1194]
/store/data/Run2017C/DoubleEG/RAW/v1/000/301/998/00000/FCA67646-B68C-E711-AF70-02163E01A1E5.root [227,226,228]
