/store/data/Run2022E/DisplacedJet/RAW/v1/000/359/694/00000/01fc7cd0-718b-41a1-b0c0-f1fe08789f08.root [219,214,215,216,217,218,222,223,220,221,212,213]
/store/data/Run2022E/DisplacedJet/RAW/v1/000/359/694/00000/02665d9c-40c7-41d2-a660-cae9f03d238a.root [224,230,227,231,234,232,226,235,229,225,228,233]
/store/data/Run2022E/DisplacedJet/RAW/v1/000/359/694/00000/044f1fd7-39b5-4a69-9c1d-e4be99a7753d.root [952,953,956,960,961,969,963,964,948,950,951,957,958,966,945,946,954,968,955,967,947,949,962,965,959]
/store/data/Run2022E/DisplacedJet/RAW/v1/000/359/694/00000/06bb0e18-fa1c-4bfd-8301-aa4231615273.root [312,315,317,322,325,318,323,327,326,320,324,311,313,319,321,314,316]
/store/data/Run2022E/DisplacedJet/RAW/v1/000/359/694/00000/0b4d2199-8e4e-4731-b7a6-d8af0737bda0.root [417,420,424,415,425,411,412,423,422,414,419,413,416,426,418,421]
/store/data/Run2022E/DisplacedJet/RAW/v1/000/359/694/00000/0e962d1e-7ba2-4bc8-9e10-f295128bf4fa.root [572,583,590,573,571,577,579,582,585,586,576,589,574,575,581,587,588,578,580,584]
/store/data/Run2022E/DisplacedJet/RAW/v1/000/359/694/00000/0f50db74-4f2f-478f-ad62-c2646dd55ba0.root [61,66,56,62,65,55,59,60,64,57,58,63]
/store/data/Run2022E/DisplacedJet/RAW/v1/000/359/694/00000/114db5ec-fb81-4449-b253-8d40c9ec9e7b.root [258,261,251,262,252,254,260,253,255,265,257,259,256,263,264]
/store/data/Run2022E/DisplacedJet/RAW/v1/000/359/694/00000/13f249ee-e716-459a-8261-c5a018c4190e.root [872,875,880,893,879,884,878,891,894,870,877,873,876,881,885,887,892,874,883,886,890,871,882,888,889]
/store/data/Run2022E/DisplacedJet/RAW/v1/000/359/694/00000/1ae7ec02-73d2-493c-80f8-ba7986dc829b.root [897,906,917,902,903,907,911,919,896,899,905,916,895,900,901,908,910,909,913,904,912,914,915,918,898]
/store/data/Run2022E/DisplacedJet/RAW/v1/000/359/694/00000/1b710520-745b-4ccc-bfd8-4c1efed07153.root [164,165,173,175,167,166,170,168,169,172,174,171]
/store/data/Run2022E/DisplacedJet/RAW/v1/000/359/694/00000/1da5f4ef-bf1c-44ac-8057-f8bcbecf183a.root [12,11,13,14,17,10,16,15,18]
/store/data/Run2022E/DisplacedJet/RAW/v1/000/359/694/00000/231429a5-f97f-4e78-9e49-8f1a2c88a296.root [131,133,138,132,127,130,136,137,129,134,128,135]
/store/data/Run2022E/DisplacedJet/RAW/v1/000/359/694/00000/24fed541-19f6-40ee-858d-409c5e67a0b7.root [700,693,695,687,688,690,702,703,705,706,699,704,689,694,701,691,692,696,697,698]
/store/data/Run2022E/DisplacedJet/RAW/v1/000/359/694/00000/27dbaa3a-7f6c-4b8c-848e-b39fac10880e.root [547,548,540,541,549,553,539,544,545,550,551,546,552,543,554,542]
/store/data/Run2022E/DisplacedJet/RAW/v1/000/359/694/00000/27e8730e-1e54-4bdc-93b0-68e3c101f766.root [566,560,556,561,562,569,570,563,555,558,559,567,557,564,565,568]
/store/data/Run2022E/DisplacedJet/RAW/v1/000/359/694/00000/2df0e409-274d-4365-a6c4-9ad23653c97c.root [654,660,648,663,652,653,656,658,664,659,661,662,665,655,666,649,651,647,650,657]
/store/data/Run2022E/DisplacedJet/RAW/v1/000/359/694/00000/2e813819-5b7d-42ff-8c99-e06e115c5b7e.root [176,177,179,181,184,180,183,186,187,178,182,185]
/store/data/Run2022E/DisplacedJet/RAW/v1/000/359/694/00000/2ec5e0c2-72d1-488b-babf-875a3935bdfa.root [708,723,726,716,718,720,712,715,724,707,709,714,722,711,713,717,727,710,719,721,725,728,729]
/store/data/Run2022E/DisplacedJet/RAW/v1/000/359/694/00000/35c8f27e-b2c3-420f-8cce-e351c2559185.root [284,294,295,288,291,283,281,282,289,286,287,290,292,293,285]
/store/data/Run2022E/DisplacedJet/RAW/v1/000/359/694/00000/3b9a8a3a-0818-4927-bda7-828020c2b9ef.root [529,536,538,526,531,537,533,534,527,532,523,524,528,530,525,535]
/store/data/Run2022E/DisplacedJet/RAW/v1/000/359/694/00000/3d3dd7b3-496a-459c-a5c1-ecfdc94874d6.root [522,507,516,508,520,517,511,512,518,510,513,514,515,509,519,521]
/store/data/Run2022E/DisplacedJet/RAW/v1/000/359/694/00000/3d9bf61c-3357-44f3-87d0-18fc4d7b53bf.root [380,393,379,383,384,385,388,389,381,382,390,392,391,387,386,394]
/store/data/Run2022E/DisplacedJet/RAW/v1/000/359/694/00000/40ced4b9-cd45-4e99-88af-863c7815ebee.root [759,767,750,770,757,758,761,749,751,755,769,754,760,752,762,764,768,753,763,766,756,765]
/store/data/Run2022E/DisplacedJet/RAW/v1/000/359/694/00000/46f78253-4e04-4f7a-9e02-71da39bc9d56.root [429,432,433,440,442,427,435,436,430,431,438,439,441,428,437,434]
/store/data/Run2022E/DisplacedJet/RAW/v1/000/359/694/00000/52213426-ec2e-4cd5-b62f-5936c59003ff.root [50,47,54,49,53,46,48,51,45,52,43,44]
/store/data/Run2022E/DisplacedJet/RAW/v1/000/359/694/00000/53167a00-3094-4ea6-b43b-25f7c4033a94.root [811,813,818,816,826,812,815,819,822,824,821,829,814,817,820,823,828,810,825,827]
/store/data/Run2022E/DisplacedJet/RAW/v1/000/359/694/00000/5de43fae-70af-421a-a5c4-3274c0bbedd1.root [452,445,456,443,447,448,455,450,453,454,444,446,449,451,458,457]
/store/data/Run2022E/DisplacedJet/RAW/v1/000/359/694/00000/6160c4bf-bcba-4125-888b-d1777ed5de73.root [479,480,485,476,484,488,486,490,478,482,483,477,481,475,487,489]
/store/data/Run2022E/DisplacedJet/RAW/v1/000/359/694/00000/6450cb87-7b74-4ff5-8959-2705012e0036.root [618,615,620,625,609,612,622,608,613,616,626,607,624,614,619,621,610,611,617,623]
/store/data/Run2022E/DisplacedJet/RAW/v1/000/359/694/00000/648bc6df-24c6-46f3-9b43-8fb94a30bb42.root [206,201,205,202,210,200,209,208,203,204,207,211]
/store/data/Run2022E/DisplacedJet/RAW/v1/000/359/694/00000/6562832a-a151-458c-ad1b-096b5b39b749.root [1027,1034,1037,1039,1040,1044,1046,1057,1026,1031,1035,1051,1055,1042,1048,1054,1023,1024,1022,1030,1043,1049,1050,1053,1021,1028,1029,1032,1033,1047,1038,1041,1045,1020,1025,1036,1052,1056]
/store/data/Run2022E/DisplacedJet/RAW/v1/000/359/694/00000/691c578e-0c96-496c-a21b-75dafadff49f.root [142,139,146,149,140,148,144,145,147,141,143,150]
/store/data/Run2022E/DisplacedJet/RAW/v1/000/359/694/00000/7101d66e-e4ee-429a-82d3-43bc7a531bd0.root [1060,1068,1082,1087,1067,1073,1074,1064,1069,1084,1085,1058,1066,1072,1078,1059,1065,1079,1083,1061,1070,1071,1075,1077,1080,1081,1086,1062,1063,1076]
/store/data/Run2022E/DisplacedJet/RAW/v1/000/359/694/00000/752b89c4-b363-440a-97c2-25c3e31eee00.root [973,983,987,976,977,981,985,984,986,989,978,971,972,980,991,975,979,988,990,993,970,974,982,992,994]
/store/data/Run2022E/DisplacedJet/RAW/v1/000/359/694/00000/75425ef3-9995-4ef9-ab46-a6613eec9024.root [462,459,472,464,466,470,460,467,469,468,474,463,465,461,471,473]
/store/data/Run2022E/DisplacedJet/RAW/v1/000/359/694/00000/77af091d-9a3c-4dd7-91ab-dd5199639d66.root [789,782,777,781,786,788,775,787,776,779,784,772,785,771,773,778,783,774,780]
/store/data/Run2022E/DisplacedJet/RAW/v1/000/359/694/00000/79019fca-6b53-459f-a8c4-5ed2c2e65d89.root [343,344,349,356,345,347,346,350,348,351,354,355,352,357,353]
/store/data/Run2022E/DisplacedJet/RAW/v1/000/359/694/00000/7a8b3e88-80bb-4a60-b979-ecbfe453eb74.root [297,301,307,306,298,296,299,303,304,309,310,302,308,300,305]
/store/data/Run2022E/DisplacedJet/RAW/v1/000/359/694/00000/7ceccda2-456d-4674-8d5b-7854e0806aec.root [999,1011,1013,1017,1000,1002,1008,1012,1016,1001,1007,1015,997,1006,1010,1019,996,998,995,1003,1004,1005,1009,1014,1018]
/store/data/Run2022E/DisplacedJet/RAW/v1/000/359/694/00000/7d612efe-0337-45ea-887e-b138ae96a1c6.root [26,21,23,24,27,30,19,22,25,20,29,28]
/store/data/Run2022E/DisplacedJet/RAW/v1/000/359/694/00000/7f4c6865-25ea-452f-becf-6161cf6b9b66.root [501,502,499,504,500,491,495,503,492,493,494,496,497,498,505,506]
/store/data/Run2022E/DisplacedJet/RAW/v1/000/359/694/00000/808882e4-d69f-4ce7-b935-1675e7c59d17.root [406,407,395,402,408,409,410,396,398,400,403,397,399,405,401,404]
/store/data/Run2022E/DisplacedJet/RAW/v1/000/359/694/00000/80c73308-3dad-460e-bf9c-63b2f5cffa4e.root [80,86,79,81,88,82,87,84,83,89,90,85]
/store/data/Run2022E/DisplacedJet/RAW/v1/000/359/694/00000/86cab8ef-e3f0-428c-b71d-6b307ec39efd.root [195,189,192,194,197,190,193,196,188,198,191,199]
/store/data/Run2022E/DisplacedJet/RAW/v1/000/359/694/00000/8ac61601-7db5-4622-be3a-89dda8ddd869.root [855,858,862,864,850,851,856,867,852,866,868,854,857,860,869,853,859,861,865,863]
/store/data/Run2022E/DisplacedJet/RAW/v1/000/359/694/00000/8e211295-51ce-4588-a438-ccf270953df1.root [369,371,370,373,376,377,368,366,374,367,372,378,365,375]
/store/data/Run2022E/DisplacedJet/RAW/v1/000/359/694/00000/96ef4bcc-6fae-44b6-a527-1bf4bf0b98e7.root [923,926,937,940,944,933,920,928,932,936,925,929,943,921,922,927,931,941,924,934,935,939,930,938,942]
/store/data/Run2022E/DisplacedJet/RAW/v1/000/359/694/00000/987effc7-1375-4c94-900f-ceeede44e74f.root [329,330,331,334,338,342,341,332,339,333,336,337,340,328,335]
/store/data/Run2022E/DisplacedJet/RAW/v1/000/359/694/00000/99a39dd8-8747-4a52-9452-e79b23661161.root [272,274,275,266,267,268,278,269,271,273,277,280,270,276,279]
/store/data/Run2022E/DisplacedJet/RAW/v1/000/359/694/00000/9dc6b35e-81f1-4266-b786-ca306e4ed610.root [1092]
/store/data/Run2022E/DisplacedJet/RAW/v1/000/359/694/00000/a1505098-40c1-4a9e-a2a7-d3436a2bb131.root [800,801,807,808,792,797,799,805,809,790,793,802,806,794,798,803,795,791,796,804]
/store/data/Run2022E/DisplacedJet/RAW/v1/000/359/694/00000/a2a7f286-d5d5-47b6-8e67-52a6393651f7.root [93,95,100,101,97,94,96,102,92,91,98,99]
/store/data/Run2022E/DisplacedJet/RAW/v1/000/359/694/00000/aa00aeaf-12fe-40a7-b77d-acba08ea1db1.root [593,596,600,599,606,592,601,605,597,598,604,602,603,594,591,595]
/store/data/Run2022E/DisplacedJet/RAW/v1/000/359/694/00000/ab18e55e-d7cb-4f0c-b6a2-c72d081dca8a.root [107,108,104,111,110,113,114,106,105,103,109,112]
/store/data/Run2022E/DisplacedJet/RAW/v1/000/359/694/00000/b3a8f7bb-d62e-47f5-854e-c83ae1ad1443.root [239,246,243,237,240,249,236,238,242,245,244,250,248,241,247]
/store/data/Run2022E/DisplacedJet/RAW/v1/000/359/694/00000/c29e7f16-9ba0-4415-b7ae-bc31efbdee58.root [31,42,32,35,41,34,33,36,37,40,38,39]
/store/data/Run2022E/DisplacedJet/RAW/v1/000/359/694/00000/c73c7aee-6389-4c31-b532-be2463573f2f.root [627,638,628,629,632,633,635,637,640,639,643,645,634,636,641,630,644,646,631,642]
/store/data/Run2022E/DisplacedJet/RAW/v1/000/359/694/00000/c7e50a83-765b-440b-a9f9-3a7d18104e68.root [834,840,838,841,836,842,846,833,837,848,849,839,831,832,843,844,847,830,835,845]
/store/data/Run2022E/DisplacedJet/RAW/v1/000/359/694/00000/cd031ad0-1fb6-481b-bb6c-0ba6b73233ed.root [670,671,677,683,668,674,675,684,685,680,682,669,672,678,686,667,673,676,679,681]
/store/data/Run2022E/DisplacedJet/RAW/v1/000/359/694/00000/d3a6274b-2ab3-4fa7-a657-cd8a58b4be61.root [161,163,157,162,159,153,154,158,151,152,155,156,160]
/store/data/Run2022E/DisplacedJet/RAW/v1/000/359/694/00000/d66670df-0731-46f8-8674-c2e71f9ee2bf.root [363,359,362,364,358,361,360]
/store/data/Run2022E/DisplacedJet/RAW/v1/000/359/694/00000/db103fbe-161a-47ea-9761-2495e8446be8.root [6,2,4,8,1,3,9,5,7]
/store/data/Run2022E/DisplacedJet/RAW/v1/000/359/694/00000/e2a5eb26-d665-4c70-a9dc-a5610606809e.root [1094]
/store/data/Run2022E/DisplacedJet/RAW/v1/000/359/694/00000/ed1f9291-a335-4862-ad86-bba9e2bc2852.root [730,731,733,736,741,743,740,747,737,744,746,738,735,732,734,739,742,745,748]
/store/data/Run2022E/DisplacedJet/RAW/v1/000/359/694/00000/f46df064-d0b3-42a9-b64a-37d081477276.root [73,76,68,74,69,72,77,78,67,75,71,70]
/store/data/Run2022E/DisplacedJet/RAW/v1/000/359/694/00000/f8014850-a8b2-41c0-9da6-91bcd062cdcd.root [125,115,119,122,118,123,124,126,117,120,116,121]
