/store/data/Run2017C/NoBPTX/RAW/v1/000/301/998/00000/2409BBC2-E88C-E711-9F14-02163E01A1D0.root [1091,1095,1114,1118,1123,1124,1126,1130,1133,1135,1140,1161,1162,1163,1164,1174,1184,1188,1192,1087,1100,1108,1113,1115,1132,1136,1141,1145,1151,1182,1185,1201,1093,1105,1134,1139,1149,1155,1175,1181,1183,1187,1189,1089,1098,1106,1127,1142,1146,1154,1156,1168,1172,1176,1186,1190,1191,1209,1211,1084,1088,1090,1092,1097,1099,1101,1112,1116,1117,1122,1131,1157,1158,1169,1193,1194,1196,1206,1086,1111,1121,1128,1129,1137,1138,1144,1147,1152,1153,1160,1166,1173,1203,1210,1085,1102,1103,1107,1125,1150,1171,1177,1178,1197,1205,1207,1208,1083,1094,1096,1104,1109,1110,1119,1120,1143,1148,1159,1165,1167,1170,1179,1180,1195,1198,1199,1200,1202,1204]
/store/data/Run2017C/NoBPTX/RAW/v1/000/301/998/00000/2C0E4145-828D-E711-A7C2-02163E01413A.root [1631,1633,1639,1641,1651,1655,1656,1670,1671,1678,1683,1691,1632,1644,1660,1665,1669,1672,1676,1679,1694,1695,1622,1625,1627,1643,1646,1648,1650,1653,1659,1663,1673,1677,1687,1689,1692,1699,1700,1623,1624,1626,1640,1642,1661,1697,1701,1702,1621,1628,1634,1637,1645,1662,1664,1668,1684,1685,1686,1688,1696,1698,1630,1667,1680,1693,1704,1629,1635,1638,1647,1654,1657,1658,1682,1703,1636,1649,1652,1666,1674,1675,1681,1690,1705]
/store/data/Run2017C/NoBPTX/RAW/v1/000/301/998/00000/2C27054D-D08C-E711-AB47-02163E01A423.root [483,486,493,494,495,498,504,510,511,523,524,531,553,564,565,566,569,570,572,582,583,463,470,474,485,488,491,496,508,509,521,544,545,555,562,575,475,476,479,480,497,500,505,512,517,518,527,528,529,535,541,556,558,580,462,466,467,471,477,484,487,489,492,513,542,546,559,561,563,567,464,502,507,515,522,536,538,550,568,573,469,473,501,516,519,543,551,574,577,465,468,472,499,506,520,526,532,534,539,554,557,579,478,481,482,490,503,514,525,530,533,537,540,547,548,549,552,560,571,576,578,581]
/store/data/Run2017C/NoBPTX/RAW/v1/000/301/998/00000/38CB12C7-E88C-E711-A394-02163E01A326.root [984,1004,1005,1011,1024,1025,1047,1048,1051,1061,1063,1065,1076,960,963,971,973,975,982,988,1008,1010,1017,1041,1062,1080,959,964,970,1002,1015,1018,1026,1067,1071,1074,1075,1079,962,965,967,969,974,985,992,1050,1066,958,976,978,987,989,990,998,1000,1003,1007,1013,1021,1023,1029,1034,1037,1038,1039,1044,1053,1057,1060,1064,1068,1070,1072,1077,1081,977,980,981,986,993,994,995,1009,1016,1027,1028,1036,1040,1042,1043,1045,1049,1055,1056,1073,1078,1082,957,972,983,991,999,1001,1006,1012,1014,1022,1031,1033,1058,1059,1069,961,966,968,979,996,997,1019,1020,1030,1032,1035,1046,1052,1054]
/store/data/Run2017C/NoBPTX/RAW/v1/000/301/998/00000/4A5F3B40-BF8C-E711-9063-02163E01A6C0.root [6,8,18,23,27,28,30,31,34,38,43,44,54,60,62,70,80,83,101,2,21,25,40,45,49,71,90,97,104,108,1,3,5,10,14,15,24,32,41,50,61,63,64,76,84,86,92,100,7,13,22,29,37,46,53,58,74,75,87,91,93,98,103,9,11,20,39,52,55,57,72,95,102,106,111,19,26,33,35,59,78,79,88,89,96,99,105,107,16,17,36,65,66,67,68,69,77,85,94,109,4,12,42,47,48,51,56,73,81,82,110]
/store/data/Run2017C/NoBPTX/RAW/v1/000/301/998/00000/525FD3D2-868D-E711-920C-02163E01A1E4.root [1712,1729,1737,1740,1743,1710,1711,1718,1724,1728,1731,1736,1744,1749,1757,1715,1719,1735,1741,1748,1755,1709,1717,1734,1739,1751,1754,1756,1714,1730,1753,1716,1720,1725,1726,1727,1732,1738,1742,1752,1708,1713,1721,1722,1745,1750,1723,1733,1746,1747]
/store/data/Run2017C/NoBPTX/RAW/v1/000/301/998/00000/6ADE9948-D78C-E711-8BC9-02163E01A326.root [584,592,595,629,631,635,636,653,655,656,662,663,666,669,673,700,706,588,591,594,601,640,661,665,675,693,587,597,600,609,618,619,627,630,644,648,657,660,667,672,681,687,689,696,704,705,590,616,623,649,654,664,668,670,676,680,683,686,688,608,613,617,621,628,633,634,647,659,671,684,701,702,585,589,593,596,603,604,612,637,641,646,651,652,678,685,692,695,698,699,703,586,598,599,607,610,611,615,620,622,625,632,638,639,642,643,645,690,691,602,605,606,614,624,626,650,658,674,677,679,682,694,697]
/store/data/Run2017C/NoBPTX/RAW/v1/000/301/998/00000/7AB82CC4-E88C-E711-84F6-02163E0134D3.root [841,859,862,867,872,882,884,888,891,906,917,936,947,953,832,843,847,852,853,855,874,887,890,893,894,895,899,910,914,925,926,939,946,951,954,837,849,850,851,858,861,864,875,886,897,902,908,918,920,930,933,940,952,830,834,842,848,863,870,873,876,889,892,896,898,901,904,916,922,938,945,948,836,879,880,881,900,903,913,923,924,932,941,944,950,838,856,857,869,909,915,927,929,931,934,942,949,955,956,835,839,840,845,854,860,868,871,877,878,883,885,905,907,911,912,919,928,935,937,943,831,833,844,846,865,866,921]
/store/data/Run2017C/NoBPTX/RAW/v1/000/301/998/00000/8A51B59E-868D-E711-8CEA-02163E01A3FA.root [1761]
/store/data/Run2017C/NoBPTX/RAW/v1/000/301/998/00000/A26199C4-C38C-E711-917D-02163E014276.root [354,364,369,391,395,401,404,411,423,426,429,430,445,450,459,353,371,375,376,379,398,414,442,443,452,456,457,458,346,349,360,382,399,407,417,427,436,438,447,449,455,347,359,362,368,380,390,400,403,405,415,419,425,431,432,448,453,344,351,357,373,374,381,386,393,394,397,413,416,422,424,434,435,345,352,355,361,372,377,378,384,389,396,408,428,439,451,454,348,350,356,363,366,367,385,387,388,402,409,412,433,437,460,461,358,365,370,383,392,406,410,418,420,421,440,441,444,446]
/store/data/Run2017C/NoBPTX/RAW/v1/000/301/998/00000/A8ABA5B5-028D-E711-92A6-02163E01A20B.root [1486,1489,1494,1510,1513,1515,1525,1534,1537,1541,1542,1543,1556,1563,1578,1588,1591,1599,1608,1610,1619,1481,1493,1500,1501,1507,1509,1540,1545,1549,1551,1552,1553,1575,1612,1617,1497,1499,1528,1547,1550,1557,1559,1582,1589,1596,1597,1598,1602,1606,1614,1482,1484,1511,1523,1526,1530,1532,1544,1554,1564,1565,1570,1572,1573,1579,1580,1587,1604,1609,1613,1485,1496,1502,1503,1522,1524,1555,1562,1574,1577,1581,1583,1594,1600,1607,1616,1487,1488,1492,1495,1519,1521,1527,1533,1566,1567,1568,1576,1586,1592,1605,1620,1498,1505,1506,1512,1529,1536,1539,1546,1548,1558,1561,1571,1611,1618,1483,1490,1491,1504,1508,1514,1516,1517,1518,1520,1531,1535,1538,1560,1569,1584,1585,1590,1593,1595,1601,1603,1615]
/store/data/Run2017C/NoBPTX/RAW/v1/000/301/998/00000/B638A063-EC8C-E711-A820-02163E0138AE.root [1253,1255,1259,1266,1270,1275,1276,1291,1303,1306,1309,1318,1321,1328,1330,1335,1336,1341,1342,1219,1223,1229,1231,1237,1242,1243,1244,1256,1267,1284,1290,1292,1296,1299,1304,1322,1333,1218,1233,1246,1247,1248,1249,1261,1265,1273,1280,1282,1287,1293,1297,1314,1324,1337,1217,1220,1221,1222,1226,1239,1245,1258,1268,1285,1295,1298,1305,1326,1331,1332,1338,1212,1232,1234,1241,1252,1254,1279,1281,1286,1300,1302,1317,1334,1215,1216,1224,1228,1230,1238,1240,1250,1251,1257,1271,1272,1277,1278,1283,1289,1308,1315,1325,1339,1214,1225,1235,1260,1264,1294,1301,1307,1310,1311,1312,1313,1316,1320,1323,1344,1213,1227,1236,1262,1263,1269,1274,1288,1319,1327,1329,1340,1343]
/store/data/Run2017C/NoBPTX/RAW/v1/000/301/998/00000/C2C1D33B-BF8C-E711-A941-02163E014262.root [126,133,140,150,161,168,174,177,180,195,204,207,223,115,117,118,122,124,129,130,132,139,146,147,149,158,172,112,114,131,143,144,145,153,157,171,181,182,188,191,192,200,206,219,120,121,123,141,151,159,160,164,165,169,183,190,193,197,201,203,205,211,212,215,128,138,166,186,189,196,198,202,209,214,216,217,221,116,119,125,127,148,152,154,155,167,176,185,194,218,135,137,142,156,162,163,170,175,179,187,208,210,224,113,134,136,173,178,184,199,213,220,222,225]
/store/data/Run2017C/NoBPTX/RAW/v1/000/301/998/00000/C6786E58-F78C-E711-AFA9-02163E014530.root [1363,1374,1377,1410,1412,1418,1430,1431,1438,1457,1469,1480,1401,1407,1413,1415,1420,1446,1448,1453,1473,1348,1351,1356,1366,1375,1381,1387,1388,1392,1393,1428,1432,1443,1462,1465,1467,1468,1471,1477,1478,1349,1354,1358,1364,1371,1390,1391,1395,1397,1402,1406,1408,1437,1442,1452,1463,1464,1476,1345,1346,1347,1357,1360,1367,1368,1372,1373,1378,1380,1383,1384,1396,1399,1405,1421,1422,1424,1425,1427,1435,1447,1450,1454,1472,1474,1355,1359,1365,1369,1370,1382,1398,1400,1403,1411,1423,1429,1439,1440,1444,1445,1459,1362,1379,1394,1404,1409,1414,1416,1417,1419,1426,1436,1449,1451,1460,1461,1466,1470,1350,1352,1353,1361,1376,1385,1386,1389,1433,1434,1441,1455,1456,1458,1475,1479]
/store/data/Run2017C/NoBPTX/RAW/v1/000/301/998/00000/E4721FF6-D68C-E711-971B-02163E013566.root [709,713,723,732,735,737,745,747,758,768,771,772,783,804,819,708,715,750,757,759,761,765,767,789,800,805,711,736,746,748,754,755,756,775,777,781,794,797,812,815,818,826,717,724,727,741,744,762,769,770,776,784,786,795,824,707,712,716,731,733,739,749,763,764,792,802,807,821,822,827,710,721,730,734,760,773,778,782,790,791,796,809,817,828,829,718,719,725,729,740,742,743,766,785,787,798,799,803,808,814,816,825,714,720,722,726,728,738,751,752,753,774,779,780,788,793,801,806,810,811,813,820,823]
/store/data/Run2017C/NoBPTX/RAW/v1/000/301/998/00000/F427A6DB-C38C-E711-826A-02163E01A2D5.root [234,240,263,286,294,299,303,315,327,338,343,233,256,257,258,262,277,291,300,301,306,312,314,340,227,236,242,243,250,275,278,289,305,309,317,324,333,335,226,231,235,244,245,248,269,270,279,284,311,318,322,323,331,334,229,237,238,241,246,249,251,260,261,266,267,280,285,287,288,295,302,307,316,332,228,247,259,264,268,271,282,283,292,310,319,321,326,328,330,337,342,230,232,239,252,254,255,272,273,274,276,281,293,298,304,308,313,320,339,253,265,290,296,297,325,329,336,341]
