/store/data/Run2023B/NoBPTX/RAW/v1/000/366/727/00000/293cb2c1-0b5c-4e55-9ffd-14f4a4c1f393.root 366727 [72,73,78,87,90,91,70,71,81,86,101,93,99,74,75,77,79,83,94,80,82,84,88,98,100,102,96,97,76,85,89,92,95]
/store/data/Run2023B/NoBPTX/RAW/v1/000/366/727/00000/3302ebca-701d-448f-a34e-c13e6618d433.root 366727 [128,132,133,139,144,146,148,151,167,171,175,185,201,214,215,217,218,224,225,239,134,135,142,155,156,166,173,183,222,223,227,236,244,130,147,162,165,180,188,190,192,197,200,204,207,208,220,226,237,238,137,169,177,179,191,195,196,205,216,219,221,231,243,129,140,143,145,150,160,164,181,182,189,212,228,232,234,136,138,141,153,157,158,159,168,172,174,178,193,198,229,127,131,149,152,161,184,186,202,203,206,210,240,241,154,163,170,176,187,194,199,209,211,213,230,233,235,242]
/store/data/Run2023B/NoBPTX/RAW/v1/000/366/727/00000/a82f6261-3ac9-40a7-8075-c9500e5daffc.root 366727 [1,4,9,10,12,21,31,32,45,46,47,56,24,42,50,54,58,62,66,8,33,48,61,65,69,2,3,6,13,15,16,19,23,38,53,55,67,5,11,25,28,34,44,51,7,14,17,18,20,35,37,39,40,43,52,60,26,27,36,49,59,64,68,22,29,30,41,57,63]
/store/data/Run2023B/NoBPTX/RAW/v1/000/366/727/00000/e048a182-1122-4430-ae76-783b8673083a.root 366727 [122,103,105,112,116,117,118,124,119,125,126,108,109,123,104,114,106,110,120,121,107,111,113,115]
/store/data/Run2023B/NoBPTX/RAW/v1/000/366/729/00000/0fb7f4b5-08f7-4a41-8990-19f8f908a851.root 366729 [126,138,132,139,122,129,134,127,140,141,123,136,125,133,135,128,131,137,143,145,124,130,142,144]
/store/data/Run2023B/NoBPTX/RAW/v1/000/366/729/00000/1790fb57-6dc6-4826-9f63-2e0359affd54.root 366729 [345,348,351,361,366,343,352,357,365,367,369,344,359,364,349,358,362,353,356,346,347,350,363,354,355,360,368,341,342,370]
/store/data/Run2023B/NoBPTX/RAW/v1/000/366/729/00000/1cee5094-86df-4d5c-b965-0df4dfe574fe.root 366729 [254,255,258,262,272,273,256,266,260,263,268,274,271,278,264,265,276,277,257,259,279,280,267,270,261,269,275]
/store/data/Run2023B/NoBPTX/RAW/v1/000/366/729/00000/530c8b25-3ac8-4170-af36-7aab501efc69.root 366729 [159,166,165,171,150,156,146,154,155,157,163,170,172,151,153,158,162,148,149,152,164,167,168,169,147,160,161]
/store/data/Run2023B/NoBPTX/RAW/v1/000/366/729/00000/5ff71a44-b6c0-43a9-977d-8c7a6b4ae271.root 366729 [244,246,228,229,238,240,232,239,242,250,251,253,227,245,233,237,243,247,249,230,234,248,231,235,252,236,241]
/store/data/Run2023B/NoBPTX/RAW/v1/000/366/729/00000/6c4ae78d-07c5-47fd-95ab-56cf50bf725c.root 366729 [75,92,94,77,82,85,89,93,95,74,88,91,80,87,96,97,78,90,79,81,83,84,76,86]
/store/data/Run2023B/NoBPTX/RAW/v1/000/366/729/00000/8322c318-4403-4799-af19-f4f69038df66.root 366729 [19,21,22,34,40,5,13,20,24,33,35,36,38,41,42,3,15,17,30,43,47,4,8,9,10,11,25,45,2,27,32,1,12,14,16,23,26,29,31,37,48,49,6,7,39,44,46,18,28]
/store/data/Run2023B/NoBPTX/RAW/v1/000/366/729/00000/91573adc-f97d-4d12-b1b4-a177406dc78b.root 366729 [387,391,398,371,372,380,388,379,383,384,375,381,393,400,389,392,394,396,373,376,377,378,382,386,395,374,385,397,399,390]
/store/data/Run2023B/NoBPTX/RAW/v1/000/366/729/00000/a6e0ff89-2da5-45ce-a8c8-f793b573c8f7.root 366729 [404,405,406,413,414,401,410,412,402,403,415,419,407,408,411,416,417,409,418]
/store/data/Run2023B/NoBPTX/RAW/v1/000/366/729/00000/a89290ef-32a5-444f-a349-b7825d09de02.root 366729 [313,318,325,314,316,317,322,331,338,320,328,311,315,319,321,330,332,337,324,329,333,326,327,335,312,323,334,336,339,340]
/store/data/Run2023B/NoBPTX/RAW/v1/000/366/729/00000/ef3985f8-d249-406d-a7ff-643c980fe360.root 366729 [285,296,297,283,295,303,308,281,309,292,299,301,293,294,302,284,289,291,298,304,305,306,310,282,286,287,288,300,307,290]
/store/data/Run2023B/NoBPTX/RAW/v1/000/366/729/00000/f18e70da-15b8-4fa9-94cf-5aa202fd03c2.root 366729 [174,179,185,190,177,187,188,178,181,183,189,193,195,198,180,182,184,186,191,192,194,173,175,176,197,196,199]
/store/data/Run2023B/NoBPTX/RAW/v1/000/366/729/00000/f8137026-bd56-4587-80b5-f22916742975.root 366729 [203,207,208,218,221,213,217,201,210,212,220,222,205,219,225,202,204,206,224,215,216,226,200,223,209,211,214]
/store/data/Run2023B/NoBPTX/RAW/v1/000/366/729/00000/fabbfd9d-22ca-437b-bfba-056cc6e63662.root 366729 [100,101,102,107,113,119,103,104,105,111,109,114,115,118,108,116,98,117,106,112,99,110,120,121]
/store/data/Run2023B/NoBPTX/RAW/v1/000/366/729/00000/fea67006-0920-4994-80d7-22613b699d87.root 366729 [53,60,61,71,62,64,54,59,65,66,51,57,63,73,50,58,67,69,52,55,56,68,70,72]
/store/data/Run2023B/NoBPTX/RAW/v1/000/366/801/00000/0fc32853-e686-46f5-8eb2-420feba3677b.root 366801 [295,310,312,324,299,300,305,318,320,328,304,306,307,327,302,313,326,329,298,303,311,297,309,314,322,323,325,316,296,301,308,315,317,319,321,330]
/store/data/Run2023B/NoBPTX/RAW/v1/000/366/801/00000/39069dde-6957-43af-a581-8428a9ed6c86.root 366801 [157,162,137,140,145,147,148,151,158,160,133,136,141,134,144,149,155,150,153,154,138,139,142,146,161,143,156,159,135,152]
/store/data/Run2023B/NoBPTX/RAW/v1/000/366/801/00000/531596ad-fd10-449b-8355-37ed477574d0.root 366801 [416,403,404,409,423,424,405,408,411,413,407,425,410,412,421,426,406,415,418,419,420,422,414,417,427]
/store/data/Run2023B/NoBPTX/RAW/v1/000/366/801/00000/578785a8-ee6c-4c18-b8ab-3306b97fcfdd.root 366801 [335,345,352,353,336,342,331,341,349,361,363,364,333,334,350,358,343,346,348,355,332,339,340,356,359,360,338,351,354,362,337,344,347,357,365,366]
/store/data/Run2023B/NoBPTX/RAW/v1/000/366/801/00000/77547b43-3742-41b9-910c-0b57b4ed059f.root 366801 [109,115,106,104,110,111,126,132,108,116,122,117,118,121,128,130,103,114,119,124,129,107,105,112,113,120,123,125,127,131]
/store/data/Run2023B/NoBPTX/RAW/v1/000/366/801/00000/7847f221-1d24-4bf5-8ced-88d30912b589.root 366801 [85,86,92,101,73,77,78,84,87,94,76,91,93,80,90,99,89,95,75,96,100,74,81,83,88,102,79,82,97,98]
/store/data/Run2023B/NoBPTX/RAW/v1/000/366/801/00000/7c1c574b-2914-477e-877b-59d96e67b1ad.root 366801 [176,182,183,195,173,178,180,164,167,168,174,177,179,181,187,190,166,172,184,193,194,163,169,175,186,188,165,170,192,171,185,189,191]
/store/data/Run2023B/NoBPTX/RAW/v1/000/366/801/00000/84659fc8-afe2-47d5-a318-e25da01687b9.root 366801 [232,236,238,243,250,253,229,245,255,237,249,254,261,239,241,242,244,234,246,256,258,230,231,233,235,248,251,252,260,247,257,240,259]
/store/data/Run2023B/NoBPTX/RAW/v1/000/366/801/00000/96c407b3-5845-4a8b-9c80-52e44fb4caa7.root 366801 [390,392,368,372,379,389,396,397,399,377,382,388,400,367,370,376,386,395,398,401,378,381,384,385,391,369,373,374,371,375,380,383,387,393,394,402]
/store/data/Run2023B/NoBPTX/RAW/v1/000/366/801/00000/9fc42913-2a13-47ab-9841-b43cc947ebb7.root 366801 [199,202,208,222,224,228,204,206,207,209,210,213,215,200,201,225,197,203,220,212,221,211,214,217,218,223,226,196,216,219,227,198,205]
/store/data/Run2023B/NoBPTX/RAW/v1/000/366/801/00000/b04e62a9-341e-4415-abb4-7dcf581ee93a.root 366801 [47,53,56,60,57,61,44,45,46,54,66,52,55,58,68,65,49,59,63,64,69,48,51,62,67,72,43,50,70,71]
/store/data/Run2023B/NoBPTX/RAW/v1/000/366/801/00000/d6ecfc4c-dfbb-45bf-af3a-b3855b8fae6f.root 366801 [284,287,291,266,279,281,293,268,272,274,285,286,292,294,267,275,282,283,262,263,264,265,270,276,280,271,288,269,273,277,278,289,290]
/store/data/Run2023B/NoBPTX/RAW/v1/000/366/801/00000/e14e0fc7-4f52-457c-8e0b-075a583d8e93.root 366801 [3,6,11,14,20,21,25,36,37,42,4,13,26,31,5,17,34,41,1,7,12,30,33,40,27,8,16,22,32,9,10,18,23,24,29,39,2,15,19,28,35,38]
/store/data/Run2023B/NoBPTX/RAW/v1/000/366/802/00000/5bd5cd06-5862-4008-b449-679159adc0a2.root 366802 [1,11,13,19,7,16,2,5,9,10,12,3,6,8,4,21,15,18,20,14,17]
/store/data/Run2023B/NoBPTX/RAW/v1/000/366/804/00000/1055c138-c711-497b-ba93-807749222de4.root 366804 [151,158,153,156,157,154,147,152,159,150,148,149,155]
/store/data/Run2023B/NoBPTX/RAW/v1/000/366/804/00000/531c3ce1-9f0a-472a-8b04-7d72d312f79e.root 366804 [131,134,145,108,127,132,136,138,139,107,123,125,130,133,109,113,129,141,111,114,116,119,126,128,118,120,122,110,112,115,135,137,140,144,146,117,121,124,142,143]
/store/data/Run2023B/NoBPTX/RAW/v1/000/366/804/00000/94f0c896-74fa-4e07-9e30-78b17f354a01.root 366804 [66,83,87,95,104,65,69,77,81,71,72,85,91,97,102,62,75,82,88,105,90,96,99,100,67,68,70,76,80,84,86,92,103,63,78,79,93,94,98,64,73,74,89,101,106]
/store/data/Run2023B/NoBPTX/RAW/v1/000/366/804/00000/d75d6c26-34ef-47bf-9023-5c8bc643f809.root 366804 [2,8,15,20,22,30,36,37,41,52,58,16,23,54,56,57,1,3,6,7,9,10,11,24,33,35,38,43,45,59,18,25,26,28,31,34,39,46,53,12,13,17,29,32,44,51,42,55,5,14,19,40,50,60,61,4,21,27,47,48,49]
/store/data/Run2023B/NoBPTX/RAW/v1/000/366/820/00000/01941549-5b0f-4777-8442-3373979f6ba2.root 366820 [6,12,15,16,18,22,29,38,40,45,56,63,85,90,9,19,23,31,37,53,55,57,61,69,75,76,94,3,10,13,41,59,79,92,4,5,32,33,47,60,64,70,72,73,77,81,88,95,1,2,17,28,48,65,83,7,14,24,34,51,62,66,67,68,78,86,96,25,27,30,35,39,42,49,50,52,80,87,97,8,11,20,21,26,36,43,44,46,54,58,71,74,82,84,89,91,93,98]
/store/data/Run2023B/NoBPTX/RAW/v1/000/366/820/00000/0988cab5-ae25-4da2-aab0-1dc16d4ec3d5.root 366820 [110,111,114,115,119,130,100,104,106,117,127,103,122,128,137,113,120,125,112,118,123,132,133,139,99,102,105,116,121,124,138,101,109,134,135,107,108,126,129,131,136,140]
/store/data/Run2023B/NoBPTX/RAW/v1/000/366/820/00000/313349cd-1cf5-4840-b05e-0ca20806d61d.root 366820 [234,236,239,228,232,235,238,242,247,230,241,243,244,231,233,237,229,245,246,227,240]
/store/data/Run2023B/NoBPTX/RAW/v1/000/366/820/00000/40e0c4f2-09b2-497c-bc41-878e7fe34f61.root 366820 [385,391,392,394,399,390,393,383,384,397,382,386,388,380,387,381,389,395,396,398,400]
/store/data/Run2023B/NoBPTX/RAW/v1/000/366/820/00000/556222f7-047e-4011-b00d-01cda656d68d.root 366820 [255,258,259,261,262,265,248,254,251,249,256,252,253,257,250,267,266,268,260,263,264]
/store/data/Run2023B/NoBPTX/RAW/v1/000/366/820/00000/5c2292a3-9114-4434-8576-471f3139b69a.root 366820 [403,406,405,404,411,402,410,408,407,401,409]
/store/data/Run2023B/NoBPTX/RAW/v1/000/366/820/00000/7b2324b6-040a-4c0a-a39d-40165167af80.root 366820 [344,346,356,339,342,343,351,352,353,337,345,350,355,336,338,341,347,340,348,354,349]
/store/data/Run2023B/NoBPTX/RAW/v1/000/366/820/00000/7e19ee7a-a305-40ab-b5c2-2b10cbe7349b.root 366820 [368,369,375,377,365,366,367,370,376,378,360,364,362,358,379,363,372,374,357,359,361,371,373]
/store/data/Run2023B/NoBPTX/RAW/v1/000/366/820/00000/a27a7164-d07e-42fb-912c-1c7a0342d229.root 366820 [269,272,274,277,279,281,273,286,271,288,276,283,287,275,282,285,290,270,280,284,278,289]
/store/data/Run2023B/NoBPTX/RAW/v1/000/366/820/00000/af1db00e-2e0a-43e7-b528-1f6fe4759626.root 366820 [297,309,311,295,304,306,312,303,292,314,291,301,310,294,299,307,313,302,305,308,293,296,298,300]
/store/data/Run2023B/NoBPTX/RAW/v1/000/366/820/00000/af3fc45a-6076-40dc-b29e-a28843f85cd5.root 366820 [144,151,155,163,168,141,145,159,160,161,164,166,169,152,157,173,142,146,150,153,158,162,167,147,172,148,156,165,170,171,143,149,154]
/store/data/Run2023B/NoBPTX/RAW/v1/000/366/820/00000/be1a84c2-d10f-4cf5-b56b-fe6cf1a4e9c6.root 366820 [321,324,318,319,334,316,323,328,329,332,335,317,325,333,315,322,326,327,331,320,330]
/store/data/Run2023B/NoBPTX/RAW/v1/000/366/820/00000/d3123979-df0c-4ef4-a79b-e21eabc31185.root 366820 [175,179,186,190,192,197,202,177,184,193,176,180,194,198,174,185,188,199,181,187,191,196,200,189,201,178,182,183,195]
/store/data/Run2023B/NoBPTX/RAW/v1/000/366/820/00000/da3b7823-450a-406f-8a50-7739f85f7ff3.root 366820 [221,224,206,208,222,209,218,220,203,204,213,215,226,205,210,217,219,225,207,211,212,216,214,223]
/store/data/Run2023B/NoBPTX/RAW/v1/000/366/821/00000/01618687-644b-4bd7-abe7-ff8935490071.root 366821 [721,723,727,733,737,738,741,742,748,752,720,725,728,732,722,724,734,750,753,754,730,736,739,743,745,747,751,726,729,740,746,749,731,735,744]
/store/data/Run2023B/NoBPTX/RAW/v1/000/366/821/00000/03233795-cd33-44ec-b504-0575585507e0.root 366821 [282,288,300,303,304,289,285,291,295,299,283,292,294,297,305,284,287,298,301,302,293,296,306,309,286,290,307,308]
/store/data/Run2023B/NoBPTX/RAW/v1/000/366/821/00000/11a3c416-2eab-4766-bc2a-473c2dc60fde.root 366821 [237,240,243,235,238,244,236,249,229,245,239,241,247,227,233,248,226,228,232,230,231,234,242,246]
/store/data/Run2023B/NoBPTX/RAW/v1/000/366/821/00000/1fa6bbb4-2df8-4e6d-abc5-3f007c616bed.root 366821 [584,587,590,597,599,600,609,613,591,603,601,602,605,606,610,614,585,586,588,589,592,596,604,611,615,612,593,594,595,598,607,608]
/store/data/Run2023B/NoBPTX/RAW/v1/000/366/821/00000/1fb3eaa7-c3c1-429a-8c01-c7721aac588a.root 366821 [759,774,787,765,770,772,786,756,760,762,767,769,777,779,788,776,789,757,761,766,768,771,782,783,775,758,780,781,785,763,755,764,773,778,784]
/store/data/Run2023B/NoBPTX/RAW/v1/000/366/821/00000/254295b4-c6b3-471c-bfed-0b3c0e734a62.root 366821 [553,559,568,569,583,562,565,570,576,577,582,554,557,563,564,574,567,572,575,579,551,552,556,558,566,573,578,550,555,560,561,571,580,581]
/store/data/Run2023B/NoBPTX/RAW/v1/000/366/821/00000/29cba12c-2f88-4edd-9f1d-a3c5bf0fd5c9.root 366821 [79,91,108,81,82,88,89,95,97,104,105,112,120,96,103,114,92,99,102,106,110,115,118,85,86,90,93,100,107,109,111,113,117,78,80,101,116,83,84,87,94,98,119]
/store/data/Run2023B/NoBPTX/RAW/v1/000/366/821/00000/3265e824-40d1-4f6f-931c-3c1a6ee93b01.root 366821 [910,919,927,935,943,944,945,906,918,920,925,928,911,916,922,932,924,937,939,909,926,929,941,908,913,914,933,934,938,915,917,921,923,930,931,936,940,905,907,912,942]
/store/data/Run2023B/NoBPTX/RAW/v1/000/366/821/00000/33641514-1f01-4ef2-b976-7823b0d10777.root 366821 [432,450,451,430,435,437,446,449,426,429,436,445,452,427,434,439,442,443,438,448,428,444,447,453,431,433,441,440]
/store/data/Run2023B/NoBPTX/RAW/v1/000/366/821/00000/3bc0dd9b-0756-4da9-aa6d-84493d24ae66.root 366821 [262,258,263,253,265,267,270,277,255,261,252,257,266,268,272,251,256,260,269,273,254,264,274,276,250,259,271,275]
/store/data/Run2023B/NoBPTX/RAW/v1/000/366/821/00000/473bd968-9974-428b-8a24-4b9fb9622c9d.root 366821 [666,669,673,653,660,672,677,681,682,654,655,656,657,659,675,680,683,684,665,663,671,674,676,652,658,661,662,664,667,668,670,678,679]
/store/data/Run2023B/NoBPTX/RAW/v1/000/366/821/00000/48a713c2-3898-4c71-a8cd-a3bfe95322e5.root 366821 [310,329,328,335,312,313,316,326,331,314,315,318,321,327,330,334,323,320,337,319,324,332,336,311,317,322,325,333]
/store/data/Run2023B/NoBPTX/RAW/v1/000/366/821/00000/4dddba98-98f4-414a-991e-0f10ce907837.root 366821 [394,398,405,409,412,416,418,421,401,402,406,407,413,395,417,422,400,404,408,415,420,425,396,397,399,411,424,403,410,414,419,423]
/store/data/Run2023B/NoBPTX/RAW/v1/000/366/821/00000/4f61ce68-39f8-425e-a2f6-b7e322016653.root 366821 [874,882,890,892,897,899,904,869,879,883,903,866,867,868,886,893,896,871,875,877,885,891,895,900,865,870,872,878,884,887,898,873,876,901,880,881,902,888,889,894]
/store/data/Run2023B/NoBPTX/RAW/v1/000/366/821/00000/65a6503c-ea7f-467b-8ebe-0caab8c9ef79.root 366821 [137,141,148,150,121,126,130,131,143,145,135,139,146,149,124,134,144,122,123,138,151,125,132,128,133,136,140,147,127,129,142,152]
/store/data/Run2023B/NoBPTX/RAW/v1/000/366/821/00000/6ab5212f-6755-4ade-9b3d-e88031bea115.root 366821 [279,280,278]
/store/data/Run2023B/NoBPTX/RAW/v1/000/366/821/00000/88ff5c90-dcc5-442d-a4eb-9b0d597c07c7.root 366821 [458,465,468,479,455,474,485,463,464,478,480,473,482,460,477,483,466,469,454,457,459,462,470,471,472,481,484,456,461,467,475,476]
/store/data/Run2023B/NoBPTX/RAW/v1/000/366/821/00000/8fe0b403-bbc3-434a-b021-e2f764f06248.root 366821 [160,161,170,164,176,166,154,155,165,156,171,157,167,172,173,153,158,162,169,159,163,168,174,175]
/store/data/Run2023B/NoBPTX/RAW/v1/000/366/821/00000/9091a775-7bf8-4323-95f0-90eee08aa3a3.root 366821 [180,194,199,179,186,178,182,191,201,184,185,187,195,197,183,188,189,190,193,192,196,200,177,181,198]
/store/data/Run2023B/NoBPTX/RAW/v1/000/366/821/00000/919be6cc-97d8-4259-9dec-f11187623124.root 366821 [832,833,839,840,851,854,834,837,862,836,843,859,855,845,847,857,830,842,849,853,858,831,835,838,844,850,863,864,841,846,848,852,856,860,861]
/store/data/Run2023B/NoBPTX/RAW/v1/000/366/821/00000/99019f13-c664-44fc-8fa7-f195f3f4734e.root 366821 [625,627,638,647,616,618,637,641,642,650,622,639,644,646,620,621,630,640,623,632,633,649,617,619,624,628,629,645,643,648,651,626,631,634,635,636]
/store/data/Run2023B/NoBPTX/RAW/v1/000/366/821/00000/a32af21c-054d-4b9b-89b1-275631c62045.root 366821 [804,819,791,795,808,817,827,794,799,805,818,828,829,790,793,807,809,812,813,816,796,802,820,822,826,797,798,803,806,810,814,824,800,801,821,792,811,815,823,825]
/store/data/Run2023B/NoBPTX/RAW/v1/000/366/821/00000/ac9f8fd3-8781-45b4-8d8c-83f8c4e9220c.root 366821 [222,210,211,215,223,224,206,216,217,218,212,213,219,204,205,208,214,220,209,221,202,203,207,225]
/store/data/Run2023B/NoBPTX/RAW/v1/000/366/821/00000/bd4823c0-a2b8-469d-a479-aae81ef86e53.root 366821 [52,53,69,73,48,55,59,60,61,62,63,67,72,75,49,65,66,70,74,50,54,56,51,71,77,47,64,76,68,57,58]
/store/data/Run2023B/NoBPTX/RAW/v1/000/366/821/00000/c6806095-c060-4110-b6c9-89bddfff60fc.root 366821 [27,40,28,33,43,45,30,26,31,38,29,39,46,32,34,35,36,41,42,44,37]
/store/data/Run2023B/NoBPTX/RAW/v1/000/366/821/00000/ca013474-afec-40ad-aaca-f13d0d47fc92.root 366821 [366,381,386,388,390,370,371,382,368,374,385,378,383,391,376,384,369,372,373,380,387,393,367,375,377,379,389,392]
/store/data/Run2023B/NoBPTX/RAW/v1/000/366/821/00000/cef1eb85-67f5-4e6d-8845-90ee5ea7ce32.root 366821 [685,692,700,703,707,709,715,716,717,688,689,691,695,699,706,713,686,704,718,696,698,701,702,690,694,697,705,710,714,719,687,693,708,711,712]
/store/data/Run2023B/NoBPTX/RAW/v1/000/366/821/00000/d3313c28-054a-444d-b10b-8a82b86525db.root 366821 [486,487,490,495,501,511,513,515,517,497,505,499,502,489,491,503,508,509,493,498,500,504,507,514,488,510,512,516,492,506,494,496]
/store/data/Run2023B/NoBPTX/RAW/v1/000/366/821/00000/e5c2746a-f03c-4721-8bac-67aae8dad451.root 366821 [7,10,21,3,17,18,24,4,11,22,23,1,9,12,15,19,16,20,14,2,5,6,8,13,25]
/store/data/Run2023B/NoBPTX/RAW/v1/000/366/821/00000/f79fa335-9b43-4b9b-8aa4-b3849dc1a2c9.root 366821 [346,352,362,338,347,357,359,360,361,364,340,344,350,353,356,358,363,365,341,348,349,342,345,355,339,343,351,354]
/store/data/Run2023B/NoBPTX/RAW/v1/000/366/821/00000/f8fa4251-f4cc-4402-a918-59e01bfdedbb.root 366821 [525,518,536,542,531,519,520,524,522,526,533,534,539,544,546,538,521,529,532,540,541,549,527,528,543,530,545,548,523,535,537,547]
/store/data/Run2023B/NoBPTX/RAW/v1/000/366/821/00000/fc3aeaaa-7250-41d3-abfe-f5db13a4e7aa.root 366821 [961,964,969,970,979,978,946,957,962,974,975,980,951,958,960,967,973,976,948,955,956,968,971,972,949,950,954,966,977,947,952,953,963,959,965]
