/store/data/Run2024E/MuonEG/RAW/v1/000/381/079/00000/06c13697-83cb-4b6b-baa1-c544dd94aa20.root [151,148,149,147,150,152]
/store/data/Run2024E/MuonEG/RAW/v1/000/381/079/00000/09b1763c-5f51-494e-9eaa-f09e6b99a40c.root [163,164,162,165,166,160,161]
/store/data/Run2024E/MuonEG/RAW/v1/000/381/079/00000/0d486c9c-3cd7-4085-9d28-43884fd3dabb.root [318,315,314,313,316,317,319]
/store/data/Run2024E/MuonEG/RAW/v1/000/381/079/00000/0ec5d600-ed60-4ca2-b50e-74e8b9bb5d5d.root [5,6,2,7,4,3]
/store/data/Run2024E/MuonEG/RAW/v1/000/381/079/00000/0f7a7c9c-d35f-4856-aa6a-8b70a095d7cf.root [371,367,368,370,372,365,366,369]
/store/data/Run2024E/MuonEG/RAW/v1/000/381/079/00000/11212161-1434-4e9e-98f5-1788bcb75bf4.root [205,203,200,201,202,204,206]
/store/data/Run2024E/MuonEG/RAW/v1/000/381/079/00000/124ac091-a136-4db8-aae8-8ace7bef2473.root [284,281,278,282,283,280,279]
/store/data/Run2024E/MuonEG/RAW/v1/000/381/079/00000/141cf1fe-b733-47c4-89ec-48da120af324.root [24,23,22,20,21]
/store/data/Run2024E/MuonEG/RAW/v1/000/381/079/00000/18a87c98-7a7c-4078-8863-687b1c7e5bb9.root [220,216,217,215,218,214,219]
/store/data/Run2024E/MuonEG/RAW/v1/000/381/079/00000/1e3ade0d-d60a-40ea-bb51-477ed299d433.root [263,264,270,265,269,266,267,268]
/store/data/Run2024E/MuonEG/RAW/v1/000/381/079/00000/27a3cd1e-912d-40b0-bc5f-fed8d69ac40a.root [275,277,271,272,273,276,274]
/store/data/Run2024E/MuonEG/RAW/v1/000/381/079/00000/2d9d0237-2192-4ff4-827f-f3ffc5675ee8.root [106,107,105,110,108,109]
/store/data/Run2024E/MuonEG/RAW/v1/000/381/079/00000/2e19f9b3-160e-41f7-8770-400fe5d39091.root [75,80,76,78,77,79]
/store/data/Run2024E/MuonEG/RAW/v1/000/381/079/00000/2f53debe-2a33-4147-9c6f-1876ca65f326.root [389,390,391,393,392,394]
/store/data/Run2024E/MuonEG/RAW/v1/000/381/079/00000/3100b0d1-b7e0-4f0f-b513-f4db2d8dbd80.root [98,97,94,95,96,93]
/store/data/Run2024E/MuonEG/RAW/v1/000/381/079/00000/34275172-2608-45cc-809a-2e5fd62376e0.root [19,15,18,16,14,17]
/store/data/Run2024E/MuonEG/RAW/v1/000/381/079/00000/34f679f0-3c5f-42e8-ae3d-62d488f88f14.root [385,383,388,384,382,386,387]
/store/data/Run2024E/MuonEG/RAW/v1/000/381/079/00000/373689fa-86ae-4d29-9af3-7f3bc6dbdea4.root [334,336,338,340,335,337,339]
/store/data/Run2024E/MuonEG/RAW/v1/000/381/079/00000/398fbaef-3e87-4834-be70-e131cbcf3291.root [349,355,350,356,351,352,354,353]
/store/data/Run2024E/MuonEG/RAW/v1/000/381/079/00000/3d17ede9-baa2-44c4-8755-a765927c5da4.root [159,158,157,154,155,156,153]
/store/data/Run2024E/MuonEG/RAW/v1/000/381/079/00000/42982de4-62e4-4fef-b724-b9a464b66a25.root [296,297,298,292,294,293,295]
/store/data/Run2024E/MuonEG/RAW/v1/000/381/079/00000/46b59e41-dfc9-49af-bb92-2b231eaf8c77.root [288,290,286,285,287,289,291]
/store/data/Run2024E/MuonEG/RAW/v1/000/381/079/00000/4ba9d562-2fef-42ad-8df8-8f506f07bfad.root [90,91,92,89,87,88]
/store/data/Run2024E/MuonEG/RAW/v1/000/381/079/00000/4c0c0c92-ef33-4993-ae61-7d06c03d13ea.root [342,348,343,345,346,344,341,347]
/store/data/Run2024E/MuonEG/RAW/v1/000/381/079/00000/4ec3b3ef-ee6d-4d3e-ac42-e16ab2ce9be4.root [240,238,235,237,241,236,239]
/store/data/Run2024E/MuonEG/RAW/v1/000/381/079/00000/4fb8033b-1988-48f8-ae5a-c86055bdde88.root [245,244,243,247,242,246,248]
/store/data/Run2024E/MuonEG/RAW/v1/000/381/079/00000/50e8b6ca-36a4-4669-a7e2-cc5c04384507.root [330,332,328,327,329,331,333]
/store/data/Run2024E/MuonEG/RAW/v1/000/381/079/00000/5d0a3134-4ec7-45ed-a567-d89cfe9510d0.root [124,126,125,127,123,128]
/store/data/Run2024E/MuonEG/RAW/v1/000/381/079/00000/60020365-b3ef-4d84-baab-81c8fabe9614.root [191,188,189,186,187,192,190]
/store/data/Run2024E/MuonEG/RAW/v1/000/381/079/00000/60a7cdab-732e-43e2-a5cc-e0128b2c994f.root [131,132,133,134,129,130]
/store/data/Run2024E/MuonEG/RAW/v1/000/381/079/00000/655e785a-140a-45f0-9383-947934d97dab.root [142,145,143,141,144,146]
/store/data/Run2024E/MuonEG/RAW/v1/000/381/079/00000/7493c5b3-60fa-4198-891a-880cee5ddfec.root [302,305,301,304,299,300,303]
/store/data/Run2024E/MuonEG/RAW/v1/000/381/079/00000/7fcb5c5c-5905-4603-946e-7600165c32f7.root [81,84,83,85,86,82]
/store/data/Run2024E/MuonEG/RAW/v1/000/381/079/00000/88c569c9-603b-46d1-817a-56b47c67e3cb.root [37,39,35,38,36]
/store/data/Run2024E/MuonEG/RAW/v1/000/381/079/00000/88f5e9a6-18e9-411c-b53e-a280069ff7d4.root [28,26,27,25,29]
/store/data/Run2024E/MuonEG/RAW/v1/000/381/079/00000/89fdd4c4-e75f-43b5-96c3-b6ddcf00451f.root [65,67,63,68,64,66]
/store/data/Run2024E/MuonEG/RAW/v1/000/381/079/00000/8d602242-9821-4364-afd4-749ca9856da9.root [376,377,378,375,380,373,381,374,379]
/store/data/Run2024E/MuonEG/RAW/v1/000/381/079/00000/96121daa-3d14-44e1-9a8c-318bcd9f5eaa.root [169,170,171,172,168,167]
/store/data/Run2024E/MuonEG/RAW/v1/000/381/079/00000/9613d29d-723e-4ab7-a406-25affb4a8362.root [40,44,41,43,45,42]
/store/data/Run2024E/MuonEG/RAW/v1/000/381/079/00000/989514c6-be0f-417d-bc1a-74422447bf5d.root [227,222,223,226,224,225,221]
/store/data/Run2024E/MuonEG/RAW/v1/000/381/079/00000/9bcd6b1a-6e64-4e27-89ec-cd4630c4089c.root [178,174,176,177,179,173,175]
/store/data/Run2024E/MuonEG/RAW/v1/000/381/079/00000/a5329258-2b1c-48fb-8738-ab30411ddc44.root [309,310,311,308,306,312,307]
/store/data/Run2024E/MuonEG/RAW/v1/000/381/079/00000/a8874907-b24c-48d2-aefd-89d1facc5462.root [249,253,252,254,250,251,255]
/store/data/Run2024E/MuonEG/RAW/v1/000/381/079/00000/ae0fbf5a-ef31-4024-b802-7c7e0cd37e14.root [361,363,359,360,362,357,358,364]
/store/data/Run2024E/MuonEG/RAW/v1/000/381/079/00000/aee54d3b-a524-4b9b-9bed-3e16597cbb5d.root [256,259,260,262,257,258,261]
/store/data/Run2024E/MuonEG/RAW/v1/000/381/079/00000/b0376630-3cff-47fd-ad54-ed6100c3b107.root [11,13,8,10,9,12]
/store/data/Run2024E/MuonEG/RAW/v1/000/381/079/00000/b374ac55-661c-4e67-b3b4-b8ed7ed8b4ae.root [208,209,211,213,207,212,210]
/store/data/Run2024E/MuonEG/RAW/v1/000/381/079/00000/b75b11ce-c401-4635-aa96-eb708d81bbf0.root [322,321,320,323,324,325,326]
/store/data/Run2024E/MuonEG/RAW/v1/000/381/079/00000/ba8e6116-c69b-409a-b957-89c4ec1693da.root [103,100,101,104,102,99]
/store/data/Run2024E/MuonEG/RAW/v1/000/381/079/00000/bab8c8fa-9c28-4781-bdf0-3a27076559fa.root [53,54,52,56,51,55]
/store/data/Run2024E/MuonEG/RAW/v1/000/381/079/00000/c41d2452-5968-45a4-bc20-7882cd2ec5bf.root [182,184,183,180,185,181]
/store/data/Run2024E/MuonEG/RAW/v1/000/381/079/00000/cb0a2d68-4db7-468a-9c41-c4f35ff31b47.root [61,59,58,57,60,62]
/store/data/Run2024E/MuonEG/RAW/v1/000/381/079/00000/cd1affde-7972-430d-b3c8-5c82d9f8d462.root [47,49,50,48,46]
/store/data/Run2024E/MuonEG/RAW/v1/000/381/079/00000/d9a76f6d-6cea-4d43-ad43-ae26c94fa6df.root [136,137,135,140,138,139]
/store/data/Run2024E/MuonEG/RAW/v1/000/381/079/00000/db0111ca-c22f-46cf-8fba-5149e552bff2.root [230,232,228,234,231,233,229]
/store/data/Run2024E/MuonEG/RAW/v1/000/381/079/00000/e678384d-3807-4be1-8c66-815340cf3b75.root [70,71,69,74,72,73]
/store/data/Run2024E/MuonEG/RAW/v1/000/381/079/00000/f66834fc-d600-45fe-8eba-6316310be9a0.root [113,112,114,111,115,116]
/store/data/Run2024E/MuonEG/RAW/v1/000/381/079/00000/f6c99f5d-4a6c-4af2-92c4-1a7fa684bf46.root [122,118,119,120,117,121]
/store/data/Run2024E/MuonEG/RAW/v1/000/381/079/00000/fcdf4fc8-1b4f-44f1-95b4-a68598191350.root [193,195,197,199,194,196,198]
/store/data/Run2024E/MuonEG/RAW/v1/000/381/079/00000/fe0c9b30-b3d1-41e0-a08f-b30d4b7b3937.root [33,32,34,31,30]
