/store/data/Run2024D/NoBPTX/RAW/v1/000/380/306/00000/0cb86d5d-3a72-447f-be9e-4247b5f7dc45.root 380306 [245,244,250,249,246,248,247]
/store/data/Run2024D/NoBPTX/RAW/v1/000/380/306/00000/1a444b28-99dc-4ddd-b7dd-6ea9353c8627.root 380306 [197,198,200,201,199,196]
/store/data/Run2024D/NoBPTX/RAW/v1/000/380/306/00000/1c6986cf-ebf8-4579-a471-b695a98e0280.root 380306 [110,107,106,111,108,109]
/store/data/Run2024D/NoBPTX/RAW/v1/000/380/306/00000/1e5702b4-d394-486b-a229-bdcdf403fa3e.root 380306 [223,224,225,222,220,221]
/store/data/Run2024D/NoBPTX/RAW/v1/000/380/306/00000/1e6db8e8-6d29-46c1-8247-ba16b0012fc8.root 380306 [34,43,45,54,58,59,9,10,37,39,41,49,52,19,22,24,26,29,11,21,40,42,53,56,7,8,12,13,16,25,28,32,33,36,38,14,17,18,35,47,51,55,20,27,31,50,57,15,23,30,44,46,48]
/store/data/Run2024D/NoBPTX/RAW/v1/000/380/306/00000/2299ec2e-02cf-4550-89cf-147bc5e999c7.root 380306 [159,157,154,155,156,158]
/store/data/Run2024D/NoBPTX/RAW/v1/000/380/306/00000/2aebff79-72f7-4e7d-9b6f-a6d87f938c7a.root 380306 [142,146,144,143,147,145]
/store/data/Run2024D/NoBPTX/RAW/v1/000/380/306/00000/4ad9cb6d-bfa7-4119-a842-9674ffe31b06.root 380306 [259,260,261,258,262,257]
/store/data/Run2024D/NoBPTX/RAW/v1/000/380/306/00000/4ada601b-f726-4a93-a18c-654a1781ade8.root 380306 [226,229,231,230,228,227]
/store/data/Run2024D/NoBPTX/RAW/v1/000/380/306/00000/4dd24de8-543d-41f2-9ac5-51856053dd7b.root 380306 [215,216,217,219,218,214]
/store/data/Run2024D/NoBPTX/RAW/v1/000/380/306/00000/6f9f1a67-291b-4a7f-9d81-450b2cd30faf.root 380306 [163,164,165,160,161,162]
/store/data/Run2024D/NoBPTX/RAW/v1/000/380/306/00000/79def3f0-abb8-4d15-86ba-079d5c287c2f.root 380306 [203,205,207,204,202,206]
/store/data/Run2024D/NoBPTX/RAW/v1/000/380/306/00000/7e354f5b-6091-47be-8dff-342b8ed70701.root 380306 [252,251,254,256,253,255]
/store/data/Run2024D/NoBPTX/RAW/v1/000/380/306/00000/814dd492-4203-411c-9da4-f2e2f70b8558.root 380306 [235,232,233,234,236,237]
/store/data/Run2024D/NoBPTX/RAW/v1/000/380/306/00000/866b56bc-1f48-49df-b2bc-37389c7a988a.root 380306 [3,1,4,2,5]
/store/data/Run2024D/NoBPTX/RAW/v1/000/380/306/00000/884bd20d-6192-40d1-83cc-75f3db331b6f.root 380306 [209,210,208,211,212,213]
/store/data/Run2024D/NoBPTX/RAW/v1/000/380/306/00000/8d86ba4f-49f4-4653-bc07-c037442fbf75.root 380306 [189,187,186,184,185,188]
/store/data/Run2024D/NoBPTX/RAW/v1/000/380/306/00000/aae87b46-33ef-4b5f-b156-54c2ef50a1f0.root 380306 [84,86,83,80,88,81,82,85,87,89]
/store/data/Run2024D/NoBPTX/RAW/v1/000/380/306/00000/ae6ded92-2184-4599-bc8b-47c1d537fa9e.root 380306 [195,194,190,191,193,192]
/store/data/Run2024D/NoBPTX/RAW/v1/000/380/306/00000/af4e8afa-ed8c-4e41-9693-6a7b003a74de.root 380306 [121,119,123,122,118,120]
/store/data/Run2024D/NoBPTX/RAW/v1/000/380/306/00000/b0dad99b-b6d5-40a8-8164-bedf7b43a4d8.root 380306 [149,148,151,152,150,153]
/store/data/Run2024D/NoBPTX/RAW/v1/000/380/306/00000/bb808630-173b-4694-8925-bb6c960929fe.root 380306 [127,124,126,128,125,129]
/store/data/Run2024D/NoBPTX/RAW/v1/000/380/306/00000/be00f5f4-593d-437b-bd6e-959f2a29c735.root 380306 [172,175,177,173,176,174]
/store/data/Run2024D/NoBPTX/RAW/v1/000/380/306/00000/bf744d9a-2659-4bda-b785-c699ded066c7.root 380306 [140,136,137,139,141,138]
/store/data/Run2024D/NoBPTX/RAW/v1/000/380/306/00000/c0d581a5-d84b-4224-ba06-b7bce5e3ee8b.root 380306 [134,135,131,132,133,130]
/store/data/Run2024D/NoBPTX/RAW/v1/000/380/306/00000/c1964e29-aedd-4aae-b913-dacd2329d7b9.root 380306 [178,179,181,183,182,180]
/store/data/Run2024D/NoBPTX/RAW/v1/000/380/306/00000/c927c1b5-fd7e-48a5-b45a-642b54f68813.root 380306 [239,241,240,238,242,243]
/store/data/Run2024D/NoBPTX/RAW/v1/000/380/306/00000/d0142d60-c266-4820-9ded-70b537e0b634.root 380306 [100,105,101,104,98,99,103,102]
/store/data/Run2024D/NoBPTX/RAW/v1/000/380/306/00000/d26480c2-cf75-43bf-93d8-e5e3507357b7.root 380306 [61,63,71,60,62,67,79,65,68,70,66,74,75,76,77,69,73,72,78,64]
/store/data/Run2024D/NoBPTX/RAW/v1/000/380/306/00000/e3ba18d6-5e5a-41fe-9fce-847be5778ff4.root 380306 [90,95,93,96,97,91,92,94]
/store/data/Run2024D/NoBPTX/RAW/v1/000/380/306/00000/ecebd4f0-c843-488e-87b1-ea4b02093532.root 380306 [268,265,263,264,266,267]
/store/data/Run2024D/NoBPTX/RAW/v1/000/380/306/00000/eec843fa-0db9-4551-9186-cbdab237aa50.root 380306 [116,112,117,113,114,115]
/store/data/Run2024D/NoBPTX/RAW/v1/000/380/306/00000/f895cab9-4a75-4fb6-95e1-a2b96424cbfd.root 380306 [269]
/store/data/Run2024D/NoBPTX/RAW/v1/000/380/306/00000/fa7814ab-98b8-4adf-aea9-84f3216ec1b5.root 380306 [171,168,170,166,167,169]
/store/data/Run2024D/NoBPTX/RAW/v1/000/380/308/00000/0c954cee-ba71-4955-a7ce-bce33e5247c6.root 380308 [17,19,18,16,20,15]
/store/data/Run2024D/NoBPTX/RAW/v1/000/380/308/00000/147ade8b-ca79-42b1-bc44-07e75c3ee0e6.root 380308 [22,25,21,24,23,26]
/store/data/Run2024D/NoBPTX/RAW/v1/000/380/308/00000/226b5e4d-2966-4a05-a534-764838194abb.root 380308 [34,33,35]
/store/data/Run2024D/NoBPTX/RAW/v1/000/380/308/00000/3bd1c73e-3e9a-41ab-8e40-18506c04af37.root 380308 [9,14,10,11,12,13]
/store/data/Run2024D/NoBPTX/RAW/v1/000/380/308/00000/56e84d31-83a6-495e-8181-47c3cd428d50.root 380308 [5,8,4,3,2,6,7]
/store/data/Run2024D/NoBPTX/RAW/v1/000/380/308/00000/c00ed0e8-5543-4eaf-9c3a-504176067994.root 380308 [32,28,27,30,29,31]
/store/data/Run2024D/NoBPTX/RAW/v1/000/380/309/00000/031e6b77-0e5d-4d5f-ad7b-f6867a9bbe48.root 380309 [105,106,107,103,104,108]
/store/data/Run2024D/NoBPTX/RAW/v1/000/380/309/00000/05b01362-9834-4210-9a9d-33fd7ac3e021.root 380309 [302,306,304,303,301,305]
/store/data/Run2024D/NoBPTX/RAW/v1/000/380/309/00000/0d1c8307-90a7-4e74-a71e-b971ad20b0fb.root 380309 [13,14,16,17,15,18]
/store/data/Run2024D/NoBPTX/RAW/v1/000/380/309/00000/174eeda1-b3f2-46e3-89c7-2cdb82d9e7e7.root 380309 [262,259,264,261,263,260]
/store/data/Run2024D/NoBPTX/RAW/v1/000/380/309/00000/1761c55d-4cbe-43d4-a28e-6d9060dff302.root 380309 [48,46,45,44,47,43]
/store/data/Run2024D/NoBPTX/RAW/v1/000/380/309/00000/1b33afad-5f61-45bb-a135-154bcd3ae7f9.root 380309 [28,25,29,26,30,27]
/store/data/Run2024D/NoBPTX/RAW/v1/000/380/309/00000/1cc301bb-4298-4147-b3b8-84a1fa193806.root 380309 [55,59,57,56,58,60]
/store/data/Run2024D/NoBPTX/RAW/v1/000/380/309/00000/20a043d9-7bb2-43a4-96ab-cb1e0735a6ac.root 380309 [4,5,6,2,1,3]
/store/data/Run2024D/NoBPTX/RAW/v1/000/380/309/00000/2144a014-12bc-42d4-a377-1126672d425a.root 380309 [208,206,210,205,207,209]
/store/data/Run2024D/NoBPTX/RAW/v1/000/380/309/00000/256ff815-8080-411f-978e-30dc568b0cc1.root 380309 [141,142,144,140,143,139]
/store/data/Run2024D/NoBPTX/RAW/v1/000/380/309/00000/2806c1c3-6188-46e9-99a9-9430d55dcabc.root 380309 [98,100,101,97,102,99]
/store/data/Run2024D/NoBPTX/RAW/v1/000/380/309/00000/2c8fb1fb-dfe8-443f-80eb-1919918a7124.root 380309 [161,162,157,159,160,158]
/store/data/Run2024D/NoBPTX/RAW/v1/000/380/309/00000/2e377f5b-f2e9-49e9-af15-76b2dc8193e2.root 380309 [49,52,53,54,51,50]
/store/data/Run2024D/NoBPTX/RAW/v1/000/380/309/00000/2f8cd9cc-12c4-4379-ba78-d9e2ff016e60.root 380309 [341,337,338,339,342,340]
/store/data/Run2024D/NoBPTX/RAW/v1/000/380/309/00000/3015bfb0-bcd4-4ce0-bc5b-190d0cb29371.root 380309 [225,224,226,227,228,223]
/store/data/Run2024D/NoBPTX/RAW/v1/000/380/309/00000/39fbf32a-6d7e-4490-b050-02417246fd70.root 380309 [62,65,63,64,66,61]
/store/data/Run2024D/NoBPTX/RAW/v1/000/380/309/00000/3a9e7fb6-9d55-4f31-acc7-cb88f808b32b.root 380309 [345,343,344]
/store/data/Run2024D/NoBPTX/RAW/v1/000/380/309/00000/3eafbad1-e8cf-4fd0-9220-abf618a6079b.root 380309 [229,232,231,233,234,230]
/store/data/Run2024D/NoBPTX/RAW/v1/000/380/309/00000/42c87324-9e42-413d-9a8d-41fa11c30f65.root 380309 [312,309,307,308,311,310]
/store/data/Run2024D/NoBPTX/RAW/v1/000/380/309/00000/48834407-5280-430a-abc5-e9a21039b4ff.root 380309 [326,327,325,328,329,330]
/store/data/Run2024D/NoBPTX/RAW/v1/000/380/309/00000/4c5d9e05-21ea-432d-9c4c-c648f16974b0.root 380309 [272,271,273,274,275,276]
/store/data/Run2024D/NoBPTX/RAW/v1/000/380/309/00000/4e97f152-a9d0-4975-8ef7-0e14f49dd703.root 380309 [126,124,125,122,121,123]
/store/data/Run2024D/NoBPTX/RAW/v1/000/380/309/00000/4f316f3a-7445-459b-988b-77f82f6795c8.root 380309 [286,288,283,287,284,285]
/store/data/Run2024D/NoBPTX/RAW/v1/000/380/309/00000/531dbc65-cddb-4f1a-8981-b000482a6bc0.root 380309 [211,214,213,215,212,216]
/store/data/Run2024D/NoBPTX/RAW/v1/000/380/309/00000/58e3a384-40f6-4387-aff6-87015cc12dac.root 380309 [255,258,254,253,256,257]
/store/data/Run2024D/NoBPTX/RAW/v1/000/380/309/00000/613d8a23-cf00-42ed-85e1-5827d785658e.root 380309 [296,298,297,300,299,295]
/store/data/Run2024D/NoBPTX/RAW/v1/000/380/309/00000/626691d2-5fc4-4592-a3b9-3ce60a80d495.root 380309 [91,96,92,95,93,94]
/store/data/Run2024D/NoBPTX/RAW/v1/000/380/309/00000/6476c68e-3b27-40b2-b65d-67a08ac939cf.root 380309 [119,115,117,120,116,118]
/store/data/Run2024D/NoBPTX/RAW/v1/000/380/309/00000/6d8cdac6-c912-40fa-ab3b-a22a7dc17c96.root 380309 [79,80,83,84,81,82]
/store/data/Run2024D/NoBPTX/RAW/v1/000/380/309/00000/71d2e15d-b2b2-4f0a-a0c2-f549559972eb.root 380309 [293,291,290,292,289,294]
/store/data/Run2024D/NoBPTX/RAW/v1/000/380/309/00000/7822849a-f7c3-4ce2-b850-b56191fedefe.root 380309 [34,31,36,35,33,32]
/store/data/Run2024D/NoBPTX/RAW/v1/000/380/309/00000/78e345ae-5946-4866-9c2d-7ec6128e4e53.root 380309 [189,191,192,188,190,187]
/store/data/Run2024D/NoBPTX/RAW/v1/000/380/309/00000/7a4745ad-3198-464d-b22d-b5991cc325a3.root 380309 [87,85,88,89,86,90]
/store/data/Run2024D/NoBPTX/RAW/v1/000/380/309/00000/7b05ada5-75d7-432b-b977-681ef0e76fef.root 380309 [331,333,332,336,335,334]
/store/data/Run2024D/NoBPTX/RAW/v1/000/380/309/00000/7e958325-ef0b-4ca1-8576-6398fc2853bf.root 380309 [247,252,249,251,248,250]
/store/data/Run2024D/NoBPTX/RAW/v1/000/380/309/00000/8995e154-3a0c-4581-9265-f4dd739b9a7f.root 380309 [236,237,240,239,235,238]
/store/data/Run2024D/NoBPTX/RAW/v1/000/380/309/00000/9582f8c5-fb75-4cf3-94e4-1c7ee613d340.root 380309 [167,163,165,164,166,168]
/store/data/Run2024D/NoBPTX/RAW/v1/000/380/309/00000/9912fd74-d5b8-42cb-b732-7e39bd037974.root 380309 [172,171,173,169,170,174]
/store/data/Run2024D/NoBPTX/RAW/v1/000/380/309/00000/a39a3330-6939-44c8-972d-a216a39b6349.root 380309 [112,113,109,111,110,114]
/store/data/Run2024D/NoBPTX/RAW/v1/000/380/309/00000/acc0eb7c-9e6a-4fbc-9ae1-4022b738787e.root 380309 [241,242,246,245,243,244]
/store/data/Run2024D/NoBPTX/RAW/v1/000/380/309/00000/b4d8f373-2437-453b-bdac-52f02ad57d10.root 380309 [183,182,184,186,181,185]
/store/data/Run2024D/NoBPTX/RAW/v1/000/380/309/00000/b53a99d1-d9ea-46f5-ba3f-e5ab3ea4d039.root 380309 [218,217,221,222,219,220]
/store/data/Run2024D/NoBPTX/RAW/v1/000/380/309/00000/b5f13608-14b7-4e15-b6a8-c8c66247cb9d.root 380309 [149,148,146,147,145,150]
/store/data/Run2024D/NoBPTX/RAW/v1/000/380/309/00000/bf8c09c7-08fb-4539-8195-42eef91ee035.root 380309 [128,129,127,131,132,130]
/store/data/Run2024D/NoBPTX/RAW/v1/000/380/309/00000/c63a842a-c22e-4ba3-877a-15c7956076ce.root 380309 [77,74,76,73,75,78]
/store/data/Run2024D/NoBPTX/RAW/v1/000/380/309/00000/c8e497a3-b2d0-4e01-98c6-9d8dc3b56b33.root 380309 [9,8,10,7,12,11]
/store/data/Run2024D/NoBPTX/RAW/v1/000/380/309/00000/d0d6bbc4-9501-4d61-9557-771e0b736fc0.root 380309 [180,175,177,178,176,179]
/store/data/Run2024D/NoBPTX/RAW/v1/000/380/309/00000/d1b4d810-5032-44d7-aea5-82dc29c7e57a.root 380309 [69,68,70,67,71,72]
/store/data/Run2024D/NoBPTX/RAW/v1/000/380/309/00000/d70c62dd-f510-441d-929d-6664fa347fdf.root 380309 [19,21,23,20,22,24]
/store/data/Run2024D/NoBPTX/RAW/v1/000/380/309/00000/da0cb548-1a09-4372-9451-8da5062fa0d1.root 380309 [136,138,135,133,134,137]
/store/data/Run2024D/NoBPTX/RAW/v1/000/380/309/00000/e0e3ec4c-994e-4968-8854-99ce9be795c0.root 380309 [265,267,269,270,266,268]
/store/data/Run2024D/NoBPTX/RAW/v1/000/380/309/00000/e0e42249-c78d-433c-95d9-769e6b99e53d.root 380309 [202,199,201,200,204,203]
/store/data/Run2024D/NoBPTX/RAW/v1/000/380/309/00000/ed635066-7fbe-4d14-b2e6-a059ba79ecce.root 380309 [323,321,322,319,324,320]
/store/data/Run2024D/NoBPTX/RAW/v1/000/380/309/00000/efadde9f-cd0f-4039-8ee7-1aab8792cd4d.root 380309 [195,193,196,194,198,197]
/store/data/Run2024D/NoBPTX/RAW/v1/000/380/309/00000/f4e6ffa8-a966-4ead-bc2c-76c84c1e1d8b.root 380309 [39,40,42,37,38,41]
/store/data/Run2024D/NoBPTX/RAW/v1/000/380/309/00000/faa6e168-a4d0-41de-b2c5-0f05b116ccd9.root 380309 [282,277,278,280,281,279]
/store/data/Run2024D/NoBPTX/RAW/v1/000/380/309/00000/fbcb32da-4772-4261-bc93-77ef382f3bae.root 380309 [315,313,318,316,317,314]
/store/data/Run2024D/NoBPTX/RAW/v1/000/380/309/00000/fd3df9d9-48e3-485e-abd1-43a123b701fc.root 380309 [152,156,155,154,153,151]
/store/data/Run2024D/NoBPTX/RAW/v1/000/380/310/00000/04fc394f-9047-4d56-8c88-339b97ee24f9.root 380310 [909,910,911,912,905,907,915,918,920,906,916,924,913,914,908,921,923,917,922,919]
/store/data/Run2024D/NoBPTX/RAW/v1/000/380/310/00000/05c84502-ae4f-4074-a0a9-8a72cc9e48e4.root 380310 [858,850,859,844,856,853,860,849,851,855,862,857,861,845,846,847,848,852,854]
/store/data/Run2024D/NoBPTX/RAW/v1/000/380/310/00000/09301c1d-dc00-4296-99ba-611eb4668de4.root 380310 [927,931,939,930,935,936,941,944,925,926,943,932,937,928,933,940,942,929,934,938]
/store/data/Run2024D/NoBPTX/RAW/v1/000/380/310/00000/0ae5ee2d-3fe2-4471-b75f-c8aa5f4a8464.root 380310 [521,518,520,526,527,525,516,524,519,523,517,522]
/store/data/Run2024D/NoBPTX/RAW/v1/000/380/310/00000/10438717-a5fc-4ae3-af58-6ae8091f4963.root 380310 [16,13,14,15,18,17]
/store/data/Run2024D/NoBPTX/RAW/v1/000/380/310/00000/125decd8-9d2e-40e9-9bb7-814f6a7aa267.root 380310 [238,240,241,242,243,239,245,244]
/store/data/Run2024D/NoBPTX/RAW/v1/000/380/310/00000/1381778c-fdd9-44a8-999c-72a48747dfa5.root 380310 [35,33,31,36,32,34]
/store/data/Run2024D/NoBPTX/RAW/v1/000/380/310/00000/147b3a0c-06e2-4ef8-86d7-e6fb7a3ce624.root 380310 [19,20,23,21,22,24]
/store/data/Run2024D/NoBPTX/RAW/v1/000/380/310/00000/17b2c0d0-71a8-4e5b-a3de-dd19cbd9c008.root 380310 [1083,1091,1093,1094,1095,1101,1103,1084,1099,1087,1097,1102,1088,1090,1092,1098,1082,1089,1081,1086,1100,1085,1096,1104]
/store/data/Run2024D/NoBPTX/RAW/v1/000/380/310/00000/181a4380-4cff-4068-a032-4888ed7c9892.root 380310 [179,176,177,181,180,178,175,174]
/store/data/Run2024D/NoBPTX/RAW/v1/000/380/310/00000/198ab2e7-d463-43fa-bd1f-9bd2cc7c61bd.root 380310 [428,421,420,426,422,425,429,430,423,427,424,431]
/store/data/Run2024D/NoBPTX/RAW/v1/000/380/310/00000/19faa4f8-585d-4c5d-a919-848396094401.root 380310 [474,475,469,471,472,478,468,479,473,477,470,476]
/store/data/Run2024D/NoBPTX/RAW/v1/000/380/310/00000/1a06b404-2a85-48c5-b290-91c7dbb6957f.root 380310 [787,794,790,789,800,802,804,797,798,791,795,786,796,803,788,792,799,793,801]
/store/data/Run2024D/NoBPTX/RAW/v1/000/380/310/00000/1ba7cbe5-3276-496d-94d6-158f0f69ff7c.root 380310 [1248,1255,1258,1265,1271,1250,1249,1246,1257,1262,1268,1280,1239,1241,1259,1267,1274,1277,1281,1238,1243,1244,1251,1252,1256,1261,1264,1269,1273,1278,1240,1245,1253,1260,1266,1275,1279,1242,1247,1254,1263,1237,1270,1272,1276]
/store/data/Run2024D/NoBPTX/RAW/v1/000/380/310/00000/21fd2102-cea6-404b-a8a8-9831b072a8a7.root 380310 [769,772,780,782,768,775,770,773,777,785,771,774,776,778,779,781,784,783]
/store/data/Run2024D/NoBPTX/RAW/v1/000/380/310/00000/2a1a5b7d-e6da-47d5-b619-9151d3f23add.root 380310 [883]
/store/data/Run2024D/NoBPTX/RAW/v1/000/380/310/00000/2eb79c36-c299-4e3e-a143-61535e7903c1.root 380310 [806,814,819,820,823,815,809,805,817,821,808,822,807,816,818,810,811,812,813]
/store/data/Run2024D/NoBPTX/RAW/v1/000/380/310/00000/2ee03335-9495-4415-855d-963dc5df53db.root 380310 [699,685,688,689,691,692,686,694,697,687,695,698,690,693,696]
/store/data/Run2024D/NoBPTX/RAW/v1/000/380/310/00000/3259722e-edef-421f-bf09-f0da15e137da.root 380310 [433,435,443,432,437,438,442,436,441,440,434,439]
/store/data/Run2024D/NoBPTX/RAW/v1/000/380/310/00000/418cea57-cda4-4dde-91c4-8dabd195d585.root 380310 [1106,1107,1108,1109,1116,1120,1121,1122,1128,1119,1125,1126,1127,1114,1105,1110,1113,1115,1117,1118,1111,1112,1123,1124]
/store/data/Run2024D/NoBPTX/RAW/v1/000/380/310/00000/45de9411-9334-406e-861e-e57b4e3135d4.root 380310 [718,722,715,727,717,723,716,725,719,720,724,728,729,721,726]
/store/data/Run2024D/NoBPTX/RAW/v1/000/380/310/00000/4c24562f-e864-453b-b03a-d2a97ee47299.root 380310 [332,334,328,330,325,326,323,324,327,329,333,331]
/store/data/Run2024D/NoBPTX/RAW/v1/000/380/310/00000/4da35ac0-13ba-464b-a4ec-f45a597860f8.root 380310 [25,27,28,30,29,26]
/store/data/Run2024D/NoBPTX/RAW/v1/000/380/310/00000/4f5cee6b-9c30-4ec6-aa12-98477aa9cd72.root 380310 [1138,1142,1170,1174,1176,1180,1189,1198,1215,1217,1232,1132,1143,1145,1146,1151,1154,1159,1179,1183,1184,1186,1187,1192,1194,1205,1220,1230,1233,1133,1135,1149,1155,1165,1172,1177,1188,1200,1218,1219,1222,1225,1227,1234,1168,1173,1196,1207,1148,1134,1140,1147,1152,1160,1161,1164,1169,1182,1199,1209,1211,1212,1216,1231,1141,1144,1156,1158,1163,1166,1167,1171,1178,1181,1185,1193,1197,1210,1221,1223,1226,1130,1139,1150,1153,1162,1195,1201,1203,1204,1214,1228,1229,1129,1131,1136,1137,1157,1175,1190,1191,1202,1206,1208,1213,1224,1235,1236]
/store/data/Run2024D/NoBPTX/RAW/v1/000/380/310/00000/4f905a23-cdbf-4f56-ad1b-7b0ba01d6fdb.root 380310 [360,365,362,359,361,363,364,355,356,357,358]
/store/data/Run2024D/NoBPTX/RAW/v1/000/380/310/00000/50c02158-fdbf-483c-860c-739b04d71bd2.root 380310 [198,203,201,199,200,202,205,204]
/store/data/Run2024D/NoBPTX/RAW/v1/000/380/310/00000/532631b2-b3f8-4ef5-9be7-728b1032a244.root 380310 [248,253,251,246,247,249,250,252]
/store/data/Run2024D/NoBPTX/RAW/v1/000/380/310/00000/533a58ee-f7a9-4572-a86a-1a6136f5f2a3.root 380310 [138,134,137,139,133,135,136,140]
/store/data/Run2024D/NoBPTX/RAW/v1/000/380/310/00000/54365058-d277-422d-b189-c89572236073.root 380310 [639,644,647,640,645,641,651,653,648,646,650,652,642,643,649]
/store/data/Run2024D/NoBPTX/RAW/v1/000/380/310/00000/5ef78c43-e53f-47ac-847e-6ebff83def98.root 380310 [493,492,501,496,497,498,503,499,502,494,495,500]
/store/data/Run2024D/NoBPTX/RAW/v1/000/380/310/00000/66019361-0b3e-4f0e-8342-668576416d03.root 380310 [141,142,145,148,147,146,143,144]
/store/data/Run2024D/NoBPTX/RAW/v1/000/380/310/00000/66a47fa1-fd70-4a8d-8348-92110cf80b57.root 380310 [588,592,581,583,591,582,584,585,593,589,579,580,586,587,590]
/store/data/Run2024D/NoBPTX/RAW/v1/000/380/310/00000/683f4bea-1714-40fd-a899-6a5858608a22.root 380310 [966,971,981,984,965,968,969,972,976,978,974,979,983,967,973,970,977,980,975,982]
/store/data/Run2024D/NoBPTX/RAW/v1/000/380/310/00000/6dcefa3f-a65e-4300-8dcc-c804ff1058a7.root 380310 [230,231,237,236,235,232,233,234]
/store/data/Run2024D/NoBPTX/RAW/v1/000/380/310/00000/6f25ad60-4a29-410d-9152-7c9f27435a36.root 380310 [268,266,267,269,272,265,271,264,270,273]
/store/data/Run2024D/NoBPTX/RAW/v1/000/380/310/00000/759b3b04-cf45-455c-8a3b-6a3a388e9f7a.root 380310 [103,110,104,105,107,108,109,106]
/store/data/Run2024D/NoBPTX/RAW/v1/000/380/310/00000/77840b7b-caf9-4b04-8efa-e95af9fbec50.root 380310 [534,531,535,528,533,536,530,532,538,537,529,539]
/store/data/Run2024D/NoBPTX/RAW/v1/000/380/310/00000/7a69b93a-37a2-492e-bf26-6d1c4348416d.root 380310 [169,173,166,167,172,168,170,171]
/store/data/Run2024D/NoBPTX/RAW/v1/000/380/310/00000/7c3a8151-412d-41c2-9aa8-e4f11b5a0990.root 380310 [44,48,45,43,47,46]
/store/data/Run2024D/NoBPTX/RAW/v1/000/380/310/00000/7df4761d-b897-40e5-a189-5029235df1c9.root 380310 [314,319,320,321,322,315,316,313,318,317]
/store/data/Run2024D/NoBPTX/RAW/v1/000/380/310/00000/868a41af-9b91-4ed2-8f4d-76ee6e44ed8e.root 380310 [565,569,564,570,576,574,575,566,568,571,572,578,577,567,573]
/store/data/Run2024D/NoBPTX/RAW/v1/000/380/310/00000/87f95783-2b4c-4be4-855b-7d8989f2ffd4.root 380310 [754,761,759,763,757,750,753,760,762,756,758,755,767,751,765,752,764,766]
/store/data/Run2024D/NoBPTX/RAW/v1/000/380/310/00000/8903f620-a765-4f13-8e00-b66091e88970.root 380310 [446,453,454,444,447,451,452,445,450,448,449,455]
/store/data/Run2024D/NoBPTX/RAW/v1/000/380/310/00000/8a5d241b-e2d3-4793-b78e-43d29e752f9a.root 380310 [97,99,100,101,102,98,96,95]
/store/data/Run2024D/NoBPTX/RAW/v1/000/380/310/00000/8ac4c145-43e1-4077-8e12-0c47509282aa.root 380310 [890,891,896,885,887,893,897,900,894,892,901,903,889,899,902,886,888,895,898,904]
/store/data/Run2024D/NoBPTX/RAW/v1/000/380/310/00000/8b351d77-5055-4693-958c-48a2413fac0a.root 380310 [831,835,837,840,824,827,843,836,839,834,825,829,833,826,830,832,828,838,841,842]
/store/data/Run2024D/NoBPTX/RAW/v1/000/380/310/00000/8b68a0ae-0f5a-40d1-8ac0-0bdd0ebd22a4.root 380310 [416,413,412,417,418,411,415,419,408,409,414,410]
/store/data/Run2024D/NoBPTX/RAW/v1/000/380/310/00000/8dbcdbf9-5c9a-4b4f-b90f-329f2c627c2b.root 380310 [730,733,746,732,739,747,736,738,731,741,744,745,748,734,735,742,743,737,740,749]
/store/data/Run2024D/NoBPTX/RAW/v1/000/380/310/00000/907f62c1-3522-4ec9-b65f-fb66bc018f2a.root 380310 [303,306,311,305,309,312,304,307,310,308]
/store/data/Run2024D/NoBPTX/RAW/v1/000/380/310/00000/9321a6c6-9e8a-4a60-b838-888e9e874ea4.root 380310 [195,191,194,193,192,196,190,197]
/store/data/Run2024D/NoBPTX/RAW/v1/000/380/310/00000/93ef0423-7987-4512-a6a6-945347291302.root 380310 [60,56,57,55,59,58]
/store/data/Run2024D/NoBPTX/RAW/v1/000/380/310/00000/946b563c-3b92-462f-8541-56abf0822426.root 380310 [385,386,392,395,393,394,384,390,387,391,388,389]
/store/data/Run2024D/NoBPTX/RAW/v1/000/380/310/00000/9a18981e-5017-4f5b-8a65-5f667605f964.root 380310 [457,464,465,466,461,456,467,458,459,460,462,463]
/store/data/Run2024D/NoBPTX/RAW/v1/000/380/310/00000/9ee11fea-6fb8-4646-92da-b022d7a066e1.root 380310 [372,366,368,374,373,367,371,369,370]
/store/data/Run2024D/NoBPTX/RAW/v1/000/380/310/00000/9ee70a65-0adb-40c8-adfa-41244f324fea.root 380310 [62,66,63,61,64,65]
/store/data/Run2024D/NoBPTX/RAW/v1/000/380/310/00000/9ff6cd17-99dd-4887-8738-8d9bdac63fdd.root 380310 [158,159,162,163,157,160,165,161,164]
/store/data/Run2024D/NoBPTX/RAW/v1/000/380/310/00000/a0bb6a00-5d23-4329-bdde-ff912cd6ee9f.root 380310 [600,602,604,605,606,607,597,598,599,608,594,603,595,596,601]
/store/data/Run2024D/NoBPTX/RAW/v1/000/380/310/00000/a4c87312-f76a-4a0c-af81-4c757df8790b.root 380310 [125,131,128,130,126,127,129,132]
/store/data/Run2024D/NoBPTX/RAW/v1/000/380/310/00000/a6a9dd5a-5277-4b44-a1b3-40a902d9767e.root 380310 [294,297,298,300,295,302,296,299,301]
/store/data/Run2024D/NoBPTX/RAW/v1/000/380/310/00000/a9ab3375-3e9f-4a4c-82f3-0ba8f38a4bbc.root 380310 [254,256,262,258,259,257,263,260,255,261]
/store/data/Run2024D/NoBPTX/RAW/v1/000/380/310/00000/aad90c1e-4271-4004-9004-dcc369f3e573.root 380310 [549,547,550,540,543,546,542,544,545,548,541,551]
/store/data/Run2024D/NoBPTX/RAW/v1/000/380/310/00000/ab21668e-bcad-4cb5-8801-373f963976d4.root 380310 [156,152,149,150,151,154,153,155]
/store/data/Run2024D/NoBPTX/RAW/v1/000/380/310/00000/ab24a618-75da-48ac-b2b2-966e8a389cc9.root 380310 [274,276,278,283,279,282,280,281,275,277]
/store/data/Run2024D/NoBPTX/RAW/v1/000/380/310/00000/ae74da6b-2b24-457f-8400-25e2a5d431a8.root 380310 [346,349,351,352,350,348,347,354,353]
/store/data/Run2024D/NoBPTX/RAW/v1/000/380/310/00000/affaeb0f-a3bd-4e67-ad5c-3e45692da194.root 380310 [214,215,219,221,217,216,220,218]
/store/data/Run2024D/NoBPTX/RAW/v1/000/380/310/00000/b4cae750-9e3b-4b45-8837-18013e24f9d1.root 380310 [628,633,636,637,635,638,632,631,626,634,624,625,629,630,627]
/store/data/Run2024D/NoBPTX/RAW/v1/000/380/310/00000/b9e40fdf-f60e-4d15-ac31-99542b9dd4d0.root 380310 [1070,1071,1074,1057,1069,1078,1058,1062,1075,1059,1064,1068,1080,1061,1065,1073,1060,1066,1077,1063,1067,1072,1076,1079]
/store/data/Run2024D/NoBPTX/RAW/v1/000/380/310/00000/bf585073-8cc4-4e89-926f-378a0c395e8b.root 380310 [40,38,37,39,42,41]
/store/data/Run2024D/NoBPTX/RAW/v1/000/380/310/00000/c3700864-f391-49f1-9ec5-5f3bc3c55c09.root 380310 [225,226,223,228,229,222,224,227]
/store/data/Run2024D/NoBPTX/RAW/v1/000/380/310/00000/c4572f2c-05c4-486c-a87d-1558c99a9692.root 380310 [87,91,93,89,90,94,88,92]
/store/data/Run2024D/NoBPTX/RAW/v1/000/380/310/00000/c5375de1-a8ca-4102-ac28-80aef179275f.root 380310 [1049,1052,1034,1037,1046,1048,1040,1045,1054,1038,1041,1043,1044,1050,1035,1033,1036,1039,1047,1053,1055,1042,1051,1056]
/store/data/Run2024D/NoBPTX/RAW/v1/000/380/310/00000/c6ceab58-b2b3-4291-babb-d681b2627928.root 380310 [864,871,881,878,870,867,879,863,875,866,869,874,882,865,868,872,873,877,880,876]
/store/data/Run2024D/NoBPTX/RAW/v1/000/380/310/00000/c7ad1386-3d10-4411-bb34-69b3ec014f7d.root 380310 [962,954,956,957,958,960,964,961,945,952,953,955,959,946,950,951,963,949,947,948]
/store/data/Run2024D/NoBPTX/RAW/v1/000/380/310/00000/cb3941af-3f0f-4e48-af50-e0f166153145.root 380310 [341,342,345,339,343,336,337,338,340,344,335]
/store/data/Run2024D/NoBPTX/RAW/v1/000/380/310/00000/cbd3ab57-d831-4b25-b134-3599ffb48c02.root 380310 [111,113,114,115,112,116]
/store/data/Run2024D/NoBPTX/RAW/v1/000/380/310/00000/d16a1371-5777-4ea8-8e8f-695d8e1bf2ef.root 380310 [73,74,77,78,76,75]
/store/data/Run2024D/NoBPTX/RAW/v1/000/380/310/00000/d36064a2-034f-4968-89f4-0bf97b565d42.root 380310 [1012,1010,1011,1014,1028,1019,1027,1018,1020,1021,1015,1017,1022,1025,1009,1023,1026,1029,1016,1030,1031,1032,1013,1024]
/store/data/Run2024D/NoBPTX/RAW/v1/000/380/310/00000/d4a8bed3-b8dd-493f-9796-c7f2811bb9cc.root 380310 [997,1002,985,988,995,993,994,1001,1003,1005,1007,986,998,1008,991,987,989,992,999,990,1000,1006,996,1004]
/store/data/Run2024D/NoBPTX/RAW/v1/000/380/310/00000/d6e2625a-77fe-4088-91cc-bbcf80eabd8e.root 380310 [382,376,377,380,381,379,383,375,378]
/store/data/Run2024D/NoBPTX/RAW/v1/000/380/310/00000/d7c9a278-a52e-49ea-b608-3be9c3594521.root 380310 [554,555,556,558,559,557,562,563,552,553,561,560]
/store/data/Run2024D/NoBPTX/RAW/v1/000/380/310/00000/d83b6378-7510-486d-86ac-ed49a20eb680.root 380310 [119,122,120,121,123,117,118,124]
/store/data/Run2024D/NoBPTX/RAW/v1/000/380/310/00000/d97c1655-0492-4c7f-a448-61f7f8bb04e9.root 380310 [207,210,213,208,212,209,211,206]
/store/data/Run2024D/NoBPTX/RAW/v1/000/380/310/00000/da37e712-1285-445b-8224-94569aaa04d4.root 380310 [491,484,485,486,489,481,480,483,490,482,488,487]
/store/data/Run2024D/NoBPTX/RAW/v1/000/380/310/00000/da933a4d-0b90-4d0c-b2b6-47329ca253dd.root 380310 [677,681,684,680,672,673,676,678,674,675,679,682,683,671,670]
/store/data/Run2024D/NoBPTX/RAW/v1/000/380/310/00000/dc009187-d2b6-448e-9f01-d158f7164e0d.root 380310 [701,703,700,704,706,711,707,708,713,705,709,710,714,702,712]
/store/data/Run2024D/NoBPTX/RAW/v1/000/380/310/00000/ded3aecc-b125-4a5e-a261-3566093893f4.root 380310 [3,6,1,5,2,4]
/store/data/Run2024D/NoBPTX/RAW/v1/000/380/310/00000/e0705be5-e102-430c-be74-394504de3d2b.root 380310 [9,10,8,12,7,11]
/store/data/Run2024D/NoBPTX/RAW/v1/000/380/310/00000/e0bc6c75-d823-42ef-8b3b-951b8888b24f.root 380310 [50,54,53,51,49,52]
/store/data/Run2024D/NoBPTX/RAW/v1/000/380/310/00000/e2095e52-44a1-4922-b317-835d36846a19.root 380310 [69,68,70,67,71,72]
/store/data/Run2024D/NoBPTX/RAW/v1/000/380/310/00000/e90ab533-b8b4-4af9-be00-c094119043fa.root 380310 [398,400,407,401,402,397,399,403,406,396,404,405]
/store/data/Run2024D/NoBPTX/RAW/v1/000/380/310/00000/ecb636bd-d72b-42b8-a472-471b797f0272.root 380310 [664,666,655,657,661,659,660,669,663,665,667,668,658,654,656,662]
/store/data/Run2024D/NoBPTX/RAW/v1/000/380/310/00000/ecd7c7c0-0e9a-40ff-8ca5-63d062fc2f4f.root 380310 [609,611,619,620,615,616,613,614,617,621,622,610,612,618,623]
/store/data/Run2024D/NoBPTX/RAW/v1/000/380/310/00000/f201cb79-5f07-400d-9df6-6b8a0de3562d.root 380310 [80,85,81,83,82,84,86,79]
/store/data/Run2024D/NoBPTX/RAW/v1/000/380/310/00000/fa6497f7-0636-4c5d-a606-fbd283a54d87.root 380310 [287,290,291,289,293,284,288,292,285,286]
/store/data/Run2024D/NoBPTX/RAW/v1/000/380/310/00000/fac05035-8ba8-4b2e-bbf4-4173415568d0.root 380310 [186,185,184,187,188,189,183,182]
/store/data/Run2024D/NoBPTX/RAW/v1/000/380/310/00000/fd3dd20f-4d22-4b7e-ac5f-15f2ed6945d7.root 380310 [504,509,510,513,514,512,515,508,511,507,505,506]
