/store/data/Run2024H/MuonEG/RAW/v1/000/385/889/00000/000edaf2-40b3-4d11-bdcc-3d8f48d2207c.root [635,637,636,634]
/store/data/Run2024H/MuonEG/RAW/v1/000/385/889/00000/003e3431-aff9-4fdf-8bdc-44e7b0656c20.root [593,594,595]
/store/data/Run2024H/MuonEG/RAW/v1/000/385/889/00000/00459eb2-aea5-4d31-bbe2-5694f3c7b6ae.root [745,743,744]
/store/data/Run2024H/MuonEG/RAW/v1/000/385/889/00000/0059a246-428f-4c93-9924-3eeb2fe936c8.root [588,587,589]
/store/data/Run2024H/MuonEG/RAW/v1/000/385/889/00000/005b9b2c-3e07-4ebc-b4c8-d178c9f3b1f1.root [692,694,695,693]
/store/data/Run2024H/MuonEG/RAW/v1/000/385/889/00000/00dc5b85-051c-4e1f-a9af-c13d27bf1648.root [609,610]
/store/data/Run2024H/MuonEG/RAW/v1/000/385/889/00000/010a20f7-a43d-43ac-b17e-7064fc6adfb8.root [765,764,766]
/store/data/Run2024H/MuonEG/RAW/v1/000/385/889/00000/0299e0c1-d161-4140-88fe-ef5f25e0b391.root [797,798,799]
/store/data/Run2024H/MuonEG/RAW/v1/000/385/889/00000/03169078-c149-45d0-8822-faa2a0ac2278.root [495,494,496]
/store/data/Run2024H/MuonEG/RAW/v1/000/385/889/00000/03f35f5c-f995-44dd-ac9e-cffea08996b9.root [1001,1004,1003,1002]
/store/data/Run2024H/MuonEG/RAW/v1/000/385/889/00000/04081b7b-cac9-4654-8352-075e2b14d76f.root [1121,1124,1125,1122,1123]
/store/data/Run2024H/MuonEG/RAW/v1/000/385/889/00000/052f01e3-6ce4-4d8f-8539-954e535d548d.root [313,311,312]
/store/data/Run2024H/MuonEG/RAW/v1/000/385/889/00000/06898b6c-97dd-4730-bc04-65adab3252fe.root [549,551,550]
/store/data/Run2024H/MuonEG/RAW/v1/000/385/889/00000/069d749a-2c62-4325-a482-09dd24c8e567.root [920,919,918,917]
/store/data/Run2024H/MuonEG/RAW/v1/000/385/889/00000/072291a4-3958-4dc3-b574-b9c14d92540b.root [1103,1105,1102,1104]
/store/data/Run2024H/MuonEG/RAW/v1/000/385/889/00000/077567e0-9105-45fa-9aa4-f09756af48f0.root [487,486,485]
/store/data/Run2024H/MuonEG/RAW/v1/000/385/889/00000/07bacef3-12d8-462b-828d-585ac156a86d.root [1170,1171,1167,1169,1168]
/store/data/Run2024H/MuonEG/RAW/v1/000/385/889/00000/0806eeec-7a79-4b6e-bc58-ddc4bb899093.root [94,96,95]
/store/data/Run2024H/MuonEG/RAW/v1/000/385/889/00000/0885ad5d-b1cd-4c23-9a94-1203eccc3143.root [207,208,206]
/store/data/Run2024H/MuonEG/RAW/v1/000/385/889/00000/0a1259ee-0706-4443-9ab9-5eb369e59a72.root [801,800,802]
/store/data/Run2024H/MuonEG/RAW/v1/000/385/889/00000/0ab68753-2def-476c-b6ef-485df0e38e4d.root [247,248,246]
/store/data/Run2024H/MuonEG/RAW/v1/000/385/889/00000/0af6bd57-d368-4563-88ae-dbadd60c7d4e.root [710,711,712]
/store/data/Run2024H/MuonEG/RAW/v1/000/385/889/00000/0b299835-1d0f-42e3-89f9-f0d13a49ca6b.root [1202,1203,1206,1204,1205]
/store/data/Run2024H/MuonEG/RAW/v1/000/385/889/00000/0c496f5f-196a-476b-93aa-7752c7217f9e.root [73,75,74]
/store/data/Run2024H/MuonEG/RAW/v1/000/385/889/00000/0c617862-fd36-4900-90fe-2f8725e2957a.root [21,22,23]
/store/data/Run2024H/MuonEG/RAW/v1/000/385/889/00000/0d357ae3-ceb2-4440-843c-216f7cd40b00.root [580,578,579]
/store/data/Run2024H/MuonEG/RAW/v1/000/385/889/00000/0d62fb4e-43a4-4b53-afc7-57e86164d101.root [526,524,525,527]
/store/data/Run2024H/MuonEG/RAW/v1/000/385/889/00000/0d675e03-be4c-42b0-9b17-d699608dc135.root [855,853,854,852]
/store/data/Run2024H/MuonEG/RAW/v1/000/385/889/00000/0e24ca7b-df92-4e54-8af2-9233e8e1d613.root [389,387,390,388]
/store/data/Run2024H/MuonEG/RAW/v1/000/385/889/00000/0fbc002a-c29a-4558-9d13-36f575a1740d.root [218,220,219,221]
/store/data/Run2024H/MuonEG/RAW/v1/000/385/889/00000/0fcde3bf-e749-4497-884e-ee86cebdbcf3.root [733]
/store/data/Run2024H/MuonEG/RAW/v1/000/385/889/00000/10ed9e93-6aa0-430c-9951-8bce85ced06a.root [732,731]
/store/data/Run2024H/MuonEG/RAW/v1/000/385/889/00000/149ecb01-0395-46d9-a5e2-e1f04a26c7b8.root [158,160,159]
/store/data/Run2024H/MuonEG/RAW/v1/000/385/889/00000/15f7e07b-d736-41b3-a213-6b49d6ae581d.root [340,338,339,341]
/store/data/Run2024H/MuonEG/RAW/v1/000/385/889/00000/162c5b90-95bb-4517-95b6-4e41a2b339e2.root [28,27,29]
/store/data/Run2024H/MuonEG/RAW/v1/000/385/889/00000/164abd69-5e2b-47aa-9b8c-a57e0c6ae12e.root [1241,1239,1240,1238,1242]
/store/data/Run2024H/MuonEG/RAW/v1/000/385/889/00000/175a8a0a-63e6-478a-9bfc-7ec8d26d64c3.root [1256,1257,1258,1255,1259,1254]
/store/data/Run2024H/MuonEG/RAW/v1/000/385/889/00000/17bd3760-4770-454e-baf5-e01f68a9a743.root [1635,1639,1640,1636,1643,1634,1641,1633,1632,1637,1638,1631,1642]
/store/data/Run2024H/MuonEG/RAW/v1/000/385/889/00000/184beb6b-c548-4710-b4bd-7131ce4bee74.root [281,282,283]
/store/data/Run2024H/MuonEG/RAW/v1/000/385/889/00000/18647fe5-4677-4aa9-a5a2-3eef565f8167.root [119,118,117]
/store/data/Run2024H/MuonEG/RAW/v1/000/385/889/00000/191ab145-0609-4ed0-9075-f4531dc69840.root [904]
/store/data/Run2024H/MuonEG/RAW/v1/000/385/889/00000/1967c6fd-220a-4942-b423-fd260b31df1b.root [1597,1594,1595,1599,1593,1596,1598]
/store/data/Run2024H/MuonEG/RAW/v1/000/385/889/00000/1a8a9452-057d-4b41-b830-3ac204dd7fbb.root [109,108,110]
/store/data/Run2024H/MuonEG/RAW/v1/000/385/889/00000/1b22161e-38bd-455b-851e-17c7201fdf70.root [205,203,204]
/store/data/Run2024H/MuonEG/RAW/v1/000/385/889/00000/1be78402-c6ff-4dc2-988a-2d972811eb5f.root [111,113,112]
/store/data/Run2024H/MuonEG/RAW/v1/000/385/889/00000/1d39beae-3a35-40ee-a89d-744c0ceb5c11.root [32,30,31]
/store/data/Run2024H/MuonEG/RAW/v1/000/385/889/00000/1e6552d1-675a-416d-be47-a3dec1e14994.root [898]
/store/data/Run2024H/MuonEG/RAW/v1/000/385/889/00000/1efdb075-7213-49c7-b0c3-dc783506d461.root [1464,1465,1466,1468,1463,1467,1469]
/store/data/Run2024H/MuonEG/RAW/v1/000/385/889/00000/1f277289-a1f8-45c9-86e0-8979687b7834.root [91,92,93]
/store/data/Run2024H/MuonEG/RAW/v1/000/385/889/00000/1fb70aa9-0efb-4da1-8b27-4fb5a9c2eb23.root [906,905,908,907]
/store/data/Run2024H/MuonEG/RAW/v1/000/385/889/00000/20de5396-bbad-4ee2-9080-a8914959fcc5.root [212,214,213]
/store/data/Run2024H/MuonEG/RAW/v1/000/385/889/00000/21485869-6d49-44a9-8b11-22aeb6c9cca3.root [687,686,688]
/store/data/Run2024H/MuonEG/RAW/v1/000/385/889/00000/216d0fd7-aa9a-4e37-aa0f-56a6c6e1133f.root [225,223,222,224]
/store/data/Run2024H/MuonEG/RAW/v1/000/385/889/00000/219c8f5f-0da7-40c2-9634-eba7f6c35bd3.root [477,476,478]
/store/data/Run2024H/MuonEG/RAW/v1/000/385/889/00000/21aa5554-7673-42d4-843f-a9955f2f5f9b.root [433,432,434,431]
/store/data/Run2024H/MuonEG/RAW/v1/000/385/889/00000/21e9d147-d940-4780-b566-775311e3a5db.root [511,509,510]
/store/data/Run2024H/MuonEG/RAW/v1/000/385/889/00000/227219a8-7bfa-4cf0-9661-1b6bebc0e775.root [63,61,62]
/store/data/Run2024H/MuonEG/RAW/v1/000/385/889/00000/22d2b523-15c2-429f-8154-92c23f24891b.root [570]
/store/data/Run2024H/MuonEG/RAW/v1/000/385/889/00000/2446f638-9ba0-4d2f-a257-5dd17760b9d9.root [839,837,838]
/store/data/Run2024H/MuonEG/RAW/v1/000/385/889/00000/25fcf201-92e1-4be0-97da-7a2f79ce6d25.root [1377,1379,1374,1375,1376,1378]
/store/data/Run2024H/MuonEG/RAW/v1/000/385/889/00000/26abb432-76ec-48e7-bf9e-3575ab54b89d.root [1006,1007,1008,1005]
/store/data/Run2024H/MuonEG/RAW/v1/000/385/889/00000/26ff4904-ae00-4d5a-8d24-2681f9672878.root [1066,1067,1068,1070,1072,1069,1071]
/store/data/Run2024H/MuonEG/RAW/v1/000/385/889/00000/27d973ea-2afa-44ce-ac89-d4b77f99c7f5.root [1138,1137,1139,1140,1141]
/store/data/Run2024H/MuonEG/RAW/v1/000/385/889/00000/27e9d5bb-e5fe-4ce1-9ee3-1105ce210b74.root [210,211,209]
/store/data/Run2024H/MuonEG/RAW/v1/000/385/889/00000/282a08d8-dddc-4e40-8734-f69caafe3e1b.root [620,622,621]
/store/data/Run2024H/MuonEG/RAW/v1/000/385/889/00000/284c62b4-4de5-4083-bd3e-21f541dbab2d.root [50,51,49]
/store/data/Run2024H/MuonEG/RAW/v1/000/385/889/00000/287c98a8-dee2-47d1-91bb-86f0ab3efa94.root [1044,1042,1043,1045]
/store/data/Run2024H/MuonEG/RAW/v1/000/385/889/00000/2941b951-5179-4e21-8289-8853c0b91b18.root [349,351,350]
/store/data/Run2024H/MuonEG/RAW/v1/000/385/889/00000/29638dd9-e2f1-4773-9618-beb764b5117a.root [231,229,230]
/store/data/Run2024H/MuonEG/RAW/v1/000/385/889/00000/29b6eb34-77f3-4ad2-b949-26fc4771d038.root [613,614,615]
/store/data/Run2024H/MuonEG/RAW/v1/000/385/889/00000/29ce0869-0e40-44c4-a495-38dc6b3f36d9.root [484,483,482]
/store/data/Run2024H/MuonEG/RAW/v1/000/385/889/00000/2a3ed5d8-fcbc-4029-88c9-b8583d3e471c.root [450,451,449]
/store/data/Run2024H/MuonEG/RAW/v1/000/385/889/00000/2a477e7c-e48c-4f7a-9604-a4bd5b395c55.root [370,369,371]
/store/data/Run2024H/MuonEG/RAW/v1/000/385/889/00000/2b7f47e2-fa47-492d-a13f-c60d7b1f6147.root [662,660,661]
/store/data/Run2024H/MuonEG/RAW/v1/000/385/889/00000/2be59fbb-e8ea-44bc-a198-b98bd89f8a21.root [1529,1534,1532,1533,1535,1531,1530]
/store/data/Run2024H/MuonEG/RAW/v1/000/385/889/00000/2c18c476-1c15-4b89-a8a9-996e068bd44b.root [897,896]
/store/data/Run2024H/MuonEG/RAW/v1/000/385/889/00000/2cc7c8d4-6f12-48d4-9321-9e46909bb189.root [192,191,193]
/store/data/Run2024H/MuonEG/RAW/v1/000/385/889/00000/2ce1f8ea-4f12-403f-8711-1abba388c677.root [612,611]
/store/data/Run2024H/MuonEG/RAW/v1/000/385/889/00000/2de19af1-34af-4507-a0de-177d995c74de.root [714,715,713]
/store/data/Run2024H/MuonEG/RAW/v1/000/385/889/00000/2e404301-7ada-4eef-bfb8-770a90114d43.root [1518,1519,1520,1521,1516,1515,1517]
/store/data/Run2024H/MuonEG/RAW/v1/000/385/889/00000/2e4aa2f2-a80b-4e9d-a5ae-6282e5977d58.root [1472,1476,1470,1474,1471,1475,1473]
/store/data/Run2024H/MuonEG/RAW/v1/000/385/889/00000/2e533c40-5d44-41d0-b629-eb3c91ed8d62.root [883,880,881,882]
/store/data/Run2024H/MuonEG/RAW/v1/000/385/889/00000/2ed6d2c9-c3b5-4aff-b378-79f4d980cd63.root [1209,1210,1207,1211,1208]
/store/data/Run2024H/MuonEG/RAW/v1/000/385/889/00000/2ee29bf5-6d1d-49c7-9003-a65ab4f5f3df.root [1,2,3]
/store/data/Run2024H/MuonEG/RAW/v1/000/385/889/00000/2fbb92da-d7fe-4735-b015-2665991cd844.root [324,323,325]
/store/data/Run2024H/MuonEG/RAW/v1/000/385/889/00000/300d6ed7-8e97-42b8-a903-761ad8483316.root [894,893,895,892]
/store/data/Run2024H/MuonEG/RAW/v1/000/385/889/00000/32078ee4-a1e9-42de-8d2e-805486f97e8b.root [38,37,36]
/store/data/Run2024H/MuonEG/RAW/v1/000/385/889/00000/327f17b6-fd1a-4ed4-aecc-eb114abafedb.root [98,99,97]
/store/data/Run2024H/MuonEG/RAW/v1/000/385/889/00000/333b5110-3930-47e1-b283-ecfb4a8630fa.root [1077,1080,1078,1079]
/store/data/Run2024H/MuonEG/RAW/v1/000/385/889/00000/337fc3ed-d766-4b63-bb9e-b71839c42f90.root [164,165,166]
/store/data/Run2024H/MuonEG/RAW/v1/000/385/889/00000/33820ada-18ce-4e73-99e4-d2b2ba6dcd33.root [585,586,584]
/store/data/Run2024H/MuonEG/RAW/v1/000/385/889/00000/348472c1-c3ea-4ea0-9606-bbc6f0121613.root [500,502,501]
/store/data/Run2024H/MuonEG/RAW/v1/000/385/889/00000/351bf901-4c29-4ed9-a5be-d61d8265ec02.root [1590,1589,1587,1591,1592,1586,1588]
/store/data/Run2024H/MuonEG/RAW/v1/000/385/889/00000/3607b695-8196-4acc-8f75-0d21329c09d9.root [1000,997,999,998]
/store/data/Run2024H/MuonEG/RAW/v1/000/385/889/00000/38130223-d14b-4e61-ac56-c53a6da4fcdf.root [1039,1040,1038,1041]
/store/data/Run2024H/MuonEG/RAW/v1/000/385/889/00000/38173af7-13b8-4ad6-912a-6bb6ca01bf3f.root [353,352,354]
/store/data/Run2024H/MuonEG/RAW/v1/000/385/889/00000/38fd1591-9fc3-46cd-b69c-87ca4e934f21.root [822,824,823]
/store/data/Run2024H/MuonEG/RAW/v1/000/385/889/00000/39ee20bc-7ff2-47f9-962b-512f33180a98.root [639,638,640]
/store/data/Run2024H/MuonEG/RAW/v1/000/385/889/00000/3a04aca1-8194-46d2-a0e4-6f88a46a1156.root [381,382,383]
/store/data/Run2024H/MuonEG/RAW/v1/000/385/889/00000/3b3f04f6-2081-4e0e-b677-435be6c9b449.root [515,516,517]
/store/data/Run2024H/MuonEG/RAW/v1/000/385/889/00000/3bf7c264-e408-4882-87c7-999fe296313b.root [632,633,631]
/store/data/Run2024H/MuonEG/RAW/v1/000/385/889/00000/3c523046-4830-40e4-b67d-9a50a28764d4.root [1225,1226,1227,1223,1224]
/store/data/Run2024H/MuonEG/RAW/v1/000/385/889/00000/3c695a29-d282-40ad-8bb7-6ee94da01390.root [1408,1409,1406,1407,1405,1404]
/store/data/Run2024H/MuonEG/RAW/v1/000/385/889/00000/3ca4c576-6a67-40bc-bbe4-2df923df6ca8.root [861,862,859,860]
/store/data/Run2024H/MuonEG/RAW/v1/000/385/889/00000/3cc06044-096d-4a29-b5bf-62420d078789.root [1179,1180,1181,1178,1177]
/store/data/Run2024H/MuonEG/RAW/v1/000/385/889/00000/3d024aa9-d5d0-4d43-b0ae-85b254aed5c7.root [947,948,945,946]
/store/data/Run2024H/MuonEG/RAW/v1/000/385/889/00000/3da3493b-b9c2-40e7-8f1f-ea05197593c7.root [699]
/store/data/Run2024H/MuonEG/RAW/v1/000/385/889/00000/3e0d286c-2e85-4076-94bb-68f4747b7d9b.root [655,654,656]
/store/data/Run2024H/MuonEG/RAW/v1/000/385/889/00000/3e6610af-7b21-4870-aa78-73c9c59af208.root [368]
/store/data/Run2024H/MuonEG/RAW/v1/000/385/889/00000/3f8b310f-4ac8-4d97-ac81-5b686c53c94e.root [320,322,321]
/store/data/Run2024H/MuonEG/RAW/v1/000/385/889/00000/3fd5ebc8-2ca8-48f1-ae0f-79993aeac723.root [669,666,667,668]
/store/data/Run2024H/MuonEG/RAW/v1/000/385/889/00000/40332eb0-d6d3-4da3-b013-793911e80fd9.root [399,400,398]
/store/data/Run2024H/MuonEG/RAW/v1/000/385/889/00000/40b677e7-f758-4434-8196-772f95cb979b.root [1504,1506,1501,1502,1503,1505,1507]
/store/data/Run2024H/MuonEG/RAW/v1/000/385/889/00000/421252c3-31e0-4d8c-b9e6-e9cf9d69e438.root [1585,1580,1582,1583,1579,1581,1584]
/store/data/Run2024H/MuonEG/RAW/v1/000/385/889/00000/421d29b6-b503-48df-9fc3-e13692d5b7ac.root [67,68,69]
/store/data/Run2024H/MuonEG/RAW/v1/000/385/889/00000/428def7d-40c5-4f4c-bf20-700180ce5497.root [458,460,459]
/store/data/Run2024H/MuonEG/RAW/v1/000/385/889/00000/43a22985-0f99-4b40-be47-46c35125cfbb.root [1525,1523,1524,1528,1522,1527,1526]
/store/data/Run2024H/MuonEG/RAW/v1/000/385/889/00000/44a95fd9-e40f-4180-80f4-f2e2efa8ac57.root [811,812,809,810]
/store/data/Run2024H/MuonEG/RAW/v1/000/385/889/00000/44c86f48-d30e-4489-a9e5-c1d800d3414c.root [1558,1562,1563,1559,1560,1564,1561]
/store/data/Run2024H/MuonEG/RAW/v1/000/385/889/00000/44f8c4ca-6d08-4549-a3c4-623200818f77.root [559,560,558]
/store/data/Run2024H/MuonEG/RAW/v1/000/385/889/00000/45d8dfb0-8dff-4cd2-ab4c-36feb5851223.root [1613,1615,1618,1617,1612,1616,1621,1620,1619,1614,1622]
/store/data/Run2024H/MuonEG/RAW/v1/000/385/889/00000/45d8f042-a626-4c95-aa61-06bb74a81763.root [394,393,392,391]
/store/data/Run2024H/MuonEG/RAW/v1/000/385/889/00000/45efad6e-c8dd-4a3b-a97e-afdb531c9d3a.root [330,329,331]
/store/data/Run2024H/MuonEG/RAW/v1/000/385/889/00000/4653ff18-9d30-45c4-bd3d-ec1e470e7bf3.root [995,994,996,993]
/store/data/Run2024H/MuonEG/RAW/v1/000/385/889/00000/469269f1-52de-4594-a0fa-d273cb725cce.root [795,796,794]
/store/data/Run2024H/MuonEG/RAW/v1/000/385/889/00000/46d27b31-f890-47f3-bac9-144ee5e67a6c.root [1159,1160,1158,1157,1161]
/store/data/Run2024H/MuonEG/RAW/v1/000/385/889/00000/484f86db-ef17-4eaf-b2a9-581b333ba34c.root [1350,1351,1352,1353,1354,1355]
/store/data/Run2024H/MuonEG/RAW/v1/000/385/889/00000/48674b14-77ea-4f35-85a3-caa5812e1f1a.root [1196,1195,1193,1194,1192]
/store/data/Run2024H/MuonEG/RAW/v1/000/385/889/00000/4898c577-423a-4903-8c43-8cab3e627c3e.root [444,445,443]
/store/data/Run2024H/MuonEG/RAW/v1/000/385/889/00000/4941f144-46ec-4dc2-9f25-f18b79d3e76f.root [562,561,563]
/store/data/Run2024H/MuonEG/RAW/v1/000/385/889/00000/49492a1d-2b47-48f9-a1e1-8d00093f0c5a.root [1392,1395,1397,1393,1394,1396]
/store/data/Run2024H/MuonEG/RAW/v1/000/385/889/00000/495cd5b8-65ce-4fd4-bf31-d3152c606a79.root [1344,1349,1348,1345,1347,1346]
/store/data/Run2024H/MuonEG/RAW/v1/000/385/889/00000/4a3b2db7-2582-4241-82ab-5ccf7b1d1808.root [1427,1425,1428,1423,1424,1426]
/store/data/Run2024H/MuonEG/RAW/v1/000/385/889/00000/4b30cce1-b39d-4671-ad0f-822bd9b1ff27.root [665,663,664]
/store/data/Run2024H/MuonEG/RAW/v1/000/385/889/00000/4bc7021a-c5fa-441f-a6bc-a87604031281.root [150,148,149]
/store/data/Run2024H/MuonEG/RAW/v1/000/385/889/00000/4bee6819-4902-41ce-b332-ba2348759a96.root [1130,1131,1127,1126,1128,1129]
/store/data/Run2024H/MuonEG/RAW/v1/000/385/889/00000/4df2dfc6-8aa1-42c9-8052-ebd56a160d3b.root [72,70,71]
/store/data/Run2024H/MuonEG/RAW/v1/000/385/889/00000/4e2a88f3-a360-4fa2-b266-7f165b89713f.root [1074,1075,1073,1076]
/store/data/Run2024H/MuonEG/RAW/v1/000/385/889/00000/4e99ea19-d2c9-4166-baf4-b2b417a57133.root [58,59,60]
/store/data/Run2024H/MuonEG/RAW/v1/000/385/889/00000/4ed7a44c-17b8-4638-8e3b-07b1836ceb97.root [916,915,914,913]
/store/data/Run2024H/MuonEG/RAW/v1/000/385/889/00000/4f68e70f-9f18-4890-a173-a4d87377f883.root [1056,1057,1054,1055]
/store/data/Run2024H/MuonEG/RAW/v1/000/385/889/00000/50f3f018-011d-4c89-9800-a167837d98f9.root [576,574,577,575]
/store/data/Run2024H/MuonEG/RAW/v1/000/385/889/00000/51b4ea9c-750b-49f6-8cbc-448b77068489.root [138,136,137]
/store/data/Run2024H/MuonEG/RAW/v1/000/385/889/00000/5210f59f-5433-4219-8434-001be16eee3b.root [106,105,104,107]
/store/data/Run2024H/MuonEG/RAW/v1/000/385/889/00000/534d4e86-951f-46f2-9f98-4e8cef4b7e72.root [435,436]
/store/data/Run2024H/MuonEG/RAW/v1/000/385/889/00000/5399e944-a6d7-4254-b669-eb7d306421a7.root [544,545,543]
/store/data/Run2024H/MuonEG/RAW/v1/000/385/889/00000/53fedc0b-9518-4322-b2df-cd37f6c8e2c2.root [1162,1163,1165,1164,1166]
/store/data/Run2024H/MuonEG/RAW/v1/000/385/889/00000/545107bf-c003-4deb-a5ca-afca581e89e9.root [1312,1309,1313,1308,1310,1311]
/store/data/Run2024H/MuonEG/RAW/v1/000/385/889/00000/546a0ff4-4177-49da-aaa2-bb45fbfeb05f.root [196,194,195]
/store/data/Run2024H/MuonEG/RAW/v1/000/385/889/00000/5520daaa-c432-40f6-959f-c0a5e3823ca7.root [1488,1485,1489,1490,1484,1487,1486]
/store/data/Run2024H/MuonEG/RAW/v1/000/385/889/00000/5596caff-f598-44e9-9232-01d5dbc3e493.root [540,542,541]
/store/data/Run2024H/MuonEG/RAW/v1/000/385/889/00000/560eaa09-e0af-4117-bdd6-4b5e6f970f46.root [651,653,652]
/store/data/Run2024H/MuonEG/RAW/v1/000/385/889/00000/567d6c3b-bdd6-4c4a-a5f4-60c689e1fdb5.root [850,849,851]
/store/data/Run2024H/MuonEG/RAW/v1/000/385/889/00000/56a7ddce-adc5-4a4a-b98a-021f280602b9.root [628,627,630,629]
/store/data/Run2024H/MuonEG/RAW/v1/000/385/889/00000/56b1106c-0a4d-4303-926c-67681a6632fc.root [1188,1189,1190,1191,1187]
/store/data/Run2024H/MuonEG/RAW/v1/000/385/889/00000/573183c6-6182-41e4-8b33-02694581b6ec.root [624,623,625,626]
/store/data/Run2024H/MuonEG/RAW/v1/000/385/889/00000/57f0a10b-2942-4144-a10c-ec58d9cd9d07.root [430,428,429]
/store/data/Run2024H/MuonEG/RAW/v1/000/385/889/00000/57f240f8-9021-4ddc-b2dc-2bb1fbe402da.root [88,90,89]
/store/data/Run2024H/MuonEG/RAW/v1/000/385/889/00000/58bcf11c-7e83-4ebf-9ae8-85e5cf0132d1.root [1234,1235,1236,1237,1233]
/store/data/Run2024H/MuonEG/RAW/v1/000/385/889/00000/58d4ad1b-b510-42b0-b527-e88ddb92d377.root [258,257,256]
/store/data/Run2024H/MuonEG/RAW/v1/000/385/889/00000/58f29db4-a410-40b1-87bc-3198a9cc7134.root [233,232,234]
/store/data/Run2024H/MuonEG/RAW/v1/000/385/889/00000/59292811-f483-4d04-b6a2-283957aaff44.root [971,970,972,969]
/store/data/Run2024H/MuonEG/RAW/v1/000/385/889/00000/5a6bd48d-d180-4be7-bfc5-1ea4e4f7e185.root [911,909,910,912]
/store/data/Run2024H/MuonEG/RAW/v1/000/385/889/00000/5cb3fb2f-8ba0-44a0-a109-42ff72a29f93.root [770,771,772]
/store/data/Run2024H/MuonEG/RAW/v1/000/385/889/00000/5cf24a67-5b11-48a3-819e-e6fb5360df91.root [197,198,199]
/store/data/Run2024H/MuonEG/RAW/v1/000/385/889/00000/5d2bf662-008e-4e00-ad6a-b49df0e9507f.root [47,48,46]
/store/data/Run2024H/MuonEG/RAW/v1/000/385/889/00000/5d3da0ad-53be-43a9-a61b-49848efe7ec3.root [723,724,722]
/store/data/Run2024H/MuonEG/RAW/v1/000/385/889/00000/5e4a6b3f-97ac-4f78-8663-02fe1a491c15.root [366,364,365]
/store/data/Run2024H/MuonEG/RAW/v1/000/385/889/00000/5e6d3802-49ad-4d04-9ab8-6a3356028a5a.root [591,592,590]
/store/data/Run2024H/MuonEG/RAW/v1/000/385/889/00000/5fc4dbbb-f925-46e1-849d-db6f6dedabe5.root [239,240,241]
/store/data/Run2024H/MuonEG/RAW/v1/000/385/889/00000/60f20874-eb9e-43a2-975c-49ac95450805.root [315,316,314]
/store/data/Run2024H/MuonEG/RAW/v1/000/385/889/00000/60fd582d-ef17-4f4f-919b-d3b6778a2378.root [1413,1415,1410,1411,1414,1412]
/store/data/Run2024H/MuonEG/RAW/v1/000/385/889/00000/61e1f58d-bd42-4734-ac97-49d5b888bf9b.root [152,151,154,153]
/store/data/Run2024H/MuonEG/RAW/v1/000/385/889/00000/61eca46c-c461-436d-a511-4cf3fffe6dd5.root [730,729,728]
/store/data/Run2024H/MuonEG/RAW/v1/000/385/889/00000/62dab1be-78de-4088-baf5-2a8eb9c0051e.root [955,953,956,954]
/store/data/Run2024H/MuonEG/RAW/v1/000/385/889/00000/634883b2-efe3-4763-9d77-fd26058e764a.root [607,606,608]
/store/data/Run2024H/MuonEG/RAW/v1/000/385/889/00000/63681ef9-e31c-49bc-8082-f55969a441e5.root [425,426,427]
/store/data/Run2024H/MuonEG/RAW/v1/000/385/889/00000/6408f539-9173-429c-a8a5-670a7658c4e7.root [719,720,721]
/store/data/Run2024H/MuonEG/RAW/v1/000/385/889/00000/64098070-89a2-4cd7-a580-f147f54ca80a.root [1247,1243,1244,1246,1245]
/store/data/Run2024H/MuonEG/RAW/v1/000/385/889/00000/64977e39-a61c-418e-93e7-b72d3db82e8c.root [167,168,169]
/store/data/Run2024H/MuonEG/RAW/v1/000/385/889/00000/66a980c5-f124-452b-ad48-45f6f78b56ea.root [242]
/store/data/Run2024H/MuonEG/RAW/v1/000/385/889/00000/66e9575d-4217-4114-b17c-f2ec0b61277a.root [41,39,40]
/store/data/Run2024H/MuonEG/RAW/v1/000/385/889/00000/6785cb69-7241-43d2-bb88-7970567cef3c.root [532,531,533]
/store/data/Run2024H/MuonEG/RAW/v1/000/385/889/00000/67baa35b-593c-4cd8-be25-b8a1aa1d5029.root [461,463,462]
/store/data/Run2024H/MuonEG/RAW/v1/000/385/889/00000/67be49d7-43e5-482f-acd6-658a7b709b34.root [943,941,942,944]
/store/data/Run2024H/MuonEG/RAW/v1/000/385/889/00000/67d55c48-521c-4343-bd01-7c5722192278.root [978,980,977,979]
/store/data/Run2024H/MuonEG/RAW/v1/000/385/889/00000/67e9f042-b93b-4adf-9c9d-b958e7827ffa.root [262,264,263]
/store/data/Run2024H/MuonEG/RAW/v1/000/385/889/00000/6937644a-a7a6-409f-bd2d-db33c273be60.root [1027,1029,1026,1028]
/store/data/Run2024H/MuonEG/RAW/v1/000/385/889/00000/6a454b7a-423d-43bd-b022-322c1a30e6a9.root [836,834,835]
/store/data/Run2024H/MuonEG/RAW/v1/000/385/889/00000/6acea276-4c7e-45b7-8882-4bbaaba3ec27.root [332,333,334]
/store/data/Run2024H/MuonEG/RAW/v1/000/385/889/00000/6c8ec7c7-53b4-4822-87e6-8acec264144d.root [604,603,605,602]
/store/data/Run2024H/MuonEG/RAW/v1/000/385/889/00000/6cf55eda-5b99-4f7b-9281-cf211edc4b30.root [567,568,569]
/store/data/Run2024H/MuonEG/RAW/v1/000/385/889/00000/6e649841-ad02-4aa1-9243-d6b90bb36d78.root [887,884,885,886]
/store/data/Run2024H/MuonEG/RAW/v1/000/385/889/00000/705422bf-4958-4a25-80b8-29c418c2ae9c.root [1219,1220,1221,1222,1217,1218]
/store/data/Run2024H/MuonEG/RAW/v1/000/385/889/00000/70ba3656-0d6f-43a6-aa84-2f4617deda7e.root [1270,1271,1268,1269,1266,1267]
/store/data/Run2024H/MuonEG/RAW/v1/000/385/889/00000/70f29ccb-bb4d-4d92-9b58-a6a09c5b5154.root [769,767,768]
/store/data/Run2024H/MuonEG/RAW/v1/000/385/889/00000/72006f71-c7ca-4632-b5af-c0d895a3fc70.root [879,877,876,878]
/store/data/Run2024H/MuonEG/RAW/v1/000/385/889/00000/722cdcbf-4320-4a1c-a8b9-00852891058c.root [64,65,66]
/store/data/Run2024H/MuonEG/RAW/v1/000/385/889/00000/72cb4807-a5b7-4ab0-b111-df80a834e771.root [337,335,336]
/store/data/Run2024H/MuonEG/RAW/v1/000/385/889/00000/737c800f-1b16-49a2-a5db-be6a541595e8.root [424,423,422]
/store/data/Run2024H/MuonEG/RAW/v1/000/385/889/00000/74b7f2a1-d491-491d-8b0b-ab978d2b03ab.root [1389,1387,1386,1388,1390,1391]
/store/data/Run2024H/MuonEG/RAW/v1/000/385/889/00000/75045286-687e-42fe-918c-9b00123595a0.root [761,762,763]
/store/data/Run2024H/MuonEG/RAW/v1/000/385/889/00000/755176f6-76b2-4a6b-94cc-2361d0aeb0b2.root [141,139,140]
/store/data/Run2024H/MuonEG/RAW/v1/000/385/889/00000/75aa211c-7890-4fd3-a328-d2bb372d29c4.root [454,452,453]
/store/data/Run2024H/MuonEG/RAW/v1/000/385/889/00000/75d1d1e9-a885-48bc-9786-2a2d96f32dda.root [1496,1491,1493,1494,1495,1492,1497]
/store/data/Run2024H/MuonEG/RAW/v1/000/385/889/00000/77bb5cc8-9a4f-4299-a889-ac6a929376e3.root [840,841,842]
/store/data/Run2024H/MuonEG/RAW/v1/000/385/889/00000/78081cc2-c912-43e6-a0df-cbe8ad526e77.root [556,555,557]
/store/data/Run2024H/MuonEG/RAW/v1/000/385/889/00000/78994395-e115-4cbb-9ceb-5a586378d566.root [317,318,319]
/store/data/Run2024H/MuonEG/RAW/v1/000/385/889/00000/7a35972b-92b5-436c-9f03-f48d6938bdf0.root [308,309,310]
/store/data/Run2024H/MuonEG/RAW/v1/000/385/889/00000/7a7258c9-363b-497e-b339-8fafa04b0922.root [19,20,18]
/store/data/Run2024H/MuonEG/RAW/v1/000/385/889/00000/7aa50421-70aa-41a9-8fae-41990dd90814.root [571,573,572]
/store/data/Run2024H/MuonEG/RAW/v1/000/385/889/00000/7abff700-3f56-46fd-92ff-4abb5f2813d4.root [10,8,9,11]
/store/data/Run2024H/MuonEG/RAW/v1/000/385/889/00000/7b20afac-d428-4d7f-b353-285acfc6957d.root [867]
/store/data/Run2024H/MuonEG/RAW/v1/000/385/889/00000/7b578691-ae7e-434f-a90d-13ec9db3a591.root [456,457,455]
/store/data/Run2024H/MuonEG/RAW/v1/000/385/889/00000/7b7e2e94-15b8-4fc2-8551-d3cb0eb52378.root [1509,1512,1513,1514,1511,1508,1510]
/store/data/Run2024H/MuonEG/RAW/v1/000/385/889/00000/7bca52e9-eccc-44c9-9390-46f9ede22755.root [302,303,304]
/store/data/Run2024H/MuonEG/RAW/v1/000/385/889/00000/7c31f67b-620f-4ab6-802e-71fb3dd7b9fd.root [1063,1062,1065,1064]
/store/data/Run2024H/MuonEG/RAW/v1/000/385/889/00000/7cfb7b6b-e261-4660-b026-e83dedb2cae4.root [1449,1450,1455,1452,1453,1451,1454]
/store/data/Run2024H/MuonEG/RAW/v1/000/385/889/00000/7d449cf1-4a0e-44fb-8dce-791cb8e3cc8d.root [124,125,126]
/store/data/Run2024H/MuonEG/RAW/v1/000/385/889/00000/7dd82bd7-5afb-476a-bacb-8f4004dc4cd8.root [697,696,698]
/store/data/Run2024H/MuonEG/RAW/v1/000/385/889/00000/7e12d651-412c-4586-8b93-7762d9c79b5f.root [1539,1538,1542,1543,1536,1540,1541,1537]
/store/data/Run2024H/MuonEG/RAW/v1/000/385/889/00000/80168a23-93f1-4388-855f-a4fc66a14c2a.root [1212,1213,1216,1215,1214]
/store/data/Run2024H/MuonEG/RAW/v1/000/385/889/00000/801e7ccf-1893-4547-b409-494ef99ae01d.root [741,742,740]
/store/data/Run2024H/MuonEG/RAW/v1/000/385/889/00000/809205e2-32e4-48aa-aed8-a4ff14df2b44.root [888,890,889,891]
/store/data/Run2024H/MuonEG/RAW/v1/000/385/889/00000/80fb1b74-3bce-4c08-be8f-2002ef8e33f5.root [670,671,672]
/store/data/Run2024H/MuonEG/RAW/v1/000/385/889/00000/82551be9-acfa-4765-a2c4-c617ef60324c.root [676,677,678]
/store/data/Run2024H/MuonEG/RAW/v1/000/385/889/00000/8328de15-4bbc-4a02-90b2-499e0272e6cd.root [361,363,362]
/store/data/Run2024H/MuonEG/RAW/v1/000/385/889/00000/837d5bde-39df-402f-b139-23be8044b252.root [1020,1019,1021,1018]
/store/data/Run2024H/MuonEG/RAW/v1/000/385/889/00000/83811940-aa50-496a-bb71-5573f3d08736.root [289,288,287]
/store/data/Run2024H/MuonEG/RAW/v1/000/385/889/00000/843614e2-bda0-4f89-b11f-fd521683715b.root [546,547]
/store/data/Run2024H/MuonEG/RAW/v1/000/385/889/00000/84397a22-5132-4de5-ad57-54636bc04a8d.root [757,755,756]
/store/data/Run2024H/MuonEG/RAW/v1/000/385/889/00000/84e68c09-9086-4e18-be91-0c845e6798e9.root [360,358,359]
/store/data/Run2024H/MuonEG/RAW/v1/000/385/889/00000/8509aae2-8947-413a-b07b-0a9a9755569b.root [844,845,843]
/store/data/Run2024H/MuonEG/RAW/v1/000/385/889/00000/85720593-08fd-4e55-9ded-bb19297287a8.root [373,372,374]
/store/data/Run2024H/MuonEG/RAW/v1/000/385/889/00000/85914c88-530d-4951-9be9-2fdc9c9f978a.root [1429,1431,1434,1435,1430,1433,1432]
/store/data/Run2024H/MuonEG/RAW/v1/000/385/889/00000/85ba8327-a7b1-476e-8e60-effed825abf1.root [439,438,437]
/store/data/Run2024H/MuonEG/RAW/v1/000/385/889/00000/86e2bd81-2049-43e8-ba3c-91d1de703768.root [1249,1250,1251,1253,1248,1252]
/store/data/Run2024H/MuonEG/RAW/v1/000/385/889/00000/870c885a-b1ed-413a-aaf2-7b7c7d842d16.root [176,178,177]
/store/data/Run2024H/MuonEG/RAW/v1/000/385/889/00000/871cf89c-1bd0-4d63-b5db-e3344928f611.root [827,825,826]
/store/data/Run2024H/MuonEG/RAW/v1/000/385/889/00000/8750a02d-e5c7-483e-8598-40769bec37c3.root [1320,1321,1323,1322,1325,1324]
/store/data/Run2024H/MuonEG/RAW/v1/000/385/889/00000/87de3f03-50bf-45a4-af80-7bcd140e86c4.root [1030,1031,1033,1032]
/store/data/Run2024H/MuonEG/RAW/v1/000/385/889/00000/885669dd-f8ee-4585-aa9f-14eb89f8fa4e.root [236,237,238,235]
/store/data/Run2024H/MuonEG/RAW/v1/000/385/889/00000/8aef117d-039e-46c5-a008-b6fdf3ef57ad.root [473,475,474]
/store/data/Run2024H/MuonEG/RAW/v1/000/385/889/00000/8c6cd253-7028-42d6-a2fe-f66fcb81558b.root [182,183,184]
/store/data/Run2024H/MuonEG/RAW/v1/000/385/889/00000/8ca13fb8-f8f3-4039-855b-ae8c9c649b84.root [821,820,819]
/store/data/Run2024H/MuonEG/RAW/v1/000/385/889/00000/8cea9dd1-ace7-4be8-b83e-82088c8c66d4.root [1186,1182,1184,1185,1183]
/store/data/Run2024H/MuonEG/RAW/v1/000/385/889/00000/8d15db97-b4d1-45c9-a386-3ab82ee19f1a.root [346,347,348]
/store/data/Run2024H/MuonEG/RAW/v1/000/385/889/00000/8f2a5d67-8b29-42cc-af23-7e3612320de3.root [870,869,871,868]
/store/data/Run2024H/MuonEG/RAW/v1/000/385/889/00000/90282512-dcfd-4d4e-b6fb-681f2b8af4b1.root [872,874,875,873]
/store/data/Run2024H/MuonEG/RAW/v1/000/385/889/00000/905cab9f-cfd5-446e-b193-553047992e9a.root [1372,1371,1370,1368,1373,1369]
/store/data/Run2024H/MuonEG/RAW/v1/000/385/889/00000/90955f9e-3a73-47d0-afce-57b88512adf6.root [1148,1149,1151,1150,1147]
/store/data/Run2024H/MuonEG/RAW/v1/000/385/889/00000/90d2eef4-db97-487b-a1e6-595c64b733d6.root [648,649,650]
/store/data/Run2024H/MuonEG/RAW/v1/000/385/889/00000/916a0781-4dc1-4da0-8ff2-dc146704ecb8.root [1111,1112,1113,1114,1115]
/store/data/Run2024H/MuonEG/RAW/v1/000/385/889/00000/93c00360-4163-4790-a18c-91eedbb62599.root [5,4,6,7]
/store/data/Run2024H/MuonEG/RAW/v1/000/385/889/00000/93fb717c-595c-4a34-8112-ac7cdc5fff0b.root [245,243,244]
/store/data/Run2024H/MuonEG/RAW/v1/000/385/889/00000/946825ea-2cd6-4fc7-b20b-5a0988b9616d.root [55,56,57]
/store/data/Run2024H/MuonEG/RAW/v1/000/385/889/00000/9504477b-09f6-495a-846e-51bde66efa2b.root [299,300,301]
/store/data/Run2024H/MuonEG/RAW/v1/000/385/889/00000/9892c7dd-db61-4712-a291-c164a328b392.root [1279,1283,1278,1280,1281,1282]
/store/data/Run2024H/MuonEG/RAW/v1/000/385/889/00000/99681a16-0baa-450d-b64e-68c6fe3b41f1.root [773,774,775]
/store/data/Run2024H/MuonEG/RAW/v1/000/385/889/00000/9b1b49e9-bd24-4a1a-85ac-3bd919ee1c67.root [255,253,254]
/store/data/Run2024H/MuonEG/RAW/v1/000/385/889/00000/9b28faee-338a-4297-b2f1-396a418681b2.root [601,599,600]
/store/data/Run2024H/MuonEG/RAW/v1/000/385/889/00000/9b7f39f9-d373-4c16-ae3e-3207b83301c4.root [1600,1608,1602,1610,1605,1607,1611,1601,1603,1609,1604,1606]
/store/data/Run2024H/MuonEG/RAW/v1/000/385/889/00000/9bdce4f0-138e-4146-9e3c-1eddbd57d1d8.root [367]
/store/data/Run2024H/MuonEG/RAW/v1/000/385/889/00000/9c09e96d-afb0-4443-945e-c5c93c97fc63.root [442,440,441]
/store/data/Run2024H/MuonEG/RAW/v1/000/385/889/00000/9cae23bc-d866-44e5-b185-420bb4b247d1.root [858,856,857]
/store/data/Run2024H/MuonEG/RAW/v1/000/385/889/00000/9cb02685-bce1-4efa-9585-821f242f2e4b.root [285,284,286]
/store/data/Run2024H/MuonEG/RAW/v1/000/385/889/00000/9cd5a095-e2a2-406a-9269-9f5432c21d87.root [44,45,43]
/store/data/Run2024H/MuonEG/RAW/v1/000/385/889/00000/9cdf18b9-1e3e-4a35-826e-d399cee6b1bb.root [25,24,26]
/store/data/Run2024H/MuonEG/RAW/v1/000/385/889/00000/9d67ca43-7335-4bba-9eea-98e42e4c506f.root [1479,1480,1483,1477,1481,1478,1482]
/store/data/Run2024H/MuonEG/RAW/v1/000/385/889/00000/9db5953b-74d3-4763-b39c-081cabc51636.root [492,493,491]
/store/data/Run2024H/MuonEG/RAW/v1/000/385/889/00000/9dfddd65-cc85-4b19-92ed-e61f006225b1.root [1296,1301,1299,1297,1300,1298]
/store/data/Run2024H/MuonEG/RAW/v1/000/385/889/00000/9e0d2e94-898c-4f9e-a75b-499b6a4395b4.root [1083,1081,1084,1082]
/store/data/Run2024H/MuonEG/RAW/v1/000/385/889/00000/9e893be5-eab5-401b-a9fc-36286464ab6d.root [395,396,397]
/store/data/Run2024H/MuonEG/RAW/v1/000/385/889/00000/9f8a2f70-5184-468a-80a3-5c524813773e.root [847,848,846]
/store/data/Run2024H/MuonEG/RAW/v1/000/385/889/00000/a09f9a22-dbd2-40e9-a7cf-4441f3325f88.root [1053,1051,1052,1050]
/store/data/Run2024H/MuonEG/RAW/v1/000/385/889/00000/a0ab126a-5de5-488d-aca4-808f2e58741a.root [1173,1174,1172,1175,1176]
/store/data/Run2024H/MuonEG/RAW/v1/000/385/889/00000/a2583a48-a9d3-4872-a8db-3761665c554d.root [1011,1012,1009,1013,1010]
/store/data/Run2024H/MuonEG/RAW/v1/000/385/889/00000/a2cdd35b-8feb-4a42-a7d8-663e02923493.root [675,674,673]
/store/data/Run2024H/MuonEG/RAW/v1/000/385/889/00000/a2d98e28-d250-4714-b3d3-d637c5129269.root [1085,1087,1086,1088]
/store/data/Run2024H/MuonEG/RAW/v1/000/385/889/00000/a2f5973f-f40d-46b3-b455-158e83c0dee0.root [727,726,725]
/store/data/Run2024H/MuonEG/RAW/v1/000/385/889/00000/a40b2df4-47cc-4b1a-ae9e-5b6444cf3ebf.root [54,52,53]
/store/data/Run2024H/MuonEG/RAW/v1/000/385/889/00000/a55c4101-0dc7-44e9-9e60-2bc185356368.root [1133,1135,1132,1134,1136]
/store/data/Run2024H/MuonEG/RAW/v1/000/385/889/00000/a56a024d-c74a-49d6-b159-edb0688cacc4.root [470,472,471]
/store/data/Run2024H/MuonEG/RAW/v1/000/385/889/00000/a601c6e5-2ae4-4ba5-be93-3355435b6044.root [645,646,647]
/store/data/Run2024H/MuonEG/RAW/v1/000/385/889/00000/a6091f56-40fb-4e29-bdca-0f3af7dd244e.root [290,291,292]
/store/data/Run2024H/MuonEG/RAW/v1/000/385/889/00000/a6e4463b-b5ef-4ea8-9640-739cd5448324.root [1198,1201,1199,1200,1197]
/store/data/Run2024H/MuonEG/RAW/v1/000/385/889/00000/a7348da9-bfd6-4c8f-be05-0db3a6fab0a2.root [100]
/store/data/Run2024H/MuonEG/RAW/v1/000/385/889/00000/a7360052-ac65-4792-8987-7710568aee0c.root [401,402,403]
/store/data/Run2024H/MuonEG/RAW/v1/000/385/889/00000/a7b46b5a-90c0-4f83-bdf1-b2f2f013f415.root [778,776,777]
/store/data/Run2024H/MuonEG/RAW/v1/000/385/889/00000/a7f14b59-111d-4792-9228-a5077d516cbe.root [752,754,753]
/store/data/Run2024H/MuonEG/RAW/v1/000/385/889/00000/a8af65cd-17bb-44ff-9c02-49a4709a7076.root [750,751,749]
/store/data/Run2024H/MuonEG/RAW/v1/000/385/889/00000/a91402ea-c675-4209-8a6d-9b3c3904d0f0.root [1317,1319,1315,1318,1316,1314]
/store/data/Run2024H/MuonEG/RAW/v1/000/385/889/00000/a99610c3-cc08-4fc0-a2ef-67c9752e5482.root [252,250,251,249]
/store/data/Run2024H/MuonEG/RAW/v1/000/385/889/00000/aa757377-3539-4408-a7fe-b77bee21dc03.root [133,135,134]
/store/data/Run2024H/MuonEG/RAW/v1/000/385/889/00000/aaf70946-03a1-41d3-8669-06de9707f346.root [930,931,929,932]
/store/data/Run2024H/MuonEG/RAW/v1/000/385/889/00000/ab3331ac-35da-48c9-a594-a67831729dfc.root [780,779,781]
/store/data/Run2024H/MuonEG/RAW/v1/000/385/889/00000/acae1694-0253-4c35-85d3-680ab8e021d2.root [1014,1015,1016,1017]
/store/data/Run2024H/MuonEG/RAW/v1/000/385/889/00000/acaf453e-d7cf-4a72-8da4-66fbd56b7aef.root [522,523,521]
/store/data/Run2024H/MuonEG/RAW/v1/000/385/889/00000/ad075acc-f1f5-41fc-b970-d9a22e37b6f4.root [377,375,376]
/store/data/Run2024H/MuonEG/RAW/v1/000/385/889/00000/ae2a3df1-0e99-47e3-9060-eb189dde7da2.root [705,703,704,706]
/store/data/Run2024H/MuonEG/RAW/v1/000/385/889/00000/af284e40-a490-4a92-92f5-4b130fce425c.root [467,469,468]
/store/data/Run2024H/MuonEG/RAW/v1/000/385/889/00000/b1fdbe3b-20d5-407a-951e-542dbafae794.root [378,380,379]
/store/data/Run2024H/MuonEG/RAW/v1/000/385/889/00000/b266ed42-f0bd-48c8-8847-87b982e5374a.root [1629,1626,1630,1623,1627,1624,1628,1625]
/store/data/Run2024H/MuonEG/RAW/v1/000/385/889/00000/b2c76fed-d890-41d3-ac8c-e9f65ac9a6d5.root [806,808,807]
/store/data/Run2024H/MuonEG/RAW/v1/000/385/889/00000/b31f14f4-a19c-48ac-b819-e09dfa7570d4.root [465,464,466]
/store/data/Run2024H/MuonEG/RAW/v1/000/385/889/00000/b3d92651-72a4-4485-95d9-4d105ac5eaed.root [900,902,901,899]
/store/data/Run2024H/MuonEG/RAW/v1/000/385/889/00000/b4bdda41-ff28-40ee-9aed-dc4a7852e7ce.root [506,508,507]
/store/data/Run2024H/MuonEG/RAW/v1/000/385/889/00000/b504e708-aa30-4166-bdfb-66c36e10b61d.root [163,162,161]
/store/data/Run2024H/MuonEG/RAW/v1/000/385/889/00000/b69e6a35-d866-489f-b8ed-96ebdf73efdb.root [328,326,327]
/store/data/Run2024H/MuonEG/RAW/v1/000/385/889/00000/b6b7f7f3-a4fd-4014-95dd-5f544202ebba.root [536,535,534]
/store/data/Run2024H/MuonEG/RAW/v1/000/385/889/00000/b7738886-a8d5-485d-af57-6597e52ca103.root [1567,1569,1565,1568,1571,1566,1570]
/store/data/Run2024H/MuonEG/RAW/v1/000/385/889/00000/b813e8f1-d982-4347-a61f-699a6dba8b96.root [903]
/store/data/Run2024H/MuonEG/RAW/v1/000/385/889/00000/b8619c93-b14d-4ae1-a819-037df3e7e4c7.root [489,488,490]
/store/data/Run2024H/MuonEG/RAW/v1/000/385/889/00000/b86b6745-52e2-4eee-af4d-72a94267d1b3.root [17,15,16]
/store/data/Run2024H/MuonEG/RAW/v1/000/385/889/00000/b8a4cf5a-469c-4c59-b254-1292bb340a17.root [172,170,171]
/store/data/Run2024H/MuonEG/RAW/v1/000/385/889/00000/b946ac58-7363-4edf-a38f-66b138d02251.root [1382,1383,1385,1384,1380,1381]
/store/data/Run2024H/MuonEG/RAW/v1/000/385/889/00000/b97fdfd4-143c-43c8-b714-e66f3516b840.root [1022,1024,1025,1023]
/store/data/Run2024H/MuonEG/RAW/v1/000/385/889/00000/b9ceec8c-75b6-4e8e-8e9b-d69b87ef3594.root [1546,1544,1547,1550,1548,1549,1545]
/store/data/Run2024H/MuonEG/RAW/v1/000/385/889/00000/ba67ab75-4024-4d44-87f6-a8f9854f85f9.root [143,142,144]
/store/data/Run2024H/MuonEG/RAW/v1/000/385/889/00000/ba88858e-3584-4ec9-b01f-0fbd27ea76a6.root [275,276,277]
/store/data/Run2024H/MuonEG/RAW/v1/000/385/889/00000/bb585e76-cd0b-4a49-a729-d811548e228a.root [1462,1457,1458,1460,1456,1459,1461]
/store/data/Run2024H/MuonEG/RAW/v1/000/385/889/00000/bb96f57b-8095-4dd6-98a5-8aff7c637f78.root [1154,1156,1152,1153,1155]
/store/data/Run2024H/MuonEG/RAW/v1/000/385/889/00000/bc4023eb-d5c1-4a56-b0fc-dac9732034e2.root [709,708,707]
/store/data/Run2024H/MuonEG/RAW/v1/000/385/889/00000/bcf8eee7-d250-4a9e-b9c5-d14b31db1f79.root [504,505,503]
/store/data/Run2024H/MuonEG/RAW/v1/000/385/889/00000/bd713f38-416e-4927-bf94-81c73fc5f54a.root [804,803,805]
/store/data/Run2024H/MuonEG/RAW/v1/000/385/889/00000/bf37a3cd-ce53-4557-849c-0c9e655d5c02.root [936,934,933,935]
/store/data/Run2024H/MuonEG/RAW/v1/000/385/889/00000/bfcf4462-34dc-4ff6-98e3-172334f827ea.root [1499,1500,1498]
/store/data/Run2024H/MuonEG/RAW/v1/000/385/889/00000/c011f2f0-2bce-42f2-92bb-6a2f95d06010.root [564,565,566]
/store/data/Run2024H/MuonEG/RAW/v1/000/385/889/00000/c055e619-0ac2-4bc7-8e4b-2a20a5a8daf1.root [1305,1304,1302,1303,1307,1306]
/store/data/Run2024H/MuonEG/RAW/v1/000/385/889/00000/c0890171-1da7-4266-96b2-8945803afb44.root [1339,1342,1338,1343,1340,1341]
/store/data/Run2024H/MuonEG/RAW/v1/000/385/889/00000/c08fed70-d7ad-462b-b5d2-37ec660790fb.root [791,792,793]
/store/data/Run2024H/MuonEG/RAW/v1/000/385/889/00000/c1fd97b3-d3e2-4389-b606-867925f07ed3.root [265,267,266]
/store/data/Run2024H/MuonEG/RAW/v1/000/385/889/00000/c227c9ca-d0d8-47aa-a765-656479e73298.root [760,758,759]
/store/data/Run2024H/MuonEG/RAW/v1/000/385/889/00000/c29d3886-3c36-418a-b87b-d26d1ae1dc8a.root [736,739,738,737]
/store/data/Run2024H/MuonEG/RAW/v1/000/385/889/00000/c3c80ab9-96d1-4a83-bab8-b9fdd6c57f6b.root [120]
/store/data/Run2024H/MuonEG/RAW/v1/000/385/889/00000/c4e7b1c5-769a-4c97-92b2-7cde45af61c9.root [128,129,127]
/store/data/Run2024H/MuonEG/RAW/v1/000/385/889/00000/c634a786-4513-4154-9969-57f5a50fba02.root [976,974,975,973]
/store/data/Run2024H/MuonEG/RAW/v1/000/385/889/00000/c8055819-469e-4b15-82a3-d5252b3249fc.root [689,691,690]
/store/data/Run2024H/MuonEG/RAW/v1/000/385/889/00000/c8c1f9ec-a219-4812-b85b-c3b9dbcd9d8a.root [1273,1277,1272,1274,1275,1276]
/store/data/Run2024H/MuonEG/RAW/v1/000/385/889/00000/c90677d9-d04b-4da1-a06f-eedfa12bc91e.root [115,114,116]
/store/data/Run2024H/MuonEG/RAW/v1/000/385/889/00000/c9e60532-c062-4d35-9ba7-0f92ac6da6ff.root [279,278,280]
/store/data/Run2024H/MuonEG/RAW/v1/000/385/889/00000/cb16722e-7a53-4287-aa6c-54e252e5cadf.root [1142,1145,1144,1143,1146]
/store/data/Run2024H/MuonEG/RAW/v1/000/385/889/00000/cb6cbabe-f1f5-45f2-a0cd-60b01eb72c67.root [700,701,702]
/store/data/Run2024H/MuonEG/RAW/v1/000/385/889/00000/cbf8bb01-a2da-46f2-a0c7-070a2fdd0121.root [295,293,294]
/store/data/Run2024H/MuonEG/RAW/v1/000/385/889/00000/cc741186-765d-4eb8-9c64-2b84d3bad2a7.root [683,682,685,684]
/store/data/Run2024H/MuonEG/RAW/v1/000/385/889/00000/cc86d3c2-507f-4f3e-b461-138e6e8427c5.root [146,145,147]
/store/data/Run2024H/MuonEG/RAW/v1/000/385/889/00000/ce80256e-0f32-4a40-bddd-d494324a457b.root [927,928,925,926]
/store/data/Run2024H/MuonEG/RAW/v1/000/385/889/00000/ce986de4-7ba9-4953-8ff8-2a1786745bd6.root [1327,1330,1326,1328,1329,1331]
/store/data/Run2024H/MuonEG/RAW/v1/000/385/889/00000/cf05893e-a7d5-443a-ae8b-ff803328eb97.root [618,616,619,617]
/store/data/Run2024H/MuonEG/RAW/v1/000/385/889/00000/d05e0ccb-1c47-41c4-b742-2b3a2d8d1855.root [1335,1333,1334,1336,1337,1332]
/store/data/Run2024H/MuonEG/RAW/v1/000/385/889/00000/d0b13b4d-94a0-411b-aa28-e6aa9701f204.root [1228,1229,1230,1232,1231]
/store/data/Run2024H/MuonEG/RAW/v1/000/385/889/00000/d0bd26e7-a5e3-4a27-9810-bd85c5c8b7f9.root [1089,1090,1092,1091]
/store/data/Run2024H/MuonEG/RAW/v1/000/385/889/00000/d178b9cd-be64-44be-84b6-4faa656941ec.root [991,989,992,990]
/store/data/Run2024H/MuonEG/RAW/v1/000/385/889/00000/d1b3a1ce-c748-48c2-afde-c43474b31532.root [1058,1059,1060,1061]
/store/data/Run2024H/MuonEG/RAW/v1/000/385/889/00000/d2137b44-adbb-40e1-bc7b-5269a8a7b8ae.root [965,968,966,967]
/store/data/Run2024H/MuonEG/RAW/v1/000/385/889/00000/d29e4cff-5db8-488f-9837-d88528f8dc09.root [271,273,274,272]
/store/data/Run2024H/MuonEG/RAW/v1/000/385/889/00000/d38bc3cd-07ee-4ff2-91f2-faf71ba2c4dd.root [529,530,528]
/store/data/Run2024H/MuonEG/RAW/v1/000/385/889/00000/d3a7a5bd-f5d5-44b2-99a7-d988b6b5817c.root [1095,1094,1093,1096,1097]
/store/data/Run2024H/MuonEG/RAW/v1/000/385/889/00000/d490aec2-958d-4765-ab5b-437380483dcb.root [816,818,817]
/store/data/Run2024H/MuonEG/RAW/v1/000/385/889/00000/d51a0122-e377-4c29-b88d-17655fc51f4c.root [215,216,217]
/store/data/Run2024H/MuonEG/RAW/v1/000/385/889/00000/d53a00c8-b177-4e8b-9642-32b9c821f456.root [681,680,679]
/store/data/Run2024H/MuonEG/RAW/v1/000/385/889/00000/d5b8b305-2975-40c0-b600-1934bc905fce.root [78,76,77]
/store/data/Run2024H/MuonEG/RAW/v1/000/385/889/00000/d5d42c17-b93b-409a-90c6-53edbf787b59.root [582,581,583]
/store/data/Run2024H/MuonEG/RAW/v1/000/385/889/00000/d5e1d915-a173-40b0-8064-8fcec7709cf4.root [404,405,406]
/store/data/Run2024H/MuonEG/RAW/v1/000/385/889/00000/d6150c8e-9823-40d8-b15b-6cd0aa4abdd2.root [983,984,982,981]
/store/data/Run2024H/MuonEG/RAW/v1/000/385/889/00000/d69df5d2-8713-485a-bdeb-4bc04f338808.root [296,298,297]
/store/data/Run2024H/MuonEG/RAW/v1/000/385/889/00000/d6e7f5d4-41ec-48c8-ab24-184f6efb06dd.root [829,830,828]
/store/data/Run2024H/MuonEG/RAW/v1/000/385/889/00000/d783763f-f66b-4f4a-b6ca-67751dc1af2e.root [269,270,268]
/store/data/Run2024H/MuonEG/RAW/v1/000/385/889/00000/d7d0b4ac-197c-470e-9a29-2782396acf35.root [985,988,986,987]
/store/data/Run2024H/MuonEG/RAW/v1/000/385/889/00000/d7df0064-313c-4d60-a96d-fc31aaf1f228.root [131,132,130]
/store/data/Run2024H/MuonEG/RAW/v1/000/385/889/00000/d7e700ce-7b52-4c86-8c81-4a7a5fbe39fd.root [1551,1552,1553,1556,1555,1554,1557]
/store/data/Run2024H/MuonEG/RAW/v1/000/385/889/00000/d835b392-ea77-486f-9e88-82aa521ddb4e.root [201,200,202]
/store/data/Run2024H/MuonEG/RAW/v1/000/385/889/00000/d936e4bc-c9e1-4374-8cc0-e5ef4b80d21e.root [785,787,786]
/store/data/Run2024H/MuonEG/RAW/v1/000/385/889/00000/dc914f3c-0fc0-4def-bc8a-aa43018ed737.root [596,598,597]
/store/data/Run2024H/MuonEG/RAW/v1/000/385/889/00000/dcc4350b-ab79-4363-9c3a-6ef0225a8abe.root [1262,1260,1265,1261,1264,1263]
/store/data/Run2024H/MuonEG/RAW/v1/000/385/889/00000/ddc22f39-b301-422b-ba3a-32daf3a3e2e1.root [189,188,190]
/store/data/Run2024H/MuonEG/RAW/v1/000/385/889/00000/df8d9b95-c757-48d4-9623-17a883ec21d5.root [748,747,746]
/store/data/Run2024H/MuonEG/RAW/v1/000/385/889/00000/e068accc-0db9-4fd9-8249-e5ce77fcc26a.root [512,513,514]
/store/data/Run2024H/MuonEG/RAW/v1/000/385/889/00000/e1f0b0f0-3a36-4b39-8992-3d15656ea1bf.root [788,790,789]
/store/data/Run2024H/MuonEG/RAW/v1/000/385/889/00000/e3b92f8a-b0d1-448c-8a9a-59afe73fd829.root [1046,1047,1049,1048]
/store/data/Run2024H/MuonEG/RAW/v1/000/385/889/00000/e577abbc-1d25-4ac1-a719-adb6abcc0a5c.root [1421,1418,1420,1417,1419,1416,1422]
/store/data/Run2024H/MuonEG/RAW/v1/000/385/889/00000/e68222e1-d4c6-45e9-a3ea-f5b55fdea4a0.root [344,342,345,343]
/store/data/Run2024H/MuonEG/RAW/v1/000/385/889/00000/e6b27788-4d20-40c8-a171-99e340b7fe29.root [717,718,716]
/store/data/Run2024H/MuonEG/RAW/v1/000/385/889/00000/e6c997aa-bfa5-44fe-af22-dd1d2f5d4d21.root [420,419,421]
/store/data/Run2024H/MuonEG/RAW/v1/000/385/889/00000/e7232b37-0b65-4f3b-8a69-9bf44cf764cf.root [1436,1438,1440,1437,1441,1439]
/store/data/Run2024H/MuonEG/RAW/v1/000/385/889/00000/e742303f-4e97-43b9-ab76-f40a9316b2ef.root [259,261,260]
/store/data/Run2024H/MuonEG/RAW/v1/000/385/889/00000/e7a780f5-40b5-482b-b7d8-f5aefe47afc1.root [658,659,657]
/store/data/Run2024H/MuonEG/RAW/v1/000/385/889/00000/e7f4de1b-9a5e-4cc5-b340-8ce819034895.root [1573,1576,1572,1578,1575,1574,1577]
/store/data/Run2024H/MuonEG/RAW/v1/000/385/889/00000/e892ebbc-b29e-45fa-9c28-48ed391e8606.root [644,642,643,641]
/store/data/Run2024H/MuonEG/RAW/v1/000/385/889/00000/e89aa65c-5491-4859-a33b-c936944e5a02.root [1399,1402,1398,1401,1400,1403]
/store/data/Run2024H/MuonEG/RAW/v1/000/385/889/00000/e8d42aca-4178-4869-9984-11f6e8a33431.root [1035,1036,1037,1034]
/store/data/Run2024H/MuonEG/RAW/v1/000/385/889/00000/e937539c-0539-4ddc-80de-3da729263595.root [518,520,519]
/store/data/Run2024H/MuonEG/RAW/v1/000/385/889/00000/e9e1bfc9-a339-4be5-99f8-7d7c7834d755.root [180,181,179]
/store/data/Run2024H/MuonEG/RAW/v1/000/385/889/00000/ea178a5e-1538-4dc4-9365-e6da46ce48ee.root [1098,1100,1101,1099]
/store/data/Run2024H/MuonEG/RAW/v1/000/385/889/00000/eb66397c-b12a-4cf8-81ad-f38e20ca0c0c.root [479,481,480]
/store/data/Run2024H/MuonEG/RAW/v1/000/385/889/00000/eb96a852-26f7-4fb2-8f78-1944660e131b.root [446,447,448]
/store/data/Run2024H/MuonEG/RAW/v1/000/385/889/00000/eba9168d-1e45-4519-be86-4d6717525126.root [1117,1118,1120,1119,1116]
/store/data/Run2024H/MuonEG/RAW/v1/000/385/889/00000/ecd62d24-97f2-462a-886f-5a56a18afb4e.root [416,418,417]
/store/data/Run2024H/MuonEG/RAW/v1/000/385/889/00000/ed096dc5-f978-4a16-8acc-70fdef985b68.root [123,121,122]
/store/data/Run2024H/MuonEG/RAW/v1/000/385/889/00000/ed55947c-d2a8-4ed0-aacf-1c85301fb234.root [384,386,385]
/store/data/Run2024H/MuonEG/RAW/v1/000/385/889/00000/ee651769-1b2f-4853-b2ac-25614b06f2d3.root [865,863,866,864]
/store/data/Run2024H/MuonEG/RAW/v1/000/385/889/00000/eec59bfe-c622-4d53-a598-7103fb351815.root [357,356,355]
/store/data/Run2024H/MuonEG/RAW/v1/000/385/889/00000/ef51a3cd-7101-44bf-bccc-4b8090dab711.root [1285,1287,1284,1289,1286,1288]
/store/data/Run2024H/MuonEG/RAW/v1/000/385/889/00000/efeed690-e9a1-4d64-9ef6-f8ee61171215.root [1106,1107,1110,1108,1109]
/store/data/Run2024H/MuonEG/RAW/v1/000/385/889/00000/f07e4fee-1bef-4372-b147-777b9deb36c3.root [411,409,410,412,407,408]
/store/data/Run2024H/MuonEG/RAW/v1/000/385/889/00000/f0b65048-eb67-4bc2-9c2e-208e0562b459.root [538,539,537]
/store/data/Run2024H/MuonEG/RAW/v1/000/385/889/00000/f134dad1-42d2-4035-9f4a-cefdefeb5142.root [922,923,924,921]
/store/data/Run2024H/MuonEG/RAW/v1/000/385/889/00000/f18d2242-f24e-454b-8ce2-7b8a2051829a.root [42]
/store/data/Run2024H/MuonEG/RAW/v1/000/385/889/00000/f1987cbd-13db-4600-bae5-2dc2445622e3.root [415,414,413]
/store/data/Run2024H/MuonEG/RAW/v1/000/385/889/00000/f240ed4f-8b6b-4a74-93a0-13aaae5aaa7b.root [1292,1293,1295,1294,1290,1291]
/store/data/Run2024H/MuonEG/RAW/v1/000/385/889/00000/f3c07824-4b3a-4871-881c-bea112ef9d07.root [499,498,497]
/store/data/Run2024H/MuonEG/RAW/v1/000/385/889/00000/f41ab720-d246-4a08-8aca-2e97e3e1d84f.root [957,958,960,959]
/store/data/Run2024H/MuonEG/RAW/v1/000/385/889/00000/f51ca2ae-c489-49c2-a1d1-c2e8a3786bd9.root [226,227,228]
/store/data/Run2024H/MuonEG/RAW/v1/000/385/889/00000/f575e81e-e7ff-472c-b53b-826721d514cc.root [79,80,81]
/store/data/Run2024H/MuonEG/RAW/v1/000/385/889/00000/f60e011c-4460-45ff-ade0-461b41a9a476.root [101,102,103]
/store/data/Run2024H/MuonEG/RAW/v1/000/385/889/00000/f633b2d8-ebd1-43ee-b6cc-d597d7b7e713.root [1363,1362,1366,1367,1364,1365]
/store/data/Run2024H/MuonEG/RAW/v1/000/385/889/00000/f6425e8b-5c2e-48df-b998-354164b2f3f1.root [87,85,86]
/store/data/Run2024H/MuonEG/RAW/v1/000/385/889/00000/f7133c6b-81fe-4065-ba7b-5c9d6d14a21b.root [84,82,83]
/store/data/Run2024H/MuonEG/RAW/v1/000/385/889/00000/f73a7532-d5f9-48fc-a60b-75bcd5ef0929.root [12,13,14]
/store/data/Run2024H/MuonEG/RAW/v1/000/385/889/00000/f92b578c-60c2-4a5d-bd2c-5e8a38367b33.root [937,939,938,940]
/store/data/Run2024H/MuonEG/RAW/v1/000/385/889/00000/f965acf2-3e3e-4583-b21a-9176e4ac0b4a.root [1443,1447,1445,1444,1446,1442,1448]
/store/data/Run2024H/MuonEG/RAW/v1/000/385/889/00000/f991d9ad-75bf-4726-9cfd-8c0cc7272181.root [305,306,307]
/store/data/Run2024H/MuonEG/RAW/v1/000/385/889/00000/f9ede498-4655-4b6d-af62-c8ebcc83318a.root [814,813,815]
/store/data/Run2024H/MuonEG/RAW/v1/000/385/889/00000/fa9e37ee-d279-43ce-9632-8aa1ae7022c0.root [949,950,952,951]
/store/data/Run2024H/MuonEG/RAW/v1/000/385/889/00000/fad63af2-8f5b-463a-8591-33ade19a52eb.root [964,962,961,963]
/store/data/Run2024H/MuonEG/RAW/v1/000/385/889/00000/fb2ccec6-2800-4b90-bd49-455d8607aa41.root [157,155,156]
/store/data/Run2024H/MuonEG/RAW/v1/000/385/889/00000/fb35e4dd-89d1-4a8d-81a2-26620f65eb65.root [782,784,783]
/store/data/Run2024H/MuonEG/RAW/v1/000/385/889/00000/fbd6ed03-51ba-4010-88d0-a51071c7c53f.root [552,553,554]
/store/data/Run2024H/MuonEG/RAW/v1/000/385/889/00000/fbdec9e8-12ab-483f-bc8a-419ecd62999e.root [187,185,186]
/store/data/Run2024H/MuonEG/RAW/v1/000/385/889/00000/fc5297db-6fa8-4954-b8b1-f9a7a5b23fc3.root [34,33,35]
/store/data/Run2024H/MuonEG/RAW/v1/000/385/889/00000/fcdfc567-9e08-46ff-b863-fed05b5e4dbe.root [548]
/store/data/Run2024H/MuonEG/RAW/v1/000/385/889/00000/fd1afb59-4417-4c9a-aa5e-52c6901c52b8.root [1356,1359,1360,1357,1361,1358]
/store/data/Run2024H/MuonEG/RAW/v1/000/385/889/00000/fe9f6c94-a092-4a63-a9b4-b5e4f71de256.root [833,831,832]
/store/data/Run2024H/MuonEG/RAW/v1/000/385/889/00000/ff3e1f00-ce98-48a7-8afb-2e8dd79637ef.root [173,175,174]
