/store/data/Run2018C/MuonEG/RAW/v1/000/319/450/00000/002719D5-F983-E811-9890-FA163E194F0E.root [107,110,112,114,113,108,109,111]
/store/data/Run2018C/MuonEG/RAW/v1/000/319/450/00000/08CC35E6-0584-E811-997E-FA163EAC97D8.root [229,233,230,232,228,234,231,235]
/store/data/Run2018C/MuonEG/RAW/v1/000/319/450/00000/0CE968C4-0584-E811-9903-FA163E503291.root [188,190,191,192,194,189,195,193]
/store/data/Run2018C/MuonEG/RAW/v1/000/319/450/00000/0EB3A0E8-0584-E811-BC95-FA163EBE4842.root [158,156,161,155,157,159,160,162]
/store/data/Run2018C/MuonEG/RAW/v1/000/319/450/00000/0EBDEF2A-F783-E811-B123-FA163E6456FD.root [16,17,19,22,20,18,15,21]
/store/data/Run2018C/MuonEG/RAW/v1/000/319/450/00000/107467BB-1284-E811-A80F-FA163E8A4693.root [655,659,652,654,657,651,658,653,656,660]
/store/data/Run2018C/MuonEG/RAW/v1/000/319/450/00000/16274DD1-F983-E811-8CBA-FA163E8A2D90.root [96,91,94,98,95,97,92,93]
/store/data/Run2018C/MuonEG/RAW/v1/000/319/450/00000/22DCD8DB-1084-E811-97F9-FA163EF2167E.root [574,577,578,572,575,580,576,571,573,579]
/store/data/Run2018C/MuonEG/RAW/v1/000/319/450/00000/26C811DE-0884-E811-B737-02163E00AC97.root [443,437,440,441,444,438,439,442,445]
/store/data/Run2018C/MuonEG/RAW/v1/000/319/450/00000/2A230DCD-0584-E811-B53C-FA163EDCFAA7.root [388,386,389,385,383,387,390,384,391]
/store/data/Run2018C/MuonEG/RAW/v1/000/319/450/00000/3012E1BF-0884-E811-891F-FA163EB23546.root [429,431,434,435,436,428,432,433,430]
/store/data/Run2018C/MuonEG/RAW/v1/000/319/450/00000/30EEBCD3-0584-E811-AD4E-FA163E45DCF2.root [146,142,144,141,140,143,139,145]
/store/data/Run2018C/MuonEG/RAW/v1/000/319/450/00000/324B17C5-0584-E811-A25F-FA163EBBBA60.root [166,164,165,169,163,170,171,168,167]
/store/data/Run2018C/MuonEG/RAW/v1/000/319/450/00000/34324D9E-0884-E811-B9E9-FA163EF2704B.root [689,688]
/store/data/Run2018C/MuonEG/RAW/v1/000/319/450/00000/381A58E8-0884-E811-87C2-FA163EE0A19D.root [456,455,458,462,459,457,460,461,463]
/store/data/Run2018C/MuonEG/RAW/v1/000/319/450/00000/38C6E8B8-0584-E811-A856-FA163E5D26F2.root [207,208,210,209,205,204,206,211]
/store/data/Run2018C/MuonEG/RAW/v1/000/319/450/00000/3CC424D2-F983-E811-9B83-02163E01A0AC.root [103,101,104,100,105,106,99,102]
/store/data/Run2018C/MuonEG/RAW/v1/000/319/450/00000/442C0D2C-0684-E811-A75C-FA163E6659D1.root [213,214,218,216,215,217,212,219]
/store/data/Run2018C/MuonEG/RAW/v1/000/319/450/00000/44B046E9-F983-E811-A94B-A4BF0114C8F0.root [50,48,51,46,45,47,49]
/store/data/Run2018C/MuonEG/RAW/v1/000/319/450/00000/480B26D1-0584-E811-92A4-FA163EF9728B.root [129,130,123,126,124,125,127,128]
/store/data/Run2018C/MuonEG/RAW/v1/000/319/450/00000/481BEFD8-1084-E811-B95F-FA163E4E7054.root [597,592,595,591,593,594,599,596,598,600]
/store/data/Run2018C/MuonEG/RAW/v1/000/319/450/00000/487540C0-0584-E811-9892-FA163E73D0EC.root [197,198,202,201,200,203,199,196]
/store/data/Run2018C/MuonEG/RAW/v1/000/319/450/00000/4A070EE8-F983-E811-98AF-A4BF0114C8F0.root [79,81,78,80,75,76,82,77]
/store/data/Run2018C/MuonEG/RAW/v1/000/319/450/00000/4A8E2DDB-0584-E811-AF7D-02163E012DA1.root [379,376,380,375,378,382,381,374,377]
/store/data/Run2018C/MuonEG/RAW/v1/000/319/450/00000/4C891E17-FA83-E811-8B78-FA163E37EBA4.root [64,65,62,60,59,61,66,63]
/store/data/Run2018C/MuonEG/RAW/v1/000/319/450/00000/525CD6C0-0584-E811-9DD3-02163E01A12E.root [370,372,371,373,367,365,366,368,369]
/store/data/Run2018C/MuonEG/RAW/v1/000/319/450/00000/548FD9C9-0584-E811-B555-FA163E891257.root [356,357,358,363,359,360,362,364,361]
/store/data/Run2018C/MuonEG/RAW/v1/000/319/450/00000/56680D90-0884-E811-8055-FA163E1ED478.root [466,467,469,473,464,465,470,471,472,468]
/store/data/Run2018C/MuonEG/RAW/v1/000/319/450/00000/5697899E-0884-E811-AE09-02163E017EC6.root [422,424,426,427,420,423,425,421,419]
/store/data/Run2018C/MuonEG/RAW/v1/000/319/450/00000/5C153E47-EB83-E811-B53E-FA163E249C0F.root [7,4,2,6,3,1,5]
/store/data/Run2018C/MuonEG/RAW/v1/000/319/450/00000/5EE1F1D7-0584-E811-9D6C-FA163EF7D36E.root [295,294,296,300,301,299,297,298]
/store/data/Run2018C/MuonEG/RAW/v1/000/319/450/00000/625D6723-0684-E811-9411-02163E0176F0.root [220,224,226,222,225,221,223,227]
/store/data/Run2018C/MuonEG/RAW/v1/000/319/450/00000/628704E3-1084-E811-B456-02163E00BE9A.root [543,544,542,549,541,548,550,545,546,547]
/store/data/Run2018C/MuonEG/RAW/v1/000/319/450/00000/684893CC-F983-E811-8EA0-FA163E3E8C39.root [53,54,52,58,55,56,57]
/store/data/Run2018C/MuonEG/RAW/v1/000/319/450/00000/68D536BD-0584-E811-85AF-FA163E78EE04.root [270,273,275,268,271,274,272,269]
/store/data/Run2018C/MuonEG/RAW/v1/000/319/450/00000/6ABDE3D7-0884-E811-A241-FA163E27657E.root [415,418,411,414,410,412,413,416,417]
/store/data/Run2018C/MuonEG/RAW/v1/000/319/450/00000/6C1B63BF-0584-E811-B67B-FA163E4E487A.root [282,276,278,280,283,279,281,277,284]
/store/data/Run2018C/MuonEG/RAW/v1/000/319/450/00000/6C8A80D3-0584-E811-84A7-FA163E6ED8A3.root [353,348,354,349,355,350,352,347,351]
/store/data/Run2018C/MuonEG/RAW/v1/000/319/450/00000/74AD1ACD-0584-E811-A04F-FA163E01B3E3.root [329,331,334,336,333,337,330,332,335]
/store/data/Run2018C/MuonEG/RAW/v1/000/319/450/00000/76F422DA-1084-E811-A6D7-FA163E9278F5.root [558,560,552,553,554,555,557,551,556,559]
/store/data/Run2018C/MuonEG/RAW/v1/000/319/450/00000/7AC8B5BD-F983-E811-A503-FA163E4413A6.root [70,67,69,73,71,68,72,74]
/store/data/Run2018C/MuonEG/RAW/v1/000/319/450/00000/80C8C0F9-1084-E811-B19E-FA163E4DBEC7.root [601,602,606,604,603,605,607,609,610,608]
/store/data/Run2018C/MuonEG/RAW/v1/000/319/450/00000/847779D7-0884-E811-A08A-02163E010C3F.root [393,399,394,398,395,392,397,400,396]
/store/data/Run2018C/MuonEG/RAW/v1/000/319/450/00000/84B626B9-1284-E811-8A6A-FA163E426D1A.root [634,638,639,632,631,633,635,636,640,637]
/store/data/Run2018C/MuonEG/RAW/v1/000/319/450/00000/86F99CDD-0584-E811-8E1A-FA163EEFE285.root [289,293,285,292,290,288,291,286,287]
/store/data/Run2018C/MuonEG/RAW/v1/000/319/450/00000/86FC0906-1384-E811-8A04-FA163EC0DFF4.root [681,682,684,683,685]
/store/data/Run2018C/MuonEG/RAW/v1/000/319/450/00000/8AA1A7BD-0584-E811-BB25-FA163E23B3D2.root [309,302,304,305,306,310,307,308,303]
/store/data/Run2018C/MuonEG/RAW/v1/000/319/450/00000/987083B6-1284-E811-BEE3-FA163E639EE5.root [650,648,649,643,645,646,641,642,647,644]
/store/data/Run2018C/MuonEG/RAW/v1/000/319/450/00000/9A3FB1BF-0584-E811-97E0-FA163E27D9AE.root [267,265,263,264,261,260,262,266]
/store/data/Run2018C/MuonEG/RAW/v1/000/319/450/00000/9E142FBB-1284-E811-9917-FA163E283573.root [630,623,626,624,622,625,621,627,628,629]
/store/data/Run2018C/MuonEG/RAW/v1/000/319/450/00000/9E44FAD6-0584-E811-8AFC-FA163EE6CA88.root [137,131,136,132,135,138,134,133]
/store/data/Run2018C/MuonEG/RAW/v1/000/319/450/00000/9EE46591-0884-E811-A848-FA163E842886.root [406,409,404,405,401,407,402,403,408]
/store/data/Run2018C/MuonEG/RAW/v1/000/319/450/00000/A47FB1F5-1684-E811-AD0F-FA163E2D70C4.root [585,587,582,588,589,581,584,586,583,590]
/store/data/Run2018C/MuonEG/RAW/v1/000/319/450/00000/A6CD4CEB-F983-E811-A379-FA163E3B0BF0.root [89,85,90,88,83,87,84,86]
/store/data/Run2018C/MuonEG/RAW/v1/000/319/450/00000/B6A6FB9C-0A84-E811-BBEE-FA163EBE1931.root [529,521,525,522,524,526,527,528,530,523]
/store/data/Run2018C/MuonEG/RAW/v1/000/319/450/00000/BC16D0BD-1284-E811-B706-FA163ECBC7B6.root [678,679,675,671,674,672,673,680,676,677]
/store/data/Run2018C/MuonEG/RAW/v1/000/319/450/00000/BE3B6064-0A84-E811-8C9D-FA163E5738F8.root [515,516,514,519,512,518,520,513,517]
/store/data/Run2018C/MuonEG/RAW/v1/000/319/450/00000/C6991F60-1184-E811-AE06-FA163E7CFF74.root [615,618,619,612,620,617,613,616,614,611]
/store/data/Run2018C/MuonEG/RAW/v1/000/319/450/00000/C6FAF09A-0884-E811-B2E5-FA163E83935C.root [453,450,452,446,447,448,449,451,454]
/store/data/Run2018C/MuonEG/RAW/v1/000/319/450/00000/C81166C4-0584-E811-B508-FA163E89BB43.root [236,240,243,241,237,238,239,242]
/store/data/Run2018C/MuonEG/RAW/v1/000/319/450/00000/C83D527E-F783-E811-99D5-02163E012E2E.root [14,8,9,10,11,12,13]
/store/data/Run2018C/MuonEG/RAW/v1/000/319/450/00000/CAEDE229-FA83-E811-9144-A4BF0112F7B8.root [28,29,23,24,26,25,27]
/store/data/Run2018C/MuonEG/RAW/v1/000/319/450/00000/D00C3D59-0A84-E811-9474-FA163EE65283.root [504,503,510,511,505,508,502,507,509,506]
/store/data/Run2018C/MuonEG/RAW/v1/000/319/450/00000/D405D2C6-0584-E811-AF91-FA163E9A0C0D.root [313,314,318,315,312,316,319,311,317]
/store/data/Run2018C/MuonEG/RAW/v1/000/319/450/00000/D682F4BB-0584-E811-9A52-FA163E6D490F.root [248,244,245,247,246,251,249,250]
/store/data/Run2018C/MuonEG/RAW/v1/000/319/450/00000/D844BBD1-0584-E811-93AD-FA163E7CAD4F.root [148,149,154,147,150,151,153,152]
/store/data/Run2018C/MuonEG/RAW/v1/000/319/450/00000/D8557ACC-F983-E811-9E84-FA163EB3D690.root [41,39,40,42,43,38,44]
/store/data/Run2018C/MuonEG/RAW/v1/000/319/450/00000/D8FC56CB-F983-E811-8DEF-FA163EECA815.root [32,33,34,31,36,30,35,37]
/store/data/Run2018C/MuonEG/RAW/v1/000/319/450/00000/DA8B0FB9-1284-E811-8D3E-FA163E363203.root [662,664,661,668,663,666,667,669,665,670]
/store/data/Run2018C/MuonEG/RAW/v1/000/319/450/00000/E248B07E-0A84-E811-942C-FA163E67D032.root [531,533,538,532,534,539,535,536,540,537]
/store/data/Run2018C/MuonEG/RAW/v1/000/319/450/00000/E4562A08-0684-E811-BA17-FA163E431565.root [338,344,345,341,342,346,340,343,339]
/store/data/Run2018C/MuonEG/RAW/v1/000/319/450/00000/EEB9D7FB-1084-E811-8215-FA163EF29411.root [562,565,568,566,563,564,570,561,569,567]
/store/data/Run2018C/MuonEG/RAW/v1/000/319/450/00000/F26C2CDD-0584-E811-8F36-FA163E1DCB20.root [320,323,324,321,322,325,326,327,328]
/store/data/Run2018C/MuonEG/RAW/v1/000/319/450/00000/F2DEBAC8-0584-E811-9AE3-02163E019F75.root [122,119,120,118,116,115,117,121]
/store/data/Run2018C/MuonEG/RAW/v1/000/319/450/00000/F403A9C7-0584-E811-AA5D-FA163E12875A.root [256,254,252,253,255,257,258,259]
/store/data/Run2018C/MuonEG/RAW/v1/000/319/450/00000/F4874AC5-0584-E811-B034-FA163E33399D.root [184,185,180,182,186,187,183,181]
/store/data/Run2018C/MuonEG/RAW/v1/000/319/450/00000/F4A3C5E8-0984-E811-8214-FA163E891257.root [485,487,484,490,483,488,489,486,491]
/store/data/Run2018C/MuonEG/RAW/v1/000/319/450/00000/F8BC03C4-0584-E811-8090-FA163E619822.root [178,174,177,176,179,172,173,175]
/store/data/Run2018C/MuonEG/RAW/v1/000/319/450/00000/F8C62090-0884-E811-9EC6-02163E01A16C.root [476,479,481,477,478,475,480,474,482]
/store/data/Run2018C/MuonEG/RAW/v1/000/319/450/00000/FE63E09F-0984-E811-A257-FA163EF26B2D.root [493,498,492,499,495,494,496,501,497,500]
