/store/data/Run2024B/ZeroBias/RAW/v1/000/379/154/00000/00292bf5-f94c-4abf-8ef7-2d9f1af4b63a.root 379154 [639,638,636,637]
/store/data/Run2024B/ZeroBias/RAW/v1/000/379/154/00000/01af88cf-00b8-4462-800d-2d3d2b0e21a9.root 379154 [620,623,621,622]
/store/data/Run2024B/ZeroBias/RAW/v1/000/379/154/00000/026dc93e-1438-456c-aad1-871f4f7efd2b.root 379154 [278,276,277,279]
/store/data/Run2024B/ZeroBias/RAW/v1/000/379/154/00000/032e89f4-5528-4a62-b680-df2281fd6d8b.root 379154 [674,672,673,675]
/store/data/Run2024B/ZeroBias/RAW/v1/000/379/154/00000/0477f60d-bd25-4fce-9bac-e5956bf607ef.root 379154 [90,91,93,95,92,94]
/store/data/Run2024B/ZeroBias/RAW/v1/000/379/154/00000/048ecf73-3767-4b93-b54c-a047b5f66a32.root 379154 [1058,1059,1060,1061]
/store/data/Run2024B/ZeroBias/RAW/v1/000/379/154/00000/05ab467a-af69-4974-9a99-8835be978504.root 379154 [861,863,864,862]
/store/data/Run2024B/ZeroBias/RAW/v1/000/379/154/00000/065e7be5-7f63-4f35-b0f4-04335e830beb.root 379154 [870,872,869,871]
/store/data/Run2024B/ZeroBias/RAW/v1/000/379/154/00000/0675ca76-0569-4027-9508-339ad02091f0.root 379154 [1039,1040,1038,1037]
/store/data/Run2024B/ZeroBias/RAW/v1/000/379/154/00000/0730558f-3bd4-4c4a-b0c9-49506ff95a40.root 379154 [710,711,712,709]
/store/data/Run2024B/ZeroBias/RAW/v1/000/379/154/00000/08e8a846-0462-4f8b-b16a-16ee8f394fce.root 379154 [730,731,729,732]
/store/data/Run2024B/ZeroBias/RAW/v1/000/379/154/00000/0a19449e-f859-4b6b-ba80-31e4c0b360b5.root 379154 [878,879,880,877]
/store/data/Run2024B/ZeroBias/RAW/v1/000/379/154/00000/0ab9d48b-aa7f-4cda-9a80-5c3c535b4584.root 379154 [986,985,987,988]
/store/data/Run2024B/ZeroBias/RAW/v1/000/379/154/00000/0ad99c2b-d8b8-4b3a-ae9c-12687aab8d70.root 379154 [3,6,18,22,2,19,20,1,8,9,15,10,17,21,5,11,14,4,7,13,16,12]
/store/data/Run2024B/ZeroBias/RAW/v1/000/379/154/00000/0ec5064d-35b6-498d-8c3c-8fe56a140f13.root 379154 [343,341,342,340]
/store/data/Run2024B/ZeroBias/RAW/v1/000/379/154/00000/0ed26bb7-f52a-4e48-9a8d-443f52c2d62a.root 379154 [632,633,634,635]
/store/data/Run2024B/ZeroBias/RAW/v1/000/379/154/00000/0f378cee-5287-46b8-85ce-b93f4246fbb2.root 379154 [387,386,385,388]
/store/data/Run2024B/ZeroBias/RAW/v1/000/379/154/00000/0f96f153-7d8a-48fa-ac21-1f3927536d2e.root 379154 [693,694,692,695]
/store/data/Run2024B/ZeroBias/RAW/v1/000/379/154/00000/0ff11af0-858d-46dd-95b7-b2a1d9db9fa9.root 379154 [953,955,956,954]
/store/data/Run2024B/ZeroBias/RAW/v1/000/379/154/00000/11c5f4a9-ed83-45f8-96b1-aedc73c48151.root 379154 [898,899,897,900]
/store/data/Run2024B/ZeroBias/RAW/v1/000/379/154/00000/12a66002-1dd7-458a-bf52-4f222ead880d.root 379154 [902,903,901,904]
/store/data/Run2024B/ZeroBias/RAW/v1/000/379/154/00000/13d5ecc6-a608-4b17-baf7-e80428abff3b.root 379154 [312,315,314,313]
/store/data/Run2024B/ZeroBias/RAW/v1/000/379/154/00000/142cb28c-007b-4c9e-aefb-26a68d04ac7c.root 379154 [1022,1023,1024,1021]
/store/data/Run2024B/ZeroBias/RAW/v1/000/379/154/00000/152121aa-2334-40b5-92fd-c4fe408d9a12.root 379154 [191,192,190,189]
/store/data/Run2024B/ZeroBias/RAW/v1/000/379/154/00000/1604415d-f7b6-4ac2-81fe-9aab29eaa9f8.root 379154 [1013,1015,1016,1014]
/store/data/Run2024B/ZeroBias/RAW/v1/000/379/154/00000/17835007-fc5f-4237-a2ab-4a0cb5af551b.root 379154 [835,833,834,836]
/store/data/Run2024B/ZeroBias/RAW/v1/000/379/154/00000/19a5b646-37f0-4b84-9ae6-77978aa04b03.root 379154 [270,268,269,271]
/store/data/Run2024B/ZeroBias/RAW/v1/000/379/154/00000/19ade7de-4664-4a57-8a6c-e56a540d1e46.root 379154 [814,813,815,816]
/store/data/Run2024B/ZeroBias/RAW/v1/000/379/154/00000/1d2d45b3-f891-4ce3-ab4b-edb8fae2b035.root 379154 [545,546,548,547]
/store/data/Run2024B/ZeroBias/RAW/v1/000/379/154/00000/1f7b7d74-4a2b-48c9-8e5d-da3650b35e5c.root 379154 [952,949,950,951]
/store/data/Run2024B/ZeroBias/RAW/v1/000/379/154/00000/2025e947-4c78-4cf2-8de2-04c279fb5376.root 379154 [722,723,721,724]
/store/data/Run2024B/ZeroBias/RAW/v1/000/379/154/00000/20334517-1571-4ec6-9bf7-8c3e7f5b4ca7.root 379154 [358,359,357,356]
/store/data/Run2024B/ZeroBias/RAW/v1/000/379/154/00000/21c231b0-1a1c-49cc-9fd7-8a09852d6db6.root 379154 [837,839,840,838]
/store/data/Run2024B/ZeroBias/RAW/v1/000/379/154/00000/22804397-fd57-4bc4-bb64-67bf18ea097b.root 379154 [536,533,534,535]
/store/data/Run2024B/ZeroBias/RAW/v1/000/379/154/00000/249cdabc-99fe-40c5-969b-2ba35878bd5c.root 379154 [796,793,795,794]
/store/data/Run2024B/ZeroBias/RAW/v1/000/379/154/00000/24b8d47e-7a8b-4c42-a736-a8dc7e7821cf.root 379154 [296,298,297,299]
/store/data/Run2024B/ZeroBias/RAW/v1/000/379/154/00000/24cbb357-61e8-4311-930e-ce33ff626c40.root 379154 [77,76,72,73,74,75]
/store/data/Run2024B/ZeroBias/RAW/v1/000/379/154/00000/2653f096-1dd7-4edf-83a6-67edde38ad6f.root 379154 [618,616,619,617]
/store/data/Run2024B/ZeroBias/RAW/v1/000/379/154/00000/2823c0ef-543a-4a8e-9ea9-faa03903e110.root 379154 [551,550,552,549]
/store/data/Run2024B/ZeroBias/RAW/v1/000/379/154/00000/286855d5-a445-4ee3-8362-56dda8bbbc66.root 379154 [593,594,595,596]
/store/data/Run2024B/ZeroBias/RAW/v1/000/379/154/00000/293b8065-137b-40a2-9c46-fd38e4987607.root 379154 [664,666,667,665]
/store/data/Run2024B/ZeroBias/RAW/v1/000/379/154/00000/2984ae5c-a514-43f3-931a-a03975aa9ac2.root 379154 [865,868,866,867]
/store/data/Run2024B/ZeroBias/RAW/v1/000/379/154/00000/29f60040-500a-4b83-9e1b-b8bef21ac94a.root 379154 [150,152,149,151]
/store/data/Run2024B/ZeroBias/RAW/v1/000/379/154/00000/2a949ff9-4b3e-4ff8-a2ae-e1d65707dbd2.root 379154 [290,291,289,288]
/store/data/Run2024B/ZeroBias/RAW/v1/000/379/154/00000/2ad15a47-ef28-4449-a3b0-b5c73696551d.root 379154 [811,810,812,809]
/store/data/Run2024B/ZeroBias/RAW/v1/000/379/154/00000/2b703ed8-995e-413d-a28c-289fdc0cb5ce.root 379154 [101,105,103,104,102]
/store/data/Run2024B/ZeroBias/RAW/v1/000/379/154/00000/2fc1fad3-53dc-4321-b47c-5a73b2ac3c06.root 379154 [940,938,939,937]
/store/data/Run2024B/ZeroBias/RAW/v1/000/379/154/00000/30999c36-631a-4c4c-b427-a9be3d32e700.root 379154 [736,733,734,735]
/store/data/Run2024B/ZeroBias/RAW/v1/000/379/154/00000/3205e15c-4b5b-4b84-9b58-279bfe3507de.root 379154 [610,611,609,612]
/store/data/Run2024B/ZeroBias/RAW/v1/000/379/154/00000/32112c6d-f863-4575-84bd-debe6dbc3469.root 379154 [974,973,975,976]
/store/data/Run2024B/ZeroBias/RAW/v1/000/379/154/00000/34ba3be5-df18-4ea1-9dda-640e69922001.root 379154 [188,187,186,185]
/store/data/Run2024B/ZeroBias/RAW/v1/000/379/154/00000/35073e75-11a5-46ad-8b05-fe5f6082fd3e.root 379154 [696,697,699,698]
/store/data/Run2024B/ZeroBias/RAW/v1/000/379/154/00000/351c46e0-cd1e-42ed-addc-351a43719259.root 379154 [597,600,598,599]
/store/data/Run2024B/ZeroBias/RAW/v1/000/379/154/00000/35f514da-c6e5-499a-a59b-140eab807e05.root 379154 [317,316,318,319]
/store/data/Run2024B/ZeroBias/RAW/v1/000/379/154/00000/36b3620c-5ba4-48e0-8d3c-236186629f41.root 379154 [774,773,776,775]
/store/data/Run2024B/ZeroBias/RAW/v1/000/379/154/00000/36c34557-05db-474c-92b0-bec2e9cf61e8.root 379154 [589,590,591,592]
/store/data/Run2024B/ZeroBias/RAW/v1/000/379/154/00000/37bba8a5-b6f4-4a6e-b39e-5c86e97ff302.root 379154 [241,240,243,242]
/store/data/Run2024B/ZeroBias/RAW/v1/000/379/154/00000/39266037-2bb4-4cb0-8191-c07f81c95d9e.root 379154 [49,50,52,48,51,53]
/store/data/Run2024B/ZeroBias/RAW/v1/000/379/154/00000/3a0b26d9-8779-4622-937d-7b7b203bc8f0.root 379154 [252,253,254,255]
/store/data/Run2024B/ZeroBias/RAW/v1/000/379/154/00000/3a17ce7b-a3a9-477c-8f9a-5ab9c62a947c.root 379154 [453,454,455,456]
/store/data/Run2024B/ZeroBias/RAW/v1/000/379/154/00000/3d0d11c9-d1c3-4aed-a3a9-e8b9c9c94dbc.root 379154 [739,737,738,740]
/store/data/Run2024B/ZeroBias/RAW/v1/000/379/154/00000/3dfd16b4-1f9f-4b92-ad0e-ac0e82e1ccab.root 379154 [790,791,792,789]
/store/data/Run2024B/ZeroBias/RAW/v1/000/379/154/00000/3f2f4e8a-f03b-45f5-a113-de41ff000665.root 379154 [337,338,336,339]
/store/data/Run2024B/ZeroBias/RAW/v1/000/379/154/00000/40480a7a-087b-4e7e-a8b2-6333d251577c.root 379154 [219,218,216,217]
/store/data/Run2024B/ZeroBias/RAW/v1/000/379/154/00000/4090339a-73a9-4ef7-addc-618eeaeb57b9.root 379154 [1017,1019,1020,1018]
/store/data/Run2024B/ZeroBias/RAW/v1/000/379/154/00000/418f7d30-fd00-44d4-91b8-5fe3e508f0b1.root 379154 [452,451,449,450]
/store/data/Run2024B/ZeroBias/RAW/v1/000/379/154/00000/42403b78-8fa2-4147-a7e3-a1c64f2a47f7.root 379154 [501,503,502,504]
/store/data/Run2024B/ZeroBias/RAW/v1/000/379/154/00000/432d00fe-ae0a-4d71-9318-fe04c30a0380.root 379154 [581,584,583,582]
/store/data/Run2024B/ZeroBias/RAW/v1/000/379/154/00000/46fb1180-7880-42d2-8def-47a5c2b74ab1.root 379154 [824,823,821,822]
/store/data/Run2024B/ZeroBias/RAW/v1/000/379/154/00000/47af8e41-e386-4728-990c-9fc109040013.root 379154 [324,325,327,326]
/store/data/Run2024B/ZeroBias/RAW/v1/000/379/154/00000/4a63613b-030b-4081-9ff8-cc4e80b0bf25.root 379154 [161,164,162,163]
/store/data/Run2024B/ZeroBias/RAW/v1/000/379/154/00000/4a9a3d6a-d9ee-4c41-a3ca-d798d6420aef.root 379154 [727,725,728,726]
/store/data/Run2024B/ZeroBias/RAW/v1/000/379/154/00000/4ac7a8bf-a92b-417d-9115-7a89b93d7ad9.root 379154 [720,719,717,718]
/store/data/Run2024B/ZeroBias/RAW/v1/000/379/154/00000/4c8ad9e3-8ad1-49c2-90d4-2cee0fe2f660.root 379154 [442,443,441,444]
/store/data/Run2024B/ZeroBias/RAW/v1/000/379/154/00000/4c9627bd-48cb-4e7a-9cb5-f5603db8b27b.root 379154 [401,403,402,404]
/store/data/Run2024B/ZeroBias/RAW/v1/000/379/154/00000/4d12555c-3152-4780-b851-ad34a3774551.root 379154 [167,168,166,165]
/store/data/Run2024B/ZeroBias/RAW/v1/000/379/154/00000/4d6cb9b7-56a9-4985-990b-58144db838d6.root 379154 [437,439,440,438]
/store/data/Run2024B/ZeroBias/RAW/v1/000/379/154/00000/4dc659a9-76ba-4ab7-ade6-26289e94933f.root 379154 [373,374,372,375]
/store/data/Run2024B/ZeroBias/RAW/v1/000/379/154/00000/4dfdd5d1-eaa8-4028-a11c-c2f2ca49ebaf.root 379154 [708,705,706,704,707]
/store/data/Run2024B/ZeroBias/RAW/v1/000/379/154/00000/4f85c83a-f98e-4c46-9a15-f8d6e96c4563.root 379154 [145,147,148,146]
/store/data/Run2024B/ZeroBias/RAW/v1/000/379/154/00000/4f95bb0b-6d48-43ad-8357-59de66deb17a.root 379154 [430,432,429,431]
/store/data/Run2024B/ZeroBias/RAW/v1/000/379/154/00000/4fe08f28-934a-4d7d-a2b5-50fdf3738f07.root 379154 [184,181,183,182]
/store/data/Run2024B/ZeroBias/RAW/v1/000/379/154/00000/51987035-e41d-4882-94fc-d7057b326bd5.root 379154 [1070,1071,1074,1075,1068,1076,1067,1073,1069,1072]
/store/data/Run2024B/ZeroBias/RAW/v1/000/379/154/00000/5210a95b-58cf-46b7-b565-4e4e57e11c2f.root 379154 [746,745,747,748]
/store/data/Run2024B/ZeroBias/RAW/v1/000/379/154/00000/53dcb6ca-6be2-4037-8b20-8ea14e0c5b9a.root 379154 [226,227,225,224]
/store/data/Run2024B/ZeroBias/RAW/v1/000/379/154/00000/53e10c18-61ba-414b-9fad-5bb224ae6e96.root 379154 [990,992,991,989]
/store/data/Run2024B/ZeroBias/RAW/v1/000/379/154/00000/54d389fe-9e96-43c5-a1c9-f09d247f4c02.root 379154 [909,910,911,912]
/store/data/Run2024B/ZeroBias/RAW/v1/000/379/154/00000/5753962b-abab-470e-8ea6-1a63f281deb3.root 379154 [194,195,193,196]
/store/data/Run2024B/ZeroBias/RAW/v1/000/379/154/00000/5ea1dd6f-66ce-49bc-8b27-2c351074f1e1.root 379154 [236,238,237,239]
/store/data/Run2024B/ZeroBias/RAW/v1/000/379/154/00000/649ca361-f505-4d25-bf53-afbcf36ca92a.root 379154 [646,644,647,645]
/store/data/Run2024B/ZeroBias/RAW/v1/000/379/154/00000/650a7639-f9ef-4ae7-be90-d7dc15ff24e9.root 379154 [585,587,586,588]
/store/data/Run2024B/ZeroBias/RAW/v1/000/379/154/00000/65ad3c54-820b-48a4-a870-10f6ddbb52e8.root 379154 [180,177,178,179]
/store/data/Run2024B/ZeroBias/RAW/v1/000/379/154/00000/66de2acb-3da2-4be8-b4ae-da6b27e3b7c7.root 379154 [832,831,829,830]
/store/data/Run2024B/ZeroBias/RAW/v1/000/379/154/00000/68ba0533-5382-415e-b29a-d34976de5ef6.root 379154 [399,398,400,397]
/store/data/Run2024B/ZeroBias/RAW/v1/000/379/154/00000/68fb78b7-cdfc-43de-a3cc-431d2133ae21.root 379154 [700,703,702,701]
/store/data/Run2024B/ZeroBias/RAW/v1/000/379/154/00000/69048a39-c9a9-4189-aa59-ae55b3c6cb01.root 379154 [406,405,407,408]
/store/data/Run2024B/ZeroBias/RAW/v1/000/379/154/00000/69761cf4-bf8d-44ad-8bac-b5b0356d9385.root 379154 [389,392,390,391]
/store/data/Run2024B/ZeroBias/RAW/v1/000/379/154/00000/6b266658-280f-4d71-8a79-2f370023ff71.root 379154 [653,655,652,654]
/store/data/Run2024B/ZeroBias/RAW/v1/000/379/154/00000/6e9afe16-1107-4bbc-bc78-ac97f2da5375.root 379154 [913,914,916,915]
/store/data/Run2024B/ZeroBias/RAW/v1/000/379/154/00000/6f8bed86-9ef8-40c8-95e6-0c8c03fba903.root 379154 [641,643,640,642]
