/store/data/Run2024B/NoBPTX/RAW/v1/000/378/985/00000/14092b6f-324f-454c-b297-f0b01a8d7ae7.root 378985 [389,392,400,404,419,420,432,434,436,461,472,381,383,405,410,415,416,424,441,442,455,476,478,396,439,387,402,409,417,429,437,454,463,479,380,386,388,391,398,406,407,411,412,413,428,430,440,443,444,465,467,475,376,399,418,426,431,445,448,450,451,452,460,468,471,473,394,397,401,408,422,423,433,435,446,449,464,469,470,453,462,378,385,403,414,425,427,438,447,456,458,459,466,474,377,379,382,384,390,393,395,421,457,477,480]
/store/data/Run2024B/NoBPTX/RAW/v1/000/378/985/00000/2f5d9f33-63cc-4a25-80a8-904ca521086f.root 378985 [227,236,237,239,247,252,275,280,282,288,291,296,304,310,325,226,244,256,259,260,261,264,271,274,283,300,254,320,323,229,235,240,245,255,258,270,287,303,306,317,322,314,231,248,250,257,265,278,281,294,302,305,308,312,319,225,228,232,234,243,251,266,268,293,297,313,315,326,233,242,246,249,263,267,273,279,289,290,299,301,241,286,307,311,318,238,253,272,277,284,285,292,309,321,230,262,269,276,295,298,316,324]
/store/data/Run2024B/NoBPTX/RAW/v1/000/378/985/00000/4bbbbbb0-2d0c-4f57-b3c1-3d7391c380e1.root 378985 [482,503,504,511,520,539,541,543,544,549,553,562,573,576,578,579,584,530,483,489,493,507,537,548,552,554,561,572,574,582,564,481,485,488,490,512,547,555,563,568,499,509,514,524,527,535,538,540,546,557,581,501,508,515,519,521,522,531,533,534,550,551,556,569,545,494,497,498,502,510,513,518,525,526,528,583,567,484,491,495,492,496,500,505,506,529,542,559,560,566,570,571,486,487,516,517,523,532,536,558,565,575,577,580,585]
/store/data/Run2024B/NoBPTX/RAW/v1/000/378/985/00000/6122a111-50d8-4e3f-aa8c-a39739de86c8.root 378985 [329,337,346,360,366,331,339,340,342,352,356,369,371,353,354,357,362,372,334,368,370,373,327,328,333,359,363,336,347,355,365,330,332,338,343,344,349,350,358,361,364,374,335,341,345,348,351,367]
/store/data/Run2024B/NoBPTX/RAW/v1/000/378/985/00000/72251a08-6fe9-4547-89f1-44f3412d8dc0.root 378985 [130,134,136,149,162,168,188,207,224,216,125,137,146,147,150,152,143,167,169,178,191,194,211,212,221,129,131,133,135,139,161,166,176,195,197,203,205,210,219,222,124,128,138,157,160,163,193,196,209,214,217,142,151,156,141,173,174,187,199,206,213,218,145,153,140,165,179,180,181,183,186,189,201,204,208,220,126,132,148,154,170,175,198,200,202,223,127,155,158,159,144,164,171,172,177,182,184,185,190,192,215]
/store/data/Run2024B/NoBPTX/RAW/v1/000/378/985/00000/73a9d1fe-bf7b-4f98-82ea-855ab7ddb714.root 378985 [12,20,28,44,46,47,49,54,76,78,82,86,87,92,97,99,107,109,114,121,94,1,18,19,21,24,25,36,58,62,66,88,119,8,11,16,23,52,71,72,74,79,83,90,111,120,53,77,4,13,29,32,43,56,63,64,68,80,113,117,5,7,17,14,30,33,35,37,41,45,51,59,60,67,84,91,108,104,6,15,27,39,48,61,69,85,95,98,106,118,93,2,3,10,26,34,50,57,65,81,96,101,103,110,116,122,55,9,22,31,38,40,42,70,73,89,100,102,105,112,115,123,75]
/store/data/Run2024B/NoBPTX/RAW/v1/000/378/985/00000/a73f2167-fc2e-46b6-b16b-ef8588f7ad03.root 378985 [800,823,826,827,801,807,829,799,808,818,798,809,811,816,817,821,822,797,803,812,815,824,832,804,828,830,831,806,810,813,814,805,819,820,825,802]
/store/data/Run2024B/NoBPTX/RAW/v1/000/378/985/00000/c033460f-dbf7-414f-8270-6281df8c3140.root 378985 [589,591,600,619,632,665,661,588,592,597,606,607,634,653,672,684,586,587,590,595,601,602,611,624,629,631,636,639,652,667,678,687,596,613,622,623,645,647,654,664,668,674,675,679,680,681,593,608,609,610,614,627,628,633,637,641,650,656,657,662,670,689,604,605,615,617,621,625,626,638,642,644,646,651,659,683,686,688,616,618,630,599,640,643,649,655,658,660,669,671,677,682,685,594,598,612,620,635,603,648,663,666,673,676,690]
/store/data/Run2024B/NoBPTX/RAW/v1/000/378/985/00000/e0daa0c8-8bdf-45ab-83e1-66c00cf89839.root 378985 [696,701,709,722,726,728,754,715,759,763,772,789,791,792,793,794,700,705,716,720,730,733,741,760,764,780,784,785,786,788,691,711,719,724,732,745,756,768,697,702,704,717,727,731,743,747,749,698,744,766,767,771,777,781,783,693,708,714,736,748,750,752,761,774,790,703,707,712,721,737,739,740,742,751,778,779,796,692,710,713,725,729,735,738,695,762,765,770,773,775,776,782,795,787,699,706,718,723,734,746,753,694,755,757,758,769]
/store/data/Run2024B/NoBPTX/RAW/v1/000/378/993/00000/373bb0b6-b127-4dfc-a366-1c088bacf9b6.root 378993 [20,21,26,28,31,32,38,40,41,50,78,82,122,142,147,9,11,12,23,25,36,43,45,53,63,76,96,102,120,128,133,134,138,3,7,14,15,16,18,27,35,46,47,54,17,58,62,68,87,100,103,105,110,113,148,72,112,4,37,42,24,67,74,89,95,121,125,129,130,139,144,145,146,2,5,59,73,81,91,93,104,115,116,117,118,126,127,137,140,106,6,13,19,44,39,60,64,65,69,94,111,136,149,1,8,22,29,30,33,34,48,49,51,52,56,57,61,70,75,79,84,90,92,98,99,108,114,124,132,135,97,10,55,66,71,77,80,83,85,86,88,101,107,109,119,123,131,141,143]
/store/data/Run2024B/NoBPTX/RAW/v1/000/378/993/00000/ed6cf1a1-0006-40ba-817e-507d2fcbadd9.root 378993 [154,156,165,167,178,161,168,175,185,186,151,155,159,179,181,184,188,189,194,195,172,174,183,190,193,197,150,152,157,166,169,170,187,191,199,164,171,176,180,160,192,196,158,163,153,162,173,177,182,198]
/store/data/Run2024B/NoBPTX/RAW/v1/000/379/006/00000/ca7e35b5-9dda-4326-b7bc-2f49de414741.root 379006 [4,9,19,20,1,3,5,6,13,16,12,14,7,8,11,15,18,21,23,10,22,2,17]
/store/data/Run2024B/NoBPTX/RAW/v1/000/379/011/00000/02898823-ac02-4053-8226-d498673a03db.root 379011 [52,58,61,49,55,65,71,72,42,57,59,60,63,67,73,45,47,68,43,44,50,53,54,70,46,48,56,66,64,51,62,69]
/store/data/Run2024B/NoBPTX/RAW/v1/000/379/011/00000/03ed4779-249b-44b5-9414-7217f64550cf.root 379011 [11,17,21,29,31,40,13,18,10,12,15,16,22,37,9,14,27,28,32,34,35,39,24,36,20,38,19,23,25,26,30,33]
/store/data/Run2024B/NoBPTX/RAW/v1/000/379/011/00000/0830336b-c12f-4826-9eba-031a19339386.root 379011 [395]
/store/data/Run2024B/NoBPTX/RAW/v1/000/379/011/00000/1f6acc36-6022-47ce-988d-ea2fd18da2ea.root 379011 [147,150,153,168,146,159,164,171,172,144,160,161,162,145,151,157,166,149,152,154,169,142,156,141,148,155,163,170,143,158,165,167]
/store/data/Run2024B/NoBPTX/RAW/v1/000/379/011/00000/2c24f2ba-9b4b-47b8-a58f-a74a74b67b0e.root 379011 [208,209,213,220,225,226,228,230,216,222,227,229,232,234,211,217,233,212,231,207,236,238,210,215,218,223,224,214,219,221,235,237]
/store/data/Run2024B/NoBPTX/RAW/v1/000/379/011/00000/2e5cd6c4-5f81-47c7-9ab0-19ebe8d216ac.root 379011 [174,182,189,202,205,175,181,187,197,198,201,184,190,191,195,203,179,185,194,200,176,177,178,180,186,188,192,196,204,193,199,183]
/store/data/Run2024B/NoBPTX/RAW/v1/000/379/011/00000/36936b71-36e6-4724-970d-c2ef82b2bb96.root 379011 [345,346,353,357,351,355,363,369,343,347,359,366,344,349,356,368,370,339,341,365,367,340,354,342,350,352,358,360,361,364,348,362]
/store/data/Run2024B/NoBPTX/RAW/v1/000/379/011/00000/4acac683-3a57-4d85-8302-83e64c32604a.root 379011 [321,328,327,331,322,323,325,326,337,307,308,310,311,312,314,309,316,318,319,329,335,313,330,334,317,324,332,333,306,315,320,336]
/store/data/Run2024B/NoBPTX/RAW/v1/000/379/011/00000/6df42985-ad84-4891-bbf3-dbc4caffdccb.root 379011 [3,6,1,4,2,5,7]
/store/data/Run2024B/NoBPTX/RAW/v1/000/379/011/00000/717668b7-37e9-471f-a235-b566b2ac756b.root 379011 [277,279,293,298,276,285,288,294,273,283,286,300,278,282,284,291,296,301,304,281,299,275,280,274,287,289,290,292,295,297,302,303]
/store/data/Run2024B/NoBPTX/RAW/v1/000/379/011/00000/8926c24e-e0ea-49ec-ab06-2544dd337fce.root 379011 [388,391,377,378,381,385,389,373,382,376,379,383,386,390,372,384,387,374,375,380]
/store/data/Run2024B/NoBPTX/RAW/v1/000/379/011/00000/ec841004-290c-4f0e-8b3e-9dcd28f5f81f.root 379011 [79,94,96,99,103,75,82,77,81,86,104,105,87,91,98,102,76,83,84,89,97,100,80,88,93,95,78,85,90,92,101,106]
/store/data/Run2024B/NoBPTX/RAW/v1/000/379/011/00000/efdb53f0-9f8b-4b8a-8649-72bcf9f3fa20.root 379011 [112,113,121,129,134,136,137,124,118,119,114,116,117,122,123,126,133,111,120,127,130,138,139,108,109,110,115,125,128,131,132,135]
/store/data/Run2024B/NoBPTX/RAW/v1/000/379/011/00000/f99b0d71-4f1a-423c-b36c-a71f5fe9d3a9.root 379011 [245,248,262,264,241,246,249,252,257,258,263,247,255,261,269,243,259,260,265,244,251,256,270,271,266,267,240,242,250,253,254,268]
/store/data/Run2024B/NoBPTX/RAW/v1/000/379/012/00000/04bca16d-add5-47aa-aa48-306ad74c2e29.root 379012 [139,143,150,155,165,171,196,198,227,230,233,241,246,258,259,269,271,131,132,138,158,166,167,177,181,183,190,195,201,203,208,217,226,239,256,151,160,162,164,170,185,199,205,215,223,228,235,247,249,250,254,255,264,265,133,137,147,148,153,156,163,175,178,184,188,204,214,224,225,237,243,272,144,161,168,207,210,232,236,242,248,260,270,274,127,128,134,141,145,146,152,154,157,159,169,174,187,189,200,202,212,218,231,244,245,251,130,135,136,142,149,172,176,186,191,192,193,194,197,209,211,216,219,220,234,238,240,253,257,262,263,266,267,268,129,140,173,179,180,182,206,213,221,222,229,252,261,273]
/store/data/Run2024B/NoBPTX/RAW/v1/000/379/012/00000/a7fc2b92-7c73-4bb5-9ed0-6364a1924abe.root 379012 [14,15,24,26,43,46,48,99,102,103,4,8,11,19,21,23,29,31,42,47,54,56,64,72,74,75,78,98,113,116,10,17,28,30,33,37,41,63,86,88,104,107,111,120,126,3,25,32,45,51,65,77,94,109,110,115,117,122,124,12,13,16,39,44,49,52,55,62,66,67,70,79,100,101,105,2,6,7,9,18,20,22,34,35,40,50,58,59,61,71,73,82,83,84,90,96,118,121,38,53,60,68,69,76,89,91,92,93,95,114,119,123,125,1,5,27,36,57,80,81,85,87,97,106,108,112]
/store/data/Run2024B/NoBPTX/RAW/v1/000/379/012/00000/cd69558d-e32c-42b3-b3f2-40efdaafb722.root 379012 [432,435,438,450,434,446,457,431,437,441,442,429,439,448,455,427,433,440,444,445,449,452,453,460,428,436,456,458,426,430,443,447,451,454,459,461]
/store/data/Run2024B/NoBPTX/RAW/v1/000/379/012/00000/d5fe5caa-b027-4fc4-a3f8-0daa8f7606e9.root 379012 [293,296,310,315,328,330,352,361,368,369,384,389,390,391,398,405,422,282,299,306,308,326,343,345,346,351,356,364,371,373,385,386,392,399,404,408,425,281,286,287,292,305,316,323,334,342,353,370,377,394,409,411,423,275,279,307,312,332,350,376,378,379,382,393,397,402,417,421,277,280,284,285,288,290,300,304,317,320,325,335,359,363,380,388,396,412,414,289,301,314,318,324,331,341,349,354,365,367,372,387,395,400,403,407,410,415,418,419,283,291,294,295,302,303,311,319,321,327,333,336,337,340,348,355,358,360,374,375,383,401,406,413,416,276,278,297,298,309,313,322,329,338,339,344,347,357,362,366,381,420,424]
