/store/data/Run2022E/DisplacedJet/RAW/v1/000/359/569/00000/f9eeba01-8a13-4e9f-9569-69aa978ae0b4.root 359569 [19,21,29,33,50,51,57,66,73,74,76,78,82,2,10,20,27,35,36,40,41,45,47,49,65,75,3,8,18,25,32,55,64,5,15,22,23,37,42,53,67,4,6,13,26,30,34,38,39,44,72,1,12,43,46,58,59,60,70,79,80,7,11,16,17,24,28,31,52,54,61,63,69,77,9,14,48,56,62,68,71,81]
/store/data/Run2022E/DisplacedJet/RAW/v1/000/359/571/00000/228f530b-f312-478e-a082-80db86e102e1.root 359571 [149,150,159,162,163,151,152,157,145,148,161,167,154,158,164,147,155,165,166,156,160,146,153]
/store/data/Run2022E/DisplacedJet/RAW/v1/000/359/571/00000/6ae03b82-164f-479d-a76a-38254cd8479f.root 359571 [22,36,38,39,45,51,59,70,114,120,131,143,13,16,24,47,50,55,63,65,74,90,99,104,107,129,138,3,6,14,20,26,28,37,41,46,48,58,69,73,78,91,96,100,102,111,10,17,31,42,43,54,56,57,60,61,62,66,81,86,93,95,103,110,112,117,125,130,133,140,144,2,12,15,30,32,40,52,72,94,97,106,109,123,126,127,18,23,27,29,33,44,49,53,64,75,80,83,85,87,98,115,119,136,137,5,7,21,71,76,77,82,88,89,101,116,135,139,1,4,8,9,11,19,25,34,35,67,68,79,84,92,105,108,113,118,121,122,124,128,132,134,141,142]
/store/data/Run2022E/DisplacedJet/RAW/v1/000/359/575/00000/3373b104-4479-46fc-865d-f83eccc7c9eb.root 359575 [71,75,77,67,68,81,85,87,72,73,74,78,79,89,70,84,86,88,69,82,80,83,76]
/store/data/Run2022E/DisplacedJet/RAW/v1/000/359/575/00000/6f538858-1754-4f31-9512-c216f014d921.root 359575 [52,58,45,48,50,59,49,51,53,56,65,47,60,46,61,63,54,55,62,64,66,57]
/store/data/Run2022E/DisplacedJet/RAW/v1/000/359/575/00000/86d9dc6b-71dc-4d57-b6bb-aeed28f8ed64.root 359575 [32,44,35,25,30,31,34,41,43,27,33,36,38,42,29,37,39,40,23,24,28,26]
/store/data/Run2022E/DisplacedJet/RAW/v1/000/359/575/00000/d2d2ecf8-1451-4bbe-8719-cecb3988decc.root 359575 [2,3,17,19,10,21,4,8,9,22,5,6,11,14,1,13,20,7,12,15,16,18]
/store/data/Run2022E/DisplacedJet/RAW/v1/000/359/595/00000/0d90560a-8fb8-40c8-9941-1ed1f09c0d90.root 359595 [254,255,253,257,250,251,252,256]
/store/data/Run2022E/DisplacedJet/RAW/v1/000/359/595/00000/16e29b09-67aa-4c29-81a1-99249590d414.root 359595 [78,76,82,79,81,75,77,80]
/store/data/Run2022E/DisplacedJet/RAW/v1/000/359/595/00000/466d4163-6faa-49d3-8155-7dfdbd083709.root 359595 [155,157,158,161,156,159,160,162]
/store/data/Run2022E/DisplacedJet/RAW/v1/000/359/595/00000/49a10159-7b08-4b6f-ad7c-9acf64525591.root 359595 [6]
/store/data/Run2022E/DisplacedJet/RAW/v1/000/359/595/00000/5130e729-e01a-4741-becd-d9ef3b74b709.root 359595 [140,143,141,139,144,145,146,142]
/store/data/Run2022E/DisplacedJet/RAW/v1/000/359/595/00000/54941685-046a-4736-92be-7fa0353cde16.root 359595 [271,274,272,273,269,268,267,270]
/store/data/Run2022E/DisplacedJet/RAW/v1/000/359/595/00000/5d9bd358-ffa1-4646-9892-c564036c6037.root 359595 [85,87,88,90,84,86,83,89]
/store/data/Run2022E/DisplacedJet/RAW/v1/000/359/595/00000/6a4effa2-383b-4d25-a559-1635b2c467a6.root 359595 [286,287,284,289,283,288,285]
/store/data/Run2022E/DisplacedJet/RAW/v1/000/359/595/00000/7637c5aa-c42e-45ff-8f9f-97b0101b0eb8.root 359595 [239,238,235,236,241,234,237,240]
/store/data/Run2022E/DisplacedJet/RAW/v1/000/359/595/00000/7e7b7b5f-ffd8-4a57-81f9-a726b1cf3b25.root 359595 [106,99,100,102,101,103,104,105]
/store/data/Run2022E/DisplacedJet/RAW/v1/000/359/595/00000/7fc95f5f-85fc-435d-a785-29f952fdde12.root 359595 [128,123,130,129,127,124,125,126]
/store/data/Run2022E/DisplacedJet/RAW/v1/000/359/595/00000/8ca21814-c189-46d9-8bc2-88d051717285.root 359595 [189,190,193,194,187,192,188,191]
/store/data/Run2022E/DisplacedJet/RAW/v1/000/359/595/00000/8dd8c545-2a05-4f87-bf04-c3e7dda5259b.root 359595 [137,138,136,133,135,131,132,134]
/store/data/Run2022E/DisplacedJet/RAW/v1/000/359/595/00000/916efe4e-71d6-42d8-9072-3d4c9f0ec79c.root 359595 [215,213,216,211,217,214,212]
/store/data/Run2022E/DisplacedJet/RAW/v1/000/359/595/00000/91b9e68a-185d-4a6b-8685-664d3ce98e21.root 359595 [68,70,71,67,73,69,74,66,72]
/store/data/Run2022E/DisplacedJet/RAW/v1/000/359/595/00000/94d07c5e-3157-4b4d-80fb-04ccbaace5f3.root 359595 [204,205,206,207,203,208,210,209]
/store/data/Run2022E/DisplacedJet/RAW/v1/000/359/595/00000/96458886-3e2f-4706-8300-915621fe7441.root 359595 [277,275,278,280,282,281,276,279]
/store/data/Run2022E/DisplacedJet/RAW/v1/000/359/595/00000/96581416-8589-4776-b0e4-869b2c5ed68f.root 359595 [116,117,121,115,120,118,122,119]
/store/data/Run2022E/DisplacedJet/RAW/v1/000/359/595/00000/98407fe0-eb1e-4089-a710-aa71d9f477ff.root 359595 [232,231,226,227,233,228,229,230]
/store/data/Run2022E/DisplacedJet/RAW/v1/000/359/595/00000/abb80c6d-a4c7-4bca-a1d6-846ea05dd257.root 359595 [44,45,46,50,54,47,48,52,51,43,49,53]
/store/data/Run2022E/DisplacedJet/RAW/v1/000/359/595/00000/bb902024-2bcb-446a-9711-be63b39ebb48.root 359595 [221,219,224,223,218,220,225,222]
/store/data/Run2022E/DisplacedJet/RAW/v1/000/359/595/00000/bc355ed9-cc27-4693-bbda-fb6f99910844.root 359595 [165,164,166,170,163,168,167,169]
/store/data/Run2022E/DisplacedJet/RAW/v1/000/359/595/00000/bc70dcd7-3320-433c-9072-999ccf0e49c1.root 359595 [247,248,244,246,242,243,245,249]
/store/data/Run2022E/DisplacedJet/RAW/v1/000/359/595/00000/c0aca2e1-5e9b-4d5f-bc23-2410220045dd.root 359595 [22,26,13,20,25,30,14,18,27,24,28,16,23,15,21,17,19,29]
/store/data/Run2022E/DisplacedJet/RAW/v1/000/359/595/00000/c22cf719-ab28-448c-a182-c1bb7e4f35c5.root 359595 [199,201,198,197,195,200,202,196]
/store/data/Run2022E/DisplacedJet/RAW/v1/000/359/595/00000/c58ee9d1-ba83-441f-9aa0-85398c901258.root 359595 [94,91,92,93,96,98,95,97]
/store/data/Run2022E/DisplacedJet/RAW/v1/000/359/595/00000/ca064998-d772-4713-8034-de9f9b947cc0.root 359595 [171,176,178,177,172,173,174,175]
/store/data/Run2022E/DisplacedJet/RAW/v1/000/359/595/00000/dc203993-c5aa-445b-afbb-1cf412f94ce1.root 359595 [111,110,112,114,113,107,108,109]
/store/data/Run2022E/DisplacedJet/RAW/v1/000/359/595/00000/dcf8d847-00f8-4230-8dc9-7ad438cb2516.root 359595 [148,150,153,154,147,151,149,152]
/store/data/Run2022E/DisplacedJet/RAW/v1/000/359/595/00000/de8b0fab-d40d-440c-9fd0-9e9f413c9f4e.root 359595 [8]
/store/data/Run2022E/DisplacedJet/RAW/v1/000/359/595/00000/e70d4679-e455-4720-a254-1a98941f7ab3.root 359595 [258,264,266,260,263,261,259,262,265]
/store/data/Run2022E/DisplacedJet/RAW/v1/000/359/595/00000/e792e5c5-b0e5-4bf4-95e5-2fd82bac0bff.root 359595 [40,41,42,33,35,39,36,34,38,32,37,31]
/store/data/Run2022E/DisplacedJet/RAW/v1/000/359/595/00000/f1ee7faf-9831-490d-9f38-662bfef0871b.root 359595 [181,182,183,179,186,180,184,185]
/store/data/Run2022E/DisplacedJet/RAW/v1/000/359/595/00000/f276b27d-3d56-40e9-b13a-191575f80a51.root 359595 [59,60,55,56,57,62,65,61,64,58,63]
/store/data/Run2022E/DisplacedJet/RAW/v1/000/359/597/00000/02400f21-9ec8-4858-a7d5-4090917b17be.root 359597 [30,35,28,29,32,36,31,33,34]
/store/data/Run2022E/DisplacedJet/RAW/v1/000/359/597/00000/064294b3-e777-41f3-bf8c-7654fdf63a36.root 359597 [104,103]
/store/data/Run2022E/DisplacedJet/RAW/v1/000/359/597/00000/0e9e1757-0fa7-490e-8b30-18fe0ace0838.root 359597 [56,59,60,61,57,58,62,63,55]
/store/data/Run2022E/DisplacedJet/RAW/v1/000/359/597/00000/20ab5862-b706-4c3d-9325-0ef76ddebbef.root 359597 [74,76,77,78,73,81,75,80,79]
/store/data/Run2022E/DisplacedJet/RAW/v1/000/359/597/00000/319f2901-84e6-41dc-805d-88b45dec92c9.root 359597 [43,39,41,42,38,44,45,37,40]
/store/data/Run2022E/DisplacedJet/RAW/v1/000/359/597/00000/355a0033-97ef-47b2-8f2d-ddb868b21cb4.root 359597 [85,88,84,86,87,90,83,82,89]
/store/data/Run2022E/DisplacedJet/RAW/v1/000/359/597/00000/53545c18-a9d3-43fe-96d6-732ecb6d789c.root 359597 [21,22,24,27,26,23,25,20]
/store/data/Run2022E/DisplacedJet/RAW/v1/000/359/597/00000/7f912451-88af-49a7-ad3e-609902764035.root 359597 [99,93,100,92,96,97,91,95,94,98]
/store/data/Run2022E/DisplacedJet/RAW/v1/000/359/597/00000/9085dc04-6eed-418c-a5cd-8c9c030bc790.root 359597 [70,69,71,67,68,72,66,64,65]
/store/data/Run2022E/DisplacedJet/RAW/v1/000/359/597/00000/93817b7b-ac3a-4b4e-9362-9edc9615254b.root 359597 [12,19,14,15,17,18,13,16]
/store/data/Run2022E/DisplacedJet/RAW/v1/000/359/597/00000/dfb97780-eb83-4129-af97-3d7444d0eb4f.root 359597 [2,6,5,7,10,1,9,4,3,8,11]
/store/data/Run2022E/DisplacedJet/RAW/v1/000/359/597/00000/e9b56c78-6676-4032-8de1-e32f14bfb996.root 359597 [47,53,49,50,48,51,46,52,54]
/store/data/Run2022E/DisplacedJet/RAW/v1/000/359/602/00000/0a8c5c77-2c4d-486a-b760-c69c58475866.root 359602 [23,24,25]
/store/data/Run2022E/DisplacedJet/RAW/v1/000/359/602/00000/11eaf50b-1cf4-4c8f-9941-79c635e50911.root 359602 [17,18,16]
/store/data/Run2022E/DisplacedJet/RAW/v1/000/359/602/00000/1224c267-755e-4d8b-9f93-1a361c81b368.root 359602 [58,57]
/store/data/Run2022E/DisplacedJet/RAW/v1/000/359/602/00000/19e331e8-b33c-4f63-9e28-5fb7d9bd354f.root 359602 [13,14,15]
/store/data/Run2022E/DisplacedJet/RAW/v1/000/359/602/00000/318ee4a3-3c25-4577-9ed9-c5d9d866f25e.root 359602 [48,46,47]
/store/data/Run2022E/DisplacedJet/RAW/v1/000/359/602/00000/3452ec98-4720-466e-b2ca-148a57293b34.root 359602 [21,20,19,22]
/store/data/Run2022E/DisplacedJet/RAW/v1/000/359/602/00000/383d9eb9-2734-42d0-ba24-ad30e4db5e4e.root 359602 [67,68]
/store/data/Run2022E/DisplacedJet/RAW/v1/000/359/602/00000/3a68500e-d5bb-4de2-bf8c-545cd71d48d3.root 359602 [40,42,41]
/store/data/Run2022E/DisplacedJet/RAW/v1/000/359/602/00000/4122abe0-e86f-4aaa-8403-3083e748fdd1.root 359602 [65,66]
/store/data/Run2022E/DisplacedJet/RAW/v1/000/359/602/00000/56f8ccbe-5da6-4909-b35c-48ec60d75767.root 359602 [2,1,3]
/store/data/Run2022E/DisplacedJet/RAW/v1/000/359/602/00000/61cf5580-5a76-4f38-a20a-589cb474ec89.root 359602 [55,56]
/store/data/Run2022E/DisplacedJet/RAW/v1/000/359/602/00000/6694e0f2-74a8-47b6-9192-fa3e9be7f46e.root 359602 [49,50]
/store/data/Run2022E/DisplacedJet/RAW/v1/000/359/602/00000/73b4d493-9b5b-4a39-be7d-8b69b26cbe5d.root 359602 [59,60]
/store/data/Run2022E/DisplacedJet/RAW/v1/000/359/602/00000/8e44a487-67c6-43a4-8f1d-ded4df36780e.root 359602 [12,10,11]
/store/data/Run2022E/DisplacedJet/RAW/v1/000/359/602/00000/8f598bf1-75da-447e-a3d8-58582cddd369.root 359602 [37,38,39]
/store/data/Run2022E/DisplacedJet/RAW/v1/000/359/602/00000/9a20da1f-7b0e-4a75-a9b7-3e966105a3d2.root 359602 [7,8,9]
/store/data/Run2022E/DisplacedJet/RAW/v1/000/359/602/00000/a5d6b2dd-1bbb-4b8c-8aaa-0283d521d362.root 359602 [30,31,32]
/store/data/Run2022E/DisplacedJet/RAW/v1/000/359/602/00000/a7032b4b-c13b-4db3-b208-d0514e173397.root 359602 [44,45,43]
/store/data/Run2022E/DisplacedJet/RAW/v1/000/359/602/00000/a7620a5c-a3e1-48b6-971a-49c5f8f448e0.root 359602 [51,52]
/store/data/Run2022E/DisplacedJet/RAW/v1/000/359/602/00000/b8e0b702-1ef4-4d0b-bdc8-13a7d41a0b52.root 359602 [70,69]
/store/data/Run2022E/DisplacedJet/RAW/v1/000/359/602/00000/bb3fb368-c60a-41cf-99f4-c61a46cd7ba9.root 359602 [63,64]
/store/data/Run2022E/DisplacedJet/RAW/v1/000/359/602/00000/c42098b7-e886-49f4-82f3-1c0232eaaa6e.root 359602 [62,61]
/store/data/Run2022E/DisplacedJet/RAW/v1/000/359/602/00000/c8b28bcd-f944-4674-814c-9841957296a8.root 359602 [53,54]
/store/data/Run2022E/DisplacedJet/RAW/v1/000/359/602/00000/cad91426-4b72-4afc-940e-0767c407d31b.root 359602 [71,72]
/store/data/Run2022E/DisplacedJet/RAW/v1/000/359/602/00000/d3ae2123-8049-4c3b-92e5-b808d1789ab1.root 359602 [73]
/store/data/Run2022E/DisplacedJet/RAW/v1/000/359/602/00000/d919264b-e80c-40e5-9751-7df7f766e3f3.root 359602 [28,26,29,27]
/store/data/Run2022E/DisplacedJet/RAW/v1/000/359/602/00000/dfc209d8-64a6-4118-8230-46f66f7ba0cf.root 359602 [6,4,5]
/store/data/Run2022E/DisplacedJet/RAW/v1/000/359/602/00000/f945437e-19eb-4c23-bb7d-9976f8465713.root 359602 [36,34,33,35]
/store/data/Run2022E/DisplacedJet/RAW/v1/000/359/609/00000/0ee1c6ba-0b5e-4660-bf51-490ce73d252b.root 359609 [24]
/store/data/Run2022E/DisplacedJet/RAW/v1/000/359/609/00000/0f750435-df75-46db-b2fd-d4c9ec8c5da4.root 359609 [1,2,3]
/store/data/Run2022E/DisplacedJet/RAW/v1/000/359/609/00000/194903e3-eaee-4c84-b050-a69807d84911.root 359609 [10,12,11,13]
/store/data/Run2022E/DisplacedJet/RAW/v1/000/359/609/00000/4e657061-2a56-40d1-8b1e-355a1e6884e6.root 359609 [4,6,5]
/store/data/Run2022E/DisplacedJet/RAW/v1/000/359/609/00000/7b56d0b0-deba-4f01-99df-e34a94cd397a.root 359609 [23,21,22,20]
/store/data/Run2022E/DisplacedJet/RAW/v1/000/359/609/00000/7ea2f3c0-6a30-40e7-b12f-ff4a42659cab.root 359609 [9,7,8]
/store/data/Run2022E/DisplacedJet/RAW/v1/000/359/609/00000/9b3536fe-28f1-4a72-ad7e-1c433a02ff30.root 359609 [15,16,14]
/store/data/Run2022E/DisplacedJet/RAW/v1/000/359/609/00000/cef0370f-5600-41f4-bbb4-31c7d422e4dd.root 359609 [17,19,18]
/store/data/Run2022E/DisplacedJet/RAW/v1/000/359/612/00000/a1e38a89-25ff-4a62-8b71-d0ad8c6bc8d2.root 359612 [7,6,8,5]
/store/data/Run2022E/DisplacedJet/RAW/v1/000/359/612/00000/ba92d4ed-1819-423a-ba22-5f07d275225f.root 359612 [3,4,1,2]
/store/data/Run2022E/DisplacedJet/RAW/v1/000/359/612/00000/f099279d-0628-4948-bf29-168adb098228.root 359612 [9,12,10,11]
/store/data/Run2022E/DisplacedJet/RAW/v1/000/359/661/00000/07a59b5c-8ed0-4c35-9854-5d0bd2954e4b.root 359661 [17,18,16]
/store/data/Run2022E/DisplacedJet/RAW/v1/000/359/661/00000/088b0494-b2c4-41e5-b067-4493e778ad8f.root 359661 [229,232,231,227,226,228,230]
/store/data/Run2022E/DisplacedJet/RAW/v1/000/359/661/00000/1f5ec426-41ac-455f-a1e3-8f6fcd3d10f0.root 359661 [20]
/store/data/Run2022E/DisplacedJet/RAW/v1/000/359/661/00000/325eaa7d-f2fb-4a05-ab46-6f533e728c6c.root 359661 [149,153,147,154,146,150,152,155,145,148,151]
/store/data/Run2022E/DisplacedJet/RAW/v1/000/359/661/00000/32925d60-2c90-451d-8de7-5874e34aa44e.root 359661 [121,125,132,123,127,129,122,128,131,126,130,124]
/store/data/Run2022E/DisplacedJet/RAW/v1/000/359/661/00000/3e501d75-417e-4769-b3ea-9dfa7a8ee678.root 359661 [173,174,168,169,172,166,167,170,171]
/store/data/Run2022E/DisplacedJet/RAW/v1/000/359/661/00000/47a014ee-ceb5-43ec-89e4-0e99f62c8ac2.root 359661 [181,182,186,189,187,188,183,184,185]
/store/data/Run2022E/DisplacedJet/RAW/v1/000/359/661/00000/613c22c8-9700-4e06-bc42-ba4b31b8c9d9.root 359661 [6,3,4,5]
/store/data/Run2022E/DisplacedJet/RAW/v1/000/359/661/00000/6c8b8080-2af2-46a7-ab0c-c017ba051a70.root 359661 [26,54,60,67,25,34,37,41,42,43,44,57,35,38,50,30,39,40,46,56,66,49,52,59,61,64,27,32,24,28,29,31,33,36,48,51,58,62,63,65,45,47,53,55]
/store/data/Run2022E/DisplacedJet/RAW/v1/000/359/661/00000/79057638-e742-4091-a7d4-4ed87d51856b.root 359661 [98,104,106,93,92,94,95,100,101,103,99,96,97,102,105]
/store/data/Run2022E/DisplacedJet/RAW/v1/000/359/661/00000/85d886f4-5d8a-4ae2-9b34-790eca17fca9.root 359661 [204,207,199,200,201,205,202,203,206]
/store/data/Run2022E/DisplacedJet/RAW/v1/000/359/661/00000/860e9e64-ee91-45a3-a54f-07f552a04b1b.root 359661 [137,143,144,139,140,133,134,136,138,142,141,135]
/store/data/Run2022E/DisplacedJet/RAW/v1/000/359/661/00000/8bfe48bb-e804-4811-baf4-49a37457e10f.root 359661 [110,118,107,108,115,116,117,112,113,111,120,109,114,119]
/store/data/Run2022E/DisplacedJet/RAW/v1/000/359/661/00000/92343ac8-1250-415d-84be-90c72daabd0a.root 359661 [74,79,86,81,83,87,89,76,77,78,84,68,70,71,75,88,69,80,82,90,85,72,73,91]
/store/data/Run2022E/DisplacedJet/RAW/v1/000/359/661/00000/93880597-dd8b-4fa8-a425-abc416e8167e.root 359661 [177,178,179,175,176,180]
/store/data/Run2022E/DisplacedJet/RAW/v1/000/359/661/00000/9c5ffa4c-8d38-4a75-9057-66d33be8a66a.root 359661 [161,159,160,162,164,156,163,165,157,158]
/store/data/Run2022E/DisplacedJet/RAW/v1/000/359/661/00000/9cd043f3-b406-44e7-bdea-ba80b92ef239.root 359661 [9,10]
/store/data/Run2022E/DisplacedJet/RAW/v1/000/359/661/00000/a8b8006f-c47c-4768-8dd7-7dbddef23f26.root 359661 [208,210,211,212,215,209,214,216,213]
/store/data/Run2022E/DisplacedJet/RAW/v1/000/359/661/00000/c79d318b-a62a-40f9-84b2-806e868ea53c.root 359661 [197,198,196,190,192,193,191,195,194]
/store/data/Run2022E/DisplacedJet/RAW/v1/000/359/661/00000/d54654e6-b759-492e-ad47-5c08794c4e1a.root 359661 [220,224,223,219,218,217,225,222,221]
/store/data/Run2022E/DisplacedJet/RAW/v1/000/359/685/00000/1124a86d-613e-484c-90e0-94f6cf77a989.root 359685 [25,21,22,20,23,26,27,19,24]
/store/data/Run2022E/DisplacedJet/RAW/v1/000/359/685/00000/399933a4-3f72-4c72-8df0-4e6673f62015.root 359685 [30,34,31,33,36,28,29,32,35]
/store/data/Run2022E/DisplacedJet/RAW/v1/000/359/685/00000/69e3a2a1-3eae-4baf-9eb4-eaba93dbfd63.root 359685 [39,42,40,45,44,43,41,37,38]
/store/data/Run2022E/DisplacedJet/RAW/v1/000/359/685/00000/7542017c-0374-48c3-8a69-0a23be901749.root 359685 [75,78,76,77,80,74,79,81,73]
/store/data/Run2022E/DisplacedJet/RAW/v1/000/359/685/00000/7a1d2eb7-ca68-48b5-9f87-4a3dd9494ef1.root 359685 [107,108,106,103,100,101,104,105,102]
/store/data/Run2022E/DisplacedJet/RAW/v1/000/359/685/00000/9683baab-dfd7-4e01-83f6-fbd68128f454.root 359685 [133,129,132,127,130,131,128]
/store/data/Run2022E/DisplacedJet/RAW/v1/000/359/685/00000/9e486a7b-7088-468c-b898-34e72569c306.root 359685 [3,5,1,7,9,2,4,6,8]
/store/data/Run2022E/DisplacedJet/RAW/v1/000/359/685/00000/ac4f9481-8d32-4fe0-bce3-4e3c7f598c82.root 359685 [66,67,68,64,69,71,72,70,65]
/store/data/Run2022E/DisplacedJet/RAW/v1/000/359/685/00000/b296f227-d18b-46f5-8f51-fb2faf477a9c.root 359685 [86,85,89,82,83,87,88,84,90]
/store/data/Run2022E/DisplacedJet/RAW/v1/000/359/685/00000/bb9a7065-194d-47f3-a92e-9e8d2e928d36.root 359685 [123,122,119,120,121,125,126,118,124]
/store/data/Run2022E/DisplacedJet/RAW/v1/000/359/685/00000/bfe9f6ca-a223-46a9-8104-d52138100af3.root 359685 [17,13,10,15,11,18,12,14,16]
/store/data/Run2022E/DisplacedJet/RAW/v1/000/359/685/00000/c0c7c079-bef4-464b-8934-1f57f7be7d06.root 359685 [96,93,94,95,97,98,91,92,99]
/store/data/Run2022E/DisplacedJet/RAW/v1/000/359/685/00000/c16cdd45-2641-4068-9960-e791c2788223.root 359685 [58,62,55,56,59,60,57,61,63]
/store/data/Run2022E/DisplacedJet/RAW/v1/000/359/685/00000/d0d6bc61-e20e-4252-be1a-3fd0fe1111dc.root 359685 [51,54,50,52,48,53,47,46,49]
/store/data/Run2022E/DisplacedJet/RAW/v1/000/359/685/00000/d5528198-285b-4b24-afc1-56ec62276382.root 359685 [112,113,114,115,110,109,111,116,117]
/store/data/Run2022E/DisplacedJet/RAW/v1/000/359/686/00000/05280b7d-de81-47b4-b0e7-e23d629466cf.root 359686 [617,633,627,637,619,620,622,623,629,638,625,636,639,618,621,631,632,635,634,624,628,640,616,626,630]
/store/data/Run2022E/DisplacedJet/RAW/v1/000/359/686/00000/0a37232f-da4a-4350-a37d-e51f365a4512.root 359686 [413,415,410,423,427,412,414,417,411,416,420,424,408,418,422,409,425,426,419,421]
/store/data/Run2022E/DisplacedJet/RAW/v1/000/359/686/00000/0dec099f-a04e-4f61-8780-db71a46ff3ab.root 359686 [293,297,299,290,291,294,296,292,288,301,289,295,300,298,302]
/store/data/Run2022E/DisplacedJet/RAW/v1/000/359/686/00000/0f478afc-ba34-4385-a3a9-0a47b793ca3c.root 359686 [480,466,475,478,482,471,473,469,474,477,467,472,481,468,476,479,470,483]
/store/data/Run2022E/DisplacedJet/RAW/v1/000/359/686/00000/180a681d-cb44-43b5-a30d-bfe9d7e930f6.root 359686 [869,881,886,888,896,876,889,879,882,883,893,873,885,890,892,897,898,870,875,884,894,899,872,877,900,878,880,891,871,874,887,895]
/store/data/Run2022E/DisplacedJet/RAW/v1/000/359/686/00000/1992e154-f44e-44ed-8eba-2a5c478bf1b5.root 359686 [503,512,515,517,505,507,513,511,518,506,514,508,509,516,504,502,510,519]
/store/data/Run2022E/DisplacedJet/RAW/v1/000/359/686/00000/1a56f3b7-3a40-4973-bd76-9af33f103698.root 359686 [671,673,677,680,683,686,670,674,681,693,684,685,692,694,695,672,676,678,679,682,688,690,691,696,675,669,687,689]
/store/data/Run2022E/DisplacedJet/RAW/v1/000/359/686/00000/1c118519-6299-4f90-9caa-22fbdc6d7700.root 359686 [457,453,459,449,464,452,454,456,460,450,451,461,465,458,463,455,462]
/store/data/Run2022E/DisplacedJet/RAW/v1/000/359/686/00000/1ecc6f1c-66b1-4116-8996-90d0b7ec2587.root 359686 [15,13,20,18,16,17,19,14,11,12]
/store/data/Run2022E/DisplacedJet/RAW/v1/000/359/686/00000/251d0c6d-38fd-41dc-a646-d2f801b0ee57.root 359686 [431,435,436,438,446,447,440,443,445,433,441,448,428,429,434,439,444,430,432,437,442]
/store/data/Run2022E/DisplacedJet/RAW/v1/000/359/686/00000/2f1b0778-3a48-4833-a8c6-bafb4f7597b2.root 359686 [642,647,654,660,661,643,659,663,667,641,652,664,662,644,666,650,655,657,665,648,649,651,656,645,646,653,658,668]
/store/data/Run2022E/DisplacedJet/RAW/v1/000/359/686/00000/3210732d-e1b1-4f7a-b71f-69685a37afa9.root 359686 [101,100,98,96,97,93,95,92,99,94,102,103]
/store/data/Run2022E/DisplacedJet/RAW/v1/000/359/686/00000/32f6acba-917f-45a3-8981-61cd366685cd.root 359686 [762,763,767,768,775,777,756,766,769,779,757,764,771,753,755,773,778,759,765,772,774,776,758,754,760,761,770,780]
/store/data/Run2022E/DisplacedJet/RAW/v1/000/359/686/00000/38e61b52-8ff3-4381-953d-6833fe709388.root 359686 [788,790,795,803,794,800,808,789,799,802,781,792,782,793,798,805,806,783,784,791,807,785,786,796,797,787,801,804]
/store/data/Run2022E/DisplacedJet/RAW/v1/000/359/686/00000/45009aa9-e0f7-43e0-bc00-995dfc8cec7e.root 359686 [155,161,153,158,160,152,156,159,162,157,154,163]
/store/data/Run2022E/DisplacedJet/RAW/v1/000/359/686/00000/46b61318-05bd-49d2-8aab-f591fb41dbb2.root 359686 [393,399,402,404,405,395,389,392,394,403,406,388,390,398,401,391,396,397,400,407]
/store/data/Run2022E/DisplacedJet/RAW/v1/000/359/686/00000/46f385f4-7857-4e8c-b95e-ed3d5d53b0f1.root 359686 [109,111,106,108,112,114,105,107,115,104,110,113]
/store/data/Run2022E/DisplacedJet/RAW/v1/000/359/686/00000/52345001-1188-4d16-aadd-a206c1811b99.root 359686 [486,492,495,485,488,489,491,496,499,487,494,484,498,500,493,497,490,501]
/store/data/Run2022E/DisplacedJet/RAW/v1/000/359/686/00000/55d590ac-f9ac-469d-a8d7-d25be8918f35.root 359686 [842,846,852,856,858,864,841,843,855,849,851,853,861,866,844,857,850,863,868,838,854,860,837,847,848,865,867,839,840,845,859,862]
/store/data/Run2022E/DisplacedJet/RAW/v1/000/359/686/00000/57f26771-771c-441c-858e-d5ae9048281a.root 359686 [729,736,749,728,732,740,745,726,746,730,734,742,743,748,750,752,738,741,744,725,727,731,739,747,751,733,735,737]
/store/data/Run2022E/DisplacedJet/RAW/v1/000/359/686/00000/5cfed1f5-fc59-48ca-af6e-01c64bb14317.root 359686 [304,306,307,310,316,309,311,303,312,317,305,308,313,314,315]
/store/data/Run2022E/DisplacedJet/RAW/v1/000/359/686/00000/5d498f7c-4c9d-4e04-ac3e-35b613662ed5.root 359686 [703,704,711,720,697,721,723,702,706,707,712,713,714,698,699,705,722,709,716,701,710,715,724,700,708,717,719,718]
/store/data/Run2022E/DisplacedJet/RAW/v1/000/359/686/00000/65249e5f-dbfa-47d1-9e6e-1829e7988190.root 359686 [275,277,278,287,279,283,285,273,276,281,282,284,274,280,286]
/store/data/Run2022E/DisplacedJet/RAW/v1/000/359/686/00000/6ac1787d-91a7-47e4-bd85-9adabee61b20.root 359686 [354,357,362,367,351,356,350,348,358,361,366,349,359,363,352,355,365,353,360,364]
/store/data/Run2022E/DisplacedJet/RAW/v1/000/359/686/00000/6acb120a-7e37-4e71-af77-bd753a6451a7.root 359686 [21,25,29,30,28,31,22,23,27,24,26]
/store/data/Run2022E/DisplacedJet/RAW/v1/000/359/686/00000/6ca3f4da-1fb1-4878-bfb7-5a22947ebe50.root 359686 [200,205,208,201,210,211,203,209,199,196,198,197,202,204,206,207]
/store/data/Run2022E/DisplacedJet/RAW/v1/000/359/686/00000/6d662701-2178-4054-88e3-dca3e249dfcc.root 359686 [47,48,51,46,50,54,52,53,44,45,49,55]
/store/data/Run2022E/DisplacedJet/RAW/v1/000/359/686/00000/716c67a2-ab0c-4329-9b25-8d305336c4b2.root 359686 [811,828,812,815,814,818,824,832,833,823,825,829,831,816,822,834,835,809,821,826,830,813,817,819,820,827,836,810]
/store/data/Run2022E/DisplacedJet/RAW/v1/000/359/686/00000/790215a3-a008-413a-b526-8050033bc7e0.root 359686 [9,10,5,8,6,3,4,7,1,2]
/store/data/Run2022E/DisplacedJet/RAW/v1/000/359/686/00000/85762212-d46c-4412-a7f3-cdd098006287.root 359686 [320,331,318,330,323,324,322,326,327,329,319,321,325,328,332]
/store/data/Run2022E/DisplacedJet/RAW/v1/000/359/686/00000/8dc2df6e-6b21-49f4-a7d6-20fafce8086f.root 359686 [226,228,217,227,212,215,216,225,218,220,222,223,213,214,219,221,224]
/store/data/Run2022E/DisplacedJet/RAW/v1/000/359/686/00000/95cdb171-bbf5-4ca1-b4af-69806f60aecd.root 359686 [262,263,264,259,260,268,258,272,266,269,270,261,265,267,271]
/store/data/Run2022E/DisplacedJet/RAW/v1/000/359/686/00000/9c353e0c-c6cf-4a7b-ad9e-eeb2f1b695a2.root 359686 [82,86,91,85,89,80,83,84,88,81,90,87]
/store/data/Run2022E/DisplacedJet/RAW/v1/000/359/686/00000/9dc10254-1fec-410b-97cb-94711d8623ca.root 359686 [238,229,233,236,235,240,243,230,231,234,237,239,241,242,232]
/store/data/Run2022E/DisplacedJet/RAW/v1/000/359/686/00000/9f60bd66-45f3-4854-81db-7bcf00db45e0.root 359686 [571,580,581,583,588,575,590,569,582,584,586,574,573,591,570,578,579,587,589,568,572,576,577,585]
/store/data/Run2022E/DisplacedJet/RAW/v1/000/359/686/00000/a0ff0463-e7f0-4a06-90ea-6fb4f8425747.root 359686 [167,170,176,164,166,168,165,169,172,178,179,174,177,171,173,175]
/store/data/Run2022E/DisplacedJet/RAW/v1/000/359/686/00000/a42975ca-40f6-4833-a892-9ba19bc9cc25.root 359686 [183,190,181,184,191,187,182,193,194,189,180,188,192,186,195,185]
/store/data/Run2022E/DisplacedJet/RAW/v1/000/359/686/00000/a6956575-c279-4fd4-aef3-cf86ecc4e9e8.root 359686 [131,128,130,139,133,137,138,132,129,134,135,136]
/store/data/Run2022E/DisplacedJet/RAW/v1/000/359/686/00000/ab9f44d8-0884-40e2-9b10-f1a5d389bb5a.root 359686 [142,143,148,144,146,140,141,151,145,149,150,147]
/store/data/Run2022E/DisplacedJet/RAW/v1/000/359/686/00000/ad19d565-d8da-4a9e-ad1e-60eea923d760.root 359686 [245,257,248,252,244,246,255,247,253,254,256,249,250,251]
/store/data/Run2022E/DisplacedJet/RAW/v1/000/359/686/00000/b2922aea-9b36-4c77-b79b-b925361a270d.root 359686 [548,551,555,559,564,552,554,561,545,556,544,547,566,553,558,563,567,557,560,565,546,549,550,562]
/store/data/Run2022E/DisplacedJet/RAW/v1/000/359/686/00000/b4633757-6ef6-4ae1-935c-6c5d2cfc6d3a.root 359686 [346,334,340,337,343,333,335,342,344,336,338,339,345,341,347]
/store/data/Run2022E/DisplacedJet/RAW/v1/000/359/686/00000/b64fb782-c087-477c-b604-85b7017f0bcc.root 359686 [66,58,60,62,61,64,65,56,59,57,63,67]
/store/data/Run2022E/DisplacedJet/RAW/v1/000/359/686/00000/c1b6a995-675a-4a53-824a-f33aab2e7cb4.root 359686 [526,530,533,521,523,527,531,536,534,538,540,541,520,537,539,542,522,524,532,525,528,543,529,535]
/store/data/Run2022E/DisplacedJet/RAW/v1/000/359/686/00000/cadb0e40-272a-488e-84b6-5b9cd767cc55.root 359686 [121,125,122,123,124,118,119,127,117,116,120,126]
/store/data/Run2022E/DisplacedJet/RAW/v1/000/359/686/00000/ccb9004c-6601-4714-a526-c01fe2da8107.root 359686 [602,594,597,604,605,612,614,615,596,600,607,592,593,606,613,595,599,601,598,608,603,611,609,610]
/store/data/Run2022E/DisplacedJet/RAW/v1/000/359/686/00000/da684146-717f-4bf9-b33f-725cf5e5c3e2.root 359686 [375,371,386,368,374,369,372,373,378,383,384,376,377,379,380,382,385,370,381,387]
/store/data/Run2022E/DisplacedJet/RAW/v1/000/359/686/00000/db7da4e6-9b1d-4e1c-9aab-d5b41ef0326d.root 359686 [69,73,77,76,78,71,74,68,70,75,72,79]
/store/data/Run2022E/DisplacedJet/RAW/v1/000/359/686/00000/e0eb22df-6d48-4f08-ab14-0fead295ffc1.root 359686 [34,37,39,40,41,36,42,32,35,33,43,38]
/store/data/Run2022E/DisplacedJet/RAW/v1/000/359/686/00000/eefc7c02-261e-49e4-87c2-d640c1e1dbf9.root 359686 [909,916,917,921,922,927,929,932,901,908,910,913,902,906,915,923,925,930,931,920,933,904,914,919,926,911,924,928,905,912,934,903,907,918]
/store/data/Run2022E/DisplacedJet/RAW/v1/000/359/691/00000/1b1b7011-73c1-435e-9c43-ef3af7b5712b.root 359691 [139,138,136,137]
/store/data/Run2022E/DisplacedJet/RAW/v1/000/359/691/00000/22c454d7-9131-453e-b7d1-7130ff2c53d2.root 359691 [79,81,80,78]
/store/data/Run2022E/DisplacedJet/RAW/v1/000/359/691/00000/2deb031c-4efe-48a7-bec7-d17e586c1769.root 359691 [74,77,76,73,75]
/store/data/Run2022E/DisplacedJet/RAW/v1/000/359/691/00000/2e21ff3d-93a1-45c7-8af7-f54706860111.root 359691 [128,130,131,129]
/store/data/Run2022E/DisplacedJet/RAW/v1/000/359/691/00000/38d9f425-5ae7-4980-9936-237c880e7851.root 359691 [57,60,61,58,56,59]
/store/data/Run2022E/DisplacedJet/RAW/v1/000/359/691/00000/4015d90d-f2fb-4e7c-9ec3-e9ce596e0195.root 359691 [93,94,95]
/store/data/Run2022E/DisplacedJet/RAW/v1/000/359/691/00000/530966d7-86b8-433f-b120-805e63fb4070.root 359691 [118,119,117,116]
/store/data/Run2022E/DisplacedJet/RAW/v1/000/359/691/00000/578f06ca-e9ee-47b3-a19e-4a6fe2ab0e59.root 359691 [135,133,134,132]
/store/data/Run2022E/DisplacedJet/RAW/v1/000/359/691/00000/5d09ec18-da74-4cc4-882d-85837810b5e6.root 359691 [123,121,120,122]
/store/data/Run2022E/DisplacedJet/RAW/v1/000/359/691/00000/676bb566-fa04-49d6-b650-ff86eefd1245.root 359691 [5,11,16,17,21,2,4,19,22,26,27,7,9,12,20,23,10,13,14,6,24,28,29,3,8,15,18,25]
/store/data/Run2022E/DisplacedJet/RAW/v1/000/359/691/00000/6bc7fad8-f4bb-4dab-8039-bf0a2948b51e.root 359691 [84,82,85,83]
/store/data/Run2022E/DisplacedJet/RAW/v1/000/359/691/00000/73854f45-3d83-4859-bb8c-315896c609a2.root 359691 [62,64,67,63,66,65]
/store/data/Run2022E/DisplacedJet/RAW/v1/000/359/691/00000/744f7a0b-e5d8-4fe8-a6f0-f4177bc44282.root 359691 [40,43,41,44,42,46,45,47]
/store/data/Run2022E/DisplacedJet/RAW/v1/000/359/691/00000/819e8836-eefd-42cb-85ae-2d119445b612.root 359691 [35,38,34,36,39,30,33,31,32,37]
/store/data/Run2022E/DisplacedJet/RAW/v1/000/359/691/00000/89aa35ab-f597-4bbc-8441-6e3c3228ea0a.root 359691 [87,88,89,86]
/store/data/Run2022E/DisplacedJet/RAW/v1/000/359/691/00000/a7e483cf-c928-4803-a40b-954229235e1b.root 359691 [106,107,109,108]
/store/data/Run2022E/DisplacedJet/RAW/v1/000/359/691/00000/aa9fe799-6b9f-4fc7-b08a-283c699e3c85.root 359691 [48,50,51,52,55,54,53,49]
/store/data/Run2022E/DisplacedJet/RAW/v1/000/359/691/00000/cc55ada4-4edc-4f9a-b588-3a377fb0d37e.root 359691 [102,103,104,105]
/store/data/Run2022E/DisplacedJet/RAW/v1/000/359/691/00000/d0169f97-c5e7-4818-a047-dcda66881c90.root 359691 [70,72,69,68,71]
/store/data/Run2022E/DisplacedJet/RAW/v1/000/359/691/00000/d32f3d20-234c-41aa-a81f-ddca7a158c81.root 359691 [111,112,110]
/store/data/Run2022E/DisplacedJet/RAW/v1/000/359/691/00000/d4e8bd1f-9a35-4ada-8afa-1034201dfedf.root 359691 [113,114,115]
/store/data/Run2022E/DisplacedJet/RAW/v1/000/359/691/00000/d79db69c-b460-49e7-92ab-07aa210dcc62.root 359691 [101,100,99]
/store/data/Run2022E/DisplacedJet/RAW/v1/000/359/691/00000/e4614b5c-6d26-4cd4-8cf8-e6061d585e5b.root 359691 [97,98,96]
/store/data/Run2022E/DisplacedJet/RAW/v1/000/359/691/00000/f65e6405-a80a-4e55-87e1-741951ca2d7f.root 359691 [126,125,127,124]
/store/data/Run2022E/DisplacedJet/RAW/v1/000/359/691/00000/fb830949-a887-4209-8160-c897ca88e693.root 359691 [91,90,92]
/store/data/Run2022E/DisplacedJet/RAW/v1/000/359/693/00000/015a023c-2f01-4d53-8053-2050319317bc.root 359693 [388,390,386,393,387,389,392,391]
/store/data/Run2022E/DisplacedJet/RAW/v1/000/359/693/00000/074a0b86-5e24-465f-a247-d8ad8351636d.root 359693 [76,78,79,77,80]
/store/data/Run2022E/DisplacedJet/RAW/v1/000/359/693/00000/09f3c5ec-8dd4-4fa8-b2b4-a8bf65ec40d6.root 359693 [371,373,376,370,374,377,369,372,375]
/store/data/Run2022E/DisplacedJet/RAW/v1/000/359/693/00000/0ac89786-feb9-40f8-a615-b99572ec6e88.root 359693 [581,586,580,579,584,585,587,582,583]
/store/data/Run2022E/DisplacedJet/RAW/v1/000/359/693/00000/0d95cd46-b7cb-48a1-b5f2-ebc2522f6a49.root 359693 [34,30,31,32,33,35]
/store/data/Run2022E/DisplacedJet/RAW/v1/000/359/693/00000/0eab113a-99ca-4eac-846e-a99fa394bd6c.root 359693 [49,50,52,53,48,51]
/store/data/Run2022E/DisplacedJet/RAW/v1/000/359/693/00000/12153537-16a6-45b2-97da-f9da0a544ee6.root 359693 [364,362,366,361,363,365,367,368]
/store/data/Run2022E/DisplacedJet/RAW/v1/000/359/693/00000/130c6dfa-cc16-449b-a2c1-df782811cddf.root 359693 [477,481,485,479,478,483,480,482,484,486]
/store/data/Run2022E/DisplacedJet/RAW/v1/000/359/693/00000/132f2c4f-38dd-49cd-bcf7-c0eb8a757202.root 359693 [266,270,271,269,272,265,267,268]
/store/data/Run2022E/DisplacedJet/RAW/v1/000/359/693/00000/144e9db4-858f-4514-9d82-dca0cf151197.root 359693 [350,347,348,352,345,349,351,346]
/store/data/Run2022E/DisplacedJet/RAW/v1/000/359/693/00000/16736a77-a11d-4838-982c-1026a6ba6843.root 359693 [470,471,473,467,474,469,475,468,472,476]
/store/data/Run2022E/DisplacedJet/RAW/v1/000/359/693/00000/18e2c4ce-354f-46bb-b59d-c1e2e5c33207.root 359693 [303,297,300,301,302,298,299,304]
/store/data/Run2022E/DisplacedJet/RAW/v1/000/359/693/00000/1b0a1396-d14d-497e-943f-0c3a4740e17c.root 359693 [259,263,264,257,258,260,261,262]
/store/data/Run2022E/DisplacedJet/RAW/v1/000/359/693/00000/1f373ac6-3239-4526-8c39-99a5ae3575df.root 359693 [224,227,222,226,225,223,221,228]
/store/data/Run2022E/DisplacedJet/RAW/v1/000/359/693/00000/21f767cd-8b64-4984-81ae-291ef74b2967.root 359693 [355,360,354,357,353,358,356,359]
/store/data/Run2022E/DisplacedJet/RAW/v1/000/359/693/00000/26946098-0a0c-4faf-9de9-552734e7f7c9.root 359693 [171,172,175,174,176,173]
/store/data/Run2022E/DisplacedJet/RAW/v1/000/359/693/00000/27979245-9447-4484-9358-4e46420ebe55.root 359693 [218,220,213,215,214,219,216,217]
/store/data/Run2022E/DisplacedJet/RAW/v1/000/359/693/00000/2a03bc9e-a080-4961-b547-f6500cd2cec1.root 359693 [544,546,548,538,549,540,541,542,547,543,545,539]
/store/data/Run2022E/DisplacedJet/RAW/v1/000/359/693/00000/2a251de6-a7a6-4320-91d4-d9b7999a626b.root 359693 [323,327,328,322,324,325,321,326]
/store/data/Run2022E/DisplacedJet/RAW/v1/000/359/693/00000/2ab7be49-c96f-4fa6-8027-e96cd3f5d5e6.root 359693 [68,70,67,66,69]
/store/data/Run2022E/DisplacedJet/RAW/v1/000/359/693/00000/2d77ba4e-6f28-4531-bcee-a9064a61eba8.root 359693 [418,412,414,415,417,410,411,416,413,419]
/store/data/Run2022E/DisplacedJet/RAW/v1/000/359/693/00000/2ff8d9d3-1842-4aff-baac-4124c34fe126.root 359693 [318,315,314,316,313,319,320,317]
/store/data/Run2022E/DisplacedJet/RAW/v1/000/359/693/00000/37d90ba0-3436-440b-a4ea-974fd7fc73d1.root 359693 [193,190,189,191,192,194]
/store/data/Run2022E/DisplacedJet/RAW/v1/000/359/693/00000/3b1f1db3-6b03-4aec-a0a9-ae5f52ec5f94.root 359693 [94,93,96,95,97,98]
/store/data/Run2022E/DisplacedJet/RAW/v1/000/359/693/00000/3cd7dd9e-a96c-4537-a09f-a3ae8d9fad04.root 359693 [42,44,46,43,47,45]
/store/data/Run2022E/DisplacedJet/RAW/v1/000/359/693/00000/4039892c-e2d4-40e2-bdde-d59d76a67eb8.root 359693 [278,279,275,277,274,276,273,280]
/store/data/Run2022E/DisplacedJet/RAW/v1/000/359/693/00000/43c5aad4-09db-4f86-932b-5c55b8ce5e7b.root 359693 [72,75,71,74,73]
/store/data/Run2022E/DisplacedJet/RAW/v1/000/359/693/00000/4747757b-6ec3-4491-a8cf-6418a904742a.root 359693 [572,577,578,574,575,570,571,573,576]
/store/data/Run2022E/DisplacedJet/RAW/v1/000/359/693/00000/4ac7e2f9-0090-4f8f-9019-5c9eebee80b4.root 359693 [39,41,38,40,36,37]
/store/data/Run2022E/DisplacedJet/RAW/v1/000/359/693/00000/50412c95-8d42-4b19-a510-88bdc570cd71.root 359693 [59,55,56,54,57,58]
/store/data/Run2022E/DisplacedJet/RAW/v1/000/359/693/00000/553477f0-9170-4c65-8581-148f883f97ba.root 359693 [123,124,126,127,128,125]
/store/data/Run2022E/DisplacedJet/RAW/v1/000/359/693/00000/55a45f3e-e540-4976-8d17-7612c1ddd0a8.root 359693 [381,384,385,380,378,379,382,383]
/store/data/Run2022E/DisplacedJet/RAW/v1/000/359/693/00000/59fab821-ce1c-4658-9b22-c68141c0737a.root 359693 [241,239,242,238,240,237]
/store/data/Run2022E/DisplacedJet/RAW/v1/000/359/693/00000/5bf7fd52-8dbd-47f5-95fd-ea2d2beb0963.root 359693 [155,153,158,154,157,156]
/store/data/Run2022E/DisplacedJet/RAW/v1/000/359/693/00000/6568217e-0ae3-4f02-9650-716c4eb24138.root 359693 [292,293,289,295,294,296,290,291]
/store/data/Run2022E/DisplacedJet/RAW/v1/000/359/693/00000/660fbf62-497e-4a2f-9f41-d6b3547c7a4b.root 359693 [24,25,28,26,27,29]
/store/data/Run2022E/DisplacedJet/RAW/v1/000/359/693/00000/6c9f6787-1c5c-46e0-b9f9-dfc54fae91f8.root 359693 [458,464,462,460,459,463,461,465,466]
/store/data/Run2022E/DisplacedJet/RAW/v1/000/359/693/00000/7636a1fa-59f2-4241-9705-800345d5d2ef.root 359693 [507,501,505,506,500,497,498,503,502,504,499]
/store/data/Run2022E/DisplacedJet/RAW/v1/000/359/693/00000/765e1b32-9a5c-44ba-9e0b-dabec521afaa.root 359693 [17,13,12,16,14,15]
/store/data/Run2022E/DisplacedJet/RAW/v1/000/359/693/00000/77591610-7d91-422d-be24-abc047da6bff.root 359693 [188,184,187,183,186,185]
/store/data/Run2022E/DisplacedJet/RAW/v1/000/359/693/00000/79521fa4-f2eb-4749-a6bc-6f64239a2588.root 359693 [488,495,487,490,491,493,489,494,496,492]
/store/data/Run2022E/DisplacedJet/RAW/v1/000/359/693/00000/7b991aa4-45da-4852-81a5-7b6c0eae4732.root 359693 [420,424,422,425,428,429,423,421,426,427]
/store/data/Run2022E/DisplacedJet/RAW/v1/000/359/693/00000/7e1a65bd-16df-47a0-bd30-efa538a5892f.root 359693 [338,344,341,342,337,340,343,339]
/store/data/Run2022E/DisplacedJet/RAW/v1/000/359/693/00000/90b4f4c5-e8f3-47ec-aae0-ccbbc25f9f66.root 359693 [522,520,521,526,518,519,527,525,524,523]
/store/data/Run2022E/DisplacedJet/RAW/v1/000/359/693/00000/92d8ec2d-f98f-4de2-b27e-b07810e7eda6.root 359693 [160,159,162,161,163,164]
/store/data/Run2022E/DisplacedJet/RAW/v1/000/359/693/00000/9a0275c7-d6a2-4f0a-bc8b-52ccdee903d4.root 359693 [87,90,88,91,92,89]
/store/data/Run2022E/DisplacedJet/RAW/v1/000/359/693/00000/9b59b84c-0ee7-42ed-af8e-96a7db300b41.root 359693 [116,111,114,115,112,113]
/store/data/Run2022E/DisplacedJet/RAW/v1/000/359/693/00000/9d074238-257f-4fb3-ad4b-e82c3e99224d.root 359693 [597,599,602,604,600,605,598,601,603]
/store/data/Run2022E/DisplacedJet/RAW/v1/000/359/693/00000/a1965d2d-d1e5-4b6f-b25a-c0fbc5e9d4d2.root 359693 [231,230,236,232,229,233,234,235]
/store/data/Run2022E/DisplacedJet/RAW/v1/000/359/693/00000/a3c21deb-f53e-4fd1-8990-5480ed422db9.root 359693 [62,61,63,64,65,60]
/store/data/Run2022E/DisplacedJet/RAW/v1/000/359/693/00000/a4269506-15c2-4ff1-9b43-3036d46e5a89.root 359693 [2,1,3,4,5]
/store/data/Run2022E/DisplacedJet/RAW/v1/000/359/693/00000/a48edb77-e90d-42ad-8dc6-349815945d07.root 359693 [249,252,250,254,251,253,255,256]
/store/data/Run2022E/DisplacedJet/RAW/v1/000/359/693/00000/a9737f56-da19-4526-a080-519e9397affb.root 359693 [403,404,408,406,405,409,402,407]
/store/data/Run2022E/DisplacedJet/RAW/v1/000/359/693/00000/aaaacd58-9018-4e5c-93c8-0656b6037950.root 359693 [212,209,210,208,207,211]
/store/data/Run2022E/DisplacedJet/RAW/v1/000/359/693/00000/b00f5b2e-d7db-452c-8fac-73ade7074c42.root 359693 [436,439,431,432,435,437,433,430,438,434]
/store/data/Run2022E/DisplacedJet/RAW/v1/000/359/693/00000/b0a88937-748a-48b1-82cf-566bec5c9068.root 359693 [401,394,396,398,399,395,397,400]
/store/data/Run2022E/DisplacedJet/RAW/v1/000/359/693/00000/b28dba5e-fd99-472c-8192-3bb458840604.root 359693 [334,332,335,336,333,330,331,329]
/store/data/Run2022E/DisplacedJet/RAW/v1/000/359/693/00000/b458d5ea-6a9c-4e09-8275-c26437323f1c.root 359693 [287,282,284,286,288,281,283,285]
/store/data/Run2022E/DisplacedJet/RAW/v1/000/359/693/00000/b6002345-f292-47ea-a22c-7890f23550c4.root 359693 [101,100,103,104,99,102]
/store/data/Run2022E/DisplacedJet/RAW/v1/000/359/693/00000/b9686cdf-a3b8-4541-ac85-ac63228ee887.root 359693 [201,203,205,202,204,206]
/store/data/Run2022E/DisplacedJet/RAW/v1/000/359/693/00000/be07ee43-b47d-4fd0-bd76-bf57b5c70334.root 359693 [177,179,180,182,178,181]
/store/data/Run2022E/DisplacedJet/RAW/v1/000/359/693/00000/bec55cd1-e14d-4fbe-880d-776d5506229f.root 359693 [555,558,554,559,560,556,552,557,550,553,551]
/store/data/Run2022E/DisplacedJet/RAW/v1/000/359/693/00000/c4820dc6-8827-411a-9530-144a70b8039e.root 359693 [165,166,168,167,170,169]
/store/data/Run2022E/DisplacedJet/RAW/v1/000/359/693/00000/c7310758-d693-440e-967c-902165420c7c.root 359693 [443,446,448,440,444,445,449,447,442,441]
/store/data/Run2022E/DisplacedJet/RAW/v1/000/359/693/00000/ca3b39e6-1b3f-4abf-a574-7c28e6a6b8da.root 359693 [198,199,200,195,196,197]
/store/data/Run2022E/DisplacedJet/RAW/v1/000/359/693/00000/ccb8162b-7fbb-49ec-9063-28793584e5f0.root 359693 [451,452,457,453,455,450,456,454]
/store/data/Run2022E/DisplacedJet/RAW/v1/000/359/693/00000/d1d8c29c-8571-4ba8-8c66-e56e8e741227.root 359693 [119,122,117,118,121,120]
/store/data/Run2022E/DisplacedJet/RAW/v1/000/359/693/00000/d2ba0069-8245-495d-8985-dc883a7ee263.root 359693 [246,247,248,243,244,245]
/store/data/Run2022E/DisplacedJet/RAW/v1/000/359/693/00000/d8579e11-110d-406b-813c-1fd89558c4ff.root 359693 [510,511,517,513,509,515,516,508,514,512]
/store/data/Run2022E/DisplacedJet/RAW/v1/000/359/693/00000/dff2bef0-cf0f-48a2-8169-12823825095b.root 359693 [7,9,10,11,8,6]
/store/data/Run2022E/DisplacedJet/RAW/v1/000/359/693/00000/e2ba5e24-ef1f-48f6-8dd9-ffb8671737ee.root 359693 [141,144,142,143,146,145]
/store/data/Run2022E/DisplacedJet/RAW/v1/000/359/693/00000/e3df5d57-4ff4-47e7-8b05-174b2229392f.root 359693 [537,531,533,535,536,528,529,530,532,534]
/store/data/Run2022E/DisplacedJet/RAW/v1/000/359/693/00000/e5603a45-224a-459c-822f-b39c87653b46.root 359693 [84,86,81,82,83,85]
/store/data/Run2022E/DisplacedJet/RAW/v1/000/359/693/00000/e6f63a6c-ce65-4d38-8cf4-a6d7bad587be.root 359693 [592,596,588,591,593,589,590,594,595]
/store/data/Run2022E/DisplacedJet/RAW/v1/000/359/693/00000/e783e81c-e524-4043-8c5e-9628bf7dfaf9.root 359693 [132,130,129,133,131,134]
/store/data/Run2022E/DisplacedJet/RAW/v1/000/359/693/00000/e9490a21-31a9-4d10-9c78-659bfd6f16d4.root 359693 [149,148,151,152,147,150]
/store/data/Run2022E/DisplacedJet/RAW/v1/000/359/693/00000/ed058097-cae6-4af8-af1a-aa1bf8abf01f.root 359693 [106,105,108,110,107,109]
/store/data/Run2022E/DisplacedJet/RAW/v1/000/359/693/00000/ef652c2a-3c04-4ce3-92a4-b06a3328a19d.root 359693 [307,312,308,306,305,309,310,311]
/store/data/Run2022E/DisplacedJet/RAW/v1/000/359/693/00000/f0c83b07-3bf3-48e1-beda-d6fc9bb0de99.root 359693 [561,562,564,567,565,568,569,563,566]
/store/data/Run2022E/DisplacedJet/RAW/v1/000/359/693/00000/f2e7c240-63a7-487d-bbb2-e1aa71fd6771.root 359693 [137,136,135,138,140,139]
/store/data/Run2022E/DisplacedJet/RAW/v1/000/359/693/00000/fd9cb8e0-785e-485e-887a-61366babb584.root 359693 [22,20,21,18,19,23]
