/store/data/Run2016D/ZeroBias/RAW/v2/000/276/807/00000/14F435D1-8B4A-E611-9BF8-FA163E27896C.root [72,78,73,76,70,71,74,75,69,77,79]
/store/data/Run2016D/ZeroBias/RAW/v2/000/276/807/00000/1A49D8DD-8B4A-E611-9F27-02163E014330.root [42,44,62,67,45,47,59,54,65,66,46,49,57,68,51,55,61,63,43,53,56,48,50,52,58,60,64]
/store/data/Run2016D/ZeroBias/RAW/v2/000/276/807/00000/282D0DD5-8B4A-E611-83D9-02163E01239B.root [141,143,136,144,135,140,142,138,137,139,145]
/store/data/Run2016D/ZeroBias/RAW/v2/000/276/807/00000/385621D3-8B4A-E611-819A-02163E011A8C.root [119,115,120,121,113,114,118,122,112,116,117]
/store/data/Run2016D/ZeroBias/RAW/v2/000/276/807/00000/3AF892DB-8B4A-E611-AF2D-02163E01430A.root [198,209,202,204,203,205,206,210,200,208,197,207,199,201]
/store/data/Run2016D/ZeroBias/RAW/v2/000/276/807/00000/461131D2-8B4A-E611-9782-02163E011895.root [25,26,33,4,7,15,17,28,35,40,11,22,34,2,5,8,9,20,23,27,18,31,32,41,6,12,14,24,36,37,3,13,19,21,29,1,10,16,30,38,39]
/store/data/Run2016D/ZeroBias/RAW/v2/000/276/807/00000/4C7842D1-8B4A-E611-90FB-FA163E095DF8.root [96,98,100,95,93,97,92,99,91,94]
/store/data/Run2016D/ZeroBias/RAW/v2/000/276/807/00000/4E4E75EE-8B4A-E611-8D1C-02163E013631.root [179,178,186,180,183,181,184,185,177,182]
/store/data/Run2016D/ZeroBias/RAW/v2/000/276/807/00000/60A0FED3-8B4A-E611-B5A8-FA163E9D18C2.root [101,105,106,110,109,107,111,104,102,103,108]
/store/data/Run2016D/ZeroBias/RAW/v2/000/276/807/00000/72E96DD7-8B4A-E611-B558-02163E0138E7.root [188,194,195,193,187,190,192,196,189,191]
/store/data/Run2016D/ZeroBias/RAW/v2/000/276/807/00000/76C4F0D9-8B4A-E611-89AE-02163E011F61.root [123,124,125,126,128,133,134,132,129,127,130,131]
/store/data/Run2016D/ZeroBias/RAW/v2/000/276/807/00000/78C83BD4-8B4A-E611-A05E-02163E013596.root [157,158,160,166,162,165,161,163,164,159]
/store/data/Run2016D/ZeroBias/RAW/v2/000/276/807/00000/AE3B8BD1-8B4A-E611-9BCA-FA163EA33B98.root [82,85,89,80,83,86,90,81,88,84,87]
/store/data/Run2016D/ZeroBias/RAW/v2/000/276/807/00000/BEF2CED5-8B4A-E611-8023-02163E011980.root [212,213,214,211,216,219,215,217,218,220]
/store/data/Run2016D/ZeroBias/RAW/v2/000/276/807/00000/DE4ABCD4-8B4A-E611-BC94-02163E011B9F.root [169,175,168,170,176,167,174,171,172,173]
/store/data/Run2016D/ZeroBias/RAW/v2/000/276/807/00000/F86A9ED1-8B4A-E611-9E70-02163E0144AE.root [146,148,147,156,153,154,155,149,152,150,151]
