/store/data/Run2024D/BTagMu/RAW/v1/000/380/306/00000/0215c391-ef08-474e-92e5-26f25fdb7b49.root 380306 [255,256]
/store/data/Run2024D/BTagMu/RAW/v1/000/380/306/00000/04599cc6-96f2-4b54-b6fa-749e66619eca.root 380306 [103,104]
/store/data/Run2024D/BTagMu/RAW/v1/000/380/306/00000/05e75eb7-45e9-45c3-b5f9-286108fd829d.root 380306 [136,135]
/store/data/Run2024D/BTagMu/RAW/v1/000/380/306/00000/0d56140b-b22a-44c4-aa77-a432ad08a214.root 380306 [2,4,1,3,5]
/store/data/Run2024D/BTagMu/RAW/v1/000/380/306/00000/0f7d5f86-d5df-4223-8fcc-7ae4eababc1a.root 380306 [14,22,25,26,36,40,37,17,29,39,16,21,27,38,32,35,41,43,31,42,24,28,30,33,34,13,15,18,19,20,23,44]
/store/data/Run2024D/BTagMu/RAW/v1/000/380/306/00000/159e99d8-605d-42af-aae5-22ba98bf5428.root 380306 [170,169]
/store/data/Run2024D/BTagMu/RAW/v1/000/380/306/00000/1a67661f-f8d9-4215-b542-fac2cc77592b.root 380306 [228,227]
/store/data/Run2024D/BTagMu/RAW/v1/000/380/306/00000/1c2b085d-9fed-4008-a450-aa1406242b9c.root 380306 [63,61,62,58,60,59]
/store/data/Run2024D/BTagMu/RAW/v1/000/380/306/00000/1c37a0a7-3d93-40b1-bf20-2b549e1f50c9.root 380306 [269]
/store/data/Run2024D/BTagMu/RAW/v1/000/380/306/00000/2014b5ea-b730-4692-a28b-9231079abc4b.root 380306 [149,150]
/store/data/Run2024D/BTagMu/RAW/v1/000/380/306/00000/2062a31c-a8f3-4da5-b3f7-bd7b080ebd56.root 380306 [141,142]
/store/data/Run2024D/BTagMu/RAW/v1/000/380/306/00000/2c0394ad-7df2-411d-8b3b-21bae8ca5716.root 380306 [148,147]
/store/data/Run2024D/BTagMu/RAW/v1/000/380/306/00000/2cb774ab-1c38-4554-8027-251072f01826.root 380306 [131,132]
/store/data/Run2024D/BTagMu/RAW/v1/000/380/306/00000/2eda7910-e35f-4c55-814c-08f64f1dcfd1.root 380306 [247,245,248,246]
/store/data/Run2024D/BTagMu/RAW/v1/000/380/306/00000/30d6be8d-1d0e-491e-bcd0-94e9c25fe75a.root 380306 [72,73,75,70,71,74]
/store/data/Run2024D/BTagMu/RAW/v1/000/380/306/00000/318397fb-fe93-4135-8e6d-7097d96fdcc9.root 380306 [79,76,80,77,78]
/store/data/Run2024D/BTagMu/RAW/v1/000/380/306/00000/31f29a53-c485-4ec3-93b5-a15aa6cb6508.root 380306 [119,120]
/store/data/Run2024D/BTagMu/RAW/v1/000/380/306/00000/323301b3-bf1d-4a7e-8c00-5764cb45ef9c.root 380306 [182,181]
/store/data/Run2024D/BTagMu/RAW/v1/000/380/306/00000/333799fa-c93b-4aed-a237-1bd752fcf0b9.root 380306 [82,84,81,83]
/store/data/Run2024D/BTagMu/RAW/v1/000/380/306/00000/36f4cd86-f566-40c2-a011-7530b77e425a.root 380306 [179,180]
/store/data/Run2024D/BTagMu/RAW/v1/000/380/306/00000/372246ea-7409-4507-9fcd-0928df70e3fb.root 380306 [48,50,53,45,51,49,46,47,52]
/store/data/Run2024D/BTagMu/RAW/v1/000/380/306/00000/3f5f30a5-6ccc-4068-b7b1-c5fbf99091e0.root 380306 [101,102,100]
/store/data/Run2024D/BTagMu/RAW/v1/000/380/306/00000/413c3bfb-3adb-4625-a965-583e5502c1b2.root 380306 [115,116]
/store/data/Run2024D/BTagMu/RAW/v1/000/380/306/00000/42d35707-884f-4ca2-9f7a-bcdc184158af.root 380306 [234,233]
/store/data/Run2024D/BTagMu/RAW/v1/000/380/306/00000/4e51c723-4d07-4e2f-9ead-6da5adae81ee.root 380306 [219,220]
/store/data/Run2024D/BTagMu/RAW/v1/000/380/306/00000/4ebbd977-cfa5-420e-8d7c-956c21da5760.root 380306 [214,213]
/store/data/Run2024D/BTagMu/RAW/v1/000/380/306/00000/4f8ae85c-52bb-408a-b2be-decf9c02af81.root 380306 [109,110]
/store/data/Run2024D/BTagMu/RAW/v1/000/380/306/00000/513458ce-4f18-47aa-8365-5db97271fd83.root 380306 [171,172]
/store/data/Run2024D/BTagMu/RAW/v1/000/380/306/00000/52d89778-4c07-4e0b-a1d6-5022d9bc480b.root 380306 [198,197]
/store/data/Run2024D/BTagMu/RAW/v1/000/380/306/00000/57c906d4-9074-4129-9189-d059772130a2.root 380306 [125,126]
/store/data/Run2024D/BTagMu/RAW/v1/000/380/306/00000/5a3d1ea9-0171-4d94-bfda-33e212d7f416.root 380306 [139,140]
/store/data/Run2024D/BTagMu/RAW/v1/000/380/306/00000/6490ca29-a2c8-4545-bc89-3d57bf8aeed7.root 380306 [98,99,97]
/store/data/Run2024D/BTagMu/RAW/v1/000/380/306/00000/6cc68f27-2fe3-4951-bfda-75aec499b9f3.root 380306 [191,192]
/store/data/Run2024D/BTagMu/RAW/v1/000/380/306/00000/7333cf0f-0704-458e-9037-4b56ebe532ef.root 380306 [216,215]
/store/data/Run2024D/BTagMu/RAW/v1/000/380/306/00000/74624652-2dc1-438c-9150-8c324e2fc8b2.root 380306 [145,146]
/store/data/Run2024D/BTagMu/RAW/v1/000/380/306/00000/7728a8d8-1ff5-4f04-8c8d-644cdeb015b6.root 380306 [212,211]
/store/data/Run2024D/BTagMu/RAW/v1/000/380/306/00000/7944a50a-6935-4a56-a954-5ea7a44b90ec.root 380306 [201,202]
/store/data/Run2024D/BTagMu/RAW/v1/000/380/306/00000/7d548878-d954-4507-bb1d-40687009b80f.root 380306 [203,204]
/store/data/Run2024D/BTagMu/RAW/v1/000/380/306/00000/820a9c0b-3937-45be-9d4e-d8e8ffa51e17.root 380306 [189,190]
/store/data/Run2024D/BTagMu/RAW/v1/000/380/306/00000/83eb17e5-a02c-42f1-a3e5-82216879783f.root 380306 [153,154]
/store/data/Run2024D/BTagMu/RAW/v1/000/380/306/00000/84379509-f110-4323-9b42-4ba478a8d803.root 380306 [88,90,89]
/store/data/Run2024D/BTagMu/RAW/v1/000/380/306/00000/84baa9b8-e59e-468b-95df-6e89f6374fa1.root 380306 [217,218]
/store/data/Run2024D/BTagMu/RAW/v1/000/380/306/00000/86f9db1a-d73a-4985-b86d-f9c84d83c278.root 380306 [268,267]
/store/data/Run2024D/BTagMu/RAW/v1/000/380/306/00000/876d1b8d-535c-4ea8-a18a-710a4d2ca86b.root 380306 [183,184]
/store/data/Run2024D/BTagMu/RAW/v1/000/380/306/00000/87cbc80c-4e83-44cb-96a0-05e6b94cd14a.root 380306 [260,259]
/store/data/Run2024D/BTagMu/RAW/v1/000/380/306/00000/8802b6fb-8086-4897-b6a6-7d436d4f25b5.root 380306 [239,240]
/store/data/Run2024D/BTagMu/RAW/v1/000/380/306/00000/8c4f2cde-e9e6-40a1-820d-536390513525.root 380306 [235,236]
/store/data/Run2024D/BTagMu/RAW/v1/000/380/306/00000/8e401909-89a5-4e70-aee1-f8c401c8dbfa.root 380306 [249,250]
/store/data/Run2024D/BTagMu/RAW/v1/000/380/306/00000/90376901-7b7b-4f89-a760-d34bfee16ad0.root 380306 [230,229]
/store/data/Run2024D/BTagMu/RAW/v1/000/380/306/00000/904c2a59-31b4-4da1-b3ed-80fa040a80f4.root 380306 [138,137]
/store/data/Run2024D/BTagMu/RAW/v1/000/380/306/00000/9206ddee-ca20-49c2-8646-a276c7b67a45.root 380306 [55,54,57,56]
/store/data/Run2024D/BTagMu/RAW/v1/000/380/306/00000/9277fc22-2ccd-48c8-b38a-c7bafd6b9b46.root 380306 [93,91,92]
/store/data/Run2024D/BTagMu/RAW/v1/000/380/306/00000/94c55f25-b46a-4a74-be85-2da0b988fae1.root 380306 [241,242]
/store/data/Run2024D/BTagMu/RAW/v1/000/380/306/00000/97336d31-596a-47f6-8c45-2bf4e07f95df.root 380306 [237,238]
/store/data/Run2024D/BTagMu/RAW/v1/000/380/306/00000/98db7bcc-31c4-42b7-9962-3a4adb39e861.root 380306 [160,159]
/store/data/Run2024D/BTagMu/RAW/v1/000/380/306/00000/9bea0a8c-3eee-4eaa-ab8c-57d80ac74ebe.root 380306 [165,166]
/store/data/Run2024D/BTagMu/RAW/v1/000/380/306/00000/9ddb61f2-bb8d-4fe6-bf55-f09939848fcc.root 380306 [177,178]
/store/data/Run2024D/BTagMu/RAW/v1/000/380/306/00000/9f8972e2-fafa-4a12-bc65-db583a18e39a.root 380306 [111,112]
/store/data/Run2024D/BTagMu/RAW/v1/000/380/306/00000/a0f3477a-f271-4a5d-a3c8-ae904fa5f688.root 380306 [144,143]
/store/data/Run2024D/BTagMu/RAW/v1/000/380/306/00000/a20de59f-2754-413e-b872-4a4dfc3ed447.root 380306 [155,156]
/store/data/Run2024D/BTagMu/RAW/v1/000/380/306/00000/a5b7b873-81d4-418a-aff9-b7e44d967c2c.root 380306 [257,258]
/store/data/Run2024D/BTagMu/RAW/v1/000/380/306/00000/a778bfb8-894f-437d-9a74-648652f7f5ba.root 380306 [114,113]
/store/data/Run2024D/BTagMu/RAW/v1/000/380/306/00000/a83a9b33-ffc9-4efd-9314-9887c1c75449.root 380306 [253,254]
/store/data/Run2024D/BTagMu/RAW/v1/000/380/306/00000/ad7113f7-7276-4b4c-8c7b-61c49405f8e9.root 380306 [129,130]
/store/data/Run2024D/BTagMu/RAW/v1/000/380/306/00000/aeb32c29-7843-4e1b-9855-240cf8b252c6.root 380306 [264,263]
/store/data/Run2024D/BTagMu/RAW/v1/000/380/306/00000/b61cbc81-669e-40f0-85e9-b08bead34953.root 380306 [87,86,85]
/store/data/Run2024D/BTagMu/RAW/v1/000/380/306/00000/b6716626-cbab-4b06-a8dc-55fda5c5330b.root 380306 [68,67,69,65,66,64]
/store/data/Run2024D/BTagMu/RAW/v1/000/380/306/00000/bd3c5434-b011-4dcb-bc6d-194b6fd3992a.root 380306 [194,193]
/store/data/Run2024D/BTagMu/RAW/v1/000/380/306/00000/c084cda3-947c-4d84-b8a5-67301ea64ee7.root 380306 [173,174]
/store/data/Run2024D/BTagMu/RAW/v1/000/380/306/00000/c0bf8027-0d12-468a-8b6c-7eb3e227a809.root 380306 [205,206]
/store/data/Run2024D/BTagMu/RAW/v1/000/380/306/00000/c6304011-36b7-42ef-9b65-94397cee3662.root 380306 [124,123]
/store/data/Run2024D/BTagMu/RAW/v1/000/380/306/00000/c6ad9ee4-be7c-4f7d-b7c8-1a398d827d8e.root 380306 [186,185]
/store/data/Run2024D/BTagMu/RAW/v1/000/380/306/00000/c972919b-2ab2-4c48-a899-edc9bc5a1c65.root 380306 [207,208]
/store/data/Run2024D/BTagMu/RAW/v1/000/380/306/00000/ca2e091c-f2a3-4f49-bb2c-ac0c319ef0ce.root 380306 [252,251]
/store/data/Run2024D/BTagMu/RAW/v1/000/380/306/00000/cba6f940-c183-4799-ac1f-bb336e096d98.root 380306 [187,188]
/store/data/Run2024D/BTagMu/RAW/v1/000/380/306/00000/cdc014d0-ba64-45a0-813b-fcde6cdd2c58.root 380306 [106,105]
/store/data/Run2024D/BTagMu/RAW/v1/000/380/306/00000/cdd2578a-152c-48af-8f98-cf3fa46fdc1e.root 380306 [168,167]
/store/data/Run2024D/BTagMu/RAW/v1/000/380/306/00000/d3e83dc3-453d-4c91-acf5-8b558c1798f9.root 380306 [108,107]
/store/data/Run2024D/BTagMu/RAW/v1/000/380/306/00000/d43c3603-6a93-4df5-94a7-851fa9d887c4.root 380306 [210,209]
/store/data/Run2024D/BTagMu/RAW/v1/000/380/306/00000/d546d646-728e-4e6b-8ce5-8f10a510d515.root 380306 [232,231]
/store/data/Run2024D/BTagMu/RAW/v1/000/380/306/00000/d580272c-8c63-4384-b4f8-ebfd2767b4c4.root 380306 [262,261]
/store/data/Run2024D/BTagMu/RAW/v1/000/380/306/00000/d5b798f3-7632-450c-b6c2-ba271d5d4ac5.root 380306 [95,96,94]
/store/data/Run2024D/BTagMu/RAW/v1/000/380/306/00000/d8cd3e23-da31-46a1-af3d-db723984f234.root 380306 [164,163]
/store/data/Run2024D/BTagMu/RAW/v1/000/380/306/00000/da121a60-1958-45ce-b0f0-723947a18444.root 380306 [8,11,9,7,10]
/store/data/Run2024D/BTagMu/RAW/v1/000/380/306/00000/dc38183f-503f-4106-aefd-8aa59acd1386.root 380306 [117,118]
/store/data/Run2024D/BTagMu/RAW/v1/000/380/306/00000/de9a3815-2d78-4533-9d6c-9bbc4c4d9cf1.root 380306 [133,134]
/store/data/Run2024D/BTagMu/RAW/v1/000/380/306/00000/e115eaed-9e2c-48b0-9a2f-7c788f06e2e3.root 380306 [225,226]
/store/data/Run2024D/BTagMu/RAW/v1/000/380/306/00000/e220b12e-7a36-4aaa-a92a-3be6de9b26a7.root 380306 [176,175]
/store/data/Run2024D/BTagMu/RAW/v1/000/380/306/00000/e469cbd8-1e3e-46ba-8ae7-83151989153b.root 380306 [157,158]
/store/data/Run2024D/BTagMu/RAW/v1/000/380/306/00000/e8533e6e-a3a3-4854-bcb5-4cb2eea19521.root 380306 [195,196]
/store/data/Run2024D/BTagMu/RAW/v1/000/380/306/00000/e94dc2f8-2d45-43e8-a651-20db5029e1d3.root 380306 [200,199]
/store/data/Run2024D/BTagMu/RAW/v1/000/380/306/00000/ea9dd52b-b548-4738-9bc7-196ac1781fc6.root 380306 [221,222]
/store/data/Run2024D/BTagMu/RAW/v1/000/380/306/00000/ebb8c6bf-ecbc-4b17-a384-7b87fc45d893.root 380306 [265,266]
/store/data/Run2024D/BTagMu/RAW/v1/000/380/306/00000/ec6d12d6-609b-4129-8a18-4c02697a544a.root 380306 [224,223]
/store/data/Run2024D/BTagMu/RAW/v1/000/380/306/00000/eff85417-9cbf-4dfa-a3fe-66aa464efa45.root 380306 [127,128]
/store/data/Run2024D/BTagMu/RAW/v1/000/380/306/00000/f6b297db-47cc-492f-9192-9dcad3534427.root 380306 [243,244]
/store/data/Run2024D/BTagMu/RAW/v1/000/380/306/00000/fa845a85-5008-4b0d-b5bb-7b61eba7241a.root 380306 [161,162]
/store/data/Run2024D/BTagMu/RAW/v1/000/380/306/00000/fa964ce6-9ec1-4cb3-9269-511c1befe584.root 380306 [152,151]
/store/data/Run2024D/BTagMu/RAW/v1/000/380/306/00000/fdc5fa65-6e63-464f-9e18-11385d64ddea.root 380306 [122,121]
