/store/data/Run2024C/HcalNZS/RAW/v1/000/379/416/00000/0edd2f8d-612a-4cd7-934b-974fec486dcb.root 379416 [165,168,174,176,183,167,181,191,195,169,170,187,193,173,175,194,196,171,180,184,190,185,186,172,179,166,177,178,182,188,189,192]
/store/data/Run2024C/HcalNZS/RAW/v1/000/379/416/00000/159e5b59-b460-42bb-8ea8-e39d7ea33789.root 379416 [197,208,209,210,215,221,223,232,198,213,219,201,212,222,227,229,230,205,206,211,214,216,228,233,203,217,218,220,202,204,224,226,199,200,207,225,231]
/store/data/Run2024C/HcalNZS/RAW/v1/000/379/416/00000/19613ff6-7470-491b-810b-b57438fdceb1.root 379416 [70,80,81,88,64,72,90,69,71,74,94,95,96,97,67,73,78,79,84,87,83,66,68,85,89,92,93,98,75,77,82,91,65,76,86]
/store/data/Run2024C/HcalNZS/RAW/v1/000/379/416/00000/350babc6-6f4a-46e3-b217-2334a5cbb2f7.root 379416 [7,16,34,51,60,14,30,50,61,2,27,33,39,40,41,44,49,59,8,10,13,21,22,23,26,28,31,32,46,47,54,56,1,4,6,11,20,29,42,48,12,15,18,19,35,43,53,58,3,5,9,17,25,36,37,55,62,24,38,45,52,57,63]
/store/data/Run2024C/HcalNZS/RAW/v1/000/379/416/00000/834f071d-65aa-477b-8c1a-d0ef7067aea9.root 379416 [102,105,115,116,129,100,103,104,107,109,112,131,132,99,111,130,110,118,124,128,120,126,127,101,108,113,119,121,123,106,114,117,122,125]
/store/data/Run2024C/HcalNZS/RAW/v1/000/379/416/00000/a9903c73-224e-4a6b-aab6-42c8f2453272.root 379416 [133,146,159,137,140,156,135,138,141,145,153,163,134,139,143,155,157,158,162,164,136,142,147,152,160,149,154,144,148,150,151,161]
/store/data/Run2024C/HcalNZS/RAW/v1/000/379/420/00000/14b2cfaf-ab46-43c1-82c5-d48447b760f1.root 379420 [230,238,239,241,244,246,256,229,251,226,227,242,245,253,257,228,236,237,255,259,233,234,235,243,249,250,252,231,232,240,247,254,248,258]
/store/data/Run2024C/HcalNZS/RAW/v1/000/379/420/00000/372b1459-1e99-44c6-8288-3c2c229a40dd.root 379420 [220,219,222,223,224,221]
/store/data/Run2024C/HcalNZS/RAW/v1/000/379/420/00000/4024499c-2001-4878-9cf8-1d7725e33be5.root 379420 [152,162,163,173,175,176,178,158,161,174,177,180,155,157,159,182,183,151,160,168,172,153,171,166,169,179,164,167,170,181,184,154,156,165]
/store/data/Run2024C/HcalNZS/RAW/v1/000/379/420/00000/45759838-7b97-4561-9612-e4d16f7282e8.root 379420 [431,432,435,449,453,460,429,433,436,440,457,459,434,443,445,427,438,442,446,450,455,456,428,430,437,444,447,439,451,454,458,448,452,441]
/store/data/Run2024C/HcalNZS/RAW/v1/000/379/420/00000/66bab132-14f6-4845-84c9-0974b8e91372.root 379420 [419,424,397,411,420,426,402,405,406,416,418,398,407,408,422,393,396,400,403,425,399,417,401,404,409,414,415,421,394,395,410,412,413,423]
/store/data/Run2024C/HcalNZS/RAW/v1/000/379/420/00000/69462be0-9d8e-409d-91b5-02249f98e4c7.root 379420 [1,3,8,14,19,26,29,42,47,58,60,61,62,64,77,96,106,108,18,20,24,27,41,46,56,59,73,76,87,101,102,103,110,12,15,22,36,91,97,112,2,6,9,10,31,35,37,38,39,49,53,70,71,72,86,89,95,99,107,4,11,16,34,45,52,57,5,23,25,28,54,55,68,74,78,80,81,94,104,109,17,30,33,43,44,50,63,65,66,69,75,79,82,84,90,92,93,98,105,7,13,21,32,40,48,51,67,83,85,88,100,111,113]
/store/data/Run2024C/HcalNZS/RAW/v1/000/379/420/00000/71a26ec6-9861-4537-9a94-b439bb8fa95b.root 379420 [500,509,511,519,521,501,502,504,505,508,512,513,516,528,496,499,503,507,523,529,498,514,515,522,526,495,497,520,527,510,518,525,506,517,524]
/store/data/Run2024C/HcalNZS/RAW/v1/000/379/420/00000/729cb3c9-94f3-4823-8507-ab4d1b880124.root 379420 [365,366,368,374,379,384,388,391,363,367,383,389,372,373,377,378,390,361,364,376,387,392,362,380,369,375,381,382,386,370,371,385]
/store/data/Run2024C/HcalNZS/RAW/v1/000/379/420/00000/80569738-209c-4117-9d7b-903a7c508bd8.root 379420 [472,474,479,493,465,470,473,487,488,461,475,482,468,464,466,483,484,489,469,471,477,478,480,490,494,462,463,467,476,481,486,491,485,492]
/store/data/Run2024C/HcalNZS/RAW/v1/000/379/420/00000/80835ba7-36b3-4314-a5f9-4cf43323b9a3.root 379420 [551,559,555,532,534,536,541,546,547,549,554,558,531,533,543,545,553,530,537,538,539,540,542,548,535,550,556,544,552,557]
/store/data/Run2024C/HcalNZS/RAW/v1/000/379/420/00000/9f996aca-6ac2-4a55-a202-325fc92fd828.root 379420 [261,275,291,292,263,265,271,274,276,281,289,262,264,266,283,285,286,287,267,272,282,290,260,270,277,279,268,273,278,288,269,280,284,293]
/store/data/Run2024C/HcalNZS/RAW/v1/000/379/420/00000/a6ee4821-1f02-41c4-a709-8c4126502181.root 379420 [302,306,309,316,325,300,303,305,308,319,295,296,307,322,310,312,314,297,298,299,301,304,313,318,321,323,324,327,311,317,326,315,320,294]
/store/data/Run2024C/HcalNZS/RAW/v1/000/379/420/00000/c4074bd1-6f6b-4a62-971b-03fcc15dc858.root 379420 [115,128,134,139,145,149,118,123,124,126,120,121,122,131,137,138,146,147,140,119,141,148,150,114,125,129,136,116,117,127,130,132,133,135,142,143,144]
/store/data/Run2024C/HcalNZS/RAW/v1/000/379/420/00000/dab65d93-dacb-4f23-9e3b-8e9cbfc2f316.root 379420 [332,347,328,340,345,349,355,341,344,350,337,353,354,356,359,329,331,335,339,357,358,360,333,342,343,330,334,336,352,338,346,348,351]
/store/data/Run2024C/HcalNZS/RAW/v1/000/379/420/00000/e15126eb-f2c3-4725-ad94-3d4a3dd9804d.root 379420 [187,203,214,190,192,204,206,210,213,185,191,198,205,216,218,194,196,200,201,208,209,211,212,186,195,197,199,207,188,189,193,215,202,217]
/store/data/Run2024C/HcalNZS/RAW/v1/000/379/425/00000/0357729b-ea64-4bdc-b505-ddde49403109.root 379425 [2,26,28,29,32,47,51,53,55,56,69,77,78,93,7,39,62,80,94,101,15,17,23,24,37,38,41,57,59,70,74,82,88,89,91,100,103,6,8,46,60,63,71,72,75,79,81,90,97,104,19,33,43,54,67,86,87,99,105,3,5,10,11,12,31,35,36,40,42,45,49,52,58,64,66,98,4,9,13,18,20,22,27,30,44,96,102,14,16,21,25,34,48,50,61,65,68,73,76,83,84,85,92,95]
/store/data/Run2024C/HcalNZS/RAW/v1/000/379/425/00000/0430fd92-611f-467b-ba9e-144d288bb0b2.root 379425 [179,185,187,182,189,196,202,207,188,190,208,178,184,197,198,201,203,206,176,181,191,192,193,199,200,175,183,194,195,204,205,177,180,186]
/store/data/Run2024C/HcalNZS/RAW/v1/000/379/425/00000/8b2758ed-d814-4cd8-adfb-610d74588c88.root 379425 [213,225,209,217,229,236,215,221,227,214,222,212,216,219,223,234,231,232,233,235,220,226,210,211,218,224,228,230]
/store/data/Run2024C/HcalNZS/RAW/v1/000/379/425/00000/bbb67c46-5ef4-4a82-92b3-f4682b4bb793.root 379425 [145,147,148,156,174,150,151,153,171,146,168,142,143,152,154,162,163,164,166,167,172,144,160,161,165,173,149,157,158,159,170,155,169]
/store/data/Run2024C/HcalNZS/RAW/v1/000/379/425/00000/bfb00fb6-4764-47b3-99ba-5189aad95cec.root 379425 [110,111,116,127,133,108,109,115,121,129,107,112,125,126,131,134,136,139,128,120,138,113,117,119,130,140,141,114,122,137,106,118,123,124,132,135]
/store/data/Run2024C/HcalNZS/RAW/v1/000/379/433/00000/3e211e2d-c795-481e-887d-dd7bc32e2894.root 379433 [7,13,16,39,50,52,3,15,22,36,48,20,33,38,47,49,17,25,34,42,53,1,6,9,10,11,19,26,29,37,40,23,32,35,41,46,2,14,27,28,45,4,5,8,12,18,21,24,30,31,43,44,51]
/store/data/Run2024C/HcalNZS/RAW/v1/000/379/442/00000/449d02c1-1717-45a0-a7b9-376d04b79694.root 379442 [280,284,283,287,281,286,290,288,285,291,282,289]
/store/data/Run2024C/HcalNZS/RAW/v1/000/379/442/00000/5a8a7c2b-114d-4d00-9786-32d3aaab7d2a.root 379442 [154,167,168,170,169,171,180,181,183,158,159,182,184,162,165,174,176,173,178,164,172,175,155,157,160,161,163,179,153,156,166,177]
/store/data/Run2024C/HcalNZS/RAW/v1/000/379/442/00000/64e2f2dc-5d0b-476d-a829-a9ce0306b0fe.root 379442 [248,263,270,277,279,262,272,276,252,258,266,257,260,269,274,250,253,259,267,273,256,265,268,251,255,264,271,275,249,254,261,278]
/store/data/Run2024C/HcalNZS/RAW/v1/000/379/442/00000/6a0e0567-f479-451f-8d2a-dabe590f6f6a.root 379442 [121,122,123,124,132,135,136,137,141,146,148,150,152,128,133,147,126,127,129,130,143,138,142,125,131,139,144,151,134,140,145,149]
/store/data/Run2024C/HcalNZS/RAW/v1/000/379/442/00000/853ad63b-ee4c-44bd-b9e7-80f6d1f38c86.root 379442 [91,117,118,88,94,97,101,116,96,98,111,115,89,90,93,95,104,105,108,92,99,102,103,110,114,120,100,106,107,109,112,113,119]
/store/data/Run2024C/HcalNZS/RAW/v1/000/379/442/00000/a54aff69-9dcb-4140-9b0d-e737cecd0a71.root 379442 [2,3,4,22,27,34,35,42,45,46,47,51,58,70,10,13,16,20,50,57,71,73,79,82,83,84,5,7,12,15,24,32,38,43,61,63,66,81,87,9,30,33,36,49,53,59,64,77,80,1,8,26,28,40,62,18,23,29,39,41,44,48,55,56,60,67,68,76,86,6,11,14,17,19,31,37,52,65,69,74,75,21,25,54,72,78,85]
/store/data/Run2024C/HcalNZS/RAW/v1/000/379/442/00000/f3883483-4604-4970-83a1-b627b5cbd648.root 379442 [192,195,197,190,203,204,212,194,199,210,209,213,214,187,188,196,198,206,193,208,211,215,185,189,205,186,191,200,201,202,207]
/store/data/Run2024C/HcalNZS/RAW/v1/000/379/442/00000/f51a47ad-dee0-4a8a-b589-720d4c34375c.root 379442 [219,221,235,243,246,247,216,225,232,233,237,238,239,218,223,227,229,236,240,242,220,224,226,230,244,217,222,228,234,231,241,245]
/store/data/Run2024C/HcalNZS/RAW/v1/000/379/454/00000/1b67bb8c-2989-4ec5-9d92-287b48336d41.root 379454 [444,460,467,462,443,452,457,459,470,475,447,453,455,456,461,466,478,445,448,458,474,446,463,465,469,472,473,450,451,464,471,476,449,454,468,477]
/store/data/Run2024C/HcalNZS/RAW/v1/000/379/454/00000/2adfd0b3-314c-4609-a1c9-47ebd87a30d1.root 379454 [409,415,417,421,437,410,413,424,425,429,432,435,439,418,434,423,430,442,412,419,420,431,436,440,441,416,426,427,428,438,411,414,422,433]
/store/data/Run2024C/HcalNZS/RAW/v1/000/379/454/00000/66366e32-14d3-4a4f-92d8-010199ed303a.root 379454 [277,296,303,276,293,294,305,279,287,290,298,302,304,306,275,282,283,286,297,301,308,281,299,280,284,285,288,291,307,278,289,292,300,295]
/store/data/Run2024C/HcalNZS/RAW/v1/000/379/454/00000/849b964e-d8c6-4674-8c2e-ebc890a3bef5.root 379454 [216,240,217,213,218,221,226,237,220,228,238,239,212,224,235,236,222,229,233,241,208,209,210,211,215,219,230,231,234,214,223,225,227,232]
/store/data/Run2024C/HcalNZS/RAW/v1/000/379/454/00000/8a94b09a-843e-4d4c-841d-5624db92099a.root 379454 [344,345,351,374,357,360,361,366,367,373,354,358,368,348,353,365,356,359,363,352,355,342,343,346,349,364,371,372,347,350,362,369,370]
/store/data/Run2024C/HcalNZS/RAW/v1/000/379/454/00000/8b2a5cec-7432-4938-9598-ba2934aa7868.root 379454 [6,19,33,35,39,45,46,52,59,69,73,77,81,89,91,92,104,2,3,10,12,21,24,29,37,49,51,71,85,100,108,1,30,32,34,41,58,62,63,65,75,76,79,80,86,93,95,4,5,9,13,27,31,36,38,42,56,61,67,94,98,18,20,40,53,54,60,72,83,87,102,109,8,16,17,22,47,48,50,55,68,70,90,99,101,107,7,11,15,23,26,43,64,88,96,97,103,105,14,25,28,44,57,66,74,78,82,84,106]
/store/data/Run2024C/HcalNZS/RAW/v1/000/379/454/00000/9b116430-5d08-4182-a8c3-07d14670a5d9.root 379454 [518,519,520,528,535,531,533,537,517,525,529,532,534,540,516,522,527,515,524,530,538,539,514,521,523,526,536]
/store/data/Run2024C/HcalNZS/RAW/v1/000/379/454/00000/9da3cd2a-0f06-461a-a566-bf65c1c6b337.root 379454 [248,253,254,249,251,257,259,267,270,244,245,269,247,268,271,272,242,246,252,255,263,264,273,274,262,265,266,243,250,256,258,260,261]
/store/data/Run2024C/HcalNZS/RAW/v1/000/379/454/00000/abb0ef46-26be-4926-b8d1-507418bfe213.root 379454 [176,180,185,197,206,177,182,189,201,178,181,183,184,187,188,195,199,204,186,193,196,203,190,192,198,200,179,194,202,205,207,191]
/store/data/Run2024C/HcalNZS/RAW/v1/000/379/454/00000/b9720f3c-b40a-4857-ba80-3690e48ca92c.root 379454 [334,313,314,315,326,328,341,318,319,322,335,339,310,321,323,324,330,332,336,338,312,327,331,333,340,316,320,325,329,309,311,317,337]
/store/data/Run2024C/HcalNZS/RAW/v1/000/379/454/00000/c3701210-2126-44e1-8c00-6dd9bde35c23.root 379454 [111,120,122,128,113,121,112,114,115,117,118,119,127,134,138,110,124,125,135,123,126,131,133,116,141,142,132,129,130,136,137,139,140,143]
/store/data/Run2024C/HcalNZS/RAW/v1/000/379/454/00000/c8ff1066-4e00-4ed9-97cc-7d852125097e.root 379454 [499,507,509,485,490,500,504,513,491,502,512,492,511,481,484,488,493,496,503,506,479,482,486,487,494,495,508,510,480,483,489,497,498,501,505]
/store/data/Run2024C/HcalNZS/RAW/v1/000/379/454/00000/d2be7b47-b70a-4be4-b127-93bac1177ea5.root 379454 [150,157,165,166,170,146,154,159,145,147,153,160,151,158,167,174,148,156,171,152,155,161,162,144,164,168,169,175,149,163,172,173]
/store/data/Run2024C/HcalNZS/RAW/v1/000/379/454/00000/ef88c24a-0cca-4333-90b7-ff53f96a8d75.root 379454 [377,382,401,381,389,394,375,376,388,395,396,403,406,378,379,386,387,397,404,405,383,384,390,392,385,402,391,393,398,408,380,399,400,407]
/store/data/Run2024C/HcalNZS/RAW/v1/000/379/456/00000/11ba44f7-fe1d-47ef-9a05-7aa81088333f.root 379456 [198,210,211,217,220,221,191,195,206,214,224,194,205,207,219,189,193,202,203,208,188,190,196,209,213,215,216,218,197,199,200,201,212,222,223,192,204]
/store/data/Run2024C/HcalNZS/RAW/v1/000/379/456/00000/15fc773b-346d-41b6-95a5-ffefd8ee6325.root 379456 [762,763,776,779,780,786,805,806,817,818,760,765,770,772,781,785,792,802,774,777,793,800,801,816,766,775,783,784,788,790,791,797,798,803,809,782,796,815,759,761,768,769,778,795,799,812,821,764,787,789,819,820,767,771,773,794,804,807,808,810,811,813,814]
/store/data/Run2024C/HcalNZS/RAW/v1/000/379/456/00000/1b4ce0e5-b8f8-4244-83a6-aaebfe88c4f8.root 379456 [4,6,9,23,36,37,2,16,18,21,11,15,20,24,31,5,19,26,28,7,10,17,25,35,1,3,8,12,22,27,29,38,13,14,30,32,33,34]
/store/data/Run2024C/HcalNZS/RAW/v1/000/379/456/00000/1ecec95b-b88c-4ca7-a95c-14ba1155e007.root 379456 [400,427,429,431,435,437,395,397,407,412,417,436,409,411,413,421,423,432,401,403,405,408,410,415,418,425,392,393,396,404,420,428,430,402,406,419,416,426,394,398,399,414,422,424,433,434]
/store/data/Run2024C/HcalNZS/RAW/v1/000/379/456/00000/2e3633d0-de1c-4460-8ca2-c924039c0015.root 379456 [490,491,492,493,494,495,510,528,518,486,487,504,516,517,520,525,498,502,505,509,522,526,529,484,489,496,497,501,514,534,483,512,519,521,527,532,533,500,503,506,507,511,530,531,485,488,499,508,513,515,523,524]
/store/data/Run2024C/HcalNZS/RAW/v1/000/379/456/00000/3f0dd3cd-54e1-4175-b30b-642c0a51898e.root 379456 [94,97,105,108,112,116,88,90,96,98,107,109,117,99,100,103,104,106,84,85,91,93,95,111,113,83,89,110,92,114,82,86,87,101,102,115]
/store/data/Run2024C/HcalNZS/RAW/v1/000/379/456/00000/521decbc-ead8-4d38-8554-8f08bb015b17.root 379456 [155,175,180,182,184,186,156,164,166,187,170,177,179,152,167,168,169,176,153,172,173,181,185,157,158,178,183,159,161,163,165,154,160,162,171,174]
/store/data/Run2024C/HcalNZS/RAW/v1/000/379/456/00000/5cb6cb01-1821-4e1c-8c08-b2bf489c7cc6.root 379456 [61,63,70,73,75,77,48,52,54,57,62,53,69,47,81,56,58,59,60,64,68,74,49,50,65,66,71,72,76,80,51,55,67,78,79]
/store/data/Run2024C/HcalNZS/RAW/v1/000/379/456/00000/5e25e320-7cd1-4895-9365-1db7d7163dfc.root 379456 [366,374,377,381,382,386,350,360,376,380,391,361,362,367,373,378,384,388,389,355,359,371,353,357,372,385,351,352,358,363,365,368,370,375,379,383,387,356,364,369,390,354]
/store/data/Run2024C/HcalNZS/RAW/v1/000/379/456/00000/633b852e-3b69-40e9-a238-99a58e5a6033.root 379456 [823,835,842,851,852,853,854,885,830,837,840,844,872,879,883,824,829,836,839,845,850,859,860,864,888,855,856,858,861,866,868,881,828,857,865,871,882,890,827,843,846,863,869,875,886,887,825,833,841,847,862,867,873,874,877,889,822,826,831,832,834,838,848,849,870,876,878,880,884]
/store/data/Run2024C/HcalNZS/RAW/v1/000/379/456/00000/6580b89b-6c1f-41fd-927e-8b0c493b3647.root 379456 [644,645,651,652,653,687,694,695,655,671,679,688,697,648,656,667,669,678,681,686,641,666,670,696,642,649,665,668,680,646,654,657,660,664,673,676,692,640,659,663,672,675,677,682,684,685,643,647,650,658,661,662,674,683,689,690,691,693]
/store/data/Run2024C/HcalNZS/RAW/v1/000/379/456/00000/6e6d4b8f-3e81-4cfa-a26d-a283390fa26f.root 379456 [120,129,131,134,143,144,151,125,130,137,139,127,132,138,148,126,149,123,128,140,150,119,121,122,135,136,146,147,118,124,133,141,142,145]
/store/data/Run2024C/HcalNZS/RAW/v1/000/379/456/00000/79455679-aecd-43f3-b9d1-e2aa5059d6a7.root 379456 [439,443,446,465,478,447,445,457,461,468,474,482,449,450,453,455,464,479,480,438,442,452,462,473,475,440,448,456,459,460,463,470,471,481,466,472,476,441,444,451,454,458,467,469,477]
/store/data/Run2024C/HcalNZS/RAW/v1/000/379/456/00000/8bbbc3e0-0661-4af3-82cd-ab1de360df30.root 379456 [1132,1141,1144,1145,1169,1180,1186,1189,1190,1202,1205,1139,1162,1174,1176,1177,1193,1197,1199,1204,1137,1142,1146,1147,1150,1153,1155,1158,1164,1166,1168,1209,1134,1138,1143,1171,1188,1192,1207,1129,1154,1159,1165,1173,1181,1182,1191,1194,1196,1133,1140,1149,1161,1167,1179,1184,1206,1135,1151,1157,1160,1170,1183,1187,1195,1200,1208,1127,1128,1130,1131,1136,1148,1152,1156,1163,1172,1175,1178,1185,1198,1201,1203]
/store/data/Run2024C/HcalNZS/RAW/v1/000/379/456/00000/9233ea95-bb0b-4c51-8dba-d01b61395ec7.root 379456 [965,976,984,986,1002,1005,1024,1030,970,975,981,989,990,999,1003,1018,1021,1036,1039,1042,963,974,977,979,985,1013,1020,1038,1040,982,991,992,993,995,1006,1007,1010,1015,966,967,969,980,1000,1001,1019,1025,1027,1031,964,968,972,994,1011,1012,1014,1016,1017,1023,1032,1033,1037,973,978,983,996,1004,1008,1028,1029,1035,1041,971,987,988,997,998,1009,1022,1026,1034]
/store/data/Run2024C/HcalNZS/RAW/v1/000/379/456/00000/98f35df0-f11a-4ad6-91d9-e5ed8e1289fb.root 379456 [701,712,714,728,736,745,748,756,699,703,709,732,733,735,743,753,757,704,706,742,750,751,754,755,702,711,715,718,724,725,729,730,734,741,700,713,717,722,726,731,738,744,716,720,740,747,749,705,707,708,719,723,727,737,739,758,698,710,721,746,752]
/store/data/Run2024C/HcalNZS/RAW/v1/000/379/456/00000/9c33bf4c-0349-473d-ad7f-2b1bf0825b73.root 379456 [589,599,601,605,608,616,617,619,627,631,592,594,603,607,618,620,621,626,628,630,634,637,587,588,595,604,615,623,586,590,591,600,606,612,614,635,597,622,625,633,598,609,611,632,639,593,596,613,629,602,610,624,636,638]
/store/data/Run2024C/HcalNZS/RAW/v1/000/379/456/00000/a0d295d0-0ba8-464f-a294-14dbdf3bf79b.root 379456 [239,240,256,226,232,244,251,257,261,234,246,249,258,231,233,235,238,243,229,236,242,245,247,252,259,262,225,227,241,253,255,260,230,237,248,263,228,250,254]
/store/data/Run2024C/HcalNZS/RAW/v1/000/379/456/00000/a73cfb27-71ab-4d2b-9619-a17a53839113.root 379456 [314,328,331,333,334,310,319,320,323,327,329,335,337,344,307,317,318,348,309,313,316,322,345,306,311,312,324,332,338,341,315,325,346,347,308,326,336,340,349,321,330,339,342,343]
/store/data/Run2024C/HcalNZS/RAW/v1/000/379/456/00000/cd19b40d-aab5-4d55-b521-84c2c8163c49.root 379456 [1059,1061,1065,1091,1093,1094,1115,1122,1123,1044,1048,1083,1086,1087,1088,1103,1121,1043,1046,1051,1069,1073,1079,1096,1104,1108,1119,1056,1063,1064,1068,1071,1074,1077,1092,1098,1101,1112,1125,1045,1047,1050,1052,1054,1055,1058,1075,1095,1099,1105,1111,1117,1053,1057,1062,1067,1072,1076,1102,1110,1114,1116,1118,1060,1066,1070,1078,1081,1084,1085,1089,1090,1097,1100,1106,1124,1049,1080,1082,1107,1109,1113,1120,1126]
/store/data/Run2024C/HcalNZS/RAW/v1/000/379/456/00000/d9373a1d-195c-4896-a3fb-f3f60c6e3adf.root 379456 [279,282,281,285,299,266,272,301,302,305,265,288,264,275,289,295,296,300,270,271,273,292,294,297,303,267,268,269,274,277,278,283,286,287,290,304,276,280,284,291,293,298]
/store/data/Run2024C/HcalNZS/RAW/v1/000/379/456/00000/e04ed8f1-e3de-4411-8cfc-351b9233321c.root 379456 [891,892,899,901,906,913,914,943,944,947,954,956,895,936,941,942,949,951,960,962,893,894,905,908,915,917,931,948,957,961,904,920,925,928,946,953,896,897,902,911,918,927,932,933,937,903,910,929,930,934,939,945,955,958,898,900,919,924,935,907,909,912,916,921,922,923,926,938,940,950,952,959]
/store/data/Run2024C/HcalNZS/RAW/v1/000/379/456/00000/e3f6a5a0-47b8-41a8-bf8c-3b9489976e49.root 379456 [43,45,41,39,40,42,44]
/store/data/Run2024C/HcalNZS/RAW/v1/000/379/456/00000/fc2203d0-5257-4182-830d-b672204002ed.root 379456 [547,554,555,560,565,584,539,553,556,561,575,579,550,557,559,567,572,536,548,552,558,563,573,542,566,571,574,577,540,541,546,535,537,538,544,545,549,562,569,570,578,585,543,551,564,568,576,580,581,582,583]
/store/data/Run2024C/HcalNZS/RAW/v1/000/379/470/00000/15405d8d-1cbe-4a00-a523-3b0d4775540b.root 379470 [283,288,298,308,297,309,286,287,295,302,304,306,307,311,315,284,285,294,299,310,312,313,292,303,316,289,291,301,317,290,293,296,300,305,314]
/store/data/Run2024C/HcalNZS/RAW/v1/000/379/470/00000/1ad443a8-b812-4574-aeb7-09a0d1e73062.root 379470 [742,748,749,763,773,741,756,765,768,769,752,753,759,770,772,746,760,762,744,745,747,751,774,743,758,750,754,755,757,761,764,766,767,771]
/store/data/Run2024C/HcalNZS/RAW/v1/000/379/470/00000/1f048f68-5a1d-479e-94ec-1c6ceced5d7a.root 379470 [708,710,712,734,737,713,724,727,729,732,739,709,716,718,731,736,740,715,721,738,720,733,711,726,717,719,722,723,730,735,714,725,728]
/store/data/Run2024C/HcalNZS/RAW/v1/000/379/470/00000/4d7c9849-1e98-43fa-8bb9-4e98781162ef.root 379470 [611,615,627,632,641,612,613,626,631,642,622,628,629,636,614,625,633,619,621,639,616,620,624,630,637,640,617,634,635,618,623,638,643]
/store/data/Run2024C/HcalNZS/RAW/v1/000/379/470/00000/4f24d521-1c66-447a-a6f3-7128d63e7aab.root 379470 [2,3,4,23,26,27,39,46,50,67,72,78,6,10,11,16,20,21,31,44,47,54,60,61,62,5,7,15,29,38,52,63,71,74,81,9,17,19,22,25,35,42,48,56,68,69,8,13,30,36,41,43,55,64,76,1,18,45,53,58,65,66,75,24,32,33,37,49,51,59,73,77,79,12,14,28,34,40,57,70,80,82]
/store/data/Run2024C/HcalNZS/RAW/v1/000/379/470/00000/5222a7c7-2126-401b-a2ea-a4a4513cda96.root 379470 [455,468,471,473,478,449,451,457,463,476,453,460,466,458,480,456,461,467,472,459,450,454,462,469,474,477,479,452,464,465,470,475]
/store/data/Run2024C/HcalNZS/RAW/v1/000/379/470/00000/53a53fcc-17d3-40ae-93fa-5af9daab0cdc.root 379470 [405,407,410,386,414,390,391,394,396,399,404,387,393,397,401,385,389,395,415,402,406,409,412,413,416,392,388,398,400,403,408,411]
/store/data/Run2024C/HcalNZS/RAW/v1/000/379/470/00000/561ea277-444e-4c64-bf63-8fd20cc596fc.root 379470 [782,791,808,810,792,804,787,799,805,777,778,785,796,797,813,814,783,793,794,795,786,789,811,775,780,781,784,790,798,803,806,807,809,776,779,788,800,801,802,812]
/store/data/Run2024C/HcalNZS/RAW/v1/000/379/470/00000/59015f93-4b57-47fe-a4c4-457d13d7e97c.root 379470 [420,424,425,428,433,436,441,446,426,442,423,447,429,432,435,443,445,419,431,434,437,438,422,430,440,448,421,427,439,417,418,444]
/store/data/Run2024C/HcalNZS/RAW/v1/000/379/470/00000/5eaccca2-0fac-4bac-a93e-79f386033304.root 379470 [686,687,688,704,705,676,682,692,694,695,700,701,679,680,681,690,699,702,689,696,677,678,684,685,693,703,707,683,691,698,706,697]
/store/data/Run2024C/HcalNZS/RAW/v1/000/379/470/00000/61d989d2-e51d-4c05-a2cc-2bd0892bb117.root 379470 [188,190,197,185,187,192,196,208,209,215,186,211,216,195,214,191,194,200,203,206,212,204,207,210,198,201,202,205,189,193,199,213]
/store/data/Run2024C/HcalNZS/RAW/v1/000/379/470/00000/68b0c5ba-07fb-41c9-8c46-d4126e1fb497.root 379470 [580,581,586,603,585,601,606,579,582,588,604,607,610,584,590,592,595,596,605,583,589,591,598,587,594,600,599,602,609,593,597,608]
/store/data/Run2024C/HcalNZS/RAW/v1/000/379/470/00000/7bd3d462-1289-4f00-b2d7-0a676f6164c7.root 379470 [125,127,138,140,143,144,146,147,122,123,137,139,145,124,133,136,148,121,132,135,141,129,149,120,126,134,142,150,119,128,130,131]
/store/data/Run2024C/HcalNZS/RAW/v1/000/379/470/00000/7c3672b5-60df-4368-957e-fca3601df897.root 379470 [360,365,379,352,356,361,364,368,383,354,381,363,366,367,353,357,359,370,371,373,351,355,369,376,378,382,362,377,380,358,372,374,375]
/store/data/Run2024C/HcalNZS/RAW/v1/000/379/470/00000/90f005b3-9d87-4535-b430-65eb06ad3f5b.root 379470 [255,259,264,265,266,269,273,275,277,256,254,257,272,282,251,252,262,263,260,268,278,279,258,267,274,261,271,276,280,281,253,270]
/store/data/Run2024C/HcalNZS/RAW/v1/000/379/470/00000/97383507-f7ff-4f7a-a74d-66a0966b5385.root 379470 [159,160,162,164,165,156,176,151,163,173,175,182,152,155,157,166,172,169,174,178,180,153,158,167,168,177,183,184,154,170,171,181,161,179]
/store/data/Run2024C/HcalNZS/RAW/v1/000/379/470/00000/ac764c83-5f52-4203-a3e6-7ca4540250ca.root 379470 [83,95,97,109,87,94,100,112,86,90,93,96,102,113,117,89,105,108,111,88,84,85,92,104,114,115,118,91,99,106,107,110,116,98,101,103]
/store/data/Run2024C/HcalNZS/RAW/v1/000/379/470/00000/aeef39a8-d54a-4fab-908a-63997aabbf28.root 379470 [329,347,320,330,331,319,321,324,333,335,336,339,345,327,328,334,341,343,322,323,325,332,342,349,340,350,318,326,337,338,344,346,348]
/store/data/Run2024C/HcalNZS/RAW/v1/000/379/470/00000/b41d57a8-e8f9-4e70-88f0-b326fb538c6b.root 379470 [645,648,656,665,673,675,650,651,652,659,664,653,663,668,672,655,657,669,674,644,667,670,647,661,666,671,646,649,654,658,660,662]
/store/data/Run2024C/HcalNZS/RAW/v1/000/379/470/00000/e1b4eeee-f884-42ad-abd5-c6b42c14b812.root 379470 [219,224,227,228,230,232,237,238,242,243,220,221,244,247,225,241,246,248,249,229,235,240,250,223,236,239,226,217,222,233,234,245,218,231]
/store/data/Run2024C/HcalNZS/RAW/v1/000/379/470/00000/e7a43d25-2e27-4015-886f-83cede154c9d.root 379470 [549,570,548,552,557,578,553,554,559,563,564,574,577,550,560,566,567,571,572,573,547,562,569,576,555,558,575,556,565,568,551,561]
/store/data/Run2024C/HcalNZS/RAW/v1/000/379/470/00000/ea531da6-6c53-457b-ae7a-ca140fc666e2.root 379470 [514,524,529,536,537,544,516,519,520,522,546,518,525,535,540,541,542,534,515,521,527,532,533,538,539,517,545,523,530,531,526,528,543]
/store/data/Run2024C/HcalNZS/RAW/v1/000/379/470/00000/f42f2dab-b45b-4629-86d9-87126b59540e.root 379470 [487,489,490,497,498,501,504,506,510,484,496,499,508,512,485,483,495,500,503,505,511,481,486,488,491,507,509,482,492,513,493,494,502]
/store/data/Run2024C/HcalNZS/RAW/v1/000/379/530/00000/0aad4894-2611-48ec-9051-f816162c89fb.root 379530 [570,575,579,590,582,587,580,584,586,588,572,573,574,576,577,581,591,571,583,585,589,578]
/store/data/Run2024C/HcalNZS/RAW/v1/000/379/530/00000/1199bae4-0a66-4000-92e9-04d8bc4d3756.root 379530 [484,496,480,483,485,489,495,497,499,500,486,488,494,498,501,487,481,482,493,491,490,492]
/store/data/Run2024C/HcalNZS/RAW/v1/000/379/530/00000/1ddec219-818c-4913-8712-9ecd544f27c8.root 379530 [441,444,451,456,452,437,439,440,442,453,455,457,436,443,445,447,454,448,449,450,438,446]
/store/data/Run2024C/HcalNZS/RAW/v1/000/379/530/00000/2e4eb703-ce7f-4c7d-8008-d619e89b8572.root 379530 [19,22,28,32,51,52,59,66,67,74,87,91,1,3,12,15,20,24,31,41,48,69,84,89,94,7,10,30,43,54,57,61,65,70,71,72,75,78,4,11,18,21,47,53,58,64,79,82,88,93,9,23,27,42,46,49,60,77,80,86,16,17,26,34,36,38,44,56,62,63,85,95,8,13,25,33,39,55,68,73,81,83,92,2,5,6,14,29,35,37,40,45,50,76,90]
/store/data/Run2024C/HcalNZS/RAW/v1/000/379/530/00000/2e5c58fd-974f-42de-a38d-615ac69548f7.root 379530 [153,158,163,169,152,155,168,166,171,160,164,165,167,159,161,162,170,156,154,157,172,173]
/store/data/Run2024C/HcalNZS/RAW/v1/000/379/530/00000/314d84e3-72a6-4e20-9c06-edaff9e67c69.root 379530 [370,390,374,375,379,380,383,385,389,369,373,381,386,388,371,372,377,378,382,384,376,387]
/store/data/Run2024C/HcalNZS/RAW/v1/000/379/530/00000/4a3b31a1-4b14-4ec3-a1cc-d9c95de16072.root 379530 [249,255,240,258,245,246,254,260,241,250,248,251,253,247,257,259,239,243,244,252,242,256]
/store/data/Run2024C/HcalNZS/RAW/v1/000/379/530/00000/51388322-840d-4824-bdaf-08d2bd10df98.root 379530 [466,471,476,478,458,460,461,469,462,470,473,459,463,465,464,472,475,468,474,467,477,479]
/store/data/Run2024C/HcalNZS/RAW/v1/000/379/530/00000/51c7111a-6cdd-4cd9-8b40-f0609fb0473c.root 379530 [305,325,306,309,311,315,321,324,326,310,320,322,312,316,319,318,323,307,314,317,308,313]
/store/data/Run2024C/HcalNZS/RAW/v1/000/379/530/00000/601485f7-2e7c-4956-a308-bc3105ff7894.root 379530 [556,566,567,568,559,563,549,550,554,564,552,553,560,565,561,548,557,551,555,558,562,569]
/store/data/Run2024C/HcalNZS/RAW/v1/000/379/530/00000/8942793f-af54-4bc9-b9aa-6239c469ff60.root 379530 [620,634,622,616,624,628,631,615,619,632,625,626,627,629,617,621,623,630,633,614,618]
/store/data/Run2024C/HcalNZS/RAW/v1/000/379/530/00000/8aae48e8-adfe-4357-a410-e2c7c0b79657.root 379530 [290,299,302,283,284,292,303,304,287,288,301,293,294,297,285,286,289,291,295,296,298,300]
/store/data/Run2024C/HcalNZS/RAW/v1/000/379/530/00000/997e49c8-e053-4268-9b06-6fd6a61c8922.root 379530 [394,397,400,410,395,399,407,401,404,391,408,396,403,411,412,392,402,405,413,393,398,406,409]
/store/data/Run2024C/HcalNZS/RAW/v1/000/379/530/00000/99824fc9-9806-499c-8702-1aa0069ec598.root 379530 [541,531,537,539,535,536,540,547,527,533,543,544,530,542,545,534,524,529,525,526,528,532,538,546]
/store/data/Run2024C/HcalNZS/RAW/v1/000/379/530/00000/a323442e-79c2-4ec4-bf91-6d3f74a07c0d.root 379530 [217,221,225,228,233,227,218,219,237,238,232,234,236,229,230,235,220,222,224,223,226,231]
/store/data/Run2024C/HcalNZS/RAW/v1/000/379/530/00000/cb8d8c72-e7cc-4f7d-9a02-cfbb9ce0846f.root 379530 [197,212,195,202,208,196,207,203,204,205,210,216,200,201,209,214,199,211,198,206,213,215]
/store/data/Run2024C/HcalNZS/RAW/v1/000/379/530/00000/d63e77b6-6dbf-42dc-90ef-bca90fab5d2b.root 379530 [117,113,126,100,103,108,111,120,122,123,101,124,110,112,116,121,98,102,106,118,119,125,96,97,109,114,115,99,104,105,107]
/store/data/Run2024C/HcalNZS/RAW/v1/000/379/530/00000/da28b4a4-6fad-48ba-ab6c-445c384b98c8.root 379530 [340,342,335,343,327,333,338,345,331,339,344,347,328,334,337,341,346,348,329,330,332,336]
/store/data/Run2024C/HcalNZS/RAW/v1/000/379/530/00000/e087a1be-66bf-43bb-b83c-cac3555a2e3b.root 379530 [191,176,188,183,184,187,175,186,192,177,179,181,189,194,178,193,174,180,185,182,190]
/store/data/Run2024C/HcalNZS/RAW/v1/000/379/530/00000/e22be89f-e428-4666-81d4-4e8930f14ac4.root 379530 [350,352,360,366,359,363,349,351,361,354,358,364,367,353,356,355,357,362,365,368]
/store/data/Run2024C/HcalNZS/RAW/v1/000/379/530/00000/eab34c67-798f-4434-8a31-7484b4428483.root 379530 [503,509,511,514,515,522,506,517,502,505,508,513,516,519,507,520,518,521,504,510,512,523]
/store/data/Run2024C/HcalNZS/RAW/v1/000/379/530/00000/eac719c1-e99f-4876-bd62-d8d259597bf1.root 379530 [607,609,599,600,601,611,602,603,608,613,593,610,594,595,598,604,606,592,596,597,612,605]
/store/data/Run2024C/HcalNZS/RAW/v1/000/379/530/00000/ef05a337-2553-41c3-bf69-ffde0037c964.root 379530 [414,421,424,416,417,432,433,429,434,420,422,427,415,419,418,426,431,423,425,428,430,435]
/store/data/Run2024C/HcalNZS/RAW/v1/000/379/530/00000/f44da516-4462-49f5-b066-2b2a9c035d1a.root 379530 [130,147,128,131,132,129,138,148,149,151,136,135,137,146,133,140,143,144,127,139,145,150,134,141,142]
/store/data/Run2024C/HcalNZS/RAW/v1/000/379/530/00000/fb067787-29b4-45d4-ad8e-c3f8904e2bc5.root 379530 [261,266,267,268,275,281,262,263,273,274,265,282,278,272,264,271,280,276,277,279,269,270]
