/store/data/Run2022D/MuonEG/RAW/v1/000/357/538/00000/1ce965e0-9c0c-47bf-9ee4-1eb13c857b8b.root 357538 [59,61,64,58,62,60,63]
/store/data/Run2022D/MuonEG/RAW/v1/000/357/538/00000/354b9ed3-baf1-402a-9712-0a144e16ceaa.root 357538 [51,55,56,57,50,53,52,49,54]
/store/data/Run2022D/MuonEG/RAW/v1/000/357/538/00000/d711c561-3fb1-4020-927b-ba6d4dcefa11.root 357538 [2,17,25,33,36,46,3,4,8,12,19,1,10,13,21,37,40,5,20,30,34,39,44,24,28,29,42,48,6,14,16,23,27,31,32,38,41,47,9,11,15,26,35,45,7,18,22,43]
/store/data/Run2022D/MuonEG/RAW/v1/000/357/542/00000/07285757-def0-4e09-bd78-f90a791193dc.root 357542 [205,207,208,206,209]
/store/data/Run2022D/MuonEG/RAW/v1/000/357/542/00000/09942dba-60b3-46bf-9e3f-82b8d5126620.root 357542 [34,35,36,38,37]
/store/data/Run2022D/MuonEG/RAW/v1/000/357/542/00000/222d71fc-cace-42d9-b4ee-c0a4a9d9a6ae.root 357542 [100,97,98,101,99]
/store/data/Run2022D/MuonEG/RAW/v1/000/357/542/00000/22f0d324-f826-449d-9004-5e52084e2052.root 357542 [222,223,220,221,224]
/store/data/Run2022D/MuonEG/RAW/v1/000/357/542/00000/24f44435-c1f7-4b62-b559-5495c58fd48c.root 357542 [29,32,30,33,28,31]
/store/data/Run2022D/MuonEG/RAW/v1/000/357/542/00000/2afd8a78-67ab-4783-adbd-143e86fd44f7.root 357542 [106,107,108,109]
/store/data/Run2022D/MuonEG/RAW/v1/000/357/542/00000/2ca9eb37-d097-4c43-ad0d-1b7b1f99e0bb.root 357542 [79,81,82,80]
/store/data/Run2022D/MuonEG/RAW/v1/000/357/542/00000/3ef7721c-b109-407b-87af-ec69d7f42b4e.root 357542 [55,56,54,57]
/store/data/Run2022D/MuonEG/RAW/v1/000/357/542/00000/3f569896-35fd-4bf4-a890-f0b8b47e6c80.root 357542 [119,125,126,122,124,120,121,123]
/store/data/Run2022D/MuonEG/RAW/v1/000/357/542/00000/40cc1342-8bf0-4ba3-bcfa-e1cc33366292.root 357542 [39,42,43,40,41]
/store/data/Run2022D/MuonEG/RAW/v1/000/357/542/00000/421c8452-e51f-4cb3-b71a-b852c22e430e.root 357542 [246,247,248,245,249]
/store/data/Run2022D/MuonEG/RAW/v1/000/357/542/00000/5479cb3f-46ce-4e44-8a58-f540c41e2c19.root 357542 [90,91,87,88,89]
/store/data/Run2022D/MuonEG/RAW/v1/000/357/542/00000/547e45f1-5e9b-48db-afbe-cf30fa32dfaa.root 357542 [67,70,69,66,68]
/store/data/Run2022D/MuonEG/RAW/v1/000/357/542/00000/5510216b-0712-49c0-8d60-bd1e5c9cf002.root 357542 [111,112,114,110,113]
/store/data/Run2022D/MuonEG/RAW/v1/000/357/542/00000/572f9c1c-8089-4b8f-a205-b92dee073c83.root 357542 [240,242,243,244,241]
/store/data/Run2022D/MuonEG/RAW/v1/000/357/542/00000/5ab4517e-3416-437f-89c0-ac96843bd351.root 357542 [164,163,162,160,161]
/store/data/Run2022D/MuonEG/RAW/v1/000/357/542/00000/5ae5b8e6-f5bf-4a44-88d6-7a3cb6672e90.root 357542 [46,45,47,44,48]
/store/data/Run2022D/MuonEG/RAW/v1/000/357/542/00000/6b5456f4-4b3c-4453-9df4-e580f2817e45.root 357542 [159,155,156,157,158]
/store/data/Run2022D/MuonEG/RAW/v1/000/357/542/00000/753678b9-896c-4475-8352-66fa397dfc6d.root 357542 [250]
/store/data/Run2022D/MuonEG/RAW/v1/000/357/542/00000/75664e33-9a08-4237-ba1a-59d9fe929358.root 357542 [96,92,93,94,95]
/store/data/Run2022D/MuonEG/RAW/v1/000/357/542/00000/763f352b-b79d-4320-9c69-393a4f6a589b.root 357542 [118,116,115,117]
/store/data/Run2022D/MuonEG/RAW/v1/000/357/542/00000/7d0c0904-e964-4f48-acaf-0e74b11813fe.root 357542 [19,18,15,17,14,20,16]
/store/data/Run2022D/MuonEG/RAW/v1/000/357/542/00000/846af7f1-e278-4871-8067-64b7b136ab35.root 357542 [148,145,149,146,147]
/store/data/Run2022D/MuonEG/RAW/v1/000/357/542/00000/850d262d-a6ba-4ce6-a2da-5882e6b24fe2.root 357542 [166,168,169,167,165]
/store/data/Run2022D/MuonEG/RAW/v1/000/357/542/00000/884a14e2-f163-40c7-a46b-878e4e1ca932.root 357542 [150,151,152,153,154]
/store/data/Run2022D/MuonEG/RAW/v1/000/357/542/00000/8868ddf5-09cb-47f0-8b71-acf13b77efa7.root 357542 [9,10,11,8,12,13]
/store/data/Run2022D/MuonEG/RAW/v1/000/357/542/00000/88c83231-9869-4aa0-8145-86c3a2aa43a5.root 357542 [22,25,23,24,27,26,21]
/store/data/Run2022D/MuonEG/RAW/v1/000/357/542/00000/8a78fa3b-f24f-46be-bacb-e4d968df39a7.root 357542 [75,78,76,77]
/store/data/Run2022D/MuonEG/RAW/v1/000/357/542/00000/90d78060-6fde-4cc2-8d58-662d7b9b5a4c.root 357542 [60,58,59,61]
/store/data/Run2022D/MuonEG/RAW/v1/000/357/542/00000/92565ea4-cf38-4098-968d-6ee731114bd6.root 357542 [190,191,194,192,193]
/store/data/Run2022D/MuonEG/RAW/v1/000/357/542/00000/96f2a95e-2241-4006-a883-e8ea99877e14.root 357542 [3,4,5,6,1,7,2]
/store/data/Run2022D/MuonEG/RAW/v1/000/357/542/00000/9e898451-8155-4538-b54b-f7d1b5c6eec2.root 357542 [105,103,102,104]
/store/data/Run2022D/MuonEG/RAW/v1/000/357/542/00000/a040e960-6162-40f2-8126-4a17864c4b44.root 357542 [186,189,187,188,185]
/store/data/Run2022D/MuonEG/RAW/v1/000/357/542/00000/a05e4a28-e358-48c5-8994-c1b28aa2f485.root 357542 [85,83,86,84]
/store/data/Run2022D/MuonEG/RAW/v1/000/357/542/00000/a08224f0-4992-461c-801e-cf5e71e0d10c.root 357542 [219,216,215,218,217]
/store/data/Run2022D/MuonEG/RAW/v1/000/357/542/00000/a7901728-09bb-463e-adcc-1a3268c39962.root 357542 [175,177,176,178,179]
/store/data/Run2022D/MuonEG/RAW/v1/000/357/542/00000/a820e3f5-d70b-4779-9fcd-7086464ab6d0.root 357542 [239,237,235,236,238]
/store/data/Run2022D/MuonEG/RAW/v1/000/357/542/00000/a882b514-aa9e-4776-8d5f-ced7c3fd21d0.root 357542 [234,232,233,231,230]
/store/data/Run2022D/MuonEG/RAW/v1/000/357/542/00000/aad1d72c-8459-4634-9c5a-3c50be569f48.root 357542 [180,181,184,182,183]
/store/data/Run2022D/MuonEG/RAW/v1/000/357/542/00000/b24f370a-ec6a-4e97-8783-791c011f53b4.root 357542 [62,63,65,64]
/store/data/Run2022D/MuonEG/RAW/v1/000/357/542/00000/b278a18c-ded2-48e3-adc9-4cb59a38c216.root 357542 [171,172,174,173,170]
/store/data/Run2022D/MuonEG/RAW/v1/000/357/542/00000/b68a0a36-d231-4d7d-bcc0-093e23f80f46.root 357542 [136,127,132,133,128,129,130,134,131,135]
/store/data/Run2022D/MuonEG/RAW/v1/000/357/542/00000/b78e831a-7f7e-47a4-b03b-e9c0ad0017d7.root 357542 [144,138,140,137,141,143,139,142]
/store/data/Run2022D/MuonEG/RAW/v1/000/357/542/00000/bae14114-2167-4757-8c92-51c77d051e32.root 357542 [49,50,51,53,52]
/store/data/Run2022D/MuonEG/RAW/v1/000/357/542/00000/c0379220-9f48-4a02-9ae3-f709cc033e6b.root 357542 [228,225,227,226,229]
/store/data/Run2022D/MuonEG/RAW/v1/000/357/542/00000/c0fdf819-7d20-4e17-8ecd-b890b24cb791.root 357542 [72,74,71,73]
/store/data/Run2022D/MuonEG/RAW/v1/000/357/542/00000/d24631eb-5158-4fdb-9d55-1196bde85d3c.root 357542 [212,214,213,210,211]
/store/data/Run2022D/MuonEG/RAW/v1/000/357/542/00000/f230ed09-0543-4688-972e-de24aa9bac69.root 357542 [197,196,199,195,198]
/store/data/Run2022D/MuonEG/RAW/v1/000/357/542/00000/fd92c826-e87a-4b5c-a6c3-2bfdd4076729.root 357542 [201,204,202,203,200]
