/store/data/Run2022D/Tau/RAW/v1/000/357/735/00000/00cc40c1-932e-488d-8340-62048086aa4f.root 357735 [127,128]
/store/data/Run2022D/Tau/RAW/v1/000/357/735/00000/010e0c9f-0845-40c0-86a1-bd34cc650a71.root 357735 [1060,1061,1062,1063,1059,1064]
/store/data/Run2022D/Tau/RAW/v1/000/357/735/00000/03e63442-93ea-473a-9b30-02086c93bb65.root 357735 [774,776,777,773,775]
/store/data/Run2022D/Tau/RAW/v1/000/357/735/00000/046e7137-1110-48e0-8574-ad4e5282d7c7.root 357735 [340,339,338]
/store/data/Run2022D/Tau/RAW/v1/000/357/735/00000/06ffb924-ea77-4b1a-8167-1bfb8a0d2ea1.root 357735 [83,84]
/store/data/Run2022D/Tau/RAW/v1/000/357/735/00000/074da368-d684-44a9-91e7-1d284f8095f2.root 357735 [10,9]
/store/data/Run2022D/Tau/RAW/v1/000/357/735/00000/078317d2-60c3-409e-adc1-4c96811c74ec.root 357735 [433,431,432]
/store/data/Run2022D/Tau/RAW/v1/000/357/735/00000/07b5778f-d4b2-42d3-986e-e8cbf1d93bca.root 357735 [933,934,932,935,936]
/store/data/Run2022D/Tau/RAW/v1/000/357/735/00000/0949a869-ace8-42f5-baa6-c075c11c9e15.root 357735 [1132,1134,1133,1135]
/store/data/Run2022D/Tau/RAW/v1/000/357/735/00000/0ba59aaa-7397-4403-9bfe-9d3c7bae9ad5.root 357735 [313,312,311]
/store/data/Run2022D/Tau/RAW/v1/000/357/735/00000/0bc9e9db-aea6-4c57-98a6-9b1beeb3a842.root 357735 [182,181]
/store/data/Run2022D/Tau/RAW/v1/000/357/735/00000/0c0dc2a5-6bfd-4ae4-87d0-e121203d711b.root 357735 [521,519,520]
/store/data/Run2022D/Tau/RAW/v1/000/357/735/00000/0f11143d-e963-4a75-bdad-3249a15451e5.root 357735 [81,82]
/store/data/Run2022D/Tau/RAW/v1/000/357/735/00000/0f955ac7-74ee-4679-9d8b-d945d83e5e00.root 357735 [130,129]
/store/data/Run2022D/Tau/RAW/v1/000/357/735/00000/103bd0a9-4615-43f8-bcec-fa26749b48f1.root 357735 [93,94]
/store/data/Run2022D/Tau/RAW/v1/000/357/735/00000/10854656-ce65-47a2-8b5e-f736b8fb2100.root 357735 [68,67]
/store/data/Run2022D/Tau/RAW/v1/000/357/735/00000/109a6efb-0fee-4501-846a-136fb1546395.root 357735 [559,560,562,561]
/store/data/Run2022D/Tau/RAW/v1/000/357/735/00000/11192526-5266-434c-9b87-8646fe700b4c.root 357735 [674,676,675,677]
/store/data/Run2022D/Tau/RAW/v1/000/357/735/00000/113fb777-c730-46f6-8b84-6dd20fdc71a7.root 357735 [40,39]
/store/data/Run2022D/Tau/RAW/v1/000/357/735/00000/1387d574-3745-4343-81ee-a859ddb7ec75.root 357735 [1093,1094,1090,1091,1089,1092]
/store/data/Run2022D/Tau/RAW/v1/000/357/735/00000/1666cd55-1f22-4531-bdc6-84c84571ef3c.root 357735 [366,365,367]
/store/data/Run2022D/Tau/RAW/v1/000/357/735/00000/17f0c5bb-bf30-4724-b753-257f4c1395c4.root 357735 [873,874,875,872,876]
/store/data/Run2022D/Tau/RAW/v1/000/357/735/00000/184e6539-d6f4-4b33-9d06-776fcdefabac.root 357735 [103,104]
/store/data/Run2022D/Tau/RAW/v1/000/357/735/00000/1966252c-e7ca-40d9-b2db-e285dd08759e.root 357735 [26,25]
/store/data/Run2022D/Tau/RAW/v1/000/357/735/00000/1b947bfa-390a-4572-9126-6885d14bbb91.root 357735 [1021,1017,1018,1022,1020,1019]
/store/data/Run2022D/Tau/RAW/v1/000/357/735/00000/1d2890ce-606f-418a-833d-7d8eb6770439.root 357735 [51,52]
/store/data/Run2022D/Tau/RAW/v1/000/357/735/00000/1d5c8455-0747-4a81-9bfa-bfb36c0dc469.root 357735 [12,11]
/store/data/Run2022D/Tau/RAW/v1/000/357/735/00000/1dc86212-1de1-4754-8a0c-314174151177.root 357735 [377,378,379]
/store/data/Run2022D/Tau/RAW/v1/000/357/735/00000/1fc9f07e-9080-454d-aefc-2f062281d575.root 357735 [591,592,590,593]
/store/data/Run2022D/Tau/RAW/v1/000/357/735/00000/2160a87f-1fcb-4ba4-ada4-739413a73f3b.root 357735 [939,941,938,937,940]
/store/data/Run2022D/Tau/RAW/v1/000/357/735/00000/21b2d2b6-a081-454d-8e32-319d272b9736.root 357735 [620,619,621,618]
/store/data/Run2022D/Tau/RAW/v1/000/357/735/00000/220ba558-92a7-4ab0-a073-6e33b97a8b1a.root 357735 [434,435,436]
/store/data/Run2022D/Tau/RAW/v1/000/357/735/00000/22a61ae0-068e-467d-aaf1-bbdc2211bf5c.root 357735 [606,608,607,609]
/store/data/Run2022D/Tau/RAW/v1/000/357/735/00000/22e8a473-f23b-44ba-9650-69b3f361ac0a.root 357735 [980,978,981,979,977]
/store/data/Run2022D/Tau/RAW/v1/000/357/735/00000/231a2d2e-e120-44e4-86b3-2bd400200134.root 357735 [704,706,703,705]
/store/data/Run2022D/Tau/RAW/v1/000/357/735/00000/242efabe-67fb-4e8a-ba0b-e00bb0dd84c4.root 357735 [758,760,756,759,757]
/store/data/Run2022D/Tau/RAW/v1/000/357/735/00000/242f6fc7-88ce-4ad7-99c2-a472dd6e46dc.root 357735 [169,170]
/store/data/Run2022D/Tau/RAW/v1/000/357/735/00000/2464f79e-b99c-4449-890b-42952658ff87.root 357735 [252,253,251]
/store/data/Run2022D/Tau/RAW/v1/000/357/735/00000/24c987c8-6e2c-42e9-98c1-9b26e620f768.root 357735 [722,721,720,719]
/store/data/Run2022D/Tau/RAW/v1/000/357/735/00000/26193446-6a2e-48ae-971e-e4f926e9f5cc.root 357735 [430,429,428]
/store/data/Run2022D/Tau/RAW/v1/000/357/735/00000/2683acf9-d081-4a16-8def-f00f227e9a82.root 357735 [1048,1049,1050,1051,1047,1052]
/store/data/Run2022D/Tau/RAW/v1/000/357/735/00000/270668ba-859e-4fa1-8ea5-1588e99c4293.root 357735 [1016,1012,1011,1014,1013,1015]
/store/data/Run2022D/Tau/RAW/v1/000/357/735/00000/27569711-6237-4803-b27c-8ccef2fe2e1f.root 357735 [138,137]
/store/data/Run2022D/Tau/RAW/v1/000/357/735/00000/27b084cd-6689-4797-b5dc-3f973594608a.root 357735 [967,969,968,971,970]
/store/data/Run2022D/Tau/RAW/v1/000/357/735/00000/28cf92bf-c894-49ef-9bc5-e177282ad2b2.root 357735 [1126,1125]
/store/data/Run2022D/Tau/RAW/v1/000/357/735/00000/297da3dd-2f74-4022-94f8-c198f3506aa6.root 357735 [285,286,284]
/store/data/Run2022D/Tau/RAW/v1/000/357/735/00000/2a5087e8-9ded-472d-a559-a52dcfd33363.root 357735 [450,451,449,452]
/store/data/Run2022D/Tau/RAW/v1/000/357/735/00000/2aa38775-2167-4831-8deb-4361ebcae185.root 357735 [961,957,958,959,960]
/store/data/Run2022D/Tau/RAW/v1/000/357/735/00000/2bfa62d6-5277-4c42-8ee0-f8bcd303134f.root 357735 [206,205]
/store/data/Run2022D/Tau/RAW/v1/000/357/735/00000/2c1d2cdf-f159-457e-98c2-4867cf4ec21f.root 357735 [419,420,421]
/store/data/Run2022D/Tau/RAW/v1/000/357/735/00000/2c6865db-8be7-4453-828f-00e617e19e78.root 357735 [228,227,229]
/store/data/Run2022D/Tau/RAW/v1/000/357/735/00000/2cea2c83-9112-46e6-9179-783e6f699d06.root 357735 [5,6]
/store/data/Run2022D/Tau/RAW/v1/000/357/735/00000/2d279ce7-9831-4841-ba09-19d3f4ab623c.root 357735 [499,498,500]
/store/data/Run2022D/Tau/RAW/v1/000/357/735/00000/2d4e9062-0456-49a4-bcec-4207543145f9.root 357735 [571,573,572,570]
/store/data/Run2022D/Tau/RAW/v1/000/357/735/00000/2d63bde6-9d0e-4dfa-aeb9-fe8bbc240606.root 357735 [752,755,754,753]
/store/data/Run2022D/Tau/RAW/v1/000/357/735/00000/2d742705-c8fb-4197-accc-0dd72bb514cf.root 357735 [35,36]
/store/data/Run2022D/Tau/RAW/v1/000/357/735/00000/2d982233-72d0-4f2d-8421-a6453e7119ff.root 357735 [920,921,918,917,919]
/store/data/Run2022D/Tau/RAW/v1/000/357/735/00000/2e7aeda1-17cb-426a-9ca3-6737e69a6d12.root 357735 [732,731,733,734]
/store/data/Run2022D/Tau/RAW/v1/000/357/735/00000/2fa7751e-e3bb-44e3-8696-6a70ecdd905f.root 357735 [175,176]
/store/data/Run2022D/Tau/RAW/v1/000/357/735/00000/2ff42ad8-532f-40b4-8fd5-c110b32ea442.root 357735 [214,213]
/store/data/Run2022D/Tau/RAW/v1/000/357/735/00000/319cc7e2-3f53-4737-9f2d-1565eb73c60c.root 357735 [660,659,658,661]
/store/data/Run2022D/Tau/RAW/v1/000/357/735/00000/32c48116-80d3-4241-9532-61a2629683c8.root 357735 [144,143]
/store/data/Run2022D/Tau/RAW/v1/000/357/735/00000/33416d44-d3c2-43a5-a5b3-19c3d7eb0bc9.root 357735 [440,442,441]
/store/data/Run2022D/Tau/RAW/v1/000/357/735/00000/34919f43-68e6-47f3-b52c-5d63b073dd94.root 357735 [332,334,333]
/store/data/Run2022D/Tau/RAW/v1/000/357/735/00000/354df56e-4da8-443d-8fa2-efd2ad457a39.root 357735 [188,187]
/store/data/Run2022D/Tau/RAW/v1/000/357/735/00000/359dfa51-19c0-40b6-ae2b-2c199ad0b0c0.root 357735 [192,191]
/store/data/Run2022D/Tau/RAW/v1/000/357/735/00000/36cd0337-268b-47d3-889e-cec12ee90539.root 357735 [346,345,344]
/store/data/Run2022D/Tau/RAW/v1/000/357/735/00000/36db6fd7-bb51-44a9-b494-ac3fab793a7a.root 357735 [30,29]
/store/data/Run2022D/Tau/RAW/v1/000/357/735/00000/37e1413d-8144-43eb-8b09-e4b5fec3b641.root 357735 [457,456,458]
/store/data/Run2022D/Tau/RAW/v1/000/357/735/00000/3866c691-a149-4e55-9b5a-6673bd66f18b.root 357735 [397,395,396]
/store/data/Run2022D/Tau/RAW/v1/000/357/735/00000/3877114b-731a-4877-8047-bd6bc38cddab.root 357735 [281,282,283]
/store/data/Run2022D/Tau/RAW/v1/000/357/735/00000/3905db2d-61e6-4457-ab30-2b0c8b104e38.root 357735 [212,211]
/store/data/Run2022D/Tau/RAW/v1/000/357/735/00000/3a3610d2-ca48-438c-9326-81729530d187.root 357735 [32,31]
/store/data/Run2022D/Tau/RAW/v1/000/357/735/00000/3c723049-49b7-459c-b3bf-6ff76a86e987.root 357735 [122,121]
/store/data/Run2022D/Tau/RAW/v1/000/357/735/00000/3e1b7b5e-2038-4d2a-90d4-59461b946d29.root 357735 [543,542,541]
/store/data/Run2022D/Tau/RAW/v1/000/357/735/00000/3fb2bc82-ec07-459a-81e7-c994ce019684.root 357735 [473,472,471]
/store/data/Run2022D/Tau/RAW/v1/000/357/735/00000/401a784e-6721-425b-b4fc-007ce0eb3858.root 357735 [762,764,763,761]
/store/data/Run2022D/Tau/RAW/v1/000/357/735/00000/409f9175-3324-4843-be3b-bcc5df3e075d.root 357735 [183,184]
/store/data/Run2022D/Tau/RAW/v1/000/357/735/00000/41d46b5d-ef94-44b2-9b26-625a32f41ec5.root 357735 [335,337,336]
/store/data/Run2022D/Tau/RAW/v1/000/357/735/00000/44105ec8-906b-4ffd-8a03-24b19cf2fb3b.root 357735 [276,277,275]
/store/data/Run2022D/Tau/RAW/v1/000/357/735/00000/445ece0b-2fad-4905-8e33-0b68328e0997.root 357735 [529,528,530]
/store/data/Run2022D/Tau/RAW/v1/000/357/735/00000/4474eeba-1110-41ca-854d-60c7d92a299d.root 357735 [586,589,588,587]
/store/data/Run2022D/Tau/RAW/v1/000/357/735/00000/449641a9-658c-4b75-b29f-e2b02923c9d5.root 357735 [867,868,869,870,871]
/store/data/Run2022D/Tau/RAW/v1/000/357/735/00000/45dda455-a3d2-43b3-9fa7-160bcbb752b7.root 357735 [598,599,601,600]
/store/data/Run2022D/Tau/RAW/v1/000/357/735/00000/46f5129a-d6d5-4000-949e-458b0b65d285.root 357735 [384,385,383]
/store/data/Run2022D/Tau/RAW/v1/000/357/735/00000/48111eca-05c5-4915-a196-e0fc611f8c07.root 357735 [843,844,846,845,842]
/store/data/Run2022D/Tau/RAW/v1/000/357/735/00000/49b24a67-f500-4011-a145-da8623cf60d6.root 357735 [522,524,523]
/store/data/Run2022D/Tau/RAW/v1/000/357/735/00000/4b2071a9-3779-4eb9-a1b9-7ae86cb1c436.root 357735 [297,296,298]
/store/data/Run2022D/Tau/RAW/v1/000/357/735/00000/4b97842f-34be-4518-a342-6ddf30dbe79e.root 357735 [157,158]
/store/data/Run2022D/Tau/RAW/v1/000/357/735/00000/4c2e00e9-2505-427d-9a9b-6a2c3ee71b0a.root 357735 [153,154]
/store/data/Run2022D/Tau/RAW/v1/000/357/735/00000/4c4d57bb-5dd5-4952-a9a9-d04215aef169.root 357735 [789,790,788,791]
/store/data/Run2022D/Tau/RAW/v1/000/357/735/00000/4cba1e6d-fce1-47b1-b831-440a746739dd.root 357735 [748,749,750,751]
/store/data/Run2022D/Tau/RAW/v1/000/357/735/00000/4d8b688e-793e-43f5-9a6a-91599f2e5b7d.root 357735 [49,50]
/store/data/Run2022D/Tau/RAW/v1/000/357/735/00000/4d9693e8-b77b-419a-a95c-6b6fc0542d23.root 357735 [278,280,279]
/store/data/Run2022D/Tau/RAW/v1/000/357/735/00000/4e267041-7504-401d-8cc5-315a2c999a94.root 357735 [300,299,301]
/store/data/Run2022D/Tau/RAW/v1/000/357/735/00000/4e9793cd-770c-4174-a1bb-0df6543d65c3.root 357735 [615,617,614,616]
/store/data/Run2022D/Tau/RAW/v1/000/357/735/00000/4ea6c55c-63fe-409d-80b2-0715ec102a9a.root 357735 [185,186]
/store/data/Run2022D/Tau/RAW/v1/000/357/735/00000/4f91048e-b141-465d-bbdd-cdf46ca83ca4.root 357735 [807,808,809,810,811]
/store/data/Run2022D/Tau/RAW/v1/000/357/735/00000/4ff73e8d-2e3e-40a4-a931-8b6cff5bfbfd.root 357735 [912,915,916,914,913]
/store/data/Run2022D/Tau/RAW/v1/000/357/735/00000/50c4a4c6-1d4f-413e-803a-65b286f0af92.root 357735 [728,727,730,729]
