/store/data/Run2017C/DoubleMuon/RAW/v1/000/301/998/00000/0299D4F9-468E-E711-9B2C-02163E019DCF.root [1381,1376,1382,1378,1380,1386,1387,1377,1384,1385,1383,1388,1379]
/store/data/Run2017C/DoubleMuon/RAW/v1/000/301/998/00000/02DACDCE-468E-E711-9748-02163E01A1FA.root [1543,1547,1536,1539,1546,1549,1550,1542,1545,1537,1548,1538,1540,1541,1544]
/store/data/Run2017C/DoubleMuon/RAW/v1/000/301/998/00000/04717D22-468E-E711-B925-02163E01A2B7.root [259,260,266,262,263,264,265,261]
/store/data/Run2017C/DoubleMuon/RAW/v1/000/301/998/00000/04AB8CC9-468E-E711-BB0F-02163E01A467.root [1066,1070,1067,1069,1074,1071,1063,1068,1064,1072,1065,1073]
/store/data/Run2017C/DoubleMuon/RAW/v1/000/301/998/00000/04C73A50-468E-E711-98B3-02163E0144EC.root [360,361,364,367,362,363,366,365]
/store/data/Run2017C/DoubleMuon/RAW/v1/000/301/998/00000/0881C138-468E-E711-ADCA-02163E019DD6.root [229,233,235,231,232,234,230]
/store/data/Run2017C/DoubleMuon/RAW/v1/000/301/998/00000/08970719-468E-E711-8799-02163E014424.root [278,275,274,276,277,279,280,281]
/store/data/Run2017C/DoubleMuon/RAW/v1/000/301/998/00000/0A6BF45A-468E-E711-9C47-02163E01A1FF.root [569,568,571,570,572,575,573,574]
/store/data/Run2017C/DoubleMuon/RAW/v1/000/301/998/00000/0AD86478-468E-E711-8778-02163E014192.root [427,428,426,430,429,424,425,431]
/store/data/Run2017C/DoubleMuon/RAW/v1/000/301/998/00000/0AF7C859-468E-E711-9E8F-02163E01A67E.root [528,532,529,535,530,531,533,534]
/store/data/Run2017C/DoubleMuon/RAW/v1/000/301/998/00000/14AB07C1-468E-E711-BDE2-02163E01A6AD.root [1126,1124,1127,1132,1134,1133,1125,1128,1129,1130,1123,1131]
/store/data/Run2017C/DoubleMuon/RAW/v1/000/301/998/00000/14E6EA39-468E-E711-A527-02163E01A74A.root [396,398,399,392,395,394,393,397]
/store/data/Run2017C/DoubleMuon/RAW/v1/000/301/998/00000/16C714FA-468E-E711-A8A4-02163E019B48.root [1556,1564,1553,1562,1551,1555,1565,1559,1561,1554,1558,1560,1552,1557,1563]
/store/data/Run2017C/DoubleMuon/RAW/v1/000/301/998/00000/16CE3D7A-468E-E711-857B-02163E019CAD.root [668,664,667,666,663,670,662,665,669]
/store/data/Run2017C/DoubleMuon/RAW/v1/000/301/998/00000/1866EE42-DA8C-E711-8575-02163E0143DC.root [54,55,50,53,51,52]
/store/data/Run2017C/DoubleMuon/RAW/v1/000/301/998/00000/18ADE555-468E-E711-A790-02163E019D4D.root [464,468,470,465,466,467,469,471]
/store/data/Run2017C/DoubleMuon/RAW/v1/000/301/998/00000/1A2C155F-468E-E711-B61F-02163E011DCF.root [505,511,510,504,506,508,507,509]
/store/data/Run2017C/DoubleMuon/RAW/v1/000/301/998/00000/1A2DDE3A-468E-E711-82FB-02163E013705.root [196,197,195,198,200,199,194]
/store/data/Run2017C/DoubleMuon/RAW/v1/000/301/998/00000/1A5AAB04-468E-E711-BA53-02163E014681.root [216,221,217,220,215,219,218]
/store/data/Run2017C/DoubleMuon/RAW/v1/000/301/998/00000/1A8A16AF-468E-E711-8585-02163E014223.root [1293,1296,1295,1297,1298,1300,1302,1294,1301,1305,1306,1304,1299,1303]
/store/data/Run2017C/DoubleMuon/RAW/v1/000/301/998/00000/1EFA561E-468E-E711-8C6F-02163E019E02.root [304,299,300,303,305,298,301,302]
/store/data/Run2017C/DoubleMuon/RAW/v1/000/301/998/00000/20E4257B-DA8C-E711-A04B-02163E01A6BC.root [46,49,44,45,47,48]
/store/data/Run2017C/DoubleMuon/RAW/v1/000/301/998/00000/20F8C5A9-468E-E711-9475-02163E019DA0.root [1270,1276,1279,1272,1274,1269,1275,1271,1278,1280,1273,1277]
/store/data/Run2017C/DoubleMuon/RAW/v1/000/301/998/00000/22A44B21-468E-E711-9597-02163E012BB6.root [160,165,159,162,164,161,163]
/store/data/Run2017C/DoubleMuon/RAW/v1/000/301/998/00000/246D2072-468E-E711-8931-02163E01A34F.root [677,678,672,673,676,671,674,675,679]
/store/data/Run2017C/DoubleMuon/RAW/v1/000/301/998/00000/24957577-468E-E711-9D06-02163E0146C0.root [745,743,747,741,744,740,742,746]
/store/data/Run2017C/DoubleMuon/RAW/v1/000/301/998/00000/2615309F-468E-E711-A480-02163E01A6FE.root [1372,1365,1371,1373,1374,1375,1363,1368,1366,1369,1364,1367,1370]
/store/data/Run2017C/DoubleMuon/RAW/v1/000/301/998/00000/267DF995-468E-E711-A736-02163E01A5EB.root [567,565,566,560,563,562,564,561]
/store/data/Run2017C/DoubleMuon/RAW/v1/000/301/998/00000/281C6264-468E-E711-9762-02163E011A48.root [336,338,339,341,340,337,342,343]
/store/data/Run2017C/DoubleMuon/RAW/v1/000/301/998/00000/2CDE6261-468E-E711-A35D-02163E0135E0.root [536,539,541,537,538,542,543,540]
/store/data/Run2017C/DoubleMuon/RAW/v1/000/301/998/00000/30A5BC64-468E-E711-93EA-02163E011DD4.root [592,593,595,588,589,590,594,586,591,587]
/store/data/Run2017C/DoubleMuon/RAW/v1/000/301/998/00000/30B77E7C-468E-E711-B836-02163E01A5E7.root [791,795,788,794,789,796,792,797,790,793]
/store/data/Run2017C/DoubleMuon/RAW/v1/000/301/998/00000/30F89AF2-458E-E711-A5D5-02163E01293B.root [120,122,121,117,119,118,123]
/store/data/Run2017C/DoubleMuon/RAW/v1/000/301/998/00000/326B788B-468E-E711-B277-02163E01A1D9.root [1761]
/store/data/Run2017C/DoubleMuon/RAW/v1/000/301/998/00000/34EA30EE-458E-E711-BE88-02163E01A575.root [137,131,133,135,136,134,132]
/store/data/Run2017C/DoubleMuon/RAW/v1/000/301/998/00000/360447B1-468E-E711-A9E7-02163E01A74A.root [1589,1582,1581,1584,1587,1593,1595,1583,1585,1586,1588,1591,1590,1592,1594]
/store/data/Run2017C/DoubleMuon/RAW/v1/000/301/998/00000/36736D7B-468E-E711-814D-02163E01A60E.root [750,751,752,755,749,753,754,756,748,757]
/store/data/Run2017C/DoubleMuon/RAW/v1/000/301/998/00000/38C8E47A-468E-E711-806B-02163E01281F.root [861,864,865,862,867,858,860,866,859,863]
/store/data/Run2017C/DoubleMuon/RAW/v1/000/301/998/00000/3A1409D1-468E-E711-B4D2-02163E01A6AE.root [1631,1632,1633,1634,1640,1636,1637,1635,1638,1628,1629,1630,1627,1639,1626]
/store/data/Run2017C/DoubleMuon/RAW/v1/000/301/998/00000/3C0AB35C-468E-E711-B31A-02163E011F68.root [559,558,554,557,553,555,552,556]
/store/data/Run2017C/DoubleMuon/RAW/v1/000/301/998/00000/3C213479-468E-E711-BE85-02163E01A353.root [908,900,903,904,899,905,906,907,902,901]
/store/data/Run2017C/DoubleMuon/RAW/v1/000/301/998/00000/3C327261-468E-E711-B054-02163E0144B0.root [578,581,576,577,580,585,582,583,584,579]
/store/data/Run2017C/DoubleMuon/RAW/v1/000/301/998/00000/3E41DFBF-468E-E711-BABE-02163E01A518.root [724,729,722,723,728,727,725,726]
/store/data/Run2017C/DoubleMuon/RAW/v1/000/301/998/00000/40988075-468E-E711-9134-02163E013558.root [731,732,733,736,738,734,739,737,730,735]
/store/data/Run2017C/DoubleMuon/RAW/v1/000/301/998/00000/40991C74-468E-E711-ABF8-02163E01A710.root [879,878,880,883,884,886,885,881,882,887]
/store/data/Run2017C/DoubleMuon/RAW/v1/000/301/998/00000/409D4E2A-468E-E711-9D37-02163E0144EE.root [344,350,347,348,345,351,346,349]
/store/data/Run2017C/DoubleMuon/RAW/v1/000/301/998/00000/40C97EBE-468E-E711-81E0-02163E012420.root [1666,1671,1672,1673,1676,1662,1664,1665,1667,1674,1670,1663,1668,1669,1675]
/store/data/Run2017C/DoubleMuon/RAW/v1/000/301/998/00000/442F3F8F-468E-E711-B5B4-02163E01A4A7.root [759,758,761,764,765,767,766,760,762,763]
/store/data/Run2017C/DoubleMuon/RAW/v1/000/301/998/00000/46B43A8A-468E-E711-98A8-02163E0145E5.root [810,814,809,811,812,817,808,813,816,815]
/store/data/Run2017C/DoubleMuon/RAW/v1/000/301/998/00000/46FA21A8-468E-E711-B829-02163E0118A5.root [1442,1443,1445,1436,1439,1433,1432,1441,1438,1431,1434,1440,1435,1437,1444]
/store/data/Run2017C/DoubleMuon/RAW/v1/000/301/998/00000/48504C94-468E-E711-B136-02163E019DF3.root [781,784,785,787,783,779,780,782,786,778]
/store/data/Run2017C/DoubleMuon/RAW/v1/000/301/998/00000/48CEB8B3-468E-E711-B3A3-02163E01A6DB.root [1260,1265,1266,1258,1259,1257,1261,1262,1267,1268,1263,1264]
/store/data/Run2017C/DoubleMuon/RAW/v1/000/301/998/00000/4CEC488E-468E-E711-82E3-02163E019E54.root [270,271,273,267,272,269,268]
/store/data/Run2017C/DoubleMuon/RAW/v1/000/301/998/00000/5016F1AD-468E-E711-8675-02163E011A15.root [1462,1463,1464,1471,1466,1470,1461,1465,1469,1472,1468,1473,1475,1467,1474]
/store/data/Run2017C/DoubleMuon/RAW/v1/000/301/998/00000/505F161D-468E-E711-A29F-02163E01A30C.root [202,203,204,206,205,201,207]
/store/data/Run2017C/DoubleMuon/RAW/v1/000/301/998/00000/50A49BD0-BA8C-E711-B607-02163E0133B7.root [11,8,10,12,7,9]
/store/data/Run2017C/DoubleMuon/RAW/v1/000/301/998/00000/52621465-468E-E711-AB34-02163E0135D4.root [545,544,548,550,551,546,549,547]
/store/data/Run2017C/DoubleMuon/RAW/v1/000/301/998/00000/5423C62C-468E-E711-8A12-02163E019E5C.root [237,241,236,238,239,242,243,240]
/store/data/Run2017C/DoubleMuon/RAW/v1/000/301/998/00000/54243297-468E-E711-8585-02163E011EE1.root [599,603,604,605,596,597,598,600,601,602]
/store/data/Run2017C/DoubleMuon/RAW/v1/000/301/998/00000/548FCA93-468E-E711-A503-02163E01A6C8.root [714,716,718,719,720,721,715,717]
/store/data/Run2017C/DoubleMuon/RAW/v1/000/301/998/00000/54D6A486-468E-E711-89AB-02163E01A575.root [1093,1087,1094,1098,1089,1095,1090,1091,1096,1092,1097,1088]
/store/data/Run2017C/DoubleMuon/RAW/v1/000/301/998/00000/561834B3-468E-E711-BA51-02163E011DF5.root [1504,1491,1497,1494,1505,1500,1503,1495,1501,1496,1499,1493,1498,1502,1492]
/store/data/Run2017C/DoubleMuon/RAW/v1/000/301/998/00000/56A871D6-468E-E711-9B3E-02163E01A689.root [1614,1625,1616,1619,1617,1613,1623,1624,1611,1612,1615,1618,1620,1621,1622]
/store/data/Run2017C/DoubleMuon/RAW/v1/000/301/998/00000/586F3BEE-468E-E711-8BA6-02163E0144F9.root [1522,1530,1532,1534,1535,1521,1525,1526,1523,1524,1527,1528,1531,1533,1529]
/store/data/Run2017C/DoubleMuon/RAW/v1/000/301/998/00000/58EF01AD-468E-E711-9C4B-02163E0146F0.root [1157,1156,1151,1155,1158,1154,1153,1148,1150,1152,1147,1149]
/store/data/Run2017C/DoubleMuon/RAW/v1/000/301/998/00000/5A352763-468E-E711-B5F2-02163E01A28E.root [441,443,446,444,442,447,440,445]
/store/data/Run2017C/DoubleMuon/RAW/v1/000/301/998/00000/5CC70168-468E-E711-9178-02163E01A3E4.root [697,700,698,699,703,702,701,704,705]
/store/data/Run2017C/DoubleMuon/RAW/v1/000/301/998/00000/5CFE2E2C-468E-E711-80A5-02163E019C73.root [89,91,93,90,95,92,94]
/store/data/Run2017C/DoubleMuon/RAW/v1/000/301/998/00000/6028FD89-468E-E711-BAEF-02163E019B45.root [851,852,848,849,853,854,855,857,850,856]
/store/data/Run2017C/DoubleMuon/RAW/v1/000/301/998/00000/64C9507D-468E-E711-9345-02163E01A5F4.root [955,956,949,953,951,952,954,957,958,950]
/store/data/Run2017C/DoubleMuon/RAW/v1/000/301/998/00000/64FC2499-468E-E711-BF67-02163E01A62E.root [1235,1236,1242,1234,1232,1238,1240,1237,1241,1233,1239,1231]
/store/data/Run2017C/DoubleMuon/RAW/v1/000/301/998/00000/667B7F81-468E-E711-85E2-02163E01343B.root [868,869,872,876,877,873,871,874,870,875]
/store/data/Run2017C/DoubleMuon/RAW/v1/000/301/998/00000/668FDE58-DA8C-E711-B321-02163E01A5C3.root [38,40,43,41,39,42]
/store/data/Run2017C/DoubleMuon/RAW/v1/000/301/998/00000/6C86C3CC-468E-E711-BD73-02163E01A70D.root [484,486,487,481,485,480,482,483]
/store/data/Run2017C/DoubleMuon/RAW/v1/000/301/998/00000/6E3D62A2-468E-E711-A48F-02163E01A6BA.root [1000,1002,1003,1005,1007,1008,1006,1004,1001,999]
/store/data/Run2017C/DoubleMuon/RAW/v1/000/301/998/00000/6E6F4CF0-458E-E711-B6CA-02163E013889.root [126,127,130,125,129,128,124]
/store/data/Run2017C/DoubleMuon/RAW/v1/000/301/998/00000/6EB5292C-468E-E711-8156-02163E0143DC.root [313,318,315,314,316,319,317,320]
/store/data/Run2017C/DoubleMuon/RAW/v1/000/301/998/00000/6EC518A5-468E-E711-8948-02163E0137A2.root [685,687,680,681,682,683,684,686]
/store/data/Run2017C/DoubleMuon/RAW/v1/000/301/998/00000/700C3954-DA8C-E711-A931-02163E019BBE.root [32,34,31,36,37,33,35]
/store/data/Run2017C/DoubleMuon/RAW/v1/000/301/998/00000/7021673A-468E-E711-A75C-02163E014736.root [368,373,372,370,371,369,374,375]
/store/data/Run2017C/DoubleMuon/RAW/v1/000/301/998/00000/7818439B-468E-E711-A4C2-02163E014132.root [1327,1321,1323,1334,1324,1325,1329,1331,1332,1326,1328,1330,1333,1322]
/store/data/Run2017C/DoubleMuon/RAW/v1/000/301/998/00000/78202403-468E-E711-A431-02163E01A665.root [139,142,140,141,143,138,144]
/store/data/Run2017C/DoubleMuon/RAW/v1/000/301/998/00000/787D7293-468E-E711-9B8A-02163E019B77.root [990,991,993,994,998,995,989,996,992,997]
/store/data/Run2017C/DoubleMuon/RAW/v1/000/301/998/00000/78E1CA63-468E-E711-9648-02163E01A2C0.root [691,694,695,689,692,696,690,688,693]
/store/data/Run2017C/DoubleMuon/RAW/v1/000/301/998/00000/7C0D24F8-468E-E711-AD23-02163E01A788.root [1578,1573,1580,1566,1570,1571,1577,1568,1572,1575,1567,1579,1569,1574,1576]
/store/data/Run2017C/DoubleMuon/RAW/v1/000/301/998/00000/7C1840A9-468E-E711-8E7F-02163E012436.root [832,831,837,834,830,828,835,829,833,836]
/store/data/Run2017C/DoubleMuon/RAW/v1/000/301/998/00000/7E60429E-468E-E711-A6C3-02163E01A5FD.root [806,799,807,800,798,802,805,801,803,804]
/store/data/Run2017C/DoubleMuon/RAW/v1/000/301/998/00000/7E98126E-468E-E711-A8C8-02163E01A4CD.root [432,436,435,437,439,433,434,438]
/store/data/Run2017C/DoubleMuon/RAW/v1/000/301/998/00000/7ECB7C26-468E-E711-A12B-02163E01A793.root [352,353,357,354,356,359,355,358]
/store/data/Run2017C/DoubleMuon/RAW/v1/000/301/998/00000/8268FC5A-468E-E711-9FD1-02163E013749.root [618,619,620,616,617,623,614,615,621,622]
/store/data/Run2017C/DoubleMuon/RAW/v1/000/301/998/00000/8290499A-468E-E711-A121-02163E01A36C.root [774,772,768,769,771,777,770,775,773,776]
/store/data/Run2017C/DoubleMuon/RAW/v1/000/301/998/00000/84447C57-468E-E711-AA71-02163E0136F1.root [329,332,335,328,331,334,330,333]
/store/data/Run2017C/DoubleMuon/RAW/v1/000/301/998/00000/8677B8D6-468E-E711-A78A-02163E01A600.root [1641,1644,1656,1661,1650,1660,1642,1652,1658,1643,1645,1646,1648,1651,1653,1654,1659,1647,1649,1657,1655]
/store/data/Run2017C/DoubleMuon/RAW/v1/000/301/998/00000/8833705C-468E-E711-B64A-02163E01A67C.root [526,520,524,523,525,521,522,527]
/store/data/Run2017C/DoubleMuon/RAW/v1/000/301/998/00000/887D61A8-468E-E711-80C7-02163E01A506.root [448,450,449,451,452,454,453,455]
/store/data/Run2017C/DoubleMuon/RAW/v1/000/301/998/00000/8A1103AC-DA8C-E711-B29C-02163E014178.root [56,61,57,59,60,58]
/store/data/Run2017C/DoubleMuon/RAW/v1/000/301/998/00000/8ABAC245-C98C-E711-88B4-02163E0134DD.root [19,21,22,24,20,23]
/store/data/Run2017C/DoubleMuon/RAW/v1/000/301/998/00000/8AE37E69-468E-E711-9DFA-02163E013997.root [1694,1702,1700,1704,1692,1701,1696,1693,1699,1703,1697,1698,1705,1695]
/store/data/Run2017C/DoubleMuon/RAW/v1/000/301/998/00000/8AE856BA-BA8C-E711-98E9-02163E019E0B.root [2,3,4,1,5,6]
/store/data/Run2017C/DoubleMuon/RAW/v1/000/301/998/00000/8C944E5F-468E-E711-B538-02163E011F93.root [627,629,633,624,625,628,626,630,631,632]
/store/data/Run2017C/DoubleMuon/RAW/v1/000/301/998/00000/8CDF49AF-468E-E711-8FF0-02163E01456D.root [1426,1417,1421,1423,1425,1429,1416,1419,1420,1422,1424,1428,1430,1418,1427]
/store/data/Run2017C/DoubleMuon/RAW/v1/000/301/998/00000/8E2042D3-468E-E711-8E46-02163E014608.root [1686,1680,1685,1682,1677,1681,1690,1678,1691,1683,1687,1688,1689,1679,1684]
/store/data/Run2017C/DoubleMuon/RAW/v1/000/301/998/00000/8E446D34-468E-E711-81B0-02163E019D76.root [173,177,176,175,174,178,179]
/store/data/Run2017C/DoubleMuon/RAW/v1/000/301/998/00000/907E57DB-468E-E711-BFBD-02163E0145BB.root [1340,1338,1339,1341,1344,1337,1345,1342,1343,1346,1347,1348,1335,1336]
/store/data/Run2017C/DoubleMuon/RAW/v1/000/301/998/00000/9457E20F-468E-E711-A462-02163E01A636.root [155,158,153,154,152,157,156]
/store/data/Run2017C/DoubleMuon/RAW/v1/000/301/998/00000/9489862F-468E-E711-80A0-02163E01A21D.root [224,222,225,223,226,227,228]
/store/data/Run2017C/DoubleMuon/RAW/v1/000/301/998/00000/9618F59D-468E-E711-AE4B-02163E01A431.root [930,936,938,934,935,937,929,932,933,931]
/store/data/Run2017C/DoubleMuon/RAW/v1/000/301/998/00000/965C62F7-458E-E711-9D39-02163E01360D.root [294,291,295,290,296,292,293,297]
/store/data/Run2017C/DoubleMuon/RAW/v1/000/301/998/00000/9CF04C8F-DA8C-E711-8AFD-02163E014424.root [70,69,71,72,68,73]
/store/data/Run2017C/DoubleMuon/RAW/v1/000/301/998/00000/9E6D04AF-468E-E711-AE64-02163E01A740.root [1219,1220,1229,1221,1222,1227,1223,1224,1230,1225,1226,1228]
/store/data/Run2017C/DoubleMuon/RAW/v1/000/301/998/00000/A2E964C9-468E-E711-BE76-02163E014530.root [400,407,401,403,406,404,405,402]
/store/data/Run2017C/DoubleMuon/RAW/v1/000/301/998/00000/A49677B2-468E-E711-B570-02163E01A270.root [1308,1310,1312,1316,1307,1314,1317,1309,1311,1315,1318,1320,1319,1313]
/store/data/Run2017C/DoubleMuon/RAW/v1/000/301/998/00000/A668C62B-468E-E711-9983-02163E019D35.root [282,289,285,288,283,284,286,287]
/store/data/Run2017C/DoubleMuon/RAW/v1/000/301/998/00000/A85D7F58-468E-E711-BA95-02163E01473E.root [473,477,478,472,474,475,476,479]
/store/data/Run2017C/DoubleMuon/RAW/v1/000/301/998/00000/AE10307B-468E-E711-9C05-02163E019B83.root [891,894,895,892,893,897,889,888,896,890,898]
/store/data/Run2017C/DoubleMuon/RAW/v1/000/301/998/00000/B03FF020-468E-E711-94FE-02163E01A4DF.root [145,150,149,146,147,148,151]
/store/data/Run2017C/DoubleMuon/RAW/v1/000/301/998/00000/B09C76E7-468E-E711-83BB-02163E01A56E.root [1282,1287,1289,1285,1292,1284,1290,1288,1281,1283,1286,1291]
/store/data/Run2017C/DoubleMuon/RAW/v1/000/301/998/00000/B0DB97D7-468E-E711-879A-02163E014582.root [1243,1248,1251,1252,1246,1250,1245,1254,1244,1247,1255,1256,1249,1253]
/store/data/Run2017C/DoubleMuon/RAW/v1/000/301/998/00000/B2FFA2BF-468E-E711-AA21-02163E0143A9.root [1032,1036,1034,1035,1031,1037,1038,1033,1040,1039]
/store/data/Run2017C/DoubleMuon/RAW/v1/000/301/998/00000/B48CE930-468E-E711-92F7-02163E01A58F.root [108,103,105,104,107,109,106]
/store/data/Run2017C/DoubleMuon/RAW/v1/000/301/998/00000/B4ACFD7D-DA8C-E711-A76D-02163E01A59A.root [63,62,64,65,67,66]
/store/data/Run2017C/DoubleMuon/RAW/v1/000/301/998/00000/B4C25D18-468E-E711-A526-02163E01A7A4.root [181,184,180,185,182,183,186]
/store/data/Run2017C/DoubleMuon/RAW/v1/000/301/998/00000/B4ED1A85-468E-E711-B758-02163E01A38B.root [1055,1059,1056,1062,1058,1060,1053,1054,1061,1052,1057,1051]
/store/data/Run2017C/DoubleMuon/RAW/v1/000/301/998/00000/B69FE2DB-468E-E711-841C-02163E01A410.root [1483,1487,1480,1488,1489,1479,1484,1485,1486,1477,1481,1478,1482,1476,1490]
/store/data/Run2017C/DoubleMuon/RAW/v1/000/301/998/00000/BA454FA2-468E-E711-A1B4-02163E019DE3.root [959,968,965,961,964,962,966,960,963,967]
/store/data/Run2017C/DoubleMuon/RAW/v1/000/301/998/00000/BA4B6761-468E-E711-9391-02163E0143C8.root [657,655,653,658,654,661,656,659,660]
/store/data/Run2017C/DoubleMuon/RAW/v1/000/301/998/00000/BACBD7E8-468E-E711-88D7-02163E01363C.root [1396,1398,1391,1394,1400,1399,1402,1390,1395,1403,1392,1393,1389,1397,1401]
/store/data/Run2017C/DoubleMuon/RAW/v1/000/301/998/00000/BE07449C-468E-E711-AE45-02163E0146C2.root [1159,1164,1166,1168,1169,1170,1160,1163,1161,1167,1162,1165]
/store/data/Run2017C/DoubleMuon/RAW/v1/000/301/998/00000/BEB999B2-468E-E711-B9AD-02163E012931.root [1019,1021,1029,1022,1026,1028,1024,1025,1030,1020,1023,1027]
/store/data/Run2017C/DoubleMuon/RAW/v1/000/301/998/00000/BEDD0332-858D-E711-89DE-02163E01A461.root [76,74,75]
/store/data/Run2017C/DoubleMuon/RAW/v1/000/301/998/00000/C045493E-468E-E711-9F3F-02163E019DAB.root [389,388,386,391,387,390,384,385]
/store/data/Run2017C/DoubleMuon/RAW/v1/000/301/998/00000/C09887A2-468E-E711-B458-02163E01293B.root [1350,1358,1360,1349,1352,1354,1356,1357,1361,1359,1351,1353,1355,1362]
/store/data/Run2017C/DoubleMuon/RAW/v1/000/301/998/00000/C0F76254-468E-E711-8EAA-02163E01A4E0.root [409,408,415,412,413,410,414,411]
/store/data/Run2017C/DoubleMuon/RAW/v1/000/301/998/00000/C29D16BC-468E-E711-BDA8-02163E01376C.root [1102,1103,1104,1105,1106,1107,1109,1110,1099,1100,1108,1101]
/store/data/Run2017C/DoubleMuon/RAW/v1/000/301/998/00000/C8161C8D-468E-E711-8EA5-02163E0140EE.root [498,501,497,500,496,503,502,499]
/store/data/Run2017C/DoubleMuon/RAW/v1/000/301/998/00000/C8E53CF3-458E-E711-B537-02163E01A3BF.root [99,102,96,97,98,101,100]
/store/data/Run2017C/DoubleMuon/RAW/v1/000/301/998/00000/CA61AB9C-468E-E711-BA31-02163E01A6DA.root [973,976,977,969,970,972,975,978,971,974]
/store/data/Run2017C/DoubleMuon/RAW/v1/000/301/998/00000/CCCA58A2-468E-E711-A8D3-02163E019BA7.root [1408,1409,1407,1411,1414,1405,1412,1406,1410,1415,1404,1413]
/store/data/Run2017C/DoubleMuon/RAW/v1/000/301/998/00000/CED29641-468E-E711-B937-02163E01201F.root [377,383,376,381,378,379,382,380]
/store/data/Run2017C/DoubleMuon/RAW/v1/000/301/998/00000/D03A6C98-468E-E711-8906-02163E014362.root [1190,1183,1184,1187,1189,1185,1192,1188,1191,1193,1194,1186]
/store/data/Run2017C/DoubleMuon/RAW/v1/000/301/998/00000/D05E4851-DA8C-E711-95F7-02163E019E34.root [27,30,25,28,29,26]
/store/data/Run2017C/DoubleMuon/RAW/v1/000/301/998/00000/D24BDF17-468E-E711-B688-02163E01A5D8.root [308,309,306,307,310,311,312]
/store/data/Run2017C/DoubleMuon/RAW/v1/000/301/998/00000/D27BE55E-468E-E711-9AC6-02163E014176.root [517,519,513,516,514,515,518,512]
/store/data/Run2017C/DoubleMuon/RAW/v1/000/301/998/00000/D410BBBA-468E-E711-AFC3-02163E0146C9.root [1041,1048,1050,1045,1043,1042,1046,1047,1044,1049]
/store/data/Run2017C/DoubleMuon/RAW/v1/000/301/998/00000/D449C13A-468E-E711-ADFA-02163E01A4AC.root [211,212,214,209,213,208,210]
/store/data/Run2017C/DoubleMuon/RAW/v1/000/301/998/00000/D61CC804-468E-E711-8533-02163E012801.root [86,88,83,85,84,87]
/store/data/Run2017C/DoubleMuon/RAW/v1/000/301/998/00000/D61E8BD0-468E-E711-AE53-02163E013958.root [1075,1078,1076,1081,1084,1079,1086,1080,1082,1083,1077,1085]
/store/data/Run2017C/DoubleMuon/RAW/v1/000/301/998/00000/D6AA0A8E-468E-E711-B323-02163E011800.root [947,941,948,939,940,946,943,944,942,945]
/store/data/Run2017C/DoubleMuon/RAW/v1/000/301/998/00000/DC15D223-468E-E711-8DFE-02163E01370C.root [187,191,192,193,189,188,190]
/store/data/Run2017C/DoubleMuon/RAW/v1/000/301/998/00000/DE38EC93-468E-E711-AA17-02163E011B92.root [1144,1146,1136,1137,1142,1138,1143,1145,1135,1139,1140,1141]
/store/data/Run2017C/DoubleMuon/RAW/v1/000/301/998/00000/DEB82373-468E-E711-8866-02163E013621.root [493,489,492,494,491,488,490,495]
/store/data/Run2017C/DoubleMuon/RAW/v1/000/301/998/00000/E0B55D99-468E-E711-981C-02163E01A1F7.root [1207,1211,1212,1217,1208,1213,1210,1215,1214,1218,1209,1216]
/store/data/Run2017C/DoubleMuon/RAW/v1/000/301/998/00000/E0CE5DEF-458E-E711-A47A-02163E011A15.root [111,114,110,112,115,113,116]
/store/data/Run2017C/DoubleMuon/RAW/v1/000/301/998/00000/E2FDB86C-468E-E711-8E97-02163E019E58.root [419,416,417,418,420,423,422,421]
/store/data/Run2017C/DoubleMuon/RAW/v1/000/301/998/00000/E4391177-468E-E711-A77D-02163E01A418.root [927,919,920,921,923,924,925,922,926,928]
/store/data/Run2017C/DoubleMuon/RAW/v1/000/301/998/00000/E44B7407-468E-E711-BBA1-02163E014641.root [252,251,255,257,254,256,258,253]
/store/data/Run2017C/DoubleMuon/RAW/v1/000/301/998/00000/E4DE727A-468E-E711-8BC5-02163E01352A.root [820,824,821,823,827,819,818,822,825,826]
/store/data/Run2017C/DoubleMuon/RAW/v1/000/301/998/00000/E652D7CC-468E-E711-A377-02163E012829.root [1010,1018,1011,1012,1016,1009,1014,1015,1013,1017]
/store/data/Run2017C/DoubleMuon/RAW/v1/000/301/998/00000/E6BA9A06-468E-E711-A91E-02163E01A6F8.root [245,247,246,244,248,249,250]
/store/data/Run2017C/DoubleMuon/RAW/v1/000/301/998/00000/E8635E7E-468E-E711-8935-02163E019BE4.root [980,986,981,984,979,982,985,987,988,983]
/store/data/Run2017C/DoubleMuon/RAW/v1/000/301/998/00000/EA2BC3BF-7C8D-E711-A100-02163E01A6F1.root [1718,1739,1750,1754,1756,1715,1725,1735,1746,1749,1711,1714,1717,1727,1748,1720,1722,1729,1731,1740,1751,1757,1708,1710,1726,1730,1733,1741,1744,1745,1755,1709,1721,1732,1743,1747,1752,1753,1713,1723,1728,1736,1737,1738,1742,1712,1716,1719,1724,1734]
/store/data/Run2017C/DoubleMuon/RAW/v1/000/301/998/00000/EA7CDA64-468E-E711-9F09-02163E019BE3.root [635,640,642,634,636,637,639,641,643,638]
/store/data/Run2017C/DoubleMuon/RAW/v1/000/301/998/00000/EC2ACAD8-468E-E711-98EB-02163E019CA7.root [1511,1516,1518,1509,1510,1520,1513,1515,1519,1506,1507,1517,1512,1508,1514]
/store/data/Run2017C/DoubleMuon/RAW/v1/000/301/998/00000/ECBCB9FD-458E-E711-BA83-02163E01A4AE.root [168,166,169,171,172,170,167]
/store/data/Run2017C/DoubleMuon/RAW/v1/000/301/998/00000/ECE0D99F-468E-E711-BE59-02163E0143A4.root [839,844,840,842,845,847,838,846,841,843]
/store/data/Run2017C/DoubleMuon/RAW/v1/000/301/998/00000/EEA2D3B4-468E-E711-8883-02163E01A377.root [1195,1197,1205,1199,1201,1196,1200,1203,1204,1206,1198,1202]
/store/data/Run2017C/DoubleMuon/RAW/v1/000/301/998/00000/EEBD6995-468E-E711-836D-02163E0144B1.root [1121,1115,1111,1117,1119,1122,1113,1114,1118,1112,1116,1120]
/store/data/Run2017C/DoubleMuon/RAW/v1/000/301/998/00000/F0835460-468E-E711-9E0A-02163E014282.root [644,646,652,648,645,647,649,650,651]
/store/data/Run2017C/DoubleMuon/RAW/v1/000/301/998/00000/F201D622-468E-E711-8B16-02163E019B30.root [324,326,325,327,323,322,321]
/store/data/Run2017C/DoubleMuon/RAW/v1/000/301/998/00000/F2A60E04-468E-E711-9097-02163E01A3F0.root [77,80,82,81,79,78]
/store/data/Run2017C/DoubleMuon/RAW/v1/000/301/998/00000/F2F0F6A8-468E-E711-9D16-02163E013889.root [1458,1447,1451,1453,1455,1460,1454,1449,1452,1456,1457,1446,1450,1459,1448]
/store/data/Run2017C/DoubleMuon/RAW/v1/000/301/998/00000/F4576CAC-468E-E711-81B9-02163E019B9B.root [1177,1179,1171,1174,1176,1181,1182,1172,1178,1173,1175,1180]
/store/data/Run2017C/DoubleMuon/RAW/v1/000/301/998/00000/F459AD82-468E-E711-86D9-02163E01A210.root [707,708,712,709,713,710,711,706]
/store/data/Run2017C/DoubleMuon/RAW/v1/000/301/998/00000/F4AE4D8D-468E-E711-AC0F-02163E01A4E9.root [913,911,918,909,910,915,914,912,916,917]
/store/data/Run2017C/DoubleMuon/RAW/v1/000/301/998/00000/FA1320C4-BA8C-E711-B220-02163E01A3DE.root [13,18,15,17,14,16]
/store/data/Run2017C/DoubleMuon/RAW/v1/000/301/998/00000/FA269054-468E-E711-AFA5-02163E01A628.root [462,460,458,459,457,463,456,461]
/store/data/Run2017C/DoubleMuon/RAW/v1/000/301/998/00000/FE4E6E7C-468E-E711-A173-02163E01A366.root [613,607,611,609,612,608,606,610]
/store/data/Run2017C/DoubleMuon/RAW/v1/000/301/998/00000/FEC085CF-468E-E711-8475-02163E01A63E.root [1600,1601,1596,1599,1604,1607,1605,1608,1609,1597,1603,1606,1602,1598,1610]
