/store/data/Run2022B/MuonEG/RAW/v1/000/355/680/00000/0b80337c-f5f8-422a-af66-5d0b78981c90.root [617,623,631,633,644,645,653,662,663,680,682,683,621,624,628,641,647,673,618,629,639,646,649,656,660,668,671,672,674,619,620,625,630,664,669,675,679,684,686,626,627,632,648,665,685,655,659,677,678,615,616,635,637,638,642,650,651,652,657,667,670,681,622,634,636,640,643,654,658,661,666,676]
/store/data/Run2022B/MuonEG/RAW/v1/000/355/680/00000/1e9b6e5e-ed67-442e-a57a-f9e4b183e1aa.root [251,253,262,276,277,289,316,245,254,260,266,278,284,285,287,288,290,297,311,312,315,280,281,292,294,298,301,302,309,317,246,247,271,273,275,279,291,295,307,308,314,241,249,257,267,268,293,299,300,310,318,242,243,255,258,261,265,269,274,304,244,248,282,283,296,303,313,250,252,256,259,263,264,270,272,286,305,306]
/store/data/Run2022B/MuonEG/RAW/v1/000/355/680/00000/224ba3ea-6a87-4433-b21a-10d7909e0897.root [78,80,84,87,113,122,128,129,136,142,148,154,159,85,89,97,98,107,112,114,147,149,151,153,163,92,99,109,127,132,135,137,139,145,152,156,157,162,81,86,108,119,95,104,105,111,116,117,120,126,130,141,146,150,158,160,164,77,79,93,96,102,106,115,118,133,134,144,155,82,83,88,94,100,101,103,110,124,125,138,143,161,165,90,91,121,123,131,140]
/store/data/Run2022B/MuonEG/RAW/v1/000/355/680/00000/30a5d782-9cf4-417d-aabd-cdaee0f417c6.root [479,480,483,486,521,531,536,487,489,509,516,526,532,534,537,540,472,481,488,491,496,499,504,508,514,522,525,528,474,477,478,485,494,502,511,524,533,535,469,473,475,484,495,518,539,470,490,493,497,500,503,505,515,527,530,538,471,476,492,498,506,510,519,523,482,501,507,512,513,517,520,529]
/store/data/Run2022B/MuonEG/RAW/v1/000/355/680/00000/4ac23abe-9950-4838-b90d-f51ce57271e7.root [913,944,954,905,906,910,926,941,945,946,951,953,938,943,949,952,956,957,958,960,904,907,908,909,921,930,934,935,936,939,942,967,971,912,919,922,927,928,966,968,969,972,914,916,917,923,924,932,933,937,963,965,973,903,911,925,929,947,948,950,955,959,961,962,964,974,915,918,920,931,940,970]
/store/data/Run2022B/MuonEG/RAW/v1/000/355/680/00000/5c559494-ee7e-4c51-b3a7-cae4220a2342.root [545,558,560,572,585,595,600,605,612,547,551,568,594,604,613,541,549,571,577,582,587,602,606,550,552,556,562,565,569,575,576,579,581,588,589,590,603,544,546,563,567,591,592,599,614,542,543,555,557,561,566,584,597,609,610,611,559,570,574,578,583,586,596,548,553,554,564,573,580,593,598,601,607,608]
/store/data/Run2022B/MuonEG/RAW/v1/000/355/680/00000/5d1ed96a-7ab6-47fe-a3c2-3fe21356942a.root [836,837,847,852,864,866,871,881,886,890,891,897,839,840,855,856,873,880,838,842,844,848,853,854,870,874,892,893,899,832,835,850,851,859,868,876,879,885,833,843,849,860,862,867,894,898,834,845,846,857,858,861,863,877,878,882,884,901,902,841,875,888,889,895,865,869,872,883,887,896,900]
/store/data/Run2022B/MuonEG/RAW/v1/000/355/680/00000/74e7c468-1cd2-4e94-bebb-e93e87feb9be.root [1374,1379,1386,1388,1390,1395,1397,1403,1419,1429,1363,1367,1370,1382,1420,1432,1433,1434,1438,1375,1376,1389,1392,1393,1399,1407,1418,1428,1439,1443,1356,1368,1387,1413,1417,1423,1440,1441,1359,1360,1369,1377,1381,1383,1384,1385,1405,1411,1416,1425,1357,1362,1366,1371,1378,1380,1391,1394,1398,1400,1406,1409,1410,1421,1427,1436,1355,1361,1364,1373,1396,1402,1408,1415,1422,1430,1437,1358,1365,1372,1401,1404,1412,1414,1424,1426,1431,1435,1442,1444]
/store/data/Run2022B/MuonEG/RAW/v1/000/355/680/00000/7b4f00ab-35b4-4245-9ed1-99da9884df71.root [1542,1544,1546,1553,1562,1566,1573,1580,1589,1595,1597,1611,1633,1640,1646,1538,1539,1543,1567,1571,1596,1614,1615,1619,1628,1629,1643,1541,1552,1568,1583,1584,1590,1594,1601,1610,1622,1623,1631,1637,1644,1547,1548,1551,1563,1569,1570,1572,1576,1577,1582,1598,1605,1607,1617,1618,1624,1638,1641,1564,1578,1586,1587,1593,1602,1606,1612,1626,1647,1540,1549,1556,1565,1579,1581,1585,1603,1625,1642,1545,1550,1554,1557,1558,1559,1574,1575,1588,1591,1609,1613,1616,1620,1621,1634,1639,1645,1648,1555,1560,1561,1592,1599,1600,1604,1608,1627,1630,1632,1635,1636]
/store/data/Run2022B/MuonEG/RAW/v1/000/355/680/00000/7ea056c9-bad1-4d82-8bca-3a5e40074368.root [980,986,992,993,997,1001,1015,983,1004,1005,1013,1018,1019,1045,979,990,998,1007,1008,1010,1012,1021,1022,1024,1033,988,991,1000,1006,1014,1016,1025,1028,1031,1036,1041,987,989,1017,1023,1038,1039,1040,975,981,984,985,995,999,1002,1027,1030,1032,1034,1037,1043,1044,976,977,1009,1020,1029,1035,978,982,994,996,1003,1011,1026,1042,1046]
/store/data/Run2022B/MuonEG/RAW/v1/000/355/680/00000/83399ab2-db28-434d-9679-e1b987062995.root [1288,1295,1296,1298,1322,1328,1333,1336,1337,1351,1274,1279,1285,1293,1297,1299,1311,1312,1314,1321,1324,1327,1329,1343,1344,1350,1287,1307,1347,1348,1273,1276,1277,1283,1308,1309,1317,1340,1342,1349,1278,1280,1294,1300,1303,1305,1306,1313,1315,1320,1325,1326,1330,1339,1345,1346,1272,1281,1282,1286,1290,1310,1318,1323,1353,1284,1289,1292,1301,1316,1331,1332,1334,1335,1338,1352,1275,1291,1302,1304,1319,1341,1354]
/store/data/Run2022B/MuonEG/RAW/v1/000/355/680/00000/89ef13da-a641-4f00-84e7-4b6084f0bf5c.root [395,396,401,413,415,430,449,403,404,406,420,423,437,440,441,447,398,402,409,410,412,425,429,433,448,451,463,407,417,432,434,443,454,457,459,397,400,408,422,426,435,439,444,446,452,461,416,431,442,458,462,467,468,405,421,424,427,445,450,453,455,460,465,399,411,414,418,419,428,436,438,456,464,466]
/store/data/Run2022B/MuonEG/RAW/v1/000/355/680/00000/96ff1a6f-11ca-4b1e-8731-321cee6cef70.root [324,334,336,338,348,358,365,372,385,394,319,327,342,345,347,361,363,376,381,382,393,329,353,355,366,371,380,389,392,326,339,343,346,351,354,356,359,375,379,335,350,357,360,362,374,377,388,391,321,323,325,332,340,341,344,349,352,364,368,369,370,378,328,330,367,384,387,390,320,322,331,333,337,373,383,386]
/store/data/Run2022B/MuonEG/RAW/v1/000/355/680/00000/a25e1964-d288-4465-8ef0-b5d66401f1df.root [1120,1133,1134,1141,1146,1153,1160,1184,1122,1124,1138,1149,1151,1170,1173,1181,1186,1125,1129,1136,1142,1150,1155,1163,1166,1178,1187,1188,1192,1119,1135,1143,1148,1177,1121,1123,1130,1144,1147,1152,1162,1164,1171,1189,1126,1127,1140,1154,1157,1158,1161,1169,1174,1179,1128,1131,1132,1137,1145,1165,1175,1176,1180,1183,1191,1193,1194,1139,1156,1159,1167,1168,1172,1182,1185,1190]
/store/data/Run2022B/MuonEG/RAW/v1/000/355/680/00000/a9d228bf-ed0f-4470-adc0-1c3460e5f324.root [697,703,708,715,717,731,735,744,754,757,688,693,698,707,710,711,716,725,728,729,733,743,745,750,759,690,699,700,702,706,721,724,732,748,749,753,758,687,689,691,701,704,719,720,726,727,740,746,751,752,756,722,723,747,755,692,696,709,734,738,742,694,713,714,730,736,695,705,712,718,737,739,741]
/store/data/Run2022B/MuonEG/RAW/v1/000/355/680/00000/bb0d320e-ed25-4f90-af2e-7962c914f007.root [3,5,21,27,32,43,56,63,4,9,14,15,26,29,33,35,38,54,62,64,65,67,70,71,12,13,18,30,31,45,49,52,68,73,6,20,22,23,25,34,36,37,39,47,57,61,1,40,69,75,2,17,28,42,50,59,74,7,10,19,24,44,51,53,55,58,72,76,8,11,16,41,46,48,60,66]
/store/data/Run2022B/MuonEG/RAW/v1/000/355/680/00000/bc3777f8-e8bd-41c3-84a8-982823f947f5.root [1465,1487,1505,1518,1524,1526,1527,1536,1451,1457,1475,1480,1481,1495,1503,1515,1516,1445,1454,1466,1468,1473,1496,1510,1511,1521,1529,1533,1455,1467,1471,1476,1486,1497,1506,1517,1522,1525,1453,1456,1458,1462,1483,1492,1499,1504,1509,1512,1513,1528,1530,1531,1448,1449,1450,1459,1469,1484,1491,1498,1507,1535,1464,1470,1474,1477,1482,1490,1493,1501,1523,1532,1534,1446,1447,1452,1460,1461,1463,1472,1478,1479,1485,1488,1489,1494,1500,1502,1508,1514,1519,1520,1537]
/store/data/Run2022B/MuonEG/RAW/v1/000/355/680/00000/c4bbcdb9-c9f1-4726-8134-e0e848ca8698.root [1653,1658,1660,1659,1652,1657,1661,1649,1650,1651,1655,1656,1654]
/store/data/Run2022B/MuonEG/RAW/v1/000/355/680/00000/d3a17505-b6ac-41c9-96b7-8158dd942bd3.root [166,180,191,192,202,208,219,221,231,239,181,182,184,193,204,209,218,237,168,173,186,189,200,207,217,222,223,232,172,197,199,205,212,234,175,176,183,187,188,195,196,201,215,216,224,240,169,174,178,179,194,198,211,225,229,230,235,167,170,171,185,190,210,213,226,228,177,203,206,214,220,227,233,236,238]
/store/data/Run2022B/MuonEG/RAW/v1/000/355/680/00000/d5576233-3284-4961-ad5e-a93b153e2f2a.root [1209,1211,1212,1215,1239,1249,1253,1258,1259,1263,1265,1269,1270,1197,1200,1207,1217,1221,1228,1230,1233,1234,1235,1243,1244,1246,1252,1254,1260,1266,1268,1196,1201,1214,1216,1220,1222,1224,1242,1256,1262,1267,1271,1195,1202,1237,1247,1198,1206,1210,1223,1225,1227,1231,1245,1255,1264,1199,1203,1204,1205,1218,1232,1236,1261,1213,1229,1241,1250,1208,1219,1226,1238,1240,1248,1251,1257]
/store/data/Run2022B/MuonEG/RAW/v1/000/355/680/00000/f2855c99-e136-468b-9348-0bdf02dfa7d8.root [1058,1071,1072,1079,1100,1108,1115,1051,1056,1064,1067,1069,1075,1083,1101,1111,1047,1048,1052,1054,1062,1066,1082,1084,1090,1094,1095,1104,1116,1118,1050,1074,1081,1085,1092,1093,1097,1105,1107,1109,1110,1049,1057,1059,1065,1068,1073,1086,1089,1091,1096,1112,1053,1055,1087,1088,1099,1102,1106,1114,1060,1063,1070,1077,1078,1103,1113,1117,1061,1076,1080,1098]
/store/data/Run2022B/MuonEG/RAW/v1/000/355/680/00000/f3408ffb-f216-438d-a5de-fa84120e3b08.root [763,772,799,802,784,794,808,809,810,819,825,827,828,831,764,781,788,800,803,806,829,830,766,777,782,785,786,789,790,793,798,811,812,817,820,824,826,768,769,771,773,775,787,791,795,805,818,822,762,770,776,796,814,761,774,778,801,804,807,815,816,760,765,767,779,780,783,792,797,813,821,823]
