/store/data/Run2023C/Commissioning/RAW/v1/000/367/131/00000/05ca68ca-fc1a-4dd7-8560-ff26cc58d1c9.root [110,116,118,112,115,119,108,113,117,114,109,111]
/store/data/Run2023C/Commissioning/RAW/v1/000/367/131/00000/324738c7-9cc2-4c16-93cf-8e8e093a235f.root [89,94,85,91,86,88,95,92,84,87,90,93]
/store/data/Run2023C/Commissioning/RAW/v1/000/367/131/00000/46cce3a0-eb35-4381-b6a1-94d99678685e.root [37,29,30,31,32,34,33,35,36,38]
/store/data/Run2023C/Commissioning/RAW/v1/000/367/131/00000/5a69800b-031d-4916-ab84-6826a5db0473.root [75,76,79,72,81,82,71,70,83,69,78,74,80,73,77]
/store/data/Run2023C/Commissioning/RAW/v1/000/367/131/00000/7a630d8e-25e2-4b16-8424-0314cfbe2a35.root [39,40,49,60,64,43,48,50,62,44,59,53,57,41,54,61,63,66,68,45,47,52,55,56,58,42,46,51,65,67]
/store/data/Run2023C/Commissioning/RAW/v1/000/367/131/00000/7d57d8a3-f51a-4233-8226-4060286384fe.root [100,97,99,98,102,96,106,107,101,105,103,104]
/store/data/Run2023C/Commissioning/RAW/v1/000/367/131/00000/9f2c34dc-9fe0-4c3b-baf6-07e7289113ba.root [133,136,138,134,141,142,143,132,135,137,140,139]
/store/data/Run2023C/Commissioning/RAW/v1/000/367/131/00000/a5f52f1a-4f42-4b74-a205-fa486aa249f7.root [10,18,11,15,9,12,17,13,16,14]
/store/data/Run2023C/Commissioning/RAW/v1/000/367/131/00000/aae791ab-4cfb-47c5-ae3f-87724d026bd5.root [19,22,25,21,26,20,23,27,28,24]
/store/data/Run2023C/Commissioning/RAW/v1/000/367/131/00000/dd656958-e549-47da-8c81-0aa787260920.root [5,2,3,7,1,6,8,4]
/store/data/Run2023C/Commissioning/RAW/v1/000/367/131/00000/ddf22d12-41c6-4cd4-a385-d90da9907751.root [125,129,121,122,124,126,127,120,128,123,130,131]
/store/data/Run2023C/Commissioning/RAW/v1/000/367/131/00000/ea1ea5dd-66aa-4900-a9cb-2975dfd4a6f5.root [144,146,145,148,147]
