/store/data/Run2024I/HcalNZS/RAW/v1/000/386/593/00000/0810b0c2-3ce9-4217-9b9a-3c448a72a065.root [559,562,560,561]
/store/data/Run2024I/HcalNZS/RAW/v1/000/386/593/00000/095f099a-995c-4571-a9be-fb66e945ff9c.root [610,608,612,616,621,619,611,609,620,613,614,618,622,615,617,623]
/store/data/Run2024I/HcalNZS/RAW/v1/000/386/593/00000/0ce9610b-d8d0-400e-b202-058205684cb5.root [175,172,176,177,179,181,183,178,186,173,174,180,184,182,185]
/store/data/Run2024I/HcalNZS/RAW/v1/000/386/593/00000/15add25c-14fd-46ec-8a8d-d0c44ef41325.root [145,155,153,143,152,156,144,148,147,151,146,149,150,154]
/store/data/Run2024I/HcalNZS/RAW/v1/000/386/593/00000/1c263b86-c8b3-40e9-955a-55e9a988877c.root [631,634,629,635,636,627,630,628,633,624,625,626,632,637]
/store/data/Run2024I/HcalNZS/RAW/v1/000/386/593/00000/1d493629-2478-4fbb-be66-46853ed6cd76.root [476,479,481,483,475,482,487,478,480,488,477,485,486,484]
/store/data/Run2024I/HcalNZS/RAW/v1/000/386/593/00000/2caf7f82-6b97-422d-a580-4bc2fc1abcba.root [520,523,516,521,524,529,522,526,528,525,527,517,519,518]
/store/data/Run2024I/HcalNZS/RAW/v1/000/386/593/00000/3233ec46-34a1-4e7d-ad3d-666f9e520192.root [435,439,445,444,432,433,434,443,441,436,437,440,438,442,446]
/store/data/Run2024I/HcalNZS/RAW/v1/000/386/593/00000/32924ca6-c062-4e65-b258-d374f36aeef4.root [379,385,378,373,386,387,374,376,382,383,388,381,375,380,377,384]
/store/data/Run2024I/HcalNZS/RAW/v1/000/386/593/00000/32b50ecb-2ceb-424d-8c62-36bf6d9905c9.root [165,166,158,167,163,164,159,161,162,168,171,157,160,169,170]
/store/data/Run2024I/HcalNZS/RAW/v1/000/386/593/00000/3b617212-0336-4c32-8b51-1a33208f5598.root [344,349,357,354,345,353,355,346,347,348,350,351,352,356]
/store/data/Run2024I/HcalNZS/RAW/v1/000/386/593/00000/430ebdd7-417e-47dc-995c-229de191cf84.root [131,142,130,139,129,133,136,135,134,140,132,128,137,138,141]
/store/data/Run2024I/HcalNZS/RAW/v1/000/386/593/00000/4342b127-5f4c-4980-8646-c3aee46fa230.root [58,59,66,69,60,57,63,68,61,64,70,62,65,67]
/store/data/Run2024I/HcalNZS/RAW/v1/000/386/593/00000/46c634bf-7053-4240-87d6-69cdb59f3194.root [295,299,288,292,294,298,287,290,293,297,289,291,296,300]
/store/data/Run2024I/HcalNZS/RAW/v1/000/386/593/00000/57946168-22aa-44bc-b032-a9c8865991a0.root [655,657,656,658]
/store/data/Run2024I/HcalNZS/RAW/v1/000/386/593/00000/57f71671-6339-4896-8173-f305b160c52e.root [102,104,109,111,105,108,100,113,107,110,101,103,106,112]
/store/data/Run2024I/HcalNZS/RAW/v1/000/386/593/00000/617e4d30-38f0-429b-9738-88cef303fc5f.root [579,588,583,587,589,586,593,582,580,581,584,592,585,590,591]
/store/data/Run2024I/HcalNZS/RAW/v1/000/386/593/00000/70ede9fc-5f2e-4de1-b9e2-ba32e46283e1.root [204,203,207,213,202,210,208,209,214,216,205,206,211,212,215]
/store/data/Run2024I/HcalNZS/RAW/v1/000/386/593/00000/836e5182-19da-40ab-b7df-06faec004cb6.root [597,603,599,598,604,606,595,607,600,594,601,602,605,596]
/store/data/Run2024I/HcalNZS/RAW/v1/000/386/593/00000/84b5598d-fe3e-41f2-a80c-14a0233a22bd.root [548,550,545,546,553,556,555,557,544,547,554,549,551,552,558]
/store/data/Run2024I/HcalNZS/RAW/v1/000/386/593/00000/8bab6de9-f336-4799-ba0c-427aad7197bd.root [649,638,639,646,640,642,645,650,651,641,648,643,647,652,644]
/store/data/Run2024I/HcalNZS/RAW/v1/000/386/593/00000/8f7275d1-67ce-4228-b924-7d6be9641adb.root [404,414,415,411,405,408,412,409,410,413,403,407,416,406]
/store/data/Run2024I/HcalNZS/RAW/v1/000/386/593/00000/91ec17f5-560b-43d4-aeb4-bdf28a5d80af.root [662,660,664,663,661]
/store/data/Run2024I/HcalNZS/RAW/v1/000/386/593/00000/9e12ac3d-a44f-4324-b41c-0372e16d2d26.root [231,236,237,238,242,241,244,234,239,240,243,235,233,232]
/store/data/Run2024I/HcalNZS/RAW/v1/000/386/593/00000/a0588405-10bf-48c5-843f-4a2bf2a0c2b8.root [34,31,39,32,35,36,40,41,42,30,33,43,37,38]
/store/data/Run2024I/HcalNZS/RAW/v1/000/386/593/00000/a38727d0-c993-4970-8bc8-704fe2698b5c.root [515,504,503,505,506,512,508,513,509,507,511,510,514]
/store/data/Run2024I/HcalNZS/RAW/v1/000/386/593/00000/a6807e0f-0e5c-4800-bb9a-6f05ffe00bdc.root [453,457,460,450,451,456,458,459,452,455,447,448,449,454]
/store/data/Run2024I/HcalNZS/RAW/v1/000/386/593/00000/a9a2509f-232b-47e0-b6d7-df7937a62fae.root [6,8,9,11,15,1,10,2,5,13,4,12,7,14,3]
/store/data/Run2024I/HcalNZS/RAW/v1/000/386/593/00000/af3e36a5-1769-43be-b0d4-2f535689a376.root [245,252,258,246,247,250,251,248,254,253,257,255,249,256]
/store/data/Run2024I/HcalNZS/RAW/v1/000/386/593/00000/b633c0f5-d84f-4f4e-b8f6-e041515f601e.root [334,335,338,336,343,333,337,342,331,332,339,340,330,341]
/store/data/Run2024I/HcalNZS/RAW/v1/000/386/593/00000/b8f4388c-f332-42d5-949b-dacc3d6059fc.root [653]
/store/data/Run2024I/HcalNZS/RAW/v1/000/386/593/00000/bad17359-ba77-40d1-a2a5-4956fa1a33e7.root [318,325,319,321,324,326,327,329,320,323,316,317,322,328]
/store/data/Run2024I/HcalNZS/RAW/v1/000/386/593/00000/bb7bcd57-27fe-4c2c-86d8-3053ef013ed7.root [86,90,91,94,89,95,98,97,87,92,88,93,96,99]
/store/data/Run2024I/HcalNZS/RAW/v1/000/386/593/00000/bd74e8c5-3c09-435c-b00e-8f80629500e7.root [431,424,417,423,429,419,420,425,428,418,421,430,422,426,427]
/store/data/Run2024I/HcalNZS/RAW/v1/000/386/593/00000/c4be3898-2cd2-4e7b-a861-f66dcddbd1ad.root [490,493,497,494,499,500,498,489,501,496,495,502,491,492]
/store/data/Run2024I/HcalNZS/RAW/v1/000/386/593/00000/c73b05e7-d973-4c44-8203-0c28d1116e05.root [391,392,402,389,393,398,399,400,395,390,394,401,396,397]
/store/data/Run2024I/HcalNZS/RAW/v1/000/386/593/00000/c8a0de39-0d05-4b7c-a087-f1d509eda690.root [44,54,45,51,52,47,48,49,50,53,55,46,56]
/store/data/Run2024I/HcalNZS/RAW/v1/000/386/593/00000/c97f6535-4a70-4907-a971-fe138f20706b.root [188,195,201,187,200,189,192,193,199,190,191,194,196,197,198]
/store/data/Run2024I/HcalNZS/RAW/v1/000/386/593/00000/cdcacdc3-4c0f-4874-a7b5-e79e3505b70f.root [274,279,282,281,273,277,278,284,286,275,280,283,285,276]
/store/data/Run2024I/HcalNZS/RAW/v1/000/386/593/00000/d20dada6-7bbe-45ae-b7ec-965bb233ae90.root [219,220,221,224,229,217,227,223,228,222,225,218,226,230]
/store/data/Run2024I/HcalNZS/RAW/v1/000/386/593/00000/d50a0a9a-da8c-4c73-8b07-315ca4df38f2.root [358,359,362,370,366,360,364,371,361,363,369,365,368,372,367]
/store/data/Run2024I/HcalNZS/RAW/v1/000/386/593/00000/e15bc525-6593-4855-9290-afe3a34c0216.root [468,470,471,466,474,461,464,467,469,472,473,465,462,463]
/store/data/Run2024I/HcalNZS/RAW/v1/000/386/593/00000/ec82687e-91c4-4698-9039-5b7a7c70c9f5.root [114,117,124,116,120,122,123,115,118,125,126,127,119,121]
/store/data/Run2024I/HcalNZS/RAW/v1/000/386/593/00000/f56842f7-0ff5-4e13-9074-748956d35f43.root [537,535,539,542,532,536,541,543,530,538,531,533,534,540]
/store/data/Run2024I/HcalNZS/RAW/v1/000/386/593/00000/f5c4949b-eba8-48e1-a680-a446fa15c563.root [304,310,301,309,312,306,311,313,307,308,303,302,315,305,314]
/store/data/Run2024I/HcalNZS/RAW/v1/000/386/593/00000/f61c65e7-d73d-4acb-92ef-075cbbf5b3ff.root [76,72,84,85,74,73,78,81,82,71,79,83,75,80,77]
/store/data/Run2024I/HcalNZS/RAW/v1/000/386/593/00000/facb6db6-63bd-43c3-a3c7-8e1552918e8b.root [566,567,568,575,569,565,572,577,570,571,573,578,564,576,574]
/store/data/Run2024I/HcalNZS/RAW/v1/000/386/593/00000/fe63893b-b804-43e9-a3ab-a30b27b86a82.root [24,26,16,21,22,23,17,18,25,28,29,20,27,19]
/store/data/Run2024I/HcalNZS/RAW/v1/000/386/593/00000/ff36d80d-edef-4837-83c2-81c5eeb2a797.root [263,271,262,268,265,266,272,264,270,260,259,261,267,269]
