/store/data/Run2017C/MuOnia/RAW/v1/000/301/998/00000/00A4CC34-478E-E711-9030-02163E0145B1.root [120,121,117,115,116,119,118]
/store/data/Run2017C/MuOnia/RAW/v1/000/301/998/00000/020FC718-478E-E711-AFE9-02163E011AC5.root [876,878,879,870,873,871,874,875,872,877]
/store/data/Run2017C/MuOnia/RAW/v1/000/301/998/00000/021EF937-468E-E711-89E5-02163E011F56.root [708,715,709,713,714,710,711,712]
/store/data/Run2017C/MuOnia/RAW/v1/000/301/998/00000/022DCFE3-468E-E711-B83C-02163E01A5E2.root [535,528,534,532,533,529,536,537,531,530]
/store/data/Run2017C/MuOnia/RAW/v1/000/301/998/00000/041FA5F6-468E-E711-9147-02163E0141C5.root [795,793,799,791,792,796,797,798,794,790]
/store/data/Run2017C/MuOnia/RAW/v1/000/301/998/00000/04564CF5-468E-E711-8DAF-02163E01A44A.root [380,374,376,375,381,377,373,379,378]
/store/data/Run2017C/MuOnia/RAW/v1/000/301/998/00000/04589761-DA8C-E711-A681-02163E019BAB.root [64,59,60,58,61,63,62]
/store/data/Run2017C/MuOnia/RAW/v1/000/301/998/00000/0688BFF3-468E-E711-B511-02163E01A1BD.root [218,219,222,221,225,224,220,223]
/store/data/Run2017C/MuOnia/RAW/v1/000/301/998/00000/06F6047C-DA8C-E711-ABCA-02163E014410.root [49,47,48,50,44,45,46]
/store/data/Run2017C/MuOnia/RAW/v1/000/301/998/00000/08A0D6FE-468E-E711-93C4-02163E0129B4.root [154,156,161,155,157,159,158,160]
/store/data/Run2017C/MuOnia/RAW/v1/000/301/998/00000/08E8D8FF-468E-E711-A3C0-02163E01A2AB.root [952,953,960,954,956,951,955,957,959,958]
/store/data/Run2017C/MuOnia/RAW/v1/000/301/998/00000/0A37AA7D-DA8C-E711-99B5-02163E011D56.root [56,53,55,52,54,51,57]
/store/data/Run2017C/MuOnia/RAW/v1/000/301/998/00000/0CC6011D-478E-E711-BFB3-02163E019D25.root [993,997,998,991,996,999,995,1000,992,994]
/store/data/Run2017C/MuOnia/RAW/v1/000/301/998/00000/0E6BE2FE-468E-E711-B347-02163E012595.root [1314,1315,1317,1318,1326,1323,1325,1316,1320,1313,1322,1319,1321,1324]
/store/data/Run2017C/MuOnia/RAW/v1/000/301/998/00000/128F7282-DA8C-E711-A09F-02163E0133DE.root [30,32,34,35,36,29,31,33]
/store/data/Run2017C/MuOnia/RAW/v1/000/301/998/00000/12A291C4-468E-E711-B4F4-02163E019DEE.root [1278,1285,1282,1284,1281,1287,1279,1280,1286,1288,1283,1277]
/store/data/Run2017C/MuOnia/RAW/v1/000/301/998/00000/12C2BDE1-468E-E711-B14B-02163E01386F.root [389,382,383,387,385,386,388,384]
/store/data/Run2017C/MuOnia/RAW/v1/000/301/998/00000/1439F40F-468E-E711-B010-02163E01A674.root [661,659,658,660,662,664,656,657,663]
/store/data/Run2017C/MuOnia/RAW/v1/000/301/998/00000/14A6984D-478E-E711-87F2-02163E01A504.root [781,782,783,786,784,785,787,789,780,788]
/store/data/Run2017C/MuOnia/RAW/v1/000/301/998/00000/14B2B6FB-468E-E711-8D8A-02163E019D53.root [861,864,867,869,866,868,863,862,865,860]
/store/data/Run2017C/MuOnia/RAW/v1/000/301/998/00000/1692DCF8-468E-E711-B5B6-02163E019D0A.root [1046,1043,1045,1049,1042,1047,1041,1044,1048,1050]
/store/data/Run2017C/MuOnia/RAW/v1/000/301/998/00000/16E0AE00-478E-E711-AF5E-02163E01A47C.root [538,541,542,543,539,545,540,544,546,547]
/store/data/Run2017C/MuOnia/RAW/v1/000/301/998/00000/18842DAE-DA8C-E711-907D-02163E0144F9.root [66,70,67,65,68,71,69]
/store/data/Run2017C/MuOnia/RAW/v1/000/301/998/00000/1C43AECA-468E-E711-A42D-02163E0133BA.root [1069,1068,1066,1063,1067,1061,1062,1065,1064,1070,1071,1072]
/store/data/Run2017C/MuOnia/RAW/v1/000/301/998/00000/1E5C170F-478E-E711-926B-02163E01A5DA.root [1221,1217,1219,1224,1226,1220,1227,1225,1228,1222,1218,1223]
/store/data/Run2017C/MuOnia/RAW/v1/000/301/998/00000/20FD4FC0-468E-E711-B084-02163E019C9A.root [1494,1501,1498,1502,1504,1497,1503,1507,1499,1505,1496,1500,1506,1508,1495]
/store/data/Run2017C/MuOnia/RAW/v1/000/301/998/00000/22A09BF2-468E-E711-89EA-02163E013522.root [855,851,852,853,854,859,856,858,850,857]
/store/data/Run2017C/MuOnia/RAW/v1/000/301/998/00000/2415A120-478E-E711-9746-02163E01A532.root [1648,1650,1660,1664,1649,1653,1659,1644,1646,1661,1647,1652,1645,1651,1655,1657,1658,1654,1656,1662,1663]
/store/data/Run2017C/MuOnia/RAW/v1/000/301/998/00000/24293B2C-478E-E711-B26F-02163E012A46.root [966,969,965,961,962,963,964,968,970,967]
/store/data/Run2017C/MuOnia/RAW/v1/000/301/998/00000/247B010A-478E-E711-8702-02163E019C3E.root [1101,1098,1106,1107,1099,1103,1104,1108,1100,1105,1102,1097]
/store/data/Run2017C/MuOnia/RAW/v1/000/301/998/00000/24B56526-468E-E711-923E-02163E01A6F0.root [707,701,704,706,699,703,705,702,700]
/store/data/Run2017C/MuOnia/RAW/v1/000/301/998/00000/26735431-468E-E711-884E-02163E01A1CC.root [733,734,732,735,736,737,738,739]
/store/data/Run2017C/MuOnia/RAW/v1/000/301/998/00000/26B94530-478E-E711-A5BA-02163E014146.root [1667,1671,1674,1672,1675,1678,1677,1669,1673,1666,1665,1668,1670,1676,1679]
/store/data/Run2017C/MuOnia/RAW/v1/000/301/998/00000/26FC98FE-468E-E711-81C4-02163E014567.root [91,94,96,92,93,97,95,98]
/store/data/Run2017C/MuOnia/RAW/v1/000/301/998/00000/280DD2F8-468E-E711-90AA-02163E01A1FE.root [1329,1336,1327,1337,1340,1339,1334,1330,1331,1333,1335,1328,1332,1338]
/store/data/Run2017C/MuOnia/RAW/v1/000/301/998/00000/28967DC9-468E-E711-AA78-02163E01A4AB.root [480,483,486,482,487,484,481,485,478,479]
/store/data/Run2017C/MuOnia/RAW/v1/000/301/998/00000/32799FDD-468E-E711-A76A-02163E014141.root [1017,1012,1015,1011,1018,1019,1016,1014,1020,1013]
/store/data/Run2017C/MuOnia/RAW/v1/000/301/998/00000/32A86BF1-468E-E711-8BA5-02163E019B6B.root [1570,1574,1573,1581,1571,1576,1569,1572,1578,1579,1582,1577,1575,1580,1583]
/store/data/Run2017C/MuOnia/RAW/v1/000/301/998/00000/34ED2AD2-468E-E711-82A2-02163E01338B.root [971,980,972,976,978,975,979,973,974,977]
/store/data/Run2017C/MuOnia/RAW/v1/000/301/998/00000/38313F21-468E-E711-A604-02163E0145BD.root [618,620,626,627,621,622,623,619,624,625]
/store/data/Run2017C/MuOnia/RAW/v1/000/301/998/00000/389BD9DF-468E-E711-89C6-02163E01A3D9.root [906,910,904,908,901,902,909,903,905,907]
/store/data/Run2017C/MuOnia/RAW/v1/000/301/998/00000/38D5BEF7-468E-E711-82B4-02163E0142C6.root [322,323,324,327,325,326,329,328]
/store/data/Run2017C/MuOnia/RAW/v1/000/301/998/00000/3C0169DD-BA8C-E711-AD1A-02163E01419E.root [3,2,4,6,5,7,1]
/store/data/Run2017C/MuOnia/RAW/v1/000/301/998/00000/3EDD9544-478E-E711-A0FE-02163E0141AC.root [1481,1488,1492,1493,1483,1490,1491,1480,1486,1479,1487,1489,1482,1484,1485]
/store/data/Run2017C/MuOnia/RAW/v1/000/301/998/00000/424648E4-468E-E711-AA58-02163E0124FF.root [260,259,258,252,255,253,257,254,256]
/store/data/Run2017C/MuOnia/RAW/v1/000/301/998/00000/42ED14E9-468E-E711-9285-02163E019DB7.root [1022,1023,1027,1028,1029,1026,1021,1024,1025,1030]
/store/data/Run2017C/MuOnia/RAW/v1/000/301/998/00000/46889C03-478E-E711-93A1-02163E01A4FE.root [87,90,84,86,85,88,89]
/store/data/Run2017C/MuOnia/RAW/v1/000/301/998/00000/482BE597-478E-E711-9C2F-02163E013860.root [1603,1608,1611,1599,1612,1604,1600,1610,1606,1609,1613,1601,1602,1607,1605]
/store/data/Run2017C/MuOnia/RAW/v1/000/301/998/00000/48ED0F1A-478E-E711-A254-02163E019E41.root [151,146,149,150,153,147,148,152]
/store/data/Run2017C/MuOnia/RAW/v1/000/301/998/00000/4CD9C429-478E-E711-AE9A-02163E01A59D.root [1586,1598,1585,1587,1597,1591,1596,1584,1594,1590,1592,1593,1595,1588,1589]
/store/data/Run2017C/MuOnia/RAW/v1/000/301/998/00000/4E1F8720-468E-E711-8458-02163E0118FB.root [678,680,679,681,675,677,673,674,676]
/store/data/Run2017C/MuOnia/RAW/v1/000/301/998/00000/4EAEBC01-468E-E711-A6F8-02163E0119FB.root [608,609,612,617,615,616,614,613,611,610]
/store/data/Run2017C/MuOnia/RAW/v1/000/301/998/00000/50D85F32-468E-E711-B25A-02163E019D0B.root [639,641,645,638,642,643,644,646,640]
/store/data/Run2017C/MuOnia/RAW/v1/000/301/998/00000/50E8D8E4-468E-E711-B193-02163E013478.root [414,417,421,422,423,416,420,415,418,419]
/store/data/Run2017C/MuOnia/RAW/v1/000/301/998/00000/527C80F2-468E-E711-92FA-02163E01A5C4.root [166,163,164,167,165,169,162,168]
/store/data/Run2017C/MuOnia/RAW/v1/000/301/998/00000/543866CC-468E-E711-A07F-02163E01A301.root [569,575,573,570,571,572,574,576,568,577]
/store/data/Run2017C/MuOnia/RAW/v1/000/301/998/00000/548EE7D1-468E-E711-9125-02163E011E4D.root [1031,1038,1039,1032,1034,1033,1036,1037,1040,1035]
/store/data/Run2017C/MuOnia/RAW/v1/000/301/998/00000/56B41202-468E-E711-84BD-02163E01A38B.root [629,635,636,632,628,633,637,630,631,634]
/store/data/Run2017C/MuOnia/RAW/v1/000/301/998/00000/5A13CFE6-468E-E711-A2CE-02163E01A4B7.root [943,946,948,949,950,945,941,947,942,944]
/store/data/Run2017C/MuOnia/RAW/v1/000/301/998/00000/5A1B21D3-468E-E711-A23C-02163E01A1DA.root [1140,1142,1143,1137,1138,1135,1141,1133,1136,1139,1144,1134]
/store/data/Run2017C/MuOnia/RAW/v1/000/301/998/00000/5C002322-468E-E711-8F57-02163E0119D5.root [744,742,741,745,743,749,747,748,740,746]
/store/data/Run2017C/MuOnia/RAW/v1/000/301/998/00000/5C6E772B-488E-E711-8707-02163E01344B.root [205,208,206,207,209,204,202,203]
/store/data/Run2017C/MuOnia/RAW/v1/000/301/998/00000/5C7DE071-488E-E711-AB8F-02163E01389A.root [370,367,369,372,365,366,368,371]
/store/data/Run2017C/MuOnia/RAW/v1/000/301/998/00000/5EC9F7D6-468E-E711-8EBF-02163E011949.root [470,471,473,474,472,468,469,475,476,477]
/store/data/Run2017C/MuOnia/RAW/v1/000/301/998/00000/6045C5E5-468E-E711-AD33-02163E012B8E.root [894,891,896,897,898,892,900,893,895,899]
/store/data/Run2017C/MuOnia/RAW/v1/000/301/998/00000/604C8CF9-468E-E711-948F-02163E012B9B.root [923,924,927,925,926,921,930,922,928,929]
/store/data/Run2017C/MuOnia/RAW/v1/000/301/998/00000/60F1ACED-468E-E711-A863-02163E01A63D.root [401,403,400,398,402,405,404,399]
/store/data/Run2017C/MuOnia/RAW/v1/000/301/998/00000/646274FC-468E-E711-A2EA-02163E0133A4.root [601,598,602,605,599,604,600,603,607,606]
/store/data/Run2017C/MuOnia/RAW/v1/000/301/998/00000/64729741-478E-E711-A7C1-02163E01A4E1.root [580,582,586,583,585,578,579,584,581,587]
/store/data/Run2017C/MuOnia/RAW/v1/000/301/998/00000/64BB51D0-468E-E711-867D-02163E019BE2.root [804,808,800,802,805,807,801,806,809,803]
/store/data/Run2017C/MuOnia/RAW/v1/000/301/998/00000/669373CF-468E-E711-9FB9-02163E011BF2.root [340,343,344,345,346,341,347,342,339]
/store/data/Run2017C/MuOnia/RAW/v1/000/301/998/00000/6857D8F9-468E-E711-B0D4-02163E01A1E3.root [770,777,773,772,771,774,775,778,779,776]
/store/data/Run2017C/MuOnia/RAW/v1/000/301/998/00000/689014EE-468E-E711-8EF4-02163E0117FF.root [1207,1205,1213,1211,1212,1206,1216,1209,1210,1214,1215,1208]
/store/data/Run2017C/MuOnia/RAW/v1/000/301/998/00000/68F1E1BF-468E-E711-A393-02163E01A6F3.root [1145,1155,1153,1150,1151,1154,1152,1147,1146,1149,1156,1148]
/store/data/Run2017C/MuOnia/RAW/v1/000/301/998/00000/6A7AB402-478E-E711-A605-02163E019E12.root [1119,1110,1111,1112,1113,1115,1118,1120,1114,1117,1109,1116]
/store/data/Run2017C/MuOnia/RAW/v1/000/301/998/00000/6CD531C9-468E-E711-AB62-02163E019CA5.root [890,881,882,880,884,885,886,887,888,889,883]
/store/data/Run2017C/MuOnia/RAW/v1/000/301/998/00000/767F9DBD-468E-E711-821C-02163E013498.root [1292,1293,1300,1295,1298,1290,1291,1294,1296,1297,1299,1289]
/store/data/Run2017C/MuOnia/RAW/v1/000/301/998/00000/781AD8E0-468E-E711-8EA7-02163E019DA1.root [172,176,171,175,177,170,173,174]
/store/data/Run2017C/MuOnia/RAW/v1/000/301/998/00000/7E22A186-DA8C-E711-913A-02163E012A42.root [42,40,41,38,37,39,43]
/store/data/Run2017C/MuOnia/RAW/v1/000/301/998/00000/7E27F6BE-468E-E711-84B9-02163E014281.root [1194,1198,1203,1204,1202,1196,1197,1200,1193,1201,1195,1199]
/store/data/Run2017C/MuOnia/RAW/v1/000/301/998/00000/80C45F16-928D-E711-BFFA-02163E011DBD.root [72,74,73,75,76]
/store/data/Run2017C/MuOnia/RAW/v1/000/301/998/00000/825CFD1E-478E-E711-BCE7-02163E012332.root [1436,1438,1437,1441,1443,1434,1440,1442,1447,1439,1445,1435,1446,1444,1448]
/store/data/Run2017C/MuOnia/RAW/v1/000/301/998/00000/8417C7CF-468E-E711-8E64-02163E01A678.root [1539,1542,1544,1545,1546,1550,1541,1547,1552,1543,1548,1551,1540,1549,1553]
/store/data/Run2017C/MuOnia/RAW/v1/000/301/998/00000/8426B1E5-468E-E711-B9F6-02163E01A694.root [549,552,555,548,557,550,551,554,553,556]
/store/data/Run2017C/MuOnia/RAW/v1/000/301/998/00000/86AADE0F-468E-E711-8C3A-02163E011BE3.root [649,652,653,654,647,648,651,655,650]
/store/data/Run2017C/MuOnia/RAW/v1/000/301/998/00000/88066DE6-468E-E711-BC10-02163E01A28D.root [462,459,466,460,461,467,465,463,458,464]
/store/data/Run2017C/MuOnia/RAW/v1/000/301/998/00000/88CF56DE-468E-E711-9166-02163E01A53E.root [757,752,754,751,750,758,755,753,756,759]
/store/data/Run2017C/MuOnia/RAW/v1/000/301/998/00000/8CC57ECB-468E-E711-9131-02163E01A51E.root [1406,1400,1401,1395,1396,1405,1398,1403,1404,1397,1399,1402]
/store/data/Run2017C/MuOnia/RAW/v1/000/301/998/00000/8E56A4CC-468E-E711-BF14-02163E019C2E.root [1306,1311,1307,1309,1302,1303,1308,1304,1310,1301,1312,1305]
/store/data/Run2017C/MuOnia/RAW/v1/000/301/998/00000/8E8EB3FD-468E-E711-B23E-02163E019E0C.root [1085,1096,1091,1094,1088,1090,1092,1093,1087,1086,1089,1095]
/store/data/Run2017C/MuOnia/RAW/v1/000/301/998/00000/90746CDA-468E-E711-8974-02163E01189E.root [102,99,101,106,100,104,103,105]
/store/data/Run2017C/MuOnia/RAW/v1/000/301/998/00000/92077DD5-468E-E711-80F1-02163E014154.root [914,918,913,911,915,920,916,919,917,912]
/store/data/Run2017C/MuOnia/RAW/v1/000/301/998/00000/923F3611-478E-E711-9E3A-02163E019B43.root [454,450,456,448,452,455,457,449,451,453]
/store/data/Run2017C/MuOnia/RAW/v1/000/301/998/00000/92CF95F4-468E-E711-AD4C-02163E019D7A.root [1633,1636,1643,1631,1632,1634,1635,1630,1638,1639,1640,1641,1642,1637,1629]
/store/data/Run2017C/MuOnia/RAW/v1/000/301/998/00000/92D34EB5-468E-E711-9AB0-02163E019E90.root [240,241,236,237,239,242,235,238,234]
/store/data/Run2017C/MuOnia/RAW/v1/000/301/998/00000/92D77319-468E-E711-BBED-02163E011B1B.root [687,682,683,689,688,684,685,686]
/store/data/Run2017C/MuOnia/RAW/v1/000/301/998/00000/96A2EDC0-468E-E711-9DC0-02163E011A10.root [1184,1186,1187,1190,1181,1188,1182,1185,1189,1192,1183,1191]
/store/data/Run2017C/MuOnia/RAW/v1/000/301/998/00000/983282DB-468E-E711-B30D-02163E0139B6.root [1418,1408,1413,1409,1414,1407,1411,1416,1417,1410,1412,1415]
/store/data/Run2017C/MuOnia/RAW/v1/000/301/998/00000/987ADCE3-468E-E711-A133-02163E01A5DF.root [447,441,440,444,446,442,443,445]
/store/data/Run2017C/MuOnia/RAW/v1/000/301/998/00000/98AACDCC-468E-E711-9A25-02163E01A402.root [1266,1267,1272,1268,1269,1271,1270,1274,1276,1275,1265,1273]
/store/data/Run2017C/MuOnia/RAW/v1/000/301/998/00000/9C056ACC-468E-E711-BDFB-02163E01A4AE.root [1473,1464,1470,1477,1478,1467,1475,1468,1469,1472,1474,1466,1471,1465,1476]
/store/data/Run2017C/MuOnia/RAW/v1/000/301/998/00000/9C2FCFEC-468E-E711-B671-02163E01A412.root [1691,1692,1693,1694,1681,1685,1682,1683,1687,1689,1684,1680,1688,1690,1686]
/store/data/Run2017C/MuOnia/RAW/v1/000/301/998/00000/9CF16903-478E-E711-AAC3-02163E011AC9.root [268,262,264,265,267,269,266,263,261]
/store/data/Run2017C/MuOnia/RAW/v1/000/301/998/00000/9CFD66BE-468E-E711-8316-02163E01A235.root [819,811,814,816,810,812,813,815,818,817]
/store/data/Run2017C/MuOnia/RAW/v1/000/301/998/00000/9EE2C2DF-468E-E711-B61F-02163E01341D.root [1082,1079,1081,1083,1073,1075,1074,1076,1080,1084,1077,1078]
/store/data/Run2017C/MuOnia/RAW/v1/000/301/998/00000/A0BFB329-468E-E711-A3E2-02163E0145EB.root [1761]
/store/data/Run2017C/MuOnia/RAW/v1/000/301/998/00000/A2828EE3-468E-E711-92CC-02163E019DBE.root [281,278,284,279,283,285,286,280,282]
/store/data/Run2017C/MuOnia/RAW/v1/000/301/998/00000/A2E5B2E8-468E-E711-AC2A-02163E019D63.root [508,511,513,515,516,517,509,512,510,514]
/store/data/Run2017C/MuOnia/RAW/v1/000/301/998/00000/A2F2BBEB-468E-E711-B819-02163E01443E.root [78,79,81,83,77,80,82]
/store/data/Run2017C/MuOnia/RAW/v1/000/301/998/00000/A4600BEB-468E-E711-910F-02163E019CC2.root [1524,1529,1530,1532,1525,1531,1526,1535,1527,1533,1534,1538,1528,1536,1537]
/store/data/Run2017C/MuOnia/RAW/v1/000/301/998/00000/A6DC74EA-468E-E711-BC09-02163E019DA7.root [1054,1058,1060,1057,1052,1055,1051,1059,1053,1056]
/store/data/Run2017C/MuOnia/RAW/v1/000/301/998/00000/A6EE22C6-468E-E711-AA6B-02163E013982.root [1001,1005,1003,1004,1010,1002,1006,1009,1007,1008]
/store/data/Run2017C/MuOnia/RAW/v1/000/301/998/00000/A8119EEE-468E-E711-B6D6-02163E019E0F.root [212,215,217,213,211,210,214,216]
/store/data/Run2017C/MuOnia/RAW/v1/000/301/998/00000/A8DB392F-468E-E711-988B-02163E01A5C3.root [726,724,725,728,729,731,727,730]
/store/data/Run2017C/MuOnia/RAW/v1/000/301/998/00000/A8E424F9-468E-E711-BE00-02163E01A35C.root [828,820,824,829,822,823,826,827,821,825]
/store/data/Run2017C/MuOnia/RAW/v1/000/301/998/00000/AA380AC3-468E-E711-9B54-02163E012933.root [298,303,297,296,299,300,301,302]
/store/data/Run2017C/MuOnia/RAW/v1/000/301/998/00000/AAF066E6-BA8C-E711-91A5-02163E01A7A4.root [16,19,17,20,15,18,21]
/store/data/Run2017C/MuOnia/RAW/v1/000/301/998/00000/AE486CFC-468E-E711-A978-02163E01A79C.root [228,232,229,230,233,226,227,231]
/store/data/Run2017C/MuOnia/RAW/v1/000/301/998/00000/B2366BD4-468E-E711-B423-02163E01A3BD.root [763,764,760,767,762,766,768,761,769,765]
/store/data/Run2017C/MuOnia/RAW/v1/000/301/998/00000/B2AAA129-478E-E711-9EC4-02163E01A254.root [499,505,507,500,502,503,498,501,504,506]
/store/data/Run2017C/MuOnia/RAW/v1/000/301/998/00000/B43C97C3-468E-E711-9CF9-02163E01A77B.root [179,181,185,178,184,180,183,182]
/store/data/Run2017C/MuOnia/RAW/v1/000/301/998/00000/B468BFEC-468E-E711-BA84-02163E01A464.root [196,201,194,197,195,200,198,199]
/store/data/Run2017C/MuOnia/RAW/v1/000/301/998/00000/B4F12841-468E-E711-870B-02163E01A2EE.root [1697,1704,1705,1695,1698,1699,1703,1696,1700,1701,1702]
/store/data/Run2017C/MuOnia/RAW/v1/000/301/998/00000/B631AFFF-468E-E711-8601-02163E01A1EE.root [243,244,246,248,250,251,249,245,247]
/store/data/Run2017C/MuOnia/RAW/v1/000/301/998/00000/B66236D9-468E-E711-8736-02163E019E0B.root [1343,1347,1344,1348,1353,1346,1349,1341,1351,1354,1342,1345,1350,1352]
/store/data/Run2017C/MuOnia/RAW/v1/000/301/998/00000/B6B3A5E6-468E-E711-A936-02163E012305.root [1512,1521,1510,1511,1513,1518,1509,1514,1515,1516,1519,1522,1517,1520,1523]
/store/data/Run2017C/MuOnia/RAW/v1/000/301/998/00000/BAD0DBEE-468E-E711-B1EE-02163E01A3C6.root [1254,1260,1258,1263,1257,1259,1255,1256,1262,1253,1264,1261]
/store/data/Run2017C/MuOnia/RAW/v1/000/301/998/00000/BE355679-478E-E711-A947-02163E0134E6.root [1450,1452,1457,1458,1460,1454,1463,1462,1449,1453,1455,1461,1456,1451,1459]
/store/data/Run2017C/MuOnia/RAW/v1/000/301/998/00000/BEA9BDF8-468E-E711-8316-02163E0119E0.root [352,353,354,355,351,350,348,349]
/store/data/Run2017C/MuOnia/RAW/v1/000/301/998/00000/C26573D8-468E-E711-80C3-02163E01A709.root [409,406,408,407,411,410,412,413]
/store/data/Run2017C/MuOnia/RAW/v1/000/301/998/00000/C41459E2-468E-E711-AEA7-02163E0142A3.root [982,985,990,984,988,989,983,981,986,987]
/store/data/Run2017C/MuOnia/RAW/v1/000/301/998/00000/C67F06C3-468E-E711-AC5C-02163E01A4D1.root [1241,1244,1249,1250,1242,1243,1251,1245,1246,1247,1248,1252]
/store/data/Run2017C/MuOnia/RAW/v1/000/301/998/00000/C69C10BF-468E-E711-B5EA-02163E01A3E5.root [108,112,110,111,114,109,113,107]
/store/data/Run2017C/MuOnia/RAW/v1/000/301/998/00000/C89E9513-BB8C-E711-B61E-02163E01A49B.root [14,8,9,12,13,11,10]
/store/data/Run2017C/MuOnia/RAW/v1/000/301/998/00000/CA293D01-478E-E711-853D-02163E01A31D.root [1557,1556,1563,1564,1565,1566,1554,1559,1558,1561,1567,1562,1568,1555,1560]
/store/data/Run2017C/MuOnia/RAW/v1/000/301/998/00000/CA76A3FD-468E-E711-96E0-02163E012A42.root [429,427,424,426,428,430,431,425]
/store/data/Run2017C/MuOnia/RAW/v1/000/301/998/00000/CA76CDF1-468E-E711-8126-02163E013556.root [1616,1617,1622,1614,1618,1624,1625,1627,1619,1620,1621,1626,1628,1615,1623]
/store/data/Run2017C/MuOnia/RAW/v1/000/301/998/00000/CC4629F1-468E-E711-B8A5-02163E01A2E2.root [518,525,524,521,520,523,527,519,522,526]
/store/data/Run2017C/MuOnia/RAW/v1/000/301/998/00000/CC79543D-478E-E711-AF88-02163E019CA1.root [314,316,313,315,320,317,318,321,319]
/store/data/Run2017C/MuOnia/RAW/v1/000/301/998/00000/CE015CE3-468E-E711-B046-02163E01A3D3.root [591,588,597,594,596,589,590,592,593,595]
/store/data/Run2017C/MuOnia/RAW/v1/000/301/998/00000/CEBDE2F5-468E-E711-BB64-02163E01A40A.root [1158,1159,1166,1160,1161,1157,1162,1163,1164,1168,1165,1167]
/store/data/Run2017C/MuOnia/RAW/v1/000/301/998/00000/CED4F197-DA8C-E711-B1DB-02163E01A509.root [23,25,28,26,22,24,27]
/store/data/Run2017C/MuOnia/RAW/v1/000/301/998/00000/D25CD5BA-468E-E711-8547-02163E019B9F.root [1356,1363,1367,1357,1359,1364,1355,1365,1358,1366,1361,1360,1362]
/store/data/Run2017C/MuOnia/RAW/v1/000/301/998/00000/DA3180BF-468E-E711-9012-02163E01A5F9.root [492,494,496,495,488,489,491,493,497,490]
/store/data/Run2017C/MuOnia/RAW/v1/000/301/998/00000/DA6E7FE7-468E-E711-9C2D-02163E01A3FE.root [128,125,122,124,129,123,126,127]
/store/data/Run2017C/MuOnia/RAW/v1/000/301/998/00000/DE7BF709-468E-E711-8C30-02163E0146C2.root [666,668,669,670,672,665,667,671]
/store/data/Run2017C/MuOnia/RAW/v1/000/301/998/00000/DEF94A00-478E-E711-926F-02163E019BF4.root [393,394,396,392,391,395,397,390]
/store/data/Run2017C/MuOnia/RAW/v1/000/301/998/00000/E0D49FF6-468E-E711-95BA-02163E012474.root [1394,1383,1390,1393,1384,1388,1382,1389,1391,1385,1386,1387,1392]
/store/data/Run2017C/MuOnia/RAW/v1/000/301/998/00000/E232C8CD-468E-E711-8350-02163E0122FB.root [1177,1180,1173,1176,1169,1174,1179,1170,1171,1172,1175,1178]
/store/data/Run2017C/MuOnia/RAW/v1/000/301/998/00000/E45AC41B-468E-E711-B8A9-02163E019CAB.root [723,716,720,718,721,722,717,719]
/store/data/Run2017C/MuOnia/RAW/v1/000/301/998/00000/E4DEB2D0-468E-E711-894F-02163E0133F9.root [1231,1235,1237,1233,1234,1229,1240,1230,1236,1238,1232,1239]
/store/data/Run2017C/MuOnia/RAW/v1/000/301/998/00000/E6B054D3-468E-E711-B022-02163E013445.root [1420,1426,1427,1429,1430,1431,1421,1424,1428,1432,1433,1422,1423,1419,1425]
/store/data/Run2017C/MuOnia/RAW/v1/000/301/998/00000/E6B33FDB-468E-E711-BD60-02163E019D99.root [330,331,337,332,336,333,335,334,338]
/store/data/Run2017C/MuOnia/RAW/v1/000/301/998/00000/E85EF4E2-468E-E711-BF8D-02163E01A782.root [1123,1129,1121,1127,1124,1128,1130,1131,1132,1122,1126,1125]
/store/data/Run2017C/MuOnia/RAW/v1/000/301/998/00000/EA5B9808-478E-E711-9D92-02163E014600.root [287,288,291,290,294,289,293,292,295]
/store/data/Run2017C/MuOnia/RAW/v1/000/301/998/00000/EAA6F9FC-468E-E711-B4D9-02163E01A6E5.root [276,274,275,271,270,272,277,273]
/store/data/Run2017C/MuOnia/RAW/v1/000/301/998/00000/EC6D6DD4-468E-E711-92BC-02163E0140FA.root [186,193,191,188,189,190,192,187]
/store/data/Run2017C/MuOnia/RAW/v1/000/301/998/00000/ECADF2DC-468E-E711-86F8-02163E019C0B.root [357,364,358,359,360,356,361,362,363]
/store/data/Run2017C/MuOnia/RAW/v1/000/301/998/00000/ECC4FF18-468E-E711-977B-02163E011C63.root [693,696,691,694,690,692,697,698,695]
/store/data/Run2017C/MuOnia/RAW/v1/000/301/998/00000/EE015595-7C8D-E711-B780-02163E01A423.root [1709,1711,1715,1722,1724,1736,1712,1720,1726,1727,1733,1737,1742,1745,1746,1713,1721,1739,1757,1710,1714,1723,1741,1747,1751,1725,1729,1730,1735,1740,1744,1750,1756,1708,1717,1753,1755,1718,1719,1734,1738,1743,1749,1752,1716,1728,1731,1732,1748,1754]
/store/data/Run2017C/MuOnia/RAW/v1/000/301/998/00000/EE09710A-478E-E711-AF22-02163E01A3F8.root [305,312,304,306,309,311,310,307,308]
/store/data/Run2017C/MuOnia/RAW/v1/000/301/998/00000/EE3D43D2-468E-E711-BC81-02163E011B2A.root [1368,1375,1378,1371,1376,1377,1381,1379,1369,1370,1374,1380,1372,1373]
/store/data/Run2017C/MuOnia/RAW/v1/000/301/998/00000/F0FD1CF5-468E-E711-AA65-02163E019B69.root [562,560,559,561,565,564,566,567,558,563]
/store/data/Run2017C/MuOnia/RAW/v1/000/301/998/00000/F2130ED3-468E-E711-BCC2-02163E0120A1.root [840,848,842,845,849,843,841,846,844,847]
/store/data/Run2017C/MuOnia/RAW/v1/000/301/998/00000/F6388CEA-468E-E711-A6C8-02163E0142DF.root [130,135,137,131,132,133,134,136]
/store/data/Run2017C/MuOnia/RAW/v1/000/301/998/00000/F84D7733-478E-E711-8204-02163E01A6A8.root [933,934,938,932,940,936,937,935,939,931]
/store/data/Run2017C/MuOnia/RAW/v1/000/301/998/00000/FAD095F9-468E-E711-8FC8-02163E01A36E.root [139,144,142,141,143,145,140,138]
/store/data/Run2017C/MuOnia/RAW/v1/000/301/998/00000/FE38922C-478E-E711-9368-02163E01A78C.root [437,438,432,435,439,433,434,436]
/store/data/Run2017C/MuOnia/RAW/v1/000/301/998/00000/FE45F0FD-468E-E711-AB43-02163E0141B5.root [830,836,832,838,839,837,834,833,835,831]
