/store/data/Run2022D/Tau/RAW/v1/000/357/538/00000/0f370274-002a-4d19-87c6-1bc778e4db93.root 357538 [62,64,60,63,61]
/store/data/Run2022D/Tau/RAW/v1/000/357/538/00000/4653b737-49de-4b44-8b01-dbc914e60f08.root 357538 [47,49,46,45,48]
/store/data/Run2022D/Tau/RAW/v1/000/357/538/00000/4f0d6843-f49e-452d-ae74-85ebccfacef8.root 357538 [59,58,57,56,55]
/store/data/Run2022D/Tau/RAW/v1/000/357/538/00000/93fb1eec-0bd1-43ad-ac0c-3f11aaa1ffe4.root 357538 [9,10,24,25,33,3,5,7,12,14,20,22,28,37,41,42,8,19,30,32,40,1,16,17,21,31,43,2,6,23,27,39,13,35,36,38,4,26,29,34,44,11,15,18]
/store/data/Run2022D/Tau/RAW/v1/000/357/538/00000/feb06545-37a1-4acb-bd13-103268f8ec45.root 357538 [50,51,53,52,54]
/store/data/Run2022D/Tau/RAW/v1/000/357/542/00000/0149394e-5e87-437d-b93c-57fd418f8eb3.root 357542 [5,6,4]
/store/data/Run2022D/Tau/RAW/v1/000/357/542/00000/04901534-5dcb-48f8-9e5f-651de00a977e.root 357542 [63,64]
/store/data/Run2022D/Tau/RAW/v1/000/357/542/00000/08b652e5-28b7-4c5d-b674-c2f59d399bc0.root 357542 [74]
/store/data/Run2022D/Tau/RAW/v1/000/357/542/00000/0fce773f-4de3-4251-a5a4-7311db1c2a62.root 357542 [135,131,136,132,130,133,134]
/store/data/Run2022D/Tau/RAW/v1/000/357/542/00000/1045cc2d-aebe-4dc8-9799-96e77ee79cd3.root 357542 [28,29]
/store/data/Run2022D/Tau/RAW/v1/000/357/542/00000/14be7ffd-75b1-49a8-9bce-b89d928340d6.root 357542 [143,139,140,142,141]
/store/data/Run2022D/Tau/RAW/v1/000/357/542/00000/1587e30d-2850-44ca-83ef-9e0596931ee1.root 357542 [102,101]
/store/data/Run2022D/Tau/RAW/v1/000/357/542/00000/170f670d-7a8f-40b7-bc7e-331e0f926341.root 357542 [216,217]
/store/data/Run2022D/Tau/RAW/v1/000/357/542/00000/1929f3de-8ce6-4bf2-a201-b2ee0f426524.root 357542 [56,57]
/store/data/Run2022D/Tau/RAW/v1/000/357/542/00000/1ac64b26-1c2f-4c6b-a78b-ba4d431ad591.root 357542 [202,203]
/store/data/Run2022D/Tau/RAW/v1/000/357/542/00000/23668bf4-a8c2-40c5-b318-27b007ec7854.root 357542 [65]
/store/data/Run2022D/Tau/RAW/v1/000/357/542/00000/24fd6948-35d7-4384-bcd9-af78136ca03f.root 357542 [197,196]
/store/data/Run2022D/Tau/RAW/v1/000/357/542/00000/24ff9fe7-e159-4ec4-9a03-0a55e9cebc0d.root 357542 [60]
/store/data/Run2022D/Tau/RAW/v1/000/357/542/00000/2569a172-9e4e-4482-8777-8eaff4747d1a.root 357542 [121,122]
/store/data/Run2022D/Tau/RAW/v1/000/357/542/00000/2a07c3aa-388d-48ce-b4be-fa369ef6a304.root 357542 [166,167]
/store/data/Run2022D/Tau/RAW/v1/000/357/542/00000/2b575b69-49b1-4ddd-8f7e-7d2d58d55fc2.root 357542 [125,126,123,124,127]
/store/data/Run2022D/Tau/RAW/v1/000/357/542/00000/2c5977a1-4e8c-4bac-959d-85f474889f29.root 357542 [241,240]
/store/data/Run2022D/Tau/RAW/v1/000/357/542/00000/2edb3876-979a-4287-b1ca-f2d1b9ace786.root 357542 [158,159]
/store/data/Run2022D/Tau/RAW/v1/000/357/542/00000/3051c147-aaa2-4d34-ab2d-4f229e95411e.root 357542 [175,174]
/store/data/Run2022D/Tau/RAW/v1/000/357/542/00000/334ede62-9e44-4ea0-bc15-7bc959d90115.root 357542 [48,49,47]
/store/data/Run2022D/Tau/RAW/v1/000/357/542/00000/34f3856f-860d-4212-a291-fb651ed6b7d5.root 357542 [225,224]
/store/data/Run2022D/Tau/RAW/v1/000/357/542/00000/358fa9c1-0c86-4d78-b6cb-20362341e453.root 357542 [215,214]
/store/data/Run2022D/Tau/RAW/v1/000/357/542/00000/37d5c487-fe8c-437e-a89a-a08276f46027.root 357542 [53]
/store/data/Run2022D/Tau/RAW/v1/000/357/542/00000/3888a1f7-3816-45b6-83fc-c4d4c215c131.root 357542 [67]
/store/data/Run2022D/Tau/RAW/v1/000/357/542/00000/3986e2bb-fb96-4ea8-8f90-bbaf8269c1c4.root 357542 [10,11,12]
/store/data/Run2022D/Tau/RAW/v1/000/357/542/00000/3b04344c-24c2-4418-9859-ba4889c11d8d.root 357542 [172,173]
/store/data/Run2022D/Tau/RAW/v1/000/357/542/00000/3b0d3541-4c72-4045-b9cd-92914d63f0fc.root 357542 [106,105]
/store/data/Run2022D/Tau/RAW/v1/000/357/542/00000/3c520d7e-bef0-46c0-a76b-08d1ff6cfa84.root 357542 [77]
/store/data/Run2022D/Tau/RAW/v1/000/357/542/00000/3c8544b0-e835-4457-a81d-61d30b651acd.root 357542 [153,152]
/store/data/Run2022D/Tau/RAW/v1/000/357/542/00000/3d3889d8-006e-4e6e-8d96-dad318c809ab.root 357542 [148,149]
/store/data/Run2022D/Tau/RAW/v1/000/357/542/00000/3da5d0c2-724a-48f4-b8ce-22769bd96a46.root 357542 [78]
/store/data/Run2022D/Tau/RAW/v1/000/357/542/00000/3def5b25-6071-4949-9345-a63bd6ad00f4.root 357542 [13,15,14]
/store/data/Run2022D/Tau/RAW/v1/000/357/542/00000/3fa7ebd5-09bd-4bd7-9730-12c13dca7b04.root 357542 [199,198]
/store/data/Run2022D/Tau/RAW/v1/000/357/542/00000/412cf4bd-ace6-404a-a69f-38b5e2de838d.root 357542 [19,21,20]
/store/data/Run2022D/Tau/RAW/v1/000/357/542/00000/4281dde7-2669-4cbf-b9b0-d4d3a3185866.root 357542 [244,245]
/store/data/Run2022D/Tau/RAW/v1/000/357/542/00000/4634f7d4-46df-47bb-a6e0-1fd5cfcc63e5.root 357542 [25,26,27]
/store/data/Run2022D/Tau/RAW/v1/000/357/542/00000/4681f068-58c4-437d-b46c-030dcc97fd7c.root 357542 [111,112]
/store/data/Run2022D/Tau/RAW/v1/000/357/542/00000/49dd5423-c887-43a6-9895-4d9510fafd1d.root 357542 [108,107]
/store/data/Run2022D/Tau/RAW/v1/000/357/542/00000/4b147eb0-d01e-4bf3-a608-5961f0375340.root 357542 [219,218]
/store/data/Run2022D/Tau/RAW/v1/000/357/542/00000/4bd86001-929f-494c-92a8-82a6203a796e.root 357542 [61]
/store/data/Run2022D/Tau/RAW/v1/000/357/542/00000/5019732e-1d3d-430e-a2a6-3b45c7493956.root 357542 [97,98]
/store/data/Run2022D/Tau/RAW/v1/000/357/542/00000/5173e34a-07b9-4847-be52-54c955db07c7.root 357542 [162,163]
/store/data/Run2022D/Tau/RAW/v1/000/357/542/00000/56f0f6d1-a966-4670-a6ef-cbad92e4d171.root 357542 [24,23,22]
/store/data/Run2022D/Tau/RAW/v1/000/357/542/00000/5a6e5f65-08f2-45f4-b241-b56bf7998c96.root 357542 [221,220]
/store/data/Run2022D/Tau/RAW/v1/000/357/542/00000/5b849984-5cf7-4eac-998c-9b8140ee0b09.root 357542 [177,176]
/store/data/Run2022D/Tau/RAW/v1/000/357/542/00000/5cb53dde-25f7-4ed1-a6d3-c0de49b2e747.root 357542 [75]
/store/data/Run2022D/Tau/RAW/v1/000/357/542/00000/5dd4552e-aeea-466f-87f9-9f26328ff88d.root 357542 [99,100]
/store/data/Run2022D/Tau/RAW/v1/000/357/542/00000/5ef8008e-0229-4ca2-9cb6-0541f176e532.root 357542 [247,246]
/store/data/Run2022D/Tau/RAW/v1/000/357/542/00000/63552f68-a318-42e7-926b-3d232cfd6351.root 357542 [233,232]
/store/data/Run2022D/Tau/RAW/v1/000/357/542/00000/6778f35b-0fa2-44f7-85b3-20c661a43920.root 357542 [186,187]
/store/data/Run2022D/Tau/RAW/v1/000/357/542/00000/68a8b5e2-e717-4ed1-84a7-ba4cba94d00d.root 357542 [43,44]
/store/data/Run2022D/Tau/RAW/v1/000/357/542/00000/6a14af1c-f684-44da-bc0a-defa04ffb247.root 357542 [147,146]
/store/data/Run2022D/Tau/RAW/v1/000/357/542/00000/701a80bb-305b-47b3-86ba-6cf6006407e8.root 357542 [150,151]
/store/data/Run2022D/Tau/RAW/v1/000/357/542/00000/74176853-eca6-46f1-891f-ecd209301991.root 357542 [46,45]
/store/data/Run2022D/Tau/RAW/v1/000/357/542/00000/747e0933-76a8-444d-b61e-9dcf32c1f660.root 357542 [39,40]
/store/data/Run2022D/Tau/RAW/v1/000/357/542/00000/765d80bb-11a1-4165-9e96-2c01d37d0684.root 357542 [168,169]
/store/data/Run2022D/Tau/RAW/v1/000/357/542/00000/7817fe2d-93ce-4d50-a624-d05b7a6cace2.root 357542 [76]
/store/data/Run2022D/Tau/RAW/v1/000/357/542/00000/79453d8d-5799-4219-a546-8c88d51c4926.root 357542 [238,239]
/store/data/Run2022D/Tau/RAW/v1/000/357/542/00000/7ea6edb0-bde2-4ad1-89bc-288e78b573f2.root 357542 [55,54]
/store/data/Run2022D/Tau/RAW/v1/000/357/542/00000/81e8259f-1aff-45ea-9353-e2723d9cf0da.root 357542 [189,188]
/store/data/Run2022D/Tau/RAW/v1/000/357/542/00000/835f9532-d08d-4fb5-b901-b4322bca9762.root 357542 [52]
/store/data/Run2022D/Tau/RAW/v1/000/357/542/00000/844a490a-edf5-44d3-8f6c-7c5a38ca43b3.root 357542 [33,34]
/store/data/Run2022D/Tau/RAW/v1/000/357/542/00000/880891f1-6a0d-402b-aff4-3ac0cd64388c.root 357542 [94,93]
/store/data/Run2022D/Tau/RAW/v1/000/357/542/00000/8ad1ec86-35bc-481a-a349-e116ccaefdb0.root 357542 [70]
/store/data/Run2022D/Tau/RAW/v1/000/357/542/00000/8bf0ba0f-1793-4716-ae10-82ebf8d2581a.root 357542 [87,88]
/store/data/Run2022D/Tau/RAW/v1/000/357/542/00000/92054286-d42e-42b8-b940-da947888dcf1.root 357542 [185,184]
/store/data/Run2022D/Tau/RAW/v1/000/357/542/00000/9321a133-2356-4483-be45-2e54447c216f.root 357542 [234,235]
/store/data/Run2022D/Tau/RAW/v1/000/357/542/00000/94581589-4aaa-4dc4-a19f-edae6bc1350f.root 357542 [72,73]
/store/data/Run2022D/Tau/RAW/v1/000/357/542/00000/95358df9-1362-452e-8d57-fe329fa7d3fb.root 357542 [129,128]
/store/data/Run2022D/Tau/RAW/v1/000/357/542/00000/9a5fd8f9-32b8-46ce-8a95-6325a1561613.root 357542 [8,9,7]
/store/data/Run2022D/Tau/RAW/v1/000/357/542/00000/9be232e5-64f0-4544-9403-b6cd8bf3558b.root 357542 [157,156]
/store/data/Run2022D/Tau/RAW/v1/000/357/542/00000/9e9cd867-be3a-495e-a181-1e5947379157.root 357542 [228,229]
/store/data/Run2022D/Tau/RAW/v1/000/357/542/00000/9f9dec95-6a41-4fa6-8bbd-3ba83af32425.root 357542 [179,178]
/store/data/Run2022D/Tau/RAW/v1/000/357/542/00000/a19a43a8-3ee1-44ea-89e6-85fff8253147.root 357542 [236,237]
/store/data/Run2022D/Tau/RAW/v1/000/357/542/00000/a1a80ab0-fe27-415d-b3e1-a8334c491c52.root 357542 [205,204]
/store/data/Run2022D/Tau/RAW/v1/000/357/542/00000/a388744a-29d5-47ee-8a23-7bc7dfa1ad8c.root 357542 [222,223]
/store/data/Run2022D/Tau/RAW/v1/000/357/542/00000/a47ede24-2957-4e13-a2ea-6b537cb2e0f4.root 357542 [71]
/store/data/Run2022D/Tau/RAW/v1/000/357/542/00000/a590e7b7-073f-4c88-b509-6adad8c08888.root 357542 [249,248]
/store/data/Run2022D/Tau/RAW/v1/000/357/542/00000/a9163a96-6fa4-44e1-a524-7d8869d8b5d9.root 357542 [154,155]
/store/data/Run2022D/Tau/RAW/v1/000/357/542/00000/b59d3c81-ed6d-4a9f-9eb5-e6aa4e7754cc.root 357542 [182,183]
/store/data/Run2022D/Tau/RAW/v1/000/357/542/00000/b88f9a6c-a8a3-4367-beda-c236b7cba01e.root 357542 [160,161]
/store/data/Run2022D/Tau/RAW/v1/000/357/542/00000/bb9b16cf-ec6a-41a7-ba0d-3702915f622e.root 357542 [190,191]
/store/data/Run2022D/Tau/RAW/v1/000/357/542/00000/bbfc6db0-a412-49d0-9b1d-23e091534ebc.root 357542 [242,243]
/store/data/Run2022D/Tau/RAW/v1/000/357/542/00000/be637810-e467-4369-a8b8-e6d466f40773.root 357542 [137,138]
/store/data/Run2022D/Tau/RAW/v1/000/357/542/00000/bff1a98f-2810-4dc4-a3a8-5fb6efc5be58.root 357542 [209,208]
/store/data/Run2022D/Tau/RAW/v1/000/357/542/00000/c05c6e37-fd07-45d2-aee1-ec360651d5a3.root 357542 [68,69]
/store/data/Run2022D/Tau/RAW/v1/000/357/542/00000/c2f7234e-0eee-46a4-965d-b588d6acb63c.root 357542 [62]
/store/data/Run2022D/Tau/RAW/v1/000/357/542/00000/c31cd325-e8e8-40c3-95ed-9100a62f73d0.root 357542 [36,35]
/store/data/Run2022D/Tau/RAW/v1/000/357/542/00000/c34f2427-7339-4ac0-bbec-cb65d5ccb56c.root 357542 [95,96]
/store/data/Run2022D/Tau/RAW/v1/000/357/542/00000/c3b98fe5-41b1-42ce-b761-77cfa398e849.root 357542 [66]
/store/data/Run2022D/Tau/RAW/v1/000/357/542/00000/c547d952-72fd-4f11-ac31-0fa95ac4f714.root 357542 [51,50]
/store/data/Run2022D/Tau/RAW/v1/000/357/542/00000/ca3c8004-ae12-4819-be4b-44e1888240c6.root 357542 [58]
/store/data/Run2022D/Tau/RAW/v1/000/357/542/00000/cac11794-a1df-468b-904d-af24b40440d3.root 357542 [170,171]
/store/data/Run2022D/Tau/RAW/v1/000/357/542/00000/cb12bfd9-3bed-4804-bb29-c9599aa7911a.root 357542 [206,207]
/store/data/Run2022D/Tau/RAW/v1/000/357/542/00000/ccbe8211-8de9-4899-893b-cac653d28e27.root 357542 [194,195]
/store/data/Run2022D/Tau/RAW/v1/000/357/542/00000/ce65f5d9-e0ee-4120-9eca-8c4b006208bb.root 357542 [119,120]
/store/data/Run2022D/Tau/RAW/v1/000/357/542/00000/d1dd2755-6fe6-4e79-b964-072bb0edd960.root 357542 [91,92]
/store/data/Run2022D/Tau/RAW/v1/000/357/542/00000/d27744e0-890b-45a5-ae9f-8f75a68b5e2a.root 357542 [114,113]
/store/data/Run2022D/Tau/RAW/v1/000/357/542/00000/d3768c19-afd7-4a6c-a57e-ccdff516c0d3.root 357542 [180,181]
/store/data/Run2022D/Tau/RAW/v1/000/357/542/00000/d6c8d956-47b0-4cc9-8f44-6780f9e74c02.root 357542 [227,226]
/store/data/Run2022D/Tau/RAW/v1/000/357/542/00000/db5835bc-7c79-4415-8d75-0e9b166af480.root 357542 [250]
/store/data/Run2022D/Tau/RAW/v1/000/357/542/00000/db8cd88e-7273-4dac-91f3-666973ec4226.root 357542 [42,41]
/store/data/Run2022D/Tau/RAW/v1/000/357/542/00000/dd0fa2a6-8cda-4e30-9296-4eb59a3308c2.root 357542 [85,86]
/store/data/Run2022D/Tau/RAW/v1/000/357/542/00000/dd262e38-43de-45e9-b483-4d451916d27c.root 357542 [230,231]
/store/data/Run2022D/Tau/RAW/v1/000/357/542/00000/dd6ace1b-1ae6-4a53-b4d1-a6e1d2feaf59.root 357542 [103,104]
/store/data/Run2022D/Tau/RAW/v1/000/357/542/00000/dfd872e9-1af2-4007-be5e-82c2bdd26fd5.root 357542 [59]
/store/data/Run2022D/Tau/RAW/v1/000/357/542/00000/e1956ad0-173d-428d-8980-a2c927bd85d4.root 357542 [115,116]
/store/data/Run2022D/Tau/RAW/v1/000/357/542/00000/e279f3c3-218e-41b2-84d1-5850c8ee49ae.root 357542 [38,37]
/store/data/Run2022D/Tau/RAW/v1/000/357/542/00000/e402b48f-5469-4a2a-ad10-3fbc3cc00819.root 357542 [213,212]
/store/data/Run2022D/Tau/RAW/v1/000/357/542/00000/e51468ac-09c9-427d-96e8-8971a5a21ac9.root 357542 [201,200]
/store/data/Run2022D/Tau/RAW/v1/000/357/542/00000/e9536397-631e-4c46-831d-6398567bf52d.root 357542 [84,83]
/store/data/Run2022D/Tau/RAW/v1/000/357/542/00000/ec7e7385-a340-40c0-afbf-4c09dbbb2c21.root 357542 [211,210]
/store/data/Run2022D/Tau/RAW/v1/000/357/542/00000/eda5dd41-1de7-46e0-8cd0-0433d7ed2e6e.root 357542 [79,80]
/store/data/Run2022D/Tau/RAW/v1/000/357/542/00000/eff26156-7949-42c8-a06d-481e41c1ec49.root 357542 [118,117]
/store/data/Run2022D/Tau/RAW/v1/000/357/542/00000/f241ae8c-3b2f-4f6a-b62b-51bacfb4a373.root 357542 [16,17,18]
/store/data/Run2022D/Tau/RAW/v1/000/357/542/00000/f50164ef-3cec-4ee8-a5ac-933ae14405d6.root 357542 [110,109]
/store/data/Run2022D/Tau/RAW/v1/000/357/542/00000/f62450e6-c5ea-4d6d-8236-1dfccaf849f3.root 357542 [89,90]
/store/data/Run2022D/Tau/RAW/v1/000/357/542/00000/fb8851ad-73a1-4154-8c9f-d5aa17e9f291.root 357542 [30,31,32]
/store/data/Run2022D/Tau/RAW/v1/000/357/542/00000/fc920aec-9302-4734-9ff0-b8c33e6e6eef.root 357542 [82,81]
/store/data/Run2022D/Tau/RAW/v1/000/357/542/00000/fd233a09-f786-4ae6-9a88-a176b66f2b19.root 357542 [164,165]
/store/data/Run2022D/Tau/RAW/v1/000/357/542/00000/fd9f6f93-942d-44ab-95a2-409b37061ed0.root 357542 [1,2,3]
/store/data/Run2022D/Tau/RAW/v1/000/357/542/00000/fdb241e5-5a70-47e4-9ed2-8f3e71c08c80.root 357542 [193,192]
/store/data/Run2022D/Tau/RAW/v1/000/357/542/00000/fe2dc11e-445f-4578-8d22-9596abd26e04.root 357542 [145,144]
/store/data/Run2022D/Tau/RAW/v1/000/357/550/00000/04c2223b-f54f-453f-aa4a-383e1bb391c1.root 357550 [9,10]
/store/data/Run2022D/Tau/RAW/v1/000/357/550/00000/0f771e82-310a-43f3-bb33-0cc13d289dcd.root 357550 [4,3]
/store/data/Run2022D/Tau/RAW/v1/000/357/550/00000/4044121e-68fe-480f-aba6-ca26fd8601e9.root 357550 [22,23]
/store/data/Run2022D/Tau/RAW/v1/000/357/550/00000/50cd77da-0063-4ce0-9bd5-feb77a74ba60.root 357550 [30,31]
/store/data/Run2022D/Tau/RAW/v1/000/357/550/00000/56080076-e75f-4eca-8d45-fe058282d56f.root 357550 [11,12]
/store/data/Run2022D/Tau/RAW/v1/000/357/550/00000/72e6eb29-8937-4233-a048-38caf836a4be.root 357550 [33,32]
/store/data/Run2022D/Tau/RAW/v1/000/357/550/00000/93ac3e5f-b8ed-4dfd-a225-0fa99d1f6b9e.root 357550 [29,28]
/store/data/Run2022D/Tau/RAW/v1/000/357/550/00000/9a969e04-836a-4ffa-baf1-872ca99c9068.root 357550 [25,24]
/store/data/Run2022D/Tau/RAW/v1/000/357/550/00000/a3062dc2-143f-4337-a31d-955b73af3e9f.root 357550 [16,15]
/store/data/Run2022D/Tau/RAW/v1/000/357/550/00000/a34ea9e2-3c3a-4acc-b72e-f752cc44ce24.root 357550 [7,8]
/store/data/Run2022D/Tau/RAW/v1/000/357/550/00000/afb646c6-0433-4ad3-89f2-0a1536a946fd.root 357550 [26,27]
/store/data/Run2022D/Tau/RAW/v1/000/357/550/00000/b73a2790-d242-41bc-b6d2-40f921178919.root 357550 [13,14]
/store/data/Run2022D/Tau/RAW/v1/000/357/550/00000/bc82e31d-4369-403c-9382-9ab5b923dfcd.root 357550 [17,18]
/store/data/Run2022D/Tau/RAW/v1/000/357/550/00000/cd12e712-b461-46a7-a2e8-bb65203b3fa3.root 357550 [1,2]
/store/data/Run2022D/Tau/RAW/v1/000/357/550/00000/e7084028-f453-4187-9c97-d4547c9fd7e5.root 357550 [20,21,19]
/store/data/Run2022D/Tau/RAW/v1/000/357/550/00000/ec829c15-5820-44f6-b2b9-7d817d0773e4.root 357550 [34,35,36]
/store/data/Run2022D/Tau/RAW/v1/000/357/550/00000/ff34f73e-72fc-4e7c-9dd5-e29bb7409bf9.root 357550 [6,5]
/store/data/Run2022D/Tau/RAW/v1/000/357/610/00000/005c781b-ae83-46eb-93e5-9afef0e7b752.root 357610 [233,232,234]
/store/data/Run2022D/Tau/RAW/v1/000/357/610/00000/014918b9-010f-4325-9344-4d8dce2de76c.root 357610 [106,107,105,110,108,109]
/store/data/Run2022D/Tau/RAW/v1/000/357/610/00000/06378307-9225-4325-bc3b-351002608a7d.root 357610 [228,229]
/store/data/Run2022D/Tau/RAW/v1/000/357/610/00000/083dbba6-5e24-4d84-b216-1e85e864dcd1.root 357610 [250,249]
/store/data/Run2022D/Tau/RAW/v1/000/357/610/00000/0f5bf8e5-6b59-4a12-b160-af52e3f804c1.root 357610 [4,15,27,31,45,64,16,25,26,41,54,57,59,61,1,3,7,12,38,39,53,63,68,69,5,11,14,28,34,9,20,42,44,66,2,18,24,30,37,47,48,49,56,58,62,67,6,19,22,32,35,36,43,51,55,65,8,10,13,17,21,23,29,33,40,46,50,52,60]
/store/data/Run2022D/Tau/RAW/v1/000/357/610/00000/15d0502b-2c5f-4181-a488-c8730b29f745.root 357610 [93,94,96,98,97,95]
/store/data/Run2022D/Tau/RAW/v1/000/357/610/00000/1659863b-a261-448d-b91a-ee6484ffab14.root 357610 [237,238]
/store/data/Run2022D/Tau/RAW/v1/000/357/610/00000/1c004f33-12ae-48f8-9757-82ce6525f00b.root 357610 [173,174,175]
/store/data/Run2022D/Tau/RAW/v1/000/357/610/00000/2945663e-98ac-42c1-8571-fe0105af68fc.root 357610 [177,178,176]
/store/data/Run2022D/Tau/RAW/v1/000/357/610/00000/2bf3908b-5828-46cd-87ec-6d462fb8f381.root 357610 [183,184,182]
/store/data/Run2022D/Tau/RAW/v1/000/357/610/00000/309467a6-8ebc-4d78-9a58-fead57dd23fd.root 357610 [166,165]
/store/data/Run2022D/Tau/RAW/v1/000/357/610/00000/34ac4651-4051-4156-9adc-8c4fb480724f.root 357610 [160,162,161]
/store/data/Run2022D/Tau/RAW/v1/000/357/610/00000/3b95e1c2-b53b-476b-a679-fd9474da1d4a.root 357610 [212,213]
/store/data/Run2022D/Tau/RAW/v1/000/357/610/00000/3bbb30cb-1616-4ae0-8c8d-9418ddca06b9.root 357610 [203,204,200,201,202]
/store/data/Run2022D/Tau/RAW/v1/000/357/610/00000/487129dd-d916-4966-accc-73718dd85de4.root 357610 [152,153,151]
/store/data/Run2022D/Tau/RAW/v1/000/357/610/00000/4ced1e8b-76a0-40a8-90e8-7160d4f6d127.root 357610 [205,207,206,208,209]
/store/data/Run2022D/Tau/RAW/v1/000/357/610/00000/4ed5e6e4-fca3-4bad-8aaf-7156dd43078f.root 357610 [112,111,114,115,113,116]
/store/data/Run2022D/Tau/RAW/v1/000/357/610/00000/4f587847-0a9c-47fe-80d1-295282fa25af.root 357610 [79,78,76,77,80,75]
/store/data/Run2022D/Tau/RAW/v1/000/357/610/00000/572aef25-4e75-4b45-89e6-33770a9a3980.root 357610 [235,236]
/store/data/Run2022D/Tau/RAW/v1/000/357/610/00000/578fd5e1-dd0d-487a-b8f2-6186af969afd.root 357610 [131,134,132,129,130,133]
/store/data/Run2022D/Tau/RAW/v1/000/357/610/00000/58d2f57d-316e-498f-abda-03df6bf05dac.root 357610 [196,198,197,195,199]
/store/data/Run2022D/Tau/RAW/v1/000/357/610/00000/58f7c28a-81f0-4463-b02d-4b99573108b3.root 357610 [221,220]
/store/data/Run2022D/Tau/RAW/v1/000/357/610/00000/5997b123-2f3c-408f-87e4-38eb882602d1.root 357610 [227,226]
/store/data/Run2022D/Tau/RAW/v1/000/357/610/00000/5dbf1945-1dcb-4c90-b8c3-a56a1e8a54f5.root 357610 [251,252,253]
/store/data/Run2022D/Tau/RAW/v1/000/357/610/00000/5f2ccb65-3a2e-4bab-a1b2-915cdfa86f50.root 357610 [81,84,83,82,85,86]
/store/data/Run2022D/Tau/RAW/v1/000/357/610/00000/616bf6f6-8ec3-4aec-a04f-0f7beaea65b8.root 357610 [159,158,157]
/store/data/Run2022D/Tau/RAW/v1/000/357/610/00000/7998f741-9bf7-4ba7-94e8-9630b1cdc62d.root 357610 [148,147,149,150]
/store/data/Run2022D/Tau/RAW/v1/000/357/610/00000/7be4af36-6601-4fa9-8494-fa48fad144ca.root 357610 [218,219]
/store/data/Run2022D/Tau/RAW/v1/000/357/610/00000/7e5f0b0b-ec96-448b-a0ae-4f592586aef5.root 357610 [240,239]
/store/data/Run2022D/Tau/RAW/v1/000/357/610/00000/8133d856-9a13-49bf-8447-a96748dd26ec.root 357610 [103,104,99,101,100,102]
/store/data/Run2022D/Tau/RAW/v1/000/357/610/00000/8137d96b-228a-4556-8338-3586f68c3866.root 357610 [191,190,189,188]
/store/data/Run2022D/Tau/RAW/v1/000/357/610/00000/84d7641c-d866-4d2a-96ee-bfbdca822be2.root 357610 [225,224]
/store/data/Run2022D/Tau/RAW/v1/000/357/610/00000/8572bcb7-bec9-4d3d-af89-9013db375b8f.root 357610 [243,244]
/store/data/Run2022D/Tau/RAW/v1/000/357/610/00000/8ba5dd0c-2ca9-47a7-87b0-5bf87846209e.root 357610 [117,119,121,120,122,118]
/store/data/Run2022D/Tau/RAW/v1/000/357/610/00000/8e796eb7-de8d-45e4-83fb-0d1189470da7.root 357610 [186,187,185]
/store/data/Run2022D/Tau/RAW/v1/000/357/610/00000/8f37650f-158c-40fb-8951-f8c210a287fa.root 357610 [156,155,154]
/store/data/Run2022D/Tau/RAW/v1/000/357/610/00000/8fe9ad0d-2ae5-4c69-9c27-27ac4e35ac70.root 357610 [143,144,145,146]
/store/data/Run2022D/Tau/RAW/v1/000/357/610/00000/ab2c6a3c-536d-4f8d-846a-4314ebf0afd5.root 357610 [242,241]
/store/data/Run2022D/Tau/RAW/v1/000/357/610/00000/ae37d416-4b9d-41f6-a34c-dc13cca774ab.root 357610 [163,164]
/store/data/Run2022D/Tau/RAW/v1/000/357/610/00000/b29f85d4-043d-458f-9928-3c5c1e08bd5d.root 357610 [211,210]
/store/data/Run2022D/Tau/RAW/v1/000/357/610/00000/bac2a5fa-b8fc-470f-a74e-6dbbbe813613.root 357610 [231,230]
/store/data/Run2022D/Tau/RAW/v1/000/357/610/00000/c47863f7-94a3-4072-a41a-123ec8b5a2f6.root 357610 [180,179,181]
/store/data/Run2022D/Tau/RAW/v1/000/357/610/00000/c47f4a0e-e2c0-433f-b265-77dd2b51784a.root 357610 [71,70,72,73,74]
/store/data/Run2022D/Tau/RAW/v1/000/357/610/00000/c7678453-0796-46e0-a56e-4aca7803e863.root 357610 [215,214]
/store/data/Run2022D/Tau/RAW/v1/000/357/610/00000/c9ebbe50-2a78-416f-aae1-2e55a34b71d7.root 357610 [139,140,141,142]
/store/data/Run2022D/Tau/RAW/v1/000/357/610/00000/cb6b924a-5b9f-4f98-9401-f93cc638f0bd.root 357610 [171,170,172]
/store/data/Run2022D/Tau/RAW/v1/000/357/610/00000/cf0c3d23-9153-4202-87a2-ae9e7e5cb190.root 357610 [92,87,88,90,89,91]
/store/data/Run2022D/Tau/RAW/v1/000/357/610/00000/de347ff6-41dc-4e7d-9a0e-7d76c1982cd3.root 357610 [137,138,135,136]
/store/data/Run2022D/Tau/RAW/v1/000/357/610/00000/e4d8aaf6-19f3-4ceb-a101-cae40ff002c3.root 357610 [246,245]
/store/data/Run2022D/Tau/RAW/v1/000/357/610/00000/e64bfdef-59d6-4fd8-9ba3-b440252e3183.root 357610 [223,222]
/store/data/Run2022D/Tau/RAW/v1/000/357/610/00000/efaeb325-c693-4520-ad6a-57615d27b66b.root 357610 [248,247]
/store/data/Run2022D/Tau/RAW/v1/000/357/610/00000/f421cb02-fd1b-4d1f-b6e1-f1763c0c1a92.root 357610 [217,216]
/store/data/Run2022D/Tau/RAW/v1/000/357/610/00000/f462cbd8-a7cd-452a-92a3-b319b206baac.root 357610 [124,128,126,125,127,123]
/store/data/Run2022D/Tau/RAW/v1/000/357/610/00000/f5becd9d-e5fd-48f8-9b6b-12ba5366bed5.root 357610 [168,167,169]
/store/data/Run2022D/Tau/RAW/v1/000/357/610/00000/f8fff8f1-43fa-45b5-b019-0952b539242f.root 357610 [194,193,192]
/store/data/Run2022D/Tau/RAW/v1/000/357/611/00000/01e6ff65-4d39-4d95-9184-1430b5aa58c5.root 357611 [411,410,409]
/store/data/Run2022D/Tau/RAW/v1/000/357/611/00000/02084d50-5833-4e02-816f-9fe96d2495ad.root 357611 [73,72,74]
/store/data/Run2022D/Tau/RAW/v1/000/357/611/00000/039a7b09-305e-407a-867e-c20fef37e62b.root 357611 [10,11]
/store/data/Run2022D/Tau/RAW/v1/000/357/611/00000/04416bcf-2cd9-4e31-b9ab-b40bab0f99b3.root 357611 [264,262,263]
/store/data/Run2022D/Tau/RAW/v1/000/357/611/00000/050a2a46-7246-4cd8-851c-28ce9f36bfea.root 357611 [115,116,114]
/store/data/Run2022D/Tau/RAW/v1/000/357/611/00000/051cbf1d-1b91-484d-b1c5-aacce78dfae0.root 357611 [365,367,366,368]
/store/data/Run2022D/Tau/RAW/v1/000/357/611/00000/063a26e8-1606-438d-aae6-ed88e02ccec4.root 357611 [33,32]
/store/data/Run2022D/Tau/RAW/v1/000/357/611/00000/07c7e206-3090-4b9f-88fd-9744ec0edca1.root 357611 [7,8,9]
/store/data/Run2022D/Tau/RAW/v1/000/357/611/00000/0aaf72e8-35d0-41ea-b770-067875e63324.root 357611 [158,156,157]
/store/data/Run2022D/Tau/RAW/v1/000/357/611/00000/0d67c258-0fb4-478e-b5de-c154fcac4de4.root 357611 [237,238,239]
/store/data/Run2022D/Tau/RAW/v1/000/357/611/00000/0d8eb7d1-81bc-4cc2-923f-4b5b22602b9b.root 357611 [167,166,165]
/store/data/Run2022D/Tau/RAW/v1/000/357/611/00000/12e32bbc-643a-4557-acb5-1bd037fb1abe.root 357611 [288,286,287]
/store/data/Run2022D/Tau/RAW/v1/000/357/611/00000/132e0e07-89c2-417c-a14c-d60fea7b38b3.root 357611 [68,69,67]
/store/data/Run2022D/Tau/RAW/v1/000/357/611/00000/1541a059-1cf6-4e52-a575-f5acfcf23224.root 357611 [173,171,172]
/store/data/Run2022D/Tau/RAW/v1/000/357/611/00000/15528dd0-08c5-4fc4-841a-fdad162db179.root 357611 [190,189,191]
/store/data/Run2022D/Tau/RAW/v1/000/357/611/00000/175c05a9-57ac-4042-b49a-e193aa746e87.root 357611 [296,295,297]
/store/data/Run2022D/Tau/RAW/v1/000/357/611/00000/178d6353-0d76-4979-8fb8-a0786543443b.root 357611 [135,136,137]
/store/data/Run2022D/Tau/RAW/v1/000/357/611/00000/17b4c60e-147a-4316-befb-accc8d99274a.root 357611 [102,103,104]
/store/data/Run2022D/Tau/RAW/v1/000/357/611/00000/17b76ca2-f6e3-43ac-9541-1b2ffbfa5218.root 357611 [144,145,146]
/store/data/Run2022D/Tau/RAW/v1/000/357/611/00000/1b65f903-2cf9-410e-a91f-c3b784a9cf84.root 357611 [277,279,278]
/store/data/Run2022D/Tau/RAW/v1/000/357/611/00000/1bcab4a2-b604-466c-8319-0b77bcf80d97.root 357611 [86,84,85]
/store/data/Run2022D/Tau/RAW/v1/000/357/611/00000/1fe03927-4e23-4751-bf27-7413e544a377.root 357611 [361,362,363,364]
/store/data/Run2022D/Tau/RAW/v1/000/357/611/00000/20e1a676-4089-45dc-980c-14cc30702aba.root 357611 [99,100,101]
/store/data/Run2022D/Tau/RAW/v1/000/357/611/00000/2132e833-3178-49a5-a606-13543d7e407a.root 357611 [38,39]
/store/data/Run2022D/Tau/RAW/v1/000/357/611/00000/218a242a-4b8f-409b-86f7-c14ebf7b0302.root 357611 [269,268,270]
/store/data/Run2022D/Tau/RAW/v1/000/357/611/00000/236aeac5-6003-4342-b79d-a6e8606f7e58.root 357611 [148,147,149]
/store/data/Run2022D/Tau/RAW/v1/000/357/611/00000/247cdab0-039f-4bee-8ea7-c2658389f835.root 357611 [292,293,294]
/store/data/Run2022D/Tau/RAW/v1/000/357/611/00000/24cd1149-489f-4124-8098-fd07ad08d2e7.root 357611 [119,117,118]
/store/data/Run2022D/Tau/RAW/v1/000/357/611/00000/25cb56ac-ad37-4498-abb9-380325acb25d.root 357611 [284,283,285]
/store/data/Run2022D/Tau/RAW/v1/000/357/611/00000/26a9c4c3-8061-47d1-a67e-1b4fedfff835.root 357611 [179,177,178]
/store/data/Run2022D/Tau/RAW/v1/000/357/611/00000/2a6264c0-0646-4125-93dd-eee285ba0ab2.root 357611 [46,47]
/store/data/Run2022D/Tau/RAW/v1/000/357/611/00000/2b1318f8-6377-438e-af81-616c96315c58.root 357611 [60,59]
/store/data/Run2022D/Tau/RAW/v1/000/357/611/00000/2b85993d-7cd3-40b2-8c66-faf9d6290a2b.root 357611 [122,120,121]
/store/data/Run2022D/Tau/RAW/v1/000/357/611/00000/2bb9fafd-ee9e-4b7a-9417-86663ee52e9b.root 357611 [226,225,227]
/store/data/Run2022D/Tau/RAW/v1/000/357/611/00000/2dd4a3c0-0679-41b2-b79f-8baed8167f6b.root 357611 [230,229,228]
/store/data/Run2022D/Tau/RAW/v1/000/357/611/00000/2e142406-3d9b-4b31-a7e6-b8ef0cfa048f.root 357611 [209,207,208]
/store/data/Run2022D/Tau/RAW/v1/000/357/611/00000/2ed12708-7671-442b-a20d-9f9977ccb7aa.root 357611 [261,258,259,260]
/store/data/Run2022D/Tau/RAW/v1/000/357/611/00000/30e6b5b7-85ad-4973-979a-b93ac8d760c7.root 357611 [338,340,339]
/store/data/Run2022D/Tau/RAW/v1/000/357/611/00000/31ac4f3a-8d98-4562-917f-25517e024eaf.root 357611 [34,35]
/store/data/Run2022D/Tau/RAW/v1/000/357/611/00000/32097bd4-0154-4497-a370-406a9241ffa5.root 357611 [75,77,76]
/store/data/Run2022D/Tau/RAW/v1/000/357/611/00000/32b28e39-2f3a-4108-93a2-2052a7bd99f0.root 357611 [30,31]
/store/data/Run2022D/Tau/RAW/v1/000/357/611/00000/34ee47e9-699a-4211-ba7b-c234bb7bf45e.root 357611 [183,184,185]
/store/data/Run2022D/Tau/RAW/v1/000/357/611/00000/35e1eb7f-d320-48fd-b280-3c163fd74508.root 357611 [14,15]
/store/data/Run2022D/Tau/RAW/v1/000/357/611/00000/3fad6429-0729-4b59-9999-3681c1803d59.root 357611 [111,112,113]
/store/data/Run2022D/Tau/RAW/v1/000/357/611/00000/3feae7b4-dbe5-4a54-916d-076a10c71783.root 357611 [272,273,271]
/store/data/Run2022D/Tau/RAW/v1/000/357/611/00000/40bfa8eb-ac75-41e4-9c5f-bc3e2c28232e.root 357611 [243,244,245]
/store/data/Run2022D/Tau/RAW/v1/000/357/611/00000/431fc682-6330-45f4-a72e-b219663b81df.root 357611 [91,92,90]
/store/data/Run2022D/Tau/RAW/v1/000/357/611/00000/43e77fb6-8811-46fc-8d80-e8917be24cb0.root 357611 [332,330,331,333]
/store/data/Run2022D/Tau/RAW/v1/000/357/611/00000/4675f7da-97b6-4d70-a7f6-dd2c61e2dde4.root 357611 [97,98,96]
/store/data/Run2022D/Tau/RAW/v1/000/357/611/00000/481ce061-fed4-4efb-af5f-62463dc83cda.root 357611 [342,341,343,344]
/store/data/Run2022D/Tau/RAW/v1/000/357/611/00000/48bb284f-c67d-408e-aa57-ddd1226467fd.root 357611 [322,323,324,325]
/store/data/Run2022D/Tau/RAW/v1/000/357/611/00000/4ca60663-6d62-4b7f-8989-631f42606cfe.root 357611 [134,133,132]
/store/data/Run2022D/Tau/RAW/v1/000/357/611/00000/4e09ceed-c4ca-4abe-a902-2fc0a169d2df.root 357611 [310,311,312]
/store/data/Run2022D/Tau/RAW/v1/000/357/611/00000/4ea4e126-ed8d-4634-962c-a6cf46d36768.root 357611 [386,387,385,388]
/store/data/Run2022D/Tau/RAW/v1/000/357/611/00000/4efe0961-1244-4596-95ed-02ca198ac415.root 357611 [326,329,327,328]
/store/data/Run2022D/Tau/RAW/v1/000/357/611/00000/53b9f823-b85f-4c0a-872e-0280fb08c337.root 357611 [62,61]
/store/data/Run2022D/Tau/RAW/v1/000/357/611/00000/557da09b-0e3d-4254-af8e-cdb18099cfa0.root 357611 [29,28]
/store/data/Run2022D/Tau/RAW/v1/000/357/611/00000/5661751e-373c-430b-82a7-daf37963913d.root 357611 [186,188,187]
/store/data/Run2022D/Tau/RAW/v1/000/357/611/00000/573d71f4-7ad1-42a6-9840-162a9dc4468e.root 357611 [275,274,276]
/store/data/Run2022D/Tau/RAW/v1/000/357/611/00000/59aa9039-9bbb-4b3f-8cd9-bd901c3e231c.root 357611 [319,320,321]
/store/data/Run2022D/Tau/RAW/v1/000/357/611/00000/59fa7a08-880d-471a-a3c0-9f7ade7e8aa3.root 357611 [87,89,88]
/store/data/Run2022D/Tau/RAW/v1/000/357/611/00000/5e008355-3bca-4298-9bce-4e2f0a90ce52.root 357611 [176,175,174]
/store/data/Run2022D/Tau/RAW/v1/000/357/611/00000/5f195b12-482b-4042-a0cf-c03220b43eaa.root 357611 [78,80,79]
/store/data/Run2022D/Tau/RAW/v1/000/357/611/00000/62090316-54c6-418a-84ba-7b24470e4737.root 357611 [394,393,396,395]
/store/data/Run2022D/Tau/RAW/v1/000/357/611/00000/65aca2bd-4fe7-4595-aaac-b12aff871103.root 357611 [161,160,159]
/store/data/Run2022D/Tau/RAW/v1/000/357/611/00000/6677b964-1124-4bdd-af64-c2c6640c3137.root 357611 [350,351,349,352]
/store/data/Run2022D/Tau/RAW/v1/000/357/611/00000/66f1a539-ee60-4ce8-bb5f-cd6f40eb45fe.root 357611 [64,63]
/store/data/Run2022D/Tau/RAW/v1/000/357/611/00000/68bea184-0c0e-4438-af09-aed5f8137283.root 357611 [357,358,359,360]
/store/data/Run2022D/Tau/RAW/v1/000/357/611/00000/6918b476-da1c-4df9-bf89-80eadea3a801.root 357611 [53,54,55]
/store/data/Run2022D/Tau/RAW/v1/000/357/611/00000/69c0de46-d8fb-4e90-a89a-28b0b9a39555.root 357611 [307,308,309]
/store/data/Run2022D/Tau/RAW/v1/000/357/611/00000/6e1fb069-f93c-4644-b491-bce41e3ac76d.root 357611 [44,45]
/store/data/Run2022D/Tau/RAW/v1/000/357/611/00000/70b23092-325b-486d-975b-ff0d467f2a4d.root 357611 [168,169,170]
/store/data/Run2022D/Tau/RAW/v1/000/357/611/00000/72ccf020-0db2-4c13-8a72-47036bfa146a.root 357611 [48,49]
/store/data/Run2022D/Tau/RAW/v1/000/357/611/00000/73cf0800-114d-48ba-8053-2c86df8d4b83.root 357611 [141,142,143]
/store/data/Run2022D/Tau/RAW/v1/000/357/611/00000/78825e21-6b3a-4fb7-b906-367f8a91cb52.root 357611 [27,26]
/store/data/Run2022D/Tau/RAW/v1/000/357/611/00000/7bac1c2c-1999-4b5a-9da5-49223c73af26.root 357611 [203,201,202]
/store/data/Run2022D/Tau/RAW/v1/000/357/611/00000/7ff6a42b-13db-4dfe-b6e1-a33c3d260919.root 357611 [81,83,82]
/store/data/Run2022D/Tau/RAW/v1/000/357/611/00000/810dca82-8353-4937-946c-86e9c94cd8fe.root 357611 [124,125,123]
/store/data/Run2022D/Tau/RAW/v1/000/357/611/00000/862d4f57-3aeb-4e1d-a755-00c9b90d036f.root 357611 [40,41]
/store/data/Run2022D/Tau/RAW/v1/000/357/611/00000/8837330b-e6a5-4fad-9f9b-e7303067d4d6.root 357611 [163,162,164]
/store/data/Run2022D/Tau/RAW/v1/000/357/611/00000/8dece362-b71f-4bbf-b31a-2e673c2daa58.root 357611 [94,95,93]
/store/data/Run2022D/Tau/RAW/v1/000/357/611/00000/9187a136-046a-42ce-baff-c3de60b4e9bf.root 357611 [345,346,348,347]
/store/data/Run2022D/Tau/RAW/v1/000/357/611/00000/919c6d89-b158-4f09-95d4-44d251cc6c69.root 357611 [217,216,218]
/store/data/Run2022D/Tau/RAW/v1/000/357/611/00000/92216f0c-155f-4029-b7c3-49f606ea7d97.root 357611 [43,42]
/store/data/Run2022D/Tau/RAW/v1/000/357/611/00000/92beb322-6d99-4dec-b6d4-b8ce21e7cb2f.root 357611 [4,3]
/store/data/Run2022D/Tau/RAW/v1/000/357/611/00000/9329b2f9-f501-42c6-9c11-39956c07473a.root 357611 [334,335,336,337]
/store/data/Run2022D/Tau/RAW/v1/000/357/611/00000/938046e6-fb4f-48d2-89b8-36629a05499b.root 357611 [150,151,152]
/store/data/Run2022D/Tau/RAW/v1/000/357/611/00000/9492160c-e15c-4cae-8280-cbfcae1aaa13.root 357611 [381,382,384,383]
/store/data/Run2022D/Tau/RAW/v1/000/357/611/00000/96fedbc7-6512-4b5a-8f44-14d21ee1e50d.root 357611 [2,1]
/store/data/Run2022D/Tau/RAW/v1/000/357/611/00000/981ff029-7bdf-4154-a2e5-80805375c9e2.root 357611 [290,289,291]
/store/data/Run2022D/Tau/RAW/v1/000/357/611/00000/9a52d782-7818-4c9d-9a7e-3ddcd69f85a8.root 357611 [129,130,131]
/store/data/Run2022D/Tau/RAW/v1/000/357/611/00000/9e552e83-4513-420a-a82d-508719dc5a6a.root 357611 [256,255,257]
/store/data/Run2022D/Tau/RAW/v1/000/357/611/00000/a2db1dc3-4be3-44eb-927c-d52bc4ea08ef.root 357611 [70,71]
/store/data/Run2022D/Tau/RAW/v1/000/357/611/00000/a50d0ca3-3404-45c9-ae77-bca5bec3f406.root 357611 [370,372,369,371]
/store/data/Run2022D/Tau/RAW/v1/000/357/611/00000/a6b8e4f2-cf70-4e60-b680-fa915511c538.root 357611 [407,405,408,406]
/store/data/Run2022D/Tau/RAW/v1/000/357/611/00000/a82449f2-a406-46e5-ba28-557f6e47e998.root 357611 [356,354,353,355]
/store/data/Run2022D/Tau/RAW/v1/000/357/611/00000/a8f15475-8188-4eca-96dd-d6db276ec6c4.root 357611 [223,224,222]
/store/data/Run2022D/Tau/RAW/v1/000/357/611/00000/aa48a7ee-3cc5-48df-be73-071678e50e46.root 357611 [109,108,110]
/store/data/Run2022D/Tau/RAW/v1/000/357/611/00000/ada699a3-d51d-40c9-a73e-622bf453b66a.root 357611 [316,317,318]
/store/data/Run2022D/Tau/RAW/v1/000/357/611/00000/ae53ec7e-a0ba-4d9c-bcf5-8ac015612e69.root 357611 [400,398,397,399]
/store/data/Run2022D/Tau/RAW/v1/000/357/611/00000/aee57feb-83ec-4dd1-8d35-c6bb1f6e8093.root 357611 [301,303,302]
/store/data/Run2022D/Tau/RAW/v1/000/357/611/00000/b0238bb1-d95c-4c84-8a7f-133f53cecfac.root 357611 [126,128,127]
/store/data/Run2022D/Tau/RAW/v1/000/357/611/00000/b17c6eb2-97ac-4a89-b7b9-3d8cb269c762.root 357611 [215,213,214]
/store/data/Run2022D/Tau/RAW/v1/000/357/611/00000/b3c6f7f6-b4b8-4aaa-b69c-fb45e7226b90.root 357611 [390,389,391,392]
/store/data/Run2022D/Tau/RAW/v1/000/357/611/00000/b86d7f68-48a2-4aa1-82ca-3d1da3ff8d0e.root 357611 [22,23]
/store/data/Run2022D/Tau/RAW/v1/000/357/611/00000/ba56affc-c3a8-47ad-a3cf-2d62c8c3e974.root 357611 [249,251,250]
/store/data/Run2022D/Tau/RAW/v1/000/357/611/00000/baa43360-cae6-42d6-bb83-2e122816fae1.root 357611 [197,196,195]
/store/data/Run2022D/Tau/RAW/v1/000/357/611/00000/bac62055-a585-44ac-9751-f831ceedcc38.root 357611 [66,65]
/store/data/Run2022D/Tau/RAW/v1/000/357/611/00000/bbee2b3f-9765-41b8-8bff-c632537e0ff2.root 357611 [182,180,181]
/store/data/Run2022D/Tau/RAW/v1/000/357/611/00000/bd095db9-db73-40d7-bb4c-a6ba35bbb8ba.root 357611 [194,192,193]
/store/data/Run2022D/Tau/RAW/v1/000/357/611/00000/becbb34b-8f37-4369-84f4-b04d92d0a27d.root 357611 [5,6]
/store/data/Run2022D/Tau/RAW/v1/000/357/611/00000/bf45cfac-b02f-48b0-b322-21b2ceec75f0.root 357611 [234,236,235]
/store/data/Run2022D/Tau/RAW/v1/000/357/611/00000/bf83fa17-4d08-4350-a6d7-94cf3e5f1ad6.root 357611 [154,155,153]
/store/data/Run2022D/Tau/RAW/v1/000/357/611/00000/bfebf481-aeb5-41b1-bf47-bf452b018635.root 357611 [52,50,51]
/store/data/Run2022D/Tau/RAW/v1/000/357/611/00000/c20930f2-27c8-4c29-a678-d96c794c0c84.root 357611 [377,378,380,379]
/store/data/Run2022D/Tau/RAW/v1/000/357/611/00000/ca8c7667-046b-4f1b-a420-53db5b8de72b.root 357611 [231,233,232]
/store/data/Run2022D/Tau/RAW/v1/000/357/611/00000/d0d8d26e-7b2f-4d2b-bf33-cb1f5328e3cb.root 357611 [252,253,254]
/store/data/Run2022D/Tau/RAW/v1/000/357/611/00000/d5aca52e-dd43-4e9e-b81d-f0430ca3741b.root 357611 [376,375,374,373]
/store/data/Run2022D/Tau/RAW/v1/000/357/611/00000/d5bff002-b506-44f0-911b-176d19597d6e.root 357611 [13,12]
/store/data/Run2022D/Tau/RAW/v1/000/357/611/00000/d7802c22-ed84-48e7-895a-0123bc47023e.root 357611 [299,298,300]
/store/data/Run2022D/Tau/RAW/v1/000/357/611/00000/da764088-c9e3-4695-9d81-ad57bf44780a.root 357611 [138,140,139]
/store/data/Run2022D/Tau/RAW/v1/000/357/611/00000/e03d1c8a-017e-4e0f-8194-409f572fcdbe.root 357611 [25,24]
/store/data/Run2022D/Tau/RAW/v1/000/357/611/00000/e06ede35-c6e9-4349-a7ae-592481d05380.root 357611 [21,20,19]
/store/data/Run2022D/Tau/RAW/v1/000/357/611/00000/e08789cd-f741-4f0a-b3fd-a681ffb9c54e.root 357611 [57,58,56]
/store/data/Run2022D/Tau/RAW/v1/000/357/611/00000/e30b190e-fdba-4c0a-a883-deebc044ca78.root 357611 [107,106,105]
/store/data/Run2022D/Tau/RAW/v1/000/357/611/00000/e3b0be11-0406-4c8c-897b-57a465933cc8.root 357611 [315,314,313]
/store/data/Run2022D/Tau/RAW/v1/000/357/611/00000/e7c58d91-26e7-4956-9e3b-ccceafc25011.root 357611 [220,219,221]
/store/data/Run2022D/Tau/RAW/v1/000/357/611/00000/e7d9fe3d-e77a-470e-8690-d8c7ce6ff133.root 357611 [401,402,403,404]
/store/data/Run2022D/Tau/RAW/v1/000/357/611/00000/ea18bc92-46e2-4c30-a228-6bb71c4b51b6.root 357611 [198,199,200]
/store/data/Run2022D/Tau/RAW/v1/000/357/611/00000/eda2e96f-465b-4f28-8e93-8b35b2cd24f8.root 357611 [267,265,266]
/store/data/Run2022D/Tau/RAW/v1/000/357/611/00000/f01f1f96-8dbc-4113-8b5c-38b10f04ecbe.root 357611 [280,281,282]
/store/data/Run2022D/Tau/RAW/v1/000/357/611/00000/f53b6634-dac5-474f-8200-4b90ecf01d4e.root 357611 [212,211,210]
/store/data/Run2022D/Tau/RAW/v1/000/357/611/00000/f621832c-2a11-4786-98b2-b5e922924e43.root 357611 [36,37]
/store/data/Run2022D/Tau/RAW/v1/000/357/611/00000/f661174c-de7b-4340-b0b4-cb2f5386006d.root 357611 [305,304,306]
/store/data/Run2022D/Tau/RAW/v1/000/357/611/00000/faa2acdd-4311-4060-9446-dab0f6184907.root 357611 [206,205,204]
/store/data/Run2022D/Tau/RAW/v1/000/357/611/00000/fb0af5e7-fda2-4764-8efe-f3a742c33dbb.root 357611 [248,246,247]
/store/data/Run2022D/Tau/RAW/v1/000/357/611/00000/fd027ee3-2a85-485f-aaea-5c4a5ea0c2b4.root 357611 [240,241,242]
