/store/data/Run2018B/HLTPhysics/RAW/v1/000/317/435/00000/0EB2CD55-B068-E811-9F89-FA163E3559D6.root [903,906,901,910,905,904,907,908,912,911,914,902,915,909,916,917,900,913]
/store/data/Run2018B/HLTPhysics/RAW/v1/000/317/435/00000/108A5B6F-B668-E811-B535-FA163E7A194F.root [1338,1347,1349,1358,1340,1352,1354,1356,1359,1360,1346,1350,1363,1339,1345,1353,1355,1357,1361,1364,1365,1362,1342,1343,1348,1341,1344,1351]
/store/data/Run2018B/HLTPhysics/RAW/v1/000/317/435/00000/122E0719-B668-E811-860A-FA163EB0B5FD.root [1241,1237,1243,1254,1244,1245,1246,1247,1248,1252,1259,1239,1242,1253,1256,1257,1240,1250,1251,1255,1238,1258,1249,1260]
/store/data/Run2018B/HLTPhysics/RAW/v1/000/317/435/00000/149D5749-B068-E811-9772-FA163E337D5D.root [1189,1202,1205,1187,1191,1192,1198,1188,1199,1203,1210,1193,1197,1206,1208,1190,1194,1195,1207,1209,1196,1200,1201,1204]
/store/data/Run2018B/HLTPhysics/RAW/v1/000/317/435/00000/1CD2BB8D-B168-E811-A843-FA163EC76410.root [813,814,820,827,808,809,822,826,812,829,815,807,811,817,818,821,828,810,823,825,806,816,819,824]
/store/data/Run2018B/HLTPhysics/RAW/v1/000/317/435/00000/20E46CFE-B068-E811-B005-FA163E39862B.root [484,482,492,495,479,481,485,489,486,497,483,498,490,491,496,480,487,488,493,494]
/store/data/Run2018B/HLTPhysics/RAW/v1/000/317/435/00000/22024606-B068-E811-98B6-FA163E46A71D.root [633,634,628,621,624,629,631,632,639,626,622,635,638,625,627,637,623,620,630,636]
/store/data/Run2018B/HLTPhysics/RAW/v1/000/317/435/00000/22301A82-AF68-E811-98B8-FA163EFF1C10.root [225,227,230,231,235,229,236,237,239,233,224,232,234,226,228,238]
/store/data/Run2018B/HLTPhysics/RAW/v1/000/317/435/00000/2631B126-B068-E811-98F2-FA163EB0B5FD.root [1020,1029,1030,1035,1017,1022,1025,1034,1037,1031,1016,1028,1033,1014,1015,1019,1021,1023,1024,1026,1018,1027,1032,1036]
/store/data/Run2018B/HLTPhysics/RAW/v1/000/317/435/00000/282CDAA5-B068-E811-AB51-FA163E547BB1.root [686,690,691,688,695,697,681,682,685,693,698,699,687,684,689,694,680,696,683,692]
/store/data/Run2018B/HLTPhysics/RAW/v1/000/317/435/00000/2AF5619F-AF68-E811-A23D-FA163EA7948E.root [402,414,415,417,404,407,408,409,405,403,406,412,413,416,418,410,411]
/store/data/Run2018B/HLTPhysics/RAW/v1/000/317/435/00000/2C232703-B668-E811-8D05-FA163E31F891.root [1262,1264,1268,1270,1279,1283,1266,1272,1261,1278,1276,1265,1275,1263,1271,1274,1281,1282,1267,1273,1277,1280,1269,1284]
/store/data/Run2018B/HLTPhysics/RAW/v1/000/317/435/00000/2E3BD036-B068-E811-BEF0-FA163E9ED93F.root [587,595,585,589,582,586,594,599,584,592,581,583,591,593,580,590,597,598,588,596]
/store/data/Run2018B/HLTPhysics/RAW/v1/000/317/435/00000/2E94EE37-B068-E811-AFE7-02163E01A0CA.root [446,454,440,447,439,444,452,453,455,457,458,441,445,448,442,443,449,450,451,456]
/store/data/Run2018B/HLTPhysics/RAW/v1/000/317/435/00000/30446E24-B068-E811-BD7D-FA163E164660.root [547,552,553,558,542,556,545,557,540,541,543,554,555,544,546,548,550,539,549,551]
/store/data/Run2018B/HLTPhysics/RAW/v1/000/317/435/00000/34C1481E-B068-E811-A8C3-FA163E4D501C.root [524,531,535,520,525,527,519,521,523,532,522,526,534,529,533,528,530,536,537,538]
/store/data/Run2018B/HLTPhysics/RAW/v1/000/317/435/00000/3CE71EBB-AF68-E811-A5E7-FA163E92E6EA.root [153,148,154,163,164,152,155,156,165,146,159,147,160,149,158,161,150,151,157,162]
/store/data/Run2018B/HLTPhysics/RAW/v1/000/317/435/00000/423BDC61-B068-E811-9A83-FA163E87213F.root [743,744,750,753,758,747,749,756,745,751,754,740,755,741,746,742,752,757,748,759]
/store/data/Run2018B/HLTPhysics/RAW/v1/000/317/435/00000/4618FB07-B068-E811-A915-02163E017F77.root [887,896,884,890,891,882,883,886,897,899,888,885,895,898,894,889,892,893]
/store/data/Run2018B/HLTPhysics/RAW/v1/000/317/435/00000/46B03CD4-AF68-E811-A073-FA163ED190E5.root [255,244,248,254,242,243,246,249,251,252,245,247,240,241,253,250]
/store/data/Run2018B/HLTPhysics/RAW/v1/000/317/435/00000/4CE013DF-B068-E811-927F-FA163E3DCB54.root [832,834,837,840,843,838,839,842,844,830,831,836,841,835,833,845,846]
/store/data/Run2018B/HLTPhysics/RAW/v1/000/317/435/00000/4E75E50C-B668-E811-AB0F-FA163E84174E.root [1388,1394,1395,1389,1391,1396,1392,1397,1387,1390,1393]
/store/data/Run2018B/HLTPhysics/RAW/v1/000/317/435/00000/6475096A-B068-E811-9088-FA163EFD8406.root [1040,1044,1053,1039,1043,1054,1061,1049,1059,1045,1048,1047,1051,1056,1038,1041,1042,1052,1055,1057,1046,1050,1058,1060]
/store/data/Run2018B/HLTPhysics/RAW/v1/000/317/435/00000/64B0496A-6268-E811-B4A1-FA163EF315AD.root [70,85,87,88,77,82,83,71,74,78,86,76,79,80,72,73,75,81,84,69]
/store/data/Run2018B/HLTPhysics/RAW/v1/000/317/435/00000/68DAB5D2-AF68-E811-9301-02163E01A0F3.root [352,355,361,363,359,367,354,358,362,366,365,353,364,356,357,360]
/store/data/Run2018B/HLTPhysics/RAW/v1/000/317/435/00000/6C370478-B068-E811-8530-FA163E1A61E2.root [993,994,1000,1004,999,992,1009,1011,996,1012,1013,991,1001,1002,1003,1005,1007,995,997,998,1006,1008,1010,990]
/store/data/Run2018B/HLTPhysics/RAW/v1/000/317/435/00000/6EB7B305-B068-E811-ACA7-FA163E25A2DB.root [850,851,847,859,852,854,856,857,861,858,848,849,860,862,853,855,863]
/store/data/Run2018B/HLTPhysics/RAW/v1/000/317/435/00000/726F1C18-B068-E811-8F62-FA163EE6AF41.root [790,803,785,788,799,804,805,786,787,789,794,783,784,792,795,801,791,793,796,802,797,798,800]
/store/data/Run2018B/HLTPhysics/RAW/v1/000/317/435/00000/72BFFD36-B068-E811-8B1B-FA163EADE996.root [943,951,960,944,945,948,953,954,958,959,949,952,955,963,964,965,947,950,957,961,942,946,956,962]
/store/data/Run2018B/HLTPhysics/RAW/v1/000/317/435/00000/7642D9AC-AF68-E811-ACEE-FA163E37E893.root [263,270,257,261,262,269,256,258,260,264,266,268,271,259,265,267]
/store/data/Run2018B/HLTPhysics/RAW/v1/000/317/435/00000/785DFB71-B068-E811-8412-FA163EDD7452.root [865,864,870,873,880,869,876,868,878,866,874,875,879,881,871,867,872,877]
/store/data/Run2018B/HLTPhysics/RAW/v1/000/317/435/00000/7AE6D303-B668-E811-AFF3-FA163EEE0B4C.root [1315,1316,1326,1319,1320,1324,1334,1314,1318,1321,1328,1317,1323,1325,1329,1330,1333,1335,1336,1337,1311,1312,1327,1332,1310,1313,1322,1331]
/store/data/Run2018B/HLTPhysics/RAW/v1/000/317/435/00000/7E06ABB9-AF68-E811-AEEC-FA163E8CA755.root [303,301,300,288,290,289,292,297,291,294,295,298,299,296,293,302]
/store/data/Run2018B/HLTPhysics/RAW/v1/000/317/435/00000/7E3457DF-AF68-E811-985E-FA163EB52158.root [475,478,459,466,471,461,463,464,465,468,469,470,476,462,467,477,460,474,472,473]
/store/data/Run2018B/HLTPhysics/RAW/v1/000/317/435/00000/80812AD0-6068-E811-BC94-02163E017F0F.root [19,20,24,26,27,29,22,17,25,31,32,28,18,23,30,21]
/store/data/Run2018B/HLTPhysics/RAW/v1/000/317/435/00000/847E840B-B668-E811-985C-FA163E52392B.root [1369,1376,1384,1366,1367,1373,1382,1370,1374,1379,1368,1371,1375,1378,1383,1386,1377,1380,1372,1381,1385]
/store/data/Run2018B/HLTPhysics/RAW/v1/000/317/435/00000/84B83580-B068-E811-8ACA-FA163EE36261.root [431,433,437,420,425,429,432,438,430,421,426,434,436,422,424,427,419,423,428,435]
/store/data/Run2018B/HLTPhysics/RAW/v1/000/317/435/00000/8897E14B-B068-E811-946D-FA163E2F2008.root [650,651,657,659,641,640,644,654,658,648,655,642,643,649,653,645,647,652,646,656]
/store/data/Run2018B/HLTPhysics/RAW/v1/000/317/435/00000/8C469008-B068-E811-AA53-FA163E40AA27.root [966,971,974,986,989,968,988,970,976,980,987,967,983,969,978,979,972,981,985,977,973,975,982,984]
/store/data/Run2018B/HLTPhysics/RAW/v1/000/317/435/00000/8C50D126-B068-E811-B540-FA163EB204CA.root [662,664,666,670,672,673,675,661,678,665,669,679,660,663,667,668,671,674,676,677]
/store/data/Run2018B/HLTPhysics/RAW/v1/000/317/435/00000/8C640E08-B068-E811-BCE6-FA163E3F2743.root [930,939,922,923,935,919,929,936,924,934,937,940,925,918,941,920,921,927,928,931,926,932,933,938]
/store/data/Run2018B/HLTPhysics/RAW/v1/000/317/435/00000/90CFE6FC-AF68-E811-B4E6-FA163E836BB3.root [277,279,273,284,286,276,278,282,274,285,275,280,272,283,281,287]
/store/data/Run2018B/HLTPhysics/RAW/v1/000/317/435/00000/9A3F5B87-AF68-E811-BD89-FA163EBB45A3.root [211,220,221,223,216,217,222,214,212,208,209,215,219,210,213,218]
/store/data/Run2018B/HLTPhysics/RAW/v1/000/317/435/00000/9A67DA01-B668-E811-8FD1-FA163E2E52D5.root [1292,1289,1306,1308,1290,1291,1303,1304,1285,1286,1288,1294,1296,1301,1297,1298,1300,1293,1295,1299,1309,1302,1305,1307,1287]
/store/data/Run2018B/HLTPhysics/RAW/v1/000/317/435/00000/9C6D12B4-AF68-E811-8DBD-FA163E498C7B.root [172,167,184,175,179,183,185,186,187,168,171,176,180,178,166,169,170,182,173,174,177,181]
/store/data/Run2018B/HLTPhysics/RAW/v1/000/317/435/00000/9ED9C5B0-AF68-E811-9557-FA163EC1E57B.root [337,338,342,346,347,349,340,344,348,339,345,351,341,336,343,350]
/store/data/Run2018B/HLTPhysics/RAW/v1/000/317/435/00000/A41DD213-B068-E811-A9CA-FA163E8EA847.root [505,509,516,507,508,510,512,513,502,503,500,515,501,504,506,514,517,518,499,511]
/store/data/Run2018B/HLTPhysics/RAW/v1/000/317/435/00000/A4B0C20D-B068-E811-BCE8-FA163E8D6DD8.root [1163,1164,1182,1166,1168,1169,1172,1165,1171,1179,1183,1174,1176,1178,1185,1170,1177,1167,1175,1180,1181,1173,1184,1186]
/store/data/Run2018B/HLTPhysics/RAW/v1/000/317/435/00000/A8FD9AEE-AF68-E811-AF94-FA163EDE04F2.root [200,201,189,198,203,207,188,190,195,202,204,197,199,206,193,196,205,192,191,194]
/store/data/Run2018B/HLTPhysics/RAW/v1/000/317/435/00000/AE5D4528-AC68-E811-98ED-FA163E10FE53.root [110,112,115,119,121,109,116,117,120,122,124,111,113,114,118,123]
/store/data/Run2018B/HLTPhysics/RAW/v1/000/317/435/00000/B2144AFA-6068-E811-82D9-FA163E5AEA3D.root [38,45,34,47,35,41,42,33,44,46,37,36,48,39,40,43]
/store/data/Run2018B/HLTPhysics/RAW/v1/000/317/435/00000/B244B640-B068-E811-A852-FA163E3F496D.root [1102,1086,1089,1091,1093,1096,1100,1103,1106,1109,1098,1111,1094,1097,1104,1087,1099,1101,1110,1088,1090,1092,1095,1105,1107,1108]
/store/data/Run2018B/HLTPhysics/RAW/v1/000/317/435/00000/B2ADF24D-6268-E811-9732-FA163EA1ACE0.root [93,104,107,97,92,95,102,100,101,89,90,94,106,108,96,99,105,91,98,103]
/store/data/Run2018B/HLTPhysics/RAW/v1/000/317/435/00000/B4FCD022-AE68-E811-9CA3-FA163E43F875.root [142,144,129,132,145,128,133,134,136,138,139,143,126,130,140,141,131,137,127,135]
/store/data/Run2018B/HLTPhysics/RAW/v1/000/317/435/00000/B67D6A9B-AF68-E811-B84F-FA163EF81BC0.root [373,374,381,382,383,378,368,371,372,377,379,380,369,376,370,375]
/store/data/Run2018B/HLTPhysics/RAW/v1/000/317/435/00000/B6F4406B-B068-E811-B577-02163E01A074.root [762,770,779,780,773,774,777,768,769,766,767,771,776,782,761,765,775,760,764,778,763,772,781]
/store/data/Run2018B/HLTPhysics/RAW/v1/000/317/435/00000/B8A06F11-B068-E811-BE2E-FA163E19119E.root [1139,1147,1155,1157,1141,1144,1156,1140,1142,1148,1150,1143,1145,1146,1154,1152,1161,1159,1160,1162,1149,1151,1153,1158]
/store/data/Run2018B/HLTPhysics/RAW/v1/000/317/435/00000/BC87A860-B068-E811-B26F-FA163E8A2072.root [729,732,738,726,735,728,736,720,721,724,725,727,723,730,722,731,733,734,737,739]
/store/data/Run2018B/HLTPhysics/RAW/v1/000/317/435/00000/CE0C5C8A-AF68-E811-98E3-FA163E642909.root [312,314,306,308,318,311,305,313,316,309,310,315,317,304,307,319]
/store/data/Run2018B/HLTPhysics/RAW/v1/000/317/435/00000/D06C9E3A-B068-E811-B39C-FA163E5B2FBF.root [1220,1221,1226,1233,1215,1218,1223,1224,1229,1211,1213,1228,1230,1232,1234,1212,1225,1227,1231,1216,1217,1236,1219,1235,1214,1222]
/store/data/Run2018B/HLTPhysics/RAW/v1/000/317/435/00000/D459D789-AF68-E811-891F-FA163E9E511D.root [325,323,326,330,321,327,324,332,328,329,320,322,331,333,334,335]
/store/data/Run2018B/HLTPhysics/RAW/v1/000/317/435/00000/D61DD59C-B068-E811-B534-FA163EE8C7E8.root [701,702,705,713,704,710,711,715,719,703,708,714,717,700,706,707,716,709,712,718]
/store/data/Run2018B/HLTPhysics/RAW/v1/000/317/435/00000/DA0A9BA4-B068-E811-9659-FA163E302B83.root [1067,1076,1084,1062,1063,1065,1066,1068,1075,1083,1069,1077,1082,1072,1073,1080,1079,1085,1064,1071,1074,1078,1081,1070]
/store/data/Run2018B/HLTPhysics/RAW/v1/000/317/435/00000/DCD86D07-B068-E811-A5E8-02163E019F6B.root [559,560,561,565,573,579,571,574,577,563,568,570,575,566,572,562,564,567,569,576,578]
/store/data/Run2018B/HLTPhysics/RAW/v1/000/317/435/00000/E0B3E9C9-6068-E811-9A1C-FA163E8F8878.root [49,50,53,56,66,52,61,63,65,51,55,57,58,67,62,54,64,59,60,68]
/store/data/Run2018B/HLTPhysics/RAW/v1/000/317/435/00000/F24BE268-B068-E811-A456-FA163E0ABA57.root [1116,1125,1135,1136,1137,1113,1117,1123,1126,1114,1118,1124,1131,1121,1130,1132,1115,1127,1128,1129,1133,1112,1120,1134,1119,1122,1138]
/store/data/Run2018B/HLTPhysics/RAW/v1/000/317/435/00000/F8989BD4-6068-E811-8751-FA163E8C736E.root [9,7,13,11,2,6,5,14,1,4,16,10,3,8,12,15]
/store/data/Run2018B/HLTPhysics/RAW/v1/000/317/435/00000/FA8681BE-AF68-E811-8B18-FA163E188988.root [384,385,394,395,399,397,396,387,388,390,393,400,386,389,391,392,398,401]
/store/data/Run2018B/HLTPhysics/RAW/v1/000/317/435/00000/FCDAD018-B068-E811-A57F-FA163EC5E773.root [618,602,604,607,619,617,610,605,606,615,608,609,600,612,603,614,601,611,613,616]
