/store/data/Run2024D/BTagMu/RAW/v1/000/380/306/00000/0215c391-ef08-474e-92e5-26f25fdb7b49.root 380306 [255,256]
/store/data/Run2024D/BTagMu/RAW/v1/000/380/306/00000/04599cc6-96f2-4b54-b6fa-749e66619eca.root 380306 [103,104]
/store/data/Run2024D/BTagMu/RAW/v1/000/380/306/00000/05e75eb7-45e9-45c3-b5f9-286108fd829d.root 380306 [136,135]
/store/data/Run2024D/BTagMu/RAW/v1/000/380/306/00000/0d56140b-b22a-44c4-aa77-a432ad08a214.root 380306 [2,4,1,3,5]
/store/data/Run2024D/BTagMu/RAW/v1/000/380/306/00000/0f7d5f86-d5df-4223-8fcc-7ae4eababc1a.root 380306 [14,22,25,26,36,40,37,17,29,39,16,21,27,38,32,35,41,43,31,42,24,28,30,33,34,13,15,18,19,20,23,44]
/store/data/Run2024D/BTagMu/RAW/v1/000/380/306/00000/159e99d8-605d-42af-aae5-22ba98bf5428.root 380306 [170,169]
/store/data/Run2024D/BTagMu/RAW/v1/000/380/306/00000/1a67661f-f8d9-4215-b542-fac2cc77592b.root 380306 [228,227]
/store/data/Run2024D/BTagMu/RAW/v1/000/380/306/00000/1c2b085d-9fed-4008-a450-aa1406242b9c.root 380306 [63,61,62,58,60,59]
/store/data/Run2024D/BTagMu/RAW/v1/000/380/306/00000/1c37a0a7-3d93-40b1-bf20-2b549e1f50c9.root 380306 [269]
/store/data/Run2024D/BTagMu/RAW/v1/000/380/306/00000/2014b5ea-b730-4692-a28b-9231079abc4b.root 380306 [149,150]
/store/data/Run2024D/BTagMu/RAW/v1/000/380/306/00000/2062a31c-a8f3-4da5-b3f7-bd7b080ebd56.root 380306 [141,142]
/store/data/Run2024D/BTagMu/RAW/v1/000/380/306/00000/2c0394ad-7df2-411d-8b3b-21bae8ca5716.root 380306 [148,147]
/store/data/Run2024D/BTagMu/RAW/v1/000/380/306/00000/2cb774ab-1c38-4554-8027-251072f01826.root 380306 [131,132]
/store/data/Run2024D/BTagMu/RAW/v1/000/380/306/00000/2eda7910-e35f-4c55-814c-08f64f1dcfd1.root 380306 [247,245,248,246]
/store/data/Run2024D/BTagMu/RAW/v1/000/380/306/00000/30d6be8d-1d0e-491e-bcd0-94e9c25fe75a.root 380306 [72,73,75,70,71,74]
/store/data/Run2024D/BTagMu/RAW/v1/000/380/306/00000/318397fb-fe93-4135-8e6d-7097d96fdcc9.root 380306 [79,76,80,77,78]
/store/data/Run2024D/BTagMu/RAW/v1/000/380/306/00000/31f29a53-c485-4ec3-93b5-a15aa6cb6508.root 380306 [119,120]
/store/data/Run2024D/BTagMu/RAW/v1/000/380/306/00000/323301b3-bf1d-4a7e-8c00-5764cb45ef9c.root 380306 [182,181]
/store/data/Run2024D/BTagMu/RAW/v1/000/380/306/00000/333799fa-c93b-4aed-a237-1bd752fcf0b9.root 380306 [82,84,81,83]
/store/data/Run2024D/BTagMu/RAW/v1/000/380/306/00000/36f4cd86-f566-40c2-a011-7530b77e425a.root 380306 [179,180]
/store/data/Run2024D/BTagMu/RAW/v1/000/380/306/00000/372246ea-7409-4507-9fcd-0928df70e3fb.root 380306 [48,50,53,45,51,49,46,47,52]
/store/data/Run2024D/BTagMu/RAW/v1/000/380/306/00000/3f5f30a5-6ccc-4068-b7b1-c5fbf99091e0.root 380306 [101,102,100]
/store/data/Run2024D/BTagMu/RAW/v1/000/380/306/00000/413c3bfb-3adb-4625-a965-583e5502c1b2.root 380306 [115,116]
/store/data/Run2024D/BTagMu/RAW/v1/000/380/306/00000/42d35707-884f-4ca2-9f7a-bcdc184158af.root 380306 [234,233]
/store/data/Run2024D/BTagMu/RAW/v1/000/380/306/00000/4e51c723-4d07-4e2f-9ead-6da5adae81ee.root 380306 [219,220]
/store/data/Run2024D/BTagMu/RAW/v1/000/380/306/00000/4ebbd977-cfa5-420e-8d7c-956c21da5760.root 380306 [214,213]
/store/data/Run2024D/BTagMu/RAW/v1/000/380/306/00000/4f8ae85c-52bb-408a-b2be-decf9c02af81.root 380306 [109,110]
/store/data/Run2024D/BTagMu/RAW/v1/000/380/306/00000/513458ce-4f18-47aa-8365-5db97271fd83.root 380306 [171,172]
/store/data/Run2024D/BTagMu/RAW/v1/000/380/306/00000/52d89778-4c07-4e0b-a1d6-5022d9bc480b.root 380306 [198,197]
/store/data/Run2024D/BTagMu/RAW/v1/000/380/306/00000/57c906d4-9074-4129-9189-d059772130a2.root 380306 [125,126]
/store/data/Run2024D/BTagMu/RAW/v1/000/380/306/00000/5a3d1ea9-0171-4d94-bfda-33e212d7f416.root 380306 [139,140]
/store/data/Run2024D/BTagMu/RAW/v1/000/380/306/00000/6490ca29-a2c8-4545-bc89-3d57bf8aeed7.root 380306 [98,99,97]
/store/data/Run2024D/BTagMu/RAW/v1/000/380/306/00000/6cc68f27-2fe3-4951-bfda-75aec499b9f3.root 380306 [191,192]
/store/data/Run2024D/BTagMu/RAW/v1/000/380/306/00000/7333cf0f-0704-458e-9037-4b56ebe532ef.root 380306 [216,215]
/store/data/Run2024D/BTagMu/RAW/v1/000/380/306/00000/74624652-2dc1-438c-9150-8c324e2fc8b2.root 380306 [145,146]
/store/data/Run2024D/BTagMu/RAW/v1/000/380/306/00000/7728a8d8-1ff5-4f04-8c8d-644cdeb015b6.root 380306 [212,211]
/store/data/Run2024D/BTagMu/RAW/v1/000/380/306/00000/7944a50a-6935-4a56-a954-5ea7a44b90ec.root 380306 [201,202]
/store/data/Run2024D/BTagMu/RAW/v1/000/380/306/00000/7d548878-d954-4507-bb1d-40687009b80f.root 380306 [203,204]
/store/data/Run2024D/BTagMu/RAW/v1/000/380/306/00000/820a9c0b-3937-45be-9d4e-d8e8ffa51e17.root 380306 [189,190]
/store/data/Run2024D/BTagMu/RAW/v1/000/380/306/00000/83eb17e5-a02c-42f1-a3e5-82216879783f.root 380306 [153,154]
/store/data/Run2024D/BTagMu/RAW/v1/000/380/306/00000/84379509-f110-4323-9b42-4ba478a8d803.root 380306 [88,90,89]
/store/data/Run2024D/BTagMu/RAW/v1/000/380/306/00000/84baa9b8-e59e-468b-95df-6e89f6374fa1.root 380306 [217,218]
/store/data/Run2024D/BTagMu/RAW/v1/000/380/306/00000/86f9db1a-d73a-4985-b86d-f9c84d83c278.root 380306 [268,267]
/store/data/Run2024D/BTagMu/RAW/v1/000/380/306/00000/876d1b8d-535c-4ea8-a18a-710a4d2ca86b.root 380306 [183,184]
/store/data/Run2024D/BTagMu/RAW/v1/000/380/306/00000/87cbc80c-4e83-44cb-96a0-05e6b94cd14a.root 380306 [260,259]
/store/data/Run2024D/BTagMu/RAW/v1/000/380/306/00000/8802b6fb-8086-4897-b6a6-7d436d4f25b5.root 380306 [239,240]
/store/data/Run2024D/BTagMu/RAW/v1/000/380/306/00000/8c4f2cde-e9e6-40a1-820d-536390513525.root 380306 [235,236]
/store/data/Run2024D/BTagMu/RAW/v1/000/380/306/00000/8e401909-89a5-4e70-aee1-f8c401c8dbfa.root 380306 [249,250]
/store/data/Run2024D/BTagMu/RAW/v1/000/380/306/00000/90376901-7b7b-4f89-a760-d34bfee16ad0.root 380306 [230,229]
/store/data/Run2024D/BTagMu/RAW/v1/000/380/306/00000/904c2a59-31b4-4da1-b3ed-80fa040a80f4.root 380306 [138,137]
/store/data/Run2024D/BTagMu/RAW/v1/000/380/306/00000/9206ddee-ca20-49c2-8646-a276c7b67a45.root 380306 [55,54,57,56]
/store/data/Run2024D/BTagMu/RAW/v1/000/380/306/00000/9277fc22-2ccd-48c8-b38a-c7bafd6b9b46.root 380306 [93,91,92]
/store/data/Run2024D/BTagMu/RAW/v1/000/380/306/00000/94c55f25-b46a-4a74-be85-2da0b988fae1.root 380306 [241,242]
/store/data/Run2024D/BTagMu/RAW/v1/000/380/306/00000/97336d31-596a-47f6-8c45-2bf4e07f95df.root 380306 [237,238]
/store/data/Run2024D/BTagMu/RAW/v1/000/380/306/00000/98db7bcc-31c4-42b7-9962-3a4adb39e861.root 380306 [160,159]
/store/data/Run2024D/BTagMu/RAW/v1/000/380/306/00000/9bea0a8c-3eee-4eaa-ab8c-57d80ac74ebe.root 380306 [165,166]
/store/data/Run2024D/BTagMu/RAW/v1/000/380/306/00000/9ddb61f2-bb8d-4fe6-bf55-f09939848fcc.root 380306 [177,178]
/store/data/Run2024D/BTagMu/RAW/v1/000/380/306/00000/9f8972e2-fafa-4a12-bc65-db583a18e39a.root 380306 [111,112]
/store/data/Run2024D/BTagMu/RAW/v1/000/380/306/00000/a0f3477a-f271-4a5d-a3c8-ae904fa5f688.root 380306 [144,143]
/store/data/Run2024D/BTagMu/RAW/v1/000/380/306/00000/a20de59f-2754-413e-b872-4a4dfc3ed447.root 380306 [155,156]
/store/data/Run2024D/BTagMu/RAW/v1/000/380/306/00000/a5b7b873-81d4-418a-aff9-b7e44d967c2c.root 380306 [257,258]
/store/data/Run2024D/BTagMu/RAW/v1/000/380/306/00000/a778bfb8-894f-437d-9a74-648652f7f5ba.root 380306 [114,113]
/store/data/Run2024D/BTagMu/RAW/v1/000/380/306/00000/a83a9b33-ffc9-4efd-9314-9887c1c75449.root 380306 [253,254]
/store/data/Run2024D/BTagMu/RAW/v1/000/380/306/00000/ad7113f7-7276-4b4c-8c7b-61c49405f8e9.root 380306 [129,130]
/store/data/Run2024D/BTagMu/RAW/v1/000/380/306/00000/aeb32c29-7843-4e1b-9855-240cf8b252c6.root 380306 [264,263]
/store/data/Run2024D/BTagMu/RAW/v1/000/380/306/00000/b61cbc81-669e-40f0-85e9-b08bead34953.root 380306 [87,86,85]
/store/data/Run2024D/BTagMu/RAW/v1/000/380/306/00000/b6716626-cbab-4b06-a8dc-55fda5c5330b.root 380306 [68,67,69,65,66,64]
/store/data/Run2024D/BTagMu/RAW/v1/000/380/306/00000/bd3c5434-b011-4dcb-bc6d-194b6fd3992a.root 380306 [194,193]
/store/data/Run2024D/BTagMu/RAW/v1/000/380/306/00000/c084cda3-947c-4d84-b8a5-67301ea64ee7.root 380306 [173,174]
/store/data/Run2024D/BTagMu/RAW/v1/000/380/306/00000/c0bf8027-0d12-468a-8b6c-7eb3e227a809.root 380306 [205,206]
/store/data/Run2024D/BTagMu/RAW/v1/000/380/306/00000/c6304011-36b7-42ef-9b65-94397cee3662.root 380306 [124,123]
/store/data/Run2024D/BTagMu/RAW/v1/000/380/306/00000/c6ad9ee4-be7c-4f7d-b7c8-1a398d827d8e.root 380306 [186,185]
/store/data/Run2024D/BTagMu/RAW/v1/000/380/306/00000/c972919b-2ab2-4c48-a899-edc9bc5a1c65.root 380306 [207,208]
/store/data/Run2024D/BTagMu/RAW/v1/000/380/306/00000/ca2e091c-f2a3-4f49-bb2c-ac0c319ef0ce.root 380306 [252,251]
/store/data/Run2024D/BTagMu/RAW/v1/000/380/306/00000/cba6f940-c183-4799-ac1f-bb336e096d98.root 380306 [187,188]
/store/data/Run2024D/BTagMu/RAW/v1/000/380/306/00000/cdc014d0-ba64-45a0-813b-fcde6cdd2c58.root 380306 [106,105]
/store/data/Run2024D/BTagMu/RAW/v1/000/380/306/00000/cdd2578a-152c-48af-8f98-cf3fa46fdc1e.root 380306 [168,167]
/store/data/Run2024D/BTagMu/RAW/v1/000/380/306/00000/d3e83dc3-453d-4c91-acf5-8b558c1798f9.root 380306 [108,107]
/store/data/Run2024D/BTagMu/RAW/v1/000/380/306/00000/d43c3603-6a93-4df5-94a7-851fa9d887c4.root 380306 [210,209]
/store/data/Run2024D/BTagMu/RAW/v1/000/380/306/00000/d546d646-728e-4e6b-8ce5-8f10a510d515.root 380306 [232,231]
/store/data/Run2024D/BTagMu/RAW/v1/000/380/306/00000/d580272c-8c63-4384-b4f8-ebfd2767b4c4.root 380306 [262,261]
/store/data/Run2024D/BTagMu/RAW/v1/000/380/306/00000/d5b798f3-7632-450c-b6c2-ba271d5d4ac5.root 380306 [95,96,94]
/store/data/Run2024D/BTagMu/RAW/v1/000/380/306/00000/d8cd3e23-da31-46a1-af3d-db723984f234.root 380306 [164,163]
/store/data/Run2024D/BTagMu/RAW/v1/000/380/306/00000/da121a60-1958-45ce-b0f0-723947a18444.root 380306 [8,11,9,7,10]
/store/data/Run2024D/BTagMu/RAW/v1/000/380/306/00000/dc38183f-503f-4106-aefd-8aa59acd1386.root 380306 [117,118]
/store/data/Run2024D/BTagMu/RAW/v1/000/380/306/00000/de9a3815-2d78-4533-9d6c-9bbc4c4d9cf1.root 380306 [133,134]
/store/data/Run2024D/BTagMu/RAW/v1/000/380/306/00000/e115eaed-9e2c-48b0-9a2f-7c788f06e2e3.root 380306 [225,226]
/store/data/Run2024D/BTagMu/RAW/v1/000/380/306/00000/e220b12e-7a36-4aaa-a92a-3be6de9b26a7.root 380306 [176,175]
/store/data/Run2024D/BTagMu/RAW/v1/000/380/306/00000/e469cbd8-1e3e-46ba-8ae7-83151989153b.root 380306 [157,158]
/store/data/Run2024D/BTagMu/RAW/v1/000/380/306/00000/e8533e6e-a3a3-4854-bcb5-4cb2eea19521.root 380306 [195,196]
/store/data/Run2024D/BTagMu/RAW/v1/000/380/306/00000/e94dc2f8-2d45-43e8-a651-20db5029e1d3.root 380306 [200,199]
/store/data/Run2024D/BTagMu/RAW/v1/000/380/306/00000/ea9dd52b-b548-4738-9bc7-196ac1781fc6.root 380306 [221,222]
/store/data/Run2024D/BTagMu/RAW/v1/000/380/306/00000/ebb8c6bf-ecbc-4b17-a384-7b87fc45d893.root 380306 [265,266]
/store/data/Run2024D/BTagMu/RAW/v1/000/380/306/00000/ec6d12d6-609b-4129-8a18-4c02697a544a.root 380306 [224,223]
/store/data/Run2024D/BTagMu/RAW/v1/000/380/306/00000/eff85417-9cbf-4dfa-a3fe-66aa464efa45.root 380306 [127,128]
/store/data/Run2024D/BTagMu/RAW/v1/000/380/306/00000/f6b297db-47cc-492f-9192-9dcad3534427.root 380306 [243,244]
/store/data/Run2024D/BTagMu/RAW/v1/000/380/306/00000/fa845a85-5008-4b0d-b5bb-7b61eba7241a.root 380306 [161,162]
/store/data/Run2024D/BTagMu/RAW/v1/000/380/306/00000/fa964ce6-9ec1-4cb3-9269-511c1befe584.root 380306 [152,151]
/store/data/Run2024D/BTagMu/RAW/v1/000/380/306/00000/fdc5fa65-6e63-464f-9e18-11385d64ddea.root 380306 [122,121]
/store/data/Run2024D/BTagMu/RAW/v1/000/380/308/00000/16dcb471-75a9-4e4a-99f5-4b607ca51351.root 380308 [16,15]
/store/data/Run2024D/BTagMu/RAW/v1/000/380/308/00000/200609de-81c3-4676-af49-28eaf62c259e.root 380308 [7,6]
/store/data/Run2024D/BTagMu/RAW/v1/000/380/308/00000/4ca2bb3d-2325-4c10-a6c4-d01f94f3fb6f.root 380308 [18,17]
/store/data/Run2024D/BTagMu/RAW/v1/000/380/308/00000/5755ba6d-ac8d-4444-9d71-3c1f6d799c5f.root 380308 [1,2,4,5,3]
/store/data/Run2024D/BTagMu/RAW/v1/000/380/308/00000/580518b4-9295-427b-8447-292501aaede6.root 380308 [29,30]
/store/data/Run2024D/BTagMu/RAW/v1/000/380/308/00000/7613705d-d15a-4fdd-be3b-0988c48e688f.root 380308 [14,13]
/store/data/Run2024D/BTagMu/RAW/v1/000/380/308/00000/7b223e4c-e561-4f7e-83c3-c0e23eb48cb9.root 380308 [9,8]
/store/data/Run2024D/BTagMu/RAW/v1/000/380/308/00000/b53a35af-5944-40a6-a99c-257da3f995a3.root 380308 [10,11,12]
/store/data/Run2024D/BTagMu/RAW/v1/000/380/308/00000/bcee442f-2933-45ed-83bc-a822dbc4968a.root 380308 [21,22]
/store/data/Run2024D/BTagMu/RAW/v1/000/380/308/00000/c1dde053-0add-42b5-9dea-73a5ca4ddd95.root 380308 [24,23]
/store/data/Run2024D/BTagMu/RAW/v1/000/380/308/00000/c597e868-366e-41d5-a963-776036696ccd.root 380308 [19,20]
/store/data/Run2024D/BTagMu/RAW/v1/000/380/308/00000/c6895a4f-1ea0-45c1-a9aa-ac0c3ef22cb3.root 380308 [28,27]
/store/data/Run2024D/BTagMu/RAW/v1/000/380/308/00000/cc9a885b-578c-4215-914c-9c9d25506419.root 380308 [34,35,33]
/store/data/Run2024D/BTagMu/RAW/v1/000/380/308/00000/e89397a9-b49e-44e8-b1ed-a4e9c35f1679.root 380308 [25,26]
/store/data/Run2024D/BTagMu/RAW/v1/000/380/308/00000/f1a41eb6-cae2-49aa-b53f-77570b192861.root 380308 [31,32]
/store/data/Run2024D/BTagMu/RAW/v1/000/380/309/00000/0162dc87-6440-462c-88cc-cf31d83d87c0.root 380309 [77,76]
/store/data/Run2024D/BTagMu/RAW/v1/000/380/309/00000/039bf8dc-0e66-45ca-9711-ef36821f7a23.root 380309 [336,337]
/store/data/Run2024D/BTagMu/RAW/v1/000/380/309/00000/0506c3e2-caec-402a-99bc-af6a53c6b610.root 380309 [106,107]
/store/data/Run2024D/BTagMu/RAW/v1/000/380/309/00000/05196e3a-d8c5-4779-adde-597e96d2211e.root 380309 [45,46]
/store/data/Run2024D/BTagMu/RAW/v1/000/380/309/00000/076f18d9-d56e-4504-a945-ac9e9bbb588a.root 380309 [117,116]
/store/data/Run2024D/BTagMu/RAW/v1/000/380/309/00000/08e20b45-b34e-41af-866c-6a533f75a7db.root 380309 [218,217]
/store/data/Run2024D/BTagMu/RAW/v1/000/380/309/00000/0a955c07-45db-4198-8a25-edd34ae65d3b.root 380309 [145,146]
/store/data/Run2024D/BTagMu/RAW/v1/000/380/309/00000/0b0534b1-96ff-4298-81a8-b33817a7fdd9.root 380309 [192,193]
/store/data/Run2024D/BTagMu/RAW/v1/000/380/309/00000/0dbd1733-7a74-4df8-bfff-2ef6cae17570.root 380309 [130,131]
/store/data/Run2024D/BTagMu/RAW/v1/000/380/309/00000/1029497d-854f-4461-a784-e1195b714041.root 380309 [298,299]
/store/data/Run2024D/BTagMu/RAW/v1/000/380/309/00000/10d6ffd4-7200-4276-b99a-1e923422fb3a.root 380309 [209,210]
/store/data/Run2024D/BTagMu/RAW/v1/000/380/309/00000/12104cfb-07c5-4a91-b099-c1a990156bd9.root 380309 [165,166]
/store/data/Run2024D/BTagMu/RAW/v1/000/380/309/00000/12361da3-2851-4656-8b8a-014e7e1a0a4f.root 380309 [237,238]
/store/data/Run2024D/BTagMu/RAW/v1/000/380/309/00000/152266d8-1da8-48c2-b382-320d3c95fcc8.root 380309 [221,222]
/store/data/Run2024D/BTagMu/RAW/v1/000/380/309/00000/187cec3d-0fc0-4aa9-b736-bc82d7b173d8.root 380309 [282,283]
/store/data/Run2024D/BTagMu/RAW/v1/000/380/309/00000/1a243d8a-f974-4ddc-a388-b7214a8a7ecc.root 380309 [271,270]
/store/data/Run2024D/BTagMu/RAW/v1/000/380/309/00000/1aef2a6e-9672-44c5-a02e-2f335a4ad276.root 380309 [302,303]
/store/data/Run2024D/BTagMu/RAW/v1/000/380/309/00000/1b81e462-4d7d-4c2c-98dc-832a91b7803a.root 380309 [295,294]
/store/data/Run2024D/BTagMu/RAW/v1/000/380/309/00000/1b87d398-7fea-46b7-af11-1a55a038fb05.root 380309 [25,26]
/store/data/Run2024D/BTagMu/RAW/v1/000/380/309/00000/1bcfa47c-babe-4f2c-8bda-03fb643f9706.root 380309 [134,135]
/store/data/Run2024D/BTagMu/RAW/v1/000/380/309/00000/1c23a10e-aeb2-4e3a-9b50-2db36fa169c6.root 380309 [42,41]
/store/data/Run2024D/BTagMu/RAW/v1/000/380/309/00000/1e06e86d-efa8-42e7-bec4-a45692831cf6.root 380309 [96,97]
/store/data/Run2024D/BTagMu/RAW/v1/000/380/309/00000/1e3e34fb-a083-44d8-a110-757884b855d0.root 380309 [291,290]
/store/data/Run2024D/BTagMu/RAW/v1/000/380/309/00000/2227f192-5dbd-44aa-b545-7739cc65cb0b.root 380309 [324,325]
/store/data/Run2024D/BTagMu/RAW/v1/000/380/309/00000/22fa2cb5-af20-4022-bf5a-b82e9263e49d.root 380309 [148,147]
/store/data/Run2024D/BTagMu/RAW/v1/000/380/309/00000/2495c3cf-2f3a-43bc-b8c3-03d88ac3dc87.root 380309 [105,104]
/store/data/Run2024D/BTagMu/RAW/v1/000/380/309/00000/24c6981c-f2e9-43ba-8e56-a78bd4d9b1fc.root 380309 [31,32]
/store/data/Run2024D/BTagMu/RAW/v1/000/380/309/00000/2623a911-dc04-4f1b-9d9a-c6ef56114a8c.root 380309 [133,132]
/store/data/Run2024D/BTagMu/RAW/v1/000/380/309/00000/27c5b558-4c92-405d-a1d6-3dd3a4aa7a4a.root 380309 [197,196]
/store/data/Run2024D/BTagMu/RAW/v1/000/380/309/00000/2ab1c723-85ed-4f36-b3bd-1571e7f160b8.root 380309 [158,157]
/store/data/Run2024D/BTagMu/RAW/v1/000/380/309/00000/2b33d782-b4b5-4d8e-8f9b-f0612f2710c9.root 380309 [301,300]
/store/data/Run2024D/BTagMu/RAW/v1/000/380/309/00000/2e0b3dfa-ab12-45d4-8265-6690d58fbb96.root 380309 [59,60]
/store/data/Run2024D/BTagMu/RAW/v1/000/380/309/00000/3041e503-2e2f-4159-826a-bf6b89efe47a.root 380309 [54,53]
/store/data/Run2024D/BTagMu/RAW/v1/000/380/309/00000/31e67377-ff70-456f-84e6-2087d0a2bfbb.root 380309 [80,81]
/store/data/Run2024D/BTagMu/RAW/v1/000/380/309/00000/356534b4-c6fe-4abe-b8ff-bd39d77671b8.root 380309 [150,149]
/store/data/Run2024D/BTagMu/RAW/v1/000/380/309/00000/373ed567-4b5e-40b6-864c-59ee11b82b2e.root 380309 [100,101]
/store/data/Run2024D/BTagMu/RAW/v1/000/380/309/00000/378eff42-3c2a-448a-8701-7ce95264647e.root 380309 [64,63]
/store/data/Run2024D/BTagMu/RAW/v1/000/380/309/00000/37f19c8f-fcb1-447c-b1ad-59da973b55ca.root 380309 [126,127]
/store/data/Run2024D/BTagMu/RAW/v1/000/380/309/00000/38690052-d85c-4844-a5ad-4d6e150299bc.root 380309 [229,230]
/store/data/Run2024D/BTagMu/RAW/v1/000/380/309/00000/39353464-3b00-4131-a2b8-2c35472d4bf7.root 380309 [159,160]
/store/data/Run2024D/BTagMu/RAW/v1/000/380/309/00000/39507136-268d-4b19-a5f1-44b2dfd1cbf9.root 380309 [317,316]
/store/data/Run2024D/BTagMu/RAW/v1/000/380/309/00000/39b7f0a7-63a0-4018-a94a-0a88d9736a88.root 380309 [342,343]
/store/data/Run2024D/BTagMu/RAW/v1/000/380/309/00000/3b9b71b0-f384-41c5-9aa1-b11c11131a70.root 380309 [114,115]
/store/data/Run2024D/BTagMu/RAW/v1/000/380/309/00000/3bb90335-61b6-4f25-bbce-14646a930e1b.root 380309 [163,164]
/store/data/Run2024D/BTagMu/RAW/v1/000/380/309/00000/3c91a328-8651-4d67-a2df-e07dd2f8b0ac.root 380309 [83,82]
/store/data/Run2024D/BTagMu/RAW/v1/000/380/309/00000/3cb2e088-4075-4277-857e-4a43a32f7735.root 380309 [108,109]
/store/data/Run2024D/BTagMu/RAW/v1/000/380/309/00000/3dedd8d8-8df1-4cd5-93b1-0c69868a8d25.root 380309 [122,123]
/store/data/Run2024D/BTagMu/RAW/v1/000/380/309/00000/3dfee874-0bba-4f5b-98ff-8b28ce1cef1b.root 380309 [93,92]
/store/data/Run2024D/BTagMu/RAW/v1/000/380/309/00000/3e720763-e13e-4924-8b5f-9b33e489144c.root 380309 [314,315]
/store/data/Run2024D/BTagMu/RAW/v1/000/380/309/00000/403c730c-803f-46c6-909f-2302d15fecc8.root 380309 [228,227]
/store/data/Run2024D/BTagMu/RAW/v1/000/380/309/00000/423cd51b-e7f3-4014-a05e-fc24f0b4f177.root 380309 [335,334]
/store/data/Run2024D/BTagMu/RAW/v1/000/380/309/00000/46507034-3178-4e1b-adbc-96af777e4f35.root 380309 [279,278]
/store/data/Run2024D/BTagMu/RAW/v1/000/380/309/00000/479557f7-a7c3-47d4-8c16-5ae38669dd4b.root 380309 [40,39]
/store/data/Run2024D/BTagMu/RAW/v1/000/380/309/00000/47abbb39-100f-467e-a8a6-9f544f978f26.root 380309 [72,73,71]
/store/data/Run2024D/BTagMu/RAW/v1/000/380/309/00000/48a99f5a-9405-431f-a8d2-15baff5b6a1c.root 380309 [125,124]
/store/data/Run2024D/BTagMu/RAW/v1/000/380/309/00000/499155fc-9453-4fde-a58f-4edd9822e27d.root 380309 [156,155]
/store/data/Run2024D/BTagMu/RAW/v1/000/380/309/00000/4dfe7b32-cd64-4eb6-8125-303f37a5400b.root 380309 [254,255]
/store/data/Run2024D/BTagMu/RAW/v1/000/380/309/00000/4f2410c0-bfef-4905-9d4c-7e9bf6c945e1.root 380309 [284,285]
/store/data/Run2024D/BTagMu/RAW/v1/000/380/309/00000/516bca4b-1a57-4447-89c8-2ae64fabee4e.root 380309 [312,313]
/store/data/Run2024D/BTagMu/RAW/v1/000/380/309/00000/54bbc4c6-a04c-4681-9646-f5d9d357699b.root 380309 [216,215]
/store/data/Run2024D/BTagMu/RAW/v1/000/380/309/00000/564a07f0-c17e-41ed-969c-2888e0020641.root 380309 [199,198]
/store/data/Run2024D/BTagMu/RAW/v1/000/380/309/00000/577f5d9f-275c-4421-b2e7-4891ecef21cb.root 380309 [225,226]
/store/data/Run2024D/BTagMu/RAW/v1/000/380/309/00000/5ac44f35-58bc-4ef1-9f76-238a0a76805a.root 380309 [297,296]
/store/data/Run2024D/BTagMu/RAW/v1/000/380/309/00000/5af7e623-1ffe-4e60-9b07-f583e7e5772d.root 380309 [22,21]
/store/data/Run2024D/BTagMu/RAW/v1/000/380/309/00000/5c596933-e194-4408-a49a-8acb56a9ce89.root 380309 [274,275]
/store/data/Run2024D/BTagMu/RAW/v1/000/380/309/00000/5d948845-c474-4865-b298-0074a686b68a.root 380309 [269,268]
/store/data/Run2024D/BTagMu/RAW/v1/000/380/309/00000/61f6fce6-660c-4889-bfd0-27a100687cbe.root 380309 [19,20]
/store/data/Run2024D/BTagMu/RAW/v1/000/380/309/00000/698780ff-a1f3-47e7-9a61-f875d4711f2f.root 380309 [304,305]
/store/data/Run2024D/BTagMu/RAW/v1/000/380/309/00000/6c183813-d445-440a-8662-719bdaca79a4.root 380309 [62,61]
/store/data/Run2024D/BTagMu/RAW/v1/000/380/309/00000/6f111bcb-882e-454b-a857-9ed3355dd900.root 380309 [17,18]
/store/data/Run2024D/BTagMu/RAW/v1/000/380/309/00000/6fe173e7-7db1-443e-a831-7e077e56b7dd.root 380309 [223,224]
/store/data/Run2024D/BTagMu/RAW/v1/000/380/309/00000/71f2418f-fa8e-40ba-94d8-6bc446f31651.root 380309 [103,102]
/store/data/Run2024D/BTagMu/RAW/v1/000/380/309/00000/745862ff-f4df-4158-bd34-34b29d082cd1.root 380309 [37,38]
/store/data/Run2024D/BTagMu/RAW/v1/000/380/309/00000/74d0a8d8-c55f-4880-9d62-9ddcb493655f.root 380309 [179,178]
/store/data/Run2024D/BTagMu/RAW/v1/000/380/309/00000/75cc8f9e-ec53-4ca3-ba0d-375f69e6a394.root 380309 [265,264]
/store/data/Run2024D/BTagMu/RAW/v1/000/380/309/00000/76f35b97-289c-4e47-94d9-2967146b2059.root 380309 [52,51]
/store/data/Run2024D/BTagMu/RAW/v1/000/380/309/00000/79de2776-09bf-49c0-9e95-41d079ba57d5.root 380309 [241,242]
/store/data/Run2024D/BTagMu/RAW/v1/000/380/309/00000/7ad9b223-8d59-4a20-a54c-523696b471c6.root 380309 [11,12]
/store/data/Run2024D/BTagMu/RAW/v1/000/380/309/00000/7bb7d067-b078-4993-ba38-d10b9bd94a7b.root 380309 [95,94]
/store/data/Run2024D/BTagMu/RAW/v1/000/380/309/00000/7bc41e0a-3cc7-4fb0-9b2e-f908853f912d.root 380309 [151,152]
/store/data/Run2024D/BTagMu/RAW/v1/000/380/309/00000/7bc8731e-17f2-4a87-979c-3d277ce36d85.root 380309 [23,24]
/store/data/Run2024D/BTagMu/RAW/v1/000/380/309/00000/7e42de60-d381-4a1a-9b26-a4d5396eadab.root 380309 [259,258]
/store/data/Run2024D/BTagMu/RAW/v1/000/380/309/00000/80d83a6b-6935-4a47-8db4-6465e0a55ee5.root 380309 [203,202,204]
/store/data/Run2024D/BTagMu/RAW/v1/000/380/309/00000/8152b0c1-f863-4106-8235-690ba210cb6a.root 380309 [188,189]
/store/data/Run2024D/BTagMu/RAW/v1/000/380/309/00000/86cbc526-c0c2-44cd-8aeb-52610ec74bd4.root 380309 [252,253]
/store/data/Run2024D/BTagMu/RAW/v1/000/380/309/00000/8800e026-68c9-4a99-882e-50a3ceaef3b1.root 380309 [55,56]
/store/data/Run2024D/BTagMu/RAW/v1/000/380/309/00000/881d7498-1faf-46c2-a05c-eec56a548b77.root 380309 [153,154]
/store/data/Run2024D/BTagMu/RAW/v1/000/380/309/00000/88927c78-dacb-4d1c-8959-4ee8cc72bdfe.root 380309 [306,307]
/store/data/Run2024D/BTagMu/RAW/v1/000/380/309/00000/88b76ba1-d666-4e03-97ae-3835b85b0abb.root 380309 [9,10]
/store/data/Run2024D/BTagMu/RAW/v1/000/380/309/00000/89b9cae4-bb45-43f5-a098-ecd398e67d75.root 380309 [319,318]
/store/data/Run2024D/BTagMu/RAW/v1/000/380/309/00000/8cd6f3c5-b0bc-41a6-92ae-76d13ffc2159.root 380309 [320,321]
/store/data/Run2024D/BTagMu/RAW/v1/000/380/309/00000/8e45e328-6023-4b17-90e7-8e9148a80f0e.root 380309 [248,247]
/store/data/Run2024D/BTagMu/RAW/v1/000/380/309/00000/9236faba-28eb-4d7a-91b6-1c86d3d1a0ce.root 380309 [233,234]
/store/data/Run2024D/BTagMu/RAW/v1/000/380/309/00000/93d002bd-6ee0-46d3-9ec6-558dda080c9e.root 380309 [243,244]
/store/data/Run2024D/BTagMu/RAW/v1/000/380/309/00000/95a3e2aa-e243-43d3-973e-b80514e26594.root 380309 [99,98]
/store/data/Run2024D/BTagMu/RAW/v1/000/380/309/00000/96a8a292-77cb-4e96-a07a-9a420a45ab03.root 380309 [169,167,168]
/store/data/Run2024D/BTagMu/RAW/v1/000/380/309/00000/97008d4e-2fd8-4f47-81cc-9ab4be0b67de.root 380309 [288,289]
/store/data/Run2024D/BTagMu/RAW/v1/000/380/309/00000/9ae24e7e-212d-44c9-9592-e5d01d841776.root 380309 [339,338]
/store/data/Run2024D/BTagMu/RAW/v1/000/380/309/00000/9b5369d9-4eda-4736-bf9b-a47bef497edd.root 380309 [182,183]
/store/data/Run2024D/BTagMu/RAW/v1/000/380/309/00000/9e531604-96b1-4afe-8618-ebf0f5990291.root 380309 [250,251,249]
/store/data/Run2024D/BTagMu/RAW/v1/000/380/309/00000/9ef52cf5-ee3e-4225-966b-1fd0554637c4.root 380309 [328,329]
/store/data/Run2024D/BTagMu/RAW/v1/000/380/309/00000/9ffd6aa6-0bfc-4352-bea0-27be4a9f485b.root 380309 [287,286]
/store/data/Run2024D/BTagMu/RAW/v1/000/380/309/00000/a045c825-82c0-493f-b768-607232acdbdc.root 380309 [260,261]
/store/data/Run2024D/BTagMu/RAW/v1/000/380/309/00000/a10d8852-2538-4161-bad6-7cd20bdd18e2.root 380309 [119,118]
/store/data/Run2024D/BTagMu/RAW/v1/000/380/309/00000/a381fdef-acd9-4eb9-9ce1-b938f34f9232.root 380309 [219,220]
/store/data/Run2024D/BTagMu/RAW/v1/000/380/309/00000/a3b67895-3001-4a29-89aa-b67cf2a5db39.root 380309 [333,332]
/store/data/Run2024D/BTagMu/RAW/v1/000/380/309/00000/a624f7bc-1aa3-4b91-a46d-d8cb513a4747.root 380309 [67,68]
/store/data/Run2024D/BTagMu/RAW/v1/000/380/309/00000/a63aa09e-b699-4bc3-bbe1-c32795749c8c.root 380309 [13,14]
/store/data/Run2024D/BTagMu/RAW/v1/000/380/309/00000/a6ebe7bc-fe46-4cb8-bc3d-243c3d8e6444.root 380309 [181,180]
/store/data/Run2024D/BTagMu/RAW/v1/000/380/309/00000/a7099054-169a-4741-aa1f-2f81a0fb4ed3.root 380309 [273,272]
/store/data/Run2024D/BTagMu/RAW/v1/000/380/309/00000/a7233cfa-176f-4ed1-8d84-3e8121803ef1.root 380309 [88,89]
/store/data/Run2024D/BTagMu/RAW/v1/000/380/309/00000/a9e4af16-dfc5-4130-abdb-0a4e43348b23.root 380309 [86,87]
/store/data/Run2024D/BTagMu/RAW/v1/000/380/309/00000/ab28eab9-ac28-49dd-af08-37a1933ff11c.root 380309 [214,213]
/store/data/Run2024D/BTagMu/RAW/v1/000/380/309/00000/b102472a-ad38-48f5-9323-4d3d23d8d8df.root 380309 [44,43]
/store/data/Run2024D/BTagMu/RAW/v1/000/380/309/00000/b25ce819-9370-425f-b824-9e95318d50cd.root 380309 [340,341]
/store/data/Run2024D/BTagMu/RAW/v1/000/380/309/00000/b4bc709e-9698-41a8-b7bc-952417879ecd.root 380309 [206,205]
/store/data/Run2024D/BTagMu/RAW/v1/000/380/309/00000/b6478852-7232-443d-88cc-42daaead3efc.root 380309 [190,191]
/store/data/Run2024D/BTagMu/RAW/v1/000/380/309/00000/b6c1952e-97f4-4bd4-bcd0-02232369ca3d.root 380309 [236,235]
/store/data/Run2024D/BTagMu/RAW/v1/000/380/309/00000/b80cff83-a6c5-41e0-a96a-6a1b56446d3d.root 380309 [256,257]
/store/data/Run2024D/BTagMu/RAW/v1/000/380/309/00000/b8985ae2-1a33-47e5-b881-afab8d5c3310.root 380309 [85,84]
/store/data/Run2024D/BTagMu/RAW/v1/000/380/309/00000/b8e28926-cd90-4736-8746-db19dd678424.root 380309 [120,121]
/store/data/Run2024D/BTagMu/RAW/v1/000/380/309/00000/bb2cfad4-179a-469c-96b8-dd1ead9d2ff7.root 380309 [262,263]
/store/data/Run2024D/BTagMu/RAW/v1/000/380/309/00000/bd2dcb37-c7ba-42b4-a5af-f156dea5a865.root 380309 [57,58]
/store/data/Run2024D/BTagMu/RAW/v1/000/380/309/00000/bdc68020-8c97-4b16-8b1e-20211cf42361.root 380309 [29,30]
/store/data/Run2024D/BTagMu/RAW/v1/000/380/309/00000/bf4c12c9-9f71-442c-a4a2-6e5a92234c73.root 380309 [208,207]
/store/data/Run2024D/BTagMu/RAW/v1/000/380/309/00000/bf9efe6e-a497-44b7-aa05-8b0932eb3dfd.root 380309 [78,79]
/store/data/Run2024D/BTagMu/RAW/v1/000/380/309/00000/c13f2aa0-c967-495f-bf1f-007882038076.root 380309 [49,50]
/store/data/Run2024D/BTagMu/RAW/v1/000/380/309/00000/c18a39c5-2395-41a2-8a8d-94d5c7cab2d2.root 380309 [267,266]
/store/data/Run2024D/BTagMu/RAW/v1/000/380/309/00000/c2898b70-1b0e-4301-b8bc-ec397d621582.root 380309 [70,69]
/store/data/Run2024D/BTagMu/RAW/v1/000/380/309/00000/c6545d28-7c76-4748-8d2d-16229a9338ce.root 380309 [311,310]
/store/data/Run2024D/BTagMu/RAW/v1/000/380/309/00000/c7cf8cdc-f942-4216-a71e-337dc4cfbed1.root 380309 [276,277]
/store/data/Run2024D/BTagMu/RAW/v1/000/380/309/00000/cb69f931-d32b-43cb-b889-ffd19677e97e.root 380309 [2,1]
/store/data/Run2024D/BTagMu/RAW/v1/000/380/309/00000/cb95f55f-4f84-4c21-a709-7f009961ba8c.root 380309 [15,16]
/store/data/Run2024D/BTagMu/RAW/v1/000/380/309/00000/cca4ec2d-8253-427b-b226-95d4e368dcfb.root 380309 [194,195]
/store/data/Run2024D/BTagMu/RAW/v1/000/380/309/00000/cff6b80c-9e0c-49e5-8b09-1f55dd72d1c1.root 380309 [74,75]
/store/data/Run2024D/BTagMu/RAW/v1/000/380/309/00000/d189893a-5659-47b8-a25a-1195b08fe3bf.root 380309 [171,170]
/store/data/Run2024D/BTagMu/RAW/v1/000/380/309/00000/d1ed55b0-eacb-4461-afcd-b40a89355a58.root 380309 [7,8]
/store/data/Run2024D/BTagMu/RAW/v1/000/380/309/00000/d31b17bd-526e-485e-9346-9c6a04dcb5d8.root 380309 [187,186]
/store/data/Run2024D/BTagMu/RAW/v1/000/380/309/00000/d4e9465a-3a97-4175-b48a-d6f288f77547.root 380309 [28,27]
/store/data/Run2024D/BTagMu/RAW/v1/000/380/309/00000/d934b343-a0f8-4f38-bff2-e3a96ce9b6a9.root 380309 [327,326]
/store/data/Run2024D/BTagMu/RAW/v1/000/380/309/00000/dd0c6fb8-0178-477a-bfc8-7486214b76bf.root 380309 [245,246]
/store/data/Run2024D/BTagMu/RAW/v1/000/380/309/00000/df284f09-a55a-4f51-a3ad-dd34906d950b.root 380309 [239,240]
/store/data/Run2024D/BTagMu/RAW/v1/000/380/309/00000/e22604df-597a-4dbb-8095-f0715b8275c8.root 380309 [162,161]
/store/data/Run2024D/BTagMu/RAW/v1/000/380/309/00000/e3a35b2e-b9a8-4541-a20e-43e60c1fa3e6.root 380309 [35,36]
/store/data/Run2024D/BTagMu/RAW/v1/000/380/309/00000/e5f111cb-d5eb-41de-bac4-24ae3e8f39cf.root 380309 [201,200]
/store/data/Run2024D/BTagMu/RAW/v1/000/380/309/00000/e6a21939-f6a1-4d40-b985-0b1d9bece483.root 380309 [138,139]
/store/data/Run2024D/BTagMu/RAW/v1/000/380/309/00000/e75d083f-efc4-4cbf-bf79-4ce76b3d282f.root 380309 [112,113]
/store/data/Run2024D/BTagMu/RAW/v1/000/380/309/00000/e8163745-6cee-471f-b7ec-75b0b58bdd41.root 380309 [211,212]
/store/data/Run2024D/BTagMu/RAW/v1/000/380/309/00000/e986a6a7-748b-403d-a91b-743fd5a33f78.root 380309 [111,110]
/store/data/Run2024D/BTagMu/RAW/v1/000/380/309/00000/e9b19f34-ca56-4e16-a189-4e5cc4fe16b6.root 380309 [66,65]
/store/data/Run2024D/BTagMu/RAW/v1/000/380/309/00000/ea518a92-bc29-4157-9147-f4a600079d7a.root 380309 [5,6]
/store/data/Run2024D/BTagMu/RAW/v1/000/380/309/00000/ea981527-369f-4b70-aa5f-11692fe878b9.root 380309 [184,185]
/store/data/Run2024D/BTagMu/RAW/v1/000/380/309/00000/edf1797c-918c-4cd0-8a1e-78bd078c935d.root 380309 [48,47]
/store/data/Run2024D/BTagMu/RAW/v1/000/380/309/00000/eedf6a73-95d7-4e37-9fe0-339b9dd3233b.root 380309 [90,91]
/store/data/Run2024D/BTagMu/RAW/v1/000/380/309/00000/ef7ecb8d-4636-4468-93d0-67cc2a5bd529.root 380309 [34,33]
/store/data/Run2024D/BTagMu/RAW/v1/000/380/309/00000/ef834899-4e04-4d0c-8a08-048d863b43e5.root 380309 [172,173]
/store/data/Run2024D/BTagMu/RAW/v1/000/380/309/00000/f2c8c1a6-0928-42b3-9ecd-f0e0810cfe12.root 380309 [308,309]
/store/data/Run2024D/BTagMu/RAW/v1/000/380/309/00000/f4953732-2d27-4c0a-9c45-4307ff5c8335.root 380309 [137,136]
/store/data/Run2024D/BTagMu/RAW/v1/000/380/309/00000/f51d84f7-e84b-4108-9106-8cc625a1f0b8.root 380309 [176,177]
/store/data/Run2024D/BTagMu/RAW/v1/000/380/309/00000/f5e2c0b3-de89-499a-b389-634ffd8c29f2.root 380309 [174,175]
/store/data/Run2024D/BTagMu/RAW/v1/000/380/309/00000/f806cc0a-22f6-4c83-a877-110fa235b284.root 380309 [129,128]
/store/data/Run2024D/BTagMu/RAW/v1/000/380/309/00000/f8886a7e-00fa-450e-a413-1a564d373744.root 380309 [231,232]
/store/data/Run2024D/BTagMu/RAW/v1/000/380/309/00000/f8f528e1-7fd9-4ee0-8af7-84f83ed0e815.root 380309 [322,323]
/store/data/Run2024D/BTagMu/RAW/v1/000/380/309/00000/f990bc67-60e8-4ed8-b36f-01d11fd1b0e2.root 380309 [292,293]
/store/data/Run2024D/BTagMu/RAW/v1/000/380/309/00000/fb2ba615-fbe6-4513-8000-90aacb3fe335.root 380309 [330,331]
/store/data/Run2024D/BTagMu/RAW/v1/000/380/309/00000/fbd473fe-d948-46e7-b6b0-f675dc80d3fa.root 380309 [142,141,140]
/store/data/Run2024D/BTagMu/RAW/v1/000/380/309/00000/fdb73681-6d0c-4c63-ae92-36897c5809d8.root 380309 [345,344]
/store/data/Run2024D/BTagMu/RAW/v1/000/380/309/00000/fdd904bb-8ac7-49ea-af81-b3e7d121da63.root 380309 [281,280]
/store/data/Run2024D/BTagMu/RAW/v1/000/380/309/00000/fe65fa2e-e7c6-4a5a-84f2-568e0023b37f.root 380309 [3,4]
/store/data/Run2024D/BTagMu/RAW/v1/000/380/309/00000/ff033396-1bf9-4d28-8efd-70cb488b33f6.root 380309 [143,144]
/store/data/Run2024D/BTagMu/RAW/v1/000/380/310/00000/005f576d-de1a-4ef2-8238-08f20d875fe1.root 380310 [718,719,716,717]
/store/data/Run2024D/BTagMu/RAW/v1/000/380/310/00000/04fb6543-8a88-4a4e-b651-edb0544b6599.root 380310 [910,908,911,912,909,913]
/store/data/Run2024D/BTagMu/RAW/v1/000/380/310/00000/05acc958-4e82-4589-9cca-0d2c2bc43a04.root 380310 [777,778,779,780]
/store/data/Run2024D/BTagMu/RAW/v1/000/380/310/00000/05bca9eb-df87-46a9-8939-611eeda0d2cb.root 380310 [1101,1102,1097,1098,1099,1100]
/store/data/Run2024D/BTagMu/RAW/v1/000/380/310/00000/0684f711-ee73-4912-a381-8286710a187e.root 380310 [641,640,642,643]
/store/data/Run2024D/BTagMu/RAW/v1/000/380/310/00000/0a0dec22-b6d2-4edc-8237-52010ec03e31.root 380310 [542,545,544,543]
/store/data/Run2024D/BTagMu/RAW/v1/000/380/310/00000/0bf16050-d5bc-4713-afd3-8f7ce71aa5a9.root 380310 [120,118,119]
/store/data/Run2024D/BTagMu/RAW/v1/000/380/310/00000/0cee6b1e-0a22-42f5-8c0e-4cb2986e3ab0.root 380310 [775,776,773,774]
/store/data/Run2024D/BTagMu/RAW/v1/000/380/310/00000/0d451b61-65ac-46ef-afeb-7b3b69f84e7d.root 380310 [238,240,239]
/store/data/Run2024D/BTagMu/RAW/v1/000/380/310/00000/0ecc0981-974b-4570-9882-8ade3ab8d21e.root 380310 [1074,1076,1078,1073,1075,1077]
/store/data/Run2024D/BTagMu/RAW/v1/000/380/310/00000/0edde06b-e2ba-4b7d-a25d-bc9602f76a90.root 380310 [709,711,708,710]
/store/data/Run2024D/BTagMu/RAW/v1/000/380/310/00000/1036d3c7-ac3a-4af8-b0bf-527b26b490a0.root 380310 [1115,1118,1116,1120,1119,1117]
/store/data/Run2024D/BTagMu/RAW/v1/000/380/310/00000/10496ece-096f-42d9-ad6a-3507821fd588.root 380310 [878,880,879,877,881,876]
/store/data/Run2024D/BTagMu/RAW/v1/000/380/310/00000/1115aabd-b86e-4a66-9330-793fdf420d46.root 380310 [286,288,287]
/store/data/Run2024D/BTagMu/RAW/v1/000/380/310/00000/14c0d56a-99d0-4f74-b225-3307513ea9e3.root 380310 [314,315,316]
/store/data/Run2024D/BTagMu/RAW/v1/000/380/310/00000/16768df8-d998-4af7-9693-82f8810c1d5c.root 380310 [400,398,399,401]
/store/data/Run2024D/BTagMu/RAW/v1/000/380/310/00000/16fea834-5306-4d3b-885e-e3bed1dacc6e.root 380310 [581,579,582,580,578]
/store/data/Run2024D/BTagMu/RAW/v1/000/380/310/00000/1859d4c5-e57e-466a-84e6-a49ff02e9611.root 380310 [432,430,431,433]
/store/data/Run2024D/BTagMu/RAW/v1/000/380/310/00000/1903a40a-0b9a-4db3-abb2-2c07f4bd2ac4.root 380310 [817,820,818,819,821,822]
/store/data/Run2024D/BTagMu/RAW/v1/000/380/310/00000/19806de2-c727-4a0b-8e71-916863943490.root 380310 [16,17]
/store/data/Run2024D/BTagMu/RAW/v1/000/380/310/00000/1a3b0d43-23a5-4800-b656-49bdd69e7703.root 380310 [1068,1070,1071,1072,1069,1067]
/store/data/Run2024D/BTagMu/RAW/v1/000/380/310/00000/1aee60d0-ed9d-4c0f-a3c0-fa4ba6047fec.root 380310 [496,494,495,497]
/store/data/Run2024D/BTagMu/RAW/v1/000/380/310/00000/1b7b4d67-b199-43f5-afba-c3b936676fc3.root 380310 [443,442,444,445]
/store/data/Run2024D/BTagMu/RAW/v1/000/380/310/00000/1b8948ac-19fd-406d-aa5a-eb8f673c0103.root 380310 [731,729,728,730]
/store/data/Run2024D/BTagMu/RAW/v1/000/380/310/00000/1c3976cf-73f2-4553-8f14-02e80d66b870.root 380310 [352,351,353]
/store/data/Run2024D/BTagMu/RAW/v1/000/380/310/00000/1cbe8bb2-865d-44b6-9eda-6dc043a26391.root 380310 [677,679,676,678]
/store/data/Run2024D/BTagMu/RAW/v1/000/380/310/00000/1dc813bb-04f4-48bc-bb4b-af7fe6af471c.root 380310 [243,241,242]
/store/data/Run2024D/BTagMu/RAW/v1/000/380/310/00000/1df9eaf7-fae5-482b-ab9c-0737407578b3.root 380310 [342,341,340]
/store/data/Run2024D/BTagMu/RAW/v1/000/380/310/00000/1e70a00e-1107-41a0-a643-7f1888056c84.root 380310 [938,943,942,940,939,941]
/store/data/Run2024D/BTagMu/RAW/v1/000/380/310/00000/20efbcea-1009-4502-815c-d3bc8fb59e88.root 380310 [57,56,58]
/store/data/Run2024D/BTagMu/RAW/v1/000/380/310/00000/21f300a1-03c5-40fc-bd1e-f634f32a2505.root 380310 [10,11,12]
/store/data/Run2024D/BTagMu/RAW/v1/000/380/310/00000/221c050d-99b3-48da-8f6c-4824c3f61517.root 380310 [285,283,284]
/store/data/Run2024D/BTagMu/RAW/v1/000/380/310/00000/22500b90-516d-46a1-aa33-abb3764da64f.root 380310 [225,223,224]
/store/data/Run2024D/BTagMu/RAW/v1/000/380/310/00000/274b374a-4823-45dd-922e-9f233084aebd.root 380310 [637,636,638,639]
/store/data/Run2024D/BTagMu/RAW/v1/000/380/310/00000/28b22903-ffcd-4f6e-97d1-1c7be6694fa5.root 380310 [585,586,583,584]
/store/data/Run2024D/BTagMu/RAW/v1/000/380/310/00000/28e45a61-81fd-43b3-903c-4e7923dfff94.root 380310 [60,59]
/store/data/Run2024D/BTagMu/RAW/v1/000/380/310/00000/298d6924-3280-4fb8-8154-e8542387cb03.root 380310 [783,782,781,784]
/store/data/Run2024D/BTagMu/RAW/v1/000/380/310/00000/2c263940-0b0f-41dd-9525-357e0eec2ac0.root 380310 [31,32]
/store/data/Run2024D/BTagMu/RAW/v1/000/380/310/00000/2d5de49e-5210-41a3-933d-b6bad9f970e9.root 380310 [438,439,440,441]
/store/data/Run2024D/BTagMu/RAW/v1/000/380/310/00000/2d701186-366b-47bb-9e26-d6b0b91d9be8.root 380310 [19,18]
/store/data/Run2024D/BTagMu/RAW/v1/000/380/310/00000/2dcdad56-be35-44ee-92e4-fd5f6039c98f.root 380310 [186,184,185]
/store/data/Run2024D/BTagMu/RAW/v1/000/380/310/00000/2ecc3520-cbb6-40f8-a17e-4393b575d7b2.root 380310 [750,751,749,748,752]
/store/data/Run2024D/BTagMu/RAW/v1/000/380/310/00000/2edf99c3-a4a4-408e-ba12-7502ebde7d4c.root 380310 [788,786,787,785]
/store/data/Run2024D/BTagMu/RAW/v1/000/380/310/00000/310b2238-4d45-4595-94b7-f4331a6e1dbd.root 380310 [485,484,482,483]
/store/data/Run2024D/BTagMu/RAW/v1/000/380/310/00000/32005e8b-dd3c-4a8b-a315-e796f4616675.root 380310 [573,571,572,570]
/store/data/Run2024D/BTagMu/RAW/v1/000/380/310/00000/327279aa-f523-42f1-b099-ce938b8ea8a2.root 380310 [812,809,811,810,807,808]
/store/data/Run2024D/BTagMu/RAW/v1/000/380/310/00000/32c129bd-7f22-4588-af8a-83db4948b706.root 380310 [697,698,696,699]
/store/data/Run2024D/BTagMu/RAW/v1/000/380/310/00000/32cc87d4-095d-4230-b62f-428bb9a6c89c.root 380310 [194,193,195]
/store/data/Run2024D/BTagMu/RAW/v1/000/380/310/00000/3346ef7a-72dc-497a-9c0c-4a591fffa2b2.root 380310 [26,28,27]
/store/data/Run2024D/BTagMu/RAW/v1/000/380/310/00000/34a21f6f-d86d-4bd1-9cac-f0e3ef8be6f3.root 380310 [686,684,687,685]
/store/data/Run2024D/BTagMu/RAW/v1/000/380/310/00000/34b58f6a-7d08-4b0c-af0e-c8a25ee58f07.root 380310 [739,738,737,736]
/store/data/Run2024D/BTagMu/RAW/v1/000/380/310/00000/36145952-16b5-4e9e-91b1-bac83bf3aa27.root 380310 [403,404,402,405]
/store/data/Run2024D/BTagMu/RAW/v1/000/380/310/00000/36ff541b-002c-4457-9277-99485fbf6d9b.root 380310 [655,654,653,652]
/store/data/Run2024D/BTagMu/RAW/v1/000/380/310/00000/37b8d40f-2bce-4bba-8aca-5c2137514365.root 380310 [667,664,665,666]
/store/data/Run2024D/BTagMu/RAW/v1/000/380/310/00000/3820226e-bcd1-48f0-b421-0bee06124a4d.root 380310 [297,298,296,295]
/store/data/Run2024D/BTagMu/RAW/v1/000/380/310/00000/384cc02e-c036-4007-9e63-5cb72cb507f7.root 380310 [651,649,650,648]
/store/data/Run2024D/BTagMu/RAW/v1/000/380/310/00000/3ac39d87-42d6-4379-ba93-197bd89fee7b.root 380310 [76,74,75]
/store/data/Run2024D/BTagMu/RAW/v1/000/380/310/00000/3ca57a33-57bb-478f-8703-4ba421c8ce30.root 380310 [789,791,792,790]
/store/data/Run2024D/BTagMu/RAW/v1/000/380/310/00000/3caddd22-1b72-49d0-a133-cd57adc9ff9b.root 380310 [936,933,932,937,935,934]
/store/data/Run2024D/BTagMu/RAW/v1/000/380/310/00000/3db128dd-2571-4ba1-a2e2-908cd758f23f.root 380310 [311,313,312]
/store/data/Run2024D/BTagMu/RAW/v1/000/380/310/00000/3eb72817-3110-4586-b749-21b23275ad42.root 380310 [378,380,379,381]
/store/data/Run2024D/BTagMu/RAW/v1/000/380/310/00000/3ed31d3a-f3a8-4beb-a573-c92f8bf1e2e8.root 380310 [948,949,944,946,945,947]
/store/data/Run2024D/BTagMu/RAW/v1/000/380/310/00000/3f3ba735-6b09-46c0-b1da-dfef8a627372.root 380310 [68,70,69]
/store/data/Run2024D/BTagMu/RAW/v1/000/380/310/00000/3f904ddd-5e41-43e1-a3ff-557a8ec7e9f1.root 380310 [468,469,466,467]
/store/data/Run2024D/BTagMu/RAW/v1/000/380/310/00000/3fb95319-0eb7-4541-81e6-3b1c2883bb56.root 380310 [161,160,162]
/store/data/Run2024D/BTagMu/RAW/v1/000/380/310/00000/4005d4d4-e64c-4f2d-8793-c6b1753a0795.root 380310 [590,587,588,589]
/store/data/Run2024D/BTagMu/RAW/v1/000/380/310/00000/41f2fa6e-bca2-49db-bb8d-886a303cd9bd.root 380310 [769,770,771,772]
/store/data/Run2024D/BTagMu/RAW/v1/000/380/310/00000/425fc23d-fd04-48d2-bf79-8f5a51d1c42a.root 380310 [854,856,857,858,855,853]
/store/data/Run2024D/BTagMu/RAW/v1/000/380/310/00000/44b31011-6d7f-4538-b250-ba5dc6c0486f.root 380310 [645,646,647,644]
/store/data/Run2024D/BTagMu/RAW/v1/000/380/310/00000/44d0889c-94fb-4687-9f19-849dfe172d04.root 380310 [292,293,294]
/store/data/Run2024D/BTagMu/RAW/v1/000/380/310/00000/44ffb5c7-a962-4239-8b2b-88e922dc59df.root 380310 [905,907,903,902,904,906]
/store/data/Run2024D/BTagMu/RAW/v1/000/380/310/00000/453ec27d-6fde-4ba4-a357-482435ad1416.root 380310 [700,701,703,702]
/store/data/Run2024D/BTagMu/RAW/v1/000/380/310/00000/45f9ca41-242b-4bf8-860b-c62750033b51.root 380310 [604,606,605,607]
/store/data/Run2024D/BTagMu/RAW/v1/000/380/310/00000/4682d61a-7ccd-4679-87d6-e61b503e0495.root 380310 [999,1003,1001,1002,1000,1004]
/store/data/Run2024D/BTagMu/RAW/v1/000/380/310/00000/46dbd177-f439-461f-998d-686da2043a23.root 380310 [9,7,8]
/store/data/Run2024D/BTagMu/RAW/v1/000/380/310/00000/48b1aec8-0d37-4fe3-a4b4-7e3784f2f858.root 380310 [179,180,178]
/store/data/Run2024D/BTagMu/RAW/v1/000/380/310/00000/48c6a2a0-668f-459c-a1c0-6f814f355e21.root 380310 [332,333,331]
/store/data/Run2024D/BTagMu/RAW/v1/000/380/310/00000/49db2bf1-2f08-4697-af48-de22b9aa9027.root 380310 [489,488,487,486]
/store/data/Run2024D/BTagMu/RAW/v1/000/380/310/00000/4aed92a9-5a89-4450-8358-c1175b56bfa1.root 380310 [715,712,714,713]
/store/data/Run2024D/BTagMu/RAW/v1/000/380/310/00000/4c0b91fa-835e-4985-b530-1cc00cda9588.root 380310 [415,414,416,417]
/store/data/Run2024D/BTagMu/RAW/v1/000/380/310/00000/4c2b03c1-c25e-4c92-a0f9-3b8e4baae9f6.root 380310 [232,234,233]
/store/data/Run2024D/BTagMu/RAW/v1/000/380/310/00000/4d62b109-c680-447c-9c27-808d9b9ad793.root 380310 [348,347,349,350]
/store/data/Run2024D/BTagMu/RAW/v1/000/380/310/00000/4d73ead2-7a64-495b-af94-271c06876bcf.root 380310 [299,301,300]
/store/data/Run2024D/BTagMu/RAW/v1/000/380/310/00000/4dd3dae0-8e59-47dd-a9a6-8f5db249324b.root 380310 [218,217,219]
/store/data/Run2024D/BTagMu/RAW/v1/000/380/310/00000/4ddc016f-b2ba-4232-9597-3742a17f8e62.root 380310 [803,802,805,806,801,804]
/store/data/Run2024D/BTagMu/RAW/v1/000/380/310/00000/4e3c6ff4-d119-46e3-9dc8-2d1fdcac15dc.root 380310 [208,209,210]
/store/data/Run2024D/BTagMu/RAW/v1/000/380/310/00000/50c1cc09-0e0c-4f6e-9703-5ac084bd4ba6.root 380310 [624,626,623,625]
/store/data/Run2024D/BTagMu/RAW/v1/000/380/310/00000/527735b7-d57f-48af-96c9-539092faaf8e.root 380310 [307,305,306]
/store/data/Run2024D/BTagMu/RAW/v1/000/380/310/00000/527ae052-7874-4941-8b7c-52840cbd9350.root 380310 [23,22]
/store/data/Run2024D/BTagMu/RAW/v1/000/380/310/00000/532f964d-8b0e-49ce-91d7-f904820cc671.root 380310 [245,244,246]
/store/data/Run2024D/BTagMu/RAW/v1/000/380/310/00000/53f716a7-fcb7-4216-ac0a-c438f3bedaf7.root 380310 [500,499,501,498]
/store/data/Run2024D/BTagMu/RAW/v1/000/380/310/00000/55a29e6f-f61a-45b3-acb8-7ce2459353a0.root 380310 [622,621,618,619,620]
/store/data/Run2024D/BTagMu/RAW/v1/000/380/310/00000/56057ebc-a4da-4838-85cd-f308bfa7c427.root 380310 [765,767,766,768]
/store/data/Run2024D/BTagMu/RAW/v1/000/380/310/00000/5643fb51-b58f-4c39-b72b-69b7b11ff517.root 380310 [137,138,136]
/store/data/Run2024D/BTagMu/RAW/v1/000/380/310/00000/57c1b036-96b3-48b0-b1cf-b1377ee976b5.root 380310 [48,49]
/store/data/Run2024D/BTagMu/RAW/v1/000/380/310/00000/57d0e918-477e-4e44-9d49-d341d1ea7c40.root 380310 [81,80,82]
/store/data/Run2024D/BTagMu/RAW/v1/000/380/310/00000/581d9970-d344-4a8f-a262-93d074627fcf.root 380310 [13,14,15]
/store/data/Run2024D/BTagMu/RAW/v1/000/380/310/00000/58396d09-717a-41f8-ae95-0e409711f9e0.root 380310 [85,84,83]
/store/data/Run2024D/BTagMu/RAW/v1/000/380/310/00000/5a87bb10-8283-46aa-a23f-09ee3a89d379.root 380310 [364,365,362,363]
/store/data/Run2024D/BTagMu/RAW/v1/000/380/310/00000/5cdc7d27-c00b-4e7c-95a5-e42997548b9e.root 380310 [533,530,531,532]
/store/data/Run2024D/BTagMu/RAW/v1/000/380/310/00000/5d88840a-a20c-4c02-8350-2c97f311d1c3.root 380310 [79,77,78]
/store/data/Run2024D/BTagMu/RAW/v1/000/380/310/00000/5e2ed0ae-2ed4-4fe4-8dc0-604af249de93.root 380310 [574,576,575,577]
/store/data/Run2024D/BTagMu/RAW/v1/000/380/310/00000/5e489aec-5f16-4190-9d19-73cd2c525973.root 380310 [842,844,845,841,846,843]
/store/data/Run2024D/BTagMu/RAW/v1/000/380/310/00000/5e7315e4-c9c7-4cfc-a3a2-e44f2a5d17f6.root 380310 [458,459,461,460]
/store/data/Run2024D/BTagMu/RAW/v1/000/380/310/00000/61de78f9-7563-446d-a09b-e0d6669fd55c.root 380310 [87,86,88]
/store/data/Run2024D/BTagMu/RAW/v1/000/380/310/00000/6271b41b-d572-4581-a51c-257e21b84cc3.root 380310 [658,659,656,657]
/store/data/Run2024D/BTagMu/RAW/v1/000/380/310/00000/62f17336-71fa-4531-9b42-dde59fe1f597.root 380310 [153,152,151]
/store/data/Run2024D/BTagMu/RAW/v1/000/380/310/00000/63dacb09-bf77-4188-99bd-0fe739434509.root 380310 [926,928,929,930,927,931]
/store/data/Run2024D/BTagMu/RAW/v1/000/380/310/00000/6516be42-3e1f-48fc-a88a-cafb3bd4908c.root 380310 [2,1]
/store/data/Run2024D/BTagMu/RAW/v1/000/380/310/00000/6653dbe9-0b95-4f18-a019-cf0e2c171f50.root 380310 [96,97,95]
/store/data/Run2024D/BTagMu/RAW/v1/000/380/310/00000/69588362-0fbf-4010-a1fb-e9f071acddc9.root 380310 [1049,1053,1051,1054,1050,1052]
/store/data/Run2024D/BTagMu/RAW/v1/000/380/310/00000/695fd5e4-8f22-4ecd-bc97-3a9bc607884f.root 380310 [992,990,988,989,991,987]
/store/data/Run2024D/BTagMu/RAW/v1/000/380/310/00000/69d75e93-dced-4f08-be96-9d3a62351332.root 380310 [256,257,258]
/store/data/Run2024D/BTagMu/RAW/v1/000/380/310/00000/6a51e9bb-b223-4f05-888f-f794d45de19d.root 380310 [140,139,141]
/store/data/Run2024D/BTagMu/RAW/v1/000/380/310/00000/6b2a9cad-ce1a-448e-80bc-750c61e3c6cd.root 380310 [1084,1081,1082,1080,1079,1083]
/store/data/Run2024D/BTagMu/RAW/v1/000/380/310/00000/6cefaba9-b78e-4894-bd24-5897f701117c.root 380310 [110,109,111]
/store/data/Run2024D/BTagMu/RAW/v1/000/380/310/00000/6ebc3bbb-6116-4aa5-ae50-d75e84d43512.root 380310 [24,25]
/store/data/Run2024D/BTagMu/RAW/v1/000/380/310/00000/6ec27cf8-3ca4-4ca4-8478-656112d98611.root 380310 [465,463,462,464]
/store/data/Run2024D/BTagMu/RAW/v1/000/380/310/00000/6ee0904f-1a6e-4437-9a7d-190b077ee2c7.root 380310 [553,551,550,552]
/store/data/Run2024D/BTagMu/RAW/v1/000/380/310/00000/6fcdc2fd-18f8-4a5a-9427-330a96b32638.root 380310 [176,177,175]
/store/data/Run2024D/BTagMu/RAW/v1/000/380/310/00000/70fc04c1-bbeb-448e-baf1-7fa9b34574ce.root 380310 [205,207,206]
/store/data/Run2024D/BTagMu/RAW/v1/000/380/310/00000/71691f50-be9d-4b88-9772-58f54066b7fc.root 380310 [526,528,529,527]
/store/data/Run2024D/BTagMu/RAW/v1/000/380/310/00000/73a89139-86f9-435a-8f0a-c652631c1916.root 380310 [612,610,611,608,609]
/store/data/Run2024D/BTagMu/RAW/v1/000/380/310/00000/73ab21c7-7f1e-4753-a9ca-5df1dc0c682a.root 380310 [1137,1140,1143,1144,1153,1156,1167,1171,1172,1184,1189,1193,1197,1198,1199,1229,1234,1236,1237,1239,1251,1264,1265,1128,1138,1145,1160,1162,1163,1168,1173,1174,1176,1183,1185,1194,1206,1208,1214,1215,1227,1231,1252,1253,1260,1275,1131,1141,1147,1159,1169,1191,1196,1204,1213,1216,1218,1224,1225,1226,1238,1244,1246,1263,1267,1273,1277,1134,1142,1154,1157,1164,1180,1232,1240,1247,1259,1262,1129,1130,1133,1146,1155,1166,1181,1207,1211,1221,1241,1243,1249,1256,1257,1258,1269,1278,1139,1151,1161,1177,1178,1179,1195,1200,1201,1203,1209,1212,1235,1250,1255,1261,1271,1274,1127,1150,1170,1182,1187,1188,1190,1192,1202,1205,1210,1219,1220,1233,1245,1248,1254,1270,1272,1132,1135,1136,1148,1149,1152,1158,1165,1175,1186,1217,1222,1223,1228,1230,1242,1266,1268,1276,1279]
/store/data/Run2024D/BTagMu/RAW/v1/000/380/310/00000/74335da1-f53c-46a4-8b3f-bcab508eeb96.root 380310 [886,889,888,885,887]
/store/data/Run2024D/BTagMu/RAW/v1/000/380/310/00000/749caf15-f073-4e42-91b9-373bd2526244.root 380310 [133,134,135]
/store/data/Run2024D/BTagMu/RAW/v1/000/380/310/00000/75d9475c-f682-45d5-b077-208735a9ea67.root 380310 [1009,1010,1006,1007,1008,1005,1011]
/store/data/Run2024D/BTagMu/RAW/v1/000/380/310/00000/76762d88-3350-4b1b-beee-ed3f1332a298.root 380310 [189,187,188]
/store/data/Run2024D/BTagMu/RAW/v1/000/380/310/00000/7877ec76-6f54-4248-a061-4301126529f7.root 380310 [50,51,52]
/store/data/Run2024D/BTagMu/RAW/v1/000/380/310/00000/7915e2d9-46e5-4c79-a139-da5f10dc6dce.root 380310 [477,474,476,475]
/store/data/Run2024D/BTagMu/RAW/v1/000/380/310/00000/79fc4637-cba9-4cc2-ac34-40ab6494f6e9.root 380310 [975,980,976,977,978,979]
/store/data/Run2024D/BTagMu/RAW/v1/000/380/310/00000/7a8a4fd6-3615-40ed-a6e4-0f2d81659917.root 380310 [985,982,983,984,986,981]
/store/data/Run2024D/BTagMu/RAW/v1/000/380/310/00000/7ad32f5a-f86c-4a89-a8cf-68c7ba018294.root 380310 [706,705,707,704]
/store/data/Run2024D/BTagMu/RAW/v1/000/380/310/00000/7bb77fea-3e2c-4f03-8a7b-463a4862b08c.root 380310 [793,795,796,794]
/store/data/Run2024D/BTagMu/RAW/v1/000/380/310/00000/7f1ea069-08ba-451f-a0a8-a1fc71cf4b80.root 380310 [204,203,202]
/store/data/Run2024D/BTagMu/RAW/v1/000/380/310/00000/7f2a78f7-ba82-4bc0-8ff7-67e561a002ca.root 380310 [1086,1088,1089,1087,1090,1085]
/store/data/Run2024D/BTagMu/RAW/v1/000/380/310/00000/8344a1a5-55f2-4aea-ac3d-97f0126f26f1.root 380310 [124,125,126]
/store/data/Run2024D/BTagMu/RAW/v1/000/380/310/00000/83c2efbd-6b54-4959-8d5b-654612beb9ca.root 380310 [1018,1023,1019,1020,1021,1024,1022]
/store/data/Run2024D/BTagMu/RAW/v1/000/380/310/00000/83e5d4f5-2ecd-46a3-be83-95b72d9b3c92.root 380310 [182,181,183]
/store/data/Run2024D/BTagMu/RAW/v1/000/380/310/00000/8784d33a-d57d-445e-849e-baa47867714e.root 380310 [693,694,692,695]
/store/data/Run2024D/BTagMu/RAW/v1/000/380/310/00000/87d8f5f9-6046-461d-82f8-5fb96cc869c5.root 380310 [451,453,450,452]
/store/data/Run2024D/BTagMu/RAW/v1/000/380/310/00000/89d9c9cd-9f95-48cb-81ff-f5ba3bc9796a.root 380310 [515,516,514,517]
/store/data/Run2024D/BTagMu/RAW/v1/000/380/310/00000/8b44bcb1-9cf3-4c8e-970c-f7f9e0b37de9.root 380310 [34,33]
/store/data/Run2024D/BTagMu/RAW/v1/000/380/310/00000/8e31b891-7270-4ec2-8311-7cea42759fe2.root 380310 [1034,1036,1033,1035,1031,1032]
/store/data/Run2024D/BTagMu/RAW/v1/000/380/310/00000/8e3a1c97-d5cf-4f42-8f68-09534cca2dc7.root 380310 [20,21]
/store/data/Run2024D/BTagMu/RAW/v1/000/380/310/00000/8e7f0368-67ec-4f2f-8422-1aa88a717bbc.root 380310 [727,725,726,724]
/store/data/Run2024D/BTagMu/RAW/v1/000/380/310/00000/8f070cb7-a9f1-464a-8821-1d392ffcf1c0.root 380310 [39,38]
/store/data/Run2024D/BTagMu/RAW/v1/000/380/310/00000/8f1d5d75-e86b-4d77-b586-ff0584fa7f9e.root 380310 [558,561,560,559]
/store/data/Run2024D/BTagMu/RAW/v1/000/380/310/00000/8f6b8533-42c8-496c-b574-81dfd376ef45.root 380310 [563,564,562,565]
/store/data/Run2024D/BTagMu/RAW/v1/000/380/310/00000/91b1d8f9-f273-4c50-b11e-9dc672a7704e.root 380310 [323,324,326,325,327]
/store/data/Run2024D/BTagMu/RAW/v1/000/380/310/00000/92d02e85-7ad9-4640-80f4-53585a409c22.root 380310 [541,539,540,538]
/store/data/Run2024D/BTagMu/RAW/v1/000/380/310/00000/9381beb1-8e7f-4fd5-aac9-623846bbdb1c.root 380310 [595,598,596,597]
/store/data/Run2024D/BTagMu/RAW/v1/000/380/310/00000/93a7adf1-348b-435f-b9ec-856ee839aad8.root 380310 [763,764,761,762]
/store/data/Run2024D/BTagMu/RAW/v1/000/380/310/00000/93c71bba-3283-44b5-8637-b043ecedac6e.root 380310 [337,338,339]
/store/data/Run2024D/BTagMu/RAW/v1/000/380/310/00000/93d177e2-08bb-48ef-9e1a-3bfd67976c17.root 380310 [117,115,116]
/store/data/Run2024D/BTagMu/RAW/v1/000/380/310/00000/94d60147-1885-44f6-9076-20482164a321.root 380310 [275,274,276]
/store/data/Run2024D/BTagMu/RAW/v1/000/380/310/00000/9508dda7-cd00-4b9e-bd7e-34dda4ca9177.root 380310 [395,396,397,394]
/store/data/Run2024D/BTagMu/RAW/v1/000/380/310/00000/9580f723-3a68-407b-9056-7722f8866f90.root 380310 [172,174,173]
/store/data/Run2024D/BTagMu/RAW/v1/000/380/310/00000/959e90a1-078b-4a97-b8d5-cc9210d8e6b3.root 380310 [680,681,682,683]
/store/data/Run2024D/BTagMu/RAW/v1/000/380/310/00000/960194f4-591c-463d-ae96-93e2b8012383.root 380310 [899,901,896,898,897,900]
/store/data/Run2024D/BTagMu/RAW/v1/000/380/310/00000/96d62215-bf5a-4ddb-a169-bfe10ddf7855.root 380310 [108,107,106]
/store/data/Run2024D/BTagMu/RAW/v1/000/380/310/00000/9751f1d7-8c08-4181-97d0-a5fa9be57073.root 380310 [1012,1015,1017,1013,1014,1016]
/store/data/Run2024D/BTagMu/RAW/v1/000/380/310/00000/977df4ec-de1d-4e73-b16b-4b391277e1ff.root 380310 [154,156,155]
/store/data/Run2024D/BTagMu/RAW/v1/000/380/310/00000/986b2cbe-2312-43b3-97b5-0cf74cce6062.root 380310 [859,861,860,862,863]
/store/data/Run2024D/BTagMu/RAW/v1/000/380/310/00000/995676db-1bfc-4d23-a555-910a7652877d.root 380310 [409,407,408,406]
/store/data/Run2024D/BTagMu/RAW/v1/000/380/310/00000/9a0653e8-a9c3-45d2-97d8-09b7db542b49.root 380310 [144,142,143]
/store/data/Run2024D/BTagMu/RAW/v1/000/380/310/00000/9a0a636e-4cf2-4cda-901d-55e1a3949ba3.root 380310 [268,270,269]
/store/data/Run2024D/BTagMu/RAW/v1/000/380/310/00000/9a633667-556a-42ef-9937-8079219a3ff0.root 380310 [215,216,214]
/store/data/Run2024D/BTagMu/RAW/v1/000/380/310/00000/9b418bdb-bdda-4f4d-8c23-e86fe4ed15f7.root 380310 [867,868,864,866,865,869]
/store/data/Run2024D/BTagMu/RAW/v1/000/380/310/00000/9b7f8a9a-a03f-4605-aecb-8d5067c6a56c.root 380310 [43,44]
/store/data/Run2024D/BTagMu/RAW/v1/000/380/310/00000/9bba3dab-eab8-4aa0-bd0f-350e13570d94.root 380310 [478,480,481,479]
/store/data/Run2024D/BTagMu/RAW/v1/000/380/310/00000/9bc0b869-c0fe-4d5c-8abb-d02ccb6f1c91.root 380310 [742,743,740,741]
/store/data/Run2024D/BTagMu/RAW/v1/000/380/310/00000/9ce319fa-abef-410a-aff1-313733922bdf.root 380310 [518,519,520,521]
/store/data/Run2024D/BTagMu/RAW/v1/000/380/310/00000/9d4e202b-9327-4625-a65b-ad3f152a7b77.root 380310 [525,522,524,523]
/store/data/Run2024D/BTagMu/RAW/v1/000/380/310/00000/9d713c8c-ed31-4779-a906-3852ce7bb35a.root 380310 [237,236,235]
/store/data/Run2024D/BTagMu/RAW/v1/000/380/310/00000/9fa64ba6-1737-4867-9d16-9b3b4b14ce1c.root 380310 [971,974,969,970,968,972,973]
/store/data/Run2024D/BTagMu/RAW/v1/000/380/310/00000/a03c6f47-2797-45bf-b463-8e7758e8916b.root 380310 [101,103,102]
/store/data/Run2024D/BTagMu/RAW/v1/000/380/310/00000/a050ab00-b0e5-4839-b3fc-307975248760.root 380310 [317,319,318]
/store/data/Run2024D/BTagMu/RAW/v1/000/380/310/00000/a2018f83-333a-4de0-8676-a256887fe979.root 380310 [100,98,99]
/store/data/Run2024D/BTagMu/RAW/v1/000/380/310/00000/a2cbf9a2-d888-469b-83f9-8ffb6f8693d7.root 380310 [671,668,670,669]
/store/data/Run2024D/BTagMu/RAW/v1/000/380/310/00000/a8e89069-4023-448b-90e1-c7c2370372e4.root 380310 [836,837,840,838,839,835]
/store/data/Run2024D/BTagMu/RAW/v1/000/380/310/00000/a93bd673-7d25-4fae-89e4-654c370a621d.root 380310 [535,536,534,537]
/store/data/Run2024D/BTagMu/RAW/v1/000/380/310/00000/a9f9379e-c8b5-42fa-84a0-332f98b101dc.root 380310 [200,201,199]
/store/data/Run2024D/BTagMu/RAW/v1/000/380/310/00000/aac26798-3293-4d30-b336-f4832e4e1024.root 380310 [129,128,127]
/store/data/Run2024D/BTagMu/RAW/v1/000/380/310/00000/acfe9df5-f2ae-41aa-a23b-50995f866356.root 380310 [374,375,377,376]
/store/data/Run2024D/BTagMu/RAW/v1/000/380/310/00000/ad79edd3-b8b9-4935-a842-f3e2b101263c.root 380310 [71,72,73]
/store/data/Run2024D/BTagMu/RAW/v1/000/380/310/00000/ade1b0e9-433e-47ef-b9eb-60291129568e.root 380310 [249,247,248]
/store/data/Run2024D/BTagMu/RAW/v1/000/380/310/00000/adf3e939-c459-4434-9285-9bf7945be8a4.root 380310 [614,617,613,616,615]
/store/data/Run2024D/BTagMu/RAW/v1/000/380/310/00000/adf4a892-804b-4c23-bf0f-560123e46f8e.root 380310 [372,370,371,373]
/store/data/Run2024D/BTagMu/RAW/v1/000/380/310/00000/adfbd18a-0d7c-46ac-b805-dbc43a5993e2.root 380310 [65,67,66]
/store/data/Run2024D/BTagMu/RAW/v1/000/380/310/00000/ae2e9342-b0a9-4698-af10-828c531e5a71.root 380310 [456,454,455,457]
/store/data/Run2024D/BTagMu/RAW/v1/000/380/310/00000/aedd0bc5-3202-4a91-bffb-a8e9cba1dbf2.root 380310 [1091,1094,1095,1096,1092,1093]
/store/data/Run2024D/BTagMu/RAW/v1/000/380/310/00000/b0a636b8-ad37-4c91-a446-cf094604834a.root 380310 [1062,1064,1065,1061,1066,1063]
/store/data/Run2024D/BTagMu/RAW/v1/000/380/310/00000/b289c5ce-c091-42d0-b69a-f91fce377bb3.root 380310 [53,55,54]
/store/data/Run2024D/BTagMu/RAW/v1/000/380/310/00000/b2d87d92-95cc-4993-aa3c-fc13e57b0a32.root 380310 [871,874,875,873,870,872]
/store/data/Run2024D/BTagMu/RAW/v1/000/380/310/00000/b419f485-4ad7-4b70-845c-9b8cc3b387f3.root 380310 [753,755,754,756]
/store/data/Run2024D/BTagMu/RAW/v1/000/380/310/00000/b5f6d417-d91c-4d48-a84f-65ab5c36f1fc.root 380310 [816,815,813,814]
/store/data/Run2024D/BTagMu/RAW/v1/000/380/310/00000/b5fda817-5674-4733-86bd-a4e82d6c14cd.root 380310 [1043,1047,1045,1046,1044,1048]
/store/data/Run2024D/BTagMu/RAW/v1/000/380/310/00000/b6d0dad1-060a-4c3c-aec3-1de1682e3374.root 380310 [602,601,600,603,599]
/store/data/Run2024D/BTagMu/RAW/v1/000/380/310/00000/b6e9cc32-5f94-4200-85d5-b7d37b2ab45b.root 380310 [45,46,47]
/store/data/Run2024D/BTagMu/RAW/v1/000/380/310/00000/b726d2d2-b459-4b11-bf72-a25b925c7e7e.root 380310 [61,62]
/store/data/Run2024D/BTagMu/RAW/v1/000/380/310/00000/b792a712-efde-49c4-8760-1dede14348ed.root 380310 [757,759,760,758]
/store/data/Run2024D/BTagMu/RAW/v1/000/380/310/00000/b7b139c8-1660-4838-8c8f-308ed85d474d.root 380310 [951,954,950,955,952,953]
/store/data/Run2024D/BTagMu/RAW/v1/000/380/310/00000/b7b68340-c7bc-4304-a034-81ea58409242.root 380310 [662,660,663,661]
/store/data/Run2024D/BTagMu/RAW/v1/000/380/310/00000/bad9a60a-afde-4fdf-bb23-d3d274d97619.root 380310 [413,410,411,412]
/store/data/Run2024D/BTagMu/RAW/v1/000/380/310/00000/bb34f7df-3e7f-44ab-b1e2-604526e972e6.root 380310 [164,165,163]
/store/data/Run2024D/BTagMu/RAW/v1/000/380/310/00000/bb359f40-32ea-406e-a96a-55d2045c840c.root 380310 [824,826,828,825,827,823]
/store/data/Run2024D/BTagMu/RAW/v1/000/380/310/00000/bc7649b3-c492-4005-a4ff-e6b883fe911c.root 380310 [40,41,42]
/store/data/Run2024D/BTagMu/RAW/v1/000/380/310/00000/be06dcee-2100-48fc-8849-5e7484c59f38.root 380310 [688,689,690,691]
/store/data/Run2024D/BTagMu/RAW/v1/000/380/310/00000/be094788-2040-45d7-9994-ed4582a70b17.root 380310 [130,131,132]
/store/data/Run2024D/BTagMu/RAW/v1/000/380/310/00000/be549f93-15e0-47a2-8927-e9aae0954507.root 380310 [893,894,891,890,892,895]
/store/data/Run2024D/BTagMu/RAW/v1/000/380/310/00000/be88aa65-f6f1-41b2-88b5-c1127cf2022f.root 380310 [279,278,277]
/store/data/Run2024D/BTagMu/RAW/v1/000/380/310/00000/bf056052-17d5-4d1c-8efc-3d307acb9b37.root 380310 [212,213,211]
/store/data/Run2024D/BTagMu/RAW/v1/000/380/310/00000/bf6654a3-a064-400e-97ee-b716b8c2df03.root 380310 [191,190,192]
/store/data/Run2024D/BTagMu/RAW/v1/000/380/310/00000/c0221eb4-5ac7-42d8-bbec-0d0c926ad620.root 380310 [259,260,261]
/store/data/Run2024D/BTagMu/RAW/v1/000/380/310/00000/c07ec536-d6a3-41df-bcaa-e80256b1554d.root 380310 [253,254,255]
/store/data/Run2024D/BTagMu/RAW/v1/000/380/310/00000/c0daa0b1-f3d6-4e20-95de-04a1438169bb.root 380310 [721,722,723,720]
/store/data/Run2024D/BTagMu/RAW/v1/000/380/310/00000/c149adcd-fdfe-4ca8-af74-3320467659a6.root 380310 [632,633,635,634]
/store/data/Run2024D/BTagMu/RAW/v1/000/380/310/00000/c17654f6-d6e2-4cb6-82e2-3cd6bfcaff0f.root 380310 [447,449,446,448]
/store/data/Run2024D/BTagMu/RAW/v1/000/380/310/00000/c3308cfc-24d6-4341-b4d3-a243d0a0fff4.root 380310 [147,145,146]
/store/data/Run2024D/BTagMu/RAW/v1/000/380/310/00000/c4091904-2313-4f37-a3d0-70edc6fdfbe5.root 380310 [6,5]
/store/data/Run2024D/BTagMu/RAW/v1/000/380/310/00000/c43f11c2-dd2d-4468-8f2e-1ec39c047029.root 380310 [37,35,36]
/store/data/Run2024D/BTagMu/RAW/v1/000/380/310/00000/c4890084-48bb-46c3-85f2-895c234d07d0.root 380310 [251,252,250]
/store/data/Run2024D/BTagMu/RAW/v1/000/380/310/00000/c48ea231-4968-4f8e-be1b-e80d26900564.root 380310 [321,320,322]
/store/data/Run2024D/BTagMu/RAW/v1/000/380/310/00000/c50894eb-67b1-4999-9b5c-0259b5eca373.root 380310 [546,549,547,548]
/store/data/Run2024D/BTagMu/RAW/v1/000/380/310/00000/c590de1b-81ab-426f-ae5a-4b0bc6fdc461.root 380310 [358,361,360,359]
/store/data/Run2024D/BTagMu/RAW/v1/000/380/310/00000/c6ccd85a-a7a5-4d55-aa29-455e87b8fe47.root 380310 [924,921,922,920,923,925]
/store/data/Run2024D/BTagMu/RAW/v1/000/380/310/00000/c770d036-a002-4852-acee-b2b6434cb17b.root 380310 [122,121,123]
/store/data/Run2024D/BTagMu/RAW/v1/000/380/310/00000/c8570be9-5aa5-4f88-9c57-3b6322bb3ae0.root 380310 [1058,1057,1060,1055,1056,1059]
/store/data/Run2024D/BTagMu/RAW/v1/000/380/310/00000/c987e366-d8cb-4e7e-9979-c8354d61a264.root 380310 [289,290,291]
/store/data/Run2024D/BTagMu/RAW/v1/000/380/310/00000/ca145d66-0633-451d-adc9-b0d4ea36fed8.root 380310 [746,747,744,745]
/store/data/Run2024D/BTagMu/RAW/v1/000/380/310/00000/cb400902-0b74-4e30-b287-0bb8d1813644.root 380310 [334,335,336]
/store/data/Run2024D/BTagMu/RAW/v1/000/380/310/00000/ccd2160a-c31d-4083-bd85-9b63f05f9e9e.root 380310 [382,384,383,385]
/store/data/Run2024D/BTagMu/RAW/v1/000/380/310/00000/ccd5a4b6-4a1b-4845-9c4f-423771867b81.root 380310 [303,302,304]
/store/data/Run2024D/BTagMu/RAW/v1/000/380/310/00000/cd6ce272-3b66-4586-ac89-4de2abd6204d.root 380310 [831,832,829,830,833,834]
/store/data/Run2024D/BTagMu/RAW/v1/000/380/310/00000/cf3e4156-3e04-40fd-8944-94bd3d5c801d.root 380310 [267,265,266]
/store/data/Run2024D/BTagMu/RAW/v1/000/380/310/00000/d0c1fc60-b3c3-40ea-99ef-399683584ef2.root 380310 [429,426,427,428]
/store/data/Run2024D/BTagMu/RAW/v1/000/380/310/00000/d115ffac-7df9-4d47-bfa2-03876cd2012a.root 380310 [112,114,113]
/store/data/Run2024D/BTagMu/RAW/v1/000/380/310/00000/d121f044-a01f-4cd7-b11b-d04a894b67df.root 380310 [3,4]
/store/data/Run2024D/BTagMu/RAW/v1/000/380/310/00000/d1cfa4f5-deae-46dc-b8c3-a10cf8a288f0.root 380310 [1110,1109,1112,1111,1113,1114]
/store/data/Run2024D/BTagMu/RAW/v1/000/380/310/00000/d37df698-7763-45a8-b978-5b7092283ea3.root 380310 [157,159,158]
/store/data/Run2024D/BTagMu/RAW/v1/000/380/310/00000/d3a71d58-8511-45a3-8280-f78cf6a0b992.root 380310 [882,883]
/store/data/Run2024D/BTagMu/RAW/v1/000/380/310/00000/d3b5efd3-b80f-4a8f-bd13-c35de85018c2.root 380310 [508,506,509,507]
/store/data/Run2024D/BTagMu/RAW/v1/000/380/310/00000/d4e217ac-5f45-475c-a550-aa4a68593833.root 380310 [513,510,511,512]
/store/data/Run2024D/BTagMu/RAW/v1/000/380/310/00000/d5852018-7438-4507-97ce-2fc0b8760373.root 380310 [435,434,437,436]
/store/data/Run2024D/BTagMu/RAW/v1/000/380/310/00000/d82742e6-1bff-4d58-8c93-14d796eb4507.root 380310 [735,732,733,734]
/store/data/Run2024D/BTagMu/RAW/v1/000/380/310/00000/d8a57700-292c-439b-8adb-08552a6a7b11.root 380310 [473,470,472,471]
/store/data/Run2024D/BTagMu/RAW/v1/000/380/310/00000/d8a5dc18-cec2-4fdd-b784-52b5f50d608d.root 380310 [914,915,916,917,918,919]
/store/data/Run2024D/BTagMu/RAW/v1/000/380/310/00000/d938c66a-8208-4d03-b48a-825299a530b2.root 380310 [231,230,229]
/store/data/Run2024D/BTagMu/RAW/v1/000/380/310/00000/d9c64335-ccbd-435d-8dc9-fda0e77ed27d.root 380310 [91,89,90]
/store/data/Run2024D/BTagMu/RAW/v1/000/380/310/00000/da62bcdb-f251-4af5-82fa-3e67702d2c72.root 380310 [148,150,149]
/store/data/Run2024D/BTagMu/RAW/v1/000/380/310/00000/da7a278d-285b-40df-a407-4ca1a9a3b5bb.root 380310 [628,629,630,627,631]
/store/data/Run2024D/BTagMu/RAW/v1/000/380/310/00000/daadf29d-756f-4362-908c-ab15e714cedd.root 380310 [1030,1027,1028,1025,1029,1026]
/store/data/Run2024D/BTagMu/RAW/v1/000/380/310/00000/dc20ff26-1e6e-464b-9fda-2457cbe08d49.root 380310 [557,555,556,554]
/store/data/Run2024D/BTagMu/RAW/v1/000/380/310/00000/def38dfc-5468-4d41-b904-1099468cf0f7.root 380310 [63,64]
/store/data/Run2024D/BTagMu/RAW/v1/000/380/310/00000/df88ad49-c945-4bd7-b7e3-1be1f1793256.root 380310 [264,262,263]
/store/data/Run2024D/BTagMu/RAW/v1/000/380/310/00000/e02d552b-ae8a-47b1-994e-e8b9e12ecca8.root 380310 [419,421,418,420]
/store/data/Run2024D/BTagMu/RAW/v1/000/380/310/00000/e0d4c536-eb16-4436-a333-71d6e6b56121.root 380310 [220,222,221]
/store/data/Run2024D/BTagMu/RAW/v1/000/380/310/00000/e0edcec2-fba1-4826-981a-e150e30a2c61.root 380310 [1038,1040,1039,1042,1041,1037]
/store/data/Run2024D/BTagMu/RAW/v1/000/380/310/00000/e358fef4-c144-4097-bdfb-61606b1c0d1d.root 380310 [672,673,675,674]
/store/data/Run2024D/BTagMu/RAW/v1/000/380/310/00000/e4a5d61a-d212-4924-80d3-694bd3bb2bb1.root 380310 [366,367,368,369]
/store/data/Run2024D/BTagMu/RAW/v1/000/380/310/00000/e7de7b42-089b-414e-8d20-0b9cf68bf9b5.root 380310 [93,92,94]
/store/data/Run2024D/BTagMu/RAW/v1/000/380/310/00000/e85193ab-1ba0-4275-a915-80f04ddf8cb1.root 380310 [30,29]
/store/data/Run2024D/BTagMu/RAW/v1/000/380/310/00000/e859897d-6731-4fd2-af6f-19b6cd5803bc.root 380310 [569,567,566,568]
/store/data/Run2024D/BTagMu/RAW/v1/000/380/310/00000/e87d12b6-7dc7-4361-ab60-3501562d017c.root 380310 [961,956,958,957,959,960]
/store/data/Run2024D/BTagMu/RAW/v1/000/380/310/00000/e8b5be6d-ce0a-4587-bd08-6b3db51b0040.root 380310 [167,168,166]
/store/data/Run2024D/BTagMu/RAW/v1/000/380/310/00000/e90f9254-03cf-4330-a2ec-a84f15c2d8e4.root 380310 [196,197,198]
/store/data/Run2024D/BTagMu/RAW/v1/000/380/310/00000/e942eaf1-9615-49b2-a3fc-2a4643bd008e.root 380310 [386,387,388,389]
/store/data/Run2024D/BTagMu/RAW/v1/000/380/310/00000/e9ec7a93-03e8-4e9b-ba9a-0eee1eaf6a6f.root 380310 [280,281,282]
/store/data/Run2024D/BTagMu/RAW/v1/000/380/310/00000/eac62489-34bb-43c4-a4ec-fdce5aa590f2.root 380310 [798,797,800,799]
/store/data/Run2024D/BTagMu/RAW/v1/000/380/310/00000/eb5dc8f5-0066-44aa-a7f7-b6cbc651b0fd.root 380310 [1104,1103,1105,1106,1108,1107]
/store/data/Run2024D/BTagMu/RAW/v1/000/380/310/00000/ed1e2150-7e0c-4b0f-ad0e-4a44b950562f.root 380310 [329,328,330]
/store/data/Run2024D/BTagMu/RAW/v1/000/380/310/00000/ed40e7ab-aae1-421e-b38a-d6db46f1f5dd.root 380310 [273,271,272]
/store/data/Run2024D/BTagMu/RAW/v1/000/380/310/00000/ed97e6f6-0da6-4263-96b9-2f492d5993c2.root 380310 [310,308,309]
/store/data/Run2024D/BTagMu/RAW/v1/000/380/310/00000/eda1027d-cf08-4e1f-8be1-76df13e0c3e4.root 380310 [593,591,592,594]
/store/data/Run2024D/BTagMu/RAW/v1/000/380/310/00000/ef7ed078-d925-44bc-8d43-da3ef84534a9.root 380310 [963,965,966,962,964,967]
/store/data/Run2024D/BTagMu/RAW/v1/000/380/310/00000/ef886df7-955a-4237-bbe9-863f37c0d865.root 380310 [422,425,423,424]
/store/data/Run2024D/BTagMu/RAW/v1/000/380/310/00000/f07fb5e7-5fe5-4166-8f73-f8a1a0d46ca3.root 380310 [104,105]
/store/data/Run2024D/BTagMu/RAW/v1/000/380/310/00000/f0854bbc-fd75-4da8-99f1-14fce3e6289c.root 380310 [170,171,169]
/store/data/Run2024D/BTagMu/RAW/v1/000/380/310/00000/f26b9b6c-0fba-40d0-aed1-46926ed3ac12.root 380310 [344,343,345,346]
/store/data/Run2024D/BTagMu/RAW/v1/000/380/310/00000/f300dc63-6a85-4553-8090-c7321a2bbe12.root 380310 [1122,1125,1123,1121,1124,1126]
/store/data/Run2024D/BTagMu/RAW/v1/000/380/310/00000/f3d48ca7-89db-4259-9ff5-80eb39c4c17c.root 380310 [505,503,502,504]
/store/data/Run2024D/BTagMu/RAW/v1/000/380/310/00000/f3f30bb5-05f2-48d3-93ff-8ffc90920eb3.root 380310 [357,354,356,355]
/store/data/Run2024D/BTagMu/RAW/v1/000/380/310/00000/f511b989-106c-4d4e-b47e-a02710f50fbc.root 380310 [995,998,994,996,997,993]
/store/data/Run2024D/BTagMu/RAW/v1/000/380/310/00000/f5acf093-527b-4959-a18f-5f2ec1324dc0.root 380310 [228,226,227]
/store/data/Run2024D/BTagMu/RAW/v1/000/380/310/00000/f63bc6f6-cb35-4b72-a380-fa22ea45e13d.root 380310 [391,392,393,390]
/store/data/Run2024D/BTagMu/RAW/v1/000/380/310/00000/f63ca36b-620e-4b26-893f-75ace5270a41.root 380310 [492,493,490,491]
/store/data/Run2024D/BTagMu/RAW/v1/000/380/310/00000/fb282506-2d61-4b4f-ada1-d768567f9962.root 380310 [847,850,851,848,849,852]
