/store/data/Run2023D/ZeroBias/RAW/v1/000/369/927/00000/057ef0e8-4cd3-4776-b588-f53e9615e660.root 369927 [101,104,103,102,106,105,107,108]
/store/data/Run2023D/ZeroBias/RAW/v1/000/369/927/00000/05924d91-2efe-4584-abec-51b433f2f1ea.root 369927 [285,288,284,286,287]
/store/data/Run2023D/ZeroBias/RAW/v1/000/369/927/00000/060471f2-d76d-4699-9e31-ad0a269f72e5.root 369927 [249,250,252,253,251]
/store/data/Run2023D/ZeroBias/RAW/v1/000/369/927/00000/0e7c81b4-59ec-42d1-8a75-4f947ed21d54.root 369927 [164,163,161,162,159,160]
/store/data/Run2023D/ZeroBias/RAW/v1/000/369/927/00000/17685540-a64b-49a3-9dfe-d08951b40e57.root 369927 [144,139,142,143,141,145,140]
/store/data/Run2023D/ZeroBias/RAW/v1/000/369/927/00000/18a8cccf-e138-46a8-b4ed-d51d6a9e1bf9.root 369927 [283,280,281,279,282]
/store/data/Run2023D/ZeroBias/RAW/v1/000/369/927/00000/1cc923f2-2a6f-4a27-873f-d9abdbd7dc3f.root 369927 [74,67,68,70,71,66,75,72,69,73,76]
/store/data/Run2023D/ZeroBias/RAW/v1/000/369/927/00000/2c0c87bd-ba37-4e2c-9211-098c2efcdf2b.root 369927 [189,192,193,190,191]
/store/data/Run2023D/ZeroBias/RAW/v1/000/369/927/00000/39e69672-e12f-492f-b8f9-3ef5b39ca5e1.root 369927 [220,222,223,221,219]
/store/data/Run2023D/ZeroBias/RAW/v1/000/369/927/00000/3fc94c99-6fe1-4391-90bb-bd7e0dfd546a.root 369927 [297,295,298,294,296]
/store/data/Run2023D/ZeroBias/RAW/v1/000/369/927/00000/4a2f62d6-9b13-42c6-b702-6194b505ad53.root 369927 [97,94,96,98,93,99,95,100]
/store/data/Run2023D/ZeroBias/RAW/v1/000/369/927/00000/4e586c6e-dc9f-4590-80b8-ed36a9dd1d7c.root 369927 [325,324,322,323,321]
/store/data/Run2023D/ZeroBias/RAW/v1/000/369/927/00000/51b3683a-5ca8-4e36-8955-ba1a1f6148a2.root 369927 [238,234,237,236,235]
/store/data/Run2023D/ZeroBias/RAW/v1/000/369/927/00000/5379590f-ec3b-4341-ace2-d40f5cef6236.root 369927 [308,309,310,311]
/store/data/Run2023D/ZeroBias/RAW/v1/000/369/927/00000/5b52272a-42ad-4161-bd7f-d8f4fef4f57e.root 369927 [358,357,359,360,356]
/store/data/Run2023D/ZeroBias/RAW/v1/000/369/927/00000/5bbf64bb-7759-4e98-8b87-746874b243cb.root 369927 [304,305,306,303,307]
/store/data/Run2023D/ZeroBias/RAW/v1/000/369/927/00000/5c01fe2c-2b06-432f-acb7-6e9d2bde9c43.root 369927 [351,354,352,353,355]
/store/data/Run2023D/ZeroBias/RAW/v1/000/369/927/00000/5d67e2b0-9f4e-4ba9-83f0-646787bf50ed.root 369927 [342,341,343,344,345]
/store/data/Run2023D/ZeroBias/RAW/v1/000/369/927/00000/60fd2553-03e1-4f2a-bb4a-22998c78031a.root 369927 [232,229,233,231,230]
/store/data/Run2023D/ZeroBias/RAW/v1/000/369/927/00000/66f959dd-1a2e-4683-870b-5a25cde6d035.root 369927 [183,184,185,187,186,188]
/store/data/Run2023D/ZeroBias/RAW/v1/000/369/927/00000/6b5a78cc-5f0c-4470-b2a6-1d8eb57eecf9.root 369927 [261,263,259,260,262]
/store/data/Run2023D/ZeroBias/RAW/v1/000/369/927/00000/73c6fe7a-8727-44e4-bd0e-1853930fbcf0.root 369927 [150,151,152,148,149,147,146]
/store/data/Run2023D/ZeroBias/RAW/v1/000/369/927/00000/774e5c0d-ccd5-4003-b5af-b28880a545a6.root 369927 [271,269,270,273,272]
/store/data/Run2023D/ZeroBias/RAW/v1/000/369/927/00000/803790b2-f7d7-490c-9757-3b0027912cca.root 369927 [127,128,131,129,125,130,126]
/store/data/Run2023D/ZeroBias/RAW/v1/000/369/927/00000/8218d2b0-e3b9-4243-ac9e-51b4e749a55c.root 369927 [327,329,326,328,330]
/store/data/Run2023D/ZeroBias/RAW/v1/000/369/927/00000/82f1fcf8-7c50-42a7-8b00-2d8d9f1ca208.root 369927 [225,226,224,228,227]
/store/data/Run2023D/ZeroBias/RAW/v1/000/369/927/00000/8a78c24b-73a7-42f1-ad66-762ec55bff2e.root 369927 [242,240,241,243,239]
/store/data/Run2023D/ZeroBias/RAW/v1/000/369/927/00000/8e8eec7d-a86c-42b3-9d33-1dc22033a3df.root 369927 [55,60,64,61,62,59,63,56,57,58,65]
/store/data/Run2023D/ZeroBias/RAW/v1/000/369/927/00000/8ea8a2f6-02b3-4cb5-875b-5a0cbdb6c7f8.root 369927 [109,112,115,110,113,114,111,116]
/store/data/Run2023D/ZeroBias/RAW/v1/000/369/927/00000/925ba9fb-2e22-4775-bc82-66063d25bb70.root 369927 [208,205,206,207,204]
/store/data/Run2023D/ZeroBias/RAW/v1/000/369/927/00000/93853f76-d596-4673-9a43-dc1c9b7cc5b0.root 369927 [14,16,19,22,25,31,32,38,8,17,27,37,7,15,3,4,12,21,24,1,9,11,13,18,20,26,2,5,10,6,23,28,29,30,33,34,35,36]
/store/data/Run2023D/ZeroBias/RAW/v1/000/369/927/00000/9a4f7fe4-7c48-4551-895e-f60824641896.root 369927 [48,49,50,54,47,52,53,51]
/store/data/Run2023D/ZeroBias/RAW/v1/000/369/927/00000/9abcdc60-ded9-454b-a5c3-2639e2a5a80b.root 369927 [338,339,340,337,336]
/store/data/Run2023D/ZeroBias/RAW/v1/000/369/927/00000/a11e28df-e4af-4166-bdb5-8f912c02a2ba.root 369927 [301,302,299,300]
/store/data/Run2023D/ZeroBias/RAW/v1/000/369/927/00000/a39cf4c9-2b06-4d28-ba09-d2a724a6ac55.root 369927 [333,335,331,332,334]
/store/data/Run2023D/ZeroBias/RAW/v1/000/369/927/00000/ac05d6ae-c410-4d16-8f69-d5ace4e95f7d.root 369927 [169,167,170,168,165,166]
/store/data/Run2023D/ZeroBias/RAW/v1/000/369/927/00000/afc53467-1d81-4240-9599-ac8e5fbc80b7.root 369927 [376,379,385,377,384,387,383,381,382,386,380,378]
/store/data/Run2023D/ZeroBias/RAW/v1/000/369/927/00000/b494e79a-9e04-451c-9895-1b2207f743af.root 369927 [368,369,367,370,366]
/store/data/Run2023D/ZeroBias/RAW/v1/000/369/927/00000/b4c1a127-cae6-46de-88c2-f4f4fbf68102.root 369927 [315,313,312,314]
/store/data/Run2023D/ZeroBias/RAW/v1/000/369/927/00000/b79e66f4-d007-4d26-ba9e-42cea01b438f.root 369927 [257,258,255,256,254]
/store/data/Run2023D/ZeroBias/RAW/v1/000/369/927/00000/b94bd12e-2099-4d18-aef7-94e66fe390f3.root 369927 [87,85,86,88,91,92,89,90]
/store/data/Run2023D/ZeroBias/RAW/v1/000/369/927/00000/bddf2954-d344-4d02-986f-574120905da4.root 369927 [316,318,320,317,319]
/store/data/Run2023D/ZeroBias/RAW/v1/000/369/927/00000/c2650b20-a214-4ab8-993d-5032aeabe4c0.root 369927 [372,375,371,373,374]
/store/data/Run2023D/ZeroBias/RAW/v1/000/369/927/00000/c35a2b8b-af9e-41d6-929b-50c2b41f5024.root 369927 [157,153,158,154,155,156]
/store/data/Run2023D/ZeroBias/RAW/v1/000/369/927/00000/c3abfa54-b84c-4a41-817e-05692b3c7be8.root 369927 [215,216,214,217,218]
/store/data/Run2023D/ZeroBias/RAW/v1/000/369/927/00000/c8d02ddc-7c7f-421a-b31e-04be535a008c.root 369927 [278,275,274,276,277]
/store/data/Run2023D/ZeroBias/RAW/v1/000/369/927/00000/cbaa29b6-e19e-446f-a3f2-3f93af96826f.root 369927 [293,289,290,292,291]
/store/data/Run2023D/ZeroBias/RAW/v1/000/369/927/00000/ce36f8c8-f397-4452-ae6d-b52c8c043c12.root 369927 [195,198,194,196,197]
/store/data/Run2023D/ZeroBias/RAW/v1/000/369/927/00000/cf0de946-61a0-44a1-898f-f9da116f6408.root 369927 [82,84,81,77,83,78,79,80]
/store/data/Run2023D/ZeroBias/RAW/v1/000/369/927/00000/d47c5088-ef5a-4a10-abae-f2d9492b448e.root 369927 [363,361,364,365,362]
/store/data/Run2023D/ZeroBias/RAW/v1/000/369/927/00000/d5ec3e30-f57f-481f-a2ac-0e2dd06f225f.root 369927 [346,350,348,349,347]
/store/data/Run2023D/ZeroBias/RAW/v1/000/369/927/00000/de0db42b-a55f-4169-8ec0-806e669526ec.root 369927 [46,42,43,41,44,45,39,40]
/store/data/Run2023D/ZeroBias/RAW/v1/000/369/927/00000/dfd80107-08b8-419f-a7d1-7776dd478aed.root 369927 [174,172,173,176,171,175]
/store/data/Run2023D/ZeroBias/RAW/v1/000/369/927/00000/e1ae5cfa-2203-4505-9924-40fa84df8c85.root 369927 [121,123,120,124,119,117,118,122]
/store/data/Run2023D/ZeroBias/RAW/v1/000/369/927/00000/e2b64e33-e846-47c0-884b-704ad48dce78.root 369927 [181,177,180,182,179,178]
/store/data/Run2023D/ZeroBias/RAW/v1/000/369/927/00000/e38560a0-cde6-451f-bafd-20db86ed04cc.root 369927 [137,134,132,133,136,135,138]
/store/data/Run2023D/ZeroBias/RAW/v1/000/369/927/00000/e5c900ab-a740-4375-8d68-5b0f26e0d914.root 369927 [209,211,210,213,212]
/store/data/Run2023D/ZeroBias/RAW/v1/000/369/927/00000/e7bfd31f-cd79-4450-a642-5125fa6e478f.root 369927 [199,203,200,202,201]
/store/data/Run2023D/ZeroBias/RAW/v1/000/369/927/00000/ec60dbc3-ccd4-44ec-817d-526a41288154.root 369927 [268,266,265,264,267]
/store/data/Run2023D/ZeroBias/RAW/v1/000/369/927/00000/ef0514b6-5e9f-4450-b359-1951c0f80671.root 369927 [245,246,247,244,248]
/store/data/Run2023D/ZeroBias/RAW/v1/000/369/943/00000/019cd499-99e8-4d7f-861e-2e9495ca4d1f.root 369943 [302,300,301,303]
/store/data/Run2023D/ZeroBias/RAW/v1/000/369/943/00000/036e7db7-526c-489d-ac4e-13807f751fd0.root 369943 [74,71,73,72]
/store/data/Run2023D/ZeroBias/RAW/v1/000/369/943/00000/0670ee0d-ec6a-47fe-a8c9-f0550a44d1c9.root 369943 [117,118,119,116]
/store/data/Run2023D/ZeroBias/RAW/v1/000/369/943/00000/0b5c6b5a-26b0-4dcc-b7e0-f0ff74d208f3.root 369943 [261,260,263,262]
/store/data/Run2023D/ZeroBias/RAW/v1/000/369/943/00000/0c14a99d-1ea2-49f9-bcd1-f92d4e4f896d.root 369943 [94,95,93]
/store/data/Run2023D/ZeroBias/RAW/v1/000/369/943/00000/0c3cdfc7-5931-4892-bb5a-9228e4a65782.root 369943 [374,375,372,373]
/store/data/Run2023D/ZeroBias/RAW/v1/000/369/943/00000/0d75a82b-5279-4655-9719-409a2c5c62c8.root 369943 [371,370,369,368]
/store/data/Run2023D/ZeroBias/RAW/v1/000/369/943/00000/11dc29e6-7091-41ee-abb8-f9e2cbb72296.root 369943 [315,313,312,314]
/store/data/Run2023D/ZeroBias/RAW/v1/000/369/943/00000/176b520c-5370-4052-bc7d-9c7a51d4498d.root 369943 [166,167,164,165]
/store/data/Run2023D/ZeroBias/RAW/v1/000/369/943/00000/188fdcb6-65f2-4ab9-a76f-325dfde59f6a.root 369943 [184,186,185,187]
/store/data/Run2023D/ZeroBias/RAW/v1/000/369/943/00000/1948d9bb-b1d0-4b40-b5f5-f9ce3f8466d5.root 369943 [5,7,6]
/store/data/Run2023D/ZeroBias/RAW/v1/000/369/943/00000/1a14b861-c570-4e10-94a7-86d48c05241f.root 369943 [329,331,330,328]
/store/data/Run2023D/ZeroBias/RAW/v1/000/369/943/00000/1ab13d15-b434-4585-b8f2-181ccc0bf8ae.root 369943 [96,99,97,98]
/store/data/Run2023D/ZeroBias/RAW/v1/000/369/943/00000/1b96604b-3cd7-4800-9a93-93693046f59a.root 369943 [252,253,254,255]
/store/data/Run2023D/ZeroBias/RAW/v1/000/369/943/00000/25ef3532-0738-456c-becc-9607014e7613.root 369943 [48,50,49,51]
/store/data/Run2023D/ZeroBias/RAW/v1/000/369/943/00000/283cb2ba-1bde-4e98-9e36-2c3fdb64a72a.root 369943 [225,224,223,226]
/store/data/Run2023D/ZeroBias/RAW/v1/000/369/943/00000/2857eb7f-2c64-434a-ba8b-6d9d29b0573b.root 369943 [194,192,193,195]
/store/data/Run2023D/ZeroBias/RAW/v1/000/369/943/00000/299f5b16-2b47-44fa-8e80-22b88cf6cc4f.root 369943 [204,205,206,207]
/store/data/Run2023D/ZeroBias/RAW/v1/000/369/943/00000/2ad08718-122e-46a3-befc-a0b49b37c2ba.root 369943 [201,203,202,200]
/store/data/Run2023D/ZeroBias/RAW/v1/000/369/943/00000/2e7f2218-8e85-47d3-a3b2-3c1b14923f7d.root 369943 [145,146,144,147]
/store/data/Run2023D/ZeroBias/RAW/v1/000/369/943/00000/2fdb9c43-0d2e-46e6-83ff-18d6c87392de.root 369943 [54,52,53,55]
/store/data/Run2023D/ZeroBias/RAW/v1/000/369/943/00000/3087f1ab-330c-4a4e-aaa9-bb53c7a023aa.root 369943 [152,153,155,154]
/store/data/Run2023D/ZeroBias/RAW/v1/000/369/943/00000/37bc5780-a374-4104-87a4-3169e9efe16b.root 369943 [359,358,356,357]
/store/data/Run2023D/ZeroBias/RAW/v1/000/369/943/00000/3f5d9f11-fc4d-4912-a628-27e834e57017.root 369943 [335,334,333,332]
/store/data/Run2023D/ZeroBias/RAW/v1/000/369/943/00000/49550f00-698d-48d0-982a-a8d6a138b9b1.root 369943 [65,64,66]
/store/data/Run2023D/ZeroBias/RAW/v1/000/369/943/00000/4a645d2c-b524-4bb3-8d8e-fc0a88fe945b.root 369943 [47,46,44,45]
/store/data/Run2023D/ZeroBias/RAW/v1/000/369/943/00000/504c56b2-16ba-40b3-b545-2e15b5232a1f.root 369943 [296,299,298,297]
/store/data/Run2023D/ZeroBias/RAW/v1/000/369/943/00000/510a239b-7148-412a-8ba7-3284b037e037.root 369943 [349,350,351,348]
/store/data/Run2023D/ZeroBias/RAW/v1/000/369/943/00000/51b2865a-1cc7-49e7-84ff-9dbfa8edc2fd.root 369943 [249,248,251,250]
/store/data/Run2023D/ZeroBias/RAW/v1/000/369/943/00000/554095a1-fc78-46fc-a421-27fa5b3aeae6.root 369943 [354,355,353,352]
/store/data/Run2023D/ZeroBias/RAW/v1/000/369/943/00000/55586444-eb43-40ce-bbce-91d0f63babf7.root 369943 [3,4]
/store/data/Run2023D/ZeroBias/RAW/v1/000/369/943/00000/591f880d-dfef-4993-950a-b5eb0f94861f.root 369943 [106,107,104,105]
/store/data/Run2023D/ZeroBias/RAW/v1/000/369/943/00000/5cd21e0b-1056-4d7f-919f-0b23879221fa.root 369943 [214,215,213,212]
/store/data/Run2023D/ZeroBias/RAW/v1/000/369/943/00000/5d1072d4-f323-481e-882f-0731bd6408a6.root 369943 [35,33,32,34]
/store/data/Run2023D/ZeroBias/RAW/v1/000/369/943/00000/5e5265c4-7f67-45d7-a729-1b2f147820bf.root 369943 [8,11,10,9]
/store/data/Run2023D/ZeroBias/RAW/v1/000/369/943/00000/5f4b3801-51f1-4613-a807-afa2c5ca9e1a.root 369943 [270,268,269,271]
/store/data/Run2023D/ZeroBias/RAW/v1/000/369/943/00000/61c898a9-6d5c-429f-bcc1-46f23d19abee.root 369943 [174,172,173,175]
/store/data/Run2023D/ZeroBias/RAW/v1/000/369/943/00000/63bb7c55-2b8b-48da-a359-e82cce6c876e.root 369943 [209,211,210,208]
/store/data/Run2023D/ZeroBias/RAW/v1/000/369/943/00000/651cab73-1998-49c5-9169-db5a76ed2ab4.root 369943 [139,136,138,137]
/store/data/Run2023D/ZeroBias/RAW/v1/000/369/943/00000/654b13e7-4197-4fd6-8250-73d7bd7a809a.root 369943 [229,228,227,230]
/store/data/Run2023D/ZeroBias/RAW/v1/000/369/943/00000/6662325d-dc21-4900-aa5c-a1005e595232.root 369943 [287,284,286,285]
/store/data/Run2023D/ZeroBias/RAW/v1/000/369/943/00000/70cb51c1-d730-4eb4-8688-13f431f606ec.root 369943 [336,338,339,337]
/store/data/Run2023D/ZeroBias/RAW/v1/000/369/943/00000/72fbaeb3-a083-4b7e-8c98-22693483ba30.root 369943 [140,141,142,143]
/store/data/Run2023D/ZeroBias/RAW/v1/000/369/943/00000/75da1f36-d28d-49cd-a8cd-e95a0aaba37a.root 369943 [380,382,381,383]
/store/data/Run2023D/ZeroBias/RAW/v1/000/369/943/00000/7728d9e3-97bf-4c61-b5c3-7bf2adf27140.root 369943 [244,246,247,245]
/store/data/Run2023D/ZeroBias/RAW/v1/000/369/943/00000/77a89ed5-85d4-4249-9a0f-f6d570dbf6f1.root 369943 [24,27,26,25]
/store/data/Run2023D/ZeroBias/RAW/v1/000/369/943/00000/7a5d13b0-c815-41d2-896c-40ca97d3728d.root 369943 [340,342,343,341]
/store/data/Run2023D/ZeroBias/RAW/v1/000/369/943/00000/7c3621f1-805e-41a5-b92c-ce345452be2e.root 369943 [17,19,18,16]
/store/data/Run2023D/ZeroBias/RAW/v1/000/369/943/00000/7e61f5f5-7ae8-4b45-85e5-56e56e31b012.root 369943 [101,102,100,103]
/store/data/Run2023D/ZeroBias/RAW/v1/000/369/943/00000/802b8477-d0cb-49a0-bd15-ebe4dda8551f.root 369943 [256,257,258,259]
/store/data/Run2023D/ZeroBias/RAW/v1/000/369/943/00000/82c1c221-b65b-416e-9a38-e79bf85b62e1.root 369943 [13,12,15,14]
/store/data/Run2023D/ZeroBias/RAW/v1/000/369/943/00000/83346ec1-ee4d-4764-a10c-b99ddb74af0c.root 369943 [88,89,87]
/store/data/Run2023D/ZeroBias/RAW/v1/000/369/943/00000/896e3444-e4c9-45c6-8efa-9eb4c4a45050.root 369943 [113,115,114,112]
/store/data/Run2023D/ZeroBias/RAW/v1/000/369/943/00000/8e1b218c-f7ff-4737-bffa-44f8dca0696f.root 369943 [56,58,57,59]
/store/data/Run2023D/ZeroBias/RAW/v1/000/369/943/00000/8f182636-d8e3-4e7d-83bd-95f9386a8a42.root 369943 [134,132,133,135]
/store/data/Run2023D/ZeroBias/RAW/v1/000/369/943/00000/8fd76a9c-0a26-4544-9f73-39535cc77ac6.root 369943 [42,43,40,41]
/store/data/Run2023D/ZeroBias/RAW/v1/000/369/943/00000/923c9a06-ce89-441e-ab7f-6b07ff35c34f.root 369943 [149,148,150,151]
/store/data/Run2023D/ZeroBias/RAW/v1/000/369/943/00000/92e366e3-e1c4-4568-8400-d5a3603f024c.root 369943 [240,238,239]
/store/data/Run2023D/ZeroBias/RAW/v1/000/369/943/00000/92ffb2b3-1810-4ff7-b4b4-98f26b36e3be.root 369943 [361,360,362,363]
/store/data/Run2023D/ZeroBias/RAW/v1/000/369/943/00000/9995ff66-54f2-46bf-86be-27c12c02b600.root 369943 [308,309,310,311]
/store/data/Run2023D/ZeroBias/RAW/v1/000/369/943/00000/99fc9098-ffcd-4ec3-90e2-828fa031cc50.root 369943 [28,31,29,30]
/store/data/Run2023D/ZeroBias/RAW/v1/000/369/943/00000/9fcacfc3-b50f-4084-97f8-c96f0f9aad5b.root 369943 [216,219,218,217]
/store/data/Run2023D/ZeroBias/RAW/v1/000/369/943/00000/9fcf4e8e-320e-42b8-9091-87ab91e7edbb.root 369943 [75,76,78,77]
/store/data/Run2023D/ZeroBias/RAW/v1/000/369/943/00000/a2584bfa-061e-49b2-b4a3-60b5beba3a9f.root 369943 [274,275,272,273]
/store/data/Run2023D/ZeroBias/RAW/v1/000/369/943/00000/a3ea6330-5ea4-44fb-a81b-f9b07ec6cbbe.root 369943 [159,156,157,158]
/store/data/Run2023D/ZeroBias/RAW/v1/000/369/943/00000/a5c8efe7-fcee-441d-9447-e900326d1c65.root 369943 [222,220,221]
/store/data/Run2023D/ZeroBias/RAW/v1/000/369/943/00000/a75da7d2-1956-4a1b-aae5-6c3c44b4621a.root 369943 [189,190,188,191]
/store/data/Run2023D/ZeroBias/RAW/v1/000/369/943/00000/ab6f55a2-a3cb-499d-8130-cc1cfd2bf535.root 369943 [236,234,235,237]
/store/data/Run2023D/ZeroBias/RAW/v1/000/369/943/00000/abbd8b14-6851-4450-806e-23d400e5b10d.root 369943 [68,70,67,69]
/store/data/Run2023D/ZeroBias/RAW/v1/000/369/943/00000/ac943ecb-e122-4960-b3e3-265e3e3db2a8.root 369943 [170,171,168,169]
/store/data/Run2023D/ZeroBias/RAW/v1/000/369/943/00000/acb89952-fbe6-4089-bc8f-8182910dba1a.root 369943 [21,23,20,22]
/store/data/Run2023D/ZeroBias/RAW/v1/000/369/943/00000/ad7e120f-99fc-44c8-96ca-db4482ac2028.root 369943 [128,131,129,130]
/store/data/Run2023D/ZeroBias/RAW/v1/000/369/943/00000/b1e0f8dd-8438-4c76-b0aa-d8b1eab75bb0.root 369943 [392,394,397,395,398,385,386,387,389,388,390,391,393,384,396]
/store/data/Run2023D/ZeroBias/RAW/v1/000/369/943/00000/b4179094-1e84-4d89-b291-c69bc189612d.root 369943 [344,345,347,346]
/store/data/Run2023D/ZeroBias/RAW/v1/000/369/943/00000/b83e5e2b-bf6b-4141-bc0c-f991570c2b21.root 369943 [84,86,85,83]
/store/data/Run2023D/ZeroBias/RAW/v1/000/369/943/00000/ba04a4af-add4-4ccf-ba69-a67d95e83194.root 369943 [319,316,317,318]
/store/data/Run2023D/ZeroBias/RAW/v1/000/369/943/00000/bdd45fe5-a7ce-4333-b3ad-e8aaf8f4d212.root 369943 [180,183,182,181]
/store/data/Run2023D/ZeroBias/RAW/v1/000/369/943/00000/bee29c3e-c150-4ee0-85b2-ef6db310dc5a.root 369943 [378,377,379,376]
/store/data/Run2023D/ZeroBias/RAW/v1/000/369/943/00000/c2c0ef4f-a016-41f3-8ddf-fd7213f4f7df.root 369943 [281,280,282,283]
/store/data/Run2023D/ZeroBias/RAW/v1/000/369/943/00000/c3f1d524-9036-4423-b2c4-75b409ed2e73.root 369943 [364,365,366,367]
/store/data/Run2023D/ZeroBias/RAW/v1/000/369/943/00000/c6abe9a5-093a-4751-9861-ef90dcb7f04f.root 369943 [278,277,279,276]
/store/data/Run2023D/ZeroBias/RAW/v1/000/369/943/00000/c7f29979-2621-4d70-8ab7-11a4a9855c03.root 369943 [293,292,294,295]
/store/data/Run2023D/ZeroBias/RAW/v1/000/369/943/00000/c94bce24-5970-42d1-9abc-a921fc63f354.root 369943 [80,82,79,81]
/store/data/Run2023D/ZeroBias/RAW/v1/000/369/943/00000/cf234291-3648-466b-b903-0482d267f702.root 369943 [124,125,127,126]
/store/data/Run2023D/ZeroBias/RAW/v1/000/369/943/00000/d3cff923-5e41-469a-b8ea-cf05eac4d4ab.root 369943 [161,163,160,162]
/store/data/Run2023D/ZeroBias/RAW/v1/000/369/943/00000/d5cf5287-5a81-40a0-ae77-1014634cc7f6.root 369943 [123,121,122,120]
/store/data/Run2023D/ZeroBias/RAW/v1/000/369/943/00000/dc1286ed-0732-4d05-a6f6-78aa1a8192d8.root 369943 [289,290,288,291]
/store/data/Run2023D/ZeroBias/RAW/v1/000/369/943/00000/dd81427f-db17-494b-ac31-c1a2680cfb51.root 369943 [37,38,36,39]
/store/data/Run2023D/ZeroBias/RAW/v1/000/369/943/00000/df241b1a-141e-4c3c-90bf-545d166ce01a.root 369943 [90,92,91]
/store/data/Run2023D/ZeroBias/RAW/v1/000/369/943/00000/e179a2d8-1c4a-430e-a74d-f9678dd614d2.root 369943 [1,2]
/store/data/Run2023D/ZeroBias/RAW/v1/000/369/943/00000/e36cb7db-a409-4060-8066-877327c988da.root 369943 [231,233,232]
/store/data/Run2023D/ZeroBias/RAW/v1/000/369/943/00000/e44d552b-c3c1-4e0f-b8b6-8692a97494f5.root 369943 [320,323,321,322]
/store/data/Run2023D/ZeroBias/RAW/v1/000/369/943/00000/e47ab2df-b010-4800-ab1d-b4b19f6a4ea6.root 369943 [108,109,110,111]
/store/data/Run2023D/ZeroBias/RAW/v1/000/369/943/00000/e9e79fc0-c36e-43d1-832b-c8362609e30c.root 369943 [266,265,267,264]
/store/data/Run2023D/ZeroBias/RAW/v1/000/369/943/00000/eb84f35d-07ad-444e-b9fe-64c3c95f9c5f.root 369943 [326,327,324,325]
/store/data/Run2023D/ZeroBias/RAW/v1/000/369/943/00000/effc3de4-779c-411d-a294-603b2a932ec3.root 369943 [196,198,197,199]
/store/data/Run2023D/ZeroBias/RAW/v1/000/369/943/00000/f5471358-f782-4aed-a92a-24865302c5a6.root 369943 [241,242,243]
/store/data/Run2023D/ZeroBias/RAW/v1/000/369/943/00000/f71511a6-e86c-4321-a07e-5b74add92822.root 369943 [60,61,63,62]
/store/data/Run2023D/ZeroBias/RAW/v1/000/369/943/00000/fb3c56ae-35f0-45d0-8a5c-a5f9b32dd80c.root 369943 [304,305,306,307]
/store/data/Run2023D/ZeroBias/RAW/v1/000/369/943/00000/fbc71469-35cb-44f8-8c14-70f1ca7858cf.root 369943 [177,176,178,179]
