/store/data/Run2017E/HLTPhysics/RAW/v1/000/304/125/00000/10C97220-6FA4-E711-BA6E-02163E011A42.root [219,225,234,220,224,232,223,230,233,240,218,228,236,239,222,231,229,216,217,221,227,237,238,226,235]
/store/data/Run2017E/HLTPhysics/RAW/v1/000/304/125/00000/127641D4-A1A4-E711-8903-02163E0141A7.root [1070,1076,1089,1090,1104,1069,1085,1101,1111,1115,1119,1077,1078,1092,1102,1109,1110,1067,1072,1080,1088,1114,1068,1075,1087,1113,1079,1081,1082,1083,1086,1091,1094,1095,1097,1100,1103,1107,1108,1112,1116,1066,1071,1084,1093,1096,1098,1099,1073,1074,1105,1106,1117,1118]
/store/data/Run2017E/HLTPhysics/RAW/v1/000/304/125/00000/222F6502-73A4-E711-B4F1-02163E019BE3.root [278,283,271,274,284,272,276,291,270,279,285,288,292,293,277,280,282,286,287,290,275,281,273,289]
/store/data/Run2017E/HLTPhysics/RAW/v1/000/304/125/00000/26769693-6AA4-E711-B7E8-02163E01A55F.root [1,6,11,10,12,3,13,5,7,4,8,14,16,17,2,9,15,18]
/store/data/Run2017E/HLTPhysics/RAW/v1/000/304/125/00000/281C0429-B5A4-E711-9A99-02163E0138DB.root [1442,1443,1445,1446,1447,1459,1462,1465,1479,1508,1448,1463,1467,1468,1475,1487,1497,1499,1501,1433,1444,1457,1486,1493,1437,1439,1451,1453,1455,1458,1464,1470,1481,1482,1483,1484,1491,1498,1500,1503,1505,1456,1461,1474,1490,1504,1434,1435,1436,1441,1452,1466,1477,1478,1494,1502,1506,1507,1440,1449,1450,1460,1469,1473,1480,1489,1492,1496,1432,1438,1454,1471,1472,1476,1485,1488,1495]
/store/data/Run2017E/HLTPhysics/RAW/v1/000/304/125/00000/28373262-6AA4-E711-B684-02163E01A706.root [102,106,109,119,120,104,112,114,101,113,117,111,100,103,115,116,118,105,107,108,110]
/store/data/Run2017E/HLTPhysics/RAW/v1/000/304/125/00000/2C1AE97E-B9A4-E711-9D41-02163E011A04.root [1510,1513,1520,1529,1541,1544,1546,1555,1564,1574,1579,1509,1512,1514,1521,1523,1525,1532,1536,1552,1554,1557,1566,1569,1580,1583,1585,1516,1522,1547,1548,1556,1561,1572,1577,1584,1511,1517,1518,1534,1540,1570,1571,1573,1515,1537,1539,1558,1524,1526,1542,1545,1550,1567,1575,1578,1519,1531,1533,1535,1543,1553,1559,1563,1581,1527,1528,1530,1538,1549,1551,1560,1562,1565,1568,1576,1582]
/store/data/Run2017E/HLTPhysics/RAW/v1/000/304/125/00000/3461A8F6-74A4-E711-8303-02163E019C3D.root [353,361,364,375,363,370,377,356,365,372,371,374,350,352,358,367,368,369,357,373,351,354,359,360,362,355,366,376]
/store/data/Run2017E/HLTPhysics/RAW/v1/000/304/125/00000/406C49CE-C1A4-E711-B115-02163E01A635.root [1770,1772,1775,1768,1780,1769,1771,1779,1774,1767,1773,1777,1778,1766,1776]
/store/data/Run2017E/HLTPhysics/RAW/v1/000/304/125/00000/423B4009-6FA4-E711-822C-02163E019D0A.root [201,206,208,209,212,215,193,196,197,200,205,213,198,214,199,202,195,211,204,192,194,203,207,210]
/store/data/Run2017E/HLTPhysics/RAW/v1/000/304/125/00000/4463EA0F-A8A4-E711-9F68-02163E0145CF.root [1242,1259,1261,1266,1279,1288,1252,1257,1263,1270,1271,1278,1292,1293,1298,1241,1248,1258,1260,1273,1275,1283,1285,1295,1296,1255,1264,1268,1280,1287,1297,1243,1247,1250,1265,1269,1276,1286,1245,1249,1256,1289,1290,1254,1281,1282,1299,1240,1244,1246,1251,1253,1262,1267,1272,1274,1277,1284,1291,1294]
/store/data/Run2017E/HLTPhysics/RAW/v1/000/304/125/00000/48F23A71-77A4-E711-95BF-02163E019D88.root [393,395,396,401,378,384,379,387,394,390,397,398,402,404,406,382,383,392,403,405,380,385,386,388,391,399,400,381,389]
/store/data/Run2017E/HLTPhysics/RAW/v1/000/304/125/00000/50BC2C06-7EA4-E711-9B01-02163E01A22E.root [510,512,523,527,509,516,519,525,526,505,508,531,537,506,513,515,520,517,524,533,534,535,503,504,507,511,514,518,528,529,532,538,521,522,530,536]
/store/data/Run2017E/HLTPhysics/RAW/v1/000/304/125/00000/52594C19-75A4-E711-BCD6-02163E019B22.root [294,304,307,321,308,309,310,312,314,299,303,318,313,320,302,319,297,298,300,306,315,301,305,311,316,295,296,317]
/store/data/Run2017E/HLTPhysics/RAW/v1/000/304/125/00000/562A456A-6AA4-E711-83CC-02163E01443A.root [83,92,95,98,80,85,87,88,90,93,82,84,94,97,79,89,96,99,81,86,91]
/store/data/Run2017E/HLTPhysics/RAW/v1/000/304/125/00000/646EF5AD-6AA4-E711-9869-02163E01A33E.root [145,157,163,166,154,165,156,164,146,148,167,144,147,149,159,151,152,162,150,153,155,158,160,161]
/store/data/Run2017E/HLTPhysics/RAW/v1/000/304/125/00000/68D7A6EC-99A4-E711-A9F6-02163E013728.root [970,979,984,987,988,978,981,998,1004,1005,1009,967,972,973,977,986,964,966,968,969,1001,1008,965,992,995,1010,980,989,990,997,999,1000,1002,1012,1013,971,974,975,976,982,983,985,994,996,1007,1011,991,993,1003,1006]
/store/data/Run2017E/HLTPhysics/RAW/v1/000/304/125/00000/6C3F0877-88A4-E711-BB83-02163E019CC8.root [658,661,664,674,682,665,666,671,685,655,657,670,672,679,692,656,660,681,688,689,654,667,675,680,693,663,673,676,677,678,683,684,659,662,668,669,686,687,690,691]
/store/data/Run2017E/HLTPhysics/RAW/v1/000/304/125/00000/6ED8F0DE-9CA4-E711-932F-02163E013927.root [1018,1020,1021,1030,1050,1059,1064,1015,1034,1035,1037,1039,1044,1051,1053,1017,1029,1032,1033,1046,1014,1019,1025,1027,1036,1038,1049,1054,1056,1057,1058,1061,1026,1041,1063,1023,1031,1042,1045,1062,1028,1047,1048,1052,1065,1016,1022,1024,1040,1043,1055,1060]
/store/data/Run2017E/HLTPhysics/RAW/v1/000/304/125/00000/6EE63B6D-88A4-E711-B9BA-02163E01A59B.root [580,596,612,583,616,577,592,593,611,594,600,604,607,615,579,586,608,614,585,588,589,591,597,603,610,578,584,587,599,601,602,606,581,582,590,595,598,605,609,613]
/store/data/Run2017E/HLTPhysics/RAW/v1/000/304/125/00000/741C134B-79A4-E711-B3C4-02163E013462.root [429,430,432,434,412,416,419,420,425,426,431,438,408,418,436,415,424,428,433,435,437,409,410,417,423,427,411,414,421,422,407,413]
/store/data/Run2017E/HLTPhysics/RAW/v1/000/304/125/00000/74C3DF40-97A4-E711-B225-02163E019B46.root [922,930,935,946,947,952,953,958,933,950,954,955,959,942,943,960,961,920,924,929,939,956,934,937,949,925,927,931,938,962,963,919,923,932,936,940,944,948,921,926,928,941,945,951,957]
/store/data/Run2017E/HLTPhysics/RAW/v1/000/304/125/00000/78D6FA9B-7DA4-E711-B60C-02163E019E29.root [472,473,476,485,487,495,482,489,493,500,501,474,484,491,497,478,496,499,502,477,479,481,494,471,483,475,490,492,480,486,488,498]
/store/data/Run2017E/HLTPhysics/RAW/v1/000/304/125/00000/7A6965B6-AEA4-E711-A91C-02163E019CF0.root [1371,1377,1382,1385,1388,1392,1394,1404,1412,1414,1425,1426,1373,1378,1396,1397,1398,1405,1418,1424,1386,1389,1391,1395,1401,1430,1367,1369,1370,1372,1393,1411,1415,1419,1423,1431,1403,1407,1409,1413,1417,1427,1429,1366,1368,1380,1383,1399,1406,1416,1421,1422,1379,1381,1402,1410,1420,1428,1374,1375,1376,1384,1387,1390,1400,1408]
/store/data/Run2017E/HLTPhysics/RAW/v1/000/304/125/00000/7CE16965-72A4-E711-BEBB-02163E014334.root [250,253,255,256,258,242,267,268,241,248,251,254,259,263,269,243,244,247,262,245,252,257,261,249,260,246,264,265,266]
/store/data/Run2017E/HLTPhysics/RAW/v1/000/304/125/00000/827A5D45-7DA4-E711-9F98-02163E014644.root [442,444,451,456,440,460,464,467,439,441,455,462,469,443,446,452,459,465,468,445,447,448,450,458,449,457,461,466,453,454,463,470]
/store/data/Run2017E/HLTPhysics/RAW/v1/000/304/125/00000/868D7189-90A4-E711-AFAD-02163E019CD4.root [852,865,868,819,823,830,838,853,861,842,849,856,867,829,831,835,836,845,850,834,839,848,854,859,860,820,824,841,844,863,866,821,822,825,826,827,828,837,840,843,846,862,832,833,847,851,855,857,858,864]
/store/data/Run2017E/HLTPhysics/RAW/v1/000/304/125/00000/8A879D85-6AA4-E711-A2F5-02163E019C89.root [25,28,33,20,21,22,30,31,36,24,32,35,19,23,27,34,26,29]
/store/data/Run2017E/HLTPhysics/RAW/v1/000/304/125/00000/9AB029F6-8EA4-E711-83E9-02163E011DAD.root [778,781,791,794,795,816,817,784,806,812,785,792,802,807,809,788,790,793,798,801,805,808,775,782,783,786,787,818,796,803,804,811,774,780,797,800,810,814,815,776,777,779,789,799,813]
/store/data/Run2017E/HLTPhysics/RAW/v1/000/304/125/00000/A2797EED-C1A4-E711-815C-02163E01A3E5.root [1702,1714,1719,1724,1745,1750,1754,1756,1757,1760,1706,1711,1720,1722,1728,1739,1701,1703,1725,1726,1734,1738,1748,1759,1763,1765,1704,1727,1729,1730,1741,1746,1751,1758,1708,1712,1718,1735,1744,1747,1752,1764,1710,1715,1717,1723,1732,1733,1740,1742,1743,1753,1762,1700,1705,1709,1713,1716,1731,1755,1761,1707,1721,1736,1737,1749]
/store/data/Run2017E/HLTPhysics/RAW/v1/000/304/125/00000/A48E079E-8AA4-E711-9992-02163E011EBF.root [756,770,741,751,758,735,736,743,744,759,769,739,747,748,749,762,767,772,740,761,763,764,771,773,734,738,745,746,753,768,737,750,752,757,760,765,766,742,754,755]
/store/data/Run2017E/HLTPhysics/RAW/v1/000/304/125/00000/A85E6B90-6AA4-E711-BCFB-02163E01A274.root [68,71,77,64,65,70,78,72,63,66,76,60,61,62,69,58,59,67,73,74,75]
/store/data/Run2017E/HLTPhysics/RAW/v1/000/304/125/00000/AAF46B0E-81A4-E711-A645-02163E01A3AA.root [539,540,544,555,571,548,550,553,566,569,570,575,543,542,546,551,556,567,557,568,547,560,562,564,572,541,545,549,558,561,573,552,554,559,563,565,574,576]
/store/data/Run2017E/HLTPhysics/RAW/v1/000/304/125/00000/ACA9CB15-6DA4-E711-B493-02163E01A458.root [185,188,171,170,172,174,177,184,175,176,182,183,189,168,178,180,181,173,186,190,191,169,179,187]
/store/data/Run2017E/HLTPhysics/RAW/v1/000/304/125/00000/B40C6915-ABA4-E711-8EFB-02163E011B96.root [1301,1302,1307,1315,1318,1339,1344,1354,1358,1361,1362,1364,1300,1335,1341,1360,1311,1313,1314,1316,1317,1319,1322,1326,1328,1332,1337,1342,1347,1349,1350,1357,1321,1324,1351,1352,1353,1303,1308,1312,1310,1323,1333,1340,1346,1306,1320,1325,1330,1355,1359,1363,1365,1304,1305,1309,1329,1331,1334,1336,1338,1345,1348,1356,1327,1343]
/store/data/Run2017E/HLTPhysics/RAW/v1/000/304/125/00000/BE276C00-75A4-E711-8F05-02163E0127ED.root [341,342,329,334,326,331,324,332,336,346,322,327,328,335,337,339,343,348,323,325,330,338,344,349,333,340,345,347]
/store/data/Run2017E/HLTPhysics/RAW/v1/000/304/125/00000/C87DAB24-A7A4-E711-9AFF-02163E01444E.root [1183,1184,1188,1205,1210,1222,1225,1226,1229,1230,1185,1187,1190,1200,1204,1214,1180,1186,1189,1192,1216,1217,1220,1228,1194,1208,1231,1238,1239,1181,1191,1198,1202,1209,1215,1221,1193,1201,1206,1207,1218,1223,1232,1233,1236,1182,1196,1197,1203,1224,1234,1237,1195,1199,1211,1212,1213,1219,1227,1235]
/store/data/Run2017E/HLTPhysics/RAW/v1/000/304/125/00000/D66CDB7F-6AA4-E711-A638-02163E0142B8.root [38,51,45,47,49,52,53,39,55,54,37,48,42,41,43,44,46,50,40,56,57]
/store/data/Run2017E/HLTPhysics/RAW/v1/000/304/125/00000/DA6B9278-BCA4-E711-8DE8-02163E0144F1.root [1588,1596,1619,1626,1632,1638,1641,1587,1589,1590,1598,1601,1605,1614,1593,1600,1610,1611,1616,1622,1624,1629,1586,1609,1615,1628,1630,1635,1594,1599,1602,1604,1612,1617,1620,1627,1637,1603,1613,1621,1623,1642,1595,1607,1608,1636,1591,1592,1597,1606,1618,1625,1631,1633,1634,1639,1640]
/store/data/Run2017E/HLTPhysics/RAW/v1/000/304/125/00000/DE21C7CC-88A4-E711-AF26-02163E01A2CC.root [710,711,715,696,697,705,719,722,698,707,709,699,721,726,731,700,701,704,706,708,712,713,716,723,727,728,729,703,714,720,724,694,695,702,717,725,730,718,732,733]
/store/data/Run2017E/HLTPhysics/RAW/v1/000/304/125/00000/EA7C12E3-BFA4-E711-B699-02163E01A728.root [1646,1647,1650,1653,1654,1663,1679,1687,1649,1660,1662,1664,1688,1691,1696,1699,1668,1671,1673,1689,1693,1648,1659,1667,1672,1677,1678,1685,1686,1643,1644,1645,1652,1661,1670,1680,1698,1651,1695,1655,1657,1658,1669,1681,1684,1690,1692,1694,1656,1665,1666,1674,1675,1676,1682,1683,1697]
/store/data/Run2017E/HLTPhysics/RAW/v1/000/304/125/00000/EEF18EB5-93A4-E711-9977-02163E019CFE.root [873,874,880,884,891,894,898,900,905,870,876,887,892,915,917,871,872,888,893,895,904,911,886,897,899,910,916,878,885,902,908,909,912,913,879,882,896,903,869,875,877,889,890,901,906,918,881,883,907,914]
/store/data/Run2017E/HLTPhysics/RAW/v1/000/304/125/00000/F2AE5A19-A3A4-E711-B395-02163E013462.root [1120,1127,1130,1131,1132,1145,1146,1155,1162,1164,1165,1167,1170,1178,1148,1154,1168,1173,1175,1124,1125,1128,1144,1147,1157,1158,1121,1126,1136,1137,1152,1172,1174,1177,1129,1143,1161,1163,1166,1176,1179,1123,1140,1149,1150,1151,1156,1159,1160,1171,1122,1133,1134,1141,1142,1135,1138,1139,1153,1169]
/store/data/Run2017E/HLTPhysics/RAW/v1/000/304/125/00000/FC056668-6AA4-E711-B70E-02163E01A2E4.root [137,121,125,128,136,140,124,132,141,135,139,142,129,130,134,123,126,131,127,138,143,122,133]
/store/data/Run2017E/HLTPhysics/RAW/v1/000/304/125/00000/FE4F1888-88A4-E711-899E-02163E019B58.root [623,641,627,630,645,651,617,618,621,620,626,636,650,622,642,624,629,631,632,646,647,649,619,625,634,637,643,644,652,628,633,635,638,639,640,648,653]
