/store/data/Run2017F/JetHT/AOD/17Nov2017-v1/50001/02433647-9CDF-E711-A184-001E6779281E.root [1722,1678,1723,1724,1679]
/store/data/Run2017F/JetHT/AOD/17Nov2017-v1/50001/024AC4D9-97DF-E711-AD58-0025905C4262.root [1669,1672,1673,1674]
/store/data/Run2017F/JetHT/AOD/17Nov2017-v1/50001/02E30A5A-9CDF-E711-A1A9-FA163E2CE4A5.root [1823,1834,1833]
/store/data/Run2017F/JetHT/AOD/17Nov2017-v1/50001/06F0041D-9CDF-E711-9462-02163E019CE9.root [1193,1210,1175,1181,1194,1195,1214,1216,1202,1209]
/store/data/Run2017F/JetHT/AOD/17Nov2017-v1/50001/0C78F647-9CDF-E711-B96B-484D7E8DF107.root [1952,1964,1028,1029,1776,1962,1963,1773,1774,1943,1953]
/store/data/Run2017F/JetHT/AOD/17Nov2017-v1/50001/0C9189AD-99DF-E711-8270-02163E011C01.root [737,738]
/store/data/Run2017F/JetHT/AOD/17Nov2017-v1/50001/104A6EB5-9FDF-E711-90B6-001E67E6F891.root [1854,1859,1010,1860,1011,1821,1853,1865,1822,1824,1856]
/store/data/Run2017F/JetHT/AOD/17Nov2017-v1/50001/2405D72F-98DF-E711-A237-02163E014685.root [1318,758,1613,1320,1616,757,1631,1630]
/store/data/Run2017F/JetHT/AOD/17Nov2017-v1/50001/389C291F-9CDF-E711-9763-02163E01450D.root [1257,1636,1589,1645,1648,1250,1592,1247,1256,1635]
/store/data/Run2017F/JetHT/AOD/17Nov2017-v1/50001/40FD48B2-99DF-E711-8FC0-02163E012782.root [1145,1640,1591,1590,1633,1092,1093,1146,1634,1637]
/store/data/Run2017F/JetHT/AOD/17Nov2017-v1/50001/442D90D0-9BDF-E711-BC27-02163E0146B6.root [821,820]
/store/data/Run2017F/JetHT/AOD/17Nov2017-v1/50001/503A3353-94DF-E711-B310-44A842CFCA27.root [1670,1671]
/store/data/Run2017F/JetHT/AOD/17Nov2017-v1/50001/54280D36-9ADF-E711-A54B-A0369FC5E22C.root [1030,1050,1031,1680,1677,1051]
/store/data/Run2017F/JetHT/AOD/17Nov2017-v1/50001/56595A52-99DF-E711-8AEC-A4BF0112BC90.root [2051,2044,2052,2053,2050]
/store/data/Run2017F/JetHT/AOD/17Nov2017-v1/50001/665101C1-99DF-E711-9E68-0CC47AF9B13A.root [1847,1041,1040,1846,1423,1426,1046,1849,1047,1443]
/store/data/Run2017F/JetHT/AOD/17Nov2017-v1/50001/6CC095C1-99DF-E711-87B5-0025905C4262.root [1033,1001,1000,1022,1020,1021,1032,1023]
/store/data/Run2017F/JetHT/AOD/17Nov2017-v1/50001/7225D34A-9ADF-E711-B951-001E6779281E.root [1042,1056,1087,1086,1786,1043,1787,1057,1788]
/store/data/Run2017F/JetHT/AOD/17Nov2017-v1/50001/74D05241-AEDF-E711-AABF-001E677927FA.root [1676,999,998,1272,1267,1273,1675]
/store/data/Run2017F/JetHT/AOD/17Nov2017-v1/50001/802BFC10-9CDF-E711-9341-7845C4FC36AD.root [1006,1851,1850,1007,1852]
/store/data/Run2017F/JetHT/AOD/17Nov2017-v1/50001/94529F69-9CDF-E711-AA89-02163E011E22.root [1142,1147,1154,1143,1162,1079,1161,1080]
/store/data/Run2017F/JetHT/AOD/17Nov2017-v1/50001/96C42E37-99DF-E711-A3D8-44A842CF05B2.root [1065,1064]
/store/data/Run2017F/JetHT/AOD/17Nov2017-v1/50001/9A5511C4-99DF-E711-BB56-7CD30AC036FE.root [1035,1034]
/store/data/Run2017F/JetHT/AOD/17Nov2017-v1/50001/9E4CC334-9ADF-E711-9839-A0369F7FC4E8.root [1872,1869,1870]
/store/data/Run2017F/JetHT/AOD/17Nov2017-v1/50001/AA94CC48-9CDF-E711-938D-A0369FC51A44.root [1304,1305,1910,1909,1303,1911]
/store/data/Run2017F/JetHT/AOD/17Nov2017-v1/50001/B07E82B8-9FDF-E711-879E-001E67397F3F.root [1004,1005]
/store/data/Run2017F/JetHT/AOD/17Nov2017-v1/50001/B0C23CF1-95DF-E711-91FA-02163E019BA6.root [745,1755,1756,746]
/store/data/Run2017F/JetHT/AOD/17Nov2017-v1/50001/B8F612F7-9BDF-E711-81D2-02163E01A2FA.root [2003,2004,2005]
/store/data/Run2017F/JetHT/AOD/17Nov2017-v1/50001/C2410CEF-9BDF-E711-935C-02163E01415B.root [1955,1646,1956,1647,1662,1663,1893,1894,1664,1897,1954,1661]
/store/data/Run2017F/JetHT/AOD/17Nov2017-v1/50001/C6EB0A47-9CDF-E711-BCAC-0242AC1C0502.root [1855,1858,1857]
/store/data/Run2017F/JetHT/AOD/17Nov2017-v1/50001/D490E9AD-99DF-E711-A86E-02163E013845.root [766,919,765,748,870,747,869,923]
/store/data/Run2017F/JetHT/AOD/17Nov2017-v1/50001/D8510157-A0DF-E711-B19D-02163E014126.root [666,699,712,665,711,700]
/store/data/Run2017F/JetHT/AOD/17Nov2017-v1/50001/DCAFEB51-9ADF-E711-962C-001E67E33C60.root [1841,1971,2034,2036,1969,2035,1842,1970,1843]
/store/data/Run2017F/JetHT/AOD/17Nov2017-v1/50001/E04AA0C2-99DF-E711-962F-0025905D1D00.root [1989,1990,1991]
/store/data/Run2017F/JetHT/AOD/17Nov2017-v1/50001/E20334C9-99DF-E711-A2B8-02163E01436E.root [1937,1655,1654,1939,1660,1938,1659]
/store/data/Run2017F/JetHT/AOD/17Nov2017-v1/50001/ECBC7BC7-9ADF-E711-B829-001E67397F2B.root [1009,1012,1008,1017,1013,1016]
/store/data/Run2017F/JetHT/AOD/17Nov2017-v1/50001/F021A5DE-9BDF-E711-B3CC-02163E0140F1.root [978,908,822,823,833,979,909,832]
/store/data/Run2017F/JetHT/AOD/17Nov2017-v1/50001/F440B437-98DF-E711-A64E-02163E01410C.root [1877,2048,1907,1879,2037,1638,1878,2021,2023,1639,2020,1908,2049,2022,1903,2038]
/store/data/Run2017F/JetHT/AOD/17Nov2017-v1/50002/0219278D-A3DF-E711-8BC7-02163E01A3B2.root [929,1078,1101,928,926,854,1077,1102,847]
/store/data/Run2017F/JetHT/AOD/17Nov2017-v1/50002/02F702CE-E4DF-E711-8FB0-02163E01A31E.root [764,763]
/store/data/Run2017F/JetHT/AOD/17Nov2017-v1/50002/040D127D-A0DF-E711-BD23-02163E0140F1.root [776,775,785,784,759,760,771,772]
/store/data/Run2017F/JetHT/AOD/17Nov2017-v1/50002/066569CD-C6DF-E711-AB9D-02163E01A6EC.root [1559,1562,1867,1868,1561,1698,1699,875,876,1866,1700]
/store/data/Run2017F/JetHT/AOD/17Nov2017-v1/50002/08C24A57-06E0-E711-B235-0CC47A78A440.root [1048,1049]
/store/data/Run2017F/JetHT/AOD/17Nov2017-v1/50002/0A390F5D-A0DF-E711-8EC5-02163E01A4F1.root [984,1066,985,997,996,1058,1059,1067]
/store/data/Run2017F/JetHT/AOD/17Nov2017-v1/50002/0EAB8DC3-C2DF-E711-9A4F-02163E01A5CC.root [791,1497,1494,755,756,790,1496]
/store/data/Run2017F/JetHT/AOD/17Nov2017-v1/50002/1222E7B4-9DDF-E711-BC6F-0CC47AF9B2CE.root [954,955,956]
/store/data/Run2017F/JetHT/AOD/17Nov2017-v1/50002/14CE2E0A-BCDF-E711-B932-02163E0134E4.root [720,687,688,845,719,846]
/store/data/Run2017F/JetHT/AOD/17Nov2017-v1/50002/182FDFD2-ABDF-E711-93F1-02163E019DC6.root [1946,1942,1945]
/store/data/Run2017F/JetHT/AOD/17Nov2017-v1/50002/18A6A888-A6DF-E711-896F-484D7E8DF0E0.root [1835,1836,1840]
/store/data/Run2017F/JetHT/AOD/17Nov2017-v1/50002/1C5B485C-06E0-E711-91DD-0025905B85D8.root [1451,1453,1452]
/store/data/Run2017F/JetHT/AOD/17Nov2017-v1/50002/1E130F89-A9DF-E711-B9FC-A0369FC5205C.root [1283,1276,1280,1190,1192,1191,1282,1284,1281]
/store/data/Run2017F/JetHT/AOD/17Nov2017-v1/50002/2228B28C-A3DF-E711-A010-A0369FC5FC9C.root [1904,1905,1906]
/store/data/Run2017F/JetHT/AOD/17Nov2017-v1/50002/2AEC8E7F-A3DF-E711-BCE5-02163E0135AB.root [1208,1233,1516,1393,1207,1394,1580,1234,1517,1579,1391,1515,1581]
/store/data/Run2017F/JetHT/AOD/17Nov2017-v1/50002/2E32D111-9EDF-E711-A66F-02163E011A23.root [1203,1204,1223,1252,1224,1568,1222,1251,1566,1225,1569]
/store/data/Run2017F/JetHT/AOD/17Nov2017-v1/50002/2E4FF75D-A0DF-E711-B2E5-02163E019C0E.root [704,698,701,697,702,703]
/store/data/Run2017F/JetHT/AOD/17Nov2017-v1/50002/32D988AE-A3DF-E711-950B-001E67E71C36.root [1782,2017,2006,2018,2019,1783,1785]
/store/data/Run2017F/JetHT/AOD/17Nov2017-v1/50002/34B9209D-AEDF-E711-8384-02163E011CF6.root [1182,1493,1491,1548,1249,1549,1183,1547,1248,1492]
/store/data/Run2017F/JetHT/AOD/17Nov2017-v1/50002/3873DE68-C1DF-E711-AAAF-02163E01A6EC.root [1571,1567,1570]
/store/data/Run2017F/JetHT/AOD/17Nov2017-v1/50002/38ACAA84-A0DF-E711-A3B0-A0369FC5FC9C.root [1306,1308,1307]
/store/data/Run2017F/JetHT/AOD/17Nov2017-v1/50002/3C879EA7-A5DF-E711-89EA-02163E0138B0.root [1715,1713,1714]
/store/data/Run2017F/JetHT/AOD/17Nov2017-v1/50002/403C5743-E3DF-E711-8A5A-001E677927FA.root [1744,1741,1740]
/store/data/Run2017F/JetHT/AOD/17Nov2017-v1/50002/4445363F-A6DF-E711-AA1A-02163E014339.root [1108,1498,1456,1611,1457,1610,1495,1512,1612,1454,1107,1614,1615]
/store/data/Run2017F/JetHT/AOD/17Nov2017-v1/50002/4616EE83-A9DF-E711-95E3-02163E01A41C.root [901,902,903]
/store/data/Run2017F/JetHT/AOD/17Nov2017-v1/50002/4694CDC3-9DDF-E711-92E9-02163E011DE2.root [1100,1106,1104,1115,1116,1103,1099,1105]
/store/data/Run2017F/JetHT/AOD/17Nov2017-v1/50002/4826C371-9DDF-E711-8AD6-A0369F7F8E80.root [1880,1876,1875]
/store/data/Run2017F/JetHT/AOD/17Nov2017-v1/50002/4A742E91-AEDF-E711-ABAA-02163E01441C.root [1117,953,1171,1172,1121,935,934]
/store/data/Run2017F/JetHT/AOD/17Nov2017-v1/50002/543E3014-C9DF-E711-AC64-02163E019C1B.root [777,778,672,707,671,708]
/store/data/Run2017F/JetHT/AOD/17Nov2017-v1/50002/5CA50490-A0DF-E711-ADF0-02163E01A36A.root [1081,1070,1089,1090,1085,1088,1091,1072]
/store/data/Run2017F/JetHT/AOD/17Nov2017-v1/50002/6081FA94-A7DF-E711-B940-FA163EDC1093.root [994,1156,995,1155]
/store/data/Run2017F/JetHT/AOD/17Nov2017-v1/50002/62017F1C-D3DF-E711-BC56-02163E01A6F4.root [664,663]
/store/data/Run2017F/JetHT/AOD/17Nov2017-v1/50002/62292F22-F0DF-E711-9501-02163E014409.root [987,986]
/store/data/Run2017F/JetHT/AOD/17Nov2017-v1/50002/641F598D-A9DF-E711-99E1-008CFA197D98.root [1414,1412,1413]
/store/data/Run2017F/JetHT/AOD/17Nov2017-v1/50002/6805EDF6-A3DF-E711-8292-0242AC1C0501.root [1002,1038,1003,1039]
/store/data/Run2017F/JetHT/AOD/17Nov2017-v1/50002/6C498292-9EDF-E711-B62D-44A842CFC971.root [1463,1468,1467]
/store/data/Run2017F/JetHT/AOD/17Nov2017-v1/50002/6C4C6A2A-ADDF-E711-B8A0-02163E01A248.root [1455,1458,658,1459,907,1356,1358,906,1357,657]
/store/data/Run2017F/JetHT/AOD/17Nov2017-v1/50002/6C9BC79A-D6DF-E711-88F1-02163E011B3F.root [1718,1721,1719]
/store/data/Run2017F/JetHT/AOD/17Nov2017-v1/50002/6E04E070-A0DF-E711-8306-02163E012075.root [792,960,793,958,874,957,873,887,888]
/store/data/Run2017F/JetHT/AOD/17Nov2017-v1/50002/707E0B76-A3DF-E711-B631-02163E0146E9.root [668,749,750,667]
/store/data/Run2017F/JetHT/AOD/17Nov2017-v1/50002/74256152-B2DF-E711-B54B-02163E0135F9.root [872,871,669,774,670,773]
/store/data/Run2017F/JetHT/AOD/17Nov2017-v1/50002/7856FCCF-AADF-E711-AF95-A4BF01125C30.root [1769,1763,1764]
/store/data/Run2017F/JetHT/AOD/17Nov2017-v1/50002/787D47B8-09E0-E711-8887-0CC47A4D7630.root [990,991]
/store/data/Run2017F/JetHT/AOD/17Nov2017-v1/50002/788EFEF2-F2DF-E711-9279-02163E01A6EB.root [684,683]
/store/data/Run2017F/JetHT/AOD/17Nov2017-v1/50002/7C1CA882-B4DF-E711-9743-02163E01A480.root [779,780,881,739,886,743,744,740]
/store/data/Run2017F/JetHT/AOD/17Nov2017-v1/50002/7E1B8C98-A5DF-E711-B6AE-A0369FC5FC9C.root [1296,1313,1314,1275,1271,1297,1312,1274,1294]
/store/data/Run2017F/JetHT/AOD/17Nov2017-v1/50002/805C8C17-B1DF-E711-B68B-02163E01A4E7.root [681,682]
/store/data/Run2017F/JetHT/AOD/17Nov2017-v1/50002/80EBC86A-ABDF-E711-B52F-A0369FC5B84C.root [974,1262,1264,975,1217,1218,977,1261,1215]
/store/data/Run2017F/JetHT/AOD/17Nov2017-v1/50002/84E46B15-B6DF-E711-90A1-02163E011A1D.root [695,1230,1418,696,1205,1229,1416,1417,1206]
/store/data/Run2017F/JetHT/AOD/17Nov2017-v1/50002/84F9F7C5-B9DF-E711-AFC2-02163E011DE2.root [1511,866,863,1513,1514]
/store/data/Run2017F/JetHT/AOD/17Nov2017-v1/50002/8693F8A7-A9DF-E711-BB42-02163E011F14.root [1902,2046,2045,1900,2047,1901]
/store/data/Run2017F/JetHT/AOD/17Nov2017-v1/50002/8876C5F1-C1DF-E711-B461-02163E011F25.root [722,828,1364,1359,1363,829,721]
/store/data/Run2017F/JetHT/AOD/17Nov2017-v1/50002/921551F2-A5DF-E711-83C8-02163E01A286.root [840,915,1097,1098,914,920,913,916,839]
/store/data/Run2017F/JetHT/AOD/17Nov2017-v1/50002/928F7F77-AFDF-E711-8889-A0369FC5B56C.root [1301,1302,1300]
/store/data/Run2017F/JetHT/AOD/17Nov2017-v1/50002/9652C7BF-A3DF-E711-ABC6-02163E019B1E.root [686,685,727,728]
/store/data/Run2017F/JetHT/AOD/17Nov2017-v1/50002/96626C65-A3DF-E711-BA21-02163E011850.root [812,841,831,834,813,830,844,835]
/store/data/Run2017F/JetHT/AOD/17Nov2017-v1/50002/9A0A3B89-CDDF-E711-8218-02163E012485.root [1474,1471,1473]
/store/data/Run2017F/JetHT/AOD/17Nov2017-v1/50002/9AA06962-A3DF-E711-AA53-02163E01A2C7.root [769,879,838,857,880,836,770,837,860]
/store/data/Run2017F/JetHT/AOD/17Nov2017-v1/50002/9C319690-A1DF-E711-AAAC-44A842CFC9D9.root [861,910,1996,2002,912,1060,1061,862,911,1995]
/store/data/Run2017F/JetHT/AOD/17Nov2017-v1/50002/9CF834F7-9DDF-E711-8703-02163E0136F5.root [818,827,796,797,856,826,819,855]
/store/data/Run2017F/JetHT/AOD/17Nov2017-v1/50002/A057A0D8-CADF-E711-B7BB-02163E011808.root [1292,1285,1293]
/store/data/Run2017F/JetHT/AOD/17Nov2017-v1/50002/A060268A-A3DF-E711-9410-A0369FC51AE4.root [1350,1368,1343,1345,1355,1415,1424,1346,1354,1366,1425,1365]
/store/data/Run2017F/JetHT/AOD/17Nov2017-v1/50002/A0C9655A-A3DF-E711-B719-02163E01A63C.root [809,789,799,803,798,808,788,802]
/store/data/Run2017F/JetHT/AOD/17Nov2017-v1/50002/A0F6669B-9DDF-E711-BEC9-02163E0144F2.root [988,989,1062,867,899,900,868,1063]
/store/data/Run2017F/JetHT/AOD/17Nov2017-v1/50002/A27244A9-A2DF-E711-A51A-6C3BE5B51238.root [930,927,931]
/store/data/Run2017F/JetHT/AOD/17Nov2017-v1/50002/A2B902A3-A3DF-E711-9DA8-02163E019CF4.root [1574,966,967,1572,976,1055,1054,1170,1573,1169]
/store/data/Run2017F/JetHT/AOD/17Nov2017-v1/50002/A4A4D98D-A9DF-E711-A4C9-008CFA197D98.root [1130,1122,1024,1025,1123]
/store/data/Run2017F/JetHT/AOD/17Nov2017-v1/50002/A4E4D6DA-00E0-E711-84A3-003048FFD75A.root [1845,1848,1770,1771,1772,1844]
/store/data/Run2017F/JetHT/AOD/17Nov2017-v1/50002/A863613F-BCDF-E711-A007-02163E019DA5.root [1550,1555,1556]
/store/data/Run2017F/JetHT/AOD/17Nov2017-v1/50002/A89FA4FC-ACDF-E711-A2D0-02163E01A4F1.root [1475,1527,1477,1528,1529,1476,1525,1753,1526,1530,1754]
/store/data/Run2017F/JetHT/AOD/17Nov2017-v1/50002/AE2BBBF0-ABDF-E711-A5B8-FA163EA79471.root [1018,1019]
/store/data/Run2017F/JetHT/AOD/17Nov2017-v1/50002/AE83B471-CFDF-E711-B893-02163E014542.root [1076,1071]
/store/data/Run2017F/JetHT/AOD/17Nov2017-v1/50002/B09F47B8-09E0-E711-B80E-0CC47A4D7630.root [1014,1775,1784,1068,1015,1026,1027,1069,1781]
/store/data/Run2017F/JetHT/AOD/17Nov2017-v1/50002/B2B9B037-A1DF-E711-8DE8-C4346BBCB408.root [1052,1053]
/store/data/Run2017F/JetHT/AOD/17Nov2017-v1/50002/B8D0B0D3-A6DF-E711-B9B5-7CD30AD094B4.root [1757,1758,1759,1761,1762,1760]
/store/data/Run2017F/JetHT/AOD/17Nov2017-v1/50002/B8DD9A64-ABDF-E711-93F9-A0369FC5E094.root [1381,1382,1375]
/store/data/Run2017F/JetHT/AOD/17Nov2017-v1/50002/BA0AAEEE-9DDF-E711-945E-02163E019C70.root [1602,1601,1889,1658,1873,1629,1632,1657,1874,1871,1884,1890]
/store/data/Run2017F/JetHT/AOD/17Nov2017-v1/50002/BAA7A283-A9DF-E711-917D-02163E011EA1.root [1469,1478,1481,1683,1472,1681,1480,1560,1470,1557,1558,1682]
/store/data/Run2017F/JetHT/AOD/17Nov2017-v1/50002/C204CF8E-B2DF-E711-B155-02163E01A6BB.root [1389,1988,1968,1965,1966,1994,1987,1993,1390,1392,1967,1992]
/store/data/Run2017F/JetHT/AOD/17Nov2017-v1/50002/C2B0D098-A5DF-E711-8FBA-A0369FC5FC9C.root [1167,1220,1168,992,1166,1265,1266,1263,993,1219,1221]
/store/data/Run2017F/JetHT/AOD/17Nov2017-v1/50002/C4EF54CB-ADDF-E711-A6D3-001E6779259E.root [1387,1739,1383,1388,1738,1737]
/store/data/Run2017F/JetHT/AOD/17Nov2017-v1/50002/C6E35F47-D1DF-E711-B0A4-02163E019DE4.root [800,801]
/store/data/Run2017F/JetHT/AOD/17Nov2017-v1/50002/C86E7E95-A5DF-E711-836A-A0369FC5205C.root [1329,1347,1348,1349,1466,1326,1465,1464,1328]
/store/data/Run2017F/JetHT/AOD/17Nov2017-v1/50002/CA81F8E4-CBDF-E711-94D5-02163E011BEA.root [898,889]
/store/data/Run2017F/JetHT/AOD/17Nov2017-v1/50002/CAD46D8F-A4DF-E711-9A0D-A0369FC51A44.root [1295,1748,1298,1332,1333,1891,1892,1334,1746,1747,1299,1896]
/store/data/Run2017F/JetHT/AOD/17Nov2017-v1/50002/D02B3AF2-BDDF-E711-A290-02163E0142D2.root [924,925,1135,1134]
/store/data/Run2017F/JetHT/AOD/17Nov2017-v1/50002/D2ED616A-A0DF-E711-A375-02163E011883.root [1518,1523,1524,1160,1564,1159,1563,1565]
/store/data/Run2017F/JetHT/AOD/17Nov2017-v1/50002/D42FBC04-A4DF-E711-9FCD-02163E019BB0.root [1742,1745,1689,1684,1743,1690]
/store/data/Run2017F/JetHT/AOD/17Nov2017-v1/50002/DAEC92A0-A5DF-E711-AFA9-008CFA56D8E8.root [959,1319,965,1260,1324,1325,961,1259,1258]
/store/data/Run2017F/JetHT/AOD/17Nov2017-v1/50002/E05E0C60-A4DF-E711-840C-44A842CFC9D9.root [1941,1944,1940]
/store/data/Run2017F/JetHT/AOD/17Nov2017-v1/50002/E09AED6E-A0DF-E711-95CF-02163E011D21.root [661,662]
/store/data/Run2017F/JetHT/AOD/17Nov2017-v1/50002/E6DE0DD1-B0DF-E711-98F6-02163E0136C1.root [878,1395,1653,877,1656,1411,1396]
/store/data/Run2017F/JetHT/AOD/17Nov2017-v1/50002/E849E15D-06E0-E711-9613-0025905A60F2.root [1838,1837,1839]
/store/data/Run2017F/JetHT/AOD/17Nov2017-v1/50002/E876B587-A9DF-E711-8341-44A842CFCA1A.root [1036,1037]
/store/data/Run2017F/JetHT/AOD/17Nov2017-v1/50002/EA32B519-B4DF-E711-91BD-02163E019CD2.root [723,717,724,718]
/store/data/Run2017F/JetHT/AOD/17Nov2017-v1/50002/EA44A7FF-ABDF-E711-9C47-02163E0136F5.root [1444,1479,1488,1588,1604,1609,1445,1582,1587,1446,1603,1482]
/store/data/Run2017F/JetHT/AOD/17Nov2017-v1/50002/EAFD49E5-ABDF-E711-87FA-02163E019D6A.root [1342,825,1344,810,1232,811,824,1335,1231]
/store/data/Run2017F/JetHT/AOD/17Nov2017-v1/50002/EEBC2EA6-D9DF-E711-B343-02163E01A78D.root [1310,1716,1311,1717,1309,1720]
/store/data/Run2017F/JetHT/AOD/17Nov2017-v1/50002/F05849A4-A0DF-E711-A346-02163E0142CA.root [715,725,716,726,709,710]
/store/data/Run2017F/JetHT/AOD/17Nov2017-v1/50002/F20DC965-9EDF-E711-BD42-02163E011BEA.root [1137,1173,1176,1138,1158,1177,1136,1144,1174,1157]
/store/data/Run2017F/JetHT/AOD/17Nov2017-v1/50002/F2900822-C5DF-E711-B3B5-02163E0146E9.root [742,741]
/store/data/Run2017F/JetHT/AOD/17Nov2017-v1/50002/F29A4676-C4DF-E711-AE0D-02163E01462A.root [1367,807,806,786,1376,787,1377]
/store/data/Run2017F/JetHT/AOD/17Nov2017-v1/50002/F6CFA7B9-A5DF-E711-89F8-02163E011B51.root [761,762,816,817]
/store/data/Run2017F/JetHT/AOD/17Nov2017-v1/50002/F8E38172-A2DF-E711-B642-A0369F7F8E80.root [1462,1460,1330,1881,1898,1895,1327,1331,1899,1882,1883,1461]
/store/data/Run2017F/JetHT/AOD/17Nov2017-v1/50002/FC977C8C-B7DF-E711-8ECD-02163E01A394.root [679,1489,1490,680,1487]
/store/data/Run2017F/JetHT/AOD/17Nov2017-v1/50003/3ED24E79-3FE0-E711-AC6F-001E67E6F90E.root [1133,1132,1131]
/store/data/Run2017F/JetHT/AOD/17Nov2017-v1/50003/9E99C8A6-11E0-E711-AB3A-02163E01A285.root [1691,1692,1697]
/store/data/Run2017F/JetHT/AOD/17Nov2017-v1/70000/0054D144-36DF-E711-B074-02163E01A47B.root [245,37,36,239]
/store/data/Run2017F/JetHT/AOD/17Nov2017-v1/70000/024FED5C-00DF-E711-A87B-02163E011AD6.root [515,530,531,514,524,525]
/store/data/Run2017F/JetHT/AOD/17Nov2017-v1/70000/0435B5D0-40DF-E711-89F4-02163E01A632.root [1600,1618,2039,1644,1649,1596,2043,1619]
/store/data/Run2017F/JetHT/AOD/17Nov2017-v1/70000/04A7A09B-36DF-E711-8AD9-02163E01A335.root [34,31,33,35]
/store/data/Run2017F/JetHT/AOD/17Nov2017-v1/70000/04C542B7-5ADF-E711-A398-0025905C54B8.root [171,78,80,170]
/store/data/Run2017F/JetHT/AOD/17Nov2017-v1/70000/08235AC1-40DF-E711-AEC0-02163E01A46F.root [1141,1228,1323,1140,1163,1227,1322,1164,1179,1180]
/store/data/Run2017F/JetHT/AOD/17Nov2017-v1/70000/0A35757E-36DF-E711-9B2E-A4BF01125B90.root [128,129,134,135]
/store/data/Run2017F/JetHT/AOD/17Nov2017-v1/70000/0A4C61AD-40DF-E711-B1D3-02163E0142FE.root [571,572,575,577]
/store/data/Run2017F/JetHT/AOD/17Nov2017-v1/70000/0AA770BB-40DF-E711-A5D6-02163E01A44E.root [88,86,91,90]
/store/data/Run2017F/JetHT/AOD/17Nov2017-v1/70000/0AB930A7-00DF-E711-ABE1-02163E01A45C.root [519,373,547,546,374,521]
/store/data/Run2017F/JetHT/AOD/17Nov2017-v1/70000/0CACB82C-49DF-E711-A0CB-02163E01A438.root [641,492,493,642]
/store/data/Run2017F/JetHT/AOD/17Nov2017-v1/70000/12539A92-C2DF-E711-8309-3417EBE643CC.root [176,353,177,352]
/store/data/Run2017F/JetHT/AOD/17Nov2017-v1/70000/12B23A1D-DEDF-E711-A2D0-0242AC1C0500.root [1153,1151]
/store/data/Run2017F/JetHT/AOD/17Nov2017-v1/70000/144ABE5B-00DF-E711-843E-02163E014355.root [512,497,513,495,510,511]
/store/data/Run2017F/JetHT/AOD/17Nov2017-v1/70000/16616E85-49DF-E711-AE00-02163E01A54C.root [629,627,488,628,486,630]
/store/data/Run2017F/JetHT/AOD/17Nov2017-v1/70000/1829EA9E-3FDF-E711-BCAB-44A842CFC97E.root [1245,1244,1246,1253]
/store/data/Run2017F/JetHT/AOD/17Nov2017-v1/70000/18F95B10-41DF-E711-A901-02163E019DCE.root [753,767,751,730,731,781,852,782,851]
/store/data/Run2017F/JetHT/AOD/17Nov2017-v1/70000/1A75211A-49DF-E711-8491-02163E01A339.root [232,233,272,262]
/store/data/Run2017F/JetHT/AOD/17Nov2017-v1/70000/1A91B7C5-36DF-E711-9527-6C3BE5B5A4C8.root [1255,1626,1254,1286,1627,1288]
/store/data/Run2017F/JetHT/AOD/17Nov2017-v1/70000/1C612CAE-48DF-E711-AA41-02163E0146F7.root [273,280,278,270]
/store/data/Run2017F/JetHT/AOD/17Nov2017-v1/70000/2036144B-36DF-E711-A8C4-A4BF0112BCE0.root [139,138,152,153]
/store/data/Run2017F/JetHT/AOD/17Nov2017-v1/70000/20EADF9C-00DF-E711-BF7F-02163E019CAA.root [604,600,615,599,616,603]
/store/data/Run2017F/JetHT/AOD/17Nov2017-v1/70000/22BE3A91-BCDF-E711-9C87-7CD30AD094B4.root [174,175]
/store/data/Run2017F/JetHT/AOD/17Nov2017-v1/70000/241BAC55-00DF-E711-99CB-02163E0136C9.root [216,265,263,217]
/store/data/Run2017F/JetHT/AOD/17Nov2017-v1/70000/2AB2ABB6-48DF-E711-B98C-02163E019BB1.root [358,365,364,359]
/store/data/Run2017F/JetHT/AOD/17Nov2017-v1/70000/2C2C3637-49DF-E711-BB5E-02163E01A689.root [434,419,435,420,421,418]
/store/data/Run2017F/JetHT/AOD/17Nov2017-v1/70000/2C33261E-93DF-E711-8E8B-008CFAFBE880.root [1317,1321,158,159]
/store/data/Run2017F/JetHT/AOD/17Nov2017-v1/70000/2CAC229C-40DF-E711-8EBE-02163E014165.root [644,648,647,643]
/store/data/Run2017F/JetHT/AOD/17Nov2017-v1/70000/2E4A4BAF-5FDF-E711-B9C6-02163E01A5C3.root [507,483,307,506,482,303]
/store/data/Run2017F/JetHT/AOD/17Nov2017-v1/70000/2E649684-0CDF-E711-9DF1-3417EBE34CF9.root [465,466]
/store/data/Run2017F/JetHT/AOD/17Nov2017-v1/70000/2EE27D08-41DF-E711-B36A-02163E01A1C4.root [1083,1095,859,864,1094,1082,1084,1096]
/store/data/Run2017F/JetHT/AOD/17Nov2017-v1/70000/3010F24F-00DF-E711-8741-02163E01461C.root [288,333,286,332]
/store/data/Run2017F/JetHT/AOD/17Nov2017-v1/70000/306E5501-BADF-E711-8987-008CFAF228FA.root [179,180,181,178]
/store/data/Run2017F/JetHT/AOD/17Nov2017-v1/70000/3208226D-36DF-E711-A9F2-02163E014229.root [338,343,339,342]
/store/data/Run2017F/JetHT/AOD/17Nov2017-v1/70000/32501834-36DF-E711-BE2D-02163E01A783.root [451,450,496,378,379,494]
/store/data/Run2017F/JetHT/AOD/17Nov2017-v1/70000/36010415-46DF-E711-95BC-FA163ED435B4.root [1044,1074,1075,983]
/store/data/Run2017F/JetHT/AOD/17Nov2017-v1/70000/36014691-00DF-E711-BB1D-02163E01A1C6.root [611,612,614,605,606,613]
/store/data/Run2017F/JetHT/AOD/17Nov2017-v1/70000/3A065D5E-36DF-E711-ACA5-02163E01A59A.root [354,631,355,1125,634,1126]
/store/data/Run2017F/JetHT/AOD/17Nov2017-v1/70000/3ADDF0C5-36DF-E711-8629-02163E01476D.root [105,127,126,103]
/store/data/Run2017F/JetHT/AOD/17Nov2017-v1/70000/3C0FADFA-48DF-E711-8FB6-02163E019DF5.root [221,220,225,224]
/store/data/Run2017F/JetHT/AOD/17Nov2017-v1/70000/3E266359-61DF-E711-ADF8-00266CFFC948.root [337,314,336]
/store/data/Run2017F/JetHT/AOD/17Nov2017-v1/70000/3E3DCA6A-36DF-E711-847B-02163E01364A.root [736,276,334,734,335,277]
/store/data/Run2017F/JetHT/AOD/17Nov2017-v1/70000/40A2B7FE-48DF-E711-A315-02163E019CAD.root [360,403,402,361]
/store/data/Run2017F/JetHT/AOD/17Nov2017-v1/70000/40C5C7D4-44DF-E711-9B8E-02163E013693.root [62,97,64,95]
/store/data/Run2017F/JetHT/AOD/17Nov2017-v1/70000/4609F284-0CDF-E711-B07C-3417EBE34CF9.root [472,470,462,464,940,941,942]
/store/data/Run2017F/JetHT/AOD/17Nov2017-v1/70000/46C98C0B-49DF-E711-BA3F-02163E019D1E.root [380,399,400,398,401,381]
/store/data/Run2017F/JetHT/AOD/17Nov2017-v1/70000/4A85FCA9-48DF-E711-A109-02163E014297.root [331,330,317,316]
/store/data/Run2017F/JetHT/AOD/17Nov2017-v1/70000/50B20D03-60DF-E711-9D47-02163E0136C8.root [884,1118,1196,1197,843,848,883,1120]
/store/data/Run2017F/JetHT/AOD/17Nov2017-v1/70000/5275690D-49DF-E711-BFE9-02163E01A288.root [164,65,165,63]
/store/data/Run2017F/JetHT/AOD/17Nov2017-v1/70000/5675EE46-36DF-E711-BCCC-02163E014702.root [853,783,858,794,972,849,850,970,971]
/store/data/Run2017F/JetHT/AOD/17Nov2017-v1/70000/58CBAA8C-40DF-E711-8206-02163E01A1B7.root [40,38,42,43]
/store/data/Run2017F/JetHT/AOD/17Nov2017-v1/70000/5C5C8B1C-B8DF-E711-B15C-3417EBE64402.root [157,156]
/store/data/Run2017F/JetHT/AOD/17Nov2017-v1/70000/601A9D84-36DF-E711-A551-02163E019C95.root [1651,1704,1707,1650,1694,1702,1701,1706,1693,1695]
/store/data/Run2017F/JetHT/AOD/17Nov2017-v1/70000/6040F953-49DF-E711-BF69-02163E019C51.root [117,108,116,109]
/store/data/Run2017F/JetHT/AOD/17Nov2017-v1/70000/622F42B8-00DF-E711-AAF4-02163E01A27A.root [905,904,917]
/store/data/Run2017F/JetHT/AOD/17Nov2017-v1/70000/66D87702-BADF-E711-89BB-3417EBE64BE8.root [426,427]
/store/data/Run2017F/JetHT/AOD/17Nov2017-v1/70000/68831C9D-41DF-E711-929A-02163E013985.root [26,27,32,30]
/store/data/Run2017F/JetHT/AOD/17Nov2017-v1/70000/6A2654B7-45DF-E711-AF26-FA163E14E647.root [1114,1113,1185,1184]
/store/data/Run2017F/JetHT/AOD/17Nov2017-v1/70000/6A5FEB8C-40DF-E711-A5E7-44A842CF0571.root [429,428]
/store/data/Run2017F/JetHT/AOD/17Nov2017-v1/70000/7039B14B-04DF-E711-AEAC-001E6779238C.root [980,981,951]
/store/data/Run2017F/JetHT/AOD/17Nov2017-v1/70000/72794CE0-5FDF-E711-840F-02163E0118D7.root [706,804,795,752,714,713,735,729]
/store/data/Run2017F/JetHT/AOD/17Nov2017-v1/70000/72958997-40DF-E711-8F0F-02163E011875.root [241,206,207,238]
/store/data/Run2017F/JetHT/AOD/17Nov2017-v1/70000/72995DD5-48DF-E711-8176-02163E0146DF.root [223,218,219,222]
/store/data/Run2017F/JetHT/AOD/17Nov2017-v1/70000/7415FF4E-00DF-E711-BDAC-02163E011CA1.root [584,578,580,583,581,582]
/store/data/Run2017F/JetHT/AOD/17Nov2017-v1/70000/74D68B2F-09DF-E711-AE27-484D7E8DF0E0.root [574,569]
/store/data/Run2017F/JetHT/AOD/17Nov2017-v1/70000/76185222-48DF-E711-8CB7-001F2908CE36.root [141,140]
/store/data/Run2017F/JetHT/AOD/17Nov2017-v1/70000/76DC60FF-10DF-E711-8D88-FA163ED96C6A.root [485,457,455,479,481,484]
/store/data/Run2017F/JetHT/AOD/17Nov2017-v1/70000/7AA44BD7-40DF-E711-B42D-02163E019DA2.root [281,279,249,247]
/store/data/Run2017F/JetHT/AOD/17Nov2017-v1/70000/7ACB56FC-48DF-E711-B21A-02163E019B6F.root [17,48,19,46]
/store/data/Run2017F/JetHT/AOD/17Nov2017-v1/70000/7E18F6E4-10DF-E711-B03C-FA163EB695F4.root [460,461,487,489]
/store/data/Run2017F/JetHT/AOD/17Nov2017-v1/70000/8212F2A8-48DF-E711-AAC9-02163E01437B.root [208,203,209,202]
/store/data/Run2017F/JetHT/AOD/17Nov2017-v1/70000/822E3A48-36DF-E711-9D80-02163E01A1FF.root [227,252,256,226]
/store/data/Run2017F/JetHT/AOD/17Nov2017-v1/70000/826519FF-36DF-E711-BFE3-02163E019BA3.root [508,509,503,526,528,505]
/store/data/Run2017F/JetHT/AOD/17Nov2017-v1/70000/84EA026C-FFDE-E711-A7A7-001CC4A6CC32.root [93,92,73,71]
/store/data/Run2017F/JetHT/AOD/17Nov2017-v1/70000/88234226-41DF-E711-9C2C-02163E01464F.root [385,383,346,344,345,347]
/store/data/Run2017F/JetHT/AOD/17Nov2017-v1/70000/8AD8B295-36DF-E711-BA8A-02163E019CD4.root [1597,1608,1625,1607,1624,1620,1628,1598,1623,1641,1599,1617]
/store/data/Run2017F/JetHT/AOD/17Nov2017-v1/70000/90F9D830-E4DF-E711-A5FD-008CFAF52120.root [632,890,892,891,579,633]
/store/data/Run2017F/JetHT/AOD/17Nov2017-v1/70000/921139E7-40DF-E711-A77C-02163E014315.root [244,248,301,271]
/store/data/Run2017F/JetHT/AOD/17Nov2017-v1/70000/9247897F-40DF-E711-B523-02163E0142D3.root [705,655,694,689,659,678]
/store/data/Run2017F/JetHT/AOD/17Nov2017-v1/70000/94722791-40DF-E711-9F20-02163E014242.root [443,415,437,442,436,417]
/store/data/Run2017F/JetHT/AOD/17Nov2017-v1/70000/947AD9C2-40DF-E711-A9D4-02163E013706.root [123,214,215,122]
/store/data/Run2017F/JetHT/AOD/17Nov2017-v1/70000/98029A30-09DF-E711-901A-44A842CFC98B.root [473,471]
/store/data/Run2017F/JetHT/AOD/17Nov2017-v1/70000/9872077B-36DF-E711-B7D8-02163E013924.root [535,537,502,504]
/store/data/Run2017F/JetHT/AOD/17Nov2017-v1/70000/98D08E40-36DF-E711-BBD1-02163E0145DF.root [104,87,101,89]
/store/data/Run2017F/JetHT/AOD/17Nov2017-v1/70000/98F45375-36DF-E711-BA37-A4BF0112BCE0.root [1688,1668]
/store/data/Run2017F/JetHT/AOD/17Nov2017-v1/70000/9A9BBEE8-36DF-E711-8710-02163E013419.root [541,544,567,542,540,568]
/store/data/Run2017F/JetHT/AOD/17Nov2017-v1/70000/9AD43836-09DF-E711-8E40-02163E01A29B.root [310,312]
/store/data/Run2017F/JetHT/AOD/17Nov2017-v1/70000/9C3BDBEB-10DF-E711-B887-FA163E4D2241.root [469,463]
/store/data/Run2017F/JetHT/AOD/17Nov2017-v1/70000/9C7FBF63-E9DE-E711-870C-02163E01A4E1.root [306]
/store/data/Run2017F/JetHT/AOD/17Nov2017-v1/70000/9CD10F8D-40DF-E711-A3B3-02163E01239A.root [559,529,560,538,539,527]
/store/data/Run2017F/JetHT/AOD/17Nov2017-v1/70000/9E6AB4AE-48DF-E711-BE5A-02163E0139B6.root [414,416,430,432,404,405]
/store/data/Run2017F/JetHT/AOD/17Nov2017-v1/70000/A0464B83-36DF-E711-9DF7-02163E01A73C.root [1111,1186,1235,1189,1112,1187,1236,1595,1188,1594]
/store/data/Run2017F/JetHT/AOD/17Nov2017-v1/70000/A4718116-93DF-E711-BC8F-3417EBE64519.root [1685,1240,1667,1666,1686,1237]
/store/data/Run2017F/JetHT/AOD/17Nov2017-v1/70000/A4EE782B-41DF-E711-8DE1-02163E012A2F.root [476,439,441,474,475,477]
/store/data/Run2017F/JetHT/AOD/17Nov2017-v1/70000/A614705F-5CDF-E711-A2BC-0025905C3DF8.root [467,552,468]
/store/data/Run2017F/JetHT/AOD/17Nov2017-v1/70000/AAEB2E9A-00DF-E711-B744-02163E01A5D6.root [556,554,557,553,555,558]
/store/data/Run2017F/JetHT/AOD/17Nov2017-v1/70000/AC82B78D-40DF-E711-B844-02163E014220.root [53,28,29,52]
/store/data/Run2017F/JetHT/AOD/17Nov2017-v1/70000/ACE5DE5F-5CDF-E711-AFE9-0025905C3DF8.root [1696,1119,1124,1242,1243,1687]
/store/data/Run2017F/JetHT/AOD/17Nov2017-v1/70000/AE7AEDC3-48DF-E711-938B-02163E011BA4.root [293,292,318,320]
/store/data/Run2017F/JetHT/AOD/17Nov2017-v1/70000/AEB9BD16-46DF-E711-8006-FA163E3FAC87.root [1110,1109]
/store/data/Run2017F/JetHT/AOD/17Nov2017-v1/70000/AEF06ED9-40DF-E711-8BD7-02163E019BD0.root [518,520,444,445,498,499]
/store/data/Run2017F/JetHT/AOD/17Nov2017-v1/70000/B07CF18C-36DF-E711-8754-02163E01A2B5.root [622,897,893,896,621]
/store/data/Run2017F/JetHT/AOD/17Nov2017-v1/70000/B4CD0ACD-41DF-E711-9F8D-02163E01473B.root [212,193,192,213]
/store/data/Run2017F/JetHT/AOD/17Nov2017-v1/70000/B6213608-49DF-E711-B894-02163E01A512.root [371,407,409,370]
/store/data/Run2017F/JetHT/AOD/17Nov2017-v1/70000/B6242CD1-36DF-E711-8B14-A4BF0112BBEC.root [173,160,161,172]
/store/data/Run2017F/JetHT/AOD/17Nov2017-v1/70000/B6C51E2C-43DF-E711-BE49-00266CFFBED8.root [269,268]
/store/data/Run2017F/JetHT/AOD/17Nov2017-v1/70000/B8263363-49DF-E711-9059-02163E01A25B.root [501,532,549,500,533,548]
/store/data/Run2017F/JetHT/AOD/17Nov2017-v1/70000/B83AE4C6-48DF-E711-B8F5-02163E011A1E.root [20,21]
/store/data/Run2017F/JetHT/AOD/17Nov2017-v1/70000/B8C5C234-49DF-E711-9FA0-02163E0143AA.root [311,299,298,315]
/store/data/Run2017F/JetHT/AOD/17Nov2017-v1/70000/BA0A2C2F-44DF-E711-98F0-FA163E72B16A.root [70,72]
/store/data/Run2017F/JetHT/AOD/17Nov2017-v1/70000/BC1B6207-37DF-E711-90C1-02163E01447B.root [5,6]
/store/data/Run2017F/JetHT/AOD/17Nov2017-v1/70000/BC369A90-00DF-E711-8065-02163E013827.root [626,922,932,933,918,625,921,936]
/store/data/Run2017F/JetHT/AOD/17Nov2017-v1/70000/BCCF808F-36DF-E711-B079-02163E01A322.root [58,59]
/store/data/Run2017F/JetHT/AOD/17Nov2017-v1/70000/BE4C69BB-48DF-E711-9B1E-02163E01A53C.root [189,188,195,194]
/store/data/Run2017F/JetHT/AOD/17Nov2017-v1/70000/BE5B0286-49DF-E711-BCB0-02163E014152.root [124,125,190,191]
/store/data/Run2017F/JetHT/AOD/17Nov2017-v1/70000/BEE6FB69-6DDF-E711-9F83-0025904C51FE.root [75,74]
/store/data/Run2017F/JetHT/AOD/17Nov2017-v1/70000/C03AE7DC-40DF-E711-8EF0-02163E01A63B.root [230,231,243,242]
/store/data/Run2017F/JetHT/AOD/17Nov2017-v1/70000/C2A90689-36DF-E711-80AD-02163E01A773.root [431,267,266,433]
/store/data/Run2017F/JetHT/AOD/17Nov2017-v1/70000/C641A815-49DF-E711-8002-02163E01348F.root [290,291,294,296]
/store/data/Run2017F/JetHT/AOD/17Nov2017-v1/70000/C806FDA4-48DF-E711-85E3-02163E011DA8.root [187,186]
/store/data/Run2017F/JetHT/AOD/17Nov2017-v1/70000/C8C3B6C7-40DF-E711-A624-02163E011F25.root [656,413,326,412,328,653]
/store/data/Run2017F/JetHT/AOD/17Nov2017-v1/70000/CA822109-BADF-E711-B5C3-008CFAFBDC0E.root [425,182,183,423]
/store/data/Run2017F/JetHT/AOD/17Nov2017-v1/70000/CA9A1DA6-40DF-E711-AAA1-02163E0133B5.root [113,112]
/store/data/Run2017F/JetHT/AOD/17Nov2017-v1/70000/CC923261-08DF-E711-B6EE-02163E011D04.root [449,447,448,446]
/store/data/Run2017F/JetHT/AOD/17Nov2017-v1/70000/CCE0CD76-B8DF-E711-9FEC-7845C4FC371F.root [142,143,154,155]
/store/data/Run2017F/JetHT/AOD/17Nov2017-v1/70000/CE8D1716-49DF-E711-B02D-02163E01A335.root [300,297,295,304]
/store/data/Run2017F/JetHT/AOD/17Nov2017-v1/70000/D06ED97E-40DF-E711-B4FD-02163E0146D9.root [591,592]
/store/data/Run2017F/JetHT/AOD/17Nov2017-v1/70000/D0B6DAAC-5FDF-E711-A433-02163E019B2F.root [517,660,516,692,693,673]
/store/data/Run2017F/JetHT/AOD/17Nov2017-v1/70000/D22957B4-48DF-E711-9A3F-02163E0146B0.root [246,234,251,240]
/store/data/Run2017F/JetHT/AOD/17Nov2017-v1/70000/D22CF0CF-36DF-E711-9CB1-001E67E71BAA.root [82,83,66,67]
/store/data/Run2017F/JetHT/AOD/17Nov2017-v1/70000/D2DD40C6-48DF-E711-8E3F-02163E019B70.root [111,110]
/store/data/Run2017F/JetHT/AOD/17Nov2017-v1/70000/D4765082-00DF-E711-8806-02163E019CD4.root [610,564,596,609,563,595]
/store/data/Run2017F/JetHT/AOD/17Nov2017-v1/70000/D4BF29D4-B8DF-E711-848E-008CFAFC0122.root [84,81,85,79]
/store/data/Run2017F/JetHT/AOD/17Nov2017-v1/70000/D611CE55-94DF-E711-AAA4-0025905C54C4.root [302,305]
/store/data/Run2017F/JetHT/AOD/17Nov2017-v1/70000/D63606B7-08DF-E711-A268-44A842CFD640.root [96,94]
/store/data/Run2017F/JetHT/AOD/17Nov2017-v1/70000/D8B402B9-48DF-E711-91BB-02163E011F3D.root [363,366,367,362]
/store/data/Run2017F/JetHT/AOD/17Nov2017-v1/70000/DAD6F98C-36DF-E711-8EFF-A4BF01125558.root [585,586]
/store/data/Run2017F/JetHT/AOD/17Nov2017-v1/70000/DC3B2B03-41DF-E711-BC29-02163E01A291.root [51,50,57,55]
/store/data/Run2017F/JetHT/AOD/17Nov2017-v1/70000/DC8BD32C-01DF-E711-8570-00266CFFBF64.root [939,938,651,937]
/store/data/Run2017F/JetHT/AOD/17Nov2017-v1/70000/DCA733AA-48DF-E711-8C7F-02163E01350B.root [254,261,253,250]
/store/data/Run2017F/JetHT/AOD/17Nov2017-v1/70000/DCBFE12C-41DF-E711-883F-02163E014428.root [60,115,114,61]
/store/data/Run2017F/JetHT/AOD/17Nov2017-v1/70000/DCC6F3C9-08DF-E711-BB1F-02163E01A4FE.root [229,452,228,453]
/store/data/Run2017F/JetHT/AOD/17Nov2017-v1/70000/DE56080E-46DF-E711-ABBC-FA163EF97216.root [842,865,815,882]
/store/data/Run2017F/JetHT/AOD/17Nov2017-v1/70000/DE6C25C4-48DF-E711-B860-02163E019D7C.root [322,341,323,340]
/store/data/Run2017F/JetHT/AOD/17Nov2017-v1/70000/DE8AAEAE-48DF-E711-B87A-02163E011CB7.root [255,257,258,259]
/store/data/Run2017F/JetHT/AOD/17Nov2017-v1/70000/DEB3DAB5-5FDF-E711-9D76-02163E01A4A7.root [237,289,106,287]
/store/data/Run2017F/JetHT/AOD/17Nov2017-v1/70000/DEB42C90-00DF-E711-A047-02163E01A73C.root [543,545,562,536,534,561]
/store/data/Run2017F/JetHT/AOD/17Nov2017-v1/70000/E0EA8A05-2BE0-E711-849B-B499BAAC0068.root [76,77]
/store/data/Run2017F/JetHT/AOD/17Nov2017-v1/70000/E259F94D-36DF-E711-A5DA-02163E011DE5.root [25,23,204,205]
/store/data/Run2017F/JetHT/AOD/17Nov2017-v1/70000/E2D424A1-00DF-E711-9A01-02163E01A747.root [593,602,589,590,601,594]
/store/data/Run2017F/JetHT/AOD/17Nov2017-v1/70000/E4177DA6-49DF-E711-8C12-02163E013935.root [349,348,201,200]
/store/data/Run2017F/JetHT/AOD/17Nov2017-v1/70000/E488724D-37DF-E711-B88F-02163E0141E0.root [368,369,377,375]
/store/data/Run2017F/JetHT/AOD/17Nov2017-v1/70000/E494C576-36DF-E711-B580-02163E013630.root [1129,1128,1605,1139,1127,1606]
/store/data/Run2017F/JetHT/AOD/17Nov2017-v1/70000/E4ECB410-41DF-E711-BE4F-02163E0146AF.root [387,424,395,422,394,386]
/store/data/Run2017F/JetHT/AOD/17Nov2017-v1/70000/E62F1FAE-03DF-E711-B7F2-001E6779267C.root [952,943,945,947,944,946]
/store/data/Run2017F/JetHT/AOD/17Nov2017-v1/70000/E6C4B9B9-36DF-E711-A165-B499BAAC0414.root [894,885]
/store/data/Run2017F/JetHT/AOD/17Nov2017-v1/70000/E6F71FB7-45DF-E711-BC67-FA163EAA6035.root [1178,1165]
/store/data/Run2017F/JetHT/AOD/17Nov2017-v1/70000/E8B88853-00DF-E711-8E85-02163E013990.root [130,478,480,131,491,490]
/store/data/Run2017F/JetHT/AOD/17Nov2017-v1/70000/EA9DCEA9-36DF-E711-9878-44A842CFD65A.root [163,162,68,69]
/store/data/Run2017F/JetHT/AOD/17Nov2017-v1/70000/EAA4EC68-8EDF-E711-AAB8-0025905C2CE8.root [454,456]
/store/data/Run2017F/JetHT/AOD/17Nov2017-v1/70000/EAC424AE-00DF-E711-ABAA-02163E01A49F.root [327,329,573,576]
/store/data/Run2017F/JetHT/AOD/17Nov2017-v1/70000/EC279C4F-00DF-E711-A41B-B499BAAC04AA.root [458,459]
/store/data/Run2017F/JetHT/AOD/17Nov2017-v1/70000/ECB168BA-48DF-E711-B803-02163E01A1F1.root [197,198,199,196]
/store/data/Run2017F/JetHT/AOD/17Nov2017-v1/70000/F02BA5B9-48DF-E711-A255-02163E01A2E1.root [645,646]
/store/data/Run2017F/JetHT/AOD/17Nov2017-v1/70000/F25D75A4-40DF-E711-9BB0-02163E014783.root [397,396,389,410,388,411]
/store/data/Run2017F/JetHT/AOD/17Nov2017-v1/70000/F2EF0F63-00DF-E711-8FB6-02163E01192A.root [565,597,566,587,588,598]
/store/data/Run2017F/JetHT/AOD/17Nov2017-v1/70000/F46EAFB8-48DF-E711-8075-02163E01A513.root [185,146,147,184]
/store/data/Run2017F/JetHT/AOD/17Nov2017-v1/70000/F6257825-41DF-E711-9358-02163E019CB1.root [522,637,638,523,636,635]
/store/data/Run2017F/JetHT/AOD/17Nov2017-v1/70000/F648D1C4-48DF-E711-A248-02163E011CB5.root [260,285,264,284]
/store/data/Run2017F/JetHT/AOD/17Nov2017-v1/70000/F69C3147-44DF-E711-B567-02163E00C1C9.root [1149,1148]
/store/data/Run2017F/JetHT/AOD/17Nov2017-v1/70000/F8E5F4A9-00DF-E711-9A92-02163E019BB6.root [620,623,619,624,617,618]
/store/data/Run2017F/JetHT/AOD/17Nov2017-v1/70000/FAC359E9-3ADF-E711-8767-A4BF01125748.root [168,169]
/store/data/Run2017F/JetHT/AOD/17Nov2017-v1/70000/FC8D5E62-00DF-E711-8D81-02163E011C2C.root [440,608,438,607]
/store/data/Run2017F/JetHT/AOD/17Nov2017-v1/70000/FCF05203-49DF-E711-98E1-02163E01360B.root [350,351,356,357]
/store/data/Run2017F/JetHT/AOD/17Nov2017-v1/70001/06943A60-9DDF-E711-A2D5-0025905C4262.root [132,144,145,133]
/store/data/Run2017F/JetHT/AOD/17Nov2017-v1/70001/082BB986-64DF-E711-B523-02163E019BBA.root [210,100,99,211]
/store/data/Run2017F/JetHT/AOD/17Nov2017-v1/70001/1C142512-9DDF-E711-B814-02163E01A2A3.root [814,372,376,805]
/store/data/Run2017F/JetHT/AOD/17Nov2017-v1/70001/2E972FFE-5CDF-E711-8129-02163E013755.root [119,47,118,49]
/store/data/Run2017F/JetHT/AOD/17Nov2017-v1/70001/3C536924-6FDF-E711-90BB-02163E01A2E3.root [308,384,382,309]
/store/data/Run2017F/JetHT/AOD/17Nov2017-v1/70001/3CAB359F-DEDF-E711-9BCD-0242AC1C0501.root [148,149]
/store/data/Run2017F/JetHT/AOD/17Nov2017-v1/70001/4C743107-70DF-E711-BE0D-02163E01A603.root [393,14,1703,1705,16,391]
/store/data/Run2017F/JetHT/AOD/17Nov2017-v1/70001/54A15C78-8ADF-E711-9F85-02163E019C20.root [120,121,282,283]
/store/data/Run2017F/JetHT/AOD/17Nov2017-v1/70001/5E7F4D4F-8ADF-E711-9C1E-02163E0141DF.root [675,56,54,674]
/store/data/Run2017F/JetHT/AOD/17Nov2017-v1/70001/5E93E861-64DF-E711-A741-02163E011A95.root [1045,1073]
/store/data/Run2017F/JetHT/AOD/17Nov2017-v1/70001/60C595B7-64DF-E711-9FB0-02163E013901.root [406,408,392,390]
/store/data/Run2017F/JetHT/AOD/17Nov2017-v1/70001/662497EA-93DF-E711-8CF7-02163E0145AF.root [22,24]
/store/data/Run2017F/JetHT/AOD/17Nov2017-v1/70001/667EA67E-64DF-E711-A137-02163E011D04.root [962,236,691,313,963,235,690,950]
/store/data/Run2017F/JetHT/AOD/17Nov2017-v1/70001/828DF8B2-71DF-E711-AD60-02163E0144EE.root [677,732,676,733]
/store/data/Run2017F/JetHT/AOD/17Nov2017-v1/70001/8804F1EF-5FDF-E711-85F1-B499BAAC068A.root [136,137]
/store/data/Run2017F/JetHT/AOD/17Nov2017-v1/70001/883C881B-6FDF-E711-A7CC-02163E01A1F5.root [11,7,10,8]
/store/data/Run2017F/JetHT/AOD/17Nov2017-v1/70001/8CF3ED4B-64DF-E711-8D3E-02163E011AF7.root [1584,1213,1585,1575,1226,1652,1665]
/store/data/Run2017F/JetHT/AOD/17Nov2017-v1/70001/9CAB5D3E-8ADF-E711-906E-02163E019CA6.root [39,41]
/store/data/Run2017F/JetHT/AOD/17Nov2017-v1/70001/A01D0941-5CDF-E711-8E7B-02163E0121B6.root [1642,1643]
/store/data/Run2017F/JetHT/AOD/17Nov2017-v1/70001/ACFD085F-9DDF-E711-8613-0CC47AF9B51A.root [166,150,151,167]
/store/data/Run2017F/JetHT/AOD/17Nov2017-v1/70001/B2A68DDB-9CDF-E711-854A-02163E019E30.root [107,102]
/store/data/Run2017F/JetHT/AOD/17Nov2017-v1/70001/C0E17F67-94DF-E711-8E85-02163E019DE4.root [325,324]
/store/data/Run2017F/JetHT/AOD/17Nov2017-v1/70001/C67718E8-5CDF-E711-8CA0-02163E019DD4.root [1,2,652,15,9]
/store/data/Run2017F/JetHT/AOD/17Nov2017-v1/70001/CA84390A-63DF-E711-A815-A4BF01125D8E.root [570,551,550]
/store/data/Run2017F/JetHT/AOD/17Nov2017-v1/70001/D2DBF285-60DF-E711-9FF9-02163E019E8A.root [1152,1621,1622,1150]
/store/data/Run2017F/JetHT/AOD/17Nov2017-v1/70001/DC5435FD-6EDF-E711-8A7C-02163E014624.root [13,98,18,12]
/store/data/Run2017F/JetHT/AOD/17Nov2017-v1/70001/E41EAE07-6FDF-E711-A9FD-02163E01A330.root [3,4]
/store/data/Run2017F/JetHT/AOD/17Nov2017-v1/70001/EEE88486-8BDF-E711-9E55-02163E0139AD.root [45,44]
/store/data/Run2017F/JetHT/AOD/17Nov2017-v1/70001/F276D655-65DF-E711-B765-02163E014685.root [640,768,973,982,639,650,754,649]
/store/data/Run2017F/JetHT/AOD/17Nov2017-v1/70001/FAD525D4-71DF-E711-A979-02163E0143E0.root [274,275]
/store/data/Run2017F/JetHT/AOD/17Nov2017-v1/70002/0A60DFF4-DEDF-E711-AEA0-7845C4FC36AA.root [1925,1926,1929,1931,1928,1974,1930,1973,1975]
/store/data/Run2017F/JetHT/AOD/17Nov2017-v1/70002/12E0A6EF-D0DF-E711-9D07-44A842CFC9D9.root [1985,1982,1950,1986,1960,1951]
/store/data/Run2017F/JetHT/AOD/17Nov2017-v1/70002/14A87F3D-D1DF-E711-B87B-02163E019C83.root [1510,1508,1533,1520,1538,1522,1509,1521,1535,1534,1536,1537]
/store/data/Run2017F/JetHT/AOD/17Nov2017-v1/70002/14EF0561-D1DF-E711-8B46-02163E0145E1.root [1441,1407,1410,1502,1402,1440,1504,1505,1401,1419,1400,1442]
/store/data/Run2017F/JetHT/AOD/17Nov2017-v1/70002/1622E2F5-D0DF-E711-B9B9-484D7E8DF0D3.root [1832,1981,1828,1980,1827,1984]
/store/data/Run2017F/JetHT/AOD/17Nov2017-v1/70002/1AE5A846-CADF-E711-BE78-02163E01194B.root [1541,1553,1552,1540,1554,1532,1539,1519,1546,1531,1543,1551]
/store/data/Run2017F/JetHT/AOD/17Nov2017-v1/70002/1CF81B0D-D1DF-E711-B373-02163E013530.root [1791,1485,1789,1484,1486,1732,1733,1736,1790]
/store/data/Run2017F/JetHT/AOD/17Nov2017-v1/70002/2405938F-B8DF-E711-A349-02163E0135EF.root [319,321]
/store/data/Run2017F/JetHT/AOD/17Nov2017-v1/70002/2A55F47E-DADF-E711-90D2-3417EBE64B91.root [1804,1802,1803,1794,1807,1809,1795,1810,1793]
/store/data/Run2017F/JetHT/AOD/17Nov2017-v1/70002/2E040D4B-CADF-E711-9BBD-02163E0144F9.root [1912,2026,1887,1830,1997,1999,1831,1998,2025,2027,1829,2008,2010,1886,2015,2009,2024]
/store/data/Run2017F/JetHT/AOD/17Nov2017-v1/70002/32019692-CBDF-E711-829A-0025905C54C4.root [1797,1798,1818,1817,1799,1796,1801,1820,1800,1819,1826,1825]
/store/data/Run2017F/JetHT/AOD/17Nov2017-v1/70002/36F8985D-D5DF-E711-B907-A0369FD8FDB0.root [1935,1933,1934]
/store/data/Run2017F/JetHT/AOD/17Nov2017-v1/70002/42ADC2A4-DADF-E711-8FD4-02163E019DAE.root [1449,1448,1439]
/store/data/Run2017F/JetHT/AOD/17Nov2017-v1/70002/4A744CA7-CADF-E711-8EFC-001E677928C6.root [1805,1814,1813,1806,1815,1808]
/store/data/Run2017F/JetHT/AOD/17Nov2017-v1/70002/50C00603-D1DF-E711-86CA-B499BAAC09D2.root [1920,1916,1921]
/store/data/Run2017F/JetHT/AOD/17Nov2017-v1/70002/54D6008C-CADF-E711-B147-6C3BE5B5C0C0.root [1914,1913,1915]
/store/data/Run2017F/JetHT/AOD/17Nov2017-v1/70002/74BCE35C-CADF-E711-B50C-02163E01A5AC.root [1593,1726,1729,1730,1725,1731,1576,1578,1583,1586,1727,1577]
/store/data/Run2017F/JetHT/AOD/17Nov2017-v1/70002/7602CA31-D1DF-E711-A16E-02163E019E2B.root [2007,1385,1386,2016,1384,2011]
/store/data/Run2017F/JetHT/AOD/17Nov2017-v1/70002/7669E069-D0DF-E711-9890-001E677926A2.root [1918,1917,1919]
/store/data/Run2017F/JetHT/AOD/17Nov2017-v1/70002/767C7E30-D1DF-E711-918D-02163E01A773.root [1711,1545,1710,1728,1542,1734,1749,1751,1752,1544,1750,1735]
/store/data/Run2017F/JetHT/AOD/17Nov2017-v1/70002/783064FE-D0DF-E711-A082-02163E0144BD.root [1337,1336,1369,1371,1370,1338]
/store/data/Run2017F/JetHT/AOD/17Nov2017-v1/70002/7838529F-DADF-E711-AEB2-02163E011B09.root [1767,1269,1270,1268,1777,1778]
/store/data/Run2017F/JetHT/AOD/17Nov2017-v1/70002/78DC0056-D1DF-E711-B133-02163E01A2E9.root [1503,1506,1340,1341,1339,1507]
/store/data/Run2017F/JetHT/AOD/17Nov2017-v1/70002/7A4315F3-CADF-E711-9520-02163E01473B.root [1792,1780,1779]
/store/data/Run2017F/JetHT/AOD/17Nov2017-v1/70002/7A87904B-F9DF-E711-B096-A0369FC5B504.root [1922,1924,1923]
/store/data/Run2017F/JetHT/AOD/17Nov2017-v1/70002/7AF81776-EFDF-E711-AF8A-02163E019B24.root [1768,1765,1864,1766,1861,1862]
/store/data/Run2017F/JetHT/AOD/17Nov2017-v1/70002/7C3C1F8A-CADF-E711-821D-02163E0146BB.root [1432,1499,1290,1431,1435,1430,1433,1289,1501,1434,1287,1500]
/store/data/Run2017F/JetHT/AOD/17Nov2017-v1/70002/A0F9F09A-CADF-E711-BEF5-02163E01A70C.root [1278,1277,1279]
/store/data/Run2017F/JetHT/AOD/17Nov2017-v1/70002/A2F40E2E-D1DF-E711-A38F-02163E011938.root [1374,1399,1351,1378,1353,1372,1398,1373,1379,1352,1380,1397]
/store/data/Run2017F/JetHT/AOD/17Nov2017-v1/70002/AEA72CD9-D0DF-E711-964F-02163E01A518.root [2028,2032,2012,2029,2030,2033,2013,2014,2031]
/store/data/Run2017F/JetHT/AOD/17Nov2017-v1/70002/B6E4ADA5-CADF-E711-8BC4-00266CFBE43C.root [1427,1428,1429]
/store/data/Run2017F/JetHT/AOD/17Nov2017-v1/70002/C065A1C2-CADF-E711-A8C4-A4BF01125A90.root [1932,1936,1927]
/store/data/Run2017F/JetHT/AOD/17Nov2017-v1/70002/C078D7EB-D0DF-E711-853A-02163E011DE5.root [1239,1199,1212,1211,1241,1238]
/store/data/Run2017F/JetHT/AOD/17Nov2017-v1/70002/CAD43F2C-D1DF-E711-A3D0-02163E01A508.root [1811,1812,1816]
/store/data/Run2017F/JetHT/AOD/17Nov2017-v1/70002/D4907EF0-D0DF-E711-80E2-02163E011C9E.root [1447,1403,1420,1406,1421,1483,1404,1408,1450,1405,1409,1422]
/store/data/Run2017F/JetHT/AOD/17Nov2017-v1/70002/ECB9F543-CADF-E711-A91F-02163E014242.root [1316,1315,1291]
/store/data/Run2017F/JetHT/AOD/17Nov2017-v1/70002/F626D81F-EFDF-E711-8A9C-02163E012AD4.root [1709,1712,1708]
/store/data/Run2017F/JetHT/AOD/17Nov2017-v1/70002/F65C69C3-CADF-E711-933B-02163E01A710.root [2040,2042,2041]
/store/data/Run2017F/JetHT/AOD/17Nov2017-v1/70002/FAE401AE-CADF-E711-8097-00266CFEFE70.root [1949,1948,1947]
/store/data/Run2017F/JetHT/AOD/17Nov2017-v1/70003/4046E39B-EFDF-E711-AE43-02163E019E0F.root [1438,1437,1436]
/store/data/Run2017F/JetHT/AOD/17Nov2017-v1/70003/546D7F7C-05E0-E711-9955-02163E0133EB.root [1362,1360,1361]
/store/data/Run2017F/JetHT/AOD/17Nov2017-v1/70003/56D10F30-06E0-E711-B389-02163E01A5D9.root [1198,1200,1201]
/store/data/Run2017F/JetHT/AOD/17Nov2017-v1/70003/8CCE0F3D-0CE0-E711-BB38-02163E019D45.root [948,895,949]
/store/data/Run2017F/JetHT/AOD/17Nov2017-v1/70003/AAD4955B-0CE0-E711-8A74-02163E0137A7.root [1959,1972,1976]
/store/data/Run2017F/JetHT/AOD/17Nov2017-v1/70003/B84D2013-F8DF-E711-B0A0-02163E01A267.root [968,969,1863,964,1885,1888]
/store/data/Run2017F/JetHT/AOD/17Nov2017-v1/70004/025CEA47-28E0-E711-895E-02163E01A3B6.root [1979,1978,1977]
/store/data/Run2017F/JetHT/AOD/17Nov2017-v1/70004/68F40DC5-B5E0-E711-ADA1-02163E01A3D2.root [1958,1957,1961]
/store/data/Run2017F/JetHT/AOD/17Nov2017-v1/70004/C4537C07-2CE0-E711-930A-A0369FC51F94.root [1983,2001,2000]
