/store/data/Run2024C/BTagMu/RAW/v1/000/379/416/00000/045f5e74-4fb8-4641-8e18-6ddce646b957.root 379416 [150,151,152,153,154]
/store/data/Run2024C/BTagMu/RAW/v1/000/379/416/00000/05a8ea2c-7b4e-4f43-8a0d-b7794a88f9d1.root 379416 [5,14,10,7,3,2,6,9,1,4,13,8,11,12]
/store/data/Run2024C/BTagMu/RAW/v1/000/379/416/00000/066f18a2-1070-4844-8238-cb02840f4a4e.root 379416 [42,43,45,44,48,39,41,46,47,40]
/store/data/Run2024C/BTagMu/RAW/v1/000/379/416/00000/09c07586-cc92-4201-830f-f6184d030e93.root 379416 [164,161,162,163]
/store/data/Run2024C/BTagMu/RAW/v1/000/379/416/00000/09ec84b7-15ac-4c67-97ae-8653bf15923b.root 379416 [15,16,18,21,22,20,19,25,26,23,24,17]
/store/data/Run2024C/BTagMu/RAW/v1/000/379/416/00000/0bf26307-5160-4af7-91c0-68193872437e.root 379416 [219,222,218,220,221]
/store/data/Run2024C/BTagMu/RAW/v1/000/379/416/00000/190f4bc6-ce9a-4a08-84f6-3b9f1329aeff.root 379416 [112,114,115,116,113]
/store/data/Run2024C/BTagMu/RAW/v1/000/379/416/00000/1fb875cf-731c-4f73-a2ed-671ce0109f76.root 379416 [216,214,213,215,217]
/store/data/Run2024C/BTagMu/RAW/v1/000/379/416/00000/215cf27a-3205-4fda-a203-b3952e6eefaf.root 379416 [184,186,185,183,187]
/store/data/Run2024C/BTagMu/RAW/v1/000/379/416/00000/380d38aa-64e4-4166-8722-c81477cdb6e8.root 379416 [93,94,95,96,98,99,97]
/store/data/Run2024C/BTagMu/RAW/v1/000/379/416/00000/3906999b-7c4e-4ad9-8083-8a14e17bcef2.root 379416 [61,57,58,60,59,62]
/store/data/Run2024C/BTagMu/RAW/v1/000/379/416/00000/3d54add4-78b6-428a-a905-4479a0058d52.root 379416 [139,136,137,138,140]
/store/data/Run2024C/BTagMu/RAW/v1/000/379/416/00000/40511fd9-7b40-4123-9518-c0b7ea503445.root 379416 [134,131,135,133,132]
/store/data/Run2024C/BTagMu/RAW/v1/000/379/416/00000/43dba41e-1a3f-44d1-9159-243f5ea73db6.root 379416 [201,198,202,199,200]
/store/data/Run2024C/BTagMu/RAW/v1/000/379/416/00000/456135ed-de77-43cc-9457-0190d5fa1842.root 379416 [124,126,122,123,125]
/store/data/Run2024C/BTagMu/RAW/v1/000/379/416/00000/4866fed2-df53-4845-a7b5-b9c476efa70f.root 379416 [190,192,189,188,191]
/store/data/Run2024C/BTagMu/RAW/v1/000/379/416/00000/4d8721f4-3750-4f66-a745-d4f004d399b2.root 379416 [149,148,147,145,146]
/store/data/Run2024C/BTagMu/RAW/v1/000/379/416/00000/5949ba9e-ca2e-479a-a92a-6c74207728a4.root 379416 [168,165,166,167]
/store/data/Run2024C/BTagMu/RAW/v1/000/379/416/00000/5cdf2344-77ae-49f2-9063-922b604f594e.root 379416 [224,223,225,226,227]
/store/data/Run2024C/BTagMu/RAW/v1/000/379/416/00000/67e46ac1-7417-4838-9214-ea4d78269c3c.root 379416 [110,108,107,109,111]
/store/data/Run2024C/BTagMu/RAW/v1/000/379/416/00000/6d83667f-7398-4fd2-b63c-5ed7ed8efee9.root 379416 [206,203,204,207,205]
/store/data/Run2024C/BTagMu/RAW/v1/000/379/416/00000/71c4223d-59cb-4962-a660-746e235c3da4.root 379416 [194,196,195,197,193]
/store/data/Run2024C/BTagMu/RAW/v1/000/379/416/00000/80b44bef-481e-4fa8-8f6f-7185ffa01047.root 379416 [63,65,66,67,68,64]
/store/data/Run2024C/BTagMu/RAW/v1/000/379/416/00000/8197ecb1-3c64-4d5a-a07d-14ce15bb667f.root 379416 [208,210,212,211,209]
/store/data/Run2024C/BTagMu/RAW/v1/000/379/416/00000/992448ff-80fb-4b1f-ad5e-927ae45d718d.root 379416 [179,180,182,181]
/store/data/Run2024C/BTagMu/RAW/v1/000/379/416/00000/996b2ed8-9f3e-4246-bf1e-184dd555d999.root 379416 [30,34,32,33,37,38,29,36,27,31,35,28]
/store/data/Run2024C/BTagMu/RAW/v1/000/379/416/00000/9b40b72d-4e71-49ff-b0f5-743e2a26f1e1.root 379416 [76,74,75,77]
/store/data/Run2024C/BTagMu/RAW/v1/000/379/416/00000/a34762d0-7ce4-4ed3-9ba3-840f4f5e25e2.root 379416 [129,128,130,127]
/store/data/Run2024C/BTagMu/RAW/v1/000/379/416/00000/a3d5387b-46a5-45d9-a48f-28ab1d0b5f85.root 379416 [101,105,102,106,104,100,103]
/store/data/Run2024C/BTagMu/RAW/v1/000/379/416/00000/acbce3f6-a1a5-4220-b43c-4a12d9a2c2f9.root 379416 [157,159,158,160,156,155]
/store/data/Run2024C/BTagMu/RAW/v1/000/379/416/00000/acc913a1-54f7-41ca-8f5f-055b46d73d25.root 379416 [170,169,171,172]
/store/data/Run2024C/BTagMu/RAW/v1/000/379/416/00000/beded434-007d-4065-bda0-ab3608b4bbcb.root 379416 [177,178,174,175,173,176]
/store/data/Run2024C/BTagMu/RAW/v1/000/379/416/00000/c3f88c02-1a70-4d8c-b8c9-9f668c1a440f.root 379416 [141,142,143,144]
/store/data/Run2024C/BTagMu/RAW/v1/000/379/416/00000/c5631091-ed8c-4c9e-98c0-910b66bd8074.root 379416 [80,79,81,78,82]
/store/data/Run2024C/BTagMu/RAW/v1/000/379/416/00000/c9cbbf06-3570-4675-81b2-38ce90941bb7.root 379416 [89,91,90,92,87,88]
/store/data/Run2024C/BTagMu/RAW/v1/000/379/416/00000/e59b465b-f13d-4870-9043-cc76c88f3140.root 379416 [121,117,118,120,119]
/store/data/Run2024C/BTagMu/RAW/v1/000/379/416/00000/eb7e82e0-2dcf-4f8a-b686-c56aced0b69e.root 379416 [84,83,86,85]
/store/data/Run2024C/BTagMu/RAW/v1/000/379/416/00000/f1a8edd9-071f-418e-936b-8ff74f73bfc7.root 379416 [71,70,69,72,73]
/store/data/Run2024C/BTagMu/RAW/v1/000/379/416/00000/f2086933-7d6a-4176-94f0-d5b3f0f9a51b.root 379416 [52,50,51,53,54,56,49,55]
