/store/data/Run2022B/HcalNZS/RAW/v1/000/355/456/00000/06c5b6bb-867c-4030-ba28-2bfed8328be6.root [191,197,192,193,182,186,187,183,188,194,184,195,185,190,198,181,189,196]
/store/data/Run2022B/HcalNZS/RAW/v1/000/355/456/00000/0b4748b0-1e25-481f-96cb-833c20c4a7d1.root [20,22,23,27,19,32,24,25,31,26,30,34,28,36,33,35,29,21]
/store/data/Run2022B/HcalNZS/RAW/v1/000/355/456/00000/101c2587-8b64-41a5-8fa3-d427f7630328.root [129,130,144,127,139,140,135,137,138,143,131,132,136,128,133,134,141,142]
/store/data/Run2022B/HcalNZS/RAW/v1/000/355/456/00000/23b0c1db-b074-403e-9c2e-aa391f1a6174.root [274,279,282,276,278,285,277,286,271,287,272,275,281,284,280,273,283,288]
/store/data/Run2022B/HcalNZS/RAW/v1/000/355/456/00000/27f4a2cf-0dca-4e84-80f4-338ae520a402.root [312,311,322,323,307,315,316,318,321,309,314,308,317,320,310,313,319,324]
/store/data/Run2022B/HcalNZS/RAW/v1/000/355/456/00000/2eca6511-c7f6-40c6-8df5-f01b84e27116.root [250,252,240,243,235,239,241,246,247,248,251,236,238,242,245,249,237,244]
/store/data/Run2022B/HcalNZS/RAW/v1/000/355/456/00000/39d04524-fbb3-4951-b174-eb84e2246f09.root [492,495,496,499,500,493,498,489,490,502,491,494,497,501]
/store/data/Run2022B/HcalNZS/RAW/v1/000/355/456/00000/3b1dd8f0-35ac-4d9b-a394-e93151be0224.root [436,437,439,434,438,446,433,445,441,448,435,443,440,442,449,444,447,450]
/store/data/Run2022B/HcalNZS/RAW/v1/000/355/456/00000/43d1ff1c-9113-4381-84f3-4688edf3cd86.root [472,478,471,475,482,486,474,485,470,488,473,483,484,477,480,481,487,476,479]
/store/data/Run2022B/HcalNZS/RAW/v1/000/355/456/00000/4409b6e5-d1de-48ac-9126-32f8dd9ffb5e.root [378,361,371,372,376,369,374,365,367,375,366,377,363,364,362,368,370,373]
/store/data/Run2022B/HcalNZS/RAW/v1/000/355/456/00000/553f5eb9-e127-4853-9a08-e0814c93f0db.root [59,63,72,58,62,64,67,68,69,56,57,55,71,61,66,70,60,65]
/store/data/Run2022B/HcalNZS/RAW/v1/000/355/456/00000/6b06ef89-3516-4bad-9264-3a57ec7cba5a.root [41,48,52,47,53,39,42,43,40,54,46,49,51,45,37,38,44,50]
/store/data/Run2022B/HcalNZS/RAW/v1/000/355/456/00000/7c188b7e-6627-4816-a645-cb04a10f43ac.root [298,299,300,301,290,294,297,296,303,304,305,306,293,295,291,292,302,289]
/store/data/Run2022B/HcalNZS/RAW/v1/000/355/456/00000/7edfbd92-a8e8-46a9-9f2f-0674301fffbf.root [76,87,74,79,80,78,77,83,84,86,81,85,88,89,73,82,90,75]
/store/data/Run2022B/HcalNZS/RAW/v1/000/355/456/00000/9e1378c0-f6ec-489b-8f43-4f844d100e5a.root [111,112,122,125,114,121,123,124,126,110,115,118,119,109,120,113,116,117]
/store/data/Run2022B/HcalNZS/RAW/v1/000/355/456/00000/a18de5a9-0baf-42c2-aaeb-87a9e335c837.root [325,332,334,336,339,331,341,342,328,329,330,337,340,326,335,338,327,333]
/store/data/Run2022B/HcalNZS/RAW/v1/000/355/456/00000/a9c643db-d030-492a-8e63-74cd39dbb7c4.root [18,7,8,11,15,16,2,10,9,12,13,14,1,3,4,6,17,5]
/store/data/Run2022B/HcalNZS/RAW/v1/000/355/456/00000/b6afcb3b-461b-4b86-aedf-96cd4f5b682e.root [398,399,400,411,412,407,413,403,408,410,414,397,404,401,402,405,406,409]
/store/data/Run2022B/HcalNZS/RAW/v1/000/355/456/00000/cb4d822c-5f06-44de-b99d-25ce54831d9b.root [168,178,163,173,180,170,179,166,169,165,167,171,172,175,174,176,164,177]
/store/data/Run2022B/HcalNZS/RAW/v1/000/355/456/00000/ccdae80c-6f7f-4a04-b071-f3e821b750fa.root [200,201,202,210,199,209,212,204,206,215,216,203,205,211,213,214,207,208]
/store/data/Run2022B/HcalNZS/RAW/v1/000/355/456/00000/cf9715d9-4b15-4e19-9b3f-96e2778fa680.root [268,259,260,265,262,254,257,266,269,270,255,256,263,264,258,267,253,261]
/store/data/Run2022B/HcalNZS/RAW/v1/000/355/456/00000/e6c583c4-71ab-4f51-93ea-e3b1d057aa82.root [94,96,101,104,108,99,106,91,100,93,97,98,102,95,103,107,92,105]
/store/data/Run2022B/HcalNZS/RAW/v1/000/355/456/00000/e9519485-380a-4518-906e-f10def091650.root [147,149,153,157,161,146,150,162,159,145,155,160,148,158,154,156,151,152]
/store/data/Run2022B/HcalNZS/RAW/v1/000/355/456/00000/ecb88295-bad0-42de-99da-214e333ab351.root [217,219,229,224,231,232,234,221,223,226,228,220,233,218,230,222,225,227]
/store/data/Run2022B/HcalNZS/RAW/v1/000/355/456/00000/ede2b01d-972f-4bf7-a75c-e6f068051534.root [386,395,380,387,389,396,381,391,379,383,382,384,385,392,388,390,393,394]
/store/data/Run2022B/HcalNZS/RAW/v1/000/355/456/00000/f0e2ab55-1062-4a62-a2e6-351f5c5fa8f0.root [454,455,462,464,465,452,456,458,459,461,466,468,463,453,460,451,467,469,457]
/store/data/Run2022B/HcalNZS/RAW/v1/000/355/456/00000/f22e6501-ff42-4d16-925e-ec4fe6c6c69e.root [416,431,426,430,417,420,425,428,419,424,427,432,423,429,415,418,421,422]
/store/data/Run2022B/HcalNZS/RAW/v1/000/355/456/00000/fa382b0e-03e6-4791-99e0-5435bbc02d41.root [351,360,343,350,356,355,344,347,353,357,346,358,352,359,345,348,349,354]
