/store/data/Run2016D/MET/RAW/v2/000/276/807/00000/02326ACC-C14A-E611-A4D2-FA163E62D1CB.root [107,105,104,106]
/store/data/Run2016D/MET/RAW/v2/000/276/807/00000/04D00820-C14A-E611-A029-02163E0135F3.root [146,145,144,143]
/store/data/Run2016D/MET/RAW/v2/000/276/807/00000/0AD35925-C14A-E611-A83B-FA163E278470.root [112,113,115,114]
/store/data/Run2016D/MET/RAW/v2/000/276/807/00000/20E61B87-CE4A-E611-A7D4-FA163EB4573D.root [220]
/store/data/Run2016D/MET/RAW/v2/000/276/807/00000/22E7E52B-C14A-E611-BB8D-02163E011F89.root [163,164,162,161]
/store/data/Run2016D/MET/RAW/v2/000/276/807/00000/280BE293-CE4A-E611-89DB-FA163E6FA2BA.root [178,177,180,179]
/store/data/Run2016D/MET/RAW/v2/000/276/807/00000/28252CC5-B14A-E611-ADBA-FA163EDED501.root [78,76,77,79]
/store/data/Run2016D/MET/RAW/v2/000/276/807/00000/3CDCC1AB-CE4A-E611-9D69-02163E011C74.root [208,210,209,211,206,207]
/store/data/Run2016D/MET/RAW/v2/000/276/807/00000/460E87EF-B14A-E611-A16A-02163E011BA2.root [89,88,90,91]
/store/data/Run2016D/MET/RAW/v2/000/276/807/00000/4AB2D6BA-C14A-E611-AB1E-FA163EEA5FA1.root [165,166,167,168]
/store/data/Run2016D/MET/RAW/v2/000/276/807/00000/5233ACC2-CE4A-E611-BFD1-02163E014479.root [182,181,183,184]
/store/data/Run2016D/MET/RAW/v2/000/276/807/00000/543E7D10-C14A-E611-8A31-02163E011B2D.root [126,127,129,124,125,128]
/store/data/Run2016D/MET/RAW/v2/000/276/807/00000/547E7504-B84A-E611-8A22-02163E01466B.root [80,81,83,82]
/store/data/Run2016D/MET/RAW/v2/000/276/807/00000/5A3CC3E0-CE4A-E611-8C9D-02163E014225.root [191,189,192,190]
/store/data/Run2016D/MET/RAW/v2/000/276/807/00000/642F1EB5-B14A-E611-8374-FA163E9D621E.root [92,93,95,94]
/store/data/Run2016D/MET/RAW/v2/000/276/807/00000/64E16903-CF4A-E611-96DB-02163E0146C4.root [187,185,186,188]
/store/data/Run2016D/MET/RAW/v2/000/276/807/00000/68B12C5F-A54A-E611-B943-02163E0122E6.root [68,70,71,69]
/store/data/Run2016D/MET/RAW/v2/000/276/807/00000/78369F13-C14A-E611-884A-02163E0119E5.root [155,153,152,156,154]
/store/data/Run2016D/MET/RAW/v2/000/276/807/00000/7A546DA2-C14A-E611-9927-02163E0134F8.root [158,159,160,157]
/store/data/Run2016D/MET/RAW/v2/000/276/807/00000/7E28951D-9C4A-E611-9CFE-FA163E6816A9.root [9,10,24,26,27,39,44,60,65,6,7,25,28,36,37,43,46,12,17,19,33,59,5,14,38,41,50,51,66,67,2,3,13,20,21,22,35,53,54,55,57,58,61,64,30,31,34,49,52,62,4,8,18,32,42,47,63,1,11,15,16,23,29,40,45,48,56]
/store/data/Run2016D/MET/RAW/v2/000/276/807/00000/824C149C-B24A-E611-BBD5-02163E0133B0.root [98,99,97,96]
/store/data/Run2016D/MET/RAW/v2/000/276/807/00000/84F79717-CF4A-E611-B9AB-02163E013823.root [199,204,198,200,197,203,201,202,205]
/store/data/Run2016D/MET/RAW/v2/000/276/807/00000/8C44A01E-CF4A-E611-B9D5-02163E013703.root [212,213,214,215]
/store/data/Run2016D/MET/RAW/v2/000/276/807/00000/9042DCB3-CE4A-E611-9BD0-FA163E7FF867.root [195,194,196,193]
/store/data/Run2016D/MET/RAW/v2/000/276/807/00000/9E618B0D-C14A-E611-9A39-FA163E06E292.root [116,119,117,118]
/store/data/Run2016D/MET/RAW/v2/000/276/807/00000/A08A853D-BC4A-E611-A69C-02163E011D2C.root [86,84,85,87]
/store/data/Run2016D/MET/RAW/v2/000/276/807/00000/B01651CD-CE4A-E611-88EA-02163E0141FA.root [173,174,175,176]
/store/data/Run2016D/MET/RAW/v2/000/276/807/00000/B6A2FA53-C14A-E611-8E40-02163E013585.root [120,121,122,123]
/store/data/Run2016D/MET/RAW/v2/000/276/807/00000/B8A89EA2-C14A-E611-8461-02163E0141C3.root [108,110,111,109]
/store/data/Run2016D/MET/RAW/v2/000/276/807/00000/BABACB93-C14A-E611-9E3F-02163E012BBF.root [149,148,150,151,147]
/store/data/Run2016D/MET/RAW/v2/000/276/807/00000/C038819B-C14A-E611-A3B4-02163E01225C.root [171,169,172,170]
/store/data/Run2016D/MET/RAW/v2/000/276/807/00000/D4C91A71-C14A-E611-A5CA-FA163EBA2C76.root [133,134,130,131,132]
/store/data/Run2016D/MET/RAW/v2/000/276/807/00000/D6FA41F5-CE4A-E611-8D84-FA163E6FDB88.root [216,219,217,218]
/store/data/Run2016D/MET/RAW/v2/000/276/807/00000/EAEDD959-C14A-E611-AB0D-FA163EBC8500.root [140,142,139,141]
/store/data/Run2016D/MET/RAW/v2/000/276/807/00000/F0486BA9-A24A-E611-B8F3-FA163EE05603.root [74,75,73,72]
/store/data/Run2016D/MET/RAW/v2/000/276/807/00000/F8B0DC62-C14A-E611-A048-02163E0145D2.root [135,136,138,137]
/store/data/Run2016D/MET/RAW/v2/000/276/807/00000/FEB3ABEF-B14A-E611-BCAC-02163E01445C.root [100,101,102,103]
