/store/data/Run2017C/DisplacedJet/RAW/v1/000/301/998/00000/02B0F023-CD8C-E711-881E-02163E01A1E3.root [240,245,251,259,264,269,274,282,301,310,318,242,246,253,263,266,272,276,278,291,295,304,306,307,314,316,233,241,247,249,250,252,262,284,292,232,237,260,265,288,302,309,317,231,234,239,243,275,277,283,287,290,305,308,311,319,236,248,255,267,268,270,286,294,299,303,313,238,244,257,261,280,289,293,300,230,235,254,256,258,271,273,279,281,285,296,297,298,312,315]
/store/data/Run2017C/DisplacedJet/RAW/v1/000/301/998/00000/2A11DDA1-F28C-E711-9E18-02163E01A6CA.root [1173,1174,1177,1183,1195,1199,1202,1206,1226,1267,1285,1287,1289,1295,1298,1176,1178,1182,1186,1207,1215,1222,1237,1241,1247,1268,1282,1291,1293,1297,1188,1190,1196,1216,1232,1233,1243,1259,1269,1274,1281,1294,1180,1184,1214,1219,1224,1230,1257,1263,1275,1280,1283,1296,1301,1171,1179,1193,1194,1197,1200,1201,1204,1205,1209,1210,1211,1213,1225,1227,1238,1255,1261,1273,1277,1278,1299,1172,1185,1217,1239,1244,1250,1252,1254,1258,1265,1266,1272,1279,1284,1300,1170,1191,1198,1208,1212,1218,1221,1229,1234,1235,1240,1242,1245,1249,1270,1286,1288,1290,1302,1175,1181,1187,1189,1192,1203,1220,1223,1228,1231,1236,1246,1248,1251,1253,1256,1260,1262,1264,1271,1276,1292]
/store/data/Run2017C/DisplacedJet/RAW/v1/000/301/998/00000/2A5896A6-E88C-E711-97BB-02163E01A640.root [1061,1069,1080,1098,1120,1142,1148,1151,1166,1047,1058,1065,1076,1081,1086,1095,1103,1109,1110,1112,1113,1121,1123,1130,1135,1136,1138,1147,1150,1057,1063,1072,1074,1075,1083,1092,1097,1101,1111,1119,1139,1167,1168,1050,1051,1054,1062,1084,1085,1096,1099,1102,1105,1115,1129,1133,1149,1155,1158,1161,1164,1169,1053,1056,1059,1067,1073,1077,1079,1104,1108,1116,1117,1124,1134,1141,1152,1153,1154,1157,1160,1046,1049,1064,1082,1087,1089,1090,1093,1106,1107,1125,1127,1132,1145,1146,1048,1052,1055,1070,1071,1091,1100,1114,1122,1126,1131,1137,1140,1156,1060,1066,1068,1078,1088,1094,1118,1128,1143,1144,1159,1162,1163,1165]
/store/data/Run2017C/DisplacedJet/RAW/v1/000/301/998/00000/328FAA05-CD8C-E711-8811-02163E0143A4.root [538,544,553,558,564,571,573,579,597,598,606,612,622,623,628,518,519,525,526,532,535,536,551,565,580,586,609,615,625,522,527,534,543,557,566,568,574,581,582,596,601,603,604,605,613,515,520,531,537,546,548,552,561,569,578,591,592,616,618,516,517,541,550,570,577,590,523,524,528,559,560,585,593,595,602,619,626,627,530,539,540,547,549,554,555,556,562,567,572,575,576,583,587,588,620,624,521,529,533,542,545,563,584,589,594,599,600,607,608,610,611,614,617,621]
/store/data/Run2017C/DisplacedJet/RAW/v1/000/301/998/00000/52C754A6-E88C-E711-85E3-02163E01A74A.root [937,945,946,954,976,979,985,991,1031,1036,1038,935,939,949,952,966,969,972,977,988,992,995,996,998,1029,1030,1033,1042,1044,938,956,961,968,974,980,990,1001,1002,1004,1008,1011,1019,1028,1039,940,953,958,960,965,970,973,978,994,997,1000,1006,1009,1016,1018,1021,1022,1025,941,943,951,971,981,983,1045,944,947,963,964,986,989,1003,1012,1013,1020,1032,1037,1040,1043,942,948,955,957,967,975,982,984,993,999,1005,1007,1017,1024,1026,1027,1034,1035,936,950,959,962,987,1010,1014,1015,1023,1041]
/store/data/Run2017C/DisplacedJet/RAW/v1/000/301/998/00000/56F995FF-CC8C-E711-8FF2-02163E01A3A8.root [412,413,418,419,420,427,437,450,453,464,470,503,507,416,417,431,434,436,449,454,461,463,467,488,490,492,493,499,502,508,509,448,456,457,462,471,477,482,505,429,432,442,447,458,466,472,474,476,484,494,495,511,514,414,423,425,430,435,445,459,460,468,469,487,496,500,512,415,421,422,426,439,443,455,473,475,478,491,506,510,424,438,444,446,480,489,498,504,428,433,440,441,451,452,465,479,481,483,485,486,497,501,513]
/store/data/Run2017C/DisplacedJet/RAW/v1/000/301/998/00000/5C0EADB5-F38C-E711-8CFC-02163E0145ED.root [1303,1348,1354,1373,1390,1391,1393,1406,1419,1426,1438,1441,1449,1319,1324,1337,1340,1345,1351,1358,1367,1371,1382,1394,1396,1404,1423,1430,1305,1321,1329,1347,1352,1365,1366,1369,1378,1379,1383,1412,1415,1417,1428,1439,1442,1445,1446,1304,1306,1308,1309,1310,1317,1318,1327,1332,1336,1342,1350,1368,1375,1380,1386,1399,1409,1411,1418,1420,1421,1437,1444,1315,1322,1323,1333,1339,1349,1356,1384,1392,1395,1398,1402,1410,1431,1443,1311,1316,1325,1338,1343,1344,1346,1360,1361,1387,1389,1405,1407,1408,1413,1429,1433,1435,1436,1447,1307,1313,1314,1328,1330,1334,1341,1353,1363,1374,1377,1385,1388,1397,1403,1414,1416,1422,1424,1427,1432,1448,1450,1312,1320,1326,1331,1335,1355,1357,1359,1362,1364,1370,1372,1376,1381,1400,1401,1425,1434,1440]
/store/data/Run2017C/DisplacedJet/RAW/v1/000/301/998/00000/60FDFFFF-CC8C-E711-8AB2-02163E0145AD.root [335,340,347,349,361,362,367,380,384,389,399,402,407,408,328,352,355,372,379,381,388,393,401,404,320,324,339,342,346,370,382,383,387,392,397,327,331,337,341,345,348,357,365,371,374,375,376,377,385,409,411,334,344,351,353,363,368,369,373,394,396,398,321,322,323,326,330,333,338,350,364,378,386,403,410,325,329,332,336,354,358,360,366,391,395,405,343,356,359,390,400,406]
/store/data/Run2017C/DisplacedJet/RAW/v1/000/301/998/00000/6681E648-CD8C-E711-AAE5-02163E01A5E8.root [74,78,82,86,94,106,108,109,110,120,124,127,133,140,141,80,83,87,90,98,103,126,147,91,93,95,97,113,114,115,118,129,138,146,75,85,89,121,123,131,135,144,96,99,125,136,137,73,84,102,111,117,128,139,143,72,77,79,81,88,104,112,119,130,132,145,76,92,100,101,105,107,116,122,134,142]
/store/data/Run2017C/DisplacedJet/RAW/v1/000/301/998/00000/76178D47-CD8C-E711-BD00-02163E01A269.root [643,645,653,667,671,673,679,705,709,713,718,721,634,641,644,647,657,672,677,681,716,725,662,664,669,676,682,702,710,629,630,631,637,640,654,674,690,692,697,701,708,715,720,722,648,649,660,663,666,670,689,694,706,711,723,632,639,652,655,659,668,675,687,695,699,704,714,717,719,724,635,636,656,658,680,683,684,686,696,700,633,638,642,646,650,651,661,665,678,685,688,691,693,698,703,707,712]
/store/data/Run2017C/DisplacedJet/RAW/v1/000/301/998/00000/768A6CD9-DE8C-E711-92B3-02163E01A6C6.root [763,770,785,791,802,810,813,820,822,731,740,744,757,761,774,780,782,784,789,796,800,803,821,824,733,734,741,752,771,778,781,793,795,801,804,806,808,726,728,736,738,743,746,756,762,764,775,777,783,787,788,799,812,815,818,819,747,749,754,766,772,776,798,805,809,745,750,759,760,779,807,727,732,742,751,753,758,767,768,769,773,792,794,797,814,816,817,729,730,735,748,755,765,786,790,811,823,825,737,739]
/store/data/Run2017C/DisplacedJet/RAW/v1/000/301/998/00000/B0A74001-CD8C-E711-800B-02163E0146C2.root [3,13,30,39,44,58,18,33,35,40,41,51,54,2,9,12,21,24,25,27,32,46,47,56,57,59,71,10,43,49,69,70,5,11,15,16,17,22,23,65,67,68,1,7,8,29,34,50,55,66,4,6,14,19,26,28,31,36,42,45,48,53,61,62,20,37,38,52,60,63,64]
/store/data/Run2017C/DisplacedJet/RAW/v1/000/301/998/00000/C8FCF800-DF8C-E711-A200-02163E01A5B2.root [826,836,841,850,855,857,863,869,877,879,884,885,914,917,933,831,833,834,845,852,856,865,868,886,888,900,902,911,920,926,927,851,864,870,875,889,891,894,908,915,924,928,832,835,842,844,846,847,859,860,871,873,882,925,930,931,838,840,866,876,880,883,892,896,897,898,904,912,922,829,839,848,874,899,903,906,932,934,827,837,843,853,858,861,872,878,887,905,907,919,929,828,830,849,854,862,867,881,890,893,895,901,909,910,913,916,918,921,923]
/store/data/Run2017C/DisplacedJet/RAW/v1/000/301/998/00000/DC001087-838D-E711-A0C2-02163E0143DC.root [1617,1634,1635,1647,1651,1654,1660,1665,1673,1674,1677,1681,1686,1688,1692,1705,1618,1642,1648,1659,1662,1664,1667,1669,1684,1620,1630,1640,1646,1658,1672,1679,1682,1685,1687,1696,1697,1701,1702,1619,1625,1629,1641,1656,1657,1661,1668,1670,1671,1676,1683,1693,1621,1623,1626,1633,1637,1638,1639,1675,1691,1622,1644,1650,1653,1655,1678,1689,1694,1695,1698,1624,1631,1649,1666,1680,1690,1703,1627,1628,1632,1636,1643,1645,1652,1663,1699,1700,1704]
/store/data/Run2017C/DisplacedJet/RAW/v1/000/301/998/00000/EA28FE32-CD8C-E711-A3BC-02163E014353.root [161,163,165,171,181,189,192,193,197,200,208,210,211,225,151,152,153,159,174,177,179,201,203,205,149,180,191,198,204,206,222,199,207,226,162,167,172,175,184,194,214,227,228,229,148,154,157,170,178,187,196,209,212,215,218,155,156,166,169,173,216,219,223,150,158,160,164,168,176,182,183,185,186,188,190,195,202,213,217,220,221,224]
/store/data/Run2017C/DisplacedJet/RAW/v1/000/301/998/00000/EA5573D2-0D8D-E711-B4EA-02163E011AA4.root [1452,1455,1457,1469,1470,1487,1495,1498,1510,1511,1512,1528,1548,1553,1561,1564,1578,1585,1609,1459,1462,1466,1468,1474,1483,1486,1515,1518,1521,1524,1527,1533,1551,1568,1569,1572,1574,1592,1606,1612,1614,1456,1463,1467,1476,1480,1493,1494,1508,1517,1522,1529,1536,1540,1541,1550,1558,1559,1571,1586,1593,1601,1604,1608,1453,1454,1458,1471,1484,1490,1491,1492,1500,1501,1502,1503,1505,1519,1552,1567,1576,1583,1584,1587,1597,1599,1610,1613,1465,1479,1481,1482,1497,1506,1507,1509,1514,1516,1520,1525,1532,1537,1543,1544,1545,1554,1557,1566,1577,1588,1590,1595,1598,1607,1611,1464,1472,1499,1530,1538,1562,1575,1581,1582,1591,1603,1461,1473,1475,1485,1489,1523,1531,1534,1535,1546,1549,1555,1556,1560,1565,1573,1580,1596,1602,1451,1460,1477,1478,1488,1496,1504,1513,1526,1539,1542,1547,1563,1570,1579,1589,1594,1600,1605,1615,1616]
/store/data/Run2017C/DisplacedJet/RAW/v1/000/301/998/00000/FCEF08DF-828D-E711-862F-02163E0118F7.root [1708,1720,1725,1732,1743,1752,1717,1718,1721,1737,1746,1748,1749,1751,1709,1714,1723,1727,1741,1711,1729,1731,1733,1735,1742,1744,1747,1753,1715,1719,1736,1754,1710,1713,1726,1728,1750,1712,1716,1722,1724,1730,1734,1738,1739,1740,1745]
