/store/data/Run2025B/ScoutingPFMonitor/RAW/v1/000/392/112/00000/00a325da-46f8-4b63-8827-3c6258f88568.root 392112 [474,479,481,476,477,480,475,478]
/store/data/Run2025B/ScoutingPFMonitor/RAW/v1/000/392/112/00000/01c2c032-d4f4-4f2a-b1f6-d598e69307ed.root 392112 [883,884,885,886,881,880,887,882]
/store/data/Run2025B/ScoutingPFMonitor/RAW/v1/000/392/112/00000/04348f38-9b17-4cb3-b85e-4ee1b45a79f6.root 392112 [766,765,764,769,770,763,768,767]
/store/data/Run2025B/ScoutingPFMonitor/RAW/v1/000/392/112/00000/0695ab50-a7fa-42f6-8a93-ab232d0b0aa9.root 392112 [563,558,560,557,565,562,564,559,561]
/store/data/Run2025B/ScoutingPFMonitor/RAW/v1/000/392/112/00000/08737f84-67d8-4547-a202-b3f05226ddf1.root 392112 [285,291,286,287,288,290,289,292,293]
/store/data/Run2025B/ScoutingPFMonitor/RAW/v1/000/392/112/00000/0a3afe64-a8f9-4bb1-8a33-7c19fb559411.root 392112 [1007,1006,1002,1003,1004,1010,1005,1008,1009]
/store/data/Run2025B/ScoutingPFMonitor/RAW/v1/000/392/112/00000/0ce2113e-aaf4-4c35-862c-027cb04ecd22.root 392112 [963,964,965,966,959,960,961,962]
/store/data/Run2025B/ScoutingPFMonitor/RAW/v1/000/392/112/00000/0ffbb450-9fd5-43a1-9795-e96fc3d8caa0.root 392112 [893,895,890,894,892,888,889,891]
/store/data/Run2025B/ScoutingPFMonitor/RAW/v1/000/392/112/00000/11aba45d-44a6-464d-b93c-64fe18276d10.root 392112 [502,504,498,499,500,503,501,505,506]
/store/data/Run2025B/ScoutingPFMonitor/RAW/v1/000/392/112/00000/126ca61a-3bdb-4ca1-9210-88c5af3cad74.root 392112 [168,171,172,169,170,175,173,174,167]
/store/data/Run2025B/ScoutingPFMonitor/RAW/v1/000/392/112/00000/132bdace-3104-43a6-b9e7-27ac8f7efe19.root 392112 [525,527,528,529,530,526,532,531]
/store/data/Run2025B/ScoutingPFMonitor/RAW/v1/000/392/112/00000/183616c2-f9db-4730-856c-56e6dea6438b.root 392112 [549,554,556,550,551,552,553,555]
/store/data/Run2025B/ScoutingPFMonitor/RAW/v1/000/392/112/00000/1bdf653d-77b3-4549-909d-a11a02131466.root 392112 [986,991,985,988,987,984,989,990,992]
/store/data/Run2025B/ScoutingPFMonitor/RAW/v1/000/392/112/00000/1c4bf217-e307-46aa-a269-fe99f9a9bca8.root 392112 [216,222,223,224,218,221,217,219,220]
/store/data/Run2025B/ScoutingPFMonitor/RAW/v1/000/392/112/00000/256ac292-38be-45d7-94b4-3a77ed7687d9.root 392112 [514,511,513,507,508,510,512,515,509]
/store/data/Run2025B/ScoutingPFMonitor/RAW/v1/000/392/112/00000/259de6bb-0e31-4eaf-8a6e-60576b76de3b.root 392112 [305,310,306,307,303,308,311,304,309]
/store/data/Run2025B/ScoutingPFMonitor/RAW/v1/000/392/112/00000/269cdf2b-6c0d-4467-8acb-259f7158d902.root 392112 [422,427,428,424,426,430,423,429,425]
/store/data/Run2025B/ScoutingPFMonitor/RAW/v1/000/392/112/00000/29bedf5f-f4d2-459f-906d-610475fc8003.root 392112 [404,397,399,401,398,400,402,403]
/store/data/Run2025B/ScoutingPFMonitor/RAW/v1/000/392/112/00000/300e2867-7606-4a1a-b88b-eca0932ec892.root 392112 [68,66,67,75,78,77,71,72,69,70,73,74,79,80,65,76]
/store/data/Run2025B/ScoutingPFMonitor/RAW/v1/000/392/112/00000/31ff65a3-f4a6-4d82-92f5-650d368fecb1.root 392112 [682,677,681,685,684,683,678,679,680]
/store/data/Run2025B/ScoutingPFMonitor/RAW/v1/000/392/112/00000/3317bf52-2fe1-4a71-bcf9-896a63b95b41.root 392112 [760,762,761,756,757,758,755,759]
/store/data/Run2025B/ScoutingPFMonitor/RAW/v1/000/392/112/00000/35d35382-29af-48db-b744-e6358eef7f51.root 392112 [338,340,343,341,342,345,339,344]
/store/data/Run2025B/ScoutingPFMonitor/RAW/v1/000/392/112/00000/370193e2-d5e7-4117-b5a0-b2672908c4f8.root 392112 [251,245,248,250,243,247,249,246,244]
/store/data/Run2025B/ScoutingPFMonitor/RAW/v1/000/392/112/00000/39243cf3-943e-4d20-8364-bb7fde04c992.root 392112 [153,156,155,151,154,150,149,152,157]
/store/data/Run2025B/ScoutingPFMonitor/RAW/v1/000/392/112/00000/3a97141b-3462-42fd-973f-001d12fb485b.root 392112 [854,856,859,861,858,860,853,855,857]
/store/data/Run2025B/ScoutingPFMonitor/RAW/v1/000/392/112/00000/3b65c164-fc95-4e49-8622-f8f117146665.root 392112 [620,624,622,617,619,618,621,625,623]
/store/data/Run2025B/ScoutingPFMonitor/RAW/v1/000/392/112/00000/40a11917-aaeb-4ed9-9622-20e80b96382f.root 392112 [534,538,533,539,536,537,540,535]
/store/data/Run2025B/ScoutingPFMonitor/RAW/v1/000/392/112/00000/44cda6a6-8622-4fce-acaf-9871535ee415.root 392112 [253,252,255,257,254,256,258,259]
/store/data/Run2025B/ScoutingPFMonitor/RAW/v1/000/392/112/00000/477d6aa2-7b92-4d6d-9727-5a625891f10f.root 392112 [721,722,729,725,726,728,724,727,723]
/store/data/Run2025B/ScoutingPFMonitor/RAW/v1/000/392/112/00000/47c9e5e5-23a4-4729-a703-6eb39fe34bec.root 392112 [203,201,207,200,202,206,205,204]
/store/data/Run2025B/ScoutingPFMonitor/RAW/v1/000/392/112/00000/47fb4860-00f0-444d-b54c-255c042518a7.root 392112 [229,228,232,230,227,231,233,225,226]
/store/data/Run2025B/ScoutingPFMonitor/RAW/v1/000/392/112/00000/4bd74d51-e2a9-4543-b757-f373ffdc9341.root 392112 [453,454,451,455,448,449,450,452,456]
/store/data/Run2025B/ScoutingPFMonitor/RAW/v1/000/392/112/00000/4c091ee4-cb14-453b-b700-20ef76cddfe5.root 392112 [641,634,637,639,640,636,638,635]
/store/data/Run2025B/ScoutingPFMonitor/RAW/v1/000/392/112/00000/4c939a0e-c51b-4def-a53a-45c7d101a413.root 392112 [264,263,267,260,266,262,261,265]
/store/data/Run2025B/ScoutingPFMonitor/RAW/v1/000/392/112/00000/4d208320-97f6-4ca3-afb1-e5ac57496abe.root 392112 [158,159,161,160,163,162,166,165,164]
/store/data/Run2025B/ScoutingPFMonitor/RAW/v1/000/392/112/00000/4e855002-724f-46cb-8c63-00b03aabb015.root 392112 [863,864,865,869,870,866,868,862,867]
/store/data/Run2025B/ScoutingPFMonitor/RAW/v1/000/392/112/00000/555ce0fc-e650-4751-a199-f9a2669384d8.root 392112 [747,748,752,750,749,753,754,751]
/store/data/Run2025B/ScoutingPFMonitor/RAW/v1/000/392/112/00000/572929d4-9102-44bb-9797-3087bbd0e6ad.root 392112 [545,541,543,548,544,547,542,546]
/store/data/Run2025B/ScoutingPFMonitor/RAW/v1/000/392/112/00000/5733b959-ec01-4a59-8c30-9d7bb0159beb.root 392112 [322,327,324,321,326,323,325,328,329]
/store/data/Run2025B/ScoutingPFMonitor/RAW/v1/000/392/112/00000/59e56c53-7faf-406f-9db8-028fa7108447.root 392112 [133,136,139,134,135,137,140,138]
/store/data/Run2025B/ScoutingPFMonitor/RAW/v1/000/392/112/00000/5eacbaa6-bc1c-49d0-b1ed-b846054dafee.root 392112 [829,832,827,835,830,834,828,831,833]
/store/data/Run2025B/ScoutingPFMonitor/RAW/v1/000/392/112/00000/5f00290d-8785-44b8-9a6c-5d6256d51c4a.root 392112 [1051,1052,1050,1054,1046,1048,1049,1053,1047]
/store/data/Run2025B/ScoutingPFMonitor/RAW/v1/000/392/112/00000/62dc06d0-266a-43a4-af2a-9be731c5b63c.root 392112 [776,778,773,771,777,774,772,775]
/store/data/Run2025B/ScoutingPFMonitor/RAW/v1/000/392/112/00000/631e8e8d-c36a-4532-969d-664ab1be1f9e.root 392112 [1075,1073,1074]
/store/data/Run2025B/ScoutingPFMonitor/RAW/v1/000/392/112/00000/6636833c-885b-447e-a92d-9537d93f0253.root 392112 [955,953,957,954,951,950,956,958,952]
/store/data/Run2025B/ScoutingPFMonitor/RAW/v1/000/392/112/00000/68336c01-49bf-43e3-b5ec-b7bd8dbebc8d.root 392112 [601,605,604,606,608,603,607,602]
/store/data/Run2025B/ScoutingPFMonitor/RAW/v1/000/392/112/00000/6ae069d4-1687-4c24-8152-9e49372b0391.root 392112 [578,583,580,577,581,575,576,579,582]
/store/data/Run2025B/ScoutingPFMonitor/RAW/v1/000/392/112/00000/6b02e267-b980-4a98-b95d-1160adf67626.root 392112 [805,798,797,801,802,800,804,803,799]
/store/data/Run2025B/ScoutingPFMonitor/RAW/v1/000/392/112/00000/6e241f5d-cec7-4a71-bc69-7961cc631d6a.root 392112 [354,360,356,357,358,361,359,355]
/store/data/Run2025B/ScoutingPFMonitor/RAW/v1/000/392/112/00000/6fa3aaa9-41fd-4ca9-bf02-e372ce9e64c6.root 392112 [651,653,658,656,655,659,652,654,657]
/store/data/Run2025B/ScoutingPFMonitor/RAW/v1/000/392/112/00000/71088c2b-4eb2-4e0b-b1d2-3bcbbdb5e846.root 392112 [744,739,742,746,740,743,741,745]
/store/data/Run2025B/ScoutingPFMonitor/RAW/v1/000/392/112/00000/72693fe2-e4a0-4da4-abb6-6eea015ce7d7.root 392112 [926,927,930,923,928,929,925,924,931]
/store/data/Run2025B/ScoutingPFMonitor/RAW/v1/000/392/112/00000/74d5bdf4-9edb-490b-bbc9-5b2d8cb52df7.root 392112 [733,731,734,737,735,730,732,736,738]
/store/data/Run2025B/ScoutingPFMonitor/RAW/v1/000/392/112/00000/77b70ff3-60d4-4f94-a3e1-909a41866c40.root 392112 [1029,1037,1032,1033,1035,1031,1034,1030,1036]
/store/data/Run2025B/ScoutingPFMonitor/RAW/v1/000/392/112/00000/7d1ae9cd-e9c3-4378-9c30-08ed46cc3a6e.root 392112 [269,271,268,270,272,275,273,274,276]
/store/data/Run2025B/ScoutingPFMonitor/RAW/v1/000/392/112/00000/7e13b71f-6032-4785-8677-ba55bac333d6.root 392112 [589,588,590,587,585,586,591,584]
/store/data/Run2025B/ScoutingPFMonitor/RAW/v1/000/392/112/00000/7fc2de3c-fe92-4c39-9e1d-6b7eb84201e1.root 392112 [493,494,490,491,496,497,492,495]
/store/data/Run2025B/ScoutingPFMonitor/RAW/v1/000/392/112/00000/82cec99e-b772-4c58-903d-3af431cef4f4.root 392112 [488,483,487,486,489,482,484,485]
/store/data/Run2025B/ScoutingPFMonitor/RAW/v1/000/392/112/00000/830fd26e-9e3c-42c7-9c9c-8566d5e7490f.root 392112 [242,234,239,237,238,241,240,235,236]
/store/data/Run2025B/ScoutingPFMonitor/RAW/v1/000/392/112/00000/8693952a-e9b7-40fd-85b5-6586e79dea0a.root 392112 [704,705,706,711,708,709,710,707]
/store/data/Run2025B/ScoutingPFMonitor/RAW/v1/000/392/112/00000/89aab024-08ae-4bbe-8320-3effb87ca5b7.root 392112 [446,447,442,445,441,439,443,444,440]
/store/data/Run2025B/ScoutingPFMonitor/RAW/v1/000/392/112/00000/8b11bc92-78e1-4bb2-8482-a707b4039d25.root 392112 [714,719,716,718,715,712,717,720,713]
/store/data/Run2025B/ScoutingPFMonitor/RAW/v1/000/392/112/00000/8b45dc8f-6238-4f9e-95fa-de49904345f4.root 392112 [294,302,295,297,298,299,300,301,296]
/store/data/Run2025B/ScoutingPFMonitor/RAW/v1/000/392/112/00000/8c14a0e8-6e15-431f-9441-da848471bcff.root 392112 [1065,1066,1070,1064,1068,1071,1072,1067,1069]
/store/data/Run2025B/ScoutingPFMonitor/RAW/v1/000/392/112/00000/8ec66f19-8094-43b2-89b2-235662c94fa8.root 392112 [978,980,981,977,983,976,982,979,975]
/store/data/Run2025B/ScoutingPFMonitor/RAW/v1/000/392/112/00000/915ef549-3775-4406-89a0-81a6fdfd38e2.root 392112 [627,629,626,630,631,628,633,632]
/store/data/Run2025B/ScoutingPFMonitor/RAW/v1/000/392/112/00000/92c3252c-d419-4fd6-91cf-6673985213e6.root 392112 [788,790,791,794,795,792,789,793,796]
/store/data/Run2025B/ScoutingPFMonitor/RAW/v1/000/392/112/00000/92e74507-8b4d-40f3-aa46-be8908e0b0da.root 392112 [438,436,431,437,433,434,432,435]
/store/data/Run2025B/ScoutingPFMonitor/RAW/v1/000/392/112/00000/9663eab7-dbc8-4e13-b710-57af6d92589b.root 392112 [823,822]
/store/data/Run2025B/ScoutingPFMonitor/RAW/v1/000/392/112/00000/96967380-02e1-433e-84a0-5b7d33cfd8c5.root 392112 [899,898,901,903,896,902,897,900,904]
/store/data/Run2025B/ScoutingPFMonitor/RAW/v1/000/392/112/00000/96ceb0a1-65ca-4b89-a1a8-46b5c56b4bc1.root 392112 [417,420,413,415,418,414,416,419,421]
/store/data/Run2025B/ScoutingPFMonitor/RAW/v1/000/392/112/00000/9773c0a1-5700-4d87-b8e3-c93795c7bd46.root 392112 [192,198,194,196,193,195,199,197]
/store/data/Run2025B/ScoutingPFMonitor/RAW/v1/000/392/112/00000/988a6dcc-94a1-45c0-8e8e-089355486852.root 392112 [279,283,277,278,281,282,284,280]
/store/data/Run2025B/ScoutingPFMonitor/RAW/v1/000/392/112/00000/9e406185-6008-445e-85aa-d006c8c26370.root 392112 [378,373,376,371,372,374,379,375,377]
/store/data/Run2025B/ScoutingPFMonitor/RAW/v1/000/392/112/00000/a196ed67-f7a6-4141-8702-620f55b5f7de.root 392112 [186,187,188,185,190,191,184,189]
/store/data/Run2025B/ScoutingPFMonitor/RAW/v1/000/392/112/00000/a3b902a8-4fa2-4bc3-87d3-4002aa7a2d78.root 392112 [998,999,996,1000,1001,995,997,994,993]
/store/data/Run2025B/ScoutingPFMonitor/RAW/v1/000/392/112/00000/a3bba2e8-4e84-47fa-8615-bd6f72a93280.root 392112 [366,363,368,364,369,370,362,365,367]
/store/data/Run2025B/ScoutingPFMonitor/RAW/v1/000/392/112/00000/a4c29f95-10a2-41d8-961f-0d667f039670.root 392112 [145,147,142,143,144,141,148,146]
/store/data/Run2025B/ScoutingPFMonitor/RAW/v1/000/392/112/00000/ac39e452-e795-4d44-92d0-99d13a4d883d.root 392112 [119,120,124,121,122,117,118,123]
/store/data/Run2025B/ScoutingPFMonitor/RAW/v1/000/392/112/00000/af6ccf3d-dab7-4318-ab18-3f753f259bee.root 392112 [609,616,611,614,612,610,613,615]
/store/data/Run2025B/ScoutingPFMonitor/RAW/v1/000/392/112/00000/b0ce6993-29c8-4a16-ab69-41dccfb615df.root 392112 [409,412,406,407,411,408,410,405]
/store/data/Run2025B/ScoutingPFMonitor/RAW/v1/000/392/112/00000/b5b5bd35-0951-4b6b-b0b4-e7db67605794.root 392112 [874,875,878,871,879,872,873,876,877]
/store/data/Run2025B/ScoutingPFMonitor/RAW/v1/000/392/112/00000/b6f62677-da5e-49c0-a5ef-f5e314371806.root 392112 [849,846,848,850,847,851,845,852]
/store/data/Run2025B/ScoutingPFMonitor/RAW/v1/000/392/112/00000/b7afc9a1-7cf0-4a93-9a82-738692427ba7.root 392112 [646,649,642,645,643,648,650,644,647]
/store/data/Run2025B/ScoutingPFMonitor/RAW/v1/000/392/112/00000/b800228d-b8c7-4671-a720-108664ca552d.root 392112 [330,331,333,334,335,337,332,336]
/store/data/Run2025B/ScoutingPFMonitor/RAW/v1/000/392/112/00000/bac8311e-c7c0-4e0b-aebe-26030f3191fd.root 392112 [178,176,180,177,179,181,182,183]
/store/data/Run2025B/ScoutingPFMonitor/RAW/v1/000/392/112/00000/bc111d23-87ee-4679-b960-e2965426729e.root 392112 [780,782,786,781,783,787,779,784,785]
/store/data/Run2025B/ScoutingPFMonitor/RAW/v1/000/392/112/00000/c0b5c332-9b03-4922-a506-4fa2d4c73b81.root 392112 [911,912,906,908,910,905,907,909,913]
/store/data/Run2025B/ScoutingPFMonitor/RAW/v1/000/392/112/00000/c27c33c9-4293-4598-a0fc-280f04b79d42.root 392112 [836,838,842,840,843,839,837,844,841]
/store/data/Run2025B/ScoutingPFMonitor/RAW/v1/000/392/112/00000/c5509270-bb26-4e28-adae-d7b1651ea91e.root 392112 [127,131,132,130,125,128,129,126]
/store/data/Run2025B/ScoutingPFMonitor/RAW/v1/000/392/112/00000/c8d91651-52a0-4638-a8c1-d20763e8b1b6.root 392112 [1024,1020,1023,1025,1026,1022,1027,1021,1028]
/store/data/Run2025B/ScoutingPFMonitor/RAW/v1/000/392/112/00000/cb9ed2d9-e166-4241-ab32-f19b27a9d0fc.root 392112 [350,351,349,348,353,347,346,352]
/store/data/Run2025B/ScoutingPFMonitor/RAW/v1/000/392/112/00000/ce2f5b7e-aa71-4b8a-8cfe-438b4457e7ab.root 392112 [661,664,665,666,667,660,663,668,662]
/store/data/Run2025B/ScoutingPFMonitor/RAW/v1/000/392/112/00000/ce793fc9-ce6e-4410-aaa0-b3a8442f1653.root 392112 [88,93,94,95,97,82,83,92,81,90,85,86,91,96,89,84,87]
/store/data/Run2025B/ScoutingPFMonitor/RAW/v1/000/392/112/00000/d33b1966-7c9f-440f-91c0-7b485abc5f82.root 392112 [1055,1058,1062,1057,1060,1063,1056,1059,1061]
/store/data/Run2025B/ScoutingPFMonitor/RAW/v1/000/392/112/00000/d346c1ef-f851-4968-9f28-2d942b64819c.root 392112 [916,917,915,920,921,914,918,919,922]
/store/data/Run2025B/ScoutingPFMonitor/RAW/v1/000/392/112/00000/d7b31777-cf53-49e6-b4e3-21afc0b397df.root 392112 [2,7,10,12,16,17,22,36,39,40,53,57,61,64,3,6,19,21,29,34,48,56,59,5,20,47,52,15,27,43,46,62,1,18,23,24,28,33,35,38,44,45,51,54,58,4,25,31,32,37,42,49,60,63,11,26,30,41,50,55,8,9,13,14]
/store/data/Run2025B/ScoutingPFMonitor/RAW/v1/000/392/112/00000/d91df425-c4d5-46b0-8f72-efcd6981127f.root 392112 [939,932,937,935,940,936,933,934,938]
/store/data/Run2025B/ScoutingPFMonitor/RAW/v1/000/392/112/00000/de307680-bd60-4519-8cca-5dbf41ceb121.root 392112 [688,686,691,692,693,687,690,689,694]
/store/data/Run2025B/ScoutingPFMonitor/RAW/v1/000/392/112/00000/de531328-7bc9-4121-83a1-d433120cd06a.root 392112 [1045,1044,1040,1038,1041,1043,1042,1039]
