/store/data/Run2017C/ZeroBias/RAW/v1/000/301/998/00000/000B34CC-B58C-E711-870D-02163E011D3C.root [356,357]
/store/data/Run2017C/ZeroBias/RAW/v1/000/301/998/00000/0043F7B2-CE8C-E711-8BC7-02163E019BE1.root [939,940,941]
/store/data/Run2017C/ZeroBias/RAW/v1/000/301/998/00000/0048ADC5-B58C-E711-AAD1-02163E011BA9.root [394,395]
/store/data/Run2017C/ZeroBias/RAW/v1/000/301/998/00000/006790B1-7B8D-E711-BFAB-02163E01A595.root [1719,1721,1708,1717,1720,1724,1712,1722,1723,1709,1711,1713,1716,1715,1718,1710,1714]
/store/data/Run2017C/ZeroBias/RAW/v1/000/301/998/00000/006DCFEB-D48C-E711-82BE-02163E014424.root [1045,1046,1044]
/store/data/Run2017C/ZeroBias/RAW/v1/000/301/998/00000/022860B9-D78C-E711-93EF-02163E01425E.root [1102,1103,1101]
/store/data/Run2017C/ZeroBias/RAW/v1/000/301/998/00000/023D83BC-B58C-E711-9855-02163E01A1DC.root [351,350]
/store/data/Run2017C/ZeroBias/RAW/v1/000/301/998/00000/02A37AB5-D78C-E711-9FD2-02163E01A6BC.root [1099,1098,1100]
/store/data/Run2017C/ZeroBias/RAW/v1/000/301/998/00000/043767CF-BD8C-E711-A33B-02163E01A73B.root [620,621,622]
/store/data/Run2017C/ZeroBias/RAW/v1/000/301/998/00000/048F30CF-EC8C-E711-AE56-02163E01A722.root [1485,1486,1488,1487]
/store/data/Run2017C/ZeroBias/RAW/v1/000/301/998/00000/048FFB76-D98C-E711-A33E-02163E019E2B.root [1128,1129,1130]
/store/data/Run2017C/ZeroBias/RAW/v1/000/301/998/00000/04AAFFA7-CA8C-E711-A048-02163E012A42.root [858,859,857]
/store/data/Run2017C/ZeroBias/RAW/v1/000/301/998/00000/04C192C4-F48C-E711-B893-02163E019E5C.root [1633,1635,1634,1636]
/store/data/Run2017C/ZeroBias/RAW/v1/000/301/998/00000/06226656-EB8C-E711-88EF-02163E01A305.root [1465,1466,1468,1467]
/store/data/Run2017C/ZeroBias/RAW/v1/000/301/998/00000/065914C5-B58C-E711-8AA2-02163E01A649.root [193,192]
/store/data/Run2017C/ZeroBias/RAW/v1/000/301/998/00000/066FE2A5-C38C-E711-8303-02163E019DD0.root [730,728,729]
/store/data/Run2017C/ZeroBias/RAW/v1/000/301/998/00000/067787C0-B58C-E711-AB18-02163E01442E.root [279,278]
/store/data/Run2017C/ZeroBias/RAW/v1/000/301/998/00000/06FDEB98-C58C-E711-9089-02163E0121CB.root [769,767,768]
/store/data/Run2017C/ZeroBias/RAW/v1/000/301/998/00000/082C469A-D98C-E711-8BCE-02163E013621.root [1137,1138,1139]
/store/data/Run2017C/ZeroBias/RAW/v1/000/301/998/00000/08821AD5-B58C-E711-99C1-02163E0118AC.root [448,449]
/store/data/Run2017C/ZeroBias/RAW/v1/000/301/998/00000/08C6A768-EC8C-E711-8499-02163E0145C5.root [1474,1473,1475,1476]
/store/data/Run2017C/ZeroBias/RAW/v1/000/301/998/00000/08ED7DB6-B58C-E711-B48D-02163E01A575.root [146,147]
/store/data/Run2017C/ZeroBias/RAW/v1/000/301/998/00000/08FAC9EF-DC8C-E711-9590-02163E01A25D.root [1201,1200,1202]
/store/data/Run2017C/ZeroBias/RAW/v1/000/301/998/00000/0A40C844-C98C-E711-899F-02163E01346A.root [834,833,835]
/store/data/Run2017C/ZeroBias/RAW/v1/000/301/998/00000/0A49A2C0-B58C-E711-B039-02163E011DF5.root [182,183]
/store/data/Run2017C/ZeroBias/RAW/v1/000/301/998/00000/0A6BF327-BD8C-E711-A35B-02163E01A5CE.root [612,613,611]
/store/data/Run2017C/ZeroBias/RAW/v1/000/301/998/00000/0A86F53E-B68C-E711-9671-02163E01473A.root [479,480,481]
/store/data/Run2017C/ZeroBias/RAW/v1/000/301/998/00000/0AC1A8BF-B58C-E711-9450-02163E0142EE.root [332,333]
/store/data/Run2017C/ZeroBias/RAW/v1/000/301/998/00000/0ACF405E-F38C-E711-AB45-02163E019DC0.root [1609,1610,1611,1612]
/store/data/Run2017C/ZeroBias/RAW/v1/000/301/998/00000/0C05178B-EF8C-E711-AA9C-02163E0118B6.root [1542,1544,1541,1543]
/store/data/Run2017C/ZeroBias/RAW/v1/000/301/998/00000/0C06F404-B68C-E711-90DC-02163E011F61.root [322,323]
/store/data/Run2017C/ZeroBias/RAW/v1/000/301/998/00000/0C0AA0B9-B58C-E711-A1C1-02163E0119CB.root [126,127]
/store/data/Run2017C/ZeroBias/RAW/v1/000/301/998/00000/0C19B7C0-B58C-E711-A44F-02163E01A26B.root [317,316]
/store/data/Run2017C/ZeroBias/RAW/v1/000/301/998/00000/0C2AB2D5-B78C-E711-9CFD-02163E01A6B7.root [519,520,518]
/store/data/Run2017C/ZeroBias/RAW/v1/000/301/998/00000/0C780DC4-F78C-E711-B29F-02163E01A5EB.root [1690,1691,1692,1693]
/store/data/Run2017C/ZeroBias/RAW/v1/000/301/998/00000/102D1BB3-B58C-E711-9CCE-02163E01A1C5.root [9,10]
/store/data/Run2017C/ZeroBias/RAW/v1/000/301/998/00000/1059C8BB-E28C-E711-A8A3-02163E019E53.root [1304,1301,1302,1303]
/store/data/Run2017C/ZeroBias/RAW/v1/000/301/998/00000/10FD6F06-F78C-E711-A4C3-02163E013459.root [1676,1677,1674,1675]
/store/data/Run2017C/ZeroBias/RAW/v1/000/301/998/00000/12B6DC90-D18C-E711-895B-02163E0118B6.root [988,987,989]
/store/data/Run2017C/ZeroBias/RAW/v1/000/301/998/00000/12BB4D3E-EF8C-E711-9548-02163E01A6BC.root [1530,1531,1529,1532]
/store/data/Run2017C/ZeroBias/RAW/v1/000/301/998/00000/12EEF58A-D18C-E711-B6C7-02163E01A56E.root [990,992,991]
/store/data/Run2017C/ZeroBias/RAW/v1/000/301/998/00000/142595BA-B58C-E711-9388-02163E01A6C3.root [268,269]
/store/data/Run2017C/ZeroBias/RAW/v1/000/301/998/00000/14504032-CC8C-E711-8EEA-02163E01A68E.root [889,890,887,888]
/store/data/Run2017C/ZeroBias/RAW/v1/000/301/998/00000/147286CC-B58C-E711-A882-02163E011ECD.root [408,409]
/store/data/Run2017C/ZeroBias/RAW/v1/000/301/998/00000/14B33815-F78C-E711-A3C4-02163E01451D.root [1667,1666,1668,1669]
/store/data/Run2017C/ZeroBias/RAW/v1/000/301/998/00000/14C0871A-CD8C-E711-9B71-02163E01A3A2.root [910,911,909]
/store/data/Run2017C/ZeroBias/RAW/v1/000/301/998/00000/14DC5473-F48C-E711-98A8-02163E01A3AB.root [1623,1621,1622,1624]
/store/data/Run2017C/ZeroBias/RAW/v1/000/301/998/00000/16369438-C68C-E711-A6E2-02163E01A4F5.root [780,781,779]
/store/data/Run2017C/ZeroBias/RAW/v1/000/301/998/00000/16795AF3-F28C-E711-8272-02163E0145B1.root [1600,1597,1598,1599]
/store/data/Run2017C/ZeroBias/RAW/v1/000/301/998/00000/1689944D-C78C-E711-B447-02163E019BBE.root [796,794,795]
/store/data/Run2017C/ZeroBias/RAW/v1/000/301/998/00000/16D300C2-B58C-E711-90DF-02163E0119D5.root [338,339]
/store/data/Run2017C/ZeroBias/RAW/v1/000/301/998/00000/16EEAD66-C68C-E711-844B-02163E019DD6.root [782,783,784]
/store/data/Run2017C/ZeroBias/RAW/v1/000/301/998/00000/18286CBE-B58C-E711-85F1-02163E019CF1.root [352,353]
/store/data/Run2017C/ZeroBias/RAW/v1/000/301/998/00000/1840638C-C48C-E711-9854-02163E01A59A.root [746,747,748]
/store/data/Run2017C/ZeroBias/RAW/v1/000/301/998/00000/18C28BCE-868D-E711-B9C0-02163E014138.root [1761]
/store/data/Run2017C/ZeroBias/RAW/v1/000/301/998/00000/18D2B0ED-B58C-E711-8639-02163E0138F9.root [185,184]
/store/data/Run2017C/ZeroBias/RAW/v1/000/301/998/00000/1A18779F-D28C-E711-A6C5-02163E019D67.root [1005,1007,1006]
/store/data/Run2017C/ZeroBias/RAW/v1/000/301/998/00000/1A3C9F2C-EF8C-E711-BFFD-02163E019D1A.root [1527,1526,1525,1528]
/store/data/Run2017C/ZeroBias/RAW/v1/000/301/998/00000/1A4D1C08-D68C-E711-90EF-02163E01A6F3.root [1069,1070,1068]
/store/data/Run2017C/ZeroBias/RAW/v1/000/301/998/00000/1A63C090-B68C-E711-A51F-02163E0145C5.root [489,488,490]
/store/data/Run2017C/ZeroBias/RAW/v1/000/301/998/00000/1A6944CF-CA8C-E711-86F1-02163E011D0A.root [871,869,870]
/store/data/Run2017C/ZeroBias/RAW/v1/000/301/998/00000/1A896A4C-E48C-E711-AC83-02163E01A513.root [1330,1329,1331,1332]
/store/data/Run2017C/ZeroBias/RAW/v1/000/301/998/00000/1A99CE83-DE8C-E711-A47E-02163E0144FB.root [1228,1227,1229]
/store/data/Run2017C/ZeroBias/RAW/v1/000/301/998/00000/1AB3A53C-B78C-E711-AA49-02163E01410E.root [446,447]
/store/data/Run2017C/ZeroBias/RAW/v1/000/301/998/00000/1AC70701-C38C-E711-8DA5-02163E011DE8.root [723,722,724]
/store/data/Run2017C/ZeroBias/RAW/v1/000/301/998/00000/1AD9F9BE-B58C-E711-91FE-02163E013522.root [379,378]
/store/data/Run2017C/ZeroBias/RAW/v1/000/301/998/00000/1ADC52B3-B58C-E711-BCE0-02163E01A1FE.root [25,26]
/store/data/Run2017C/ZeroBias/RAW/v1/000/301/998/00000/1C12D295-E98C-E711-82DE-02163E01A479.root [1433,1435,1436,1434]
/store/data/Run2017C/ZeroBias/RAW/v1/000/301/998/00000/1CAF407E-F58C-E711-9BEB-02163E019CB3.root [1646,1645,1648,1647]
/store/data/Run2017C/ZeroBias/RAW/v1/000/301/998/00000/1E7D1AF3-B88C-E711-8072-02163E013768.root [537,536,538]
/store/data/Run2017C/ZeroBias/RAW/v1/000/301/998/00000/1EA2E368-BE8C-E711-8A95-02163E019D37.root [636,637,635]
/store/data/Run2017C/ZeroBias/RAW/v1/000/301/998/00000/20239AFA-F28C-E711-AEA6-02163E014530.root [1603,1601,1602,1604]
/store/data/Run2017C/ZeroBias/RAW/v1/000/301/998/00000/203D1532-CC8C-E711-9E0E-02163E01A22E.root [875,877,876]
/store/data/Run2017C/ZeroBias/RAW/v1/000/301/998/00000/2063E4B7-B58C-E711-A808-02163E01A64E.root [167,166]
/store/data/Run2017C/ZeroBias/RAW/v1/000/301/998/00000/20788FC0-B58C-E711-AC10-02163E01433C.root [439,438]
/store/data/Run2017C/ZeroBias/RAW/v1/000/301/998/00000/20A4DFB7-B58C-E711-A7A8-02163E019DB1.root [189,188]
/store/data/Run2017C/ZeroBias/RAW/v1/000/301/998/00000/20E62761-D78C-E711-BEC5-02163E011E4D.root [1097,1096,1095]
/store/data/Run2017C/ZeroBias/RAW/v1/000/301/998/00000/220310B8-B58C-E711-A668-02163E01A6F4.root [180,181]
/store/data/Run2017C/ZeroBias/RAW/v1/000/301/998/00000/22835E3E-CA8C-E711-997B-02163E012A34.root [853,852,851]
/store/data/Run2017C/ZeroBias/RAW/v1/000/301/998/00000/22976E1F-B68C-E711-924B-02163E0134E9.root [297,296]
/store/data/Run2017C/ZeroBias/RAW/v1/000/301/998/00000/22AC4DBD-B58C-E711-84DB-02163E01A3D0.root [341,340]
/store/data/Run2017C/ZeroBias/RAW/v1/000/301/998/00000/22C715C5-DE8C-E711-BFFF-02163E01A377.root [1235,1234,1236]
/store/data/Run2017C/ZeroBias/RAW/v1/000/301/998/00000/2406A27E-CB8C-E711-B989-02163E0143A4.root [872,873,874]
/store/data/Run2017C/ZeroBias/RAW/v1/000/301/998/00000/24278BC1-B58C-E711-96C8-02163E014600.root [219,218]
/store/data/Run2017C/ZeroBias/RAW/v1/000/301/998/00000/24375D2A-D48C-E711-874F-02163E01A59D.root [1036,1037,1035]
/store/data/Run2017C/ZeroBias/RAW/v1/000/301/998/00000/245615BD-B58C-E711-95EC-02163E01A4B4.root [144,145]
/store/data/Run2017C/ZeroBias/RAW/v1/000/301/998/00000/246477AB-E38C-E711-AB98-02163E01417A.root [1326,1327,1328,1325]
/store/data/Run2017C/ZeroBias/RAW/v1/000/301/998/00000/24CC958E-CF8C-E711-9131-02163E011EF1.root [951,953,952]
/store/data/Run2017C/ZeroBias/RAW/v1/000/301/998/00000/24E53EBE-B58C-E711-9B01-02163E011A80.root [375,374]
/store/data/Run2017C/ZeroBias/RAW/v1/000/301/998/00000/24F46EFF-C18C-E711-9AD8-02163E01A3FA.root [703,701,702]
/store/data/Run2017C/ZeroBias/RAW/v1/000/301/998/00000/2631D24B-DD8C-E711-AEA6-02163E01A3A2.root [1211,1210,1209]
/store/data/Run2017C/ZeroBias/RAW/v1/000/301/998/00000/267D73B8-B58C-E711-B8D1-02163E01A43C.root [224,225]
/store/data/Run2017C/ZeroBias/RAW/v1/000/301/998/00000/282312C7-B58C-E711-A0B9-02163E01A30A.root [176,177]
/store/data/Run2017C/ZeroBias/RAW/v1/000/301/998/00000/285924F3-CD8C-E711-A83E-02163E01341D.root [925,924,926]
/store/data/Run2017C/ZeroBias/RAW/v1/000/301/998/00000/2893E93E-C48C-E711-B5B9-02163E0144B1.root [741,742,740]
/store/data/Run2017C/ZeroBias/RAW/v1/000/301/998/00000/28E2AADA-DB8C-E711-92F9-02163E0146D6.root [1175,1173,1174,1176]
/store/data/Run2017C/ZeroBias/RAW/v1/000/301/998/00000/28EBBA3C-B68C-E711-B47C-02163E014150.root [484,482,483]
/store/data/Run2017C/ZeroBias/RAW/v1/000/301/998/00000/2A1F39B6-B58C-E711-BF5B-02163E01A4E2.root [94,95]
/store/data/Run2017C/ZeroBias/RAW/v1/000/301/998/00000/2A891ECB-B58C-E711-9BFC-02163E011ECD.root [413,412]
/store/data/Run2017C/ZeroBias/RAW/v1/000/301/998/00000/2AED807E-D28C-E711-AACA-02163E019D98.root [1004,1002,1003]
/store/data/Run2017C/ZeroBias/RAW/v1/000/301/998/00000/2AF6CFB6-B58C-E711-A608-02163E0144D5.root [131,130]
/store/data/Run2017C/ZeroBias/RAW/v1/000/301/998/00000/2C0F28BC-B58C-E711-995C-02163E01A662.root [337,336]
/store/data/Run2017C/ZeroBias/RAW/v1/000/301/998/00000/2CCFE6BF-B58C-E711-80A5-02163E01A2C8.root [468,470,469]
/store/data/Run2017C/ZeroBias/RAW/v1/000/301/998/00000/2E2A2569-DA8C-E711-A386-02163E013897.root [1153,1154,1152,1155]
/store/data/Run2017C/ZeroBias/RAW/v1/000/301/998/00000/2E663FE1-C08C-E711-A22A-02163E01A73A.root [679,678,677]
/store/data/Run2017C/ZeroBias/RAW/v1/000/301/998/00000/2E8D9554-EE8C-E711-AF07-02163E01A6CA.root [1517,1520,1518,1519]
/store/data/Run2017C/ZeroBias/RAW/v1/000/301/998/00000/2ED1F1B5-B58C-E711-8B22-02163E01A3E6.root [98,99]
/store/data/Run2017C/ZeroBias/RAW/v1/000/301/998/00000/303F5D66-CF8C-E711-9B19-02163E01A6CB.root [949,948,950]
/store/data/Run2017C/ZeroBias/RAW/v1/000/301/998/00000/3060A7BF-B58C-E711-9199-02163E01A658.root [51,50]
/store/data/Run2017C/ZeroBias/RAW/v1/000/301/998/00000/307991B2-B58C-E711-8FFC-02163E01A1FE.root [17,18]
/store/data/Run2017C/ZeroBias/RAW/v1/000/301/998/00000/30913CF4-B58C-E711-A000-02163E0145B1.root [120,121]
/store/data/Run2017C/ZeroBias/RAW/v1/000/301/998/00000/30E785B1-E58C-E711-B89F-02163E01A305.root [1355,1353,1354,1356]
/store/data/Run2017C/ZeroBias/RAW/v1/000/301/998/00000/320C41FC-C78C-E711-9293-02163E019CB5.root [809,810,811]
/store/data/Run2017C/ZeroBias/RAW/v1/000/301/998/00000/3228D014-E18C-E711-AF34-02163E01A606.root [1279,1278,1277,1280]
/store/data/Run2017C/ZeroBias/RAW/v1/000/301/998/00000/324527EE-BB8C-E711-AFAE-02163E019E0C.root [585,586,584]
/store/data/Run2017C/ZeroBias/RAW/v1/000/301/998/00000/325704BF-B58C-E711-8B86-02163E011897.root [256,257]
/store/data/Run2017C/ZeroBias/RAW/v1/000/301/998/00000/327049C0-F18C-E711-B0BC-02163E01A4C9.root [1573,1574,1575,1576]
/store/data/Run2017C/ZeroBias/RAW/v1/000/301/998/00000/3289F0F5-E28C-E711-B10E-02163E014613.root [1310,1311,1309,1312]
/store/data/Run2017C/ZeroBias/RAW/v1/000/301/998/00000/32B43A67-CF8C-E711-8259-02163E0146C9.root [943,944,942]
/store/data/Run2017C/ZeroBias/RAW/v1/000/301/998/00000/3406A792-F78C-E711-A09F-02163E014725.root [1686,1687,1689,1688]
/store/data/Run2017C/ZeroBias/RAW/v1/000/301/998/00000/342E3F3D-C98C-E711-8C3A-02163E014188.root [838,837,836]
/store/data/Run2017C/ZeroBias/RAW/v1/000/301/998/00000/3497BB12-E18C-E711-A803-02163E019CB5.root [1275,1276,1273,1274]
/store/data/Run2017C/ZeroBias/RAW/v1/000/301/998/00000/34B6908F-C08C-E711-99BA-02163E0136F1.root [672,671,673]
/store/data/Run2017C/ZeroBias/RAW/v1/000/301/998/00000/361D7F97-DE8C-E711-802C-02163E011A94.root [1230,1232,1231,1233]
/store/data/Run2017C/ZeroBias/RAW/v1/000/301/998/00000/3656215C-B78C-E711-A9A5-02163E01A408.root [503,504,505]
/store/data/Run2017C/ZeroBias/RAW/v1/000/301/998/00000/365866BC-B58C-E711-B663-02163E0133A8.root [246,247]
/store/data/Run2017C/ZeroBias/RAW/v1/000/301/998/00000/365B34B9-B58C-E711-A88F-02163E0119CB.root [137,136]
/store/data/Run2017C/ZeroBias/RAW/v1/000/301/998/00000/366224BD-B58C-E711-BCF6-02163E01A24D.root [365,364]
/store/data/Run2017C/ZeroBias/RAW/v1/000/301/998/00000/36ECE79A-D08C-E711-B4F0-02163E012748.root [970,969,971]
/store/data/Run2017C/ZeroBias/RAW/v1/000/301/998/00000/3850D9BA-BD8C-E711-BC12-02163E01A5C1.root [625,623,624]
/store/data/Run2017C/ZeroBias/RAW/v1/000/301/998/00000/38B3F7C3-B58C-E711-AFF3-02163E01A26B.root [324,325]
/store/data/Run2017C/ZeroBias/RAW/v1/000/301/998/00000/38DA65C0-B58C-E711-B66F-02163E01A444.root [437,436]
/store/data/Run2017C/ZeroBias/RAW/v1/000/301/998/00000/38EAF37F-C68C-E711-9131-02163E01A5E7.root [787,785,786]
/store/data/Run2017C/ZeroBias/RAW/v1/000/301/998/00000/3A023BC1-B58C-E711-ADA6-02163E0140E8.root [440,441]
/store/data/Run2017C/ZeroBias/RAW/v1/000/301/998/00000/3A1976C4-B58C-E711-9011-02163E0136F8.root [312,313]
/store/data/Run2017C/ZeroBias/RAW/v1/000/301/998/00000/3A7558B8-B58C-E711-8477-02163E011BEA.root [44,45]
/store/data/Run2017C/ZeroBias/RAW/v1/000/301/998/00000/3A8B56F7-BC8C-E711-9036-02163E01A5B2.root [610,609,608]
/store/data/Run2017C/ZeroBias/RAW/v1/000/301/998/00000/3A96765A-F28C-E711-8105-02163E01429E.root [1587,1588,1586,1585]
/store/data/Run2017C/ZeroBias/RAW/v1/000/301/998/00000/3AB29D8B-BF8C-E711-8475-02163E019BBE.root [652,650,651]
/store/data/Run2017C/ZeroBias/RAW/v1/000/301/998/00000/3C03583B-D58C-E711-B763-02163E01416C.root [1057,1056,1058]
/store/data/Run2017C/ZeroBias/RAW/v1/000/301/998/00000/3C3B8868-C28C-E711-8549-02163E014113.root [707,709,708]
/store/data/Run2017C/ZeroBias/RAW/v1/000/301/998/00000/3CF8C6BF-B58C-E711-B996-02163E019CF1.root [347,346]
/store/data/Run2017C/ZeroBias/RAW/v1/000/301/998/00000/401C74D1-B58C-E711-A31C-02163E011970.root [259,258]
/store/data/Run2017C/ZeroBias/RAW/v1/000/301/998/00000/401DD80D-DD8C-E711-A438-02163E01A6E6.root [1199,1198,1197]
/store/data/Run2017C/ZeroBias/RAW/v1/000/301/998/00000/407114C4-F58C-E711-8B98-02163E0144DD.root [1659,1661,1657,1658,1660]
/store/data/Run2017C/ZeroBias/RAW/v1/000/301/998/00000/4083E0F9-BE8C-E711-AC23-02163E01A5E5.root [644,645,646]
/store/data/Run2017C/ZeroBias/RAW/v1/000/301/998/00000/409D05C4-B58C-E711-89A9-02163E0146FD.root [243,242]
/store/data/Run2017C/ZeroBias/RAW/v1/000/301/998/00000/40D327BC-B58C-E711-B120-02163E01A662.root [327,326]
/store/data/Run2017C/ZeroBias/RAW/v1/000/301/998/00000/4236A0C0-B58C-E711-A737-02163E01A444.root [417,416]
/store/data/Run2017C/ZeroBias/RAW/v1/000/301/998/00000/4281BE73-B78C-E711-80E1-02163E01A67C.root [509,510,511]
/store/data/Run2017C/ZeroBias/RAW/v1/000/301/998/00000/42B975C2-B58C-E711-B675-02163E0119D5.root [331,330]
/store/data/Run2017C/ZeroBias/RAW/v1/000/301/998/00000/42F98DBF-B58C-E711-95D3-02163E01A64E.root [157,156]
/store/data/Run2017C/ZeroBias/RAW/v1/000/301/998/00000/441713CA-CE8C-E711-AB85-02163E0140E7.root [934,933,935]
/store/data/Run2017C/ZeroBias/RAW/v1/000/301/998/00000/443E677A-F38C-E711-AAE5-02163E014146.root [1616,1613,1614,1615]
/store/data/Run2017C/ZeroBias/RAW/v1/000/301/998/00000/4445DEB7-B58C-E711-A793-02163E019B77.root [134,135]
/store/data/Run2017C/ZeroBias/RAW/v1/000/301/998/00000/4451A13C-DA8C-E711-8975-02163E014424.root [1147,1146,1148]
/store/data/Run2017C/ZeroBias/RAW/v1/000/301/998/00000/4466DEC8-E28C-E711-A350-02163E014562.root [1306,1305,1307,1308]
/store/data/Run2017C/ZeroBias/RAW/v1/000/301/998/00000/44B621F4-B58C-E711-8CD8-02163E0145B1.root [97,96]
/store/data/Run2017C/ZeroBias/RAW/v1/000/301/998/00000/44BC9360-D68C-E711-8453-02163E019CD2.root [1071,1072,1073]
/store/data/Run2017C/ZeroBias/RAW/v1/000/301/998/00000/4649F0C7-B58C-E711-808F-02163E01412B.root [235,234]
/store/data/Run2017C/ZeroBias/RAW/v1/000/301/998/00000/46A795BA-B58C-E711-A7D2-02163E01A6C3.root [254,255]
/store/data/Run2017C/ZeroBias/RAW/v1/000/301/998/00000/46B6ECB8-B58C-E711-93A5-02163E014178.root [87,86]
/store/data/Run2017C/ZeroBias/RAW/v1/000/301/998/00000/482885CA-B58C-E711-A7A3-02163E01A511.root [457,456]
/store/data/Run2017C/ZeroBias/RAW/v1/000/301/998/00000/486B10F4-C78C-E711-9736-02163E01425C.root [813,812,814]
/store/data/Run2017C/ZeroBias/RAW/v1/000/301/998/00000/489869BC-B58C-E711-8CEB-02163E0133A8.root [232,233]
/store/data/Run2017C/ZeroBias/RAW/v1/000/301/998/00000/489BD89E-ED8C-E711-9D07-02163E01A4BE.root [1498,1497,1499,1500]
/store/data/Run2017C/ZeroBias/RAW/v1/000/301/998/00000/48AA42B8-B58C-E711-B00B-02163E01A3A2.root [248,249]
/store/data/Run2017C/ZeroBias/RAW/v1/000/301/998/00000/48C6AAF1-BB8C-E711-9692-02163E019BE1.root [587,589,588]
/store/data/Run2017C/ZeroBias/RAW/v1/000/301/998/00000/48F2847E-EC8C-E711-91CE-02163E0118B6.root [1482,1484,1483,1481]
/store/data/Run2017C/ZeroBias/RAW/v1/000/301/998/00000/48F30FC5-B58C-E711-A57E-02163E0146FD.root [252,253]
/store/data/Run2017C/ZeroBias/RAW/v1/000/301/998/00000/48FB471D-D78C-E711-BDCC-02163E01A762.root [1091,1090,1089]
/store/data/Run2017C/ZeroBias/RAW/v1/000/301/998/00000/48FD9507-E38C-E711-86AF-02163E01A73A.root [1313,1315,1316,1314]
/store/data/Run2017C/ZeroBias/RAW/v1/000/301/998/00000/4C154CBD-B58C-E711-83FB-02163E01A4B4.root [148,149]
/store/data/Run2017C/ZeroBias/RAW/v1/000/301/998/00000/4C2AE0E1-B58C-E711-95C9-02163E012745.root [382,383]
/store/data/Run2017C/ZeroBias/RAW/v1/000/301/998/00000/4C8E8C6F-EF8C-E711-9F2F-02163E0144AC.root [1534,1535,1533,1536]
/store/data/Run2017C/ZeroBias/RAW/v1/000/301/998/00000/4C9182CE-B58C-E711-98F7-02163E0143A3.root [240,241]
/store/data/Run2017C/ZeroBias/RAW/v1/000/301/998/00000/4CAD9CB6-B58C-E711-AD87-02163E019D1B.root [124,125]
/store/data/Run2017C/ZeroBias/RAW/v1/000/301/998/00000/4E4012F3-E18C-E711-84C4-02163E01A79C.root [1289,1290,1291,1292]
/store/data/Run2017C/ZeroBias/RAW/v1/000/301/998/00000/4E4CA59B-C78C-E711-8D5A-02163E01A26A.root [808,807,806]
/store/data/Run2017C/ZeroBias/RAW/v1/000/301/998/00000/4E803EB3-B58C-E711-AB5C-02163E01A5E8.root [4,3]
/store/data/Run2017C/ZeroBias/RAW/v1/000/301/998/00000/4EC149B7-B58C-E711-B461-02163E01A6EA.root [179,178]
/store/data/Run2017C/ZeroBias/RAW/v1/000/301/998/00000/4EC6CB20-F28C-E711-B262-02163E01456A.root [1590,1589,1591,1592]
/store/data/Run2017C/ZeroBias/RAW/v1/000/301/998/00000/50EAA91B-DA8C-E711-9246-02163E012A10.root [1144,1145,1143]
/store/data/Run2017C/ZeroBias/RAW/v1/000/301/998/00000/52300EB7-B58C-E711-B030-02163E01A5FF.root [196,197]
/store/data/Run2017C/ZeroBias/RAW/v1/000/301/998/00000/523E4FB5-E58C-E711-944B-02163E01456A.root [1357,1359,1358,1360]
/store/data/Run2017C/ZeroBias/RAW/v1/000/301/998/00000/528480BA-B98C-E711-A63E-02163E0143A3.root [553,551,552]
/store/data/Run2017C/ZeroBias/RAW/v1/000/301/998/00000/52C9E77A-C58C-E711-8408-02163E0129C0.root [762,763,761]
/store/data/Run2017C/ZeroBias/RAW/v1/000/301/998/00000/52F012B6-B58C-E711-AEE9-02163E0143FC.root [61,60]
/store/data/Run2017C/ZeroBias/RAW/v1/000/301/998/00000/52F13DB7-C98C-E711-92F7-02163E01A6BA.root [841,840,839]
/store/data/Run2017C/ZeroBias/RAW/v1/000/301/998/00000/52FA39CB-B58C-E711-818D-02163E0128AD.root [458,459]
/store/data/Run2017C/ZeroBias/RAW/v1/000/301/998/00000/546D6CBF-B58C-E711-BA14-02163E01429D.root [204,205]
/store/data/Run2017C/ZeroBias/RAW/v1/000/301/998/00000/54A828BE-B58C-E711-A92F-02163E0143C9.root [90,91]
/store/data/Run2017C/ZeroBias/RAW/v1/000/301/998/00000/54C269F1-EA8C-E711-B603-02163E0143E4.root [1458,1457,1459,1460]
/store/data/Run2017C/ZeroBias/RAW/v1/000/301/998/00000/54D504B5-B58C-E711-AD7E-02163E014766.root [81,80]
/store/data/Run2017C/ZeroBias/RAW/v1/000/301/998/00000/54D7D8CA-B58C-E711-9010-02163E01360A.root [329,328]
/store/data/Run2017C/ZeroBias/RAW/v1/000/301/998/00000/54E8CBC9-CB8C-E711-97C0-02163E0144E1.root [883,881,882]
/store/data/Run2017C/ZeroBias/RAW/v1/000/301/998/00000/54E952B7-B58C-E711-9616-02163E011BEA.root [38,39]
/store/data/Run2017C/ZeroBias/RAW/v1/000/301/998/00000/54EAC309-DD8C-E711-B186-02163E011E2E.root [1189,1188,1190]
/store/data/Run2017C/ZeroBias/RAW/v1/000/301/998/00000/5601E4B6-B58C-E711-88AD-02163E01A660.root [104,105]
/store/data/Run2017C/ZeroBias/RAW/v1/000/301/998/00000/56630F44-E68C-E711-8C4B-02163E012A42.root [1365,1366,1367,1368]
/store/data/Run2017C/ZeroBias/RAW/v1/000/301/998/00000/566546BE-C98C-E711-B509-02163E0137F9.root [845,847,846]
/store/data/Run2017C/ZeroBias/RAW/v1/000/301/998/00000/56685B57-F08C-E711-B58B-02163E01341D.root [1559,1557,1558,1560]
/store/data/Run2017C/ZeroBias/RAW/v1/000/301/998/00000/5687D4BD-B58C-E711-9CF1-02163E01A422.root [370,371]
/store/data/Run2017C/ZeroBias/RAW/v1/000/301/998/00000/56F126BF-E88C-E711-A863-02163E0118B6.root [1418,1417,1420,1419]
/store/data/Run2017C/ZeroBias/RAW/v1/000/301/998/00000/58348CB6-B58C-E711-9C6F-02163E01A3E6.root [110,111]
/store/data/Run2017C/ZeroBias/RAW/v1/000/301/998/00000/5877D186-E98C-E711-80CD-02163E0134FB.root [1430,1431,1432,1429]
/store/data/Run2017C/ZeroBias/RAW/v1/000/301/998/00000/58A938CC-B58C-E711-A978-02163E011D3C.root [348,349]
/store/data/Run2017C/ZeroBias/RAW/v1/000/301/998/00000/5A29DDAA-BA8C-E711-9FB0-02163E01457D.root [571,569,570]
/store/data/Run2017C/ZeroBias/RAW/v1/000/301/998/00000/5A2B58BF-B58C-E711-BC35-02163E01429D.root [227,226]
/store/data/Run2017C/ZeroBias/RAW/v1/000/301/998/00000/5A88FEB1-B58C-E711-AD51-02163E019B7F.root [15,16]
/store/data/Run2017C/ZeroBias/RAW/v1/000/301/998/00000/5A90BE33-E98C-E711-82F3-02163E011EF1.root [1428,1425,1427,1426]
/store/data/Run2017C/ZeroBias/RAW/v1/000/301/998/00000/5C0638A6-D58C-E711-B5E6-02163E019C13.root [1063,1064,1062]
/store/data/Run2017C/ZeroBias/RAW/v1/000/301/998/00000/5C70EA92-7B8D-E711-AAF0-02163E011A36.root [1729,1726,1731,1734,1735,1739,1725,1730,1727,1728,1736,1737,1732,1733,1740,1741,1738]
/store/data/Run2017C/ZeroBias/RAW/v1/000/301/998/00000/5C855798-C78C-E711-8767-02163E01A6AC.root [800,802,801]
/store/data/Run2017C/ZeroBias/RAW/v1/000/301/998/00000/5CC4021F-B68C-E711-BD65-02163E0134E9.root [305,304]
/store/data/Run2017C/ZeroBias/RAW/v1/000/301/998/00000/5CFECFF6-B88C-E711-B93C-02163E01419A.root [539,541,540]
/store/data/Run2017C/ZeroBias/RAW/v1/000/301/998/00000/5E241FBF-B58C-E711-86E7-02163E011897.root [262,263]
/store/data/Run2017C/ZeroBias/RAW/v1/000/301/998/00000/5E2FF11F-E68C-E711-8075-02163E0134FB.root [1364,1361,1362,1363]
/store/data/Run2017C/ZeroBias/RAW/v1/000/301/998/00000/5E3076C0-B58C-E711-9C15-02163E01442E.root [271,270]
/store/data/Run2017C/ZeroBias/RAW/v1/000/301/998/00000/5E3CB252-F48C-E711-9B56-02163E0142E4.root [1627,1626,1628,1625]
/store/data/Run2017C/ZeroBias/RAW/v1/000/301/998/00000/5EB2440E-DB8C-E711-B00F-02163E019BBF.root [1160,1159,1161]
/store/data/Run2017C/ZeroBias/RAW/v1/000/301/998/00000/5EB556A0-BB8C-E711-A538-02163E0145F3.root [582,581,583]
/store/data/Run2017C/ZeroBias/RAW/v1/000/301/998/00000/5ED8FFBB-B58C-E711-8DAF-02163E01389A.root [244,245]
/store/data/Run2017C/ZeroBias/RAW/v1/000/301/998/00000/5EFB2D60-D48C-E711-9ADD-02163E019DF3.root [1040,1039,1038]
/store/data/Run2017C/ZeroBias/RAW/v1/000/301/998/00000/600423C0-B58C-E711-A613-02163E01A210.root [415,414]
/store/data/Run2017C/ZeroBias/RAW/v1/000/301/998/00000/602AA7BB-B58C-E711-A999-02163E011F5B.root [19,20]
/store/data/Run2017C/ZeroBias/RAW/v1/000/301/998/00000/604356B2-B58C-E711-9419-02163E019BC6.root [22,21]
/store/data/Run2017C/ZeroBias/RAW/v1/000/301/998/00000/605EFA03-C38C-E711-AD8F-02163E0134FB.root [713,714,715]
/store/data/Run2017C/ZeroBias/RAW/v1/000/301/998/00000/60CD1CC7-EB8C-E711-A878-02163E012332.root [1471,1469,1470,1472]
/store/data/Run2017C/ZeroBias/RAW/v1/000/301/998/00000/622411B5-B58C-E711-AB89-02163E01470D.root [89,88]
/store/data/Run2017C/ZeroBias/RAW/v1/000/301/998/00000/6258BE86-B78C-E711-8AD7-02163E019E56.root [512,514,513]
/store/data/Run2017C/ZeroBias/RAW/v1/000/301/998/00000/6278D1D2-B58C-E711-8AD6-02163E0142C7.root [397,396]
/store/data/Run2017C/ZeroBias/RAW/v1/000/301/998/00000/628D86BD-B58C-E711-B98A-02163E01470D.root [71,70]
/store/data/Run2017C/ZeroBias/RAW/v1/000/301/998/00000/628F8584-BB8C-E711-B1FE-02163E019D6C.root [575,576,577]
/store/data/Run2017C/ZeroBias/RAW/v1/000/301/998/00000/62FF41A6-DB8C-E711-8C55-02163E01A447.root [1163,1164,1165,1162]
/store/data/Run2017C/ZeroBias/RAW/v1/000/301/998/00000/6407BFAC-F38C-E711-ADDF-02163E01199F.root [1617,1619,1620,1618]
/store/data/Run2017C/ZeroBias/RAW/v1/000/301/998/00000/64744DB8-B58C-E711-9AB8-02163E019DB1.root [199,198]
/store/data/Run2017C/ZeroBias/RAW/v1/000/301/998/00000/64860C85-7B8D-E711-A064-02163E0136E9.root [1744,1752,1745,1746,1754,1743,1749,1750,1756,1742,1747,1748,1751,1753,1755,1757]
/store/data/Run2017C/ZeroBias/RAW/v1/000/301/998/00000/64D06AC6-B58C-E711-928A-02163E01A30A.root [153,152]
/store/data/Run2017C/ZeroBias/RAW/v1/000/301/998/00000/667FD9EB-BB8C-E711-A46F-02163E01A34F.root [590,592,591]
/store/data/Run2017C/ZeroBias/RAW/v1/000/301/998/00000/668D7CC3-B58C-E711-86E7-02163E014282.root [393,392]
/store/data/Run2017C/ZeroBias/RAW/v1/000/301/998/00000/66B72090-D98C-E711-BF0F-02163E01A41A.root [1140,1141,1142]
/store/data/Run2017C/ZeroBias/RAW/v1/000/301/998/00000/686583FB-C48C-E711-A19D-02163E01A4BD.root [757,756,755]
/store/data/Run2017C/ZeroBias/RAW/v1/000/301/998/00000/68C12EBD-B58C-E711-97B3-02163E01A1DC.root [355,354]
/store/data/Run2017C/ZeroBias/RAW/v1/000/301/998/00000/6A229635-B98C-E711-8563-02163E01A4BD.root [543,544,542]
/store/data/Run2017C/ZeroBias/RAW/v1/000/301/998/00000/6AF55ACA-CD8C-E711-953B-02163E01A3F9.root [919,918,920]
/store/data/Run2017C/ZeroBias/RAW/v1/000/301/998/00000/6C3822F0-C38C-E711-BAE9-02163E01354D.root [737,738,739]
/store/data/Run2017C/ZeroBias/RAW/v1/000/301/998/00000/6C401734-D38C-E711-BB3E-02163E013480.root [1017,1019,1018]
/store/data/Run2017C/ZeroBias/RAW/v1/000/301/998/00000/6CA92AD5-B58C-E711-A2AE-02163E0118AC.root [445,444]
/store/data/Run2017C/ZeroBias/RAW/v1/000/301/998/00000/6CB534C9-D38C-E711-822D-02163E01A4D4.root [1030,1029,1031]
/store/data/Run2017C/ZeroBias/RAW/v1/000/301/998/00000/6CD03CB5-B58C-E711-9333-02163E01A271.root [40,41]
/store/data/Run2017C/ZeroBias/RAW/v1/000/301/998/00000/6E3EBAC2-B58C-E711-9107-02163E019BAE.root [292,293]
/store/data/Run2017C/ZeroBias/RAW/v1/000/301/998/00000/6EA065E4-E08C-E711-8C79-02163E019DB7.root [1269,1271,1272,1270]
/store/data/Run2017C/ZeroBias/RAW/v1/000/301/998/00000/7002AFC6-B58C-E711-BE99-02163E014724.root [164,165]
/store/data/Run2017C/ZeroBias/RAW/v1/000/301/998/00000/701083C1-B58C-E711-8FF9-02163E0120A1.root [334,335]
/store/data/Run2017C/ZeroBias/RAW/v1/000/301/998/00000/7049E97C-E78C-E711-B60C-02163E01A6D1.root [1389,1390,1391,1392]
/store/data/Run2017C/ZeroBias/RAW/v1/000/301/998/00000/706007BB-B58C-E711-9CCF-02163E01A762.root [289,288]
/store/data/Run2017C/ZeroBias/RAW/v1/000/301/998/00000/70B44342-BC8C-E711-A001-02163E01A4B4.root [601,599,600]
/store/data/Run2017C/ZeroBias/RAW/v1/000/301/998/00000/70EF4871-E88C-E711-B46E-02163E014322.root [1412,1410,1409,1411]
/store/data/Run2017C/ZeroBias/RAW/v1/000/301/998/00000/74068BC4-B58C-E711-BC9E-02163E014319.root [386,387]
/store/data/Run2017C/ZeroBias/RAW/v1/000/301/998/00000/744A9CBF-B58C-E711-889F-02163E0142EE.root [320,321]
/store/data/Run2017C/ZeroBias/RAW/v1/000/301/998/00000/744BE59A-D68C-E711-9EF1-02163E011EF1.root [1085,1084,1083]
/store/data/Run2017C/ZeroBias/RAW/v1/000/301/998/00000/749E6F98-DD8C-E711-946D-02163E01A2C0.root [1212,1213,1214]
/store/data/Run2017C/ZeroBias/RAW/v1/000/301/998/00000/74A24B88-E08C-E711-8DF8-02163E01340B.root [1261,1262,1263,1264]
/store/data/Run2017C/ZeroBias/RAW/v1/000/301/998/00000/74DF87C1-B58C-E711-B8C6-02163E01A602.root [300,301]
/store/data/Run2017C/ZeroBias/RAW/v1/000/301/998/00000/76177202-BA8C-E711-80E9-02163E01A786.root [558,559,557]
/store/data/Run2017C/ZeroBias/RAW/v1/000/301/998/00000/7622054B-DD8C-E711-8A76-02163E0127B8.root [1204,1203,1205]
/store/data/Run2017C/ZeroBias/RAW/v1/000/301/998/00000/7633F29A-E48C-E711-84B1-02163E012649.root [1339,1340,1337,1338]
/store/data/Run2017C/ZeroBias/RAW/v1/000/301/998/00000/76378D38-D58C-E711-840C-02163E014126.root [1055,1054,1053]
/store/data/Run2017C/ZeroBias/RAW/v1/000/301/998/00000/765C51C9-B58C-E711-9705-02163E01343E.root [68,69]
/store/data/Run2017C/ZeroBias/RAW/v1/000/301/998/00000/76ABB391-BE8C-E711-A777-02163E01A4AB.root [638,639,640]
/store/data/Run2017C/ZeroBias/RAW/v1/000/301/998/00000/76CC0DDE-D88C-E711-8ECA-02163E01A1D3.root [1121,1120,1119]
/store/data/Run2017C/ZeroBias/RAW/v1/000/301/998/00000/76D2B2C4-B58C-E711-B663-02163E013522.root [362,363]
/store/data/Run2017C/ZeroBias/RAW/v1/000/301/998/00000/76DD015F-D58C-E711-99EA-02163E011E38.root [1059,1061,1060]
/store/data/Run2017C/ZeroBias/RAW/v1/000/301/998/00000/781C97B2-B58C-E711-9860-02163E019B7F.root [31,32]
/store/data/Run2017C/ZeroBias/RAW/v1/000/301/998/00000/78FC13C9-B58C-E711-9855-02163E01386E.root [209,208]
/store/data/Run2017C/ZeroBias/RAW/v1/000/301/998/00000/7A1026BF-B58C-E711-AA27-02163E0143C0.root [57,56]
/store/data/Run2017C/ZeroBias/RAW/v1/000/301/998/00000/7A85B925-D88C-E711-9DDF-02163E0146B6.root [1111,1110,1112]
/store/data/Run2017C/ZeroBias/RAW/v1/000/301/998/00000/7A9096BA-B58C-E711-9A81-02163E0139AB.root [92,93]
/store/data/Run2017C/ZeroBias/RAW/v1/000/301/998/00000/7AC588B6-B58C-E711-9099-02163E019BE3.root [151,150]
/store/data/Run2017C/ZeroBias/RAW/v1/000/301/998/00000/7AD40E2E-E58C-E711-935F-02163E01A58F.root [1352,1349,1350,1351]
/store/data/Run2017C/ZeroBias/RAW/v1/000/301/998/00000/7AD884D2-D08C-E711-9593-02163E011DBD.root [977,975,976]
/store/data/Run2017C/ZeroBias/RAW/v1/000/301/998/00000/7AE6FED4-F08C-E711-8C69-02163E01429A.root [1564,1561,1563,1562]
/store/data/Run2017C/ZeroBias/RAW/v1/000/301/998/00000/7C1C15D9-E98C-E711-B05F-02163E01A518.root [1437,1440,1438,1439]
/store/data/Run2017C/ZeroBias/RAW/v1/000/301/998/00000/7C1FE0F0-D18C-E711-863A-02163E011CF5.root [996,998,997]
/store/data/Run2017C/ZeroBias/RAW/v1/000/301/998/00000/7C57BA66-B88C-E711-82D4-02163E01A3A8.root [528,527,529]
/store/data/Run2017C/ZeroBias/RAW/v1/000/301/998/00000/7C5AFEBD-B58C-E711-8D5C-02163E0120A1.root [319,318]
/store/data/Run2017C/ZeroBias/RAW/v1/000/301/998/00000/7C5B14BB-B58C-E711-9980-02163E01A4BD.root [277,276]
/store/data/Run2017C/ZeroBias/RAW/v1/000/301/998/00000/7C660F8D-C48C-E711-AE64-02163E01A68E.root [749,751,750]
/store/data/Run2017C/ZeroBias/RAW/v1/000/301/998/00000/7C8E8214-ED8C-E711-8A54-02163E011E5C.root [1489,1491,1492,1490]
/store/data/Run2017C/ZeroBias/RAW/v1/000/301/998/00000/7C9CCAC3-B58C-E711-AAEF-02163E014178.root [101,100]
/store/data/Run2017C/ZeroBias/RAW/v1/000/301/998/00000/7CA3931C-E28C-E711-A1AD-02163E013483.root [1293,1294,1295,1296]
/store/data/Run2017C/ZeroBias/RAW/v1/000/301/998/00000/7E1967B2-B58C-E711-AA57-02163E019BEF.root [7,8]
/store/data/Run2017C/ZeroBias/RAW/v1/000/301/998/00000/7E5A4D96-DC8C-E711-B7EC-02163E014761.root [1191,1193,1192]
/store/data/Run2017C/ZeroBias/RAW/v1/000/301/998/00000/7E6D4A95-C38C-E711-A586-02163E01A5FC.root [727,725,726]
/store/data/Run2017C/ZeroBias/RAW/v1/000/301/998/00000/7E8EC92C-B98C-E711-BC57-02163E0129C0.root [535,533,534]
/store/data/Run2017C/ZeroBias/RAW/v1/000/301/998/00000/7EB74F79-B88C-E711-979A-02163E019E4B.root [524,525,526]
/store/data/Run2017C/ZeroBias/RAW/v1/000/301/998/00000/7EBC51BB-B58C-E711-9706-02163E019BB8.root [285,284]
/store/data/Run2017C/ZeroBias/RAW/v1/000/301/998/00000/8098389D-DC8C-E711-9040-02163E019CC2.root [1194,1195,1196]
/store/data/Run2017C/ZeroBias/RAW/v1/000/301/998/00000/80E0885D-E38C-E711-9F24-02163E01A649.root [1319,1317,1320,1318]
/store/data/Run2017C/ZeroBias/RAW/v1/000/301/998/00000/823645FB-C28C-E711-8E3C-02163E01A4B2.root [720,721,719]
/store/data/Run2017C/ZeroBias/RAW/v1/000/301/998/00000/82383992-D68C-E711-B01E-02163E014146.root [1078,1079,1077]
/store/data/Run2017C/ZeroBias/RAW/v1/000/301/998/00000/824AC6A1-BE8C-E711-83F3-02163E0141AC.root [642,643,641]
/store/data/Run2017C/ZeroBias/RAW/v1/000/301/998/00000/825B94BB-C58C-E711-BA53-02163E011A94.root [778,777,776]
/store/data/Run2017C/ZeroBias/RAW/v1/000/301/998/00000/8278BA96-C08C-E711-BD99-02163E0144F9.root [675,674,676]
/store/data/Run2017C/ZeroBias/RAW/v1/000/301/998/00000/8297C8DD-F18C-E711-AC6A-02163E01421E.root [1581,1583,1582,1584]
/store/data/Run2017C/ZeroBias/RAW/v1/000/301/998/00000/82EBE071-D38C-E711-9780-02163E01A7A5.root [1027,1028,1026]
/store/data/Run2017C/ZeroBias/RAW/v1/000/301/998/00000/82F72DB4-B58C-E711-8B60-02163E01A5FC.root [27,28]
/store/data/Run2017C/ZeroBias/RAW/v1/000/301/998/00000/84FD5E69-D18C-E711-A4AF-02163E0137BC.root [983,981,982]
/store/data/Run2017C/ZeroBias/RAW/v1/000/301/998/00000/86340EC5-B58C-E711-BBFE-02163E0126BD.root [238,239]
/store/data/Run2017C/ZeroBias/RAW/v1/000/301/998/00000/86868460-B68C-E711-80BD-02163E0141D4.root [443,442]
/store/data/Run2017C/ZeroBias/RAW/v1/000/301/998/00000/86AE9612-C08C-E711-83E7-02163E012420.root [667,665,666]
/store/data/Run2017C/ZeroBias/RAW/v1/000/301/998/00000/86C2B649-CD8C-E711-AF51-02163E0121EB.root [903,905,904]
/store/data/Run2017C/ZeroBias/RAW/v1/000/301/998/00000/86E5F31F-E28C-E711-91A0-02163E01A5B0.root [1300,1298,1297,1299]
/store/data/Run2017C/ZeroBias/RAW/v1/000/301/998/00000/86EBD72B-D38C-E711-B145-02163E01A609.root [1020,1021,1022]
/store/data/Run2017C/ZeroBias/RAW/v1/000/301/998/00000/882391C4-B58C-E711-B20D-02163E011BA9.root [404,405]
/store/data/Run2017C/ZeroBias/RAW/v1/000/301/998/00000/885FCBB7-B58C-E711-99D6-02163E01A1DE.root [236,237]
/store/data/Run2017C/ZeroBias/RAW/v1/000/301/998/00000/886A41DE-D18C-E711-9F46-02163E0146D8.root [995,993,994]
/store/data/Run2017C/ZeroBias/RAW/v1/000/301/998/00000/88AA390D-C58C-E711-9DCE-02163E01A4C2.root [752,754,753]
/store/data/Run2017C/ZeroBias/RAW/v1/000/301/998/00000/88CF683B-CA8C-E711-8890-02163E0146C2.root [850,848,849]
/store/data/Run2017C/ZeroBias/RAW/v1/000/301/998/00000/88FF8BC0-B58C-E711-A04E-02163E01A5A4.root [472,473,471]
/store/data/Run2017C/ZeroBias/RAW/v1/000/301/998/00000/8A24A912-B68C-E711-B085-02163E012AFE.root [75,74]
/store/data/Run2017C/ZeroBias/RAW/v1/000/301/998/00000/8A5B4CE4-D78C-E711-9F85-02163E019B6D.root [1104,1105,1106]
/store/data/Run2017C/ZeroBias/RAW/v1/000/301/998/00000/8AA54CB7-B58C-E711-99C9-02163E01A6F4.root [172,173]
/store/data/Run2017C/ZeroBias/RAW/v1/000/301/998/00000/8ADB76AA-D08C-E711-A4A1-02163E01A518.root [972,974,973]
/store/data/Run2017C/ZeroBias/RAW/v1/000/301/998/00000/8AF667C8-B58C-E711-8F95-02163E01A511.root [455,453,454]
/store/data/Run2017C/ZeroBias/RAW/v1/000/301/998/00000/8C75F4BA-B58C-E711-BB92-02163E01A4AB.root [309,308]
/store/data/Run2017C/ZeroBias/RAW/v1/000/301/998/00000/8C7DDE5E-CF8C-E711-BEFF-02163E019DEF.root [947,945,946]
/store/data/Run2017C/ZeroBias/RAW/v1/000/301/998/00000/8E10A7EF-F48C-E711-AB36-02163E01A6FD.root [1641,1644,1642,1643]
/store/data/Run2017C/ZeroBias/RAW/v1/000/301/998/00000/8E3DE618-E78C-E711-BB9C-02163E01429A.root [1384,1381,1383,1382]
/store/data/Run2017C/ZeroBias/RAW/v1/000/301/998/00000/8E469679-E18C-E711-95F5-02163E0143DC.root [1288,1287,1286,1285]
/store/data/Run2017C/ZeroBias/RAW/v1/000/301/998/00000/8ECEC0C0-B58C-E711-BBCE-02163E01A53B.root [463,462,464]
/store/data/Run2017C/ZeroBias/RAW/v1/000/301/998/00000/9023ADD6-CA8C-E711-A0AA-02163E014150.root [867,866,868]
/store/data/Run2017C/ZeroBias/RAW/v1/000/301/998/00000/907B2F5A-C28C-E711-AA7B-02163E019BDF.root [710,712,711]
/store/data/Run2017C/ZeroBias/RAW/v1/000/301/998/00000/90D7A1F1-D48C-E711-A825-02163E0145BB.root [1041,1042,1043]
/store/data/Run2017C/ZeroBias/RAW/v1/000/301/998/00000/90E5355D-C78C-E711-856C-02163E0134FB.root [797,799,798]
/store/data/Run2017C/ZeroBias/RAW/v1/000/301/998/00000/924C95E5-DF8C-E711-9DF7-02163E019DD6.root [1249,1250,1252,1251]
/store/data/Run2017C/ZeroBias/RAW/v1/000/301/998/00000/925C07C6-C88C-E711-89F4-02163E013932.root [829,828,827]
/store/data/Run2017C/ZeroBias/RAW/v1/000/301/998/00000/9268E1B6-B58C-E711-BE0E-02163E01457D.root [159,158]
/store/data/Run2017C/ZeroBias/RAW/v1/000/301/998/00000/92A57B1A-F88C-E711-9341-02163E01A20B.root [1698,1699,1700,1701]
/store/data/Run2017C/ZeroBias/RAW/v1/000/301/998/00000/92BB98CA-B58C-E711-95BA-02163E014282.root [407,406]
/store/data/Run2017C/ZeroBias/RAW/v1/000/301/998/00000/92D56DBC-C58C-E711-9719-02163E0144E5.root [773,775,774]
/store/data/Run2017C/ZeroBias/RAW/v1/000/301/998/00000/942DF6B7-B58C-E711-A7B4-02163E01A3A2.root [229,228]
/store/data/Run2017C/ZeroBias/RAW/v1/000/301/998/00000/94825FBD-B58C-E711-83FD-02163E01A24D.root [384,385]
/store/data/Run2017C/ZeroBias/RAW/v1/000/301/998/00000/949B74BC-B58C-E711-9BF8-02163E0126BD.root [213,212]
/store/data/Run2017C/ZeroBias/RAW/v1/000/301/998/00000/94E5DFB6-B58C-E711-B3BC-02163E019B77.root [138,139]
/store/data/Run2017C/ZeroBias/RAW/v1/000/301/998/00000/961152E9-B58C-E711-B067-02163E01395A.root [465,466,467]
/store/data/Run2017C/ZeroBias/RAW/v1/000/301/998/00000/964B54C1-B58C-E711-BC2B-02163E0140E8.root [426,427]
/store/data/Run2017C/ZeroBias/RAW/v1/000/301/998/00000/96CE2C90-DB8C-E711-832B-02163E01A762.root [1168,1167,1166]
/store/data/Run2017C/ZeroBias/RAW/v1/000/301/998/00000/96DFF7BB-B58C-E711-8297-02163E0143C9.root [117,116]
/store/data/Run2017C/ZeroBias/RAW/v1/000/301/998/00000/983921AF-C98C-E711-A73A-02163E01A6C5.root [842,843,844]
/store/data/Run2017C/ZeroBias/RAW/v1/000/301/998/00000/988B9AEC-B68C-E711-83C5-02163E01366B.root [497,498,499]
/store/data/Run2017C/ZeroBias/RAW/v1/000/301/998/00000/98A77EBB-B58C-E711-A6E8-02163E01A762.root [286,287]
/store/data/Run2017C/ZeroBias/RAW/v1/000/301/998/00000/9A0A05BC-B58C-E711-BD89-02163E01389A.root [221,220]
/store/data/Run2017C/ZeroBias/RAW/v1/000/301/998/00000/9A4F3E39-D88C-E711-834D-02163E019C89.root [1115,1113,1114]
/store/data/Run2017C/ZeroBias/RAW/v1/000/301/998/00000/9A9C94EF-B58C-E711-9F51-02163E014319.root [366,367]
/store/data/Run2017C/ZeroBias/RAW/v1/000/301/998/00000/9AA249B7-B58C-E711-B58B-02163E01A6EA.root [163,162]
/store/data/Run2017C/ZeroBias/RAW/v1/000/301/998/00000/9ABD14C2-B58C-E711-854A-02163E0143A3.root [214,215]
/store/data/Run2017C/ZeroBias/RAW/v1/000/301/998/00000/9AC12235-CC8C-E711-BA3D-02163E013621.root [894,895,896]
/store/data/Run2017C/ZeroBias/RAW/v1/000/301/998/00000/9AE413BA-B58C-E711-B89A-02163E01457D.root [168,169]
/store/data/Run2017C/ZeroBias/RAW/v1/000/301/998/00000/9C137463-DF8C-E711-88D6-02163E012A36.root [1239,1237,1238,1240]
/store/data/Run2017C/ZeroBias/RAW/v1/000/301/998/00000/9C4D14B3-B58C-E711-ADF0-02163E01A6E8.root [36,37]
/store/data/Run2017C/ZeroBias/RAW/v1/000/301/998/00000/9C66C70C-E58C-E711-B3C7-02163E011F5B.root [1341,1344,1342,1343]
/store/data/Run2017C/ZeroBias/RAW/v1/000/301/998/00000/9CAFE1A7-C88C-E711-9C36-02163E0144F9.root [823,821,822]
/store/data/Run2017C/ZeroBias/RAW/v1/000/301/998/00000/9CB497BE-B58C-E711-A68D-02163E014239.root [435,434]
/store/data/Run2017C/ZeroBias/RAW/v1/000/301/998/00000/9CEB01B3-B68C-E711-AC27-02163E013631.root [486,487,485]
/store/data/Run2017C/ZeroBias/RAW/v1/000/301/998/00000/9E42A211-BE8C-E711-9891-02163E01A2C0.root [631,629,630]
/store/data/Run2017C/ZeroBias/RAW/v1/000/301/998/00000/9E7B403C-D08C-E711-9512-02163E0143C2.root [963,964,965]
/store/data/Run2017C/ZeroBias/RAW/v1/000/301/998/00000/9EB551B6-B58C-E711-B345-02163E01A5B2.root [103,102]
/store/data/Run2017C/ZeroBias/RAW/v1/000/301/998/00000/9ECF0FBB-B58C-E711-B5DB-02163E01A4AB.root [291,290]
/store/data/Run2017C/ZeroBias/RAW/v1/000/301/998/00000/9EFF53BA-B58C-E711-8F5C-02163E0139AB.root [77,76]
/store/data/Run2017C/ZeroBias/RAW/v1/000/301/998/00000/A0961EE2-CA8C-E711-84C2-02163E013705.root [861,860,862]
/store/data/Run2017C/ZeroBias/RAW/v1/000/301/998/00000/A0A5EAB7-B58C-E711-9484-02163E01A5D4.root [222,223]
/store/data/Run2017C/ZeroBias/RAW/v1/000/301/998/00000/A0A9DB77-EC8C-E711-83B9-02163E01199F.root [1479,1480,1478,1477]
/store/data/Run2017C/ZeroBias/RAW/v1/000/301/998/00000/A0C1B785-CC8C-E711-91B7-02163E0118F7.root [897,898,899]
/store/data/Run2017C/ZeroBias/RAW/v1/000/301/998/00000/A21422EF-DA8C-E711-9A13-02163E01A418.root [1157,1156,1158]
/store/data/Run2017C/ZeroBias/RAW/v1/000/301/998/00000/A25AA4B5-B58C-E711-BA5C-02163E019D3E.root [141,140]
/store/data/Run2017C/ZeroBias/RAW/v1/000/301/998/00000/A2657FC0-E78C-E711-A066-02163E01A4CF.root [1395,1393,1394,1396]
/store/data/Run2017C/ZeroBias/RAW/v1/000/301/998/00000/A27EAF61-DA8C-E711-A2C3-02163E01425E.root [1150,1151,1149]
/store/data/Run2017C/ZeroBias/RAW/v1/000/301/998/00000/A2A793AE-BC8C-E711-88AC-02163E019CC5.root [606,605,607]
/store/data/Run2017C/ZeroBias/RAW/v1/000/301/998/00000/A2E95BBF-B58C-E711-A8D4-02163E01A53B.root [450,452,451]
/store/data/Run2017C/ZeroBias/RAW/v1/000/301/998/00000/A2FE0C5B-F48C-E711-AB92-02163E01397F.root [1629,1631,1632,1630]
/store/data/Run2017C/ZeroBias/RAW/v1/000/301/998/00000/A40F04BD-B58C-E711-AF97-02163E01A2F2.root [376,377]
/store/data/Run2017C/ZeroBias/RAW/v1/000/301/998/00000/A4111B7B-F28C-E711-9192-02163E0144E6.root [1594,1593,1596,1595]
/store/data/Run2017C/ZeroBias/RAW/v1/000/301/998/00000/A44B0AEA-D28C-E711-A24E-02163E014113.root [1014,1015,1016]
/store/data/Run2017C/ZeroBias/RAW/v1/000/301/998/00000/A48E91F1-B58C-E711-857D-02163E01429F.root [461,460]
/store/data/Run2017C/ZeroBias/RAW/v1/000/301/998/00000/A4D401B9-B58C-E711-AC2F-02163E014766.root [63,62]
/store/data/Run2017C/ZeroBias/RAW/v1/000/301/998/00000/A4D8222A-D98C-E711-94EA-02163E012514.root [1124,1122,1123]
/store/data/Run2017C/ZeroBias/RAW/v1/000/301/998/00000/A61849E7-F48C-E711-9E59-02163E019C13.root [1640,1638,1637,1639]
/store/data/Run2017C/ZeroBias/RAW/v1/000/301/998/00000/A649F402-BC8C-E711-A6DF-02163E019DD0.root [594,593,595]
/store/data/Run2017C/ZeroBias/RAW/v1/000/301/998/00000/A656DE0D-CE8C-E711-8C50-02163E01A59D.root [922,923,921]
/store/data/Run2017C/ZeroBias/RAW/v1/000/301/998/00000/A6746ECC-C58C-E711-9E2A-02163E01A49A.root [770,771,772]
/store/data/Run2017C/ZeroBias/RAW/v1/000/301/998/00000/A6928517-F08C-E711-8D18-02163E014188.root [1545,1548,1546,1547]
/store/data/Run2017C/ZeroBias/RAW/v1/000/301/998/00000/A6A6BE18-E88C-E711-A23B-02163E013483.root [1402,1404,1403,1401]
/store/data/Run2017C/ZeroBias/RAW/v1/000/301/998/00000/A6B3EAB7-B58C-E711-A0C3-02163E01A5D4.root [202,203]
/store/data/Run2017C/ZeroBias/RAW/v1/000/301/998/00000/A6F65AC3-B58C-E711-A447-02163E012305.root [46,47]
/store/data/Run2017C/ZeroBias/RAW/v1/000/301/998/00000/A874881D-CC8C-E711-978C-02163E013397.root [885,884,886]
/store/data/Run2017C/ZeroBias/RAW/v1/000/301/998/00000/A88351CC-B88C-E711-9BDB-02163E014111.root [530,532,531]
/store/data/Run2017C/ZeroBias/RAW/v1/000/301/998/00000/A8E2CFA3-D68C-E711-AE8E-02163E011A36.root [1080,1082,1081]
/store/data/Run2017C/ZeroBias/RAW/v1/000/301/998/00000/A8EA4BC2-BB8C-E711-AC69-02163E01436A.root [160,161]
/store/data/Run2017C/ZeroBias/RAW/v1/000/301/998/00000/AA34DDA9-E78C-E711-8D39-02163E0133BA.root [1400,1397,1398,1399]
/store/data/Run2017C/ZeroBias/RAW/v1/000/301/998/00000/AA441CBF-B58C-E711-BA07-02163E0136F8.root [310,311]
/store/data/Run2017C/ZeroBias/RAW/v1/000/301/998/00000/AAC9D0BC-B58C-E711-85E6-02163E01A604.root [400,401]
/store/data/Run2017C/ZeroBias/RAW/v1/000/301/998/00000/AADE61C7-F58C-E711-AFC2-02163E01181B.root [1650,1652,1655,1653,1656,1649,1651,1654]
/store/data/Run2017C/ZeroBias/RAW/v1/000/301/998/00000/AC029014-F08C-E711-AEDB-02163E0144F9.root [1550,1552,1549,1551]
/store/data/Run2017C/ZeroBias/RAW/v1/000/301/998/00000/AC070F6F-B78C-E711-8D9D-02163E01267D.root [507,508,506]
/store/data/Run2017C/ZeroBias/RAW/v1/000/301/998/00000/AC592F59-DD8C-E711-85EA-02163E019D0B.root [1206,1208,1207]
/store/data/Run2017C/ZeroBias/RAW/v1/000/301/998/00000/AC8B37C1-CC8C-E711-AFED-02163E01A1C0.root [902,900,901]
/store/data/Run2017C/ZeroBias/RAW/v1/000/301/998/00000/ACF68FBB-CD8C-E711-8411-02163E019BAB.root [915,917,916]
/store/data/Run2017C/ZeroBias/RAW/v1/000/301/998/00000/AE4AC68A-DB8C-E711-8196-02163E012A7E.root [1172,1171,1170,1169]
/store/data/Run2017C/ZeroBias/RAW/v1/000/301/998/00000/AE7E8A46-BE8C-E711-BD8A-02163E013630.root [632,633,634]
/store/data/Run2017C/ZeroBias/RAW/v1/000/301/998/00000/B07E95A0-C58C-E711-B0D3-02163E01A60E.root [765,766,764]
/store/data/Run2017C/ZeroBias/RAW/v1/000/301/998/00000/B0DCC0B3-CE8C-E711-BD1B-02163E01A226.root [938,937,936]
/store/data/Run2017C/ZeroBias/RAW/v1/000/301/998/00000/B205CCDB-C08C-E711-BE84-02163E0145C5.root [680,681,682]
/store/data/Run2017C/ZeroBias/RAW/v1/000/301/998/00000/B20C3286-B88C-E711-9B3E-02163E0139BD.root [515,516,517]
/store/data/Run2017C/ZeroBias/RAW/v1/000/301/998/00000/B257C3B6-B58C-E711-AEE7-02163E01A5B2.root [118,119]
/store/data/Run2017C/ZeroBias/RAW/v1/000/301/998/00000/B283321A-D58C-E711-8259-02163E0142B1.root [1051,1050,1052]
/store/data/Run2017C/ZeroBias/RAW/v1/000/301/998/00000/B28E83BA-B58C-E711-A182-02163E01418F.root [83,82]
/store/data/Run2017C/ZeroBias/RAW/v1/000/301/998/00000/B29543D2-DB8C-E711-9A57-02163E014150.root [1178,1180,1179,1177]
/store/data/Run2017C/ZeroBias/RAW/v1/000/301/998/00000/B45521E8-C18C-E711-A396-02163E012474.root [694,692,693]
/store/data/Run2017C/ZeroBias/RAW/v1/000/301/998/00000/B47D8126-CE8C-E711-89A3-02163E0144F9.root [931,930,932]
/store/data/Run2017C/ZeroBias/RAW/v1/000/301/998/00000/B4FA83D2-D48C-E711-95BB-02163E019C94.root [1048,1049,1047]
/store/data/Run2017C/ZeroBias/RAW/v1/000/301/998/00000/B603E2E0-C18C-E711-8B41-02163E0121EB.root [697,695,696]
/store/data/Run2017C/ZeroBias/RAW/v1/000/301/998/00000/B613F478-CB8C-E711-B03B-02163E011D56.root [878,880,879]
/store/data/Run2017C/ZeroBias/RAW/v1/000/301/998/00000/B628FEC9-D38C-E711-AD54-02163E019E34.root [1034,1033,1032]
/store/data/Run2017C/ZeroBias/RAW/v1/000/301/998/00000/B62C32C0-E68C-E711-9CF2-02163E01A4BE.root [1375,1373,1374,1376]
/store/data/Run2017C/ZeroBias/RAW/v1/000/301/998/00000/B6400AC9-B58C-E711-90F2-02163E01386E.root [231,230]
/store/data/Run2017C/ZeroBias/RAW/v1/000/301/998/00000/B6779E11-F78C-E711-BDA4-02163E01A3A2.root [1682,1684,1685,1683]
/store/data/Run2017C/ZeroBias/RAW/v1/000/301/998/00000/B697274A-B68C-E711-896D-02163E0141D4.root [420,421]
/store/data/Run2017C/ZeroBias/RAW/v1/000/301/998/00000/B6FD6AD3-BF8C-E711-B5B7-02163E0142E7.root [662,663,664]
/store/data/Run2017C/ZeroBias/RAW/v1/000/301/998/00000/B838D135-E78C-E711-A403-02163E019CD7.root [1387,1385,1386,1388]
/store/data/Run2017C/ZeroBias/RAW/v1/000/301/998/00000/B84104BD-B58C-E711-B10F-02163E01A2F2.root [391,390]
/store/data/Run2017C/ZeroBias/RAW/v1/000/301/998/00000/B8FBE47A-EE8C-E711-A9AD-02163E01A5A5.root [1524,1521,1522,1523]
/store/data/Run2017C/ZeroBias/RAW/v1/000/301/998/00000/BA2C1C12-B68C-E711-85AA-02163E012AFE.root [85,84]
/store/data/Run2017C/ZeroBias/RAW/v1/000/301/998/00000/BA54EFC2-C88C-E711-8D12-02163E0118F7.root [820,818,819]
/store/data/Run2017C/ZeroBias/RAW/v1/000/301/998/00000/BAE140C0-B58C-E711-8073-02163E0134EB.root [299,298]
/store/data/Run2017C/ZeroBias/RAW/v1/000/301/998/00000/BC19603A-CE8C-E711-8CC0-02163E01A5E7.root [929,927,928]
/store/data/Run2017C/ZeroBias/RAW/v1/000/301/998/00000/BCE2D8B6-B58C-E711-829B-02163E0144D5.root [112,113]
/store/data/Run2017C/ZeroBias/RAW/v1/000/301/998/00000/BCF7E3E1-B58C-E711-A04D-02163E012745.root [398,399]
/store/data/Run2017C/ZeroBias/RAW/v1/000/301/998/00000/BE016081-B68C-E711-AE8E-02163E011A94.root [493,491,492]
/store/data/Run2017C/ZeroBias/RAW/v1/000/301/998/00000/BE03F6C1-B58C-E711-AE0B-02163E01A602.root [294,295]
/store/data/Run2017C/ZeroBias/RAW/v1/000/301/998/00000/BE092130-C18C-E711-8283-02163E01A4A2.root [687,686,688]
/store/data/Run2017C/ZeroBias/RAW/v1/000/301/998/00000/BE181B4B-D98C-E711-AB7B-02163E01A73A.root [1131,1133,1132]
/store/data/Run2017C/ZeroBias/RAW/v1/000/301/998/00000/BE21280E-F18C-E711-AAEA-02163E01A1C6.root [1569,1572,1570,1571]
/store/data/Run2017C/ZeroBias/RAW/v1/000/301/998/00000/BE6881B3-B58C-E711-82C3-02163E01A1C5.root [23,24]
/store/data/Run2017C/ZeroBias/RAW/v1/000/301/998/00000/BE9CD765-F68C-E711-8F4C-02163E01200E.root [1663,1664,1665,1662]
/store/data/Run2017C/ZeroBias/RAW/v1/000/301/998/00000/C002BA41-BC8C-E711-A77B-02163E01A3B6.root [602,603,604]
/store/data/Run2017C/ZeroBias/RAW/v1/000/301/998/00000/C008BABF-B58C-E711-A364-02163E01A2C8.root [474,475]
/store/data/Run2017C/ZeroBias/RAW/v1/000/301/998/00000/C08FE9D1-D88C-E711-B4F9-02163E0133E0.root [1116,1117,1118]
/store/data/Run2017C/ZeroBias/RAW/v1/000/301/998/00000/C094398B-BB8C-E711-A261-02163E019D1A.root [580,578,579]
/store/data/Run2017C/ZeroBias/RAW/v1/000/301/998/00000/C0E05154-D98C-E711-9C77-02163E0143DE.root [1134,1135,1136]
/store/data/Run2017C/ZeroBias/RAW/v1/000/301/998/00000/C20D63E1-CF8C-E711-AC65-02163E01A640.root [956,954,955]
/store/data/Run2017C/ZeroBias/RAW/v1/000/301/998/00000/C270F2B3-B58C-E711-BDBC-02163E019BC6.root [14,13]
/store/data/Run2017C/ZeroBias/RAW/v1/000/301/998/00000/C2A49EBF-B58C-E711-8AF9-02163E01A210.root [428,429]
/store/data/Run2017C/ZeroBias/RAW/v1/000/301/998/00000/C2A89B9C-D28C-E711-A2B5-02163E0133A7.root [1008,1009,1010]
/store/data/Run2017C/ZeroBias/RAW/v1/000/301/998/00000/C2ED9712-EE8C-E711-A4B7-02163E0138AE.root [1511,1510,1512,1509]
/store/data/Run2017C/ZeroBias/RAW/v1/000/301/998/00000/C44064BB-B58C-E711-9E9F-02163E01A636.root [280,281]
/store/data/Run2017C/ZeroBias/RAW/v1/000/301/998/00000/C449320B-B78C-E711-B58D-02163E01410E.root [431,430]
/store/data/Run2017C/ZeroBias/RAW/v1/000/301/998/00000/C4B6A4BE-B58C-E711-B4B0-02163E01A66F.root [403,402]
/store/data/Run2017C/ZeroBias/RAW/v1/000/301/998/00000/C4D8F467-BD8C-E711-9D3B-02163E014146.root [619,618,617]
/store/data/Run2017C/ZeroBias/RAW/v1/000/301/998/00000/C4EBC254-D18C-E711-8087-02163E0121CB.root [984,985,986]
/store/data/Run2017C/ZeroBias/RAW/v1/000/301/998/00000/C612EA85-C38C-E711-9B75-02163E01A705.root [735,736,734]
/store/data/Run2017C/ZeroBias/RAW/v1/000/301/998/00000/C66050B7-B58C-E711-976F-02163E019D1B.root [108,109]
/store/data/Run2017C/ZeroBias/RAW/v1/000/301/998/00000/C6A115BB-B58C-E711-8EA5-02163E01A4BD.root [267,266]
/store/data/Run2017C/ZeroBias/RAW/v1/000/301/998/00000/C6E427BE-C68C-E711-A3FB-02163E01A2B6.root [788,790,789]
/store/data/Run2017C/ZeroBias/RAW/v1/000/301/998/00000/C801B703-BF8C-E711-81CE-02163E01448A.root [649,647,648]
/store/data/Run2017C/ZeroBias/RAW/v1/000/301/998/00000/C887E8DF-C18C-E711-A4F7-02163E01A6CB.root [700,698,699]
/store/data/Run2017C/ZeroBias/RAW/v1/000/301/998/00000/C89915C1-B58C-E711-96F3-02163E019C8D.root [425,424]
/store/data/Run2017C/ZeroBias/RAW/v1/000/301/998/00000/C8B415D2-E88C-E711-9845-02163E01A640.root [1416,1413,1414,1415]
/store/data/Run2017C/ZeroBias/RAW/v1/000/301/998/00000/C8BCC4B7-B58C-E711-8E2B-02163E01A62F.root [171,170]
/store/data/Run2017C/ZeroBias/RAW/v1/000/301/998/00000/C8DA5E6B-EF8C-E711-A0A9-02163E01366D.root [1540,1537,1538,1539]
/store/data/Run2017C/ZeroBias/RAW/v1/000/301/998/00000/C8E37037-EA8C-E711-B002-02163E012546.root [1442,1441,1444,1443]
/store/data/Run2017C/ZeroBias/RAW/v1/000/301/998/00000/CA2909D7-B58C-E711-8574-02163E011970.root [265,264]
/store/data/Run2017C/ZeroBias/RAW/v1/000/301/998/00000/CA2A6DB3-B58C-E711-BBB3-02163E01A3A8.root [35,34,33]
/store/data/Run2017C/ZeroBias/RAW/v1/000/301/998/00000/CA3EE8BA-B58C-E711-B29D-02163E0143FC.root [54,55]
/store/data/Run2017C/ZeroBias/RAW/v1/000/301/998/00000/CA4651F9-D88C-E711-8AB4-02163E0143CF.root [1127,1125,1126]
/store/data/Run2017C/ZeroBias/RAW/v1/000/301/998/00000/CA4E174A-BF8C-E711-8DA3-02163E014424.root [654,655,653]
/store/data/Run2017C/ZeroBias/RAW/v1/000/301/998/00000/CA5822BD-C88C-E711-9765-02163E01A2EE.root [826,824,825]
/store/data/Run2017C/ZeroBias/RAW/v1/000/301/998/00000/CAE62DB4-B58C-E711-98A4-02163E01A5FC.root [6,5]
/store/data/Run2017C/ZeroBias/RAW/v1/000/301/998/00000/CC869198-D58C-E711-AF5A-02163E019E59.root [1065,1067,1066]
/store/data/Run2017C/ZeroBias/RAW/v1/000/301/998/00000/CCC106AD-E38C-E711-BB6F-02163E01A1F0.root [1324,1322,1323,1321]
/store/data/Run2017C/ZeroBias/RAW/v1/000/301/998/00000/CCF52A01-E78C-E711-A713-02163E0141BA.root [1378,1380,1377,1379]
/store/data/Run2017C/ZeroBias/RAW/v1/000/301/998/00000/CCFC63BB-B58C-E711-825D-02163E01A636.root [272,273]
/store/data/Run2017C/ZeroBias/RAW/v1/000/301/998/00000/CE094CB5-B58C-E711-984D-02163E01418F.root [72,73]
/store/data/Run2017C/ZeroBias/RAW/v1/000/301/998/00000/CE5E58C2-B58C-E711-A596-02163E012234.root [133,132]
/store/data/Run2017C/ZeroBias/RAW/v1/000/301/998/00000/CED6D2C0-B58C-E711-A863-02163E019C8D.root [432,433]
/store/data/Run2017C/ZeroBias/RAW/v1/000/301/998/00000/D080C7C4-CF8C-E711-A164-02163E01341D.root [957,959,958]
/store/data/Run2017C/ZeroBias/RAW/v1/000/301/998/00000/D08882CD-EA8C-E711-8B1E-02163E0145B1.root [1454,1453,1455,1456]
/store/data/Run2017C/ZeroBias/RAW/v1/000/301/998/00000/D25B4ADD-C08C-E711-A195-02163E011854.root [683,685,684]
/store/data/Run2017C/ZeroBias/RAW/v1/000/301/998/00000/D25EF9F8-CF8C-E711-848A-02163E0133BA.root [960,961,962]
/store/data/Run2017C/ZeroBias/RAW/v1/000/301/998/00000/D269103D-D88C-E711-A24D-02163E01A6CA.root [1108,1109,1107]
/store/data/Run2017C/ZeroBias/RAW/v1/000/301/998/00000/D2BC0F17-ED8C-E711-A042-02163E01A5FC.root [1494,1493,1495,1496]
/store/data/Run2017C/ZeroBias/RAW/v1/000/301/998/00000/D2FB8F9F-B98C-E711-A177-02163E019DCF.root [550,548,549]
/store/data/Run2017C/ZeroBias/RAW/v1/000/301/998/00000/D2FFE05A-C28C-E711-BEBB-02163E014761.root [704,706,705]
/store/data/Run2017C/ZeroBias/RAW/v1/000/301/998/00000/D45041A0-BA8C-E711-AAB8-02163E0144CB.root [566,567,568]
/store/data/Run2017C/ZeroBias/RAW/v1/000/301/998/00000/D45B05BD-B58C-E711-BD0C-02163E014111.root [369,368]
/store/data/Run2017C/ZeroBias/RAW/v1/000/301/998/00000/D46111A6-F18C-E711-AED7-02163E01A3B7.root [1580,1577,1578,1579]
/store/data/Run2017C/ZeroBias/RAW/v1/000/301/998/00000/D489DE2B-E58C-E711-BCBE-02163E0133DE.root [1348,1346,1347,1345]
/store/data/Run2017C/ZeroBias/RAW/v1/000/301/998/00000/D4BFC641-DE8C-E711-8C33-02163E01A1D3.root [1222,1221,1223]
/store/data/Run2017C/ZeroBias/RAW/v1/000/301/998/00000/D605A547-EE8C-E711-AA4A-02163E019DF3.root [1513,1514,1515,1516]
/store/data/Run2017C/ZeroBias/RAW/v1/000/301/998/00000/D64B3363-D68C-E711-ACBD-02163E01A4AC.root [1076,1075,1074]
/store/data/Run2017C/ZeroBias/RAW/v1/000/301/998/00000/D65AE569-E18C-E711-9E0D-02163E01A4CF.root [1282,1284,1283,1281]
/store/data/Run2017C/ZeroBias/RAW/v1/000/301/998/00000/D66A4A11-F78C-E711-8918-02163E011F8F.root [1678,1681,1680,1679]
/store/data/Run2017C/ZeroBias/RAW/v1/000/301/998/00000/D6BE4931-B68C-E711-BBA1-02163E011F61.root [343,342]
/store/data/Run2017C/ZeroBias/RAW/v1/000/301/998/00000/D806C78C-ED8C-E711-BA7E-02163E01A6FD.root [1507,1505,1508,1506]
/store/data/Run2017C/ZeroBias/RAW/v1/000/301/998/00000/D84B2CF1-F78C-E711-BFA8-02163E01A3AE.root [1694,1695,1697,1696]
/store/data/Run2017C/ZeroBias/RAW/v1/000/301/998/00000/D85E8935-E98C-E711-874E-02163E0124D4.root [1423,1422,1421,1424]
/store/data/Run2017C/ZeroBias/RAW/v1/000/301/998/00000/D8A06EAC-C38C-E711-8E3B-02163E01A379.root [731,732,733]
/store/data/Run2017C/ZeroBias/RAW/v1/000/301/998/00000/D8A6EE3F-D78C-E711-8E40-02163E01A3F0.root [1094,1093,1092]
/store/data/Run2017C/ZeroBias/RAW/v1/000/301/998/00000/D8B251BB-B58C-E711-B005-02163E019BB8.root [282,283]
/store/data/Run2017C/ZeroBias/RAW/v1/000/301/998/00000/DA132799-C78C-E711-AD4D-02163E019CF6.root [805,804,803]
/store/data/Run2017C/ZeroBias/RAW/v1/000/301/998/00000/DA35C1F0-C28C-E711-B58F-02163E01198B.root [716,718,717]
/store/data/Run2017C/ZeroBias/RAW/v1/000/301/998/00000/DAC95B89-BF8C-E711-8A51-02163E01A4E9.root [658,656,657]
/store/data/Run2017C/ZeroBias/RAW/v1/000/301/998/00000/DC21B1B6-B58C-E711-8B51-02163E01A4E2.root [107,106]
/store/data/Run2017C/ZeroBias/RAW/v1/000/301/998/00000/DC72341A-C98C-E711-89C4-02163E01A377.root [832,830,831]
/store/data/Run2017C/ZeroBias/RAW/v1/000/301/998/00000/DCB34A6B-DF8C-E711-B639-02163E019BCA.root [1244,1242,1243,1241]
/store/data/Run2017C/ZeroBias/RAW/v1/000/301/998/00000/DCEFB1FC-D28C-E711-AE93-02163E012692.root [1013,1011,1012]
/store/data/Run2017C/ZeroBias/RAW/v1/000/301/998/00000/DE210364-D28C-E711-98CC-02163E01A3F0.root [999,1000,1001]
/store/data/Run2017C/ZeroBias/RAW/v1/000/301/998/00000/DE398ABB-E08C-E711-B238-02163E0134FB.root [1266,1265,1267,1268]
/store/data/Run2017C/ZeroBias/RAW/v1/000/301/998/00000/DE42AEB0-DC8C-E711-AFB0-02163E019CD7.root [1186,1185,1187]
/store/data/Run2017C/ZeroBias/RAW/v1/000/301/998/00000/DE80F715-CD8C-E711-AC8A-02163E019CD0.root [907,906,908]
/store/data/Run2017C/ZeroBias/RAW/v1/000/301/998/00000/DE81C88D-C48C-E711-9826-02163E013621.root [743,744,745]
/store/data/Run2017C/ZeroBias/RAW/v1/000/301/998/00000/DEDF74C4-B58C-E711-A2FB-02163E014600.root [206,207]
/store/data/Run2017C/ZeroBias/RAW/v1/000/301/998/00000/E00CD2B5-B58C-E711-A66F-02163E019D37.root [78,79]
/store/data/Run2017C/ZeroBias/RAW/v1/000/301/998/00000/E061134E-C88C-E711-B86A-02163E011E4D.root [816,817,815]
/store/data/Run2017C/ZeroBias/RAW/v1/000/301/998/00000/E0707D97-BA8C-E711-96DC-02163E01A66B.root [564,565,563]
/store/data/Run2017C/ZeroBias/RAW/v1/000/301/998/00000/E0853AC0-B58C-E711-8D31-02163E0134EB.root [306,307]
/store/data/Run2017C/ZeroBias/RAW/v1/000/301/998/00000/E2023178-D38C-E711-A630-02163E01A2B6.root [1025,1023,1024]
/store/data/Run2017C/ZeroBias/RAW/v1/000/301/998/00000/E2147A64-F08C-E711-B1D5-02163E01A4AE.root [1554,1556,1553,1555]
/store/data/Run2017C/ZeroBias/RAW/v1/000/301/998/00000/E24D5778-E48C-E711-B921-02163E01A56E.root [1333,1335,1336,1334]
/store/data/Run2017C/ZeroBias/RAW/v1/000/301/998/00000/E2B78BBD-B58C-E711-993A-02163E01A604.root [411,410]
/store/data/Run2017C/ZeroBias/RAW/v1/000/301/998/00000/E2C16B6C-BD8C-E711-8477-02163E0144DD.root [615,616,614]
/store/data/Run2017C/ZeroBias/RAW/v1/000/301/998/00000/E2C313C0-B58C-E711-B8A7-02163E01A658.root [52,53]
/store/data/Run2017C/ZeroBias/RAW/v1/000/301/998/00000/E2FC77D9-EA8C-E711-8F7D-02163E019CF6.root [1451,1449,1450,1452]
/store/data/Run2017C/ZeroBias/RAW/v1/000/301/998/00000/E48CCABB-B58C-E711-8E8D-02163E01A660.root [123,122]
/store/data/Run2017C/ZeroBias/RAW/v1/000/301/998/00000/E4FB0D8B-BB8C-E711-A3A9-02163E01A5BD.root [574,572,573]
/store/data/Run2017C/ZeroBias/RAW/v1/000/301/998/00000/E6179C8B-EB8C-E711-892D-02163E01A705.root [1463,1461,1464,1462]
/store/data/Run2017C/ZeroBias/RAW/v1/000/301/998/00000/E621A14C-D08C-E711-B014-02163E013997.root [968,966,967]
/store/data/Run2017C/ZeroBias/RAW/v1/000/301/998/00000/E6417C9E-DD8C-E711-BC7D-02163E014105.root [1215,1217,1216]
/store/data/Run2017C/ZeroBias/RAW/v1/000/301/998/00000/E64AD27A-E88C-E711-B4AC-02163E013913.root [1408,1405,1406,1407]
/store/data/Run2017C/ZeroBias/RAW/v1/000/301/998/00000/E661D0B6-B58C-E711-912E-02163E01A5FF.root [191,190]
/store/data/Run2017C/ZeroBias/RAW/v1/000/301/998/00000/E68969BE-B58C-E711-9AC3-02163E0143C0.root [42,43]
/store/data/Run2017C/ZeroBias/RAW/v1/000/301/998/00000/E69AECB6-B58C-E711-BADB-02163E01A575.root [155,154]
/store/data/Run2017C/ZeroBias/RAW/v1/000/301/998/00000/E6B5A1FC-BD8C-E711-B3D0-02163E01A512.root [628,626,627]
/store/data/Run2017C/ZeroBias/RAW/v1/000/301/998/00000/E6C7DABE-B58C-E711-86F5-02163E011A80.root [358,359]
/store/data/Run2017C/ZeroBias/RAW/v1/000/301/998/00000/E6CAB5B8-B58C-E711-9F2B-02163E01A1DE.root [250,251]
/store/data/Run2017C/ZeroBias/RAW/v1/000/301/998/00000/E6E01137-C08C-E711-BDD1-02163E01A4FC.root [668,670,669]
/store/data/Run2017C/ZeroBias/RAW/v1/000/301/998/00000/E82229D7-B58C-E711-B5E4-02163E0142C7.root [372,373]
/store/data/Run2017C/ZeroBias/RAW/v1/000/301/998/00000/E83A18B2-BF8C-E711-A4C3-02163E01421A.root [661,660,659]
/store/data/Run2017C/ZeroBias/RAW/v1/000/301/998/00000/E868563D-D78C-E711-8249-02163E01A308.root [1086,1088,1087]
/store/data/Run2017C/ZeroBias/RAW/v1/000/301/998/00000/E8826B70-DE8C-E711-862A-02163E014150.root [1225,1226,1224]
/store/data/Run2017C/ZeroBias/RAW/v1/000/301/998/00000/E898C552-E68C-E711-BBEF-02163E01343E.root [1369,1372,1370,1371]
/store/data/Run2017C/ZeroBias/RAW/v1/000/301/998/00000/E8A07562-BA8C-E711-8142-02163E019E22.root [560,562,561]
/store/data/Run2017C/ZeroBias/RAW/v1/000/301/998/00000/E8A5E5C9-B58C-E711-8EFA-02163E01457E.root [261,260]
/store/data/Run2017C/ZeroBias/RAW/v1/000/301/998/00000/E8DA78C5-B58C-E711-835F-02163E01A6E8.root [30,29]
/store/data/Run2017C/ZeroBias/RAW/v1/000/301/998/00000/EA84FF8B-DF8C-E711-8251-02163E01A6E8.root [1245,1246,1248,1247]
/store/data/Run2017C/ZeroBias/RAW/v1/000/301/998/00000/EAED802D-CC8C-E711-A50B-02163E011897.root [893,892,891]
/store/data/Run2017C/ZeroBias/RAW/v1/000/301/998/00000/EC03F7AC-B98C-E711-8F99-02163E0145A8.root [546,545,547]
/store/data/Run2017C/ZeroBias/RAW/v1/000/301/998/00000/EC41DAC1-B58C-E711-A9DC-02163E014724.root [142,143]
/store/data/Run2017C/ZeroBias/RAW/v1/000/301/998/00000/ECF438C4-B58C-E711-834A-02163E014239.root [418,419]
/store/data/Run2017C/ZeroBias/RAW/v1/000/301/998/00000/ECFF178E-B68C-E711-A4FD-02163E01A5B3.root [494,495,496]
/store/data/Run2017C/ZeroBias/RAW/v1/000/301/998/00000/EE39216A-B88C-E711-BBD2-02163E0146E7.root [521,523,522]
/store/data/Run2017C/ZeroBias/RAW/v1/000/301/998/00000/EE569BBC-B58C-E711-8E61-02163E01A3D0.root [344,345]
/store/data/Run2017C/ZeroBias/RAW/v1/000/301/998/00000/EE5BF0B7-B58C-E711-8E3F-02163E01A43C.root [211,210]
/store/data/Run2017C/ZeroBias/RAW/v1/000/301/998/00000/EEAF601A-B78C-E711-9306-02163E019E22.root [501,502,500]
/store/data/Run2017C/ZeroBias/RAW/v1/000/301/998/00000/EEB7CFC7-B58C-E711-A8FD-02163E01412B.root [216,217]
/store/data/Run2017C/ZeroBias/RAW/v1/000/301/998/00000/F00CA8CA-B58C-E711-9E21-02163E012305.root [58,59]
/store/data/Run2017C/ZeroBias/RAW/v1/000/301/998/00000/F0F0CEBA-B58C-E711-B427-02163E012234.root [115,114]
/store/data/Run2017C/ZeroBias/RAW/v1/000/301/998/00000/F22A9BB2-F68C-E711-B7E7-02163E019C73.root [1671,1672,1673,1670]
/store/data/Run2017C/ZeroBias/RAW/v1/000/301/998/00000/F2FDDD4A-BC8C-E711-997E-02163E01A3BF.root [598,596,597]
/store/data/Run2017C/ZeroBias/RAW/v1/000/301/998/00000/F446AEBD-B58C-E711-A871-02163E01A422.root [388,389]
/store/data/Run2017C/ZeroBias/RAW/v1/000/301/998/00000/F473D9C4-B58C-E711-98CC-02163E01A649.root [201,200]
/store/data/Run2017C/ZeroBias/RAW/v1/000/301/998/00000/F48015BD-B58C-E711-A954-02163E014111.root [360,361]
/store/data/Run2017C/ZeroBias/RAW/v1/000/301/998/00000/F49D4807-CB8C-E711-BCA3-02163E01A640.root [864,863,865]
/store/data/Run2017C/ZeroBias/RAW/v1/000/301/998/00000/F4A842FD-F28C-E711-BEC0-02163E01A53D.root [1605,1606,1608,1607]
/store/data/Run2017C/ZeroBias/RAW/v1/000/301/998/00000/F6023012-C78C-E711-BDDE-02163E01420A.root [791,792,793]
/store/data/Run2017C/ZeroBias/RAW/v1/000/301/998/00000/F69C22C4-B58C-E711-AE00-02163E01433C.root [423,422]
/store/data/Run2017C/ZeroBias/RAW/v1/000/301/998/00000/F6F44F68-F08C-E711-9BFC-02163E01A326.root [1445,1446,1447,1448]
/store/data/Run2017C/ZeroBias/RAW/v1/000/301/998/00000/F8505D7F-CD8C-E711-8AAF-02163E01A402.root [914,912,913]
/store/data/Run2017C/ZeroBias/RAW/v1/000/301/998/00000/F85C05BB-B58C-E711-8460-02163E01343E.root [64,65]
/store/data/Run2017C/ZeroBias/RAW/v1/000/301/998/00000/F87692EB-DD8C-E711-9483-02163E01432C.root [1219,1218,1220]
/store/data/Run2017C/ZeroBias/RAW/v1/000/301/998/00000/F8907BE6-DF8C-E711-B82B-02163E01A5E0.root [1255,1253,1256,1254]
/store/data/Run2017C/ZeroBias/RAW/v1/000/301/998/00000/F8C51BBE-B58C-E711-83F8-02163E01A66F.root [381,380]
/store/data/Run2017C/ZeroBias/RAW/v1/000/301/998/00000/F8C975F1-B58C-E711-A0E4-02163E0138F9.root [194,195]
/store/data/Run2017C/ZeroBias/RAW/v1/000/301/998/00000/F8E08813-F18C-E711-9A43-02163E013483.root [1567,1566,1565,1568]
/store/data/Run2017C/ZeroBias/RAW/v1/000/301/998/00000/F8E242B6-B58C-E711-B620-02163E019D37.root [67,66]
/store/data/Run2017C/ZeroBias/RAW/v1/000/301/998/00000/FA58E7B2-B58C-E711-8E67-02163E01A3A8.root [12,11]
/store/data/Run2017C/ZeroBias/RAW/v1/000/301/998/00000/FA8307B8-B58C-E711-87C9-02163E01A62F.root [186,187]
/store/data/Run2017C/ZeroBias/RAW/v1/000/301/998/00000/FAB7EFE9-DF8C-E711-8659-02163E01A4AD.root [1260,1257,1259,1258]
/store/data/Run2017C/ZeroBias/RAW/v1/000/301/998/00000/FAC9C4B4-B58C-E711-9707-02163E019D3E.root [129,128]
/store/data/Run2017C/ZeroBias/RAW/v1/000/301/998/00000/FAD188B6-B58C-E711-83F1-02163E019BE3.root [174,175]
/store/data/Run2017C/ZeroBias/RAW/v1/000/301/998/00000/FAE860B8-B58C-E711-B315-02163E01A3CE.root [1,2]
/store/data/Run2017C/ZeroBias/RAW/v1/000/301/998/00000/FC3D6A03-BA8C-E711-9707-02163E01A22D.root [554,555,556]
/store/data/Run2017C/ZeroBias/RAW/v1/000/301/998/00000/FC4C51C1-B58C-E711-BAAE-02163E01A5A4.root [476,477,478]
/store/data/Run2017C/ZeroBias/RAW/v1/000/301/998/00000/FC5E48BD-B58C-E711-B121-02163E01360A.root [315,314]
/store/data/Run2017C/ZeroBias/RAW/v1/000/301/998/00000/FC99EAC1-B58C-E711-B0FE-02163E019BAE.root [303,302]
/store/data/Run2017C/ZeroBias/RAW/v1/000/301/998/00000/FCA9F8A0-7B8D-E711-B3DF-02163E01A524.root [1703,1705,1704,1702]
/store/data/Run2017C/ZeroBias/RAW/v1/000/301/998/00000/FCAF560F-DC8C-E711-BA14-02163E0144F9.root [1181,1183,1182,1184]
/store/data/Run2017C/ZeroBias/RAW/v1/000/301/998/00000/FCB3B3F7-C48C-E711-9073-02163E01A3C9.root [758,759,760]
/store/data/Run2017C/ZeroBias/RAW/v1/000/301/998/00000/FCCB89B4-B58C-E711-8EBB-02163E01A271.root [48,49]
/store/data/Run2017C/ZeroBias/RAW/v1/000/301/998/00000/FCE9F0A6-CA8C-E711-9187-02163E014424.root [854,855,856]
/store/data/Run2017C/ZeroBias/RAW/v1/000/301/998/00000/FE583DE3-D08C-E711-A119-02163E01341D.root [980,978,979]
/store/data/Run2017C/ZeroBias/RAW/v1/000/301/998/00000/FE820589-ED8C-E711-8417-02163E01A3AB.root [1501,1504,1502,1503]
/store/data/Run2017C/ZeroBias/RAW/v1/000/301/998/00000/FECD06A0-C18C-E711-B521-02163E014353.root [691,690,689]
/store/data/Run2017C/ZeroBias/RAW/v1/000/301/998/00000/FEFE11C0-B58C-E711-8723-02163E01457E.root [275,274]
