/store/data/Run2015C/SinglePhoton/RAW/v1/000/254/790/00000/0A201B06-4E48-E511-AC5E-02163E01419F.root [733,725,731,722,726,730,724,728,729,735,736,727,721,723,732,734]
/store/data/Run2015C/SinglePhoton/RAW/v1/000/254/790/00000/0E8B1D21-4E48-E511-A3DF-02163E011BE4.root [269,275,273,268,271,274,267,270,276,272,277]
/store/data/Run2015C/SinglePhoton/RAW/v1/000/254/790/00000/1487000A-4E48-E511-B58B-02163E011826.root [304,305,306,307,311,302,308,313,303,309,310,312]
/store/data/Run2015C/SinglePhoton/RAW/v1/000/254/790/00000/1CA664BF-3048-E511-828E-02163E0144AC.root [224,220,228,229,218,219,225,227,221,222,223,226]
/store/data/Run2015C/SinglePhoton/RAW/v1/000/254/790/00000/1E06CD09-4E48-E511-B813-02163E011826.root [236,239,233,237,241,230,238,231,240,234,232,235]
/store/data/Run2015C/SinglePhoton/RAW/v1/000/254/790/00000/26A32818-4E48-E511-97D0-02163E014222.root [525,530,519,521,523,532,522,526,528,520,524,529,533,518,527,531]
/store/data/Run2015C/SinglePhoton/RAW/v1/000/254/790/00000/2C2F6620-4E48-E511-A237-02163E011BE4.root [670,671,678,679,673,674,676,672,682,683,669,675,677,681,668,680]
/store/data/Run2015C/SinglePhoton/RAW/v1/000/254/790/00000/38A54708-4E48-E511-BD59-02163E01427B.root [315,316,319,320,324,321,314,322,318,323,317,325]
/store/data/Run2015C/SinglePhoton/RAW/v1/000/254/790/00000/3A10AC09-4E48-E511-AF60-02163E014567.root [534,536,538,539,541,545,540,542,549,543,544,535,546,537,547,548]
/store/data/Run2015C/SinglePhoton/RAW/v1/000/254/790/00000/3E890FB5-3048-E511-A4D7-02163E01559C.root [197,198,199,200,195,202,203,193,196,201,205,194,204]
/store/data/Run2015C/SinglePhoton/RAW/v1/000/254/790/00000/40620B0C-4E48-E511-9D9B-02163E011BCE.root [448,451,455,456,446,449,453,447,450,452,454,457]
/store/data/Run2015C/SinglePhoton/RAW/v1/000/254/790/00000/44D627B3-3048-E511-8231-02163E0139AD.root [146,149,152,153,147,151,148,154,155,150,145,156]
/store/data/Run2015C/SinglePhoton/RAW/v1/000/254/790/00000/48487C97-2248-E511-90EF-02163E01395C.root [125,127,121,126,129,128,130,122,132,123,124,131]
/store/data/Run2015C/SinglePhoton/RAW/v1/000/254/790/00000/48B37B0B-4E48-E511-B269-02163E01397C.root [499,501,503,504,498,500,505,494,497,495,496,502]
/store/data/Run2015C/SinglePhoton/RAW/v1/000/254/790/00000/5226DE08-4E48-E511-A924-02163E01469B.root [768,757,759,763,762,766,767,761,765,753,754,756,764,755,758,760]
/store/data/Run2015C/SinglePhoton/RAW/v1/000/254/790/00000/58FFD7B6-3048-E511-AA32-02163E016C4C.root [188,183,184,185,187,186,190,181,191,192,182,189]
/store/data/Run2015C/SinglePhoton/RAW/v1/000/254/790/00000/5CCBE209-4E48-E511-85E5-02163E0143D8.root [564,568,575,569,570,571,576,578,574,572,562,567,579,563,565,566,573,577]
/store/data/Run2015C/SinglePhoton/RAW/v1/000/254/790/00000/64049507-4E48-E511-BFD6-02163E01427B.root [243,245,250,251,242,244,246,248,249,253,247,252]
/store/data/Run2015C/SinglePhoton/RAW/v1/000/254/790/00000/6E00470E-4E48-E511-A7C3-02163E011CE0.root [553,557,555,556,559,552,554,558,561,550,551,560]
/store/data/Run2015C/SinglePhoton/RAW/v1/000/254/790/00000/720DFD0A-4E48-E511-933B-02163E01243B.root [352,356,361,358,359,351,353,357,355,354,360,350]
/store/data/Run2015C/SinglePhoton/RAW/v1/000/254/790/00000/74B3E709-4E48-E511-B7EA-02163E0143D8.root [326,335,327,328,336,332,337,333,329,330,334,331]
/store/data/Run2015C/SinglePhoton/RAW/v1/000/254/790/00000/8035450A-4E48-E511-A0A8-02163E0145BB.root [477,481,479,471,470,472,474,480,475,476,478,473]
/store/data/Run2015C/SinglePhoton/RAW/v1/000/254/790/00000/84CD700B-4E48-E511-B436-02163E01391B.root [414,418,421,412,420,411,415,417,410,413,419,416]
/store/data/Run2015C/SinglePhoton/RAW/v1/000/254/790/00000/8AB8C7B3-3048-E511-BD4F-02163E0137EF.root [209,214,217,215,213,206,207,212,208,211,216,210]
/store/data/Run2015C/SinglePhoton/RAW/v1/000/254/790/00000/92915C07-4E48-E511-A987-02163E011A56.root [591,585,587,592,582,595,596,599,600,581,588,589,594,580,583,584,603,597,586,590,593,598,601,602]
/store/data/Run2015C/SinglePhoton/RAW/v1/000/254/790/00000/94229A09-4E48-E511-9D46-02163E011ED0.root [401,405,400,407,398,402,408,399,404,403,406,409]
/store/data/Run2015C/SinglePhoton/RAW/v1/000/254/790/00000/98E59929-2148-E511-8234-02163E01476F.root [114,120,113,109,115,110,112,117,116,111,118,119]
/store/data/Run2015C/SinglePhoton/RAW/v1/000/254/790/00000/9AD79A07-4E48-E511-B9AC-02163E011ED0.root [286,279,280,287,289,284,281,288,278,282,285,283]
/store/data/Run2015C/SinglePhoton/RAW/v1/000/254/790/00000/9C329AB0-2048-E511-B3B8-02163E011862.root [2,13,28,36,38,40,42,51,56,61,65,68,93,94,45,47,57,69,82,88,90,15,21,26,27,31,34,39,41,54,55,72,75,85,1,6,7,12,14,35,46,58,66,71,83,84,3,8,29,44,50,52,86,87,18,19,22,23,32,48,49,59,73,79,80,9,10,11,17,20,30,33,43,60,63,64,67,70,74,77,78,95,4,5,16,24,25,37,53,62,76,81]
/store/data/Run2015C/SinglePhoton/RAW/v1/000/254/790/00000/9C55B10C-4E48-E511-B28C-02163E014670.root [633,620,626,632,634,621,622,630,628,629,631,627,635,624,623,625]
/store/data/Run2015C/SinglePhoton/RAW/v1/000/254/790/00000/9EC1CA07-4E48-E511-8E48-02163E01243B.root [254,265,255,261,259,260,257,264,266,262,256,258,263]
/store/data/Run2015C/SinglePhoton/RAW/v1/000/254/790/00000/A085890A-4E48-E511-AF12-02163E0135A8.root [516,506,508,512,510,514,515,507,517,511,513,509]
/store/data/Run2015C/SinglePhoton/RAW/v1/000/254/790/00000/A49FF50C-4E48-E511-917A-02163E011826.root [440,445,436,437,438,439,442,444,434,441,435,443]
/store/data/Run2015C/SinglePhoton/RAW/v1/000/254/790/00000/A677D20F-4E48-E511-A183-02163E01447C.root [458,466,469,459,460,464,467,465,461,468,462,463]
/store/data/Run2015C/SinglePhoton/RAW/v1/000/254/790/00000/ACE74E09-4E48-E511-B09A-02163E0145A2.root [372,369,365,368,363,364,367,373,371,362,370,366]
/store/data/Run2015C/SinglePhoton/RAW/v1/000/254/790/00000/AECB910D-4E48-E511-B28C-02163E011E54.root [705,718,710,717,720,711,713,716,712,719,706,709,714,708,707,715]
/store/data/Run2015C/SinglePhoton/RAW/v1/000/254/790/00000/B260E408-4E48-E511-A7F7-02163E0144B4.root [485,488,484,489,492,483,487,493,482,486,490,491]
/store/data/Run2015C/SinglePhoton/RAW/v1/000/254/790/00000/B499840A-4E48-E511-B84A-02163E0136B2.root [387,389,397,393,396,386,394,392,391,395,388,390]
/store/data/Run2015C/SinglePhoton/RAW/v1/000/254/790/00000/BE006D0B-4E48-E511-BAAC-02163E01391B.root [739,737,741,746,752,742,748,743,738,744,745,749,750,740,747,751]
/store/data/Run2015C/SinglePhoton/RAW/v1/000/254/790/00000/BE7A6F11-4E48-E511-B235-02163E01440C.root [684,688,697,702,686,692,693,704,685,689,690,695,701,694,687,696,691,703]
/store/data/Run2015C/SinglePhoton/RAW/v1/000/254/790/00000/C4131A09-4E48-E511-985C-02163E0145A2.root [637,644,642,651,639,641,646,650,636,640,645,638,643,647,648,649]
/store/data/Run2015C/SinglePhoton/RAW/v1/000/254/790/00000/CE8F54B2-2048-E511-A03F-02163E011B33.root [99,98,104,103,96,106,108,97,102,105,107,101,100]
/store/data/Run2015C/SinglePhoton/RAW/v1/000/254/790/00000/D8B68F09-4E48-E511-8DF7-02163E011ED0.root [658,656,664,653,661,654,660,662,665,666,657,655,663,652,659,667]
/store/data/Run2015C/SinglePhoton/RAW/v1/000/254/790/00000/DAF69007-4E48-E511-8184-02163E011A56.root [375,380,379,383,385,376,384,381,377,382,378,374]
/store/data/Run2015C/SinglePhoton/RAW/v1/000/254/790/00000/DEA6C3B1-3048-E511-A866-02163E0144A5.root [170,176,160,161,162,168,174,158,169,172,165,179,159,164,167,171,178,157,163,180,166,173,175,177]
/store/data/Run2015C/SinglePhoton/RAW/v1/000/254/790/00000/E0B3190C-4E48-E511-990D-02163E011BCE.root [783,788,769,776,777,792,775,778,791,772,782,771,779,784,785,786,774,780,787,770,773,781,789]
/store/data/Run2015C/SinglePhoton/RAW/v1/000/254/790/00000/E4892E09-4E48-E511-B083-02163E01469B.root [291,294,297,298,295,290,292,293,299,296,300,301]
/store/data/Run2015C/SinglePhoton/RAW/v1/000/254/790/00000/E82E0B06-4E48-E511-AD94-02163E01419F.root [428,430,432,423,425,426,431,429,422,424,427,433]
/store/data/Run2015C/SinglePhoton/RAW/v1/000/254/790/00000/F011F517-4E48-E511-A928-02163E014222.root [339,349,338,341,345,342,343,340,344,348,346,347]
/store/data/Run2015C/SinglePhoton/RAW/v1/000/254/790/00000/F0796A08-4E48-E511-B09A-02163E0141C7.root [606,607,615,611,609,610,604,616,605,618,619,608,612,613,614,617]
/store/data/Run2015C/SinglePhoton/RAW/v1/000/254/790/00000/F83EF095-2248-E511-9C63-02163E013638.root [135,140,141,144,137,133,138,139,136,142,134,143]
