/store/data/Run2017B/SingleElectron/RAW/v1/000/297/227/00000/10735B72-6A56-E711-9D09-02163E0124EC.root [135,138,137,131,133,134,136,130,132]
/store/data/Run2017B/SingleElectron/RAW/v1/000/297/227/00000/14F2003B-6556-E711-B3CF-02163E0142B4.root [35,39,33,37,34,40,38,36]
/store/data/Run2017B/SingleElectron/RAW/v1/000/297/227/00000/1E6F8A89-6A56-E711-9F9E-02163E012019.root [153,151,155,156,154,149,150,152,148]
/store/data/Run2017B/SingleElectron/RAW/v1/000/297/227/00000/202E634B-6E56-E711-8F23-02163E0145C1.root [181,183,185,188,189,184,186,182,187]
/store/data/Run2017B/SingleElectron/RAW/v1/000/297/227/00000/2424B12A-7956-E711-8728-02163E01A6B6.root [196]
/store/data/Run2017B/SingleElectron/RAW/v1/000/297/227/00000/2AD40129-6556-E711-B013-02163E01A237.root [69,65,68,70,72,66,67,71]
/store/data/Run2017B/SingleElectron/RAW/v1/000/297/227/00000/3682B326-6556-E711-A8BB-02163E01A74F.root [73,76,79,78,75,74,80,77]
/store/data/Run2017B/SingleElectron/RAW/v1/000/297/227/00000/4AC69433-6A56-E711-A816-02163E012B5C.root [83,84,87,85,86,88,81,82]
/store/data/Run2017B/SingleElectron/RAW/v1/000/297/227/00000/622B0209-6E56-E711-91F5-02163E019D73.root [170,171,176,167,169,175,177,180,168,173,166,172,174,178,179]
/store/data/Run2017B/SingleElectron/RAW/v1/000/297/227/00000/6A749E56-7956-E711-BE5B-02163E0129EA.root [190,193,191,192]
/store/data/Run2017B/SingleElectron/RAW/v1/000/297/227/00000/6E971E73-6F56-E711-AE16-02163E01A6C1.root [165,157,159,160,164,161,162,158,163]
/store/data/Run2017B/SingleElectron/RAW/v1/000/297/227/00000/78283E4A-6A56-E711-B9A3-02163E01A415.root [91,92,93,94,90,96,89,95]
/store/data/Run2017B/SingleElectron/RAW/v1/000/297/227/00000/964BEA39-6556-E711-9996-02163E013450.root [43,42,45,46,41,48,44,47]
/store/data/Run2017B/SingleElectron/RAW/v1/000/297/227/00000/A806944A-6A56-E711-B0D9-02163E01A5AC.root [115,120,114,117,119,113,116,118]
/store/data/Run2017B/SingleElectron/RAW/v1/000/297/227/00000/ACDEF427-7D56-E711-9A85-02163E019D8E.root [201,207,213,215,233,235,240,251,252,210,211,224,225,228,237,239,256,257,261,209,216,217,223,238,242,255,259,260,206,208,214,218,200,205,219,229,241,249,264,266,199,203,222,230,245,247,248,258,262,265,202,204,220,226,232,234,244,253,254,212,221,227,231,236,243,246,250,263,267]
/store/data/Run2017B/SingleElectron/RAW/v1/000/297/227/00000/AE61D63D-6556-E711-A3E5-02163E011905.root [63,64,58,60,61,57,59,62]
/store/data/Run2017B/SingleElectron/RAW/v1/000/297/227/00000/C0A69752-6556-E711-9F69-02163E0134E1.root [18,23,24,20,17,19,22,21]
/store/data/Run2017B/SingleElectron/RAW/v1/000/297/227/00000/CC1B0F41-6556-E711-B091-02163E01457C.root [49,51,52,53,55,56,50,54]
/store/data/Run2017B/SingleElectron/RAW/v1/000/297/227/00000/CC30D8C8-6856-E711-A373-02163E01A2BD.root [16,10,13,14,15,9,12,11]
/store/data/Run2017B/SingleElectron/RAW/v1/000/297/227/00000/E61CE34C-6A56-E711-9424-02163E01422D.root [105,109,107,111,106,108,110,112]
/store/data/Run2017B/SingleElectron/RAW/v1/000/297/227/00000/E8BD244F-6A56-E711-A27A-02163E0142C5.root [140,141,142,144,145,147,139,143,146]
/store/data/Run2017B/SingleElectron/RAW/v1/000/297/227/00000/F0F4E34B-6A56-E711-99DD-02163E011BB7.root [124,125,129,122,126,123,127,128,121]
/store/data/Run2017B/SingleElectron/RAW/v1/000/297/227/00000/F6F4574A-6A56-E711-A735-02163E019DE0.root [104,99,103,102,100,97,98,101]
/store/data/Run2017B/SingleElectron/RAW/v1/000/297/227/00000/FEC3B529-6556-E711-A4FA-02163E019C9F.root [25,26,29,32,30,28,31,27]
