/store/data/Run2024D/BTagMu/RAW/v1/000/380/360/00000/00838eb5-6c0a-4967-a80d-c295f8774831.root [1920,1921,1922,1923,1924,1919]
/store/data/Run2024D/BTagMu/RAW/v1/000/380/360/00000/0086e25c-4fc6-447e-a500-11cf3b1d0d84.root [679,677,678]
/store/data/Run2024D/BTagMu/RAW/v1/000/380/360/00000/00db1108-b69a-4250-b22f-d50d86b8a8e3.root [367,368]
/store/data/Run2024D/BTagMu/RAW/v1/000/380/360/00000/0137101c-2370-435a-b3e1-18a3a93f8b60.root [540,539]
/store/data/Run2024D/BTagMu/RAW/v1/000/380/360/00000/014385be-2f54-4452-9633-bb2860fa5c9a.root [185,184]
/store/data/Run2024D/BTagMu/RAW/v1/000/380/360/00000/02737b4f-4d7d-47bc-8a2f-dafa4181fb51.root [524,525]
/store/data/Run2024D/BTagMu/RAW/v1/000/380/360/00000/0300d9c8-ea63-4b79-9a88-7a16aaf01ab8.root [409,410]
/store/data/Run2024D/BTagMu/RAW/v1/000/380/360/00000/034ee5d0-0075-4f55-a7c7-33fceaf69306.root [1088,1087,1089,1086]
/store/data/Run2024D/BTagMu/RAW/v1/000/380/360/00000/0350291e-de3e-49c3-8c53-772f0ff5c4b6.root [593,594]
/store/data/Run2024D/BTagMu/RAW/v1/000/380/360/00000/038b5c92-8b56-4a77-8596-4a56b7adc97f.root [1304,1306,1307,1305]
/store/data/Run2024D/BTagMu/RAW/v1/000/380/360/00000/03978188-ee2d-4b1c-9937-6b642450e538.root [1142,1143,1144,1145]
/store/data/Run2024D/BTagMu/RAW/v1/000/380/360/00000/03b99052-ad1c-4a80-84e2-9074386fc99f.root [401,402]
/store/data/Run2024D/BTagMu/RAW/v1/000/380/360/00000/040fe639-fa38-474b-8553-eceeeff51da0.root [547,548]
/store/data/Run2024D/BTagMu/RAW/v1/000/380/360/00000/041c71fa-095a-465a-938d-f2ca3e9eb46f.root [1362,1361,1363,1360]
/store/data/Run2024D/BTagMu/RAW/v1/000/380/360/00000/042592d7-391a-440a-8783-76dd8a5bbd91.root [1172,1170,1171,1173]
/store/data/Run2024D/BTagMu/RAW/v1/000/380/360/00000/056ae0da-92a3-402f-9882-6a5ef9e8836b.root [737,736,735]
/store/data/Run2024D/BTagMu/RAW/v1/000/380/360/00000/05f077d7-d6d4-4b12-abd5-1f59875b3af4.root [805,804,806]
/store/data/Run2024D/BTagMu/RAW/v1/000/380/360/00000/06110915-674e-415e-a4af-72ce7895cb28.root [55,53,56,57,58,54]
/store/data/Run2024D/BTagMu/RAW/v1/000/380/360/00000/0658b9ba-890a-4140-ba97-aae2a254dc2e.root [469,468]
/store/data/Run2024D/BTagMu/RAW/v1/000/380/360/00000/0693e9e4-889a-4264-b3ce-f792fcece1f7.root [1062,1064,1065,1063]
/store/data/Run2024D/BTagMu/RAW/v1/000/380/360/00000/0711b615-cf6a-4107-bdf6-d5413a527d12.root [217,218]
/store/data/Run2024D/BTagMu/RAW/v1/000/380/360/00000/07241f25-b732-4294-901c-9007be825a18.root [614,613]
/store/data/Run2024D/BTagMu/RAW/v1/000/380/360/00000/073f9b7e-b8d8-4ff3-83c2-3443742a6f6b.root [621,622]
/store/data/Run2024D/BTagMu/RAW/v1/000/380/360/00000/07acd82f-aa70-4e5a-8966-1dbd2c0511ec.root [753,754,755]
/store/data/Run2024D/BTagMu/RAW/v1/000/380/360/00000/07bef0bd-4cfa-4fdf-938e-1e530ba80a8e.root [422,421]
/store/data/Run2024D/BTagMu/RAW/v1/000/380/360/00000/085d56d5-9f3b-41a2-b031-1894c1c8f9f6.root [1163,1165,1162,1164]
/store/data/Run2024D/BTagMu/RAW/v1/000/380/360/00000/087ba154-bd3c-4b89-8f40-b497832c0cc4.root [1248,1251,1250,1249]
/store/data/Run2024D/BTagMu/RAW/v1/000/380/360/00000/09754402-8d23-43e2-9591-12454c10c002.root [793,794,792]
/store/data/Run2024D/BTagMu/RAW/v1/000/380/360/00000/099c48db-d276-43be-88dd-4fec5ac0202e.root [1781,1783,1778,1780,1782,1779]
/store/data/Run2024D/BTagMu/RAW/v1/000/380/360/00000/0a54ccb6-cb66-4666-85ae-926bf478f841.root [1858,1861,1860,1856,1857,1859]
/store/data/Run2024D/BTagMu/RAW/v1/000/380/360/00000/0a5e0d40-a1fe-4717-82c7-6f9fada54219.root [255,256]
/store/data/Run2024D/BTagMu/RAW/v1/000/380/360/00000/0ac8bdb8-7be5-4e56-bb55-ab903050ac10.root [824,823,822]
/store/data/Run2024D/BTagMu/RAW/v1/000/380/360/00000/0b43b604-8637-4bd2-947a-5ba92ae17ad5.root [894,896,895]
/store/data/Run2024D/BTagMu/RAW/v1/000/380/360/00000/0b50f6f6-359f-4993-a544-2684beddbf01.root [446,445]
/store/data/Run2024D/BTagMu/RAW/v1/000/380/360/00000/0b9540e6-8913-4bd8-bc9b-c210ea7607ee.root [1522,1526,1527,1525,1523,1524]
/store/data/Run2024D/BTagMu/RAW/v1/000/380/360/00000/0ce30866-a45e-4717-a5ad-e044c0d71be7.root [1229,1228,1227,1230]
/store/data/Run2024D/BTagMu/RAW/v1/000/380/360/00000/0cffc28f-60b5-463c-9de4-248859758feb.root [1869,1871,1873,1868,1870,1872]
/store/data/Run2024D/BTagMu/RAW/v1/000/380/360/00000/0d0992ff-38d2-466a-8dc9-12b410694864.root [178,179]
/store/data/Run2024D/BTagMu/RAW/v1/000/380/360/00000/0d26ba16-49e9-49fe-b41f-40763e4f414c.root [716,714,715]
/store/data/Run2024D/BTagMu/RAW/v1/000/380/360/00000/0db6f305-8993-4a77-8eab-bc690451ddd4.root [1755,1757,1758,1760,1756,1759]
/store/data/Run2024D/BTagMu/RAW/v1/000/380/360/00000/0e336797-9e48-44c5-bced-fe8abcc91b35.root [1350,1349,1348,1351]
/store/data/Run2024D/BTagMu/RAW/v1/000/380/360/00000/0f4a755b-7b15-4802-aabe-cd7cc335b36c.root [1474,1478,1476,1479,1477,1475]
/store/data/Run2024D/BTagMu/RAW/v1/000/380/360/00000/0f6d1f6e-7243-4a32-8a63-0488440f38d9.root [1398,1400,1401,1399]
/store/data/Run2024D/BTagMu/RAW/v1/000/380/360/00000/0fad404f-8e0d-48e3-85be-7259044adb77.root [71,74,72,73,75,76]
/store/data/Run2024D/BTagMu/RAW/v1/000/380/360/00000/0ffe060a-653a-4910-9911-17978b8370eb.root [1158,1161,1160,1159]
/store/data/Run2024D/BTagMu/RAW/v1/000/380/360/00000/101ed5d3-8819-48af-8025-dcc7151764f0.root [1274,1275,1272,1273]
/store/data/Run2024D/BTagMu/RAW/v1/000/380/360/00000/10c2888e-2e76-48f2-a1d8-00c8410201c3.root [293,294]
/store/data/Run2024D/BTagMu/RAW/v1/000/380/360/00000/10fe3427-a4ab-4c1f-b948-1088d3fcfb65.root [1403,1404,1402,1405]
/store/data/Run2024D/BTagMu/RAW/v1/000/380/360/00000/1123eec8-9b51-445c-838b-eef62224af4b.root [1284,1286,1287,1285]
/store/data/Run2024D/BTagMu/RAW/v1/000/380/360/00000/11915c4e-33dd-4146-b9c4-4d566f8d6594.root [1040,1041,1039,1038]
/store/data/Run2024D/BTagMu/RAW/v1/000/380/360/00000/11fd1318-5a28-48d6-9919-6370dbbc0180.root [1721,1723,1720,1724,1722,1719]
/store/data/Run2024D/BTagMu/RAW/v1/000/380/360/00000/1247657c-e4b1-4d43-be4d-a448c18fd21b.root [826,825,827]
/store/data/Run2024D/BTagMu/RAW/v1/000/380/360/00000/1282af46-2ce5-4c4c-a12d-32dd91feb69b.root [283,284]
/store/data/Run2024D/BTagMu/RAW/v1/000/380/360/00000/12e93387-a11f-43a8-8977-b2dbe91aa02a.root [374,373]
/store/data/Run2024D/BTagMu/RAW/v1/000/380/360/00000/1444dd64-4fe2-45bb-855a-c1ccf905a85a.root [582,581]
/store/data/Run2024D/BTagMu/RAW/v1/000/380/360/00000/1453b1d2-c913-4e1a-bc00-32d6d8357ebe.root [516,517]
/store/data/Run2024D/BTagMu/RAW/v1/000/380/360/00000/14de2cc9-3378-4779-ad45-c6a2a8522ca6.root [450,449]
/store/data/Run2024D/BTagMu/RAW/v1/000/380/360/00000/157c44d0-fc69-41cf-8b06-f730ffae1ed7.root [620,619]
/store/data/Run2024D/BTagMu/RAW/v1/000/380/360/00000/15de2349-cc5d-47a3-baa2-ccad10958949.root [569,570]
/store/data/Run2024D/BTagMu/RAW/v1/000/380/360/00000/15e14888-fa97-4756-956b-c73a0ab9d30e.root [552,551]
/store/data/Run2024D/BTagMu/RAW/v1/000/380/360/00000/15e4e556-7023-439a-8514-2163e5e33d1a.root [1315,1312,1313,1314]
/store/data/Run2024D/BTagMu/RAW/v1/000/380/360/00000/160a2d24-ddf0-453c-8cab-c16b1748303c.root [400,399]
/store/data/Run2024D/BTagMu/RAW/v1/000/380/360/00000/161f27c0-2b4b-49cb-8f44-ea4b1632f5b2.root [152,153]
/store/data/Run2024D/BTagMu/RAW/v1/000/380/360/00000/16505c9a-682e-449b-bd82-f1cda7e6df90.root [1879,1874,1878,1876,1875,1877]
/store/data/Run2024D/BTagMu/RAW/v1/000/380/360/00000/166b09bd-52ee-4123-8881-1e8101de6e27.root [596,595]
/store/data/Run2024D/BTagMu/RAW/v1/000/380/360/00000/166e59df-003c-4ada-935e-5c0bc48a103b.root [145,144]
/store/data/Run2024D/BTagMu/RAW/v1/000/380/360/00000/17067ce9-5561-4e83-8e99-34ab93f171f0.root [860,858,859]
/store/data/Run2024D/BTagMu/RAW/v1/000/380/360/00000/17335fb5-930f-4c0f-83a4-82663815683e.root [833,832,831]
/store/data/Run2024D/BTagMu/RAW/v1/000/380/360/00000/1790d641-c2f8-490d-8adb-1195e7de9498.root [380,379]
/store/data/Run2024D/BTagMu/RAW/v1/000/380/360/00000/1874ba16-4aff-4953-88df-aed918992349.root [1270,1268,1271,1269]
/store/data/Run2024D/BTagMu/RAW/v1/000/380/360/00000/190a6e1b-bb30-49a2-acdb-ae91a3ed9855.root [214,213]
/store/data/Run2024D/BTagMu/RAW/v1/000/380/360/00000/1935b7f6-c26f-480c-a7e8-26319a9b0b87.root [1717,1718,1714,1715,1713,1716]
/store/data/Run2024D/BTagMu/RAW/v1/000/380/360/00000/193d1957-c048-44ee-968f-e13a4d9ed1c2.root [686,684,685]
/store/data/Run2024D/BTagMu/RAW/v1/000/380/360/00000/1954e303-2f99-489f-9ccf-3b5e0a85a68b.root [680,681]
/store/data/Run2024D/BTagMu/RAW/v1/000/380/360/00000/19823fab-74bf-4fe5-b6b0-87e4af5793eb.root [351,352]
/store/data/Run2024D/BTagMu/RAW/v1/000/380/360/00000/19dbf3fb-46a8-4d0b-917f-5e677c0e5bba.root [707,706]
/store/data/Run2024D/BTagMu/RAW/v1/000/380/360/00000/1b6be049-d336-4445-8aa5-a8f032d41466.root [1295,1292,1293,1294]
/store/data/Run2024D/BTagMu/RAW/v1/000/380/360/00000/1b9797f7-3268-4db1-a12e-bb7c0de20498.root [608,607]
/store/data/Run2024D/BTagMu/RAW/v1/000/380/360/00000/1cffc36e-4dee-4c77-9cd1-85e204124625.root [507,506]
/store/data/Run2024D/BTagMu/RAW/v1/000/380/360/00000/1d039fb5-2929-4d7c-9ab5-3cc356c5db1b.root [168,169]
/store/data/Run2024D/BTagMu/RAW/v1/000/380/360/00000/1db6fc45-9975-4eb7-8647-0c0471e79414.root [365,366]
/store/data/Run2024D/BTagMu/RAW/v1/000/380/360/00000/1e399aad-bb19-471b-a1a7-6c17e3f09b06.root [305,306]
/store/data/Run2024D/BTagMu/RAW/v1/000/380/360/00000/1e4bcb14-e19a-481e-b80c-39472beab425.root [1668,1666,1669,1665,1667,1670]
/store/data/Run2024D/BTagMu/RAW/v1/000/380/360/00000/1e9dd02c-1978-4c99-bc5f-8eeba6d7d637.root [231,232]
/store/data/Run2024D/BTagMu/RAW/v1/000/380/360/00000/1ee80422-28ec-4492-8f22-eb53ebb8053e.root [1704,1706,1701,1705,1703,1702]
/store/data/Run2024D/BTagMu/RAW/v1/000/380/360/00000/1f3c666d-fba3-40da-ab5c-b884594764ea.root [1642,1645,1641,1643,1646,1644]
/store/data/Run2024D/BTagMu/RAW/v1/000/380/360/00000/1f50a8a9-b11f-4be9-9b0b-fa29866fc723.root [1456,1457,1459,1454,1455,1461,1460,1458]
/store/data/Run2024D/BTagMu/RAW/v1/000/380/360/00000/1fad5ca1-f877-41b4-99e3-56387afec76e.root [296,295]
/store/data/Run2024D/BTagMu/RAW/v1/000/380/360/00000/1fbf8182-17a4-4846-8f02-6f69f186d456.root [574,573]
/store/data/Run2024D/BTagMu/RAW/v1/000/380/360/00000/2127581c-764e-4153-b186-1b73bc733813.root [618,617]
/store/data/Run2024D/BTagMu/RAW/v1/000/380/360/00000/212fae64-fb9b-4ebc-b5fc-13cd5da70fc3.root [1498,1500,1503,1502,1501,1499]
/store/data/Run2024D/BTagMu/RAW/v1/000/380/360/00000/21354157-02f4-4b50-bef4-19429de71991.root [461,459,460]
/store/data/Run2024D/BTagMu/RAW/v1/000/380/360/00000/215a424a-627a-4dd3-969f-f41f21f308f4.root [921,920,919]
/store/data/Run2024D/BTagMu/RAW/v1/000/380/360/00000/219984c2-d98a-4ca8-b6b1-64d12ded6cd7.root [134,133]
/store/data/Run2024D/BTagMu/RAW/v1/000/380/360/00000/22c46c32-a5c2-4e7a-aa02-ed5e236d95d5.root [809,807,808]
/store/data/Run2024D/BTagMu/RAW/v1/000/380/360/00000/22ff36b0-ff8d-4eab-a64a-b9676236dde4.root [656,657,658]
/store/data/Run2024D/BTagMu/RAW/v1/000/380/360/00000/23049c1e-e1a0-4cb0-9853-9c7ae393ca4d.root [1806,1807,1802,1804,1805,1803]
/store/data/Run2024D/BTagMu/RAW/v1/000/380/360/00000/23b1cd03-ba44-4915-b681-c22f91d7eae9.root [1317,1316,1318,1319]
/store/data/Run2024D/BTagMu/RAW/v1/000/380/360/00000/23bd2bd5-c8df-4271-aa60-e43079310b31.root [1278,1279,1276,1277]
/store/data/Run2024D/BTagMu/RAW/v1/000/380/360/00000/2469915d-b316-4960-9820-598e5c9b3c7d.root [326,327]
/store/data/Run2024D/BTagMu/RAW/v1/000/380/360/00000/24a9bfc4-2832-486e-95d7-03e9c392ea67.root [412,411]
/store/data/Run2024D/BTagMu/RAW/v1/000/380/360/00000/257888dd-71c7-4b8e-8ef6-a37f5f3cf1c1.root [628,627]
/store/data/Run2024D/BTagMu/RAW/v1/000/380/360/00000/25de9de7-23ab-4712-b9e2-bd3156e2ac13.root [426,425]
/store/data/Run2024D/BTagMu/RAW/v1/000/380/360/00000/26a8177f-efb4-4562-8d52-1ae8bb7510ad.root [675,676]
/store/data/Run2024D/BTagMu/RAW/v1/000/380/360/00000/27519c45-bfb1-41e6-a180-19c0a743df1a.root [766,767,765]
/store/data/Run2024D/BTagMu/RAW/v1/000/380/360/00000/27ae53a0-e565-493f-b3fc-97910ccf4cfe.root [646,647]
/store/data/Run2024D/BTagMu/RAW/v1/000/380/360/00000/27b82119-03f5-49ca-a173-07c45df5b149.root [62,60,63,61,64,59]
/store/data/Run2024D/BTagMu/RAW/v1/000/380/360/00000/293b78d7-dd6d-4a2c-a369-bd9acf6c3162.root [1835,1833,1832,1834,1836,1837]
/store/data/Run2024D/BTagMu/RAW/v1/000/380/360/00000/29bd20f3-90fb-46ee-993e-fa92d114939c.root [324,325,323]
/store/data/Run2024D/BTagMu/RAW/v1/000/380/360/00000/29c53c80-16fc-4101-8843-7f49bc77d524.root [159,158]
/store/data/Run2024D/BTagMu/RAW/v1/000/380/360/00000/2b0c9612-d5fd-461e-93e4-47351023d010.root [205,206]
/store/data/Run2024D/BTagMu/RAW/v1/000/380/360/00000/2b7b09c9-9f1a-4e56-bd9d-2a13817788e5.root [867,868,869]
/store/data/Run2024D/BTagMu/RAW/v1/000/380/360/00000/2cd1c9e1-98d9-4b1f-b7b6-750824e593aa.root [443,444]
/store/data/Run2024D/BTagMu/RAW/v1/000/380/360/00000/2ce60f32-6964-43db-bbc0-62d285af4060.root [302,301]
/store/data/Run2024D/BTagMu/RAW/v1/000/380/360/00000/2cf178ef-4184-4499-84d9-c319068172ef.root [1345,1346,1344,1347]
/store/data/Run2024D/BTagMu/RAW/v1/000/380/360/00000/2ddd774b-f333-449e-8c4f-510782c247da.root [508,509]
/store/data/Run2024D/BTagMu/RAW/v1/000/380/360/00000/2eacc04f-ef35-4b32-ba8c-3f89d31bc7cf.root [1788,1785,1784,1789,1786,1787]
/store/data/Run2024D/BTagMu/RAW/v1/000/380/360/00000/2f47729b-5976-46f0-beb3-66d111595ea2.root [236,235]
/store/data/Run2024D/BTagMu/RAW/v1/000/380/360/00000/301890f1-a11e-4e12-a729-24f1d57f3fd7.root [688,687]
/store/data/Run2024D/BTagMu/RAW/v1/000/380/360/00000/315a2e38-5074-44bf-b0c7-e9182b9d9429.root [397,398]
/store/data/Run2024D/BTagMu/RAW/v1/000/380/360/00000/319c2f00-b4c9-4322-918c-708cf3444bd2.root [408,407]
/store/data/Run2024D/BTagMu/RAW/v1/000/380/360/00000/3353914d-abc1-47d5-9026-7bd387548eb5.root [746,744,745]
/store/data/Run2024D/BTagMu/RAW/v1/000/380/360/00000/3375d8d3-fd41-45d0-b07e-c99a942a69bc.root [117,118,119]
/store/data/Run2024D/BTagMu/RAW/v1/000/380/360/00000/34d8c8c6-89ce-4577-9dbb-cdb6e8dae424.root [190,191]
/store/data/Run2024D/BTagMu/RAW/v1/000/380/360/00000/34e13caa-355d-4fdb-865e-259f90d981b2.root [913,914,915]
/store/data/Run2024D/BTagMu/RAW/v1/000/380/360/00000/35ca5c08-bb3a-4052-b2aa-760f3755812d.root [705,704]
/store/data/Run2024D/BTagMu/RAW/v1/000/380/360/00000/36205fb4-6dd1-4257-afa3-d9a4d85b9c59.root [1167,1166,1168,1169]
/store/data/Run2024D/BTagMu/RAW/v1/000/380/360/00000/370011ff-4c26-4809-b6db-c3f116773f3e.root [917,918,916]
/store/data/Run2024D/BTagMu/RAW/v1/000/380/360/00000/377eef80-067b-4721-bbe7-ca1761819107.root [726,727,728]
/store/data/Run2024D/BTagMu/RAW/v1/000/380/360/00000/37c57d1a-5959-4942-bf9e-65071aeb0a4c.root [435,436]
/store/data/Run2024D/BTagMu/RAW/v1/000/380/360/00000/37c83fbf-5a12-45d9-956a-d41c7629a42f.root [1392,1393,1390,1391]
/store/data/Run2024D/BTagMu/RAW/v1/000/380/360/00000/381ea614-d356-4ab5-b542-e3fbad1b08fe.root [473,472]
/store/data/Run2024D/BTagMu/RAW/v1/000/380/360/00000/386f6c25-61a2-42f8-9cda-627636629143.root [1440,1441,1437,1439,1438,1436]
/store/data/Run2024D/BTagMu/RAW/v1/000/380/360/00000/390d1f96-c9fc-47c5-a2fa-4de9c47a7fd1.root [166,167]
/store/data/Run2024D/BTagMu/RAW/v1/000/380/360/00000/390eeca3-b055-4d78-bc7d-0b099a786b3e.root [1664,1662,1660,1663,1659,1661]
/store/data/Run2024D/BTagMu/RAW/v1/000/380/360/00000/391fa34c-e45d-4ec8-b017-34c4dca9dd64.root [333,332]
/store/data/Run2024D/BTagMu/RAW/v1/000/380/360/00000/39635f2a-e111-4142-9ce3-ed1d5d3aeb38.root [349,350]
/store/data/Run2024D/BTagMu/RAW/v1/000/380/360/00000/399f2e31-a664-4695-89bf-227b0a81ba46.root [182,183]
/store/data/Run2024D/BTagMu/RAW/v1/000/380/360/00000/39d5f793-1310-426b-a8a2-eec592810b83.root [264,263]
/store/data/Run2024D/BTagMu/RAW/v1/000/380/360/00000/39f18722-b3c7-4ad8-9585-c65cf0327bf5.root [1122,1123,1124,1125]
/store/data/Run2024D/BTagMu/RAW/v1/000/380/360/00000/3a0a731b-9998-4297-9fe2-5d94a083b715.root [348,347]
/store/data/Run2024D/BTagMu/RAW/v1/000/380/360/00000/3a0ba0e3-7f45-4696-bbb9-d21bf83ee794.root [1972,1977,1974,1978,1975,1970,1976,1971,1973]
/store/data/Run2024D/BTagMu/RAW/v1/000/380/360/00000/3a60c682-7047-45f1-95c0-e7d00328405d.root [673,674]
/store/data/Run2024D/BTagMu/RAW/v1/000/380/360/00000/3a7bda9e-5cd3-46a1-9792-55f29ea66d97.root [846,848,847]
/store/data/Run2024D/BTagMu/RAW/v1/000/380/360/00000/3b3d8e9e-bb55-4ead-a48c-0b134f8f17f6.root [1176,1177,1174,1175]
/store/data/Run2024D/BTagMu/RAW/v1/000/380/360/00000/3bd140b7-8f5f-4427-887f-2e8fa13eb1b2.root [1672,1674,1671,1673,1675,1676]
/store/data/Run2024D/BTagMu/RAW/v1/000/380/360/00000/3c0ce390-06a6-4f38-8f7d-990e35bb6a25.root [1098,1101,1100,1099]
/store/data/Run2024D/BTagMu/RAW/v1/000/380/360/00000/3d1ee146-d8d8-44e7-b645-abf2793e8c29.root [257,258]
/store/data/Run2024D/BTagMu/RAW/v1/000/380/360/00000/3dc793d3-9ab6-46d2-98eb-bc2228607ef8.root [945,946,947]
/store/data/Run2024D/BTagMu/RAW/v1/000/380/360/00000/3e29e6bf-0d43-49b3-ba07-45549cf0ad0a.root [389,390]
/store/data/Run2024D/BTagMu/RAW/v1/000/380/360/00000/3eb91736-5552-4217-83d0-094e650af792.root [1562,1558,1563,1561,1559,1560]
/store/data/Run2024D/BTagMu/RAW/v1/000/380/360/00000/3eee8097-34f2-4c2c-b6ca-b0598bbe6e4a.root [1555,1552,1556,1553,1554,1557]
/store/data/Run2024D/BTagMu/RAW/v1/000/380/360/00000/3ff4cd61-bd00-4859-b5d7-2d99135e31c0.root [1116,1114,1115,1117]
/store/data/Run2024D/BTagMu/RAW/v1/000/380/360/00000/4055097f-08e1-4309-9d99-22ee4034e718.root [447,448]
/store/data/Run2024D/BTagMu/RAW/v1/000/380/360/00000/4097b322-25ef-4a72-b583-2822a301bc79.root [162,163]
/store/data/Run2024D/BTagMu/RAW/v1/000/380/360/00000/40de098b-581d-4bbb-b582-968104c137f7.root [821,819,820]
/store/data/Run2024D/BTagMu/RAW/v1/000/380/360/00000/411dd6eb-45a7-468b-af72-fdd1c8107d3b.root [773,771,772]
/store/data/Run2024D/BTagMu/RAW/v1/000/380/360/00000/419ffbe6-cf0e-475a-ab31-3997f9e45040.root [747,749,748]
/store/data/Run2024D/BTagMu/RAW/v1/000/380/360/00000/41e98e0b-9601-4900-9a3d-b999ab18d90e.root [246,245]
/store/data/Run2024D/BTagMu/RAW/v1/000/380/360/00000/41ef35c7-db5a-4c92-b58b-3ad77fa2efef.root [730,729,731]
/store/data/Run2024D/BTagMu/RAW/v1/000/380/360/00000/42427e95-a015-4d90-bb90-d84c363d85e7.root [115,114,116]
/store/data/Run2024D/BTagMu/RAW/v1/000/380/360/00000/425c6b5c-5127-489a-9c71-779d6ad074b0.root [138,137,139]
/store/data/Run2024D/BTagMu/RAW/v1/000/380/360/00000/4273d272-3844-4b49-a3eb-7c66c31f36ee.root [493,492]
/store/data/Run2024D/BTagMu/RAW/v1/000/380/360/00000/43242387-72ab-4b01-a081-af7b306dcac3.root [322,321]
/store/data/Run2024D/BTagMu/RAW/v1/000/380/360/00000/43452bcf-e2be-466d-baba-c1edac0c861a.root [81,78,79,82,77,80]
/store/data/Run2024D/BTagMu/RAW/v1/000/380/360/00000/43b90972-edb2-4cc2-b4ec-35e90e0f0a40.root [1898,1895,1897,1899,1896,1900]
/store/data/Run2024D/BTagMu/RAW/v1/000/380/360/00000/43bee86d-8ce2-40ff-82b5-b25e08bb7dc8.root [1257,1259,1258,1256]
/store/data/Run2024D/BTagMu/RAW/v1/000/380/360/00000/43eb7eca-3971-4500-8396-829bc1123416.root [1021,1022,1023,1025,1024]
/store/data/Run2024D/BTagMu/RAW/v1/000/380/360/00000/449f2165-7251-4c6d-a19d-12dc2b139c0c.root [1301,1302,1303,1300]
/store/data/Run2024D/BTagMu/RAW/v1/000/380/360/00000/4528bc9b-7db0-4024-97ec-b064d2cf1a5c.root [1407,1409,1408,1410,1411,1406]
/store/data/Run2024D/BTagMu/RAW/v1/000/380/360/00000/45ec62eb-3a56-491f-ae7c-c4802f48cc1a.root [297,298]
/store/data/Run2024D/BTagMu/RAW/v1/000/380/360/00000/461bf359-8ae9-4e7d-9338-8e2196be547e.root [1595,1598,1599,1593,1594,1596,1597]
/store/data/Run2024D/BTagMu/RAW/v1/000/380/360/00000/47343cf4-2fd5-4edd-9ec0-7788f29fe78c.root [1061,1058,1059,1060]
/store/data/Run2024D/BTagMu/RAW/v1/000/380/360/00000/475c20ab-6f13-4e94-95a9-b911cafccd18.root [1688,1685,1686,1687,1684,1683]
/store/data/Run2024D/BTagMu/RAW/v1/000/380/360/00000/47b186b7-68df-4350-ac1b-fbe6d671db10.root [585,586]
/store/data/Run2024D/BTagMu/RAW/v1/000/380/360/00000/489265a5-7f4f-437e-98e4-075c3544e2ea.root [803,801,802]
/store/data/Run2024D/BTagMu/RAW/v1/000/380/360/00000/48c00f45-1557-46b8-af96-28462ba7f22d.root [109,110,108]
/store/data/Run2024D/BTagMu/RAW/v1/000/380/360/00000/48d62403-3e0a-49b4-b7b3-cc1f06e18348.root [338,337]
/store/data/Run2024D/BTagMu/RAW/v1/000/380/360/00000/49a49dc9-412c-455c-bb10-61643ac27544.root [505,504]
/store/data/Run2024D/BTagMu/RAW/v1/000/380/360/00000/49c290fe-94f6-44eb-bfe4-dff3a7d2def2.root [277,278]
/store/data/Run2024D/BTagMu/RAW/v1/000/380/360/00000/49ccba1a-1ceb-446c-b6a4-bda2a2a6db19.root [855,857,856]
/store/data/Run2024D/BTagMu/RAW/v1/000/380/360/00000/4a6787c9-a37e-4102-9afc-a7e40366c1dc.root [135,136]
/store/data/Run2024D/BTagMu/RAW/v1/000/380/360/00000/4df32af7-9b35-4f4d-a655-6cd773dedff5.root [146,147]
/store/data/Run2024D/BTagMu/RAW/v1/000/380/360/00000/4e25d642-fb75-4066-9c78-dde07eb539e9.root [1576,1581,1579,1580,1577,1578]
/store/data/Run2024D/BTagMu/RAW/v1/000/380/360/00000/4eeec844-9fe5-4ebc-a447-82d3406b60da.root [935,933,934,932]
/store/data/Run2024D/BTagMu/RAW/v1/000/380/360/00000/4fee8260-53ff-4e9f-8daa-d3e8693e3c3b.root [640,641]
/store/data/Run2024D/BTagMu/RAW/v1/000/380/360/00000/503944c7-5918-4348-b25a-8cda6d54a032.root [786,787,788]
/store/data/Run2024D/BTagMu/RAW/v1/000/380/360/00000/5069e420-30af-4306-a0ec-1e8c9e8cf623.root [873,874,875]
/store/data/Run2024D/BTagMu/RAW/v1/000/380/360/00000/50870f54-34ef-45fe-9e12-aa1293692480.root [682,683]
/store/data/Run2024D/BTagMu/RAW/v1/000/380/360/00000/50e01d6f-b5fe-4041-baf2-5401c71124a8.root [1043,1044,1045,1042]
/store/data/Run2024D/BTagMu/RAW/v1/000/380/360/00000/521aba81-5b91-4ee8-9928-0eba60a7803a.root [404,403]
/store/data/Run2024D/BTagMu/RAW/v1/000/380/360/00000/528d7c3f-647d-4c80-8261-7a067a97f842.root [938,936,937]
/store/data/Run2024D/BTagMu/RAW/v1/000/380/360/00000/52a75580-1a1c-4647-895d-7398dddc7994.root [883,882,884]
/store/data/Run2024D/BTagMu/RAW/v1/000/380/360/00000/544d05a6-809e-4763-9119-7e215dbbcd8a.root [864,866,865]
/store/data/Run2024D/BTagMu/RAW/v1/000/380/360/00000/54727f04-2273-465e-9c40-f2bc1524b9d5.root [892,891,893]
/store/data/Run2024D/BTagMu/RAW/v1/000/380/360/00000/54d40d59-ceb7-4064-b1a0-eff1d1adf7eb.root [816,817,818]
/store/data/Run2024D/BTagMu/RAW/v1/000/380/360/00000/57a920c3-1926-4e6e-9a7a-a28e1ee1f171.root [66,68,67,70,65,69]
/store/data/Run2024D/BTagMu/RAW/v1/000/380/360/00000/58be2f69-93f7-4895-b537-cc7dd95f259e.root [345,346]
/store/data/Run2024D/BTagMu/RAW/v1/000/380/360/00000/58f638ae-f01d-49b0-a522-07f2c3f4e77b.root [157,156]
/store/data/Run2024D/BTagMu/RAW/v1/000/380/360/00000/59319b0e-d484-456a-8f93-06006fc2813c.root [634,635]
/store/data/Run2024D/BTagMu/RAW/v1/000/380/360/00000/5a4bb00d-f916-4ecd-acb7-f51ad71e6b2a.root [979,978,980]
/store/data/Run2024D/BTagMu/RAW/v1/000/380/360/00000/5a5024f0-07b4-47e4-ba26-7bf1ae647017.root [986,988,985,987]
/store/data/Run2024D/BTagMu/RAW/v1/000/380/360/00000/5a8a5c16-5393-43d9-a70a-48b767776456.root [625,626]
/store/data/Run2024D/BTagMu/RAW/v1/000/380/360/00000/5a9e25ec-db71-4231-9850-e2b95d170bb6.root [632,633]
/store/data/Run2024D/BTagMu/RAW/v1/000/380/360/00000/5b1a2bcf-d7b5-43af-bcf5-2d7ccea8fc41.root [438,437]
/store/data/Run2024D/BTagMu/RAW/v1/000/380/360/00000/5c8f31c4-8f01-4080-8ed6-1fd369994329.root [289,290]
/store/data/Run2024D/BTagMu/RAW/v1/000/380/360/00000/5c9a8ffa-4e87-4cc2-ab77-e98cf49a4c85.root [1218,1220,1219,1221]
/store/data/Run2024D/BTagMu/RAW/v1/000/380/360/00000/5cd64a1f-cf62-45eb-bbb9-b5778c06a11f.root [863,861,862]
/store/data/Run2024D/BTagMu/RAW/v1/000/380/360/00000/5d015ed4-7853-4c21-a46d-fc330c7371cc.root [1001,1004,1003,1002]
/store/data/Run2024D/BTagMu/RAW/v1/000/380/360/00000/5df54ee6-7ff9-446a-bda9-608732f71e02.root [287,288]
/store/data/Run2024D/BTagMu/RAW/v1/000/380/360/00000/5e1b78be-2cc2-473a-88a9-5583bc144cef.root [150,151]
/store/data/Run2024D/BTagMu/RAW/v1/000/380/360/00000/5ec63bd2-5381-4a99-9912-a3b8243da5ae.root [1352,1355,1353,1354]
/store/data/Run2024D/BTagMu/RAW/v1/000/380/360/00000/5ef95950-daa8-4de1-930f-6fc67f6ca76b.root [406,405]
/store/data/Run2024D/BTagMu/RAW/v1/000/380/360/00000/5f175622-bf8e-4eb0-889e-3518249e4b21.root [1623,1625,1624,1627,1628,1622,1626]
/store/data/Run2024D/BTagMu/RAW/v1/000/380/360/00000/5f6fab07-c97f-4145-9ef2-86deb66008b3.root [102,103,104]
/store/data/Run2024D/BTagMu/RAW/v1/000/380/360/00000/5f95f562-e402-4051-9323-4f6a312fff98.root [1546,1547,1551,1550,1549,1548]
/store/data/Run2024D/BTagMu/RAW/v1/000/380/360/00000/604af980-ac9b-41ec-b0f7-c290067b3620.root [1394,1397,1395,1396]
/store/data/Run2024D/BTagMu/RAW/v1/000/380/360/00000/60778028-be12-4f37-bb39-3bbdeed7df2c.root [17,19,21,34,36,16,27,28,32,15,29,30,13,26,35,14,20,22,25,33,18,24,31,23]
/store/data/Run2024D/BTagMu/RAW/v1/000/380/360/00000/608485e7-8d64-4b91-bf83-050223d557f2.root [344,343]
/store/data/Run2024D/BTagMu/RAW/v1/000/380/360/00000/60d1bae0-9742-4c02-9531-987fce6120dc.root [560,559]
/store/data/Run2024D/BTagMu/RAW/v1/000/380/360/00000/60fbf8a1-a070-400e-8a53-0eb490baae88.root [494,495]
/store/data/Run2024D/BTagMu/RAW/v1/000/380/360/00000/615aeea5-9a6b-4393-a2b9-b03e566f6d59.root [615,616]
/store/data/Run2024D/BTagMu/RAW/v1/000/380/360/00000/61ac4a6e-1a29-4658-931b-a0f633a910a1.root [372,371]
/store/data/Run2024D/BTagMu/RAW/v1/000/380/360/00000/61d603de-bae1-4c12-b9fd-63ef79fb8539.root [1930,1931,1933,1926,1929,1928,1925,1927,1932]
/store/data/Run2024D/BTagMu/RAW/v1/000/380/360/00000/63b3bb09-b1fb-4a93-8345-a84866660a33.root [201,200]
/store/data/Run2024D/BTagMu/RAW/v1/000/380/360/00000/63d1bbd3-3a31-4c48-8191-78b3703d8bfe.root [910,911,912]
/store/data/Run2024D/BTagMu/RAW/v1/000/380/360/00000/641419d3-e316-4556-8923-72a7b3a23203.root [252,251]
/store/data/Run2024D/BTagMu/RAW/v1/000/380/360/00000/64e37091-e835-4eb8-9b78-d1dc714cbf75.root [431,432]
/store/data/Run2024D/BTagMu/RAW/v1/000/380/360/00000/655c0927-9053-4354-a57f-b0f03a9e408c.root [783,784,785]
/store/data/Run2024D/BTagMu/RAW/v1/000/380/360/00000/663f4e4b-f403-4aef-bdde-ec4fcbf65021.root [899,897,898,900]
/store/data/Run2024D/BTagMu/RAW/v1/000/380/360/00000/668595f8-0c72-459a-a368-6469c532b116.root [1127,1128,1126,1129]
/store/data/Run2024D/BTagMu/RAW/v1/000/380/360/00000/67b54954-c74e-4736-874e-97e783857681.root [522,523]
/store/data/Run2024D/BTagMu/RAW/v1/000/380/360/00000/6801d502-62d0-41ca-9e1f-b5b53c5ae644.root [604,603]
/store/data/Run2024D/BTagMu/RAW/v1/000/380/360/00000/68d72be7-788b-43b9-97dc-e5ea2bc8b0d3.root [1262,1263,1260,1261]
/store/data/Run2024D/BTagMu/RAW/v1/000/380/360/00000/68e6c76e-a182-44c4-a68d-5de5e7183c53.root [497,496]
/store/data/Run2024D/BTagMu/RAW/v1/000/380/360/00000/6933d62a-b71e-4254-8722-5269aba35e0a.root [811,812,810]
/store/data/Run2024D/BTagMu/RAW/v1/000/380/360/00000/69f4cfc4-243a-496a-951a-cec4bb466930.root [740,738,739]
/store/data/Run2024D/BTagMu/RAW/v1/000/380/360/00000/6a3a6cab-6112-4ccf-aec9-39e687fbba00.root [853,854,852]
/store/data/Run2024D/BTagMu/RAW/v1/000/380/360/00000/6ae4ee0d-3044-4db5-838b-00607ad567f6.root [1958,1955,1956,1959,1957,1960,1961]
/store/data/Run2024D/BTagMu/RAW/v1/000/380/360/00000/6c90d2b0-c05c-485c-9f06-9a45ba5e3980.root [768,769,770]
/store/data/Run2024D/BTagMu/RAW/v1/000/380/360/00000/6c9e5728-8465-4dbe-819d-5a04276c1b90.root [1862,1864,1867,1863,1865,1866]
/store/data/Run2024D/BTagMu/RAW/v1/000/380/360/00000/6d47542a-8a9a-420d-b918-1ead11640581.root [722,720,721]
/store/data/Run2024D/BTagMu/RAW/v1/000/380/360/00000/6d562d79-4911-4c97-8aca-d6d2a0c00a9e.root [176,177]
/store/data/Run2024D/BTagMu/RAW/v1/000/380/360/00000/6df93c32-c419-4f9e-b22d-39b81e7dc760.root [1356,1358,1357,1359]
/store/data/Run2024D/BTagMu/RAW/v1/000/380/360/00000/6e14015c-e70c-47ec-a73a-a97d7db0db8b.root [702,701,703]
/store/data/Run2024D/BTagMu/RAW/v1/000/380/360/00000/6ee52718-9055-486e-8779-6ace72552577.root [566,565]
/store/data/Run2024D/BTagMu/RAW/v1/000/380/360/00000/70259b61-3c14-4c54-85f6-2158e2ca7c52.root [609,610]
/store/data/Run2024D/BTagMu/RAW/v1/000/380/360/00000/70624b26-e6f1-45b7-8daa-c3674eb7b8b8.root [393,394]
/store/data/Run2024D/BTagMu/RAW/v1/000/380/360/00000/7101ded6-8910-46ec-8e89-c7450f0efc75.root [996,994,995,993]
/store/data/Run2024D/BTagMu/RAW/v1/000/380/360/00000/712d250b-f1ef-4a64-aebe-43212b6a6c60.root [480,481]
/store/data/Run2024D/BTagMu/RAW/v1/000/380/360/00000/7145afaf-1a5d-4930-a12e-fdc351b9a229.root [230,229]
/store/data/Run2024D/BTagMu/RAW/v1/000/380/360/00000/7175452d-f58b-4663-a25d-54d3d5100604.root [1094,1097,1095,1096]
/store/data/Run2024D/BTagMu/RAW/v1/000/380/360/00000/7249e6da-d50c-4094-bf3e-9c78a6334d41.root [310,309]
/store/data/Run2024D/BTagMu/RAW/v1/000/380/360/00000/725553f0-9d87-44bb-b522-b4127b2bfdb5.root [210,209]
/store/data/Run2024D/BTagMu/RAW/v1/000/380/360/00000/7353ea68-d960-450e-b01f-4a5b3bf39902.root [666,667]
/store/data/Run2024D/BTagMu/RAW/v1/000/380/360/00000/736bd1e1-1dd5-4ae7-a247-ef9eb892cd57.root [1208,1205,1204,1206,1207]
/store/data/Run2024D/BTagMu/RAW/v1/000/380/360/00000/739e1158-e134-4478-9e45-67a178f3cc08.root [1216,1214,1217,1215]
/store/data/Run2024D/BTagMu/RAW/v1/000/380/360/00000/741aef42-4313-4f2a-832d-a2b7be7b45c3.root [1800,1797,1796,1799,1801,1798]
/store/data/Run2024D/BTagMu/RAW/v1/000/380/360/00000/759e7b3c-ba90-4b34-86f2-24413e83eb00.root [521,520]
/store/data/Run2024D/BTagMu/RAW/v1/000/380/360/00000/763579e6-8658-4146-bd50-95a998244bfa.root [1516,1518,1521,1517,1519,1520]
/store/data/Run2024D/BTagMu/RAW/v1/000/380/360/00000/7682a9e9-9877-493b-b0d3-ce6ad13eea28.root [120,121,122]
/store/data/Run2024D/BTagMu/RAW/v1/000/380/360/00000/76f378ad-3564-4a98-a459-89f1e6242c90.root [471,470]
/store/data/Run2024D/BTagMu/RAW/v1/000/380/360/00000/78468909-bf8c-4ce3-b309-ae199ada8368.root [172,173]
/store/data/Run2024D/BTagMu/RAW/v1/000/380/360/00000/785ff63e-9a8e-4bdd-88e2-8d1ccff9c934.root [789,790,791]
/store/data/Run2024D/BTagMu/RAW/v1/000/380/360/00000/78b8e494-3306-4896-9759-42f2d1a90c28.root [1420,1418,1419,1421,1423,1422]
/store/data/Run2024D/BTagMu/RAW/v1/000/380/360/00000/790fbf1b-e1a2-4357-9155-70c6aebb91a5.root [1969,1962,1963,1967,1965,1968,1964,1966]
/store/data/Run2024D/BTagMu/RAW/v1/000/380/360/00000/79a18142-ec00-460f-a3ba-c2f998c18d95.root [1583,1585,1586,1587,1582,1584]
/store/data/Run2024D/BTagMu/RAW/v1/000/380/360/00000/79eaa1ea-f783-4f7b-bb72-45bf7a253471.root [247,248]
/store/data/Run2024D/BTagMu/RAW/v1/000/380/360/00000/7aea4d36-04ee-48d1-8975-7795996b8b5f.root [419,420]
/store/data/Run2024D/BTagMu/RAW/v1/000/380/360/00000/7af1d13e-b173-4a8d-82b3-46a1a8529310.root [105,106,107]
/store/data/Run2024D/BTagMu/RAW/v1/000/380/360/00000/7bc562d3-6471-4a00-ad0f-172c8a0ec4c8.root [845,844,843]
/store/data/Run2024D/BTagMu/RAW/v1/000/380/360/00000/7ca6f13e-5216-4c60-bb29-d69cf67e3784.root [484,485]
/store/data/Run2024D/BTagMu/RAW/v1/000/380/360/00000/7dcef64b-5271-48df-a301-f775b1803f68.root [1689,1691,1694,1693,1690,1692]
/store/data/Run2024D/BTagMu/RAW/v1/000/380/360/00000/7e394059-923f-474a-88ac-7010cc0e262d.root [1192,1190,1193,1191]
/store/data/Run2024D/BTagMu/RAW/v1/000/380/360/00000/7ed6a7cd-df3a-426f-a3e8-6adc72b897de.root [950,948,949]
/store/data/Run2024D/BTagMu/RAW/v1/000/380/360/00000/7ee65d81-fd4d-46a7-827c-8ec5fd29673f.root [193,192]
/store/data/Run2024D/BTagMu/RAW/v1/000/380/360/00000/7f538fd1-6317-44ce-8d43-bc6ab52e7c37.root [1366,1364,1365,1369,1367,1368]
/store/data/Run2024D/BTagMu/RAW/v1/000/380/360/00000/7f89c5be-6f4c-4104-a721-820b6035e54c.root [601,602]
/store/data/Run2024D/BTagMu/RAW/v1/000/380/360/00000/7f9a68e4-7bbf-4caa-b550-99b82afe53ec.root [490,491]
/store/data/Run2024D/BTagMu/RAW/v1/000/380/360/00000/7fb6e5a8-955e-4c72-8d4e-898b53b9dc54.root [556,555]
/store/data/Run2024D/BTagMu/RAW/v1/000/380/360/00000/809d3e90-edee-4cd2-929e-d084f6d24619.root [311,312]
/store/data/Run2024D/BTagMu/RAW/v1/000/380/360/00000/80ae6c83-a0af-4ac5-8e16-1e8751442656.root [1182,1184,1183,1185]
/store/data/Run2024D/BTagMu/RAW/v1/000/380/360/00000/80d6fcc9-8dc8-4c09-b082-0568b586b642.root [1901,1907,1908,1905,1909,1902,1903,1906,1904]
/store/data/Run2024D/BTagMu/RAW/v1/000/380/360/00000/80edafbc-6d4f-43b0-86cb-b6ce6a9393c8.root [1233,1231,1234,1232]
/store/data/Run2024D/BTagMu/RAW/v1/000/380/360/00000/8166ee6e-60a8-488f-8be7-fb92c34a74ca.root [1607,1606,1608,1610,1609]
/store/data/Run2024D/BTagMu/RAW/v1/000/380/360/00000/81998bf9-b4db-4f9a-8b97-f35a2ff74f88.root [889,890,888]
/store/data/Run2024D/BTagMu/RAW/v1/000/380/360/00000/81b2f02d-28e6-4a8f-a598-f7c334857304.root [1378,1379,1380,1381]
/store/data/Run2024D/BTagMu/RAW/v1/000/380/360/00000/82517f9d-57b4-43f8-ab87-1e016b2e3aaa.root [1245,1246,1247,1244]
/store/data/Run2024D/BTagMu/RAW/v1/000/380/360/00000/82777799-9bfa-4a1b-a96a-764e3a950ed7.root [692,693,694]
/store/data/Run2024D/BTagMu/RAW/v1/000/380/360/00000/833a3b03-4887-44fb-a3a6-37d893bb770c.root [712,713,711]
/store/data/Run2024D/BTagMu/RAW/v1/000/380/360/00000/83dbcd78-9b58-4967-a0c1-935ca5803f7f.root [1488,1490,1487,1489,1491,1486]
/store/data/Run2024D/BTagMu/RAW/v1/000/380/360/00000/84bb0e15-2325-4056-9777-80cefd7fff4e.root [482,483]
/store/data/Run2024D/BTagMu/RAW/v1/000/380/360/00000/84c56d87-a412-4daa-8b0d-2b4973397892.root [606,605]
/store/data/Run2024D/BTagMu/RAW/v1/000/380/360/00000/84d56500-d7dd-4ce7-a472-9cb31f337b61.root [1298,1296,1297,1299]
/store/data/Run2024D/BTagMu/RAW/v1/000/380/360/00000/851805e8-b19e-4759-9400-3d50dd6728d8.root [1252,1254,1255,1253]
/store/data/Run2024D/BTagMu/RAW/v1/000/380/360/00000/851eec4d-6b93-4a3f-ad78-2d8a2df54f1f.root [530,528,529]
/store/data/Run2024D/BTagMu/RAW/v1/000/380/360/00000/858508d1-c09d-4e91-8a78-0717e65de86e.root [718,719,717]
/store/data/Run2024D/BTagMu/RAW/v1/000/380/360/00000/85e4d07f-4413-4043-9f7c-496631f232d7.root [879,880,881]
/store/data/Run2024D/BTagMu/RAW/v1/000/380/360/00000/85e5e75d-89bd-423e-810f-85dec63ee966.root [1047,1046,1048,1049]
/store/data/Run2024D/BTagMu/RAW/v1/000/380/360/00000/85f68d6d-7cd2-4a85-81e8-ff15f2c41d1b.root [364,363]
/store/data/Run2024D/BTagMu/RAW/v1/000/380/360/00000/867922fa-1f79-4913-a848-88db7ce1bc57.root [580,579]
/store/data/Run2024D/BTagMu/RAW/v1/000/380/360/00000/867d5495-bed3-4b78-af6b-f27b6a3f18ee.root [1792,1790,1793,1795,1791,1794]
/store/data/Run2024D/BTagMu/RAW/v1/000/380/360/00000/8712a34b-9ef1-4d07-b674-fe031a1c2c1d.root [983,982,981,984]
/store/data/Run2024D/BTagMu/RAW/v1/000/380/360/00000/874021c7-1c22-4f3f-ab29-4c7e14312889.root [1138,1139,1141,1140]
/store/data/Run2024D/BTagMu/RAW/v1/000/380/360/00000/884278f5-0890-4d68-862a-c86a33bbf622.root [781,780,782]
/store/data/Run2024D/BTagMu/RAW/v1/000/380/360/00000/88cb0422-74c4-419f-9dab-f05dcd367498.root [760,761,759]
/store/data/Run2024D/BTagMu/RAW/v1/000/380/360/00000/88fedadf-eb40-4a15-9044-f428cf96c816.root [1638,1639,1640,1635,1636,1637]
/store/data/Run2024D/BTagMu/RAW/v1/000/380/360/00000/89210b79-80ad-4200-9f0f-e4dc4f6e1174.root [211,212]
/store/data/Run2024D/BTagMu/RAW/v1/000/380/360/00000/896f758f-6819-44e9-af01-360bcc75be59.root [1951,1954,1949,1950,1948,1952,1953]
/store/data/Run2024D/BTagMu/RAW/v1/000/380/360/00000/89b297a9-894d-479e-a15b-e83c03982ea3.root [1765,1762,1763,1764,1761,1766]
/store/data/Run2024D/BTagMu/RAW/v1/000/380/360/00000/89d2caac-21ae-4c29-9fa1-2045b9fdf0f5.root [777,778,779]
/store/data/Run2024D/BTagMu/RAW/v1/000/380/360/00000/8a65c718-3bc4-4c5a-9bd4-b68c4b4075f3.root [440,439]
/store/data/Run2024D/BTagMu/RAW/v1/000/380/360/00000/8a7671b2-0fd6-45be-9465-94b32551c74b.root [1605,1603,1600,1602,1604,1601]
/store/data/Run2024D/BTagMu/RAW/v1/000/380/360/00000/8b8b55f8-4bfa-47ba-936b-e559e59ee6cf.root [242,241]
/store/data/Run2024D/BTagMu/RAW/v1/000/380/360/00000/8bd06d59-00b9-4cae-af46-a8dec818bf87.root [1388,1389,1387,1386]
/store/data/Run2024D/BTagMu/RAW/v1/000/380/360/00000/8beee876-20bc-450b-97f0-fde823a76221.root [583,584]
/store/data/Run2024D/BTagMu/RAW/v1/000/380/360/00000/8c01d667-1547-486c-873b-595d8019eac6.root [286,285]
/store/data/Run2024D/BTagMu/RAW/v1/000/380/360/00000/8c753362-5723-4ffa-8960-ec6b504473b0.root [328,329]
/store/data/Run2024D/BTagMu/RAW/v1/000/380/360/00000/8c8f7b12-2916-4f22-87b4-c28561bba4b6.root [798,799,800]
/store/data/Run2024D/BTagMu/RAW/v1/000/380/360/00000/8d0b5049-c94e-4c7b-902d-85e58c3b7067.root [710,708,709]
/store/data/Run2024D/BTagMu/RAW/v1/000/380/360/00000/8d5371c5-8ba0-4e67-96a0-79d85b5560d0.root [370,369]
/store/data/Run2024D/BTagMu/RAW/v1/000/380/360/00000/8d9b3c43-1723-4f17-b0d0-49e3c56643d4.root [1847,1846,1848,1844,1845,1849]
/store/data/Run2024D/BTagMu/RAW/v1/000/380/360/00000/8de6e7b9-03ef-4386-a589-7681b9a3de97.root [763,764,762]
/store/data/Run2024D/BTagMu/RAW/v1/000/380/360/00000/8efc5cb8-e0be-463a-86e2-5aa672519f3a.root [571,572]
/store/data/Run2024D/BTagMu/RAW/v1/000/380/360/00000/8f27a348-d206-40b5-945c-f4385bc0bb52.root [904,905,906]
/store/data/Run2024D/BTagMu/RAW/v1/000/380/360/00000/9044633b-0316-49b8-979f-b0724089538f.root [266,265]
/store/data/Run2024D/BTagMu/RAW/v1/000/380/360/00000/90d99edf-82e3-4702-8b4e-cb49a8bdfacc.root [644,645]
/store/data/Run2024D/BTagMu/RAW/v1/000/380/360/00000/92d363c3-3ffa-4eb8-8a79-558c02ccde59.root [387,388]
/store/data/Run2024D/BTagMu/RAW/v1/000/380/360/00000/92d814d7-ffee-42e8-bac6-fa8e34d1a376.root [591,592]
/store/data/Run2024D/BTagMu/RAW/v1/000/380/360/00000/9306904b-8dd1-43d5-90bb-5babbb1ff98e.root [1370,1373,1371,1372]
/store/data/Run2024D/BTagMu/RAW/v1/000/380/360/00000/9313c436-ed35-4b37-9ff8-06874960b18c.root [758,756,757]
/store/data/Run2024D/BTagMu/RAW/v1/000/380/360/00000/935deb3c-0677-4f51-ad9d-8045686c965f.root [417,418]
/store/data/Run2024D/BTagMu/RAW/v1/000/380/360/00000/937ccce4-3526-4870-83b3-e2dc86f3b0f9.root [1090,1091,1092,1093]
/store/data/Run2024D/BTagMu/RAW/v1/000/380/360/00000/95257f28-8ab2-4132-bd37-918c2a2ff448.root [353,354]
/store/data/Run2024D/BTagMu/RAW/v1/000/380/360/00000/957b347c-7558-4a51-bf19-13c827d75847.root [1282,1283,1280,1281]
/store/data/Run2024D/BTagMu/RAW/v1/000/380/360/00000/95a98802-7b7a-4471-896a-4451bde492ba.root [143,142]
/store/data/Run2024D/BTagMu/RAW/v1/000/380/360/00000/95e7dcec-162b-4f37-b4cb-2e0cbae0dc11.root [128,129]
/store/data/Run2024D/BTagMu/RAW/v1/000/380/360/00000/95f4911c-b6c5-4d47-8865-4f022fc712b9.root [237,238]
/store/data/Run2024D/BTagMu/RAW/v1/000/380/360/00000/9685700f-0eb2-4705-b020-64ab62987269.root [1082,1085,1083,1084]
/store/data/Run2024D/BTagMu/RAW/v1/000/380/360/00000/974c39c1-ace6-4ec3-bff4-fb93a55d52f9.root [944,943,942]
/store/data/Run2024D/BTagMu/RAW/v1/000/380/360/00000/97e41069-734a-40bf-8d81-36205fc00fd0.root [340,339]
/store/data/Run2024D/BTagMu/RAW/v1/000/380/360/00000/97f35f73-5751-4d1e-8b75-ef60777c200c.root [901,903,902]
/store/data/Run2024D/BTagMu/RAW/v1/000/380/360/00000/9894b55b-a7ac-4463-982a-162f887c1ba6.root [1321,1320,1322,1323]
/store/data/Run2024D/BTagMu/RAW/v1/000/380/360/00000/98b3919c-5843-4d71-8a6f-a1f53813e7e4.root [1375,1374,1376,1377]
/store/data/Run2024D/BTagMu/RAW/v1/000/380/360/00000/994fb44c-09a8-49f5-91d5-84dca2f6cba0.root [907,909,908]
/store/data/Run2024D/BTagMu/RAW/v1/000/380/360/00000/99548265-f726-4d6f-aa1b-840d2d5e33bc.root [958,959,957]
/store/data/Run2024D/BTagMu/RAW/v1/000/380/360/00000/9a64f56d-f6e6-42ed-a2c4-d2ccb1f9dba8.root [1339,1336,1337,1338]
/store/data/Run2024D/BTagMu/RAW/v1/000/380/360/00000/9a8cc441-5b88-4334-89c0-894d1d19ee47.root [1053,1051,1050,1052]
/store/data/Run2024D/BTagMu/RAW/v1/000/380/360/00000/9b84d5b4-2edc-4a23-b0b7-a481fb773fe6.root [1156,1157,1154,1155]
/store/data/Run2024D/BTagMu/RAW/v1/000/380/360/00000/9be3aee1-4e6b-4e8e-b5a9-84abf9a831d2.root [361,362]
/store/data/Run2024D/BTagMu/RAW/v1/000/380/360/00000/9bffd097-f240-4a82-8569-54c44b1379c7.root [1743,1745,1744,1747,1746,1748]
/store/data/Run2024D/BTagMu/RAW/v1/000/380/360/00000/9cac0aef-ddce-4034-ba2b-be96ee46d3d5.root [434,433]
/store/data/Run2024D/BTagMu/RAW/v1/000/380/360/00000/9dae3b9b-466f-425a-84ea-c5cb5d204727.root [215,216]
/store/data/Run2024D/BTagMu/RAW/v1/000/380/360/00000/9db5c4e0-d69c-4ef0-b87d-91f6b6b7f210.root [527,526]
/store/data/Run2024D/BTagMu/RAW/v1/000/380/360/00000/9e325221-7bd9-4e73-97af-78626425d877.root [1881,1883,1880,1885,1882,1884]
/store/data/Run2024D/BTagMu/RAW/v1/000/380/360/00000/9fa8bee6-160d-4324-a2f2-081a7a41a04f.root [223,224]
/store/data/Run2024D/BTagMu/RAW/v1/000/380/360/00000/9fb6a9d9-1269-4276-a2e0-4008e8644fd7.root [319,320]
/store/data/Run2024D/BTagMu/RAW/v1/000/380/360/00000/a028c125-d97f-426e-95b5-1bdbf5b70671.root [599,600]
/store/data/Run2024D/BTagMu/RAW/v1/000/380/360/00000/a06ae431-0031-4cdb-91fe-26c7935788b8.root [1426,1424,1428,1425,1427,1429]
/store/data/Run2024D/BTagMu/RAW/v1/000/380/360/00000/a07dd498-a7bb-44b3-82f6-b4ab4f52ed19.root [467,466]
/store/data/Run2024D/BTagMu/RAW/v1/000/380/360/00000/a0b0ea8a-e6be-4273-b881-1972cd17d526.root [155,154]
/store/data/Run2024D/BTagMu/RAW/v1/000/380/360/00000/a1a54f96-baa7-48db-aeef-d3a9cd231af7.root [1107,1109,1106,1108]
/store/data/Run2024D/BTagMu/RAW/v1/000/380/360/00000/a1dc3c86-3a6e-4e32-aed5-caa0b1980503.root [260,259]
/store/data/Run2024D/BTagMu/RAW/v1/000/380/360/00000/a1e465b6-c78e-431a-b955-ba427b9bc763.root [553,554]
/store/data/Run2024D/BTagMu/RAW/v1/000/380/360/00000/a20ae89f-faeb-4931-8e39-865d27309474.root [1947,1942,1944,1941,1945,1943,1946]
/store/data/Run2024D/BTagMu/RAW/v1/000/380/360/00000/a2e4f930-93a5-4142-8e40-8055a0d99bc9.root [474,475]
/store/data/Run2024D/BTagMu/RAW/v1/000/380/360/00000/a3198517-787c-4204-89f6-d25beb6f822c.root [1443,1444,1445,1446,1447,1442]
/store/data/Run2024D/BTagMu/RAW/v1/000/380/360/00000/a333a1e4-b12a-4f62-871e-15a345bd0c49.root [1203,1202,1199,1200,1201]
/store/data/Run2024D/BTagMu/RAW/v1/000/380/360/00000/a37c32c6-f7ef-49c4-ad32-b1c8dec03839.root [1889,1887,1890,1891,1886,1892,1893,1894,1888]
/store/data/Run2024D/BTagMu/RAW/v1/000/380/360/00000/a42df494-8128-4e3c-b495-65fdf5b6e985.root [1725,1727,1729,1726,1730,1728]
/store/data/Run2024D/BTagMu/RAW/v1/000/380/360/00000/a4903cad-31f1-4791-8fa9-1240885ba2ce.root [561,562]
/store/data/Run2024D/BTagMu/RAW/v1/000/380/360/00000/a494de33-b311-4d42-9667-cf729a4fe75f.root [1575,1573,1574,1570,1571,1572]
/store/data/Run2024D/BTagMu/RAW/v1/000/380/360/00000/a504591d-df17-41c5-9837-36ef9b082df4.root [623,624]
/store/data/Run2024D/BTagMu/RAW/v1/000/380/360/00000/a553d15b-ee69-4146-8610-06696ed11623.root [268,267]
/store/data/Run2024D/BTagMu/RAW/v1/000/380/360/00000/a59b0c1a-0364-4d13-b83e-bffd2515b69d.root [977,974,975,976]
/store/data/Run2024D/BTagMu/RAW/v1/000/380/360/00000/a647c307-c483-4838-a7f0-7518423bc614.root [612,611]
/store/data/Run2024D/BTagMu/RAW/v1/000/380/360/00000/a6a93a32-eb8b-42f3-88f9-d1392a698881.root [1137,1136,1134,1135]
/store/data/Run2024D/BTagMu/RAW/v1/000/380/360/00000/a7254f6f-9405-4931-9388-cc2790fd5618.root [124,123,125]
/store/data/Run2024D/BTagMu/RAW/v1/000/380/360/00000/a8b37e9f-731b-4b6c-b837-d505cabddaf1.root [543,544]
/store/data/Run2024D/BTagMu/RAW/v1/000/380/360/00000/a8c3bb65-47b3-412a-90a6-52d92786e008.root [240,239]
/store/data/Run2024D/BTagMu/RAW/v1/000/380/360/00000/a9750847-9e84-4223-9459-d87f2b4429e4.root [545,546]
/store/data/Run2024D/BTagMu/RAW/v1/000/380/360/00000/a982c913-4e01-46e7-8b41-7474d92574d3.root [1325,1327,1324,1326]
/store/data/Run2024D/BTagMu/RAW/v1/000/380/360/00000/a9a69956-b4fa-4896-922a-2edeec7b81b7.root [953,951,952]
/store/data/Run2024D/BTagMu/RAW/v1/000/380/360/00000/a9ec6e43-448e-49b2-b9ff-99496a0c888d.root [462,463]
/store/data/Run2024D/BTagMu/RAW/v1/000/380/360/00000/aa8b8cc2-f29b-461d-8f78-3e579ec6aa81.root [576,575]
/store/data/Run2024D/BTagMu/RAW/v1/000/380/360/00000/ab0707a3-9b56-49a7-a473-31925ae8bbe5.root [1055,1057,1056,1054]
/store/data/Run2024D/BTagMu/RAW/v1/000/380/360/00000/abca464e-2ddf-4c99-859c-91ca13748dee.root [922,924,923]
/store/data/Run2024D/BTagMu/RAW/v1/000/380/360/00000/ac729f03-6de0-43dc-bc3f-63c715ac2e3e.root [930,929,928,931]
/store/data/Run2024D/BTagMu/RAW/v1/000/380/360/00000/acc16360-2f5f-4832-8729-1beb46c2188a.root [189,188]
/store/data/Run2024D/BTagMu/RAW/v1/000/380/360/00000/ad075807-4210-4362-afe3-63b27289f93f.root [537,538]
/store/data/Run2024D/BTagMu/RAW/v1/000/380/360/00000/ad262eec-6d0b-4195-b296-08d46720ec99.root [665,664,663]
/store/data/Run2024D/BTagMu/RAW/v1/000/380/360/00000/ad428db7-cbb5-4ce6-bcb3-c48b3b3916f3.root [1077,1074,1075,1076]
/store/data/Run2024D/BTagMu/RAW/v1/000/380/360/00000/ad478673-98a3-46c4-9bec-ff800e0c64a1.root [225,226]
/store/data/Run2024D/BTagMu/RAW/v1/000/380/360/00000/adb1e7b5-c814-4e98-9875-d9a593c97cbf.root [1005,1007,1006,1008]
/store/data/Run2024D/BTagMu/RAW/v1/000/380/360/00000/ae3e4ec8-b008-4245-8843-5947dd9a1a02.root [428,427]
/store/data/Run2024D/BTagMu/RAW/v1/000/380/360/00000/ae766236-2d5f-4d09-845f-7168275c7b09.root [335,334,336]
/store/data/Run2024D/BTagMu/RAW/v1/000/380/360/00000/ae99e4fe-2087-4ca6-a5b0-b94607a2e3d8.root [1822,1821,1824,1820,1825,1823]
/store/data/Run2024D/BTagMu/RAW/v1/000/380/360/00000/aed321d3-3cdd-40c3-b1ce-61ee8f521878.root [453,454]
/store/data/Run2024D/BTagMu/RAW/v1/000/380/360/00000/af518ea1-c4ba-4e12-9070-0ad83bdb9f28.root [219,220]
/store/data/Run2024D/BTagMu/RAW/v1/000/380/360/00000/afdce333-bd92-4664-aa59-a511f0a928b1.root [221,222]
/store/data/Run2024D/BTagMu/RAW/v1/000/380/360/00000/b0c9daa3-968b-4761-ad5c-38268b97cc51.root [1738,1737,1742,1739,1740,1741]
/store/data/Run2024D/BTagMu/RAW/v1/000/380/360/00000/b149f4af-b9b4-493f-86e5-55369ab9f6bd.root [130,132,131]
/store/data/Run2024D/BTagMu/RAW/v1/000/380/360/00000/b19f8b72-9b05-4a59-9ba6-514382f25923.root [395,396]
/store/data/Run2024D/BTagMu/RAW/v1/000/380/360/00000/b209aa14-e2f1-47f7-bfe4-e49ac85cacf0.root [174,175]
/store/data/Run2024D/BTagMu/RAW/v1/000/380/360/00000/b2bff703-bd1f-4165-a03f-f1e41bb03957.root [1036,1037,1035,1034]
/store/data/Run2024D/BTagMu/RAW/v1/000/380/360/00000/b2ed450f-9432-4bab-b3e9-ef54acbd9be6.root [1473,1472,1470,1469,1468,1471]
/store/data/Run2024D/BTagMu/RAW/v1/000/380/360/00000/b3cf4be3-7106-4931-970c-5943735a37ac.root [303,304]
/store/data/Run2024D/BTagMu/RAW/v1/000/380/360/00000/b44eed5d-6ee3-4037-9aac-3bd295ed5120.root [1071,1072,1073,1070]
/store/data/Run2024D/BTagMu/RAW/v1/000/380/360/00000/b5698322-5d15-43ad-b5df-f1cfdfd7c102.root [198,199]
/store/data/Run2024D/BTagMu/RAW/v1/000/380/360/00000/b5c77c75-1603-43ae-b2cc-25cbb6c0ddf5.root [1151,1153,1150,1152]
/store/data/Run2024D/BTagMu/RAW/v1/000/380/360/00000/b657af9d-b324-4b9a-90d4-5854587f41e9.root [797,795,796]
/store/data/Run2024D/BTagMu/RAW/v1/000/380/360/00000/b6a13eae-b301-4c20-bff0-b110dc7801dd.root [840,841,842]
/store/data/Run2024D/BTagMu/RAW/v1/000/380/360/00000/b754686a-77c3-4e93-ad97-f5be7e0dd08b.root [330,331]
/store/data/Run2024D/BTagMu/RAW/v1/000/380/360/00000/b8d8ed06-c63c-4439-b6b3-a1b07c06a6ba.root [274,273]
/store/data/Run2024D/BTagMu/RAW/v1/000/380/360/00000/b9233a15-22cf-4f62-ab5a-ad23f2c67933.root [725,724,723]
/store/data/Run2024D/BTagMu/RAW/v1/000/380/360/00000/ba654412-8cfc-489c-8888-ff563376e9ed.root [1030,1033,1031,1032]
/store/data/Run2024D/BTagMu/RAW/v1/000/380/360/00000/bb7b069c-324e-49f9-97f8-f3ebadbe0b35.root [669,668,670]
/store/data/Run2024D/BTagMu/RAW/v1/000/380/360/00000/bba9210e-dbbc-40d6-8bbd-46ede18d5d38.root [1384,1385,1383,1382]
/store/data/Run2024D/BTagMu/RAW/v1/000/380/360/00000/bbeb87f7-0dfa-46d5-ac76-d0f6332f4e36.root [1121,1118,1120,1119]
/store/data/Run2024D/BTagMu/RAW/v1/000/380/360/00000/bc24329a-b73e-4108-8173-44698f3b9af4.root [834,835,836]
/store/data/Run2024D/BTagMu/RAW/v1/000/380/360/00000/bc29d86b-ef9c-4a55-bd41-930aeecf563a.root [456,455]
/store/data/Run2024D/BTagMu/RAW/v1/000/380/360/00000/bc5f122c-e5b3-4b71-9775-502045c465d4.root [360,359]
/store/data/Run2024D/BTagMu/RAW/v1/000/380/360/00000/bca58ff8-16ba-4c31-9706-071d16e47805.root [1612,1613,1614,1615,1611]
/store/data/Run2024D/BTagMu/RAW/v1/000/380/360/00000/bce255df-bb56-4f95-8be3-23d607c23263.root [148,149]
/store/data/Run2024D/BTagMu/RAW/v1/000/380/360/00000/bd2d9c07-d7e9-4d2d-a93e-16760e93191c.root [1590,1589,1592,1591,1588]
/store/data/Run2024D/BTagMu/RAW/v1/000/380/360/00000/bd83cbb3-7e19-41d0-91d3-103eaf152b0a.root [542,541]
/store/data/Run2024D/BTagMu/RAW/v1/000/380/360/00000/beca1458-e5fd-426b-9fe2-db2738b01b55.root [638,639]
/store/data/Run2024D/BTagMu/RAW/v1/000/380/360/00000/beeb3070-de63-44c6-a37b-ec2cc628ca29.root [4,3,6,7,2,5]
/store/data/Run2024D/BTagMu/RAW/v1/000/380/360/00000/bef299f8-49aa-414b-9f8f-b5c1d972ef36.root [391,392]
/store/data/Run2024D/BTagMu/RAW/v1/000/380/360/00000/bffdb0af-c8bd-45e8-a17c-db6da2d44547.root [414,413]
/store/data/Run2024D/BTagMu/RAW/v1/000/380/360/00000/c0236658-e757-400e-8053-5216cb308c45.root [1493,1494,1495,1497,1492,1496]
/store/data/Run2024D/BTagMu/RAW/v1/000/380/360/00000/c057cbd5-6d04-4272-8f83-b8edf6a10a96.root [1027,1029,1028,1026]
/store/data/Run2024D/BTagMu/RAW/v1/000/380/360/00000/c0e32e28-cb71-4838-9b01-df714fa23439.root [1565,1564,1568,1566,1567,1569]
/store/data/Run2024D/BTagMu/RAW/v1/000/380/360/00000/c14fe094-39be-41fd-b9bc-7dc5799175f5.root [1289,1291,1288,1290]
/store/data/Run2024D/BTagMu/RAW/v1/000/380/360/00000/c1eaf4ac-ef83-4544-b218-72ddf1d70f12.root [250,249]
/store/data/Run2024D/BTagMu/RAW/v1/000/380/360/00000/c37009a0-fe06-4264-ae15-0c5db27e43e5.root [424,423]
/store/data/Run2024D/BTagMu/RAW/v1/000/380/360/00000/c3e5f4b7-e75d-42be-9256-9f650ef7f418.root [752,751,750]
/store/data/Run2024D/BTagMu/RAW/v1/000/380/360/00000/c47fe882-6a8b-4b12-8b78-24ccf6cddfe1.root [1266,1267,1265,1264]
/store/data/Run2024D/BTagMu/RAW/v1/000/380/360/00000/c49d7d1b-61fa-4dbe-80bd-4a2fb191f438.root [998,999,997,1000]
/store/data/Run2024D/BTagMu/RAW/v1/000/380/360/00000/c52d330d-c5eb-4975-a64e-b8ea62f8fa2c.root [535,536]
/store/data/Run2024D/BTagMu/RAW/v1/000/380/360/00000/c5d2bb2e-efe1-4e35-842c-b04bf2422372.root [489,488]
/store/data/Run2024D/BTagMu/RAW/v1/000/380/360/00000/c5d56c2b-c283-4f5c-8c59-284bba9e37e5.root [165,164]
/store/data/Run2024D/BTagMu/RAW/v1/000/380/360/00000/c68bb00c-54ae-491c-a192-b81897e47e09.root [186,187]
/store/data/Run2024D/BTagMu/RAW/v1/000/380/360/00000/c7f97d56-0033-4309-a9a3-d12ee8e017e1.root [549,550]
/store/data/Run2024D/BTagMu/RAW/v1/000/380/360/00000/c81f74e4-c03d-4263-bbf1-af0b1665a512.root [1653,1655,1658,1654,1656,1657]
/store/data/Run2024D/BTagMu/RAW/v1/000/380/360/00000/c82dba1d-b736-43f7-b9ca-57039da8c020.root [1131,1132,1133,1130]
/store/data/Run2024D/BTagMu/RAW/v1/000/380/360/00000/c89376a0-712c-42bb-817b-fea47f4c8582.root [886,885,887]
/store/data/Run2024D/BTagMu/RAW/v1/000/380/360/00000/c8adf91a-a09a-4e3e-a3b5-697e5763c9bf.root [661,662]
/store/data/Run2024D/BTagMu/RAW/v1/000/380/360/00000/c955abe0-13dc-48b7-a10d-0d3f6314ab87.root [1012,1009,1010,1011]
/store/data/Run2024D/BTagMu/RAW/v1/000/380/360/00000/c9818461-7321-41e6-a891-8791bf455129.root [502,503]
/store/data/Run2024D/BTagMu/RAW/v1/000/380/360/00000/c99435d9-1b6f-461a-bbd8-e42888b8008a.root [1434,1430,1433,1435,1431,1432]
/store/data/Run2024D/BTagMu/RAW/v1/000/380/360/00000/c9c6a4d0-03ac-4cc6-b606-2516aaea4918.root [510,511]
/store/data/Run2024D/BTagMu/RAW/v1/000/380/360/00000/caa91371-c6d6-40fe-97b0-a67f94abc2f0.root [587,588]
/store/data/Run2024D/BTagMu/RAW/v1/000/380/360/00000/cae9d5c3-10d3-40ae-a01a-d6aa9b5be7de.root [10,9]
/store/data/Run2024D/BTagMu/RAW/v1/000/380/360/00000/caed29a7-057b-4a13-ad7a-082aeca00979.root [742,743,741]
/store/data/Run2024D/BTagMu/RAW/v1/000/380/360/00000/cbc6b94c-dd82-41bc-9131-401784015368.root [637,636]
/store/data/Run2024D/BTagMu/RAW/v1/000/380/360/00000/cbe7836f-a023-459c-b3dd-7605d0ee19fb.root [1451,1448,1449,1450,1452,1453]
/store/data/Run2024D/BTagMu/RAW/v1/000/380/360/00000/cc142de7-7f6e-4c07-b0ca-689284f2df28.root [1509,1505,1504,1508,1507,1506]
/store/data/Run2024D/BTagMu/RAW/v1/000/380/360/00000/cc59ee75-4e8a-4320-8d4c-ec885513338e.root [1309,1311,1310,1308]
/store/data/Run2024D/BTagMu/RAW/v1/000/380/360/00000/cc6fab73-5dc4-406d-9b0d-e0509c7abf59.root [514,515]
/store/data/Run2024D/BTagMu/RAW/v1/000/380/360/00000/cc892e35-0204-4be0-bb64-b78860d5a454.root [100,99,101]
/store/data/Run2024D/BTagMu/RAW/v1/000/380/360/00000/ccb39030-a714-4b3b-a623-196a948fc55e.root [1212,1210,1211,1213,1209]
/store/data/Run2024D/BTagMu/RAW/v1/000/380/360/00000/cd5437fe-b141-4f63-8097-87cc57b94c68.root [1463,1464,1467,1466,1462,1465]
/store/data/Run2024D/BTagMu/RAW/v1/000/380/360/00000/cda6f4df-4424-45a3-8d5f-de368e1793ba.root [518,519]
/store/data/Run2024D/BTagMu/RAW/v1/000/380/360/00000/cdd628c9-0ffb-4154-99a3-057349720633.root [689,690,691]
/store/data/Run2024D/BTagMu/RAW/v1/000/380/360/00000/ce0a58f3-801c-41c5-b5ae-7e5131229036.root [1649,1652,1647,1651,1650,1648]
/store/data/Run2024D/BTagMu/RAW/v1/000/380/360/00000/ce7c8731-97ee-4e5b-aec1-0dd5957cf9f1.root [300,299]
/store/data/Run2024D/BTagMu/RAW/v1/000/380/360/00000/ceee05ee-6f91-48fa-a8b0-7aff1c5eed44.root [698,699,700]
/store/data/Run2024D/BTagMu/RAW/v1/000/380/360/00000/cf358c03-91e0-4e1d-9a17-542537f34fd8.root [1911,1913,1910,1917,1912,1914,1915,1916,1918]
/store/data/Run2024D/BTagMu/RAW/v1/000/380/360/00000/d03ff14f-e2fd-4b99-a774-a1d008c113ba.root [126,127]
/store/data/Run2024D/BTagMu/RAW/v1/000/380/360/00000/d0d3b172-6e8c-44dd-aa47-2dc01afc0905.root [557,558]
/store/data/Run2024D/BTagMu/RAW/v1/000/380/360/00000/d2dc25c9-25ad-45c0-9197-b2a989f538e8.root [1731,1732,1733,1736,1734,1735]
/store/data/Run2024D/BTagMu/RAW/v1/000/380/360/00000/d4152fb8-1358-4fba-8f6d-c3841dcd03bf.root [774,775,776]
/store/data/Run2024D/BTagMu/RAW/v1/000/380/360/00000/d4720e06-28f0-4a93-a147-89648363471f.root [960,961,962]
/store/data/Run2024D/BTagMu/RAW/v1/000/380/360/00000/d480b91b-1ac0-42ec-a519-b8c02a62ac2c.root [180,181]
/store/data/Run2024D/BTagMu/RAW/v1/000/380/360/00000/d4906b59-e4eb-4790-be07-d1e17728fbf5.root [814,815,813]
/store/data/Run2024D/BTagMu/RAW/v1/000/380/360/00000/d5040c5f-3886-4485-bade-c4adfd78f35c.root [261,262]
/store/data/Run2024D/BTagMu/RAW/v1/000/380/360/00000/d5b353dc-fddc-426a-b30b-93ead6fa3cdf.root [269,270]
/store/data/Run2024D/BTagMu/RAW/v1/000/380/360/00000/d5d640ac-e570-446d-882e-5d8f6eefb6b3.root [964,963,965]
/store/data/Run2024D/BTagMu/RAW/v1/000/380/360/00000/d6a04fb1-e300-4f4f-a6a2-259a92881817.root [732,733,734]
/store/data/Run2024D/BTagMu/RAW/v1/000/380/360/00000/d6d7a1ef-6962-49de-90a3-a92899ee76fa.root [1079,1078,1080,1081]
/store/data/Run2024D/BTagMu/RAW/v1/000/380/360/00000/d72f168c-8032-429d-a224-ef1213d9b615.root [94,93,95]
/store/data/Run2024D/BTagMu/RAW/v1/000/380/360/00000/d78c1ce9-4900-4354-be99-f4a6c71f900f.root [1484,1481,1485,1480,1482,1483]
/store/data/Run2024D/BTagMu/RAW/v1/000/380/360/00000/d7ae9f6e-509e-44e6-a0e9-a83bc7f14207.root [477,476]
/store/data/Run2024D/BTagMu/RAW/v1/000/380/360/00000/d7ff231c-e64a-4582-ace8-dcaf571c77c1.root [1543,1541,1540,1545,1542,1544]
/store/data/Run2024D/BTagMu/RAW/v1/000/380/360/00000/d828f5a6-8517-4d37-b62c-c74d94f3d368.root [837,838,839]
/store/data/Run2024D/BTagMu/RAW/v1/000/380/360/00000/d875ca19-ff0a-4a25-9c3d-a795dde71339.root [1224,1226,1222,1225,1223]
/store/data/Run2024D/BTagMu/RAW/v1/000/380/360/00000/d88ffd1b-a841-4522-b734-07fbf3843170.root [227,228]
/store/data/Run2024D/BTagMu/RAW/v1/000/380/360/00000/d8e37802-764a-4d1f-ae66-ee14378ceb8a.root [429,430]
/store/data/Run2024D/BTagMu/RAW/v1/000/380/360/00000/d93cbfa1-cc87-43b1-b326-699f9dfd2817.root [382,381]
/store/data/Run2024D/BTagMu/RAW/v1/000/380/360/00000/d9609cab-a11e-4a4a-9ba1-cfdfab844216.root [1178,1179,1180,1181]
/store/data/Run2024D/BTagMu/RAW/v1/000/380/360/00000/d96cc8dc-580d-4eba-9c1e-04136dbb4665.root [564,563]
/store/data/Run2024D/BTagMu/RAW/v1/000/380/360/00000/d986eabc-6f02-46b5-aa58-9b06b1a8cf63.root [498,499]
/store/data/Run2024D/BTagMu/RAW/v1/000/380/360/00000/d9feedef-cc58-4da7-957e-8002eddaede1.root [386,385]
/store/data/Run2024D/BTagMu/RAW/v1/000/380/360/00000/da8f8344-3df3-4a80-bea3-14a3cfa8b8e7.root [1240,1241,1239,1242,1243]
/store/data/Run2024D/BTagMu/RAW/v1/000/380/360/00000/dab612ba-e021-4792-b4f8-ed8555723143.root [1333,1335,1332,1334]
/store/data/Run2024D/BTagMu/RAW/v1/000/380/360/00000/db8ffc82-6403-427c-9ad2-cd4991105426.root [940,939,941]
/store/data/Run2024D/BTagMu/RAW/v1/000/380/360/00000/dc10be44-5912-4233-b391-e5b667724fe1.root [1775,1776,1777,1773,1774,1772]
/store/data/Run2024D/BTagMu/RAW/v1/000/380/360/00000/dc15f781-82cd-474b-8d36-73f5a7e0b3de.root [1617,1620,1616,1619,1618,1621]
/store/data/Run2024D/BTagMu/RAW/v1/000/380/360/00000/dc281ec3-a9a6-4101-93ff-d37faf3ab0c3.root [202,203,204]
/store/data/Run2024D/BTagMu/RAW/v1/000/380/360/00000/dc5ee2d9-80c9-4417-8ff0-46857f3b72da.root [830,828,829]
/store/data/Run2024D/BTagMu/RAW/v1/000/380/360/00000/dc7b7ecb-a6db-4049-b5ef-f651e7d7c970.root [1768,1770,1767,1769]
/store/data/Run2024D/BTagMu/RAW/v1/000/380/360/00000/dc997b41-47ec-4db9-989c-6a1c096d2a86.root [1513,1515,1511,1512,1514,1510]
/store/data/Run2024D/BTagMu/RAW/v1/000/380/360/00000/dced0574-6080-49ed-b781-38b4427aeb28.root [970,971,972,973]
/store/data/Run2024D/BTagMu/RAW/v1/000/380/360/00000/dd41673d-68fc-4b30-8343-1ad4ed33a2e4.root [567,568]
/store/data/Run2024D/BTagMu/RAW/v1/000/380/360/00000/dd766aad-5980-432e-9532-d5ade433b70d.root [1711,1709,1708,1707,1710,1712]
/store/data/Run2024D/BTagMu/RAW/v1/000/380/360/00000/dd9cb187-38af-44b4-b651-77007c1d6d28.root [342,341]
/store/data/Run2024D/BTagMu/RAW/v1/000/380/360/00000/de10accb-decb-491e-9728-dabde39a5b69.root [291,292]
/store/data/Run2024D/BTagMu/RAW/v1/000/380/360/00000/de5ea715-4474-450b-9835-d217a36db2d5.root [927,925,926]
/store/data/Run2024D/BTagMu/RAW/v1/000/380/360/00000/de8617db-e164-4828-9f90-57663d747954.root [1235,1237,1236,1238]
/store/data/Run2024D/BTagMu/RAW/v1/000/380/360/00000/de910249-618d-42ec-9f12-cfd90d5a0da2.root [589,590]
/store/data/Run2024D/BTagMu/RAW/v1/000/380/360/00000/df86caa9-b084-4863-88fb-877c577d6b2e.root [113,111,112]
/store/data/Run2024D/BTagMu/RAW/v1/000/380/360/00000/dfbd8c56-2d02-46ec-9a0b-240f8de41120.root [1816,1814,1819,1817,1818,1815]
/store/data/Run2024D/BTagMu/RAW/v1/000/380/360/00000/e1331ee8-3f7a-4a4f-9d90-144aa91e334c.root [253,254]
/store/data/Run2024D/BTagMu/RAW/v1/000/380/360/00000/e13f821f-501e-4386-8b45-15fed00733a0.root [850,851,849]
/store/data/Run2024D/BTagMu/RAW/v1/000/380/360/00000/e149ad7d-354c-4a6c-8b1d-fcd968259e5d.root [1696,1699,1698,1700,1697,1695]
/store/data/Run2024D/BTagMu/RAW/v1/000/380/360/00000/e1ca684e-dcfc-478a-a3a6-b8c1f1a852e8.root [878,876,877]
/store/data/Run2024D/BTagMu/RAW/v1/000/380/360/00000/e24e6919-2dc5-46fe-bfd4-c88db7a0c880.root [85,86,83,84]
/store/data/Run2024D/BTagMu/RAW/v1/000/380/360/00000/e28595fc-98ec-43c8-bd54-e8d3cdf8945b.root [161,160]
/store/data/Run2024D/BTagMu/RAW/v1/000/380/360/00000/e2b0a06b-e8aa-44a3-ac17-3522916a5c00.root [1112,1110,1111,1113]
/store/data/Run2024D/BTagMu/RAW/v1/000/380/360/00000/e34714d6-2539-4286-8082-1ac9c79f27eb.root [872,870,871]
/store/data/Run2024D/BTagMu/RAW/v1/000/380/360/00000/e418d02d-f817-4666-b2eb-30d68dfe7a30.root [651,652,650]
/store/data/Run2024D/BTagMu/RAW/v1/000/380/360/00000/e451536c-9ad2-4d34-831e-4e4eaf26a108.root [377,378]
/store/data/Run2024D/BTagMu/RAW/v1/000/380/360/00000/e4931af4-f637-4c7b-86aa-b28fbf02f026.root [194,195]
/store/data/Run2024D/BTagMu/RAW/v1/000/380/360/00000/e4c71160-e5f9-4732-95b2-001f34d06dcc.root [531,532]
/store/data/Run2024D/BTagMu/RAW/v1/000/380/360/00000/e4e9cb14-ed28-4d1c-a142-6572059faa45.root [89,87,88]
/store/data/Run2024D/BTagMu/RAW/v1/000/380/360/00000/e56de58b-4077-434b-bdd9-c6835b6397c0.root [1828,1830,1831,1829,1827,1826]
/store/data/Run2024D/BTagMu/RAW/v1/000/380/360/00000/e63c1c25-47d1-4eee-8784-243983af66a8.root [141,140]
/store/data/Run2024D/BTagMu/RAW/v1/000/380/360/00000/e68e695d-a96b-4808-872d-66e92e5390bd.root [659,660]
/store/data/Run2024D/BTagMu/RAW/v1/000/380/360/00000/e7a60fa9-679f-4baa-8b85-91344be015de.root [313,314]
/store/data/Run2024D/BTagMu/RAW/v1/000/380/360/00000/e80c8bd6-1c8e-4e42-90e9-359f6154343b.root [479,478]
/store/data/Run2024D/BTagMu/RAW/v1/000/380/360/00000/e85183e8-df6b-4aaf-a0c7-5555de7f9b3b.root [966,968,969,967]
/store/data/Run2024D/BTagMu/RAW/v1/000/380/360/00000/e859bc05-ad89-4119-bd8e-6a0df3920557.root [654,655,653]
/store/data/Run2024D/BTagMu/RAW/v1/000/380/360/00000/e9c5f6f4-d3a3-4990-99ad-ed7b4ef49fd2.root [534,533]
/store/data/Run2024D/BTagMu/RAW/v1/000/380/360/00000/e9e9eaf7-e737-4b62-8d44-d6245fcfcb97.root [1838,1840,1839,1842,1843,1841]
/store/data/Run2024D/BTagMu/RAW/v1/000/380/360/00000/e9ebf294-a736-4b83-8292-92e26b161f7b.root [442,441]
/store/data/Run2024D/BTagMu/RAW/v1/000/380/360/00000/ea8d2241-0408-4c44-9104-50784809563e.root [649,648]
/store/data/Run2024D/BTagMu/RAW/v1/000/380/360/00000/eaae4086-4f3f-4bd4-bba0-3acd06578073.root [643,642]
/store/data/Run2024D/BTagMu/RAW/v1/000/380/360/00000/eaec2572-934f-4521-8c2b-6bae737f4bfe.root [452,451]
/store/data/Run2024D/BTagMu/RAW/v1/000/380/360/00000/eb0bc53b-c133-4428-80ea-e0f8c8caaf2c.root [1188,1189,1187,1186]
/store/data/Run2024D/BTagMu/RAW/v1/000/380/360/00000/eb30a099-333d-4d0f-bcd5-3b6ddeb947a2.root [281,282]
/store/data/Run2024D/BTagMu/RAW/v1/000/380/360/00000/ebdb5da3-4523-4a19-9d5e-4460186ce198.root [1809,1813,1810,1811,1812,1808]
/store/data/Run2024D/BTagMu/RAW/v1/000/380/360/00000/ec247bc5-573e-4eea-a6ad-9840ff232e10.root [1678,1677,1682,1681,1679,1680]
/store/data/Run2024D/BTagMu/RAW/v1/000/380/360/00000/ee2e46ec-2f76-4b1f-a795-0e03ca04d667.root [1630,1631,1634,1632,1633,1629]
/store/data/Run2024D/BTagMu/RAW/v1/000/380/360/00000/eea916cc-87ed-4686-bd18-d60511f5ab53.root [1751,1752,1753,1749,1754,1750]
/store/data/Run2024D/BTagMu/RAW/v1/000/380/360/00000/eed5677d-0df9-45d2-a95a-3d7069c7d25a.root [1195,1196,1194,1197,1198]
/store/data/Run2024D/BTagMu/RAW/v1/000/380/360/00000/eff89a2f-f54b-475d-9799-3db65392ec2a.root [315,316]
/store/data/Run2024D/BTagMu/RAW/v1/000/380/360/00000/f01c9bc9-e969-4a14-a4e2-2bad61b34e50.root [1067,1066,1069,1068]
/store/data/Run2024D/BTagMu/RAW/v1/000/380/360/00000/f037934b-0951-408a-bcc8-fb4eb4ed3674.root [512,513]
/store/data/Run2024D/BTagMu/RAW/v1/000/380/360/00000/f0627e92-3719-4d7f-bdb1-10458383c1da.root [695,697,696]
/store/data/Run2024D/BTagMu/RAW/v1/000/380/360/00000/f0a19695-61da-4077-b8ef-e49363900a07.root [992,991,989,990]
/store/data/Run2024D/BTagMu/RAW/v1/000/380/360/00000/f0bb6034-4e7d-4ca1-9ad4-ece255e49440.root [671,672]
/store/data/Run2024D/BTagMu/RAW/v1/000/380/360/00000/f0d9ed5e-7b6b-4ac5-b31b-49eb77289ce9.root [416,415]
/store/data/Run2024D/BTagMu/RAW/v1/000/380/360/00000/f146c2f2-4742-4677-b6c9-8e63a034eb23.root [233,234]
/store/data/Run2024D/BTagMu/RAW/v1/000/380/360/00000/f18c3da6-0b6e-4d80-adfc-c5cafdf3569b.root [171,170]
/store/data/Run2024D/BTagMu/RAW/v1/000/380/360/00000/f212511c-4489-4f98-8c5c-314de168d41f.root [376,375]
/store/data/Run2024D/BTagMu/RAW/v1/000/380/360/00000/f2b78327-d42f-4b78-b2ea-4c48e31a498e.root [357,358]
/store/data/Run2024D/BTagMu/RAW/v1/000/380/360/00000/f2ee53dc-2610-48b1-9b11-b4772c98274c.root [196,197]
/store/data/Run2024D/BTagMu/RAW/v1/000/380/360/00000/f2f5426d-50f7-472c-b4fe-239c1bd855db.root [457,458]
/store/data/Run2024D/BTagMu/RAW/v1/000/380/360/00000/f34d6d65-668b-4e70-8735-a981c2657a95.root [500,501]
/store/data/Run2024D/BTagMu/RAW/v1/000/380/360/00000/f378cac3-04a2-430a-8bb4-d761b7f37e96.root [1414,1416,1412,1415,1413,1417]
/store/data/Run2024D/BTagMu/RAW/v1/000/380/360/00000/f3bc8518-3654-459b-bd98-55d9907ed7a0.root [1147,1146,1149,1148]
/store/data/Run2024D/BTagMu/RAW/v1/000/380/360/00000/f3c65967-551b-4cd1-b96e-394a943921eb.root [486,487]
/store/data/Run2024D/BTagMu/RAW/v1/000/380/360/00000/f4b50290-5b5c-44c5-98f1-452d13a151fc.root [383,384]
/store/data/Run2024D/BTagMu/RAW/v1/000/380/360/00000/f4cf4549-1b12-4d58-be74-802156351d1f.root [98,97,96]
/store/data/Run2024D/BTagMu/RAW/v1/000/380/360/00000/f4d05a83-cfc6-45f2-ad93-71f01d381cc9.root [1342,1343,1341,1340]
/store/data/Run2024D/BTagMu/RAW/v1/000/380/360/00000/f5a3aa02-5ee0-4ac8-a8c3-b4cf324a1158.root [1017,1019,1020,1018]
/store/data/Run2024D/BTagMu/RAW/v1/000/380/360/00000/f63875b7-af7f-4f65-a02c-c102b59d236b.root [317,318]
/store/data/Run2024D/BTagMu/RAW/v1/000/380/360/00000/f63f1079-cbf5-4ed7-8ef8-0cc1aa7a9c23.root [243,244]
/store/data/Run2024D/BTagMu/RAW/v1/000/380/360/00000/f6e5a7b2-0c7d-4362-a2a5-08f6230c400f.root [465,464]
/store/data/Run2024D/BTagMu/RAW/v1/000/380/360/00000/f7ab1c8d-c632-4ee1-b126-540662cbfbba.root [90,91,92]
/store/data/Run2024D/BTagMu/RAW/v1/000/380/360/00000/f7b8211a-462e-4793-b864-f3c9f5cecfb1.root [307,308]
/store/data/Run2024D/BTagMu/RAW/v1/000/380/360/00000/f8d38d8f-6aa4-4385-b13a-d6caf1bec7c3.root [1935,1939,1934,1938,1937,1940,1936]
/store/data/Run2024D/BTagMu/RAW/v1/000/380/360/00000/f924b031-f0f5-4c21-97d4-dfd45950263e.root [1535,1536,1539,1537,1534,1538]
/store/data/Run2024D/BTagMu/RAW/v1/000/380/360/00000/f98c3572-2fdf-46e0-886d-bbcd5028ac5d.root [275,276]
/store/data/Run2024D/BTagMu/RAW/v1/000/380/360/00000/f9aa5911-2155-4424-9560-31bf0c2b06d2.root [280,279]
/store/data/Run2024D/BTagMu/RAW/v1/000/380/360/00000/f9bcd409-8f21-4f7e-a1cd-fac822c91e50.root [1016,1013,1014,1015]
/store/data/Run2024D/BTagMu/RAW/v1/000/380/360/00000/fa3857cd-a629-47a6-9bd6-72abff59d091.root [597,598]
/store/data/Run2024D/BTagMu/RAW/v1/000/380/360/00000/fa451fe1-b6ff-4d34-91b2-4c0eb6532888.root [1331,1330,1328,1329]
/store/data/Run2024D/BTagMu/RAW/v1/000/380/360/00000/fc7fbcee-767e-4937-a692-a21c1e5b8db2.root [1530,1531,1533,1528,1532,1529]
/store/data/Run2024D/BTagMu/RAW/v1/000/380/360/00000/fcfc5748-13c0-40a9-8444-6adc54ab1f25.root [629,631,630]
/store/data/Run2024D/BTagMu/RAW/v1/000/380/360/00000/fd44bf10-b74f-484b-951e-bb1da818528f.root [1102,1103,1104,1105]
/store/data/Run2024D/BTagMu/RAW/v1/000/380/360/00000/fde62abe-1cde-46ea-92f3-1bacc0b4006e.root [207,208]
/store/data/Run2024D/BTagMu/RAW/v1/000/380/360/00000/fdebb7f6-e9bb-478b-9f95-351203211e3e.root [271,272]
/store/data/Run2024D/BTagMu/RAW/v1/000/380/360/00000/fe136027-c4e1-453c-a1d4-0307847aada3.root [955,956,954]
/store/data/Run2024D/BTagMu/RAW/v1/000/380/360/00000/fe67f18c-a2b3-407a-b161-3f3eded94853.root [38,49,50,44,48,52,37,40,46,43,45,51,42,41,47,39]
/store/data/Run2024D/BTagMu/RAW/v1/000/380/360/00000/feaa069f-fb38-452e-8b5a-461667d6aeef.root [356,355]
/store/data/Run2024D/BTagMu/RAW/v1/000/380/360/00000/ff9e7ea0-4539-4464-b977-2ebda389f580.root [577,578]
/store/data/Run2024D/BTagMu/RAW/v1/000/380/360/00000/ffc24385-6678-4a40-b09f-051d049bfaac.root [1850,1853,1855,1852,1854,1851]
