/store/data/Run2015D/HLTPhysics/RAW/v1/000/256/677/00000/024F6F90-605D-E511-8CC7-02163E0146A2.root [431,430,429,432]
/store/data/Run2015D/HLTPhysics/RAW/v1/000/256/677/00000/0C388EB2-405D-E511-9106-02163E0143E0.root [233,232,231,230]
/store/data/Run2015D/HLTPhysics/RAW/v1/000/256/677/00000/0C86E1C0-3B5D-E511-A755-02163E01391B.root [159,158,160,161]
/store/data/Run2015D/HLTPhysics/RAW/v1/000/256/677/00000/0CF4CD4F-5C5D-E511-8430-02163E01382E.root [406,408,405,407]
/store/data/Run2015D/HLTPhysics/RAW/v1/000/256/677/00000/12D999EE-385D-E511-9573-02163E013863.root [131,130,132,133]
/store/data/Run2015D/HLTPhysics/RAW/v1/000/256/677/00000/1656201A-5B5D-E511-97C1-02163E0143AC.root [345,347,346,348]
/store/data/Run2015D/HLTPhysics/RAW/v1/000/256/677/00000/1883EFCE-2F5D-E511-B3A5-02163E014338.root [10,11,9,12]
/store/data/Run2015D/HLTPhysics/RAW/v1/000/256/677/00000/1A62F7DD-5A5D-E511-B9DC-02163E014736.root [329,331,332,330]
/store/data/Run2015D/HLTPhysics/RAW/v1/000/256/677/00000/1E05C265-5C5D-E511-8C61-02163E0119BD.root [385,387,386,388]
/store/data/Run2015D/HLTPhysics/RAW/v1/000/256/677/00000/22BAA216-355D-E511-ACC6-02163E011820.root [80,77,78,79]
/store/data/Run2015D/HLTPhysics/RAW/v1/000/256/677/00000/2462A12C-355D-E511-B794-02163E013490.root [34,36,35,33]
/store/data/Run2015D/HLTPhysics/RAW/v1/000/256/677/00000/268BBA33-355D-E511-A69A-02163E014511.root [49,50,52,51]
/store/data/Run2015D/HLTPhysics/RAW/v1/000/256/677/00000/28DD6A2A-355D-E511-A394-02163E01211E.root [82,81,84,83]
/store/data/Run2015D/HLTPhysics/RAW/v1/000/256/677/00000/2E775827-3C5D-E511-A924-02163E0128A6.root [186,188,189,187]
/store/data/Run2015D/HLTPhysics/RAW/v1/000/256/677/00000/2EBE1E94-305D-E511-AE58-02163E01468C.root [15,13,14,16]
/store/data/Run2015D/HLTPhysics/RAW/v1/000/256/677/00000/322B466B-345D-E511-B560-02163E01424B.root [23,24,21,22]
/store/data/Run2015D/HLTPhysics/RAW/v1/000/256/677/00000/32F064C6-3B5D-E511-B82C-02163E0124C6.root [171,173,170,172]
/store/data/Run2015D/HLTPhysics/RAW/v1/000/256/677/00000/3411A88B-605D-E511-A7AD-02163E011D88.root [441,443,444,442]
/store/data/Run2015D/HLTPhysics/RAW/v1/000/256/677/00000/34703FEA-385D-E511-891D-02163E014774.root [121,120,118,119]
/store/data/Run2015D/HLTPhysics/RAW/v1/000/256/677/00000/3E656E75-345D-E511-990C-02163E017078.root [31,29,32,30]
/store/data/Run2015D/HLTPhysics/RAW/v1/000/256/677/00000/408A8DA0-405D-E511-9B0C-02163E01420D.root [205,202,204,203]
/store/data/Run2015D/HLTPhysics/RAW/v1/000/256/677/00000/42EE54C3-3B5D-E511-831F-02163E0143F7.root [138,140,141,139]
/store/data/Run2015D/HLTPhysics/RAW/v1/000/256/677/00000/44AD643A-355D-E511-A1E9-02163E0143CF.root [74,75,76,73]
/store/data/Run2015D/HLTPhysics/RAW/v1/000/256/677/00000/4840A7DB-5A5D-E511-A9DC-02163E0119BD.root [321,323,322,324]
/store/data/Run2015D/HLTPhysics/RAW/v1/000/256/677/00000/4854B9E7-5A5D-E511-ACE2-02163E0143F7.root [336,334,333,335]
/store/data/Run2015D/HLTPhysics/RAW/v1/000/256/677/00000/48659E5C-405D-E511-9E03-02163E014251.root [237,235,236,234]
/store/data/Run2015D/HLTPhysics/RAW/v1/000/256/677/00000/48940A46-395D-E511-8DB7-02163E0143A2.root [115,114,117,116]
/store/data/Run2015D/HLTPhysics/RAW/v1/000/256/677/00000/4ADE83BA-3B5D-E511-95F8-02163E0143B0.root [147,149,146,148]
/store/data/Run2015D/HLTPhysics/RAW/v1/000/256/677/00000/4C3FBBA9-2F5D-E511-9DF1-02163E0142D8.root [1,2,4,3]
/store/data/Run2015D/HLTPhysics/RAW/v1/000/256/677/00000/4E8E594C-5C5D-E511-833D-02163E0146F7.root [394,395,393,396]
/store/data/Run2015D/HLTPhysics/RAW/v1/000/256/677/00000/4EDC1961-5C5D-E511-BF49-02163E011FBB.root [377,378,380,379]
/store/data/Run2015D/HLTPhysics/RAW/v1/000/256/677/00000/506042A4-605D-E511-93B4-02163E014144.root [453,454,455,456]
/store/data/Run2015D/HLTPhysics/RAW/v1/000/256/677/00000/520EEAB4-2F5D-E511-B97B-02163E013843.root [5,8,7,6]
/store/data/Run2015D/HLTPhysics/RAW/v1/000/256/677/00000/52269D16-355D-E511-8032-02163E011820.root [37,40,38,39]
/store/data/Run2015D/HLTPhysics/RAW/v1/000/256/677/00000/52A268DB-5A5D-E511-AF38-02163E0143CF.root [309,310,311,312]
/store/data/Run2015D/HLTPhysics/RAW/v1/000/256/677/00000/565EBB56-405D-E511-9268-02163E0170AD.root [210,211,212,213]
/store/data/Run2015D/HLTPhysics/RAW/v1/000/256/677/00000/5854425F-405D-E511-9C33-02163E01391B.root [224,223,225,222]
/store/data/Run2015D/HLTPhysics/RAW/v1/000/256/677/00000/58D466EF-385D-E511-8A56-02163E01228A.root [135,134,136,137]
/store/data/Run2015D/HLTPhysics/RAW/v1/000/256/677/00000/5EDAD5AF-3E5D-E511-865C-02163E01716B.root [195,196,197,194]
/store/data/Run2015D/HLTPhysics/RAW/v1/000/256/677/00000/62536566-355D-E511-B730-02163E0143E0.root [64,61,63,62]
/store/data/Run2015D/HLTPhysics/RAW/v1/000/256/677/00000/642E3598-605D-E511-919B-02163E0119BD.root [449,451,452,450]
/store/data/Run2015D/HLTPhysics/RAW/v1/000/256/677/00000/6472F12C-355D-E511-8923-02163E014187.root [43,41,42,44]
/store/data/Run2015D/HLTPhysics/RAW/v1/000/256/677/00000/665145A4-605D-E511-81E6-02163E014144.root [421,422,424,423]
/store/data/Run2015D/HLTPhysics/RAW/v1/000/256/677/00000/66754854-5C5D-E511-A3EC-02163E01424B.root [373,374,375,376]
/store/data/Run2015D/HLTPhysics/RAW/v1/000/256/677/00000/6A827E93-355D-E511-9023-02163E0137FF.root [112,113,111,110]
/store/data/Run2015D/HLTPhysics/RAW/v1/000/256/677/00000/6AB127E8-355D-E511-A18F-02163E014459.root [65,68,67,66]
/store/data/Run2015D/HLTPhysics/RAW/v1/000/256/677/00000/6E6C2366-5C5D-E511-A46F-02163E014213.root [368,367,365,366]
/store/data/Run2015D/HLTPhysics/RAW/v1/000/256/677/00000/7AE06890-305D-E511-A977-02163E01467C.root [20,18,17,19]
/store/data/Run2015D/HLTPhysics/RAW/v1/000/256/677/00000/80C65E78-5C5D-E511-835E-02163E014213.root [413,414,416,415]
/store/data/Run2015D/HLTPhysics/RAW/v1/000/256/677/00000/88FDAC92-5A5D-E511-A002-02163E0119C7.root [265,271,277,263,273,274,266,267,278,283,288,289,272,291,275,280,281,282,287,268,270,290,264,269,279,284,285,286,262,276]
/store/data/Run2015D/HLTPhysics/RAW/v1/000/256/677/00000/8A330C8C-605D-E511-9738-02163E0142D8.root [478,479,480,477]
/store/data/Run2015D/HLTPhysics/RAW/v1/000/256/677/00000/8C86AC1C-355D-E511-84DF-02163E01211E.root [53,55,56,54]
/store/data/Run2015D/HLTPhysics/RAW/v1/000/256/677/00000/8C90634D-5C5D-E511-9DB5-02163E0142D8.root [381,382,383,384]
/store/data/Run2015D/HLTPhysics/RAW/v1/000/256/677/00000/8EA9A356-5C5D-E511-8D10-02163E011D88.root [369,371,372,370]
/store/data/Run2015D/HLTPhysics/RAW/v1/000/256/677/00000/92429427-355D-E511-AA92-02163E0119C7.root [108,105,109,104,106,107]
/store/data/Run2015D/HLTPhysics/RAW/v1/000/256/677/00000/928AC4DA-3B5D-E511-BA84-02163E01395F.root [180,179,178,181]
/store/data/Run2015D/HLTPhysics/RAW/v1/000/256/677/00000/940F0CD0-3B5D-E511-939A-02163E014251.root [167,168,169,166]
/store/data/Run2015D/HLTPhysics/RAW/v1/000/256/677/00000/943891D5-5A5D-E511-8394-02163E013632.root [355,354,356,353]
/store/data/Run2015D/HLTPhysics/RAW/v1/000/256/677/00000/94B09250-615D-E511-9A0D-02163E0142D8.root [481,484,482,483,485,486]
/store/data/Run2015D/HLTPhysics/RAW/v1/000/256/677/00000/964BFD17-5B5D-E511-8B12-02163E0134BE.root [340,339,337,338]
/store/data/Run2015D/HLTPhysics/RAW/v1/000/256/677/00000/9676A826-355D-E511-8A3C-02163E014184.root [95,96,91,90,93,94,97,92]
/store/data/Run2015D/HLTPhysics/RAW/v1/000/256/677/00000/96F26524-355D-E511-B34C-02163E0143A2.root [46,47,45,48]
/store/data/Run2015D/HLTPhysics/RAW/v1/000/256/677/00000/98A3DF74-355D-E511-B71F-02163E0143F7.root [57,58,59,60]
/store/data/Run2015D/HLTPhysics/RAW/v1/000/256/677/00000/98E4AD5F-405D-E511-8CF7-02163E0136C6.root [240,239,241,238]
/store/data/Run2015D/HLTPhysics/RAW/v1/000/256/677/00000/9A9DAA30-355D-E511-8A1E-02163E0137FF.root [69,71,72,70]
/store/data/Run2015D/HLTPhysics/RAW/v1/000/256/677/00000/9C793D43-615D-E511-B83F-02163E01364A.root [318,320,319,317]
/store/data/Run2015D/HLTPhysics/RAW/v1/000/256/677/00000/A023B761-5C5D-E511-AFF2-02163E014251.root [358,359,357,360]
/store/data/Run2015D/HLTPhysics/RAW/v1/000/256/677/00000/A0CFC467-5B5D-E511-ADA9-02163E0170AD.root [349,351,350,352]
/store/data/Run2015D/HLTPhysics/RAW/v1/000/256/677/00000/A2C543D4-3B5D-E511-AECC-02163E01437B.root [184,183,185,182]
/store/data/Run2015D/HLTPhysics/RAW/v1/000/256/677/00000/A421389E-605D-E511-AD93-02163E013632.root [445,447,448,446]
/store/data/Run2015D/HLTPhysics/RAW/v1/000/256/677/00000/A69B3D62-5C5D-E511-9266-02163E0119C7.root [390,389,391,392]
/store/data/Run2015D/HLTPhysics/RAW/v1/000/256/677/00000/AAF358EB-385D-E511-81E4-02163E013518.root [126,129,128,127]
/store/data/Run2015D/HLTPhysics/RAW/v1/000/256/677/00000/ACB769A6-605D-E511-BE97-02163E014260.root [467,468,465,466]
/store/data/Run2015D/HLTPhysics/RAW/v1/000/256/677/00000/AE986D88-605D-E511-8D44-02163E0134BE.root [459,458,460,457]
/store/data/Run2015D/HLTPhysics/RAW/v1/000/256/677/00000/B044888A-405D-E511-8D24-02163E0141D3.root [208,206,207,209]
/store/data/Run2015D/HLTPhysics/RAW/v1/000/256/677/00000/B09C108F-605D-E511-8BA6-02163E0143E0.root [425,426,428,427]
/store/data/Run2015D/HLTPhysics/RAW/v1/000/256/677/00000/B26AB84D-5C5D-E511-9E26-02163E0143CF.root [399,400,397,398]
/store/data/Run2015D/HLTPhysics/RAW/v1/000/256/677/00000/B2E7F452-5C5D-E511-98AF-02163E011D99.root [410,409,411,412]
/store/data/Run2015D/HLTPhysics/RAW/v1/000/256/677/00000/B4E698F4-385D-E511-8618-02163E0139A9.root [122,124,125,123]
/store/data/Run2015D/HLTPhysics/RAW/v1/000/256/677/00000/B6B752C9-405D-E511-8226-02163E013843.root [251,246,242,250,257,258,259,253,260,243,247,254,244,252,255,245,249,248,256,261]
/store/data/Run2015D/HLTPhysics/RAW/v1/000/256/677/00000/B823BC76-345D-E511-8005-02163E014251.root [28,27,26,25]
/store/data/Run2015D/HLTPhysics/RAW/v1/000/256/677/00000/BC44178E-605D-E511-96F7-02163E013632.root [418,417,419,420]
/store/data/Run2015D/HLTPhysics/RAW/v1/000/256/677/00000/BC67C3E7-5A5D-E511-A6AF-02163E0143F7.root [303,301,304,302]
/store/data/Run2015D/HLTPhysics/RAW/v1/000/256/677/00000/BE193F95-5A5D-E511-98B0-02163E0122FF.root [297,300,299,298]
/store/data/Run2015D/HLTPhysics/RAW/v1/000/256/677/00000/BE9052D8-5A5D-E511-A81E-02163E01279C.root [341,343,344,342]
/store/data/Run2015D/HLTPhysics/RAW/v1/000/256/677/00000/C058B59B-605D-E511-BA19-02163E01420D.root [433,436,434,435]
/store/data/Run2015D/HLTPhysics/RAW/v1/000/256/677/00000/C213D453-405D-E511-805A-02163E0124C6.root [221,218,220,219]
/store/data/Run2015D/HLTPhysics/RAW/v1/000/256/677/00000/C2DF9BC9-3B5D-E511-B33C-02163E01468C.root [192,191,193,190]
/store/data/Run2015D/HLTPhysics/RAW/v1/000/256/677/00000/C4A571FD-5A5D-E511-92E1-02163E0119B2.root [325,326,327,328]
/store/data/Run2015D/HLTPhysics/RAW/v1/000/256/677/00000/C8085A61-5C5D-E511-833F-02163E0133FB.root [402,401,404,403]
/store/data/Run2015D/HLTPhysics/RAW/v1/000/256/677/00000/C899C1DE-3B5D-E511-AC20-02163E014636.root [164,165,162,163]
/store/data/Run2015D/HLTPhysics/RAW/v1/000/256/677/00000/CE278991-5A5D-E511-A3E0-02163E01211E.root [293,296,294,295]
/store/data/Run2015D/HLTPhysics/RAW/v1/000/256/677/00000/CE9114C5-3B5D-E511-AC1E-02163E014359.root [175,177,174,176]
/store/data/Run2015D/HLTPhysics/RAW/v1/000/256/677/00000/CE9BF49C-605D-E511-A0B3-02163E0122FF.root [438,437,440,439]
/store/data/Run2015D/HLTPhysics/RAW/v1/000/256/677/00000/D2F3E263-405D-E511-BD39-02163E011954.root [227,226,229,228]
/store/data/Run2015D/HLTPhysics/RAW/v1/000/256/677/00000/D42F0A68-405D-E511-A534-02163E014144.root [215,214,216,217]
/store/data/Run2015D/HLTPhysics/RAW/v1/000/256/677/00000/D8A39A2E-355D-E511-A1D8-02163E013843.root [85,86,87,89,88]
/store/data/Run2015D/HLTPhysics/RAW/v1/000/256/677/00000/DA12C11E-355D-E511-B701-02163E013863.root [102,98,99,101,103,100]
/store/data/Run2015D/HLTPhysics/RAW/v1/000/256/677/00000/DAF907B0-3E5D-E511-B436-02163E01716B.root [153,150,151,152]
/store/data/Run2015D/HLTPhysics/RAW/v1/000/256/677/00000/DEDAF8CD-3B5D-E511-901D-02163E0146F7.root [142,145,143,144]
/store/data/Run2015D/HLTPhysics/RAW/v1/000/256/677/00000/DEF0E3CC-3B5D-E511-A9A6-02163E0119C7.root [157,155,154,156]
/store/data/Run2015D/HLTPhysics/RAW/v1/000/256/677/00000/E021EE7D-5C5D-E511-A634-02163E0134BE.root [363,361,364,362]
/store/data/Run2015D/HLTPhysics/RAW/v1/000/256/677/00000/E087AAF8-5A5D-E511-9DDF-02163E01449B.root [314,316,313,315]
/store/data/Run2015D/HLTPhysics/RAW/v1/000/256/677/00000/E6911D89-605D-E511-9678-02163E01382E.root [469,472,471,470]
/store/data/Run2015D/HLTPhysics/RAW/v1/000/256/677/00000/E8058691-605D-E511-A423-02163E0146A2.root [461,462,463,464]
/store/data/Run2015D/HLTPhysics/RAW/v1/000/256/677/00000/E8B8C96A-405D-E511-9F2E-02163E01266E.root [199,201,198,200]
/store/data/Run2015D/HLTPhysics/RAW/v1/000/256/677/00000/F679BCDE-5A5D-E511-98D8-02163E0146F7.root [307,305,308,306]
/store/data/Run2015D/HLTPhysics/RAW/v1/000/256/677/00000/FC9A919B-605D-E511-8F90-02163E0119C7.root [473,475,474,476]
