/store/data/Run2022C/Tau/RAW/v1/000/356/381/00000/05b5ed87-6c5b-401f-9615-c2e5ef7a22b6.root [715,724,721,718,720,717,722,714,727,730,723,716,725,726,728,713,719,729]
/store/data/Run2022C/Tau/RAW/v1/000/356/381/00000/0875e4ad-2b82-41be-8bee-3978034a3584.root [323,329,321,327,332,322,324,326,325,328,330,320,331]
/store/data/Run2022C/Tau/RAW/v1/000/356/381/00000/09651cb0-492a-4e75-8a5e-d99eb0309739.root [967,968,969,970,971,980,962,965,966,979,972,974,976,961,975,963,964,973,977,978,981,982]
/store/data/Run2022C/Tau/RAW/v1/000/356/381/00000/0fcd4fac-b17f-4ee2-a812-a7ce11a27ea4.root [1165,1166,1171,1179,1180,1167,1168,1169,1170,1174,1157,1162,1176,1177,1161,1164,1172,1158,1160,1163,1175,1159,1173,1178]
/store/data/Run2022C/Tau/RAW/v1/000/356/381/00000/102edd9b-97cd-4de7-9cfd-52df22f6fe97.root [486,487,481,484,490,482,494,493,491,483,485,488,489,492]
/store/data/Run2022C/Tau/RAW/v1/000/356/381/00000/123b2411-ff48-426f-a2f7-5cca377d0ad2.root [827,830,837,824,828,831,838,825,826,832,834,836,833,839,840,823,829,835]
/store/data/Run2022C/Tau/RAW/v1/000/356/381/00000/1683556a-3b77-4d26-b3ec-712f915159ba.root [767,768,779,770,784,771,775,782,769,773,780,783,781,774,777,778,772,776]
/store/data/Run2022C/Tau/RAW/v1/000/356/381/00000/1d40c75d-76e6-4cdd-bfdf-8907c98bee72.root [13,15,18,12,14,17,10,11,16]
/store/data/Run2022C/Tau/RAW/v1/000/356/381/00000/21069949-c7ce-4cfa-83b0-361ebdd85c45.root [62,65,58,57,59,60,64,61,63]
/store/data/Run2022C/Tau/RAW/v1/000/356/381/00000/2751f7c5-9abe-44fa-a710-8cd72e719969.root [298,305,301,297,300,303,296,304,295,299,302,306]
/store/data/Run2022C/Tau/RAW/v1/000/356/381/00000/2757141b-64e5-402a-8263-3db0a47a3394.root [39,40,41,43,44,47,42,46,38,45]
/store/data/Run2022C/Tau/RAW/v1/000/356/381/00000/30dde758-c317-4040-a804-253dd457d594.root [248,251,255,250,257,249,256,253,254,258,247,252]
/store/data/Run2022C/Tau/RAW/v1/000/356/381/00000/37ec696f-6964-4918-8f5f-3d8e452daa9d.root [399,405,407,408,404,411,398,400,403,410,402,409,406,401]
/store/data/Run2022C/Tau/RAW/v1/000/356/381/00000/3a78e14a-9791-45b7-80ac-b009918cf4f0.root [51,49,50,52,53,48,54,55,56]
/store/data/Run2022C/Tau/RAW/v1/000/356/381/00000/3c10d4cc-771e-45f8-a9d1-01b4b7e99e3a.root [334,339,343,344,333,337,340,342,335,341,336,338]
/store/data/Run2022C/Tau/RAW/v1/000/356/381/00000/40f5325b-acf7-41bc-b95a-968cfe7e3483.root [1089,1091,1101,1098,1099,1107,1108,1102,1104,1106,1090,1092,1095,1096,1103,1105,1094,1097,1088,1093,1100]
/store/data/Run2022C/Tau/RAW/v1/000/356/381/00000/4192216c-2ce4-4938-a81a-f1fd129d6502.root [318,315,307,311,316,317,308,313,314,309,312,310,319]
/store/data/Run2022C/Tau/RAW/v1/000/356/381/00000/45efa474-2a10-43ba-91e7-7e4f41188d23.root [80,77,78,79,84,82,76,81,83,85]
/store/data/Run2022C/Tau/RAW/v1/000/356/381/00000/48b89188-08cb-43f2-b68b-300a5ed23c6e.root [421,419,415,416,420,423,425,414,417,412,413,424,418,422]
/store/data/Run2022C/Tau/RAW/v1/000/356/381/00000/511390f8-866f-484a-b871-61618099924b.root [280,272,273,274,271,279,277,278,282,275,276,281]
/store/data/Run2022C/Tau/RAW/v1/000/356/381/00000/5655ce75-96a9-42f0-b8a7-ce5a6af620d6.root [156,150,149,154,157,158,151,152,148,153,155]
/store/data/Run2022C/Tau/RAW/v1/000/356/381/00000/57e6952e-0b63-4647-a0bb-50a6777477e7.root [736,748,737,731,733,746,745,734,738,747,732,735,740,742,744,739,741,743]
/store/data/Run2022C/Tau/RAW/v1/000/356/381/00000/5a025918-91ef-4f98-bbf2-8253a074b40e.root [379,381,384,372,373,378,382,371,374,376,375,380,383,377]
/store/data/Run2022C/Tau/RAW/v1/000/356/381/00000/5c19ca64-f1e7-45bf-8a6e-193a311da4b5.root [570,574,579,569,583,584,572,575,578,571,573,581,577,582,576,580]
/store/data/Run2022C/Tau/RAW/v1/000/356/381/00000/5d0532e3-bb14-431d-b5dc-12433bea8217.root [1007,1015,1016,1005,1011,1017,1004,1009,1014,1023,1012,1018,1010,1019,1020,1021,1024,1006,1008,1013,1022]
/store/data/Run2022C/Tau/RAW/v1/000/356/381/00000/67d533c0-b949-44fa-b8b1-7962ccafd802.root [166,161,168,169,159,163,164,165,160,162,167]
/store/data/Run2022C/Tau/RAW/v1/000/356/381/00000/6c632c0a-095c-4330-9c92-2c44d811df11.root [540,541,542,549,551,544,552,553,539,545,543,547,548,546,550,554]
/store/data/Run2022C/Tau/RAW/v1/000/356/381/00000/7271eb2b-7e35-447b-b73f-2a6ae7e3ae8a.root [265,267,260,261,262,270,259,263,266,264,268,269]
/store/data/Run2022C/Tau/RAW/v1/000/356/381/00000/752fe3aa-2ae4-4d79-949d-05f163671e35.root [752,763,756,760,764,749,754,762,765,759,761,750,751,755,753,757,758,766]
/store/data/Run2022C/Tau/RAW/v1/000/356/381/00000/77ff6b6c-e7be-4107-bc91-6e0f900797e3.root [193,198,202,201,194,199,195,197,200,196,192]
/store/data/Run2022C/Tau/RAW/v1/000/356/381/00000/7d22e246-2e49-4c05-baa0-3e458fd14a7b.root [285,292,289,284,294,293,290,283,286,287,291,288]
/store/data/Run2022C/Tau/RAW/v1/000/356/381/00000/8986efb1-e7d8-4b34-ad86-66340b60eec6.root [454,457,462,465,466,459,463,460,456,458,461,453,455,464]
/store/data/Run2022C/Tau/RAW/v1/000/356/381/00000/8a2046ca-17df-4ae2-a8d7-d56580f63bb0.root [171,173,172,177,178,180,174,176,179,170,175]
/store/data/Run2022C/Tau/RAW/v1/000/356/381/00000/8ee4070c-8ac4-4e91-84a4-bfda9eeddce8.root [119,124,116,117,122,121,123,125,118,120]
/store/data/Run2022C/Tau/RAW/v1/000/356/381/00000/8fdcd688-4882-4b21-a6e4-ecfc40495070.root [942,943,945,959,948,949,958,952,946,947,951,955,950,954,960,944,957,956,941,953]
/store/data/Run2022C/Tau/RAW/v1/000/356/381/00000/91364d69-e7c0-4d4d-a678-344dbedb0a9d.root [785,798,799,786,790,797,793,800,787,788,789,802,791,792,794,801,795,796]
/store/data/Run2022C/Tau/RAW/v1/000/356/381/00000/9188144c-4fe9-4e2b-9cde-7f1c47b8f747.root [128,129,130,134,131,132,133,135,126,136,127]
/store/data/Run2022C/Tau/RAW/v1/000/356/381/00000/91e6d81b-ec34-47f6-a92d-f68564fcccf0.root [213,204,208,210,212,206,205,209,203,207,211]
/store/data/Run2022C/Tau/RAW/v1/000/356/381/00000/97d99514-2e52-472d-97b1-736cc259b500.root [991,985,989,999,984,987,997,994,1001,992,995,998,1000,1002,983,990,1003,988,993,986,996]
/store/data/Run2022C/Tau/RAW/v1/000/356/381/00000/993d4300-d42d-4fc6-a671-154672156f10.root [1115,1113,1118,1132,1110,1112,1117,1120,1125,1121,1124,1129,1130,1111,1127,1126,1109,1119,1122,1114,1116,1123,1128,1131]
/store/data/Run2022C/Tau/RAW/v1/000/356/381/00000/9e53ac63-1931-4b23-9d37-a6547fcc8efb.root [6,2,8,5,9,7,3,1,4]
/store/data/Run2022C/Tau/RAW/v1/000/356/381/00000/9f6b4508-2e36-4915-83a8-8a3deaf7ec96.root [651,660,650,655,656,658,661,649,662,663,664,659,654,652,653,657]
/store/data/Run2022C/Tau/RAW/v1/000/356/381/00000/a70043d5-4469-456b-94bc-80a08863ec93.root [29,30,34,35,31,37,32,36,33,28]
/store/data/Run2022C/Tau/RAW/v1/000/356/381/00000/a8abee8b-7877-4e1f-b834-78e13af13fd4.root [441,450,447,448,440,442,446,451,452,443,445,449,444]
/store/data/Run2022C/Tau/RAW/v1/000/356/381/00000/a991a8c1-7ab9-4386-99d8-a55657d5d8fb.root [681,683,684,690,691,689,692,695,686,694,682,685,693,687,688,696]
/store/data/Run2022C/Tau/RAW/v1/000/356/381/00000/aba7588c-e43e-48c5-885c-4d3cdae98b4d.root [471,468,480,467,470,473,474,475,476,469,478,472,477,479]
/store/data/Run2022C/Tau/RAW/v1/000/356/381/00000/adb71c25-3b78-46da-b1ec-ca019da3a4f9.root [215,220,214,223,217,224,218,219,221,216,222]
/store/data/Run2022C/Tau/RAW/v1/000/356/381/00000/ae9256c0-76c6-4142-b4eb-abbb0ca3bb65.root [891,896,882,894,890,895,897,881,888,892,893,900,883,885,889,886,887,898,899,884]
/store/data/Run2022C/Tau/RAW/v1/000/356/381/00000/afa2fc51-b661-4666-9666-8ef0a7f2bab8.root [368,369,358,359,360,362,361,365,367,364,366,363,370]
/store/data/Run2022C/Tau/RAW/v1/000/356/381/00000/b0d21e22-2e5d-425e-9b6e-222f6b41b111.root [72,73,75,67,71,74,69,70,68,66]
/store/data/Run2022C/Tau/RAW/v1/000/356/381/00000/b252d67e-8585-4645-9b91-ed7258e55d6c.root [137,146,142,144,139,140,141,138,147,143,145]
/store/data/Run2022C/Tau/RAW/v1/000/356/381/00000/b3e2bc8a-c571-4891-8427-f7e101bdd0b3.root [523,527,533,534,524,526,530,532,537,538,525,531,536,528,529,535]
/store/data/Run2022C/Tau/RAW/v1/000/356/381/00000/b72d7727-4c0e-41e5-ad56-a9361f5ede39.root [901,905,907,911,913,914,915,908,910,902,906,920,909,912,917,919,918,903,904,916]
/store/data/Run2022C/Tau/RAW/v1/000/356/381/00000/bc17405d-39dc-4ba6-8011-09511a86a6c8.root [1138,1142,1149,1133,1144,1154,1135,1139,1143,1151,1153,1137,1155,1156,1134,1141,1145,1146,1147,1150,1136,1140,1148,1152]
/store/data/Run2022C/Tau/RAW/v1/000/356/381/00000/bd17991a-bb32-4096-ad39-1c5b51730ecc.root [934,938,922,930,940,926,931,924,927,933,936,939,921,923,928,929,937,925,932,935]
/store/data/Run2022C/Tau/RAW/v1/000/356/381/00000/c018c85a-c274-4d3b-af4e-cbf7630a4a24.root [1181,1182,1185,1192,1183,1189,1188,1184,1190,1191,1193,1186,1187]
/store/data/Run2022C/Tau/RAW/v1/000/356/381/00000/c31ec60f-6fb0-48e3-956a-9a61a7858357.root [496,503,505,501,507,504,508,497,498,500,502,499,495,506]
/store/data/Run2022C/Tau/RAW/v1/000/356/381/00000/cba65889-696a-4392-81f8-56a1c457f62e.root [595,597,586,589,600,588,590,585,594,598,587,591,592,593,596,599]
/store/data/Run2022C/Tau/RAW/v1/000/356/381/00000/cdee2580-52fb-4b22-8155-bc13afd6fc54.root [88,89,93,94,95,86,92,87,90,91]
/store/data/Run2022C/Tau/RAW/v1/000/356/381/00000/d16c6f7a-e95c-4c6d-ac7f-99a9e7dbb251.root [706,708,709,697,699,710,707,702,703,705,711,698,704,712,700,701]
/store/data/Run2022C/Tau/RAW/v1/000/356/381/00000/d2442ce3-7d4b-424e-8087-d9c24887f4f9.root [815,811,805,808,822,807,812,814,818,819,803,804,806,809,810,820,821,813,816,817]
/store/data/Run2022C/Tau/RAW/v1/000/356/381/00000/d28815bd-df83-4f94-88a4-0c304eb11716.root [102,103,105,96,100,99,98,101,97,104]
/store/data/Run2022C/Tau/RAW/v1/000/356/381/00000/d66945f8-9c41-41bb-b7c3-75c4a7d24c0c.root [188,190,184,186,191,187,182,183,189,181,185]
/store/data/Run2022C/Tau/RAW/v1/000/356/381/00000/d6a45333-104a-4e66-ba20-cec8debc9450.root [873,874,865,877,864,866,868,869,871,875,870,872,863,867,878,879,880,861,862,876]
/store/data/Run2022C/Tau/RAW/v1/000/356/381/00000/d6f12f37-e471-4077-bc68-a9295070fcd2.root [438,426,437,429,434,427,430,432,431,433,428,435,436,439]
/store/data/Run2022C/Tau/RAW/v1/000/356/381/00000/d9353c45-ddf9-441b-94d3-bdd80729d8f8.root [1037,1025,1040,1045,1026,1027,1030,1031,1033,1041,1028,1034,1043,1044,1032,1029,1039,1035,1036,1038,1042]
/store/data/Run2022C/Tau/RAW/v1/000/356/381/00000/dc5ab177-3cfd-4a4b-aee2-540a51fb33d3.root [556,558,559,561,557,568,562,566,565,555,560,563,567,564]
/store/data/Run2022C/Tau/RAW/v1/000/356/381/00000/e2faac4a-b827-40b2-88b7-85a17aba1e67.root [665,666,674,675,680,673,679,669,676,672,677,668,670,671,678,667]
/store/data/Run2022C/Tau/RAW/v1/000/356/381/00000/e3434c85-6e15-4b9e-bcfd-16643bc0af90.root [108,106,115,111,114,112,113,110,107,109]
/store/data/Run2022C/Tau/RAW/v1/000/356/381/00000/e68c861c-9579-4161-89a0-0414e47a767c.root [387,394,390,397,388,385,386,395,389,391,392,393,396]
/store/data/Run2022C/Tau/RAW/v1/000/356/381/00000/e6f541f6-845f-429a-8ec2-371453f7be38.root [227,233,226,228,231,232,234,235,225,230,229]
/store/data/Run2022C/Tau/RAW/v1/000/356/381/00000/e7641d5b-a4e1-4948-8c2c-87056525d197.root [1085,1073,1080,1082,1083,1084,1068,1070,1071,1072,1077,1078,1079,1086,1075,1076,1087,1067,1074,1081,1069]
/store/data/Run2022C/Tau/RAW/v1/000/356/381/00000/e83d8f90-2ff6-43eb-afcd-a7e1ffebfebd.root [513,514,511,512,521,516,517,509,520,519,510,515,518,522]
/store/data/Run2022C/Tau/RAW/v1/000/356/381/00000/ec13c64e-da2a-45b1-ada1-4197a172e03d.root [637,644,633,641,638,639,642,643,636,648,634,640,646,647,635,645]
/store/data/Run2022C/Tau/RAW/v1/000/356/381/00000/edb1f53c-aa69-4f57-ac78-ccb320156f99.root [625,630,617,620,627,621,623,626,629,631,618,619,622,632,624,628]
/store/data/Run2022C/Tau/RAW/v1/000/356/381/00000/f284d08f-18cd-4d1a-bae3-df4b3190783a.root [1048,1061,1064,1065,1066,1046,1047,1054,1058,1049,1056,1057,1060,1050,1063,1051,1052,1055,1053,1059,1062]
/store/data/Run2022C/Tau/RAW/v1/000/356/381/00000/f2b4da07-6ca8-4877-8817-af4509172312.root [353,355,348,345,357,354,349,350,351,346,347,352,356]
/store/data/Run2022C/Tau/RAW/v1/000/356/381/00000/f2d5ec77-5485-48f8-a7fd-f8168f9beadd.root [610,616,604,609,611,612,603,606,608,613,615,601,605,614,602,607]
/store/data/Run2022C/Tau/RAW/v1/000/356/381/00000/f3335471-f1ad-4708-9d37-09539b2d73af.root [854,857,848,846,852,855,860,842,853,843,850,845,859,841,844,847,849,851,856,858]
/store/data/Run2022C/Tau/RAW/v1/000/356/381/00000/f401ef50-e622-4c38-84c7-51af141e0936.root [24,26,23,19,21,27,22,20,25]
/store/data/Run2022C/Tau/RAW/v1/000/356/381/00000/f4aee1f6-9358-46a4-b6de-bc43b2ed2c03.root [246,239,240,242,244,245,237,238,241,236,243]
