378971
378973
378974
378975
378976
378977
378978
378980
378981
378983
378985
378989
378990
378991
378993
378994
378995
378996
378997
378998
378999
379000
379001
379002
379003
379004
379005
379006
379007
379008
379009
379010
379011
379012
379015
379022
379025
379026
379027
379028
379029
379031
379033
379035
379036
379039
379040
379045
379047
379049
379054
379056
379057
379058
379062
379063
379064
379065
379067
379068
379070
379071
379072
379075
379078
379091
379096
379097
379105
379108
379110
379113
379117
379118
379128
379130
379142
379143
379144
379145
379146
379147
379148
379149
379150
379151
379152
379154
379155
379156
379157
379159
379160
379162
379163
379166
379168
379169
379170
379171
379174
379178
379179
379180
379181
379182
379183
379185
379190
379191
379192
379193
379194
379197
379198
379204
379208
379212
379215
379218
379222
379223
379229
379231
379234
379235
379236
379237
379238
379239
379240
379241
379242
379243
379244
379245
379247
379249
379251
379252
379253
379254
379255
379284
379290
379298
379302
379306
379307
379309
379310
379311
379312
379314
379315
379316
379317
379318
379319
379320
379325
379328
379329
379330
379333
379334
379335
379336
379337
379338
379341
379342
379343
379344
379345
379346
379348
379349
379350
379355
379356
379357
379367
379368
379370
379374
379376
379377
379382
379385
379390
379391
379392
379393
379395
379398
379399
379400
379401
379403
379406
379408
379409
379410
379411
