/store/data/Run2017E/DoubleMuon/RAW/v1/000/304/125/00000/0073B1E4-81A4-E711-8F92-02163E014588.root [475,478,476,477]
/store/data/Run2017E/DoubleMuon/RAW/v1/000/304/125/00000/009E8C57-8BA4-E711-824F-02163E01A42E.root [668,669,666,670,667]
/store/data/Run2017E/DoubleMuon/RAW/v1/000/304/125/00000/024494E3-81A4-E711-BEFB-02163E01A71E.root [552,555,553,554]
/store/data/Run2017E/DoubleMuon/RAW/v1/000/304/125/00000/0264819E-A5A4-E711-BDBF-02163E0141F0.root [1243,1244,1245,1246,1248,1241,1242,1247]
/store/data/Run2017E/DoubleMuon/RAW/v1/000/304/125/00000/02E8B685-A5A4-E711-BF10-02163E014191.root [1097,1096,1100,1095,1098,1099]
/store/data/Run2017E/DoubleMuon/RAW/v1/000/304/125/00000/0453F5E9-81A4-E711-81B9-02163E0143D3.root [550,547,548,551,549]
/store/data/Run2017E/DoubleMuon/RAW/v1/000/304/125/00000/0460CEE0-81A4-E711-9EB6-02163E01A6A2.root [491,493,494,492]
/store/data/Run2017E/DoubleMuon/RAW/v1/000/304/125/00000/04DEEC8E-A5A4-E711-A18B-02163E01A1EF.root [1076,1072,1071,1075,1074,1073]
/store/data/Run2017E/DoubleMuon/RAW/v1/000/304/125/00000/068592E0-BEA4-E711-9E52-02163E0119F3.root [1704,1705,1702,1707,1708,1709,1706,1703]
/store/data/Run2017E/DoubleMuon/RAW/v1/000/304/125/00000/06B52A41-73A4-E711-B123-02163E01A4D3.root [226,228,227]
/store/data/Run2017E/DoubleMuon/RAW/v1/000/304/125/00000/08680918-6DA4-E711-88DC-02163E013569.root [120,118,119]
/store/data/Run2017E/DoubleMuon/RAW/v1/000/304/125/00000/08C33968-B9A4-E711-A963-02163E01A6AF.root [1551,1556,1554,1555,1550,1553,1547,1549,1552,1548]
/store/data/Run2017E/DoubleMuon/RAW/v1/000/304/125/00000/0A2EDE1F-82A4-E711-9FE4-02163E013538.root [538,540,537,539,541]
/store/data/Run2017E/DoubleMuon/RAW/v1/000/304/125/00000/0A7E3DBC-81A4-E711-A6F0-02163E011D9E.root [384,383,386,385]
/store/data/Run2017E/DoubleMuon/RAW/v1/000/304/125/00000/0C43E664-B9A4-E711-981F-02163E013543.root [1451,1457,1454,1449,1456,1453,1458,1452,1455,1450]
/store/data/Run2017E/DoubleMuon/RAW/v1/000/304/125/00000/0E98C34C-84A4-E711-B0B4-02163E01A43C.root [608,610,609,607,606]
/store/data/Run2017E/DoubleMuon/RAW/v1/000/304/125/00000/0EB48A7F-B9A4-E711-A4A9-02163E014708.root [1445,1441,1444,1448,1442,1443,1446,1447]
/store/data/Run2017E/DoubleMuon/RAW/v1/000/304/125/00000/100DDDFD-BAA4-E711-A111-02163E011CC9.root [1634,1638,1632,1635,1631,1636,1639,1633,1640,1637]
/store/data/Run2017E/DoubleMuon/RAW/v1/000/304/125/00000/10221E19-6DA4-E711-B6F6-02163E011D56.root [111,110,109]
/store/data/Run2017E/DoubleMuon/RAW/v1/000/304/125/00000/106C1725-73A4-E711-B82E-02163E011E68.root [159,160,158]
/store/data/Run2017E/DoubleMuon/RAW/v1/000/304/125/00000/109E38B2-74A4-E711-A870-02163E019CDD.root [262,259,260,261]
/store/data/Run2017E/DoubleMuon/RAW/v1/000/304/125/00000/12387C88-B9A4-E711-BA30-02163E0123DF.root [1504,1501,1503,1505,1500,1502,1499,1506,1507]
/store/data/Run2017E/DoubleMuon/RAW/v1/000/304/125/00000/124AFDCC-A5A4-E711-BEEE-02163E0142C7.root [964,965,967,966,968,969]
/store/data/Run2017E/DoubleMuon/RAW/v1/000/304/125/00000/1289C39A-A5A4-E711-BB80-02163E011A04.root [1150,1145,1149,1151,1148,1146,1147,1152]
/store/data/Run2017E/DoubleMuon/RAW/v1/000/304/125/00000/12A79582-A5A4-E711-B7A8-02163E01440B.root [878,879,874,877,875,876]
/store/data/Run2017E/DoubleMuon/RAW/v1/000/304/125/00000/12B2876C-B9A4-E711-BD4C-02163E011B0A.root [1490,1498,1489,1491,1493,1495,1494,1492,1497,1496]
/store/data/Run2017E/DoubleMuon/RAW/v1/000/304/125/00000/12C5A252-B9A4-E711-9093-02163E019B22.root [1408,1402,1407,1403,1401,1406,1404,1405]
/store/data/Run2017E/DoubleMuon/RAW/v1/000/304/125/00000/140273E4-81A4-E711-93A5-02163E01A6AF.root [507,508,509,510]
/store/data/Run2017E/DoubleMuon/RAW/v1/000/304/125/00000/14D634DB-81A4-E711-88CE-02163E01474D.root [498,495,496,497]
/store/data/Run2017E/DoubleMuon/RAW/v1/000/304/125/00000/16695B92-A5A4-E711-A837-02163E0133DF.root [941,944,943,942,945,940]
/store/data/Run2017E/DoubleMuon/RAW/v1/000/304/125/00000/16DF1B14-7AA4-E711-9CDB-02163E011D40.root [357,358,355,356]
/store/data/Run2017E/DoubleMuon/RAW/v1/000/304/125/00000/180EAB0A-82A4-E711-AA45-02163E01469F.root [523,526,525,527,524]
/store/data/Run2017E/DoubleMuon/RAW/v1/000/304/125/00000/181AF606-7AA4-E711-BBCE-02163E013536.root [325,324,326,323]
/store/data/Run2017E/DoubleMuon/RAW/v1/000/304/125/00000/18AB4C10-75A4-E711-971E-02163E01A790.root [277,276,278]
/store/data/Run2017E/DoubleMuon/RAW/v1/000/304/125/00000/18BB15E4-81A4-E711-A02B-02163E014711.root [418,415,417,416]
/store/data/Run2017E/DoubleMuon/RAW/v1/000/304/125/00000/20078E3B-6DA4-E711-8735-02163E011A5B.root [94,96,95]
/store/data/Run2017E/DoubleMuon/RAW/v1/000/304/125/00000/208BD62C-73A4-E711-A82E-02163E019B7E.root [235,237,236]
/store/data/Run2017E/DoubleMuon/RAW/v1/000/304/125/00000/20C82997-A5A4-E711-AECB-02163E019DD0.root [1042,1043,1044,1046,1041,1045]
/store/data/Run2017E/DoubleMuon/RAW/v1/000/304/125/00000/2235F0E4-81A4-E711-925E-02163E01A5EE.root [433,434,431,432]
/store/data/Run2017E/DoubleMuon/RAW/v1/000/304/125/00000/22ABDB23-73A4-E711-BF0A-02163E01A2EC.root [173,175,174]
/store/data/Run2017E/DoubleMuon/RAW/v1/000/304/125/00000/241E8945-84A4-E711-804D-02163E0141FB.root [602,603,601,604,605]
/store/data/Run2017E/DoubleMuon/RAW/v1/000/304/125/00000/24D38C06-A6A4-E711-B4E2-02163E011FC7.root [1179,1184,1177,1178,1182,1183,1180,1181]
/store/data/Run2017E/DoubleMuon/RAW/v1/000/304/125/00000/24DA6636-6DA4-E711-8677-02163E014270.root [115,116,117]
/store/data/Run2017E/DoubleMuon/RAW/v1/000/304/125/00000/261B43E4-81A4-E711-8903-02163E011F10.root [435,436,438,437]
/store/data/Run2017E/DoubleMuon/RAW/v1/000/304/125/00000/26496EB6-74A4-E711-A320-02163E019D20.root [281,279,280]
/store/data/Run2017E/DoubleMuon/RAW/v1/000/304/125/00000/265CB75B-B9A4-E711-B98C-02163E0125F6.root [1349,1352,1350,1345,1346,1347,1348,1351]
/store/data/Run2017E/DoubleMuon/RAW/v1/000/304/125/00000/269F1A83-A5A4-E711-BED1-02163E014600.root [1020,1022,1017,1021,1018,1019]
/store/data/Run2017E/DoubleMuon/RAW/v1/000/304/125/00000/26ECF7E0-81A4-E711-856E-02163E01A31B.root [441,440,439,442]
/store/data/Run2017E/DoubleMuon/RAW/v1/000/304/125/00000/26F4D7D3-74A4-E711-8FF8-02163E01229F.root [291,293,292]
/store/data/Run2017E/DoubleMuon/RAW/v1/000/304/125/00000/28504582-A5A4-E711-AD4F-02163E01A5A8.root [1143,1139,1140,1142,1144,1141]
/store/data/Run2017E/DoubleMuon/RAW/v1/000/304/125/00000/28A4ABEE-74A4-E711-9D4A-02163E019C43.root [321,322,320,319]
/store/data/Run2017E/DoubleMuon/RAW/v1/000/304/125/00000/28ECD6B2-74A4-E711-9413-02163E01A232.root [288,290,289]
/store/data/Run2017E/DoubleMuon/RAW/v1/000/304/125/00000/28F3A152-BCA4-E711-AD78-02163E0134CA.root [1643,1642,1648,1644,1646,1641,1645,1647]
/store/data/Run2017E/DoubleMuon/RAW/v1/000/304/125/00000/2A01223A-8BA4-E711-ABE5-02163E011966.root [651,654,653,652,655]
/store/data/Run2017E/DoubleMuon/RAW/v1/000/304/125/00000/2A07F9F6-B9A4-E711-812E-02163E0120E1.root [1587,1588,1585,1592,1586,1589,1590,1591,1593]
/store/data/Run2017E/DoubleMuon/RAW/v1/000/304/125/00000/2ABE82E9-81A4-E711-87B2-02163E014498.root [448,450,447,449]
/store/data/Run2017E/DoubleMuon/RAW/v1/000/304/125/00000/2ACCFFDA-B9A4-E711-BC1F-02163E0141CF.root [1303,1304,1300,1301,1298,1299,1302,1297]
/store/data/Run2017E/DoubleMuon/RAW/v1/000/304/125/00000/2C1F1A22-6DA4-E711-94C3-02163E013473.root [136,137,138]
/store/data/Run2017E/DoubleMuon/RAW/v1/000/304/125/00000/2C72FF42-82A4-E711-8081-02163E014679.root [423,424,425,426]
/store/data/Run2017E/DoubleMuon/RAW/v1/000/304/125/00000/2C81B258-73A4-E711-9360-02163E0145EC.root [181,180,179]
/store/data/Run2017E/DoubleMuon/RAW/v1/000/304/125/00000/2C953621-6DA4-E711-9CBC-02163E01A2A7.root [91,92,93]
/store/data/Run2017E/DoubleMuon/RAW/v1/000/304/125/00000/2C9BA3D4-B9A4-E711-BCD5-02163E01451F.root [1389,1390,1387,1386,1388,1385,1391,1392]
/store/data/Run2017E/DoubleMuon/RAW/v1/000/304/125/00000/2CC00B7A-B9A4-E711-95F4-02163E0138EE.root [1527,1518,1520,1521,1522,1526,1525,1523,1524,1519]
/store/data/Run2017E/DoubleMuon/RAW/v1/000/304/125/00000/2CE229F1-6BA4-E711-A7AE-02163E013673.root [50,51,49]
/store/data/Run2017E/DoubleMuon/RAW/v1/000/304/125/00000/2E41C42A-73A4-E711-A163-02163E01A1E6.root [238,240,239]
/store/data/Run2017E/DoubleMuon/RAW/v1/000/304/125/00000/3000583A-A5A4-E711-B193-02163E019C53.root [706,707,710,709,708]
/store/data/Run2017E/DoubleMuon/RAW/v1/000/304/125/00000/3001F78F-A5A4-E711-A189-02163E01A6AA.root [1089,1093,1091,1092,1094,1090]
/store/data/Run2017E/DoubleMuon/RAW/v1/000/304/125/00000/3020FDC9-A5A4-E711-8DA7-02163E0144BF.root [1134,1135,1137,1138,1133,1136]
/store/data/Run2017E/DoubleMuon/RAW/v1/000/304/125/00000/3044844B-C4A4-E711-AD9B-02163E013914.root [1761,1754,1755,1757,1760,1756,1753,1758,1759]
/store/data/Run2017E/DoubleMuon/RAW/v1/000/304/125/00000/305227E7-81A4-E711-9A2E-02163E01A5C5.root [427,430,428,429]
/store/data/Run2017E/DoubleMuon/RAW/v1/000/304/125/00000/3060C41F-6CA4-E711-AF5F-02163E0146E7.root [58,59,60]
/store/data/Run2017E/DoubleMuon/RAW/v1/000/304/125/00000/306D49B8-A5A4-E711-A4E8-02163E011DB6.root [1035,1037,1036,1039,1038,1040]
/store/data/Run2017E/DoubleMuon/RAW/v1/000/304/125/00000/30FD1426-73A4-E711-971A-02163E0134F8.root [196,194,195]
/store/data/Run2017E/DoubleMuon/RAW/v1/000/304/125/00000/320D9DC5-6BA4-E711-8B93-02163E0145C8.root [65,64,66]
/store/data/Run2017E/DoubleMuon/RAW/v1/000/304/125/00000/324E9000-7AA4-E711-97C0-02163E019BF1.root [363,364,365,366]
/store/data/Run2017E/DoubleMuon/RAW/v1/000/304/125/00000/32E50AB8-74A4-E711-B5DC-02163E019CA7.root [255,258,256,257]
/store/data/Run2017E/DoubleMuon/RAW/v1/000/304/125/00000/340737BD-74A4-E711-A110-02163E014684.root [315,318,317,316]
/store/data/Run2017E/DoubleMuon/RAW/v1/000/304/125/00000/34238676-B9A4-E711-8C40-02163E011A19.root [1417,1418,1420,1421,1422,1423,1424,1419]
/store/data/Run2017E/DoubleMuon/RAW/v1/000/304/125/00000/3434FBE1-81A4-E711-86CA-02163E0137A8.root [473,472,471,474]
/store/data/Run2017E/DoubleMuon/RAW/v1/000/304/125/00000/34677B6D-84A4-E711-ABAA-02163E013810.root [599,596,597,598,600]
/store/data/Run2017E/DoubleMuon/RAW/v1/000/304/125/00000/34B1B62E-84A4-E711-8830-02163E0146BD.root [593,594,592,591,595]
/store/data/Run2017E/DoubleMuon/RAW/v1/000/304/125/00000/34CFF2B1-C4A4-E711-B561-02163E01A37B.root [1768,1769,1772,1762,1770,1773,1774,1766,1771,1776,1778,1764,1777,1775,1765,1767,1779,1763]
/store/data/Run2017E/DoubleMuon/RAW/v1/000/304/125/00000/36AF07B7-A5A4-E711-8536-02163E019BAC.root [1165,1167,1164,1162,1166,1161,1168,1163]
/store/data/Run2017E/DoubleMuon/RAW/v1/000/304/125/00000/36C688CA-81A4-E711-9801-02163E01229E.root [380,381,382,379]
/store/data/Run2017E/DoubleMuon/RAW/v1/000/304/125/00000/3A731924-73A4-E711-9549-02163E013595.root [153,154,152]
/store/data/Run2017E/DoubleMuon/RAW/v1/000/304/125/00000/3AD14940-73A4-E711-B087-02163E01A39C.root [187,186,185]
/store/data/Run2017E/DoubleMuon/RAW/v1/000/304/125/00000/3AD58351-BAA4-E711-B85D-02163E012615.root [1607,1608,1606,1609,1610,1605,1611,1612]
/store/data/Run2017E/DoubleMuon/RAW/v1/000/304/125/00000/3ADE9DC0-B9A4-E711-B4E0-02163E01A2B4.root [1567,1569,1573,1576,1571,1572,1568,1574,1575,1570]
/store/data/Run2017E/DoubleMuon/RAW/v1/000/304/125/00000/3C038A9E-A5A4-E711-B749-02163E019C39.root [954,955,953,956,952,957]
/store/data/Run2017E/DoubleMuon/RAW/v1/000/304/125/00000/3CDEAB34-6DA4-E711-A78F-02163E01A28F.root [76,78,77]
/store/data/Run2017E/DoubleMuon/RAW/v1/000/304/125/00000/3E34317E-A5A4-E711-860B-02163E011B45.root [1003,998,999,1002,1000,1001,1004]
/store/data/Run2017E/DoubleMuon/RAW/v1/000/304/125/00000/3E530D18-7AA4-E711-9966-02163E0118EF.root [372,374,373,371]
/store/data/Run2017E/DoubleMuon/RAW/v1/000/304/125/00000/3EBD425C-A5A4-E711-8AC2-02163E0139A8.root [778,780,777,779,776]
/store/data/Run2017E/DoubleMuon/RAW/v1/000/304/125/00000/4027D053-A5A4-E711-80E2-02163E011BBB.root [772,771,773,774,775]
/store/data/Run2017E/DoubleMuon/RAW/v1/000/304/125/00000/406ACD87-8BA4-E711-89C3-02163E01A53E.root [657,659,656,658,660]
/store/data/Run2017E/DoubleMuon/RAW/v1/000/304/125/00000/4080398C-A5A4-E711-9500-02163E011A76.root [846,848,844,845,847,849]
/store/data/Run2017E/DoubleMuon/RAW/v1/000/304/125/00000/40E11610-75A4-E711-BC53-02163E0145CE.root [299,300,298,297]
/store/data/Run2017E/DoubleMuon/RAW/v1/000/304/125/00000/40EAC18F-A5A4-E711-8546-02163E019BE2.root [973,971,970,972,974,975,976]
/store/data/Run2017E/DoubleMuon/RAW/v1/000/304/125/00000/4200596D-73A4-E711-95B0-02163E014470.root [225,223,224]
/store/data/Run2017E/DoubleMuon/RAW/v1/000/304/125/00000/440145BE-74A4-E711-A7E3-02163E019D6F.root [287,285,286]
/store/data/Run2017E/DoubleMuon/RAW/v1/000/304/125/00000/44152E39-75A4-E711-8BC9-02163E013820.root [263,264,265]
/store/data/Run2017E/DoubleMuon/RAW/v1/000/304/125/00000/448DB2C8-6BA4-E711-853F-02163E01387D.root [37,39,38]
/store/data/Run2017E/DoubleMuon/RAW/v1/000/304/125/00000/44A1339F-A5A4-E711-8543-02163E013701.root [985,988,990,989,984,987,986]
/store/data/Run2017E/DoubleMuon/RAW/v1/000/304/125/00000/44D5EC79-BAA4-E711-BDBE-02163E01A3A7.root [1624,1627,1622,1623,1621,1630,1628,1625,1626,1629]
/store/data/Run2017E/DoubleMuon/RAW/v1/000/304/125/00000/46DB3CF1-81A4-E711-953D-02163E011C37.root [399,401,402,400]
/store/data/Run2017E/DoubleMuon/RAW/v1/000/304/125/00000/46F6414F-6DA4-E711-8264-02163E014629.root [90,88,89]
/store/data/Run2017E/DoubleMuon/RAW/v1/000/304/125/00000/488749E1-81A4-E711-94FF-02163E014186.root [576,577,579,578,580]
/store/data/Run2017E/DoubleMuon/RAW/v1/000/304/125/00000/4A4682A5-BEA4-E711-88C9-02163E014771.root [1696,1699,1697,1693,1695,1698,1694,1700,1701]
/store/data/Run2017E/DoubleMuon/RAW/v1/000/304/125/00000/4A84CE25-73A4-E711-A015-02163E0137FF.root [201,202,200]
/store/data/Run2017E/DoubleMuon/RAW/v1/000/304/125/00000/4C250AE2-B9A4-E711-81EE-02163E013775.root [1393,1397,1398,1394,1396,1399,1395,1400]
/store/data/Run2017E/DoubleMuon/RAW/v1/000/304/125/00000/4C5FD551-6DA4-E711-B443-02163E0144AE.root [124,125,126]
/store/data/Run2017E/DoubleMuon/RAW/v1/000/304/125/00000/4C6FF12C-7AA4-E711-9703-02163E01A5BC.root [376,377,375,378]
/store/data/Run2017E/DoubleMuon/RAW/v1/000/304/125/00000/4C7B8DBC-74A4-E711-BD0B-02163E01469F.root [251,249,250,248]
/store/data/Run2017E/DoubleMuon/RAW/v1/000/304/125/00000/4C91DA3D-6DA4-E711-AB8C-02163E019DF4.root [131,130,132]
/store/data/Run2017E/DoubleMuon/RAW/v1/000/304/125/00000/4CB7532F-73A4-E711-AE1B-02163E0133EB.root [197,198,199]
/store/data/Run2017E/DoubleMuon/RAW/v1/000/304/125/00000/4CBEE0B8-A5A4-E711-A135-02163E01A3B3.root [1028,1023,1024,1025,1026,1027]
/store/data/Run2017E/DoubleMuon/RAW/v1/000/304/125/00000/4CEA81A7-85A4-E711-B229-02163E019CCA.root [648,649,650,647,646]
/store/data/Run2017E/DoubleMuon/RAW/v1/000/304/125/00000/4E8B6AD7-74A4-E711-98F2-02163E014539.root [306,307,305]
/store/data/Run2017E/DoubleMuon/RAW/v1/000/304/125/00000/4E993929-73A4-E711-86CF-02163E019E4C.root [164,165,166]
/store/data/Run2017E/DoubleMuon/RAW/v1/000/304/125/00000/4EEF8220-82A4-E711-82DB-02163E011E9E.root [542,543,544,545,546]
/store/data/Run2017E/DoubleMuon/RAW/v1/000/304/125/00000/502C869C-A5A4-E711-AA86-02163E01A6AB.root [960,962,961,958,963,959]
/store/data/Run2017E/DoubleMuon/RAW/v1/000/304/125/00000/5066BEE3-73A4-E711-8D63-02163E012839.root [222,220,221,219]
/store/data/Run2017E/DoubleMuon/RAW/v1/000/304/125/00000/50751F16-6DA4-E711-99D2-02163E0142AE.root [82,83,84]
/store/data/Run2017E/DoubleMuon/RAW/v1/000/304/125/00000/5201152D-73A4-E711-8E29-02163E01A56D.root [148,146,147]
/store/data/Run2017E/DoubleMuon/RAW/v1/000/304/125/00000/523A18AF-A5A4-E711-828B-02163E0145B7.root [1116,1117,1118,1119,1115,1120]
/store/data/Run2017E/DoubleMuon/RAW/v1/000/304/125/00000/52B9C52D-73A4-E711-961C-02163E01435E.root [157,155,156]
/store/data/Run2017E/DoubleMuon/RAW/v1/000/304/125/00000/52DC818A-A5A4-E711-8D5D-02163E0119C1.root [728,726,729,730,727]
/store/data/Run2017E/DoubleMuon/RAW/v1/000/304/125/00000/544ECDDA-81A4-E711-B331-02163E0144AD.root [522,521,519,520]
/store/data/Run2017E/DoubleMuon/RAW/v1/000/304/125/00000/548761F3-B9A4-E711-82B0-02163E01338E.root [1582,1583,1578,1579,1577,1581,1580,1584]
/store/data/Run2017E/DoubleMuon/RAW/v1/000/304/125/00000/54F4DC60-A5A4-E711-8CEA-02163E019CD0.root [837,834,832,835,833,836]
/store/data/Run2017E/DoubleMuon/RAW/v1/000/304/125/00000/5636FA2C-73A4-E711-85A4-02163E01385C.root [204,203,205]
/store/data/Run2017E/DoubleMuon/RAW/v1/000/304/125/00000/56E41770-A5A4-E711-A6B7-02163E011870.root [900,901,903,898,902,899]
/store/data/Run2017E/DoubleMuon/RAW/v1/000/304/125/00000/56E41FA6-6CA4-E711-8637-02163E0133A5.root [20,21,19]
/store/data/Run2017E/DoubleMuon/RAW/v1/000/304/125/00000/5818AA57-82A4-E711-B38B-02163E011A43.root [535,536,532,533,534]
/store/data/Run2017E/DoubleMuon/RAW/v1/000/304/125/00000/5849BBE7-A5A4-E711-968D-02163E0146CD.root [925,922,923,927,926,924]
/store/data/Run2017E/DoubleMuon/RAW/v1/000/304/125/00000/584CA186-A5A4-E711-8BD8-02163E01A47E.root [808,813,812,809,810,811]
/store/data/Run2017E/DoubleMuon/RAW/v1/000/304/125/00000/58517891-A5A4-E711-97F9-02163E014267.root [743,745,742,744,741]
/store/data/Run2017E/DoubleMuon/RAW/v1/000/304/125/00000/58A714E5-B9A4-E711-AEEF-02163E014135.root [1283,1284,1287,1286,1281,1285,1282,1288]
/store/data/Run2017E/DoubleMuon/RAW/v1/000/304/125/00000/58C31A28-BEA4-E711-86F8-02163E01A5E9.root [1663,1661,1665,1659,1666,1660,1662,1664]
/store/data/Run2017E/DoubleMuon/RAW/v1/000/304/125/00000/5AD9372A-73A4-E711-9192-02163E019DC0.root [190,189,188]
/store/data/Run2017E/DoubleMuon/RAW/v1/000/304/125/00000/5C0AFDDC-81A4-E711-B58E-02163E019E0B.root [414,411,413,412]
/store/data/Run2017E/DoubleMuon/RAW/v1/000/304/125/00000/5C1AC38D-B9A4-E711-957B-02163E012242.root [1538,1540,1546,1542,1544,1545,1539,1541,1543]
/store/data/Run2017E/DoubleMuon/RAW/v1/000/304/125/00000/5C527A59-8BA4-E711-BCC8-02163E01A60C.root [665,662,663,661,664]
/store/data/Run2017E/DoubleMuon/RAW/v1/000/304/125/00000/5C667B02-82A4-E711-AA3C-02163E013509.root [557,558,556,559,560]
/store/data/Run2017E/DoubleMuon/RAW/v1/000/304/125/00000/5C8CE8D0-6BA4-E711-9B04-02163E0145CC.root [15,14,13]
/store/data/Run2017E/DoubleMuon/RAW/v1/000/304/125/00000/5CC60924-6DA4-E711-A468-02163E014617.root [104,105,103]
/store/data/Run2017E/DoubleMuon/RAW/v1/000/304/125/00000/5E01E24D-BAA4-E711-81B1-02163E0119C3.root [1598,1594,1596,1597,1595,1604,1602,1599,1600,1601,1603]
/store/data/Run2017E/DoubleMuon/RAW/v1/000/304/125/00000/5E0D6DA7-6AA4-E711-85E7-02163E01A300.root [3,2,1]
/store/data/Run2017E/DoubleMuon/RAW/v1/000/304/125/00000/5E5CE62B-73A4-E711-B540-02163E01A44D.root [216,217,218]
/store/data/Run2017E/DoubleMuon/RAW/v1/000/304/125/00000/5E7FC50B-A5A4-E711-B3AB-02163E019D9C.root [690,686,688,687,689]
/store/data/Run2017E/DoubleMuon/RAW/v1/000/304/125/00000/5EF90C8B-A5A4-E711-A93B-02163E012250.root [929,930,928,932,931,933]
/store/data/Run2017E/DoubleMuon/RAW/v1/000/304/125/00000/60041084-BAA4-E711-9A2D-02163E014747.root [1613,1616,1615,1619,1614,1617,1618,1620]
/store/data/Run2017E/DoubleMuon/RAW/v1/000/304/125/00000/628285A6-6BA4-E711-B628-02163E01A795.root [42,40,41]
/store/data/Run2017E/DoubleMuon/RAW/v1/000/304/125/00000/62F05171-84A4-E711-A71C-02163E0125D7.root [616,619,618,620,617]
/store/data/Run2017E/DoubleMuon/RAW/v1/000/304/125/00000/64338512-7AA4-E711-8B6E-02163E011D56.root [332,331,334,333]
/store/data/Run2017E/DoubleMuon/RAW/v1/000/304/125/00000/645820B6-6BA4-E711-A75A-02163E01A5C0.root [55,56,57]
/store/data/Run2017E/DoubleMuon/RAW/v1/000/304/125/00000/661E002F-73A4-E711-AA54-02163E014365.root [169,167,168]
/store/data/Run2017E/DoubleMuon/RAW/v1/000/304/125/00000/66409608-82A4-E711-ADFC-02163E019E86.root [516,518,515,517]
/store/data/Run2017E/DoubleMuon/RAW/v1/000/304/125/00000/66A0569C-A5A4-E711-B9DE-02163E012145.root [1065,1066,1067,1069,1068,1070]
/store/data/Run2017E/DoubleMuon/RAW/v1/000/304/125/00000/6AE2949A-B9A4-E711-A658-02163E013927.root [1481,1487,1488,1480,1486,1479,1483,1482,1484,1485]
/store/data/Run2017E/DoubleMuon/RAW/v1/000/304/125/00000/6CFE5E8A-B9A4-E711-B3B0-02163E0135C6.root [1377,1384,1381,1383,1379,1382,1378,1380]
/store/data/Run2017E/DoubleMuon/RAW/v1/000/304/125/00000/6EAA3DF9-81A4-E711-AC8C-02163E013802.root [482,479,480,481]
/store/data/Run2017E/DoubleMuon/RAW/v1/000/304/125/00000/6EE2FAA1-6BA4-E711-89EB-02163E01A28B.root [16,17,18]
/store/data/Run2017E/DoubleMuon/RAW/v1/000/304/125/00000/6EE30967-B9A4-E711-B0AB-02163E011A46.root [1435,1434,1438,1440,1436,1437,1433,1439]
/store/data/Run2017E/DoubleMuon/RAW/v1/000/304/125/00000/7098AE47-A5A4-E711-8C92-02163E014358.root [739,737,738,736,740]
/store/data/Run2017E/DoubleMuon/RAW/v1/000/304/125/00000/745A4667-B9A4-E711-ACA6-02163E01418A.root [1478,1469,1470,1473,1476,1477,1475,1472,1474,1471]
/store/data/Run2017E/DoubleMuon/RAW/v1/000/304/125/00000/74CDB7E7-81A4-E711-96C4-02163E014618.root [569,570,567,566,568]
/store/data/Run2017E/DoubleMuon/RAW/v1/000/304/125/00000/7661749E-A5A4-E711-8A1E-02163E01A2CF.root [1172,1174,1170,1173,1176,1175,1169,1171]
/store/data/Run2017E/DoubleMuon/RAW/v1/000/304/125/00000/7669E8B6-6BA4-E711-AEA7-02163E014258.root [44,45,43]
/store/data/Run2017E/DoubleMuon/RAW/v1/000/304/125/00000/76F09B8B-84A4-E711-8FBA-02163E0125F9.root [614,612,613,611,615]
/store/data/Run2017E/DoubleMuon/RAW/v1/000/304/125/00000/7810EB44-A5A4-E711-A4E8-02163E013816.root [714,711,712,713,715]
/store/data/Run2017E/DoubleMuon/RAW/v1/000/304/125/00000/7812CA1E-6DA4-E711-ACB4-02163E0136CA.root [86,87,85]
/store/data/Run2017E/DoubleMuon/RAW/v1/000/304/125/00000/781E27A0-A5A4-E711-AE03-02163E0133E1.root [1187,1185,1189,1190,1192,1191,1186,1188]
/store/data/Run2017E/DoubleMuon/RAW/v1/000/304/125/00000/78FE0BB5-85A4-E711-BB5A-02163E01A489.root [639,638,640,636,637]
/store/data/Run2017E/DoubleMuon/RAW/v1/000/304/125/00000/7AE70F13-7AA4-E711-B5BD-02163E0146A4.root [341,339,342,340]
/store/data/Run2017E/DoubleMuon/RAW/v1/000/304/125/00000/7C15AA97-85A4-E711-B185-02163E011E9E.root [631,633,632,634,635]
/store/data/Run2017E/DoubleMuon/RAW/v1/000/304/125/00000/7C69366A-A5A4-E711-A75D-02163E014515.root [719,717,716,720,718]
/store/data/Run2017E/DoubleMuon/RAW/v1/000/304/125/00000/7E010C69-A5A4-E711-A120-02163E01397D.root [749,747,750,748,746]
/store/data/Run2017E/DoubleMuon/RAW/v1/000/304/125/00000/7ECB8E0A-6CA4-E711-813E-02163E0137C8.root [70,72,71]
/store/data/Run2017E/DoubleMuon/RAW/v1/000/304/125/00000/7EFF1C3C-A5A4-E711-A091-02163E0136F8.root [724,721,722,723,725]
/store/data/Run2017E/DoubleMuon/RAW/v1/000/304/125/00000/801423AF-74A4-E711-A792-02163E01229E.root [246,245,247]
/store/data/Run2017E/DoubleMuon/RAW/v1/000/304/125/00000/80BB0F86-A5A4-E711-BB8F-02163E01A1D6.root [1032,1033,1031,1034,1030,1029]
/store/data/Run2017E/DoubleMuon/RAW/v1/000/304/125/00000/8206035F-B9A4-E711-82F4-02163E0128C3.root [1265,1267,1270,1268,1266,1269,1271,1272]
/store/data/Run2017E/DoubleMuon/RAW/v1/000/304/125/00000/826D7D73-B9A4-E711-A403-02163E011E61.root [1357,1360,1353,1359,1356,1354,1355,1358]
/store/data/Run2017E/DoubleMuon/RAW/v1/000/304/125/00000/82D20892-A5A4-E711-9296-02163E01194D.root [1159,1158,1156,1157,1153,1155,1160,1154]
/store/data/Run2017E/DoubleMuon/RAW/v1/000/304/125/00000/82D3937E-A5A4-E711-B9E5-02163E0141A8.root [805,806,804,803,807]
/store/data/Run2017E/DoubleMuon/RAW/v1/000/304/125/00000/82FFA2E4-81A4-E711-8839-02163E01290A.root [403,405,406,404]
/store/data/Run2017E/DoubleMuon/RAW/v1/000/304/125/00000/84A80F0E-82A4-E711-BE45-02163E014157.root [395,398,396,397]
/store/data/Run2017E/DoubleMuon/RAW/v1/000/304/125/00000/886DC29B-A5A4-E711-9F99-02163E012690.root [1081,1079,1077,1080,1082,1078]
/store/data/Run2017E/DoubleMuon/RAW/v1/000/304/125/00000/887B748B-A5A4-E711-9B79-02163E0142DE.root [761,762,764,765,763]
/store/data/Run2017E/DoubleMuon/RAW/v1/000/304/125/00000/8AA37719-6DA4-E711-AE56-02163E014644.root [129,127,128]
/store/data/Run2017E/DoubleMuon/RAW/v1/000/304/125/00000/8C2756F5-81A4-E711-B9CA-02163E012242.root [529,530,531,528]
/store/data/Run2017E/DoubleMuon/RAW/v1/000/304/125/00000/8C8ABE83-A5A4-E711-BF93-02163E0134D1.root [828,829,831,827,826,830]
/store/data/Run2017E/DoubleMuon/RAW/v1/000/304/125/00000/8CE65DC8-74A4-E711-9B44-02163E014236.root [303,301,304,302]
/store/data/Run2017E/DoubleMuon/RAW/v1/000/304/125/00000/8EC8CC1F-7AA4-E711-BE05-02163E0136D9.root [327,330,328,329]
/store/data/Run2017E/DoubleMuon/RAW/v1/000/304/125/00000/8EF0B2D0-74A4-E711-9A89-02163E019DAD.root [269,266,267,268]
/store/data/Run2017E/DoubleMuon/RAW/v1/000/304/125/00000/8EFBFB3C-73A4-E711-AC81-02163E01A2B7.root [162,163,161]
/store/data/Run2017E/DoubleMuon/RAW/v1/000/304/125/00000/9055C69D-BEA4-E711-A2E0-02163E019C33.root [1691,1684,1688,1692,1685,1686,1689,1687,1690]
/store/data/Run2017E/DoubleMuon/RAW/v1/000/304/125/00000/907900F5-81A4-E711-9638-02163E013421.root [488,489,487,490]
/store/data/Run2017E/DoubleMuon/RAW/v1/000/304/125/00000/94804D42-73A4-E711-BAD9-02163E01A790.root [144,145,143]
/store/data/Run2017E/DoubleMuon/RAW/v1/000/304/125/00000/9865CDFA-74A4-E711-8978-02163E01433E.root [270,271,272]
/store/data/Run2017E/DoubleMuon/RAW/v1/000/304/125/00000/988EFB90-A5A4-E711-8EF0-02163E01A33D.root [994,996,997,992,993,991,995]
/store/data/Run2017E/DoubleMuon/RAW/v1/000/304/125/00000/98E77627-6DA4-E711-8BEE-02163E01A34A.root [114,112,113]
/store/data/Run2017E/DoubleMuon/RAW/v1/000/304/125/00000/9A4B2647-BFA4-E711-9D41-02163E013800.root [1710,1716,1712,1711,1717,1718,1719,1713,1715,1714]
/store/data/Run2017E/DoubleMuon/RAW/v1/000/304/125/00000/9A624D21-7AA4-E711-95CA-02163E019DA2.root [367,370,368,369]
/store/data/Run2017E/DoubleMuon/RAW/v1/000/304/125/00000/9AA5F371-6DA4-E711-8FCD-02163E01462C.root [108,106,107]
/store/data/Run2017E/DoubleMuon/RAW/v1/000/304/125/00000/9AD49C6B-A5A4-E711-959C-02163E011BEA.root [868,871,873,869,870,872]
/store/data/Run2017E/DoubleMuon/RAW/v1/000/304/125/00000/9E6FE845-8BA4-E711-AD17-02163E0138DD.root [674,672,675,673,671]
/store/data/Run2017E/DoubleMuon/RAW/v1/000/304/125/00000/9E86DF4B-6DA4-E711-8938-02163E0123C3.root [100,102,101]
/store/data/Run2017E/DoubleMuon/RAW/v1/000/304/125/00000/9E8DEE32-84A4-E711-8DB7-02163E011B73.root [589,586,587,590,588]
/store/data/Run2017E/DoubleMuon/RAW/v1/000/304/125/00000/A05C1489-A5A4-E711-8287-02163E014530.root [1230,1232,1227,1225,1229,1231,1226,1228]
/store/data/Run2017E/DoubleMuon/RAW/v1/000/304/125/00000/A0A41676-B9A4-E711-90F3-02163E01A3E5.root [1329,1330,1335,1332,1336,1331,1333,1334]
/store/data/Run2017E/DoubleMuon/RAW/v1/000/304/125/00000/A0B55639-A5A4-E711-9028-02163E01A3AA.root [705,701,702,703,704]
/store/data/Run2017E/DoubleMuon/RAW/v1/000/304/125/00000/A0CE2B23-82A4-E711-9415-02163E014636.root [466,463,464,465]
/store/data/Run2017E/DoubleMuon/RAW/v1/000/304/125/00000/A0E6AEB8-74A4-E711-A212-02163E011D2C.root [311,312,314,313]
/store/data/Run2017E/DoubleMuon/RAW/v1/000/304/125/00000/A0F6D2FE-81A4-E711-B772-02163E01394E.root [573,574,571,575,572]
/store/data/Run2017E/DoubleMuon/RAW/v1/000/304/125/00000/A20CBF77-A5A4-E711-B867-02163E013720.root [751,752,754,753,755]
/store/data/Run2017E/DoubleMuon/RAW/v1/000/304/125/00000/A2547385-B9A4-E711-BE1C-02163E014201.root [1531,1528,1530,1533,1534,1529,1532,1537,1535,1536]
/store/data/Run2017E/DoubleMuon/RAW/v1/000/304/125/00000/A2F0E125-73A4-E711-BEAB-02163E012B20.root [210,212,211,209]
/store/data/Run2017E/DoubleMuon/RAW/v1/000/304/125/00000/A2F8425D-B9A4-E711-9FF6-02163E01A439.root [1326,1323,1325,1324,1327,1328,1321,1322]
/store/data/Run2017E/DoubleMuon/RAW/v1/000/304/125/00000/A6671C7A-A5A4-E711-9EEF-02163E019B24.root [979,983,978,981,980,977,982]
/store/data/Run2017E/DoubleMuon/RAW/v1/000/304/125/00000/A80C81FB-81A4-E711-8EB2-02163E011C53.root [585,583,582,584,581]
/store/data/Run2017E/DoubleMuon/RAW/v1/000/304/125/00000/A83FC191-B9A4-E711-A83F-02163E01A7A2.root [1310,1309,1305,1306,1308,1311,1307,1312]
/store/data/Run2017E/DoubleMuon/RAW/v1/000/304/125/00000/A861DCDC-81A4-E711-8A45-02163E01A45C.root [468,469,467,470]
/store/data/Run2017E/DoubleMuon/RAW/v1/000/304/125/00000/AA3FB24E-B9A4-E711-B2D6-02163E011EBB.root [1255,1254,1256,1249,1250,1252,1253,1251]
/store/data/Run2017E/DoubleMuon/RAW/v1/000/304/125/00000/AA46D66E-A5A4-E711-AE29-02163E0138D4.root [866,862,867,865,863,864]
/store/data/Run2017E/DoubleMuon/RAW/v1/000/304/125/00000/AC7CF05D-A5A4-E711-901D-02163E01A250.root [731,733,735,734,732]
/store/data/Run2017E/DoubleMuon/RAW/v1/000/304/125/00000/AE1B75D6-6BA4-E711-B41B-02163E01A761.root [24,22,23]
/store/data/Run2017E/DoubleMuon/RAW/v1/000/304/125/00000/AE625156-82A4-E711-BEF8-02163E014758.root [391,393,394,392]
/store/data/Run2017E/DoubleMuon/RAW/v1/000/304/125/00000/AEC684FE-79A4-E711-9F40-02163E013565.root [360,362,359,361]
/store/data/Run2017E/DoubleMuon/RAW/v1/000/304/125/00000/AEF71B7E-A5A4-E711-91EE-02163E01A1C6.root [819,814,816,815,817,818]
/store/data/Run2017E/DoubleMuon/RAW/v1/000/304/125/00000/AEFCFC6A-A5A4-E711-8D22-02163E0133EF.root [860,856,857,861,858,859]
/store/data/Run2017E/DoubleMuon/RAW/v1/000/304/125/00000/B04340CD-6BA4-E711-8F39-02163E013517.root [63,62,61]
/store/data/Run2017E/DoubleMuon/RAW/v1/000/304/125/00000/B06395C6-6BA4-E711-842E-02163E01442C.root [73,75,74]
/store/data/Run2017E/DoubleMuon/RAW/v1/000/304/125/00000/B0AA28C0-74A4-E711-952B-02163E011E3B.root [274,273,275]
/store/data/Run2017E/DoubleMuon/RAW/v1/000/304/125/00000/B22300DE-81A4-E711-822E-02163E0137D2.root [451,453,454,452]
/store/data/Run2017E/DoubleMuon/RAW/v1/000/304/125/00000/B2C3E4EF-81A4-E711-890B-02163E019DC9.root [443,444,446,445]
/store/data/Run2017E/DoubleMuon/RAW/v1/000/304/125/00000/B438EDD3-73A4-E711-9E04-02163E019DD7.root [183,182,184]
/store/data/Run2017E/DoubleMuon/RAW/v1/000/304/125/00000/B4C45E9A-A5A4-E711-91F7-02163E011F05.root [1235,1240,1237,1233,1236,1238,1234,1239]
/store/data/Run2017E/DoubleMuon/RAW/v1/000/304/125/00000/B611FA77-C4A4-E711-A993-02163E01A4CC.root [1751,1746,1747,1749,1750,1744,1745,1748,1752]
/store/data/Run2017E/DoubleMuon/RAW/v1/000/304/125/00000/B6F447A2-A5A4-E711-B628-02163E0143D3.root [882,884,881,883,880,885]
/store/data/Run2017E/DoubleMuon/RAW/v1/000/304/125/00000/B8B8D689-A5A4-E711-95A9-02163E01A300.root [904,906,909,907,908,905]
/store/data/Run2017E/DoubleMuon/RAW/v1/000/304/125/00000/BA45185F-B9A4-E711-8437-02163E0128AA.root [1426,1431,1428,1429,1430,1425,1432,1427]
/store/data/Run2017E/DoubleMuon/RAW/v1/000/304/125/00000/BC0541AE-6BA4-E711-84B8-02163E0144D0.root [46,47,48]
/store/data/Run2017E/DoubleMuon/RAW/v1/000/304/125/00000/BCDA3B22-73A4-E711-85F9-02163E01416E.root [149,151,150]
/store/data/Run2017E/DoubleMuon/RAW/v1/000/304/125/00000/BE048337-6DA4-E711-8041-02163E01A34E.root [140,141,139,142]
/store/data/Run2017E/DoubleMuon/RAW/v1/000/304/125/00000/BE30D06C-A5A4-E711-8038-02163E011D9E.root [893,894,892,896,897,895]
/store/data/Run2017E/DoubleMuon/RAW/v1/000/304/125/00000/BE55A92D-BEA4-E711-887F-02163E019CF1.root [1673,1672,1674,1667,1675,1670,1669,1671,1668]
/store/data/Run2017E/DoubleMuon/RAW/v1/000/304/125/00000/BEB1F4BF-6BA4-E711-B36C-02163E013393.root [53,54,52]
/store/data/Run2017E/DoubleMuon/RAW/v1/000/304/125/00000/BEC0E229-73A4-E711-BDF1-02163E0136CA.root [229,230,231]
/store/data/Run2017E/DoubleMuon/RAW/v1/000/304/125/00000/C0030D29-73A4-E711-A497-02163E0142E2.root [214,213,215]
/store/data/Run2017E/DoubleMuon/RAW/v1/000/304/125/00000/C031F67F-B9A4-E711-BFC9-02163E011CE4.root [1559,1558,1561,1563,1565,1566,1557,1564,1560,1562]
/store/data/Run2017E/DoubleMuon/RAW/v1/000/304/125/00000/C07C9F5E-A5A4-E711-923F-02163E0144EF.root [842,839,840,841,838,843]
/store/data/Run2017E/DoubleMuon/RAW/v1/000/304/125/00000/C0AFED5F-B9A4-E711-9694-02163E01A79C.root [1261,1263,1259,1260,1258,1262,1257,1264]
/store/data/Run2017E/DoubleMuon/RAW/v1/000/304/125/00000/C0F1A83A-82A4-E711-B39E-02163E0123B7.root [499,502,501,500]
/store/data/Run2017E/DoubleMuon/RAW/v1/000/304/125/00000/C20E8490-A5A4-E711-9850-02163E01A1E2.root [1129,1130,1132,1128,1131,1127]
/store/data/Run2017E/DoubleMuon/RAW/v1/000/304/125/00000/C2E1EE7A-A5A4-E711-B36A-02163E013543.root [1215,1210,1211,1214,1209,1212,1213,1216]
/store/data/Run2017E/DoubleMuon/RAW/v1/000/304/125/00000/C2F3B9B4-6BA4-E711-8636-02163E0138BF.root [27,25,26]
/store/data/Run2017E/DoubleMuon/RAW/v1/000/304/125/00000/C460589F-BEA4-E711-866B-02163E01A769.root [1676,1680,1683,1677,1678,1679,1681,1682]
/store/data/Run2017E/DoubleMuon/RAW/v1/000/304/125/00000/C4A26875-A5A4-E711-8232-02163E01A61C.root [1013,1014,1016,1015,1011,1012]
/store/data/Run2017E/DoubleMuon/RAW/v1/000/304/125/00000/C4EE629F-85A4-E711-91D9-02163E01A361.root [626,627,628,630,629]
/store/data/Run2017E/DoubleMuon/RAW/v1/000/304/125/00000/C64477DB-A5A4-E711-8511-02163E01A560.root [1106,1105,1102,1104,1101,1107,1103,1108]
/store/data/Run2017E/DoubleMuon/RAW/v1/000/304/125/00000/C67C0890-A5A4-E711-8399-02163E01A1F6.root [1005,1006,1007,1009,1008,1010]
/store/data/Run2017E/DoubleMuon/RAW/v1/000/304/125/00000/C83C854C-A5A4-E711-98A6-02163E01A3D3.root [685,681,682,684,683]
/store/data/Run2017E/DoubleMuon/RAW/v1/000/304/125/00000/CA46B461-A5A4-E711-A404-02163E01A647.root [787,786,788,789,790]
/store/data/Run2017E/DoubleMuon/RAW/v1/000/304/125/00000/CC17655B-B9A4-E711-A26B-02163E013502.root [1369,1376,1373,1374,1371,1375,1370,1372]
/store/data/Run2017E/DoubleMuon/RAW/v1/000/304/125/00000/CC555267-A5A4-E711-BCD3-02163E011CC9.root [782,781,783,784,785]
/store/data/Run2017E/DoubleMuon/RAW/v1/000/304/125/00000/CCA03FDF-81A4-E711-819C-02163E0118EF.root [390,387,389,388]
/store/data/Run2017E/DoubleMuon/RAW/v1/000/304/125/00000/CCF6E028-A5A4-E711-856F-02163E01364A.root [692,695,694,691,693]
/store/data/Run2017E/DoubleMuon/RAW/v1/000/304/125/00000/CCFADCA8-6BA4-E711-BAFA-02163E012543.root [34,36,35]
/store/data/Run2017E/DoubleMuon/RAW/v1/000/304/125/00000/CE0F92B1-A5A4-E711-B196-02163E01A597.root [1085,1087,1084,1083,1086,1088]
/store/data/Run2017E/DoubleMuon/RAW/v1/000/304/125/00000/CE594162-BFA4-E711-93E4-02163E01A3C8.root [1732,1721,1724,1730,1722,1725,1728,1723,1729,1731,1733,1720,1726,1727]
/store/data/Run2017E/DoubleMuon/RAW/v1/000/304/125/00000/D02A9D37-7AA4-E711-B797-02163E014393.root [350,348,347,349]
/store/data/Run2017E/DoubleMuon/RAW/v1/000/304/125/00000/D0AF3158-6DA4-E711-A64A-02163E0144C0.root [99,98,97]
/store/data/Run2017E/DoubleMuon/RAW/v1/000/304/125/00000/D211E210-82A4-E711-A281-02163E0138DD.root [409,410,407,408]
/store/data/Run2017E/DoubleMuon/RAW/v1/000/304/125/00000/D25EC350-A5A4-E711-BD8D-02163E0141E1.root [767,768,769,770,766]
/store/data/Run2017E/DoubleMuon/RAW/v1/000/304/125/00000/D28AF608-75A4-E711-BB47-02163E019C57.root [296,295,294]
/store/data/Run2017E/DoubleMuon/RAW/v1/000/304/125/00000/D2A958FD-81A4-E711-95F0-02163E019C82.root [457,458,456,455]
/store/data/Run2017E/DoubleMuon/RAW/v1/000/304/125/00000/D41EF5BB-A5A4-E711-870E-02163E01431B.root [1055,1054,1058,1053,1056,1057]
/store/data/Run2017E/DoubleMuon/RAW/v1/000/304/125/00000/D47A0479-A5A4-E711-8488-02163E0138EC.root [921,917,919,916,918,920]
/store/data/Run2017E/DoubleMuon/RAW/v1/000/304/125/00000/D4801F54-8BA4-E711-B896-02163E01A42D.root [678,676,677,679,680]
/store/data/Run2017E/DoubleMuon/RAW/v1/000/304/125/00000/D4C912D9-74A4-E711-902C-02163E019E17.root [310,308,309]
/store/data/Run2017E/DoubleMuon/RAW/v1/000/304/125/00000/D6287A2B-73A4-E711-8372-02163E01A1BA.root [207,206,208]
/store/data/Run2017E/DoubleMuon/RAW/v1/000/304/125/00000/D6BB5558-B9A4-E711-8BA2-02163E0120E1.root [1414,1416,1412,1411,1413,1415,1409,1410]
/store/data/Run2017E/DoubleMuon/RAW/v1/000/304/125/00000/D861E139-6DA4-E711-9578-02163E019E1A.root [133,135,134]
/store/data/Run2017E/DoubleMuon/RAW/v1/000/304/125/00000/D893B096-A5A4-E711-9352-02163E01A4CC.root [1051,1049,1050,1048,1047,1052]
/store/data/Run2017E/DoubleMuon/RAW/v1/000/304/125/00000/DA2A807E-A5A4-E711-992B-02163E011E02.root [1124,1123,1125,1121,1122,1126]
/store/data/Run2017E/DoubleMuon/RAW/v1/000/304/125/00000/DA9B8756-B9A4-E711-BC4D-02163E0135FB.root [1361,1368,1363,1365,1367,1362,1366,1364]
/store/data/Run2017E/DoubleMuon/RAW/v1/000/304/125/00000/DAF244C6-85A4-E711-993A-02163E0125D7.root [621,622,623,625,624]
/store/data/Run2017E/DoubleMuon/RAW/v1/000/304/125/00000/DE459860-73A4-E711-A5F5-02163E01424B.root [233,232,234]
/store/data/Run2017E/DoubleMuon/RAW/v1/000/304/125/00000/DE4DDE40-6DA4-E711-BEA1-02163E014309.root [81,79,80]
/store/data/Run2017E/DoubleMuon/RAW/v1/000/304/125/00000/DE519AA2-82A4-E711-BB0E-02163E019B97.root [564,563,565,561,562]
/store/data/Run2017E/DoubleMuon/RAW/v1/000/304/125/00000/DE69D469-BEA4-E711-B772-02163E01363C.root [1653,1654,1658,1649,1657,1652,1651,1655,1656,1650]
/store/data/Run2017E/DoubleMuon/RAW/v1/000/304/125/00000/DEC42667-A5A4-E711-BA65-02163E014391.root [797,800,798,799,801,802]
/store/data/Run2017E/DoubleMuon/RAW/v1/000/304/125/00000/E04401C9-A5A4-E711-8FF2-02163E019B8E.root [1111,1114,1113,1112,1109,1110]
/store/data/Run2017E/DoubleMuon/RAW/v1/000/304/125/00000/E0636866-A5A4-E711-869D-02163E01A68E.root [850,852,853,855,854,851]
/store/data/Run2017E/DoubleMuon/RAW/v1/000/304/125/00000/E0F105E1-81A4-E711-B2FD-02163E0146C7.root [513,511,512,514]
/store/data/Run2017E/DoubleMuon/RAW/v1/000/304/125/00000/E2BA6150-B9A4-E711-81E1-02163E01A570.root [1289,1295,1296,1294,1292,1290,1291,1293]
/store/data/Run2017E/DoubleMuon/RAW/v1/000/304/125/00000/E2F722A7-B9A4-E711-B956-02163E0142E2.root [1338,1337,1343,1340,1339,1342,1344,1341]
/store/data/Run2017E/DoubleMuon/RAW/v1/000/304/125/00000/E4022946-6CA4-E711-B4D8-02163E0146B6.root [33,32,31]
/store/data/Run2017E/DoubleMuon/RAW/v1/000/304/125/00000/E469C509-82A4-E711-9F26-02163E011C63.root [505,506,503,504]
/store/data/Run2017E/DoubleMuon/RAW/v1/000/304/125/00000/E6603B6D-B9A4-E711-8308-02163E0136A2.root [1461,1462,1464,1465,1468,1460,1463,1466,1459,1467]
/store/data/Run2017E/DoubleMuon/RAW/v1/000/304/125/00000/E812FF28-6DA4-E711-ABAF-02163E01A265.root [121,122,123]
/store/data/Run2017E/DoubleMuon/RAW/v1/000/304/125/00000/E84D7CA6-A5A4-E711-873C-02163E019BC6.root [910,912,913,914,911,915]
/store/data/Run2017E/DoubleMuon/RAW/v1/000/304/125/00000/E8C0D8C2-A5A4-E711-9831-02163E01A504.root [1193,1194,1199,1195,1197,1196,1198,1200]
/store/data/Run2017E/DoubleMuon/RAW/v1/000/304/125/00000/EA5F3334-6BA4-E711-BF80-02163E014644.root [8,7,9]
/store/data/Run2017E/DoubleMuon/RAW/v1/000/304/125/00000/EA69871C-7AA4-E711-A2A9-02163E014747.root [345,344,343,346]
/store/data/Run2017E/DoubleMuon/RAW/v1/000/304/125/00000/EA7B41BA-74A4-E711-A4AF-02163E014469.root [253,252,254]
/store/data/Run2017E/DoubleMuon/RAW/v1/000/304/125/00000/EA896E56-7AA4-E711-888B-02163E019BF9.root [351,352,353,354]
/store/data/Run2017E/DoubleMuon/RAW/v1/000/304/125/00000/EA987A3C-BFA4-E711-94B2-02163E014197.root [1737,1734,1736,1743,1735,1739,1742,1738,1740,1741]
/store/data/Run2017E/DoubleMuon/RAW/v1/000/304/125/00000/EC3F09C2-6BA4-E711-8C06-02163E011FCB.root [30,28,29]
/store/data/Run2017E/DoubleMuon/RAW/v1/000/304/125/00000/EC9AF1B1-6AA4-E711-ACF4-02163E0135D9.root [5,6,4]
/store/data/Run2017E/DoubleMuon/RAW/v1/000/304/125/00000/ECFC6CA7-74A4-E711-8828-02163E01A53E.root [241,244,242,243]
/store/data/Run2017E/DoubleMuon/RAW/v1/000/304/125/00000/EEF0857B-B9A4-E711-8B49-02163E013638.root [1517,1508,1509,1512,1513,1514,1515,1510,1511,1516]
/store/data/Run2017E/DoubleMuon/RAW/v1/000/304/125/00000/F01034AA-74A4-E711-A648-02163E011C6F.root [282,284,283]
/store/data/Run2017E/DoubleMuon/RAW/v1/000/304/125/00000/F01B9C79-A5A4-E711-941A-02163E0136E8.root [1217,1218,1221,1223,1224,1222,1219,1220]
/store/data/Run2017E/DoubleMuon/RAW/v1/000/304/125/00000/F0668C7F-73A4-E711-B797-02163E0134EF.root [176,177,178]
/store/data/Run2017E/DoubleMuon/RAW/v1/000/304/125/00000/F0E6EA46-A5A4-E711-A178-02163E0143AD.root [698,696,700,697,699]
/store/data/Run2017E/DoubleMuon/RAW/v1/000/304/125/00000/F27400A9-6BA4-E711-B0C7-02163E0141ED.root [10,11,12]
/store/data/Run2017E/DoubleMuon/RAW/v1/000/304/125/00000/F2A49FF0-81A4-E711-85A8-02163E019E8A.root [484,483,485,486]
/store/data/Run2017E/DoubleMuon/RAW/v1/000/304/125/00000/F2E060DC-6BA4-E711-8E50-02163E014506.root [67,68,69]
/store/data/Run2017E/DoubleMuon/RAW/v1/000/304/125/00000/F43F7F7D-A5A4-E711-A553-02163E01354C.root [824,821,823,820,825,822]
/store/data/Run2017E/DoubleMuon/RAW/v1/000/304/125/00000/F465D560-A5A4-E711-8AD7-02163E01A76E.root [756,757,758,760,759]
/store/data/Run2017E/DoubleMuon/RAW/v1/000/304/125/00000/F60257E1-81A4-E711-A05B-02163E013746.root [422,419,420,421]
/store/data/Run2017E/DoubleMuon/RAW/v1/000/304/125/00000/F69B4511-7AA4-E711-B64E-02163E0145CC.root [336,335,338,337]
/store/data/Run2017E/DoubleMuon/RAW/v1/000/304/125/00000/F6DE978C-A5A4-E711-8FEB-02163E0136D9.root [887,890,888,891,889,886]
/store/data/Run2017E/DoubleMuon/RAW/v1/000/304/125/00000/F6E56580-B9A4-E711-A2DB-02163E01A24B.root [1277,1280,1274,1276,1273,1275,1278,1279]
/store/data/Run2017E/DoubleMuon/RAW/v1/000/304/125/00000/F82AE4FC-81A4-E711-BC8F-02163E019DF6.root [462,461,459,460]
/store/data/Run2017E/DoubleMuon/RAW/v1/000/304/125/00000/F837E42B-73A4-E711-8463-02163E01A72F.root [192,193,191]
/store/data/Run2017E/DoubleMuon/RAW/v1/000/304/125/00000/FA657F8F-85A4-E711-9F50-02163E0146A4.root [642,641,644,645,643]
/store/data/Run2017E/DoubleMuon/RAW/v1/000/304/125/00000/FAC6227F-A5A4-E711-8C2D-02163E0146BF.root [795,793,794,791,792,796]
/store/data/Run2017E/DoubleMuon/RAW/v1/000/304/125/00000/FC36E7C5-A5A4-E711-B825-02163E01A79C.root [1061,1063,1064,1060,1059,1062]
/store/data/Run2017E/DoubleMuon/RAW/v1/000/304/125/00000/FC4A2899-A5A4-E711-96A9-02163E01A2BD.root [1202,1207,1205,1201,1203,1204,1206,1208]
/store/data/Run2017E/DoubleMuon/RAW/v1/000/304/125/00000/FC5509B7-A5A4-E711-89B1-02163E014345.root [946,948,949,947,951,950]
/store/data/Run2017E/DoubleMuon/RAW/v1/000/304/125/00000/FC99464F-B9A4-E711-A78A-02163E013885.root [1320,1317,1313,1315,1316,1319,1318,1314]
/store/data/Run2017E/DoubleMuon/RAW/v1/000/304/125/00000/FE3D605D-73A4-E711-843F-02163E014274.root [171,170,172]
/store/data/Run2017E/DoubleMuon/RAW/v1/000/304/125/00000/FE7F0EB3-A5A4-E711-ADF0-02163E01A439.root [938,934,936,935,937,939]
