/store/data/Run2023B/HLTPhysics/RAW/v1/000/366/727/00000/0b1182c4-d1d7-4333-9821-3b0b60c0f287.root [38,39,46,28,33,34,37,44,48,26,30,32,35,47,49,50,29,41,27,40,42,45,43,31,36]
/store/data/Run2023B/HLTPhysics/RAW/v1/000/366/727/00000/0ed3227b-83b4-4fb3-aad7-4bc6816099b0.root [75,87,74,77,80,88,76,83,85,90,81,82,86,78,79,84,73,89]
/store/data/Run2023B/HLTPhysics/RAW/v1/000/366/727/00000/0f59a751-e5ca-4e73-8ecd-a499009a79dd.root [235,236,233,234,239,240,241,237,238]
/store/data/Run2023B/HLTPhysics/RAW/v1/000/366/727/00000/27bd9272-d5cd-4064-a1f9-2b9a49ea3865.root [162,163,164,161]
/store/data/Run2023B/HLTPhysics/RAW/v1/000/366/727/00000/2b627733-b756-4464-aab1-24214563718e.root [152,150,151,149]
/store/data/Run2023B/HLTPhysics/RAW/v1/000/366/727/00000/43f2aa91-2ed1-4278-b155-05094a723ffa.root [95,91,93,97,105,100,94,99,101,92,96,102,104,98,103]
/store/data/Run2023B/HLTPhysics/RAW/v1/000/366/727/00000/4ab4aa2d-e52c-42df-928d-a5cf0bd91d18.root [227,225,232,224,226,231,228,229,230]
/store/data/Run2023B/HLTPhysics/RAW/v1/000/366/727/00000/536eab95-d4d1-48bd-8775-50758680c096.root [108,110,112,116,107,109,115,117,106,111,114,113,118]
/store/data/Run2023B/HLTPhysics/RAW/v1/000/366/727/00000/60fcfc0f-c493-479c-91eb-41bcc8b72511.root [213,210,214,207,209,215,208,211,212]
/store/data/Run2023B/HLTPhysics/RAW/v1/000/366/727/00000/77ddc481-10a4-4958-b9ea-d0df158ed5d7.root [165,166,168,167]
/store/data/Run2023B/HLTPhysics/RAW/v1/000/366/727/00000/803cb8fa-a899-4a05-8c80-ebec09b0f25e.root [193,196,194,195]
/store/data/Run2023B/HLTPhysics/RAW/v1/000/366/727/00000/8175dc17-763e-4874-918d-faba59a068b4.root [132,131,136,139,133,138,137,135,134]
/store/data/Run2023B/HLTPhysics/RAW/v1/000/366/727/00000/84230c2f-a490-4424-ad2a-0401f07047c6.root [185,186,187,188]
/store/data/Run2023B/HLTPhysics/RAW/v1/000/366/727/00000/8785efcd-b39f-481e-b1aa-de2d4e4b642f.root [200,201,198,204,206,199,205,197,202,203]
/store/data/Run2023B/HLTPhysics/RAW/v1/000/366/727/00000/9356e88d-facd-4bad-a375-7249dc3f0fec.root [156,153,155,154]
/store/data/Run2023B/HLTPhysics/RAW/v1/000/366/727/00000/9e051d81-83d1-4335-8ebc-a40e639e77e5.root [173,176,175,174,177]
/store/data/Run2023B/HLTPhysics/RAW/v1/000/366/727/00000/a225b3a7-58b7-4845-bcea-3676b91acb60.root [169,172,171,170]
/store/data/Run2023B/HLTPhysics/RAW/v1/000/366/727/00000/a5e46f10-b7f9-45a9-adb9-828662afa103.root [53,62,67,72,51,54,55,57,61,71,64,56,59,70,66,68,52,58,69,60,63,65]
/store/data/Run2023B/HLTPhysics/RAW/v1/000/366/727/00000/aa184c78-b368-4deb-a620-3b3c06d61c07.root [190,192,189,191]
/store/data/Run2023B/HLTPhysics/RAW/v1/000/366/727/00000/afc54464-1e73-4018-8db9-71f3c25c49d8.root [16,23,7,19,22,2,4,18,8,13,14,20,6,11,12,5,15,17,1,3,9,10,24,21,25]
/store/data/Run2023B/HLTPhysics/RAW/v1/000/366/727/00000/bb6173bc-01b1-4747-a250-88833ba325b4.root [181,184,180,182,178,183,179]
/store/data/Run2023B/HLTPhysics/RAW/v1/000/366/727/00000/c5120c8f-a664-4126-aa74-c5722109f096.root [140,146,141,143,147,142,144,145,148]
/store/data/Run2023B/HLTPhysics/RAW/v1/000/366/727/00000/dc5d17c0-c153-4583-994a-d11e71b1e9c4.root [158,160,157,159]
/store/data/Run2023B/HLTPhysics/RAW/v1/000/366/727/00000/e4873fa4-0c51-4642-98f1-647a5141f53e.root [216,221,222,217,218,219,220,223]
/store/data/Run2023B/HLTPhysics/RAW/v1/000/366/727/00000/f25b5379-0e60-4bf7-b105-896f0c67a429.root [243,244,242]
/store/data/Run2023B/HLTPhysics/RAW/v1/000/366/727/00000/fb046d18-554d-47c7-8876-313dd10d6f18.root [119,125,127,123,128,126,120,121,122,124,129,130]
