355809
355828
355862
355863
355865
355869
355870
355871
355872
355891
355892
355912
355913
355921
355927
355933
355942
355988
355989
355990
355991
355993
355994
355995
355996
355997
355998
355999
356001
356002
356003
356004
356005
356011
356030
356031
356032
356043
356046
356047
356048
356071
356073
356074
356075
356076
356077
356135
356152
356170
356290
356309
356316
356321
356322
356323
356363
356365
356371
356375
356377
356378
356381
356383
356384
356385
356386
356409
356426
356427
356428
356431
356432
356433
356434
356435
356436
356446
356465
356466
356467
356468
356469
356470
356471
356472
356473
356474
356475
356476
356478
356481
356488
356489
356523
356524
356525
356526
356527
356528
356529
356530
356531
356563
356568
356569
356570
356576
356577
356578
356580
356581
356582
356613
356614
356615
356619
356709
356719
356720
356721
356722
356727
356788
356789
356810
356811
356812
356813
356814
356815
356824
356825
356902
356906
356908
356918
356919
356936
356937
356943
356944
356945
356946
356947
356948
356949
356950
356951
356954
356955
356956
356968
356969
356970
356997
356998
356999
357000
357001
357059
357070
357076
357077
357078
357079
357080
357081
357096
357098
357100
357101
357102
357103
357104
357105
357106
357110
357112
357268
357269
357270
357271
357301
357302
357328
357329
357330
357331
357332
357333
357401
357406
357438
357440
357441
357442
357447
357472
357478
357479
357482
