/store/data/Run2024C/JetMET0/RAW/v1/000/379/416/00000/00030b25-14e4-49d7-983d-4e881065758a.root 379416 [164,162,163]
/store/data/Run2024C/JetMET0/RAW/v1/000/379/416/00000/01dba01f-e5ee-4a2f-91c4-928910120224.root 379416 [204,206,205]
/store/data/Run2024C/JetMET0/RAW/v1/000/379/416/00000/08f45c71-cd16-427a-b7f5-a57636478549.root 379416 [118,116,117]
/store/data/Run2024C/JetMET0/RAW/v1/000/379/416/00000/13a22d1f-b988-4c28-aa89-cf8fdc1ddeca.root 379416 [126,125]
/store/data/Run2024C/JetMET0/RAW/v1/000/379/416/00000/13baa3fd-3df4-4902-8b94-ce00e3e95acf.root 379416 [114,115,113]
/store/data/Run2024C/JetMET0/RAW/v1/000/379/416/00000/153ba06a-9b8e-4c04-b9c9-bd986f66a7a4.root 379416 [121,119,120]
/store/data/Run2024C/JetMET0/RAW/v1/000/379/416/00000/1eab6bd5-7541-4b7d-ad09-d5cbf5c6d9e1.root 379416 [201,202,203]
/store/data/Run2024C/JetMET0/RAW/v1/000/379/416/00000/2521153b-3a13-4620-9acc-08dd0637a306.root 379416 [44,46,48,43,45,47]
/store/data/Run2024C/JetMET0/RAW/v1/000/379/416/00000/268c0925-f448-4316-a3ad-ac7852ae0341.root 379416 [55,56,54,57]
/store/data/Run2024C/JetMET0/RAW/v1/000/379/416/00000/26c7b6ed-1e48-4e03-8684-88ddbfea7bff.root 379416 [88,90,89,91]
/store/data/Run2024C/JetMET0/RAW/v1/000/379/416/00000/2a6b5c0a-1c92-4230-ba50-dc806b88c44b.root 379416 [99,101,100]
/store/data/Run2024C/JetMET0/RAW/v1/000/379/416/00000/2f75b672-0bb1-4c00-9caa-a7650ba6497c.root 379416 [196,195,197]
/store/data/Run2024C/JetMET0/RAW/v1/000/379/416/00000/2f8a555f-33f8-4925-9def-430efbb3860f.root 379416 [103,104,105,106,102]
/store/data/Run2024C/JetMET0/RAW/v1/000/379/416/00000/3a4cb368-31fc-4c7e-94cd-dec8e0b5d8a3.root 379416 [30,32,31,35,36,34,33]
/store/data/Run2024C/JetMET0/RAW/v1/000/379/416/00000/3b46d417-925c-46e3-942a-e3c29ef98289.root 379416 [210,211,212]
/store/data/Run2024C/JetMET0/RAW/v1/000/379/416/00000/3cb2cc0e-cd35-4043-8c84-eefcdcbc2dea.root 379416 [207,209,208]
/store/data/Run2024C/JetMET0/RAW/v1/000/379/416/00000/4f07f646-d1aa-421a-9296-efbd976fbb81.root 379416 [80,82,81]
/store/data/Run2024C/JetMET0/RAW/v1/000/379/416/00000/546b0430-dde1-427d-a8e9-34395324dee0.root 379416 [185,184,183]
/store/data/Run2024C/JetMET0/RAW/v1/000/379/416/00000/568e3621-d090-4b3c-982a-1d506c88ed89.root 379416 [97,95,96,98]
/store/data/Run2024C/JetMET0/RAW/v1/000/379/416/00000/575e95a2-9ab2-419d-9838-eb62caee20e1.root 379416 [67,65,66]
/store/data/Run2024C/JetMET0/RAW/v1/000/379/416/00000/654241a4-cd94-4e74-a48a-0de5c6669b5c.root 379416 [153,155,154]
/store/data/Run2024C/JetMET0/RAW/v1/000/379/416/00000/69253cef-ad0e-4514-af0e-d913b1a4cb57.root 379416 [200,199,198]
/store/data/Run2024C/JetMET0/RAW/v1/000/379/416/00000/7c2f4aca-20b9-4ce8-b7a4-c268e6143f89.root 379416 [225,227,226]
/store/data/Run2024C/JetMET0/RAW/v1/000/379/416/00000/7d89693d-e620-49c9-b9d5-04aa01fd4415.root 379416 [145,146,147]
/store/data/Run2024C/JetMET0/RAW/v1/000/379/416/00000/822fe7a0-ddee-469c-be49-7457546ee3bd.root 379416 [78,79,77]
/store/data/Run2024C/JetMET0/RAW/v1/000/379/416/00000/8b2d7871-6557-4413-adff-f7ef290106ef.root 379416 [109,108,107]
/store/data/Run2024C/JetMET0/RAW/v1/000/379/416/00000/8f8d2ed9-1a7d-4d72-92da-71ff142936d2.root 379416 [87,85,86]
/store/data/Run2024C/JetMET0/RAW/v1/000/379/416/00000/93cd4a49-24d0-44a7-9999-0ebb77cd32d9.root 379416 [159,160,161]
/store/data/Run2024C/JetMET0/RAW/v1/000/379/416/00000/954b8f17-5ff5-446b-91d8-cc8c005b8f86.root 379416 [156,158,157]
/store/data/Run2024C/JetMET0/RAW/v1/000/379/416/00000/95cb090f-6ea4-4cca-a7fb-8dfbb4d1addf.root 379416 [62,63,64]
/store/data/Run2024C/JetMET0/RAW/v1/000/379/416/00000/98aedf7e-c987-42ce-89b3-061e3a58e626.root 379416 [111,112,110]
/store/data/Run2024C/JetMET0/RAW/v1/000/379/416/00000/9e4530f8-f96d-4882-894b-36296913ca8a.root 379416 [187,186,188]
/store/data/Run2024C/JetMET0/RAW/v1/000/379/416/00000/9f8f7db6-f8d7-47ba-ba82-3670c8f5e8d2.root 379416 [192,193,194]
/store/data/Run2024C/JetMET0/RAW/v1/000/379/416/00000/a68e325a-4251-4700-acac-49adffeb98fa.root 379416 [170,168,169]
/store/data/Run2024C/JetMET0/RAW/v1/000/379/416/00000/a78cdb71-096b-4a09-a963-3ad161eda40a.root 379416 [149,148]
/store/data/Run2024C/JetMET0/RAW/v1/000/379/416/00000/aa403063-dee4-4b93-a395-ac9d69e773b5.root 379416 [190,189,191]
/store/data/Run2024C/JetMET0/RAW/v1/000/379/416/00000/ad067b6b-a334-489a-a07d-9f62e6999fe2.root 379416 [222,223,224]
/store/data/Run2024C/JetMET0/RAW/v1/000/379/416/00000/b0ef165e-2de9-4137-99cd-27b9448aac51.root 379416 [166,165,167]
/store/data/Run2024C/JetMET0/RAW/v1/000/379/416/00000/b252f3ab-281c-43f4-884f-d7d8f58c8f40.root 379416 [53,51,50,52,49]
/store/data/Run2024C/JetMET0/RAW/v1/000/379/416/00000/b6f8a0f6-a59c-4741-a841-ed83f5e7c56f.root 379416 [128,127,129]
/store/data/Run2024C/JetMET0/RAW/v1/000/379/416/00000/b8b5556c-5f80-4f25-9e12-97798606faf9.root 379416 [152,150,151]
/store/data/Run2024C/JetMET0/RAW/v1/000/379/416/00000/bbba304b-eed0-49b7-a479-db1268ab9241.root 379416 [138,136,137]
/store/data/Run2024C/JetMET0/RAW/v1/000/379/416/00000/bf81d5f2-2436-4841-90ac-17a230f41d8f.root 379416 [58,59,60,61]
/store/data/Run2024C/JetMET0/RAW/v1/000/379/416/00000/bfe38d80-d7f6-47a9-bd6e-c079b0955634.root 379416 [27,23,26,22,25,21,29,24,28]
/store/data/Run2024C/JetMET0/RAW/v1/000/379/416/00000/c353a92a-7573-432a-9205-24494b57068a.root 379416 [173,172,171]
/store/data/Run2024C/JetMET0/RAW/v1/000/379/416/00000/c3929ce6-b4c3-4844-91cb-52e31832cb5f.root 379416 [214,215,213]
/store/data/Run2024C/JetMET0/RAW/v1/000/379/416/00000/ca62c382-f740-4023-a8c1-cd31f101d22d.root 379416 [178,179,177]
/store/data/Run2024C/JetMET0/RAW/v1/000/379/416/00000/cc852cc7-4298-4e46-9b08-d1ac5c839b3f.root 379416 [143,144,142]
/store/data/Run2024C/JetMET0/RAW/v1/000/379/416/00000/cee84583-fffb-42bc-b452-9f157085c89d.root 379416 [83,84]
/store/data/Run2024C/JetMET0/RAW/v1/000/379/416/00000/d19e4201-4329-464c-a078-9001b3054f61.root 379416 [174,176,175]
/store/data/Run2024C/JetMET0/RAW/v1/000/379/416/00000/d4558052-1f24-4f60-be69-3c62ec51155e.root 379416 [94,92,93]
/store/data/Run2024C/JetMET0/RAW/v1/000/379/416/00000/d5f15c3e-e990-4781-a770-a4f8ce21da51.root 379416 [19,20,15,16,12,17,18,14,13]
/store/data/Run2024C/JetMET0/RAW/v1/000/379/416/00000/d86bebd4-60e5-4eab-adea-7548dd59f8a7.root 379416 [75,74,76]
/store/data/Run2024C/JetMET0/RAW/v1/000/379/416/00000/db3c69af-0c64-4b67-beda-c022700fcabc.root 379416 [41,40,38,42,39,37]
/store/data/Run2024C/JetMET0/RAW/v1/000/379/416/00000/dc2e8349-eb1c-4f3a-954d-f70525f3eb72.root 379416 [181,182,180]
/store/data/Run2024C/JetMET0/RAW/v1/000/379/416/00000/ddfeb611-29d1-4e25-95e8-5744421946c1.root 379416 [220,221,219]
/store/data/Run2024C/JetMET0/RAW/v1/000/379/416/00000/e48a789f-a8fa-4eda-9c2e-08d9fb6e51b3.root 379416 [69,70,68]
/store/data/Run2024C/JetMET0/RAW/v1/000/379/416/00000/e63c3824-7a1b-4041-a42c-2a378396400c.root 379416 [135,134,133]
/store/data/Run2024C/JetMET0/RAW/v1/000/379/416/00000/eba69a19-4c0e-497c-b189-5bfd991e21bf.root 379416 [141,140,139]
/store/data/Run2024C/JetMET0/RAW/v1/000/379/416/00000/f4f69ed9-b2ec-45e2-ac3a-0b714ff09fb0.root 379416 [131,132,130]
/store/data/Run2024C/JetMET0/RAW/v1/000/379/416/00000/f5508ad6-8870-47df-ba1a-c9ca29545d15.root 379416 [6,7,11,4,5,10,1,8,2,3,9]
/store/data/Run2024C/JetMET0/RAW/v1/000/379/416/00000/f75a9c97-11f5-4a49-a77e-a45ddfc91e0e.root 379416 [71,72,73]
/store/data/Run2024C/JetMET0/RAW/v1/000/379/416/00000/fc523418-46e3-45b8-b9b0-7cfeb1488854.root 379416 [217,216,218]
/store/data/Run2024C/JetMET0/RAW/v1/000/379/416/00000/ff0a1d44-2930-4b9d-ae95-4714ee743dcd.root 379416 [123,122,124]
