/store/data/Run2022E/BTagMu/RAW/v1/000/359/569/00000/3b694450-dbf4-4bdb-bb89-51c934b92a4d.root 359569 [1,19,20,23,24,29,35,3,4,6,7,15,36,41,43,25,31,9,14,26,16,28,32,5,11,37,42,44,8,12,18,21,22,27,30,33,34,38,40,2,10,13,17,39]
/store/data/Run2022E/BTagMu/RAW/v1/000/359/569/00000/92323cc5-6d7a-4339-843e-74ce8c6cefab.root 359569 [65,66,76,45,64,69,46,48,47,50,51,57,60,67,74,49,61,63,79,53,62,75,77,78,82,52,54,56,58,68,55,59,70,71,72,73,80,81]
/store/data/Run2022E/BTagMu/RAW/v1/000/359/571/00000/147e1bf3-c53e-414b-b711-70f193af781e.root 359571 [153,155,146,148,154,157,158,163,145,164,147,160,167,162,149,150,151,152,156,161,165,159,166]
/store/data/Run2022E/BTagMu/RAW/v1/000/359/571/00000/57b583e2-ee1a-4080-94a1-9e56e13bd9be.root 359571 [1,6,15,22,37,45,2,3,4,9,14,23,25,34,7,10,11,17,41,43,18,19,27,36,38,40,42,16,28,30,31,39,46,12,32,5,8,13,21,29,35,20,24,26,33,44,47]
/store/data/Run2022E/BTagMu/RAW/v1/000/359/571/00000/96c99f2a-7d1f-45e2-a46d-3cf61a06a391.root 359571 [100,105,106,116,138,140,141,142,143,102,127,130,134,137,101,115,125,129,132,109,112,114,117,120,123,99,103,104,107,124,128,110,111,113,122,136,144,118,97,98,108,119,121,126,131,133,135,139]
/store/data/Run2022E/BTagMu/RAW/v1/000/359/571/00000/addeb9e2-4ff6-46ab-9921-94554ec32fc0.root 359571 [60,66,67,68,73,74,80,82,84,85,87,90,96,49,52,54,55,63,69,77,86,95,50,51,53,58,72,88,92,59,61,78,79,81,91,57,62,65,71,75,83,89,56,64,70,76,93,94,48]
/store/data/Run2022E/BTagMu/RAW/v1/000/359/575/00000/11ddc30e-2f3f-46d3-b021-6e4446a5b9e8.root 359575 [2,3,66,4,12,13,18,52,59,62,19,35,36,38,42,50,57,9,11,17,20,28,29,37,44,58,61,6,7,10,16,23,33,34,39,48,51,53,56,60,21,24,25,27,32,41,43,46,47,64,65,1,5,8,31,54,14,15,22,26,30,40,45,49,55,63]
/store/data/Run2022E/BTagMu/RAW/v1/000/359/575/00000/e90fc3b0-107e-4280-ad46-b43685ee9916.root 359575 [70,76,85,86,87,67,74,77,82,73,88,72,75,78,69,79,81,84,89,68,71,80,83]
/store/data/Run2022E/BTagMu/RAW/v1/000/359/595/00000/163d9db5-39e5-4e6f-aa4e-898d1a4cff59.root 359595 [83,92,95,84,86,93,96,97,99,106,101,98,102,104,87,88,90,91,100,94,103,85,89,105]
/store/data/Run2022E/BTagMu/RAW/v1/000/359/595/00000/549cc2d5-7e83-4c76-914d-b3b79fbc0524.root 359595 [189,195,198,187,190,182,185,188,192,194,202,199,200,191,196,197,180,183,184,201,179,181,186,193]
/store/data/Run2022E/BTagMu/RAW/v1/000/359/595/00000/56517705-33b6-4636-a6fe-3384cdfe4392.root 359595 [113,115,121,125,107,112,116,109,110,111,114,119,127,130,118,122,128,108,117,120,123,124,126,129]
/store/data/Run2022E/BTagMu/RAW/v1/000/359/595/00000/5939eef1-f0f4-481c-8fd3-bf4f13db6244.root 359595 [63,76,77,78,56,65,66,79,61,67,72,59,68,55,57,74,75,82,62,58,64,69,73,81,60,70,71,80]
/store/data/Run2022E/BTagMu/RAW/v1/000/359/595/00000/639155e3-0a54-4b96-8457-ec276fa2ec45.root 359595 [251,255,264,270,274,250,252,256,272,263,271,253,258,260,267,257,259,261,266,269,273,254,262,265,268]
/store/data/Run2022E/BTagMu/RAW/v1/000/359/595/00000/9c30c58a-3cdb-4072-b637-69e86fc6e515.root 359595 [8]
/store/data/Run2022E/BTagMu/RAW/v1/000/359/595/00000/b8c78c2b-e2af-4c90-972e-b4145702f3c1.root 359595 [132,134,144,148,138,141,149,152,153,133,135,146,147,137,139,140,143,145,142,150,151,154,131,136]
/store/data/Run2022E/BTagMu/RAW/v1/000/359/595/00000/be9417ad-b02e-4441-9f19-e023bc6e0cb2.root 359595 [19,20,27,35,39,40,53,24,32,37,41,49,51,14,17,22,26,29,31,36,43,50,13,21,23,42,54,15,16,30,33,38,46,52,18,34,44,45,47,25,28,48]
/store/data/Run2022E/BTagMu/RAW/v1/000/359/595/00000/c79d589b-9bd7-4f20-840e-17b101460b17.root 359595 [207,214,223,206,211,212,222,204,216,225,210,213,217,218,221,205,209,219,224,215,220,203,208]
/store/data/Run2022E/BTagMu/RAW/v1/000/359/595/00000/cac54ef3-66ec-4616-9eed-d2b885c5dd3d.root 359595 [278,279,275,288,285,276,277,282,284,289,283,280,281,286,287]
/store/data/Run2022E/BTagMu/RAW/v1/000/359/595/00000/cb2c052c-a043-4ab1-9f76-8307d63d261e.root 359595 [6]
/store/data/Run2022E/BTagMu/RAW/v1/000/359/595/00000/f0c659e0-4907-4be0-81c8-050386b5f974.root 359595 [237,239,243,245,246,226,227,247,249,228,234,244,230,232,236,238,242,248,231,233,235,241,229,240]
/store/data/Run2022E/BTagMu/RAW/v1/000/359/595/00000/f589ae51-0bed-49ee-a0b5-166fdbc70aa5.root 359595 [178,158,160,162,167,168,170,172,159,171,166,164,177,155,157,163,165,169,174,156,161,173,175,176]
/store/data/Run2022E/BTagMu/RAW/v1/000/359/597/00000/0d90a5f0-efde-45b4-b1aa-3efee460fdaf.root 359597 [80,57,64,71,55,56,65,69,73,59,61,68,75,74,79,60,62,66,67,70,72,76,58,77,78,63,81]
/store/data/Run2022E/BTagMu/RAW/v1/000/359/597/00000/616194ba-ea80-4453-8429-6ea5d22747c8.root 359597 [103,104]
/store/data/Run2022E/BTagMu/RAW/v1/000/359/597/00000/7a7ba7ea-c1c2-4d9e-a4e8-4b8db57dbd04.root 359597 [28,46,48,54,34,47,49,36,37,39,41,29,30,31,52,53,32,33,38,42,43,51,35,40,44,45,50]
/store/data/Run2022E/BTagMu/RAW/v1/000/359/597/00000/974fd05b-3c23-451f-a370-d773f18ee038.root 359597 [87,93,85,88,90,95,82,83,84,98,99,89,94,100,86,97,91,92,96]
/store/data/Run2022E/BTagMu/RAW/v1/000/359/597/00000/edd56f81-e7d3-4856-91c8-7426ccdd1784.root 359597 [1,8,9,14,15,5,10,16,20,22,3,11,12,23,4,6,26,21,27,7,13,18,19,24,17,25,2]
/store/data/Run2022E/BTagMu/RAW/v1/000/359/602/00000/29e329db-cfaf-49f8-ac08-b3cc711ce548.root 359602 [23,27,24,29,28,30,25,26,31,32]
/store/data/Run2022E/BTagMu/RAW/v1/000/359/602/00000/2a4fb025-7c6d-4c1f-af53-3f113b536a92.root 359602 [59,54,58,53,56,60,55,57]
/store/data/Run2022E/BTagMu/RAW/v1/000/359/602/00000/3ec98b17-fc67-43f4-8807-c88fbb3919cb.root 359602 [43,47,50,45,52,46,51,44,49,48]
/store/data/Run2022E/BTagMu/RAW/v1/000/359/602/00000/48271f27-8f20-40d9-b4fc-9641b3968844.root 359602 [65,61,64,63,68,62,66,67]
/store/data/Run2022E/BTagMu/RAW/v1/000/359/602/00000/6e0f28d6-7510-408d-8f70-e37117921912.root 359602 [3,6,7,11,5,8,4,2,9,12,1,10]
/store/data/Run2022E/BTagMu/RAW/v1/000/359/602/00000/8062fbe9-f3eb-485e-b67f-19c3e91e1951.root 359602 [35,42,39,33,34,38,36,40,41,37]
/store/data/Run2022E/BTagMu/RAW/v1/000/359/602/00000/e59e1b4e-ee4b-465b-90d6-8e44bef979e0.root 359602 [20,21,16,15,18,19,22,14,13,17]
/store/data/Run2022E/BTagMu/RAW/v1/000/359/602/00000/f3048ae5-a25b-4730-ba7a-a65fd15358be.root 359602 [72,70,71,73,69]
/store/data/Run2022E/BTagMu/RAW/v1/000/359/609/00000/22d7f765-5602-4150-87ce-d7d8c07821c6.root 359609 [23,24,22,20,21]
/store/data/Run2022E/BTagMu/RAW/v1/000/359/609/00000/6f103d13-a987-45d6-b621-d22a516a3fc5.root 359609 [10,19,18,14,11,16,12,13,15,17]
/store/data/Run2022E/BTagMu/RAW/v1/000/359/609/00000/b138107d-91cd-494e-a51a-a92ee32b8fc6.root 359609 [1,3,8,6,4,5,9,2,7]
/store/data/Run2022E/BTagMu/RAW/v1/000/359/612/00000/2cf8efed-51eb-4473-84b5-c5427b281ec8.root 359612 [8,3,4,6,7,9,12,10,2,5,1,11]
/store/data/Run2022E/BTagMu/RAW/v1/000/359/661/00000/010781dc-51ab-4002-b403-46830a4d8632.root 359661 [88,87,91,90,89]
/store/data/Run2022E/BTagMu/RAW/v1/000/359/661/00000/01feea46-385c-4ffe-a080-4e54c94eaccb.root 359661 [30,42,26,29,38,27,43,46,31,33,40,44,36,35,37,39,45,24,25,28,32,34,41,47,48]
/store/data/Run2022E/BTagMu/RAW/v1/000/359/661/00000/0466df43-b0e1-4762-831a-6beb07ff8f1f.root 359661 [177,176,175]
/store/data/Run2022E/BTagMu/RAW/v1/000/359/661/00000/077cebd0-5284-408f-bd72-b18e41ae0041.root 359661 [20]
/store/data/Run2022E/BTagMu/RAW/v1/000/359/661/00000/080cf420-6a37-4db0-a634-602d36c43d23.root 359661 [159,161,160,162]
/store/data/Run2022E/BTagMu/RAW/v1/000/359/661/00000/0a7751d0-7143-42cd-bccd-6cfa2286cd54.root 359661 [214,216,215]
/store/data/Run2022E/BTagMu/RAW/v1/000/359/661/00000/0e02898e-ab32-45ae-a410-f9bd8537417e.root 359661 [230,231,229]
/store/data/Run2022E/BTagMu/RAW/v1/000/359/661/00000/105cb0dd-5980-4bf3-acfa-335ae8116dfb.root 359661 [122,123,124,121]
/store/data/Run2022E/BTagMu/RAW/v1/000/359/661/00000/12cd50e0-6443-449d-b76a-155a2acd10e6.root 359661 [195,193,194]
/store/data/Run2022E/BTagMu/RAW/v1/000/359/661/00000/142e21e9-5d50-4743-94a9-919e8c2e2249.root 359661 [146,147,148,145]
/store/data/Run2022E/BTagMu/RAW/v1/000/359/661/00000/184648d0-8ae5-42ae-9ae6-4ea172f5dd6e.root 359661 [184,186,185]
/store/data/Run2022E/BTagMu/RAW/v1/000/359/661/00000/1f75a469-a2df-496b-b271-e06535339448.root 359661 [135,134,136,133]
/store/data/Run2022E/BTagMu/RAW/v1/000/359/661/00000/24553e12-ad31-4c6e-9cde-278cc43340df.root 359661 [202,203,204]
/store/data/Run2022E/BTagMu/RAW/v1/000/359/661/00000/2646b66e-d296-452c-80d3-edae83c01737.root 359661 [53,50,52,51,54,49]
/store/data/Run2022E/BTagMu/RAW/v1/000/359/661/00000/2fbb5193-a7e7-4ba9-b86e-8179f0100d0e.root 359661 [213,212,211]
/store/data/Run2022E/BTagMu/RAW/v1/000/359/661/00000/30b31e82-4838-45e2-981f-d9c64101a9fc.root 359661 [65,67,66,62,64,63]
/store/data/Run2022E/BTagMu/RAW/v1/000/359/661/00000/31cf3f0a-4b8d-47f1-9493-03b464a3c410.root 359661 [225,223,224]
/store/data/Run2022E/BTagMu/RAW/v1/000/359/661/00000/35779212-08c1-4e01-9076-21f7488168a1.root 359661 [228,226,227]
/store/data/Run2022E/BTagMu/RAW/v1/000/359/661/00000/36a20917-da0f-4274-b9a1-6814b64926b8.root 359661 [232]
/store/data/Run2022E/BTagMu/RAW/v1/000/359/661/00000/38443c2a-0a6d-435c-8e43-035069cd6cba.root 359661 [183,181,182]
/store/data/Run2022E/BTagMu/RAW/v1/000/359/661/00000/3b585d3c-ce61-4281-aed5-5c444a77cece.root 359661 [83,86,81,84,85,82]
/store/data/Run2022E/BTagMu/RAW/v1/000/359/661/00000/3e809bc3-27da-4d70-9e1f-cdbd3dab09b1.root 359661 [129,130,131,132]
/store/data/Run2022E/BTagMu/RAW/v1/000/359/661/00000/3f8a26e5-5f98-4c9f-a2eb-7903633586ee.root 359661 [114,112,113,115]
/store/data/Run2022E/BTagMu/RAW/v1/000/359/661/00000/501086d4-9550-45ac-aa76-caed9e99fece.root 359661 [192,190,191]
/store/data/Run2022E/BTagMu/RAW/v1/000/359/661/00000/560f2d83-c9bd-4b25-b2a4-13685376d0ea.root 359661 [125,126,128,127]
/store/data/Run2022E/BTagMu/RAW/v1/000/359/661/00000/58722468-80ed-4d33-8d7a-b335cb1c076c.root 359661 [188,189,187]
/store/data/Run2022E/BTagMu/RAW/v1/000/359/661/00000/5946dd3e-7d3a-4592-920e-a734d5e29449.root 359661 [143,141,142,144]
/store/data/Run2022E/BTagMu/RAW/v1/000/359/661/00000/5fd0be4b-f90f-4aca-b607-b762e889aa24.root 359661 [150,151,149,152]
/store/data/Run2022E/BTagMu/RAW/v1/000/359/661/00000/6ee6d857-d7a9-4512-a3db-d18794d42634.root 359661 [76,77,78,79,80,75]
/store/data/Run2022E/BTagMu/RAW/v1/000/359/661/00000/778bfb63-d1dd-4709-a839-21b65ba77872.root 359661 [16,17,18]
/store/data/Run2022E/BTagMu/RAW/v1/000/359/661/00000/822e86a7-84db-4a94-8e2e-3f92d32d34a5.root 359661 [169,171,170]
/store/data/Run2022E/BTagMu/RAW/v1/000/359/661/00000/83e68e8b-d7ad-4178-bb0c-4024bd413c43.root 359661 [71,68,69,73,70,72,74]
/store/data/Run2022E/BTagMu/RAW/v1/000/359/661/00000/8d0349a8-bb05-4f3b-b766-bfb1bd61cf4a.root 359661 [206,207,205]
/store/data/Run2022E/BTagMu/RAW/v1/000/359/661/00000/9747c9fa-2ec5-4ea7-9021-cf7e25f058d2.root 359661 [201,199,200]
/store/data/Run2022E/BTagMu/RAW/v1/000/359/661/00000/980037e2-b965-4c33-a34e-122ae026f59d.root 359661 [178,180,179]
/store/data/Run2022E/BTagMu/RAW/v1/000/359/661/00000/9bcfa527-325a-42c9-b22d-cd5b6dca113c.root 359661 [172,173,174]
/store/data/Run2022E/BTagMu/RAW/v1/000/359/661/00000/9e3fed0b-9faf-4c29-bc65-1657968dea87.root 359661 [9,10]
/store/data/Run2022E/BTagMu/RAW/v1/000/359/661/00000/a0132e17-5aeb-4354-b6a7-4a85a382618b.root 359661 [4,3,6,5]
/store/data/Run2022E/BTagMu/RAW/v1/000/359/661/00000/aaf63083-ea98-4728-81a0-e45ad86186ca.root 359661 [217,218,219]
/store/data/Run2022E/BTagMu/RAW/v1/000/359/661/00000/ab078411-e75f-4462-af12-4e99fab9f5db.root 359661 [100,97,101,99,98]
/store/data/Run2022E/BTagMu/RAW/v1/000/359/661/00000/ab6fded3-0b1b-4ce7-a425-19ca4df95707.root 359661 [137,140,139,138]
/store/data/Run2022E/BTagMu/RAW/v1/000/359/661/00000/b3b26db1-5234-4fbf-8570-b07bcc44aa35.root 359661 [196,198,197]
/store/data/Run2022E/BTagMu/RAW/v1/000/359/661/00000/b4aa69be-2974-435d-aa4a-1f68755240df.root 359661 [96,94,93,95,92]
/store/data/Run2022E/BTagMu/RAW/v1/000/359/661/00000/b802c173-b152-4121-ab07-2fb22a04732b.root 359661 [154,155,153]
/store/data/Run2022E/BTagMu/RAW/v1/000/359/661/00000/b9466d2b-729f-4b9d-9d1d-13d31cabe04f.root 359661 [57,58,60,55,59,61,56]
/store/data/Run2022E/BTagMu/RAW/v1/000/359/661/00000/bee4ab32-b8bc-493c-b97e-f44a0a21b89f.root 359661 [111,107,108,109,110]
/store/data/Run2022E/BTagMu/RAW/v1/000/359/661/00000/dc8c7ad4-05dc-4106-a88a-92bb40918391.root 359661 [222,220,221]
/store/data/Run2022E/BTagMu/RAW/v1/000/359/661/00000/ecb43709-f5cb-406d-a694-59bea846928a.root 359661 [102,106,105,103,104]
/store/data/Run2022E/BTagMu/RAW/v1/000/359/661/00000/f063f32b-1626-4964-b967-4f20b14f114e.root 359661 [165,163,164]
/store/data/Run2022E/BTagMu/RAW/v1/000/359/661/00000/f5298957-b587-4123-8ccf-9cd4ca043fc0.root 359661 [209,208,210]
/store/data/Run2022E/BTagMu/RAW/v1/000/359/661/00000/f676aab6-1664-4f17-b1fd-2858e2a923ef.root 359661 [158,157,156]
/store/data/Run2022E/BTagMu/RAW/v1/000/359/661/00000/f836e38c-40c8-4dec-9f47-2a0948cfcd32.root 359661 [168,166,167]
/store/data/Run2022E/BTagMu/RAW/v1/000/359/661/00000/fe6be243-28ae-4131-9a70-c28577842ac5.root 359661 [116,117,119,120,118]
