383811
383812
383813
383814
383830
383832
383833
383834
383854
383855
383900
383907
383908
383948
383949
383996
384014
384029
384030
384031
384032
384033
384034
384035
384036
384052
384069
384070
384071
384113
384124
384126
384127
384128
384187
384188
384202
384203
384204
384209
384238
384239
384243
384244
384264
384265
384266
384272
384276
384277
384289
384290
384291
384318
384322
384323
384331
384332
384377
384378
384380
384382
384383
384406
384413
384445
384446
384464
384468
384485
384486
384487
384488
384489
384490
384491
384492
384565
384579
384591
384593
384610
384614
384638
384644
384654
384660
384753
384815
384858
384930
384933
384934
384935
384950
384951
384963
384981
385012
385016
385094
385100
385127
385134
385142
385152
385153
385168
385178
385194
385260
385281
385282
385284
385285
385286
385311
385312
385324
385344
385354
385355
385383
385384
385385
385386
385387
385390
385391
385408
385415
385422
385423
385424
385437
385443
385444
385447
385474
385478
385479
385480
385481
385483
385484
385511
385512
385513
385514
385515
385532
385554
385567
385568
385589
385591
385592
385598
385600
385602
385604
385606
385618
385619
385620
385697
385712
385713
385727
385728
385738
385739
385754
385764
385799
385801
