/store/data/Run2016H/JetHT/AOD/21Feb2020_UL2016-v1/10000/0093A231-B0C8-3640-9890-7EC70CFD5AA5.root [1301,1305,1300,1302,1303,1299,1304]
/store/data/Run2016H/JetHT/AOD/21Feb2020_UL2016-v1/10000/02132108-C388-F74A-B866-66D176FF805B.root [176,178,174,177,179,175]
/store/data/Run2016H/JetHT/AOD/21Feb2020_UL2016-v1/10000/024691C2-E728-0147-BED4-40CB472CDCF4.root [1226,1223,1224,1183,1182,1222,1225]
/store/data/Run2016H/JetHT/AOD/21Feb2020_UL2016-v1/10000/04DA155E-424D-5C46-869F-75AE79BE70A6.root [539,538,537,535,536,540]
/store/data/Run2016H/JetHT/AOD/21Feb2020_UL2016-v1/10000/056A195C-8C3D-A64A-B649-63AFCADDA157.root [484,482,480,479,483,481]
/store/data/Run2016H/JetHT/AOD/21Feb2020_UL2016-v1/10000/0713D503-0DEA-6540-951A-0EBDB1DBF971.root [1021,1015,1016,1019,1017,1018,1020]
/store/data/Run2016H/JetHT/AOD/21Feb2020_UL2016-v1/10000/07F3A012-2269-2B4D-8905-CF6A1FC0C60F.root [324,327,328,322,329,323]
/store/data/Run2016H/JetHT/AOD/21Feb2020_UL2016-v1/10000/08067575-EFBE-464C-9FDA-01FC52328D51.root [166,167,165,164,162,163]
/store/data/Run2016H/JetHT/AOD/21Feb2020_UL2016-v1/10000/0829B8BE-306C-6E42-BC58-17E4652C6EED.root [1212,1216,1214,1213,1210,1211,1215]
/store/data/Run2016H/JetHT/AOD/21Feb2020_UL2016-v1/10000/08530CA6-D740-8743-AAE8-3AB0168373A5.root [228,230,231,227,232,229]
/store/data/Run2016H/JetHT/AOD/21Feb2020_UL2016-v1/10000/094FC258-812F-BB4F-AFC4-44B6F0E0EBB1.root [398,405,399,406,404,400]
/store/data/Run2016H/JetHT/AOD/21Feb2020_UL2016-v1/10000/1194818D-37D6-F442-A10E-1807CB8C2D3A.root [788,787,789,792,790,791]
/store/data/Run2016H/JetHT/AOD/21Feb2020_UL2016-v1/10000/126D2122-1E80-4E47-8A77-7E7EBB265A4F.root [971,972,698,699,1075,1076,1077]
/store/data/Run2016H/JetHT/AOD/21Feb2020_UL2016-v1/10000/156F4E81-E620-C247-AF54-4086B8C7468F.root [24,195,23,26,25,196]
/store/data/Run2016H/JetHT/AOD/21Feb2020_UL2016-v1/10000/15F19FD7-7542-124B-86E5-5B242AEFF3DC.root [54,57,56,59,55,53,58]
/store/data/Run2016H/JetHT/AOD/21Feb2020_UL2016-v1/10000/187F7728-8B19-9F42-AE32-57CD90C604EB.root [1486,1485,1490,1484,1488,1489,1487]
/store/data/Run2016H/JetHT/AOD/21Feb2020_UL2016-v1/10000/1AD65AF2-11E8-B74A-A9B1-7D62D7108A90.root [655,656,652,654,651,653]
/store/data/Run2016H/JetHT/AOD/21Feb2020_UL2016-v1/10000/1B1C6A28-75E2-CC4A-A05F-5BA158801580.root [1107,1104,1106,1112,1098,1113,1105]
/store/data/Run2016H/JetHT/AOD/21Feb2020_UL2016-v1/10000/1C10D393-DEBF-1B43-88C5-91BAF95B3ED0.root [1188,1175,1187,1184,1185,1174,1186]
/store/data/Run2016H/JetHT/AOD/21Feb2020_UL2016-v1/10000/1CB81C0E-4A7B-9E45-9186-DC926EBE1EC8.root [420,413,419,417,421,418]
/store/data/Run2016H/JetHT/AOD/21Feb2020_UL2016-v1/10000/1DF228E5-4969-0A48-A64D-0685FBC7AF4A.root [908,912,909,910,911,913]
/store/data/Run2016H/JetHT/AOD/21Feb2020_UL2016-v1/10000/1E6E2296-FF5C-BC4F-B234-16A29C9FF83A.root [373,370,371,372,369,366]
/store/data/Run2016H/JetHT/AOD/21Feb2020_UL2016-v1/10000/1F64BE87-6D56-A443-8522-95828418AC28.root [305,193,241,194,240,191]
/store/data/Run2016H/JetHT/AOD/21Feb2020_UL2016-v1/10000/2264935C-E9A5-4643-97B9-03E7D16BCDFD.root [447,450,449,451,453,454,452]
/store/data/Run2016H/JetHT/AOD/21Feb2020_UL2016-v1/10000/23E55AA2-1B04-F540-B7F8-816915775CF6.root [110,113,109,108,111,112]
/store/data/Run2016H/JetHT/AOD/21Feb2020_UL2016-v1/10000/2405A969-BCEB-AC49-9E55-E1B8058FECEA.root [192,186,190,187,188,189]
/store/data/Run2016H/JetHT/AOD/21Feb2020_UL2016-v1/10000/24602FB1-565C-B84C-B83C-36E2E58961D9.root [1352,1353,1350,1351,1355,1354]
/store/data/Run2016H/JetHT/AOD/21Feb2020_UL2016-v1/10000/252C00DA-2AAE-2148-8B2E-F5C5C1EA4DD0.root [123,121,122,120,124,125]
/store/data/Run2016H/JetHT/AOD/21Feb2020_UL2016-v1/10000/25FD3D22-683B-4241-88F8-0EDB9E78B7B2.root [724,725,720,723,721,722]
/store/data/Run2016H/JetHT/AOD/21Feb2020_UL2016-v1/10000/2657DBBD-4237-5249-A3BB-D601637557FF.root [1366,1364,1362,1363,1365,1367]
/store/data/Run2016H/JetHT/AOD/21Feb2020_UL2016-v1/10000/2691D005-EC32-024B-9ECC-A82DDA35B621.root [716,714,715,718,719,717]
/store/data/Run2016H/JetHT/AOD/21Feb2020_UL2016-v1/10000/2784C6AF-0DD4-0E40-B4EF-37AAB96BBD8F.root [830,831,834,829,832,833]
/store/data/Run2016H/JetHT/AOD/21Feb2020_UL2016-v1/10000/297A763B-D8A9-F544-9EFD-A878A62ECED7.root [375,379,377,374,378,376]
/store/data/Run2016H/JetHT/AOD/21Feb2020_UL2016-v1/10000/2AE21997-48F3-CC43-BECA-ED7EE1DD4343.root [671,675,672,674,669,673,670]
/store/data/Run2016H/JetHT/AOD/21Feb2020_UL2016-v1/10000/2C5D2AE9-0F21-D34E-9B5E-4B6D60D069E6.root [491,492,496,495,493,494]
/store/data/Run2016H/JetHT/AOD/21Feb2020_UL2016-v1/10000/2CC56175-E851-BE4B-982F-079BD7FCBAF8.root [1414,1423,1422,1412,1413,1415]
/store/data/Run2016H/JetHT/AOD/21Feb2020_UL2016-v1/10000/2D8F1C44-983F-9E40-BF0F-B2BABAAB85D8.root [1229,1218,1219,1217,1221,1220,1232]
/store/data/Run2016H/JetHT/AOD/21Feb2020_UL2016-v1/10000/2EA47613-ED9D-1540-A4A4-D67B55F554C0.root [344,346,343,360,342,345]
/store/data/Run2016H/JetHT/AOD/21Feb2020_UL2016-v1/10000/2F785BA1-56EE-114A-9C47-3E5FD9EAAE5D.root [1398,1402,1401,1397,1400,1399,1403]
/store/data/Run2016H/JetHT/AOD/21Feb2020_UL2016-v1/10000/30E91385-9B30-4E46-92AF-C8D8E717E3E3.root [1206,1209,1203,1204,1205,1207,1208]
/store/data/Run2016H/JetHT/AOD/21Feb2020_UL2016-v1/10000/316C3010-1153-A546-9D5F-6A44FF081917.root [994,999,1000,997,998,995,996]
/store/data/Run2016H/JetHT/AOD/21Feb2020_UL2016-v1/10000/32B8ACCE-9087-F14E-9370-FA1F36B63854.root [657,661,658,659,660,662]
/store/data/Run2016H/JetHT/AOD/21Feb2020_UL2016-v1/10000/336B0077-9854-CF4D-B916-7D2EAE8600F4.root [732,734,736,737,735,733]
/store/data/Run2016H/JetHT/AOD/21Feb2020_UL2016-v1/10000/36CEB99D-B7D3-604A-8410-BB60FD753D2A.root [873,876,871,872,874,875]
/store/data/Run2016H/JetHT/AOD/21Feb2020_UL2016-v1/10000/38BC0CC8-AC98-9146-AB08-043A0726EC15.root [1425,1426,1428,1429,1427,1424]
/store/data/Run2016H/JetHT/AOD/21Feb2020_UL2016-v1/10000/38F76F49-AECB-8040-B099-D89FA9F3368D.root [703,706,702,704,707,705]
/store/data/Run2016H/JetHT/AOD/21Feb2020_UL2016-v1/10000/3A0AE018-9DCE-1043-B6BD-F010DE30ACB5.root [1285,1291,1286,1287,1290,1288,1289]
/store/data/Run2016H/JetHT/AOD/21Feb2020_UL2016-v1/10000/3AE71638-9C8D-B141-B89A-EBEB99A5FECA.root [1325,1322,1328,1320,1321,1324,1323]
/store/data/Run2016H/JetHT/AOD/21Feb2020_UL2016-v1/10000/3B30FAFF-B2C5-714C-B0E1-AB67DAA0EF61.root [827,826,825,828,824,823]
/store/data/Run2016H/JetHT/AOD/21Feb2020_UL2016-v1/10000/3BF7CFA5-024E-814F-85B0-62D9596B0C02.root [312,303,304,302,308,307]
/store/data/Run2016H/JetHT/AOD/21Feb2020_UL2016-v1/10000/3EA43344-DC3A-914A-B016-12743A8F6EE2.root [216,219,220,218,215,217]
/store/data/Run2016H/JetHT/AOD/21Feb2020_UL2016-v1/10000/43434871-FD42-7340-9E4F-198711DC0D9D.root [1451,1449,1450,1442,1444,1443]
/store/data/Run2016H/JetHT/AOD/21Feb2020_UL2016-v1/10000/468E4600-7C73-ED47-8026-333E43618208.root [900,898,895,901,899,897]
/store/data/Run2016H/JetHT/AOD/21Feb2020_UL2016-v1/10000/46AD700C-64E5-604B-A95A-880738604E09.root [589,590,583,588,584,585]
/store/data/Run2016H/JetHT/AOD/21Feb2020_UL2016-v1/10000/4779F43C-4050-5A4E-8240-A02F2B36B960.root [884,886,887,883,885,888]
/store/data/Run2016H/JetHT/AOD/21Feb2020_UL2016-v1/10000/48341F61-FC5C-7F42-BF56-E41C37497E29.root [1357,1360,1361,1356,1359,1358]
/store/data/Run2016H/JetHT/AOD/21Feb2020_UL2016-v1/10000/48664243-84A2-AE42-846F-8F8934442881.root [635,634,633,636,637,638]
/store/data/Run2016H/JetHT/AOD/21Feb2020_UL2016-v1/10000/4A18D184-A33B-B94F-97E9-41DD14E3F964.root [771,778,779,776,769,770,772,774,773,775,777]
/store/data/Run2016H/JetHT/AOD/21Feb2020_UL2016-v1/10000/4A990B4D-B3B5-F742-AD60-D7F8B2CB4134.root [476,477,474,473,478,475]
/store/data/Run2016H/JetHT/AOD/21Feb2020_UL2016-v1/10000/4B0F557D-193E-DA46-9B09-5F89FDF1DCB4.root [141,138,140,139,143,142]
/store/data/Run2016H/JetHT/AOD/21Feb2020_UL2016-v1/10000/4B2512A1-600E-DA4E-95C4-7A40ABACDFDF.root [745,746,748,749,744,747]
/store/data/Run2016H/JetHT/AOD/21Feb2020_UL2016-v1/10000/4C1591AE-E971-DA4D-85F0-1B0F694C87F8.root [1391,1392,1395,1390,1393,1394,1396]
/store/data/Run2016H/JetHT/AOD/21Feb2020_UL2016-v1/10000/4C8BD674-4B34-EA4D-86C6-06A5F95EE18B.root [126,130,127,129,128,131]
/store/data/Run2016H/JetHT/AOD/21Feb2020_UL2016-v1/10000/4E65CE74-60B5-DB46-B937-40F817C277AE.root [85,88,86,87,89,84]
/store/data/Run2016H/JetHT/AOD/21Feb2020_UL2016-v1/10000/4FC3631D-5116-494A-9E8A-183D3AB11114.root [198,201,202,199,197,200]
/store/data/Run2016H/JetHT/AOD/21Feb2020_UL2016-v1/10000/50030B22-2313-A849-9BDE-DEBBA0F6186B.root [352,350,355,351,353,354]
/store/data/Run2016H/JetHT/AOD/21Feb2020_UL2016-v1/10000/546D3008-F9D9-9D4A-A383-CD469ABE2999.root [819,821,820,822,818,817]
/store/data/Run2016H/JetHT/AOD/21Feb2020_UL2016-v1/10000/56123FA4-0224-F24A-8817-6DA6D259CAF1.root [28,19,22,21,27,20]
/store/data/Run2016H/JetHT/AOD/21Feb2020_UL2016-v1/10000/562EBE2B-CB1E-7F40-966B-BA1E6C9C5D52.root [261,264,263,260,262,265]
/store/data/Run2016H/JetHT/AOD/21Feb2020_UL2016-v1/10000/5808F9F6-D95B-D240-99EE-917D4C21AC3A.root [796,798,793,794,795,797]
/store/data/Run2016H/JetHT/AOD/21Feb2020_UL2016-v1/10000/5881F010-A375-E948-894E-F2758E8A53E7.root [948,950,949,947,952,951]
/store/data/Run2016H/JetHT/AOD/21Feb2020_UL2016-v1/10000/58D4BA66-4BEB-2C41-BD84-86A277DAB64D.root [859,861,863,864,862,860]
/store/data/Run2016H/JetHT/AOD/21Feb2020_UL2016-v1/10000/5CCA7CEC-7DB4-CF44-B1F6-EA8D2CBFB753.root [1418,1420,1417,1419,1405,1416]
/store/data/Run2016H/JetHT/AOD/21Feb2020_UL2016-v1/10000/5F950927-242E-9846-BC2E-48FFE6DF5674.root [625,621,623,624,626,622]
/store/data/Run2016H/JetHT/AOD/21Feb2020_UL2016-v1/10000/614088DE-58F2-6544-90C9-06EB700FEEE9.root [1258,1256,1260,1261,1257,1259,1252]
/store/data/Run2016H/JetHT/AOD/21Feb2020_UL2016-v1/10000/621628F2-01C2-A346-A72F-CBB7F0A9EFAE.root [1152,1149,1150,1153,1148,1151,1154]
/store/data/Run2016H/JetHT/AOD/21Feb2020_UL2016-v1/10000/624E08D1-9A3A-C84E-98B9-A21F4B0035CD.root [1054,1050,1051,1052,1053,1055,1056]
/store/data/Run2016H/JetHT/AOD/21Feb2020_UL2016-v1/10000/62AD3848-DB17-324A-A74D-1160472285A1.root [1371,1369,1372,1373,1368,1370]
/store/data/Run2016H/JetHT/AOD/21Feb2020_UL2016-v1/10000/6306F617-2154-1046-B508-6E9E1DEAD45B.root [80,79,82,83,78,81]
/store/data/Run2016H/JetHT/AOD/21Feb2020_UL2016-v1/10000/63207A2D-6331-5146-8EED-D9234C191215.root [137,132,133,134,135,136]
/store/data/Run2016H/JetHT/AOD/21Feb2020_UL2016-v1/10000/64FDB098-2C48-0A48-AA56-0DA9497126BE.root [641,639,640,642,644,643]
/store/data/Run2016H/JetHT/AOD/21Feb2020_UL2016-v1/10000/65811423-6828-EC4B-96AA-94D3764917FF.root [566,570,568,565,567,569]
/store/data/Run2016H/JetHT/AOD/21Feb2020_UL2016-v1/10000/65823557-EE06-CF49-A9F1-9FEBD766C989.root [249,251,250,252,253,248]
/store/data/Run2016H/JetHT/AOD/21Feb2020_UL2016-v1/10000/659AE12E-3B21-6D4B-9928-3CD7D34F855C.root [1470,1472,1465,1469,1473,1466,1467,1468,1474]
/store/data/Run2016H/JetHT/AOD/21Feb2020_UL2016-v1/10000/65CDDC41-8E9F-A745-A0F6-FFB35FDB85D7.root [1146,1164,1165,1145,1163,1170,1143]
/store/data/Run2016H/JetHT/AOD/21Feb2020_UL2016-v1/10000/68C36C54-B69A-6F4F-A4E7-3D4B7C320994.root [850,852,848,851,849,847]
/store/data/Run2016H/JetHT/AOD/21Feb2020_UL2016-v1/10000/6B38A274-A01F-A24E-94FB-FBA18540DB77.root [357,358,363,364,365,356]
/store/data/Run2016H/JetHT/AOD/21Feb2020_UL2016-v1/10000/6B9C92D9-4DE8-F845-847A-5D04D7DDF7F9.root [616,619,615,617,618,620]
/store/data/Run2016H/JetHT/AOD/21Feb2020_UL2016-v1/10000/6E80C196-A6AF-0B44-BD8F-0EAE0845B558.root [1235,1237,1240,1227,1228,1236,1241]
/store/data/Run2016H/JetHT/AOD/21Feb2020_UL2016-v1/10000/7024008D-60DA-A446-9283-4AD0D184657A.root [41,44,45,46,42,43]
/store/data/Run2016H/JetHT/AOD/21Feb2020_UL2016-v1/10000/70338941-ADB2-544C-862B-6A9652FB56B7.root [1091,1096,1095,1094,1092,1093,1097]
/store/data/Run2016H/JetHT/AOD/21Feb2020_UL2016-v1/10000/70B5654D-1F29-8B4B-BE23-AB2154BDD94F.root [1230,1231,1234,1250,1249,1233,1251]
/store/data/Run2016H/JetHT/AOD/21Feb2020_UL2016-v1/10000/725917D0-B9E3-FE48-8F80-487DBE2D7942.root [811,813,814,812,816,815]
/store/data/Run2016H/JetHT/AOD/21Feb2020_UL2016-v1/10000/73170D0A-D5C7-5042-BC67-DC84C1858859.root [1133,1134,1135,1139,1132,1140,1147]
/store/data/Run2016H/JetHT/AOD/21Feb2020_UL2016-v1/10000/7342DC5A-B572-AD48-9825-1D7BD0F801A8.root [853,855,856,857,858,854]
/store/data/Run2016H/JetHT/AOD/21Feb2020_UL2016-v1/10000/7348E798-81B6-0742-955E-055B82E67057.root [386,380,397,391,385,392]
/store/data/Run2016H/JetHT/AOD/21Feb2020_UL2016-v1/10000/73508FE1-58C3-A14E-97CF-1DC4E9EECEFE.root [51,52,50,47,48,49]
/store/data/Run2016H/JetHT/AOD/21Feb2020_UL2016-v1/10000/764A4E99-30B7-994C-8F70-E7DF62670A5F.root [315,306,310,316,317,309]
/store/data/Run2016H/JetHT/AOD/21Feb2020_UL2016-v1/10000/7873900A-2440-1C4F-83C1-D0FE5036E0CE.root [1116,1110,1111,1108,1118,1117,1109]
/store/data/Run2016H/JetHT/AOD/21Feb2020_UL2016-v1/10000/79D329F5-C75A-0B4C-8794-117BA7F2825C.root [12,11,17,18,13,14]
/store/data/Run2016H/JetHT/AOD/21Feb2020_UL2016-v1/10000/7ABFEDF1-B4D1-6D4E-BB46-A23A5DECCBE0.root [924,919,921,923,925,926,922]
/store/data/Run2016H/JetHT/AOD/21Feb2020_UL2016-v1/10000/7B49CF53-EF68-794C-B45A-53F4B6FD4D57.root [466,463,465,461,462,464]
/store/data/Run2016H/JetHT/AOD/21Feb2020_UL2016-v1/10000/7B75107E-865B-FB4C-AF66-90E04E454466.root [6,4,5,7,8,3]
/store/data/Run2016H/JetHT/AOD/21Feb2020_UL2016-v1/10000/7B926B6A-5852-C642-8BDC-29984361EA4F.root [395,394,396,393,401,390]
/store/data/Run2016H/JetHT/AOD/21Feb2020_UL2016-v1/10000/7C600CE3-600D-E947-8217-0CF4426A6C51.root [1176,1166,1168,1169,1167,1159,1177]
/store/data/Run2016H/JetHT/AOD/21Feb2020_UL2016-v1/10000/7DE53033-D5E0-F84E-8FD7-D46336EFC9A1.root [693,690,691,688,689,692]
/store/data/Run2016H/JetHT/AOD/21Feb2020_UL2016-v1/10000/80AFCCE5-B6C5-F04E-81EF-8B28AC387FCD.root [66,68,69,70,67,71]
/store/data/Run2016H/JetHT/AOD/21Feb2020_UL2016-v1/10000/80C03053-A641-9540-9866-1E48DA9CF6D6.root [943,941,944,945,942,946]
/store/data/Run2016H/JetHT/AOD/21Feb2020_UL2016-v1/10000/81C207D6-3AFE-D34B-8227-FF84E16B543F.root [534,533,531,532,529,530]
/store/data/Run2016H/JetHT/AOD/21Feb2020_UL2016-v1/10000/83E119DA-F2B0-C443-9BCB-0CBF1F720526.root [1430,1431,1433,1435,1432,1434]
/store/data/Run2016H/JetHT/AOD/21Feb2020_UL2016-v1/10000/850E2CF4-91D7-C44C-B0B3-CAE4D253A2B9.root [750,752,753,751,754,755]
/store/data/Run2016H/JetHT/AOD/21Feb2020_UL2016-v1/10000/87289ED2-9AEB-0948-BCB7-C0988F742EE4.root [1439,1437,1438,1441,1440,1436]
/store/data/Run2016H/JetHT/AOD/21Feb2020_UL2016-v1/10000/87BAD9CE-4990-B342-9088-023AA57B2464.root [1387,1384,1388,1386,1385,1389]
/store/data/Run2016H/JetHT/AOD/21Feb2020_UL2016-v1/10000/87F09EC3-2117-7347-B267-3AF14729C2D6.root [563,559,560,561,562,564]
/store/data/Run2016H/JetHT/AOD/21Feb2020_UL2016-v1/10000/886B8453-D63F-CD45-8DFF-CA7F02DFF76A.root [294,296,290,291,293,292]
/store/data/Run2016H/JetHT/AOD/21Feb2020_UL2016-v1/10000/88797746-30FB-D04F-B13B-9F7D30CF6B59.root [646,647,648,649,650,645]
/store/data/Run2016H/JetHT/AOD/21Feb2020_UL2016-v1/10000/89151A96-9812-4C45-95EC-970B0E684D92.root [878,879,877,882,880,881]
/store/data/Run2016H/JetHT/AOD/21Feb2020_UL2016-v1/10000/8B04C293-4E87-E24E-AF38-64EA680E4C33.root [677,678,679,676,680,681]
/store/data/Run2016H/JetHT/AOD/21Feb2020_UL2016-v1/10000/8D3204B4-63A9-E949-9601-6C3555873DA9.root [40,37,35,36,39,38]
/store/data/Run2016H/JetHT/AOD/21Feb2020_UL2016-v1/10000/8DF4CF4C-A582-FE4C-901C-BA7E47C4F4B3.root [407,410,412,409,408,411]
/store/data/Run2016H/JetHT/AOD/21Feb2020_UL2016-v1/10000/91295E81-DC9A-C841-98AA-C7A697C24D7E.root [708,710,713,709,711,712]
/store/data/Run2016H/JetHT/AOD/21Feb2020_UL2016-v1/10000/91461506-1419-ED49-B696-B4D1DF2925CB.root [596,591,594,595,592,593]
/store/data/Run2016H/JetHT/AOD/21Feb2020_UL2016-v1/10000/91873750-B5FD-C44B-8889-8594BD933B31.root [804,799,802,800,801,803]
/store/data/Run2016H/JetHT/AOD/21Feb2020_UL2016-v1/10000/9378E87D-940A-6344-B8F1-9E65B6EA50DB.root [455,457,458,460,459,456]
/store/data/Run2016H/JetHT/AOD/21Feb2020_UL2016-v1/10000/94ABB57F-3DC9-6C49-85F6-EA1D55D453A1.root [1103,1099,1102,1083,1084,1101,1100]
/store/data/Run2016H/JetHT/AOD/21Feb2020_UL2016-v1/10000/9625B93D-5177-304B-99ED-0A9420667D49.root [867,869,870,865,866,868]
/store/data/Run2016H/JetHT/AOD/21Feb2020_UL2016-v1/10000/97397B97-7D13-C748-85E0-2E851551044A.root [962,964,959,961,960,963]
/store/data/Run2016H/JetHT/AOD/21Feb2020_UL2016-v1/10000/995638F0-B2AA-B74E-936A-99B1CFFA2DBF.root [683,684,685,682,687,686]
/store/data/Run2016H/JetHT/AOD/21Feb2020_UL2016-v1/10000/9CA1D35F-CFAC-AA47-88AB-2B99F65FD9CC.root [1131,1125,1129,1126,1128,1130,1127]
/store/data/Run2016H/JetHT/AOD/21Feb2020_UL2016-v1/10000/9CECC3F8-E816-C242-AF6E-CAB4538F2157.root [1306,1307,1308,1313,1309,1310,1312]
/store/data/Run2016H/JetHT/AOD/21Feb2020_UL2016-v1/10000/9D91F955-BE3B-7249-8EF5-7077D764CBFD.root [301,299,295,297,300,298]
/store/data/Run2016H/JetHT/AOD/21Feb2020_UL2016-v1/10000/9DEFE753-7D80-B44C-BF73-64EA10F45FC0.root [1495,1496,1493,1494,1491,1492]
/store/data/Run2016H/JetHT/AOD/21Feb2020_UL2016-v1/10000/9E44D410-93BC-F641-90DF-F95D87AB6605.root [974,978,976,979,975,977,980]
/store/data/Run2016H/JetHT/AOD/21Feb2020_UL2016-v1/10000/9E7466B5-5994-C347-A1C0-2BC1EA9A438D.root [577,579,582,581,580,578]
/store/data/Run2016H/JetHT/AOD/21Feb2020_UL2016-v1/10000/A01EC0F9-32CE-3847-BCA8-C8AB60F198B6.root [1068,1072,1066,1063,1065,1070,1067,1069]
/store/data/Run2016H/JetHT/AOD/21Feb2020_UL2016-v1/10000/A13244AA-2FD5-7348-B119-2F32EFF7733C.root [1025,1027,1026,1028,1023,1024,1022]
/store/data/Run2016H/JetHT/AOD/21Feb2020_UL2016-v1/10000/A14C37A5-0FC6-F54D-97E6-5D883765079D.root [1447,1498,1445,1446,1497,1499,1448,1421]
/store/data/Run2016H/JetHT/AOD/21Feb2020_UL2016-v1/10000/A3A0C7EA-09BE-8F4B-BF63-04230ACE7E0C.root [1030,1034,1033,1032,1031,1035,1029]
/store/data/Run2016H/JetHT/AOD/21Feb2020_UL2016-v1/10000/A3C7547E-0007-AC43-B7C3-0664D87B19D1.root [183,180,181,182,184,185]
/store/data/Run2016H/JetHT/AOD/21Feb2020_UL2016-v1/10000/A3FD6ED6-597F-EE4B-951A-24968673F244.root [425,426,427,429,428,424]
/store/data/Run2016H/JetHT/AOD/21Feb2020_UL2016-v1/10000/A62F9098-E6BA-AF4E-952C-0343E4537938.root [501,497,499,498,500,502]
/store/data/Run2016H/JetHT/AOD/21Feb2020_UL2016-v1/10000/A67C97DC-9F0B-6341-A4BF-82D1A916B775.root [382,384,389,383,387,388]
/store/data/Run2016H/JetHT/AOD/21Feb2020_UL2016-v1/10000/A6D7AC2A-3FBB-0547-889E-7A08F40FAE65.root [558,553,554,556,557,555]
/store/data/Run2016H/JetHT/AOD/21Feb2020_UL2016-v1/10000/A6EC3E35-F03E-2D47-B5A6-B27E65F8CE08.root [1460,1462,1463,1464,1459,1461,1458]
/store/data/Run2016H/JetHT/AOD/21Feb2020_UL2016-v1/10000/A804F95F-2EAC-B942-B267-FD9EBB17935A.root [759,757,758,756,760,761]
/store/data/Run2016H/JetHT/AOD/21Feb2020_UL2016-v1/10000/ABF84CFA-BE80-F34E-8D45-5F0FCEB9EB9D.root [727,730,726,728,731,729]
/store/data/Run2016H/JetHT/AOD/21Feb2020_UL2016-v1/10000/AC3EE7A1-E08A-814B-9E62-0661251419EA.root [268,272,267,270,269,266]
/store/data/Run2016H/JetHT/AOD/21Feb2020_UL2016-v1/10000/AC70BBF0-F717-4F4C-AF0B-3D96A4840CA9.root [1292,1295,1298,1296,1297,1293,1294]
/store/data/Run2016H/JetHT/AOD/21Feb2020_UL2016-v1/10000/AD0B2DD8-9A43-2245-BF9A-43206A5728F5.root [334,335,333,337,330,336]
/store/data/Run2016H/JetHT/AOD/21Feb2020_UL2016-v1/10000/AD729EAA-BDE9-9F40-8D76-304C367CED50.root [1246,1262,1247,1255,1264,1254,1253]
/store/data/Run2016H/JetHT/AOD/21Feb2020_UL2016-v1/10000/AE8FEB9A-F2F4-7342-B384-D5D2F5A28F5A.root [953,957,954,956,958,955]
/store/data/Run2016H/JetHT/AOD/21Feb2020_UL2016-v1/10000/AE9A69AA-DCD4-BE47-BD82-9A3A5DEF5889.root [100,101,96,99,97,98]
/store/data/Run2016H/JetHT/AOD/21Feb2020_UL2016-v1/10000/AFB8BB5B-8BF4-414D-8D26-6E9133A36329.root [1336,1334,1335,1340,1337,1339,1338]
/store/data/Run2016H/JetHT/AOD/21Feb2020_UL2016-v1/10000/B0264E80-964A-3E41-9DFE-FE576DA65CB8.root [1281,1279,1280,1284,1283,1282,1278]
/store/data/Run2016H/JetHT/AOD/21Feb2020_UL2016-v1/10000/B04C7FB3-E473-FB41-BBC6-294CE401BBD6.root [572,573,574,576,575,571]
/store/data/Run2016H/JetHT/AOD/21Feb2020_UL2016-v1/10000/B29165B4-F985-314C-8942-46064226217A.root [367,362,381,359,361,368]
/store/data/Run2016H/JetHT/AOD/21Feb2020_UL2016-v1/10000/B4E506B9-08BD-EA40-8075-AE237BA1EA59.root [206,203,205,204,208,207]
/store/data/Run2016H/JetHT/AOD/21Feb2020_UL2016-v1/10000/B5FC538B-0867-FC4C-93CD-42C34C90EB1A.root [1074,1073,1080,1071,1079,1082,1081]
/store/data/Run2016H/JetHT/AOD/21Feb2020_UL2016-v1/10000/B7998774-41D4-3045-8767-5A88D741C0B4.root [245,244,247,243,242,246,239]
/store/data/Run2016H/JetHT/AOD/21Feb2020_UL2016-v1/10000/B93BEF9E-B592-0541-8AA2-882AA354181A.root [603,607,608,605,604,606]
/store/data/Run2016H/JetHT/AOD/21Feb2020_UL2016-v1/10000/B9436685-458F-6A44-AC0B-A4F8DC1F94B4.root [762,767,766,764,763,768,765]
/store/data/Run2016H/JetHT/AOD/21Feb2020_UL2016-v1/10000/BA724A00-2585-F442-B8E2-68135BCF56A8.root [1377,1376,1382,1374,1375,1383]
/store/data/Run2016H/JetHT/AOD/21Feb2020_UL2016-v1/10000/BA8111AA-98BD-7442-BB40-601C573439D1.root [235,236,234,237,233,238]
/store/data/Run2016H/JetHT/AOD/21Feb2020_UL2016-v1/10000/BC7C385E-C60E-4040-993B-EF064E1AF7A2.root [902,903,906,904,905,907]
/store/data/Run2016H/JetHT/AOD/21Feb2020_UL2016-v1/10000/BC832AFE-D72D-624E-B0A5-5F61DF955B99.root [993,992,990,987,988,989,991]
/store/data/Run2016H/JetHT/AOD/21Feb2020_UL2016-v1/10000/BD367108-C0C9-5D4D-B0DE-86905F438F4B.root [549,547,551,552,550,548]
/store/data/Run2016H/JetHT/AOD/21Feb2020_UL2016-v1/10000/BD38AC14-D693-5C4F-92B7-A4B0872739A6.root [1043,1045,1044,1046,1047,1049,1048]
/store/data/Run2016H/JetHT/AOD/21Feb2020_UL2016-v1/10000/C0EB6E0B-8CA6-634E-9612-FF8C2ADFCD2F.root [632,628,627,629,630,631]
/store/data/Run2016H/JetHT/AOD/21Feb2020_UL2016-v1/10000/C117A7C4-0361-454B-BADC-EBCC59214591.root [1060,1062,1059,1061,1058,1064,1057]
/store/data/Run2016H/JetHT/AOD/21Feb2020_UL2016-v1/10000/C202CDC9-3377-EC46-941D-2B0281094597.root [1037,1038,1039,1041,1040,1042,1036]
/store/data/Run2016H/JetHT/AOD/21Feb2020_UL2016-v1/10000/C22FD22B-0CF5-D148-8AA6-9A21169B018C.root [469,470,467,471,468,472]
/store/data/Run2016H/JetHT/AOD/21Feb2020_UL2016-v1/10000/C2B60081-73AE-5A40-9A80-9EE07C0F5D60.root [1160,1155,1156,1157,1162,1158,1161]
/store/data/Run2016H/JetHT/AOD/21Feb2020_UL2016-v1/10000/C350E6D2-3EB2-364F-9712-19546649BAE4.root [150,151,155,152,154,153]
/store/data/Run2016H/JetHT/AOD/21Feb2020_UL2016-v1/10000/C351380A-1F34-0249-A040-A9ABBFE6102B.root [311,319,320,313,314,321]
/store/data/Run2016H/JetHT/AOD/21Feb2020_UL2016-v1/10000/C3A5571B-13F6-5345-A77A-60F5BDA930EA.root [256,254,258,257,259,255]
/store/data/Run2016H/JetHT/AOD/21Feb2020_UL2016-v1/10000/C3BDFCA9-9BBA-AF47-B538-A2FA574DCDBC.root [1243,1245,1248,1238,1239,1242,1244]
/store/data/Run2016H/JetHT/AOD/21Feb2020_UL2016-v1/10000/C41EE389-D362-EC40-B8A3-0D3CF159ED80.root [934,935,940,936,937,939,938]
/store/data/Run2016H/JetHT/AOD/21Feb2020_UL2016-v1/10000/C42693BE-04AE-0349-8381-531C33FD49E0.root [91,93,94,90,92,95]
/store/data/Run2016H/JetHT/AOD/21Feb2020_UL2016-v1/10000/C51517B4-1936-1A47-B400-67810FFF6C7A.root [518,519,521,520,523,522]
/store/data/Run2016H/JetHT/AOD/21Feb2020_UL2016-v1/10000/C56E11F1-6AAA-7B49-A816-E83D5F6896F7.root [1333,1329,1332,1330,1331,1326,1327]
/store/data/Run2016H/JetHT/AOD/21Feb2020_UL2016-v1/10000/C5C431C8-CCFF-FF41-BD96-EE87C0D6FB4B.root [1197,1198,1200,1201,1196,1199,1202]
/store/data/Run2016H/JetHT/AOD/21Feb2020_UL2016-v1/10000/C70D550F-2B60-3B4C-B7C1-8498200B41E0.root [446,444,445,448,443,442]
/store/data/Run2016H/JetHT/AOD/21Feb2020_UL2016-v1/10000/C75FBC08-DEAE-1746-884C-D869721AE6C9.root [527,587,586,524,525,526]
/store/data/Run2016H/JetHT/AOD/21Feb2020_UL2016-v1/10000/C783F9E4-71BD-7A4E-93B8-2067EF1BE160.root [433,431,434,435,430,432]
/store/data/Run2016H/JetHT/AOD/21Feb2020_UL2016-v1/10000/C998B603-5C10-6547-9303-1C1CC3381AB7.root [145,146,144,147,148,149]
/store/data/Run2016H/JetHT/AOD/21Feb2020_UL2016-v1/10000/CA8C5344-6B11-D346-AEFF-CEE53B302356.root [221,224,222,223,225,226]
/store/data/Run2016H/JetHT/AOD/21Feb2020_UL2016-v1/10000/CAC75529-0A6B-0F45-BA37-4A351086E08D.root [932,933,927,930,929,928,931]
/store/data/Run2016H/JetHT/AOD/21Feb2020_UL2016-v1/10000/CCB2852D-7DE3-3049-93D9-BA7FEC7F4A63.root [118,115,117,116,114,119]
/store/data/Run2016H/JetHT/AOD/21Feb2020_UL2016-v1/10000/D13D5777-67DC-114F-8036-0C36AA7D2E20.root [841,845,844,842,843,846]
/store/data/Run2016H/JetHT/AOD/21Feb2020_UL2016-v1/10000/D1964B2D-8FD5-9246-ABBB-A6718CACD9AB.root [967,973,970,966,968,969,965]
/store/data/Run2016H/JetHT/AOD/21Feb2020_UL2016-v1/10000/D1C5BD2B-B042-084B-8999-20F32F0F7730.root [891,893,896,892,889,890,894]
/store/data/Run2016H/JetHT/AOD/21Feb2020_UL2016-v1/10000/D27C0D0A-1178-674F-AD94-EE15DB6F2710.root [1191,1193,1192,1195,1194,1189,1190]
/store/data/Run2016H/JetHT/AOD/21Feb2020_UL2016-v1/10000/D2AE5B47-6E6A-5F43-80ED-934E465AC4DE.root [1270,1274,1276,1275,1277,1271,1273]
/store/data/Run2016H/JetHT/AOD/21Feb2020_UL2016-v1/10000/D2DF5258-04A4-D443-BB00-3AD9114CBC3A.root [1454,1453,1457,1452,1455,1456]
/store/data/Run2016H/JetHT/AOD/21Feb2020_UL2016-v1/10000/D3797D5E-9AF2-374B-9655-E7DCBB52BB75.root [29,30,31,33,34,32]
/store/data/Run2016H/JetHT/AOD/21Feb2020_UL2016-v1/10000/D3F44E7E-5297-5E42-9823-CDFE8970CBBF.root [1268,1266,1272,1269,1267,1265,1263]
/store/data/Run2016H/JetHT/AOD/21Feb2020_UL2016-v1/10000/D3F5992B-4622-B340-8718-FC338F011150.root [74,76,75,72,73,77]
/store/data/Run2016H/JetHT/AOD/21Feb2020_UL2016-v1/10000/D455FB8F-2EF5-BF4F-A1AB-454B85D7FC32.root [738,743,741,739,740,742]
/store/data/Run2016H/JetHT/AOD/21Feb2020_UL2016-v1/10000/D486937F-8BE2-FD49-A5F2-C5CC991A7D66.root [1345,1380,1381,1404,1378,1344,1379]
/store/data/Run2016H/JetHT/AOD/21Feb2020_UL2016-v1/10000/D6744087-AA23-8141-BE09-E7E64CED2667.root [1001,1004,1005,1002,1006,1003,1008]
/store/data/Run2016H/JetHT/AOD/21Feb2020_UL2016-v1/10000/D75BA466-638B-CC49-B446-1951B58D4DA3.root [982,983,985,986,984,981]
/store/data/Run2016H/JetHT/AOD/21Feb2020_UL2016-v1/10000/D779737B-9476-734C-AAF0-4C7E85BC8B7D.root [599,597,598,600,601,602]
/store/data/Run2016H/JetHT/AOD/21Feb2020_UL2016-v1/10000/D7BAEFBD-8E96-B147-BD38-8CDF6F7030D4.root [168,169,172,173,170,171]
/store/data/Run2016H/JetHT/AOD/21Feb2020_UL2016-v1/10000/D7DEA1F3-0E9F-564B-9BD9-EA555C5D93B5.root [439,441,436,438,440,437]
/store/data/Run2016H/JetHT/AOD/21Feb2020_UL2016-v1/10000/DA3243A5-DCDE-FB40-A610-6BA4C36DF2B9.root [1411,1409,1407,1410,1406,1408]
/store/data/Run2016H/JetHT/AOD/21Feb2020_UL2016-v1/10000/DFC0D283-17FF-2445-B29A-C8DE97F39F09.root [1010,1014,1007,1009,1012,1011,1013]
/store/data/Run2016H/JetHT/AOD/21Feb2020_UL2016-v1/10000/E14AD4C8-53D3-1643-87A3-F32769D0FAB0.root [103,104,105,106,102,107]
/store/data/Run2016H/JetHT/AOD/21Feb2020_UL2016-v1/10000/E23917FF-4752-5C4A-8D65-593EE29AE9C8.root [1342,1343,1346,1348,1341,1347,1349]
/store/data/Run2016H/JetHT/AOD/21Feb2020_UL2016-v1/10000/E6920487-74C6-6341-94B1-945BD0DB9F98.root [840,835,837,838,836,839]
/store/data/Run2016H/JetHT/AOD/21Feb2020_UL2016-v1/10000/E8092CC2-C26E-C148-933C-43EA0E14B5CE.root [543,544,541,545,546,542]
/store/data/Run2016H/JetHT/AOD/21Feb2020_UL2016-v1/10000/E88FBFA4-200C-604A-A5D0-5A3A5CBCBF94.root [1137,1119,1136,1141,1142,1144,1138]
/store/data/Run2016H/JetHT/AOD/21Feb2020_UL2016-v1/10000/EA9B784E-A039-1B4C-B16C-416A2DAE0A90.root [490,487,486,488,485,489]
/store/data/Run2016H/JetHT/AOD/21Feb2020_UL2016-v1/10000/EAA87C8B-EDE8-9A4B-B0E0-719F521F6891.root [289,287,288,284,285,286]
/store/data/Run2016H/JetHT/AOD/21Feb2020_UL2016-v1/10000/EAF42A90-4DE0-8D4C-AAFE-EE17A8B98923.root [161,157,159,160,158,156]
/store/data/Run2016H/JetHT/AOD/21Feb2020_UL2016-v1/10000/EC013163-585E-C748-8EFF-434C200ABBF3.root [784,786,781,780,785,782,783]
/store/data/Run2016H/JetHT/AOD/21Feb2020_UL2016-v1/10000/EC189D34-3476-184C-BCB0-1024FB2133D5.root [339,340,348,338,347,349]
/store/data/Run2016H/JetHT/AOD/21Feb2020_UL2016-v1/10000/EC382B9C-D6DC-0746-ABAA-901790FADEDA.root [694,700,695,701,696,697]
/store/data/Run2016H/JetHT/AOD/21Feb2020_UL2016-v1/10000/EC404C68-81C1-6042-8F06-FB59F65341DE.root [1178,1181,1173,1172,1179,1171,1180]
/store/data/Run2016H/JetHT/AOD/21Feb2020_UL2016-v1/10000/EC510232-43FD-004F-9652-34EC7B19C795.root [1475,1480,1482,1478,1471,1477,1479,1481,1476,1483]
/store/data/Run2016H/JetHT/AOD/21Feb2020_UL2016-v1/10000/ECFD64E5-9A2A-124A-B821-69905488D08B.root [511,515,514,517,516]
/store/data/Run2016H/JetHT/AOD/21Feb2020_UL2016-v1/10000/ED0990D5-C9A4-DD45-8903-B3FDB17E66AE.root [612,609,610,613,614,611]
/store/data/Run2016H/JetHT/AOD/21Feb2020_UL2016-v1/10000/EF0D24A8-8552-A44B-A5AF-CB37ACBDB25B.root [341,331,318,325,326,332]
/store/data/Run2016H/JetHT/AOD/21Feb2020_UL2016-v1/10000/EF94D2B6-25AE-BF4C-B89F-7A33155BB8D0.root [274,275,277,273,271,276]
/store/data/Run2016H/JetHT/AOD/21Feb2020_UL2016-v1/10000/EFC20009-2940-FA4C-9847-2A4F681C0BEB.root [1115,1120,1124,1114,1122,1123,1121]
/store/data/Run2016H/JetHT/AOD/21Feb2020_UL2016-v1/10000/F93BFF77-4D15-9C4C-81C5-D4738573DC24.root [10,1,15,2,16,9]
/store/data/Run2016H/JetHT/AOD/21Feb2020_UL2016-v1/10000/F97AA871-7631-2D44-A68D-8B5C9E7D5933.root [281,279,282,278,280,283]
/store/data/Run2016H/JetHT/AOD/21Feb2020_UL2016-v1/10000/FA0F79FE-2562-CC4D-86DA-BD495C4D3494.root [62,63,65,61,64,60]
/store/data/Run2016H/JetHT/AOD/21Feb2020_UL2016-v1/10000/FBD0DA72-8B94-5749-85BE-CF2ABD709117.root [1088,1086,1078,1085,1090,1087,1089]
/store/data/Run2016H/JetHT/AOD/21Feb2020_UL2016-v1/10000/FD8C4928-D15A-4B42-86F8-83BB7106D942.root [1311,1315,1317,1319,1316,1314,1318]
/store/data/Run2016H/JetHT/AOD/21Feb2020_UL2016-v1/10000/FE6B2A61-25E1-4343-BFA4-AC408457AD0F.root [805,810,807,806,808,809]
/store/data/Run2016H/JetHT/AOD/21Feb2020_UL2016-v1/10000/FEE3E1CE-CCB6-E641-B741-A5992BCCEA8F.root [918,915,917,914,920,916]
/store/data/Run2016H/JetHT/AOD/21Feb2020_UL2016-v1/230000/1D5D340A-6443-BE41-B0FD-9809ABD03433.root [513,528]
/store/data/Run2016H/JetHT/AOD/21Feb2020_UL2016-v1/230000/72F5A4AC-6854-0647-B17C-A7034B90413D.root [664,415,663]
/store/data/Run2016H/JetHT/AOD/21Feb2020_UL2016-v1/230000/A953F8F6-9A75-7C49-844A-206658E55810.root [503,510]
/store/data/Run2016H/JetHT/AOD/21Feb2020_UL2016-v1/230000/CEBF5938-8691-8F42-BAEE-EADCE428CADF.root [214,506,507]
/store/data/Run2016H/JetHT/AOD/21Feb2020_UL2016-v1/2310001/22BB093F-B3EC-F84E-BE55-120264588F83.root [666,665,667,668]
/store/data/Run2016H/JetHT/AOD/21Feb2020_UL2016-v1/2310001/C6159299-5CC2-E247-86AB-FCA200A4288F.root [414,211,210,213,416,212]
/store/data/Run2016H/JetHT/AOD/21Feb2020_UL2016-v1/2310001/DCB87E69-D94F-244E-A569-B136B8C97BBB.root [403,422,402,423,512]
/store/data/Run2016H/JetHT/AOD/21Feb2020_UL2016-v1/2310002/33879237-FBBF-5540-9558-E8399F189C9F.root [508,504,505,509,209]
