/store/data/Run2023D/EGamma0/RAW/v1/000/369/927/00000/1661bf61-0703-4b81-9079-5d647711c178.root 369927 [28,34,46,47,57,58,59,65,67,85,95,96,98,126,140,163,165,174,61,81,83,89,92,109,122,124,134,138,144,152,157,166,37,41,51,55,66,68,80,99,103,129,143,169,172,30,35,38,39,60,62,84,86,91,93,102,104,106,110,113,120,125,127,131,136,137,150,32,33,36,49,50,52,53,64,69,70,72,75,82,101,108,112,114,117,119,121,123,142,147,29,42,73,74,87,94,116,130,148,151,154,155,160,162,168,170,171,173,31,40,43,48,56,71,79,97,100,105,128,132,135,139,141,145,149,153,161,167,27,44,45,54,63,76,77,78,88,90,107,111,115,118,133,146,156,158,159,164]
/store/data/Run2023D/EGamma0/RAW/v1/000/369/927/00000/2ff8176a-19ec-41d8-aa5d-637f6c4ae347.root 369927 [176,180,185,192,196,197,205,221,224,226,227,193,199,209,218,220,175,183,187,190,201,204,214,215,228,229,177,188,208,211,216,219,225,179,184,189,195,222,223,230,232,178,182,194,203,207,212,213,233,181,198,217,231,186,191,200,202,206,210]
/store/data/Run2023D/EGamma0/RAW/v1/000/369/927/00000/6807b612-cef3-460e-8380-add201219537.root 369927 [1]
/store/data/Run2023D/EGamma0/RAW/v1/000/369/927/00000/6e99e209-3508-4a42-a324-43842eb05eec.root 369927 [324,343,348,356,340,349,344,358,366,330,331,332,342,351,353,359,364,325,329,339,350,354,360,328,333,334,341,345,357,362,322,323,326,336,337,338,346,355,361,363,327,335,347,352,365]
/store/data/Run2023D/EGamma0/RAW/v1/000/369/927/00000/872fe466-4d38-4062-a577-33e6bbbf22e7.root 369927 [234,241,244,256,259,261,262,264,269,252,271,275,278,243,245,246,260,274,276,247,272,273,277,236,248,249,251,254,267,268,270,235,240,242,255,258,263,238,239,265,266,237,250,253,257]
/store/data/Run2023D/EGamma0/RAW/v1/000/369/927/00000/d21366a6-be0b-4972-a40d-cae59ffe6c90.root 369927 [283,284,288,296,301,302,305,316,317,320,279,282,298,303,304,306,310,313,315,280,289,291,292,295,299,300,312,297,286,294,307,318,319,308,309,321,281,285,287,290,293,311,314]
/store/data/Run2023D/EGamma0/RAW/v1/000/369/927/00000/f6751d66-e8b4-41c0-b40e-401e415419b2.root 369927 [368,370,373,379,376,377,372,367,375,371,374,381,383,369,378,380,382]
/store/data/Run2023D/EGamma0/RAW/v1/000/369/943/00000/0e826a82-83cc-4ff8-aeac-89b0a78b1fc3.root 369943 [46,43,44,45,47,48,49]
/store/data/Run2023D/EGamma0/RAW/v1/000/369/943/00000/1958d860-ce9f-4bbc-8642-15ce3cbdb660.root 369943 [380,389,386,382,384,387,388,383,390,379,381,385,391]
/store/data/Run2023D/EGamma0/RAW/v1/000/369/943/00000/1d80c0b3-f249-4c06-bdfb-479e2fbd30be.root 369943 [8,11,14,13,9,10,12]
/store/data/Run2023D/EGamma0/RAW/v1/000/369/943/00000/20114f22-b50b-46b8-a75e-79812950763e.root 369943 [228,230,231,229,233,227,232]
/store/data/Run2023D/EGamma0/RAW/v1/000/369/943/00000/233fa9f9-bfe9-4a07-ae5f-5704442797c4.root 369943 [105,99,104,100,103,101,102]
/store/data/Run2023D/EGamma0/RAW/v1/000/369/943/00000/2bacb038-c991-4a53-bc31-c32f842bc48a.root 369943 [307,310,309,304,305,306,308]
/store/data/Run2023D/EGamma0/RAW/v1/000/369/943/00000/2bcf307f-e49b-4ee4-894b-bccd9bad64dd.root 369943 [55,56,53,50,54,52,51]
/store/data/Run2023D/EGamma0/RAW/v1/000/369/943/00000/2d442169-6715-44fc-a6df-e9ca42b22be5.root 369943 [63,60,62,59,57,61,58]
/store/data/Run2023D/EGamma0/RAW/v1/000/369/943/00000/34e275c6-4d3e-4f1e-9b01-7529bc36e9b2.root 369943 [15,21,16,17,20,19,18]
/store/data/Run2023D/EGamma0/RAW/v1/000/369/943/00000/3eb7039b-00b1-4561-9965-f81637672074.root 369943 [194,195,196,197,191,192,193]
/store/data/Run2023D/EGamma0/RAW/v1/000/369/943/00000/472d8641-b069-48f9-bdb0-aa47c7852224.root 369943 [2,3,4,1,5,6,7]
/store/data/Run2023D/EGamma0/RAW/v1/000/369/943/00000/4b072fbc-1c9f-42ff-b9df-a5f190006cad.root 369943 [284,286,287,285,283,289,288]
/store/data/Run2023D/EGamma0/RAW/v1/000/369/943/00000/4f8f6a49-efa6-47f7-ba72-0aee3325ce37.root 369943 [106,107,109,110,112,108,111]
/store/data/Run2023D/EGamma0/RAW/v1/000/369/943/00000/4feda59c-0b79-4f00-93ac-442d5fbb68a2.root 369943 [328,327,330,325,331,329,326]
/store/data/Run2023D/EGamma0/RAW/v1/000/369/943/00000/51b34bf0-87c9-4674-9d2d-9ee2b758e2db.root 369943 [94,92,98,93,96,95,97]
/store/data/Run2023D/EGamma0/RAW/v1/000/369/943/00000/524cb345-6238-4f91-9f6d-d017ac7a2718.root 369943 [201,204,200,202,203,199,198]
/store/data/Run2023D/EGamma0/RAW/v1/000/369/943/00000/56fc19bc-2dff-4d53-a32b-d30fc5fdc170.root 369943 [69,66,65,67,68,70,64]
/store/data/Run2023D/EGamma0/RAW/v1/000/369/943/00000/591c3f10-a82e-4f8f-b756-5b9236379b67.root 369943 [343,344,345,339,341,340,342]
/store/data/Run2023D/EGamma0/RAW/v1/000/369/943/00000/6169f70c-96a8-49d1-8bb3-97d5d49551e0.root 369943 [189,187,188,190,184,186,185]
/store/data/Run2023D/EGamma0/RAW/v1/000/369/943/00000/632e3576-b56d-4f61-b729-4ed880bf14d8.root 369943 [80,81,83,82,78,79,84]
/store/data/Run2023D/EGamma0/RAW/v1/000/369/943/00000/63edfa92-7451-484b-aa02-07f188563d33.root 369943 [73,75,71,76,74,72,77]
/store/data/Run2023D/EGamma0/RAW/v1/000/369/943/00000/68ca17fa-e818-49bf-b81f-bf8ec668f118.root 369943 [164,166,167,169,163,165,168]
/store/data/Run2023D/EGamma0/RAW/v1/000/369/943/00000/720be292-0b3f-4c6d-bb36-73f0258c6ed2.root 369943 [314,312,315,313,311,316,317]
/store/data/Run2023D/EGamma0/RAW/v1/000/369/943/00000/73511394-c866-4c4f-aa6e-9123b76ac60a.root 369943 [220,226,222,221,223,225,224]
/store/data/Run2023D/EGamma0/RAW/v1/000/369/943/00000/7a8b3586-a6ff-42fa-b81b-9387f8d6f101.root 369943 [302,299,300,298,301,297,303]
/store/data/Run2023D/EGamma0/RAW/v1/000/369/943/00000/7af3e311-cb4c-414d-9857-5121ab0c5b42.root 369943 [250,254,251,252,248,249,253]
/store/data/Run2023D/EGamma0/RAW/v1/000/369/943/00000/7da33a5e-1d6e-4aad-8e3a-903b2222c1d1.root 369943 [25,28,24,26,22,23,27]
/store/data/Run2023D/EGamma0/RAW/v1/000/369/943/00000/8a8726a6-cd63-4eb3-b71c-3c62beeafd69.root 369943 [117,115,118,116,114,119,113]
/store/data/Run2023D/EGamma0/RAW/v1/000/369/943/00000/8e961ad4-df7a-4c89-9485-f800b5fefc57.root 369943 [269,272,275,271,273,270,274]
/store/data/Run2023D/EGamma0/RAW/v1/000/369/943/00000/8f6a7d9c-4608-484b-a5c4-244c6970ffe1.root 369943 [179,180,177,181,183,178,182]
/store/data/Run2023D/EGamma0/RAW/v1/000/369/943/00000/96564044-c1cf-4cc6-ba4f-9e45c226fb32.root 369943 [373,377,378,371,372,376,375,374]
/store/data/Run2023D/EGamma0/RAW/v1/000/369/943/00000/98acfd64-ba9d-44c4-9d0b-57ebd0f4ccc6.root 369943 [159,158,157,160,161,162,156]
/store/data/Run2023D/EGamma0/RAW/v1/000/369/943/00000/a34f81b2-2a48-4a83-a087-bd90e0048254.root 369943 [277,276,278,281,279,280,282]
/store/data/Run2023D/EGamma0/RAW/v1/000/369/943/00000/a76d71af-237d-4d2b-9a7e-6ee54c403048.root 369943 [170,171,172,175,173,174,176]
/store/data/Run2023D/EGamma0/RAW/v1/000/369/943/00000/b360151e-10cb-4557-a97f-002a0c4fa4cb.root 369943 [30,31,34,35,33,29,32]
/store/data/Run2023D/EGamma0/RAW/v1/000/369/943/00000/bfaa72f7-4acb-4b18-b5f5-188fb5cb3768.root 369943 [346,347,349,351,353,350,352,348]
/store/data/Run2023D/EGamma0/RAW/v1/000/369/943/00000/c3c3f98e-b499-4544-a4b9-0208d66ecc58.root 369943 [130,127,133,128,129,132,131]
/store/data/Run2023D/EGamma0/RAW/v1/000/369/943/00000/c89baa90-3956-444e-82db-1604f6e21c4a.root 369943 [136,139,134,141,140,135,138,137]
/store/data/Run2023D/EGamma0/RAW/v1/000/369/943/00000/cca47bb8-9d7f-4f4a-97c5-ebf6f015f65c.root 369943 [213,214,218,219,217,215,212,216]
/store/data/Run2023D/EGamma0/RAW/v1/000/369/943/00000/d26c2cc1-976e-41fe-8699-8dced05442b0.root 369943 [155,152,149,151,154,150,153]
/store/data/Run2023D/EGamma0/RAW/v1/000/369/943/00000/d5cdb9f6-933e-43bf-8366-3c6d905b50e0.root 369943 [85,91,88,90,89,87,86]
/store/data/Run2023D/EGamma0/RAW/v1/000/369/943/00000/d74a7352-e134-46af-aa61-babae82f1794.root 369943 [237,240,238,236,239,234,235]
/store/data/Run2023D/EGamma0/RAW/v1/000/369/943/00000/d9c548cf-a810-4c2c-b81e-2048a52ad49e.root 369943 [364,367,366,368,365,369,363,370]
/store/data/Run2023D/EGamma0/RAW/v1/000/369/943/00000/dc577eac-2007-43f7-b071-004fac89ff1a.root 369943 [261,257,259,258,255,260,256]
/store/data/Run2023D/EGamma0/RAW/v1/000/369/943/00000/dce9a46b-3cb5-4859-bfc3-59aa50bb9894.root 369943 [207,205,206,208,210,209,211]
/store/data/Run2023D/EGamma0/RAW/v1/000/369/943/00000/e1a0cfaf-b522-44f9-9c1b-53a472a338d2.root 369943 [243,246,241,242,244,245,247]
/store/data/Run2023D/EGamma0/RAW/v1/000/369/943/00000/e3f216e8-c149-4dc5-a4ef-61154d2e572c.root 369943 [125,126,120,121,122,124,123]
/store/data/Run2023D/EGamma0/RAW/v1/000/369/943/00000/e59e9cc2-3314-4da8-b59a-7f8550d1d02d.root 369943 [360,356,358,354,357,361,359,362,355]
/store/data/Run2023D/EGamma0/RAW/v1/000/369/943/00000/eb1f2c34-e95b-480a-bce7-42d955f5bd12.root 369943 [265,264,267,266,262,263,268]
/store/data/Run2023D/EGamma0/RAW/v1/000/369/943/00000/eccd811d-89ab-432b-921f-f2e03c9a501d.root 369943 [41,42,39,37,36,40,38]
/store/data/Run2023D/EGamma0/RAW/v1/000/369/943/00000/ecd604f2-08be-4355-9ed5-4394a3f90ec3.root 369943 [333,336,334,332,337,338,335]
/store/data/Run2023D/EGamma0/RAW/v1/000/369/943/00000/f77e6e8c-2b91-48bd-830b-6bd9f6f66757.root 369943 [322,319,321,318,320,323,324]
/store/data/Run2023D/EGamma0/RAW/v1/000/369/943/00000/f978c2ad-77c4-4f8a-8bcb-14d3de7d7db0.root 369943 [147,142,145,146,144,143,148]
/store/data/Run2023D/EGamma0/RAW/v1/000/369/943/00000/fb6f5817-5c08-48fc-ab61-0e2f57b33232.root 369943 [293,296,290,291,295,292,294]
