369811
369813
369820
369827
369830
369832
369834
369835
369836
369837
369838
369839
369842
369844
369845
369848
369849
369852
369854
369855
369857
369859
369861
369862
369863
369865
369869
369870
369873
369877
369879
369881
369886
369888
369889
369890
369892
369893
369895
369896
369898
369899
369900
369901
369902
369903
369905
369906
369909
369910
369911
369913
369918
369919
369920
369923
369925
369927
369930
369931
369934
369943
369948
369951
369954
369956
369957
369959
369960
369962
369963
369964
369965
369972
369973
369975
369976
369978
369980
369982
369984
369987
369988
369989
369992
369998
369999
370001
370003
370005
370008
370009
370010
370013
370015
370026
370030
370032
370034
370035
370038
370039
370040
370042
370044
370045
370046
370047
370048
370049
370051
370052
370054
370055
370056
370058
370063
370066
370067
370068
370069
370070
370072
370073
370074
370075
370076
370077
370079
370080
370081
370082
370084
370089
370092
370093
370097
370100
370101
370102
370121
370122
370123
370125
370127
370129
370144
370147
370148
370149
370151
370155
370162
370163
370164
370165
370166
370168
370169
370171
370172
370174
370175
370192
370195
370196
370197
370207
370209
370222
370223
370224
370226
370227
370228
370229
370232
370233
370236
370237
370240
370241
370243
370244
370245
370247
370249
370252
370275
370280
370281
370282
370286
370289
370291
370292
370293
370294
370296
370298
370299
370300
370304
370307
370309
370314
370315
370317
370318
370321
370332
370333
370339
370340
370342
370343
370348
370349
370351
370354
370355
370357
370360
370361
370363
370365
370371
370378
370385
370389
370393
370395
370398
370401
370403
370404
370405
370406
370436
370439
370440
370443
370445
370452
370453
370454
370455
370458
370460
370462
370463
370464
370466
370468
370471
370472
370473
370475
370481
370484
370487
370491
370492
370493
370496
370497
370499
370504
370509
370512
370514
370515
370517
370520
370522
370523
370524
370525
370527
370528
370531
370533
370535
370538
370540
370548
370551
370555
370556
370557
370559
370560
370562
370563
370564
370565
370568
370574
370575
370576
370579
370580
370604
370605
370606
370608
370609
370611
370616
370618
370620
370623
370629
370632
370634
370636
370637
370638
370639
370640
370643
370646
370648
370653
370654
370663
370664
370665
370666
370667
370669
370670
370671
370673
370675
370676
370677
370678
370679
370680
370683
370684
370686
370687
370691
370692
370694
370695
370696
370702
370703
370704
370705
370709
370714
370717
370718
370723
370725
370730
370735
370736
370737
370738
370739
370740
370741
370742
370744
370745
370747
370748
370749
370750
370751
370753
370756
370757
370759
370760
370763
370764
370766
370770
370772
370774
370775
370776
370780
370782
370786
370787
370788
370789
370790
370792
370794
370795
370798
370802
370804
370805
370806
370807
370808
370809
370811
370818
370820
370822
370824
370825
370828
370829
370831
370832
370833
370834
370835
370836
370837
370840
370841
370842
370843
370848
370849
370851
370852
370853
370855
370856
370857
370860
370863
370865
370867
370868
370870
370871
370872
370874
370875
370876
370882
370883
370884
370886
370887
370888
370889
370890
370894
370895
370896
370899
370903
370904
370905
370906
370908
370909
370910
370911
370912
370913
370914
370915
370916
370917
370918
370919
370920
370921
370922
370923
370924
370925
370926
370928
370929
370931
370933
370939
370941
370946
371004
371005
371027
371052
371063
371068
371069
371070
371071
371072
371073
371074
371075
371076
371077
371078
371079
371081
371083
371091
371094
371098
371102
371104
371106
371107
371109
371110
371111
371112
371113
371114
371119
371120
371121
371122
371123
371124
371126
371135
371136
371137
371147
371148
371149
371150
371151
371152
371153
371155
371156
371157
371165
371171
371172
371174
371176
371184
371193
371203
371207
371208
371213
371216
371224
371225
371226
371227
371228
371229
371230
371231
371232
371233
371237
371250
371251
371254
371256
371261
371266
371271
371273
371275
371290
371291
371292
371293
371297
371302
371306
371309
371310
371311
371312
371401
371562
371563
371634
371642
371646
371648
371649
371676
371683
371684
371689
371690
371692
371693
371694
371695
371697
371718
371730
371732
371813
371821
371860
371862
371864
371867
371868
371869
371870
371873
371874
371875
371883
371896
371898
371903
371911
371914
371915
371920
371939
371945
371949
371950
371951
371953
371960
371961
371983
371995
372028
372033
372039
372062
372088
372099
372100
372101
372102
372111
372128
372137
372147
372165
372167
372171
372174
372183
372185
372198
372200
372203
372205
372267
372268
372269
372270
372271
372273
372278
372279
372285
372286
372297
372303
372304
372305
372306
372308
372309
372310
372316
372317
372318
372320
372321
372322
372352
372356
372360
372365
372366
372367
372368
372369
372370
372371
372372
372373
372374
372383
372384
372388
372395
372397
372398
372399
372403
372405
372415
