/store/data/Run2022C/MET/RAW/v1/000/355/862/00000/542676c1-87d7-4703-89e2-e40b84377b61.root 355862 [26,27,36,64,78,92,110,128,41,44,49,52,53,66,75,85,87,91,103,104,108,113,124,25,35,38,40,43,48,58,83,101,102,105,118,127,129,21,23,28,32,33,34,51,59,65,70,81,84,93,107,111,114,133,22,39,54,56,62,67,86,106,109,112,115,116,120,131,132,42,45,57,76,79,90,94,95,96,97,117,122,24,37,47,55,61,69,71,72,73,74,82,89,123,126,29,30,31,46,50,60,63,68,77,80,88,98,99,100,119,121,125,130]
/store/data/Run2022C/MET/RAW/v1/000/355/862/00000/ff07fdb8-9a68-4be8-9065-68b517dafe0c.root 355862 [3,6,9,10,12,16,8,11,14,15,1,7,13,2,4,5]
/store/data/Run2022C/MET/RAW/v1/000/355/863/00000/71dcdcb5-43a0-425c-9c08-ffc18100accf.root 355863 [9,7,8,12,11,10,13,2,3,5,6,1,4,14]
/store/data/Run2022C/MET/RAW/v1/000/355/870/00000/10bc07cc-12e7-4995-95d8-ed664272397e.root 355870 [9,14,15,18,19,21,23,25,39,1,4,26,28,32,34,17,22,2,7,13,16,33,37,6,12,27,29,30,3,35,40,5,20,24,36,38,8,10,11,31]
/store/data/Run2022C/MET/RAW/v1/000/355/870/00000/a384e4cb-fddb-4e27-b1f6-e8697ea29774.root 355870 [42,45,51,41,58,59,64,65,44,50,55,63,57,60,48,49,53,54,61,47,62,43,46,52,56,66]
/store/data/Run2022C/MET/RAW/v1/000/355/871/00000/aedb67f0-8ec2-4106-affb-d444e2292e63.root 355871 [7,12,1,10,11,2,4,9,13,3,6,8,5]
/store/data/Run2022C/MET/RAW/v1/000/355/872/00000/0f23e937-27df-46cb-96da-acaa4a53283e.root 355872 [151,148,152,155,147,145,150,158,146,149,153,144,156,159,154,157]
/store/data/Run2022C/MET/RAW/v1/000/355/872/00000/12f4217a-61ab-4d0c-abe2-117087b34f81.root 355872 [1057,1063,1065,1066,1068,1075,1074,1061,1062,1071,1058,1067,1069,1072,1059,1060,1064,1070,1073,1056]
/store/data/Run2022C/MET/RAW/v1/000/355/872/00000/13a40aa3-b6c7-466d-98bb-ea1418056e03.root 355872 [525,515,526,523,524,527,528,513,519,514,517,520,521,522,516,518,529]
/store/data/Run2022C/MET/RAW/v1/000/355/872/00000/1566ea35-8e0e-4b09-b5fa-edc53e5fb001.root 355872 [487,493,486,497,495,490,489,492,491,496,485,488,494]
/store/data/Run2022C/MET/RAW/v1/000/355/872/00000/18d3bb31-6d9e-4e98-ada7-a14e5402b9dd.root 355872 [168,170,160,171,173,162,164,167,172,166,161,176,163,165,175,169,174]
/store/data/Run2022C/MET/RAW/v1/000/355/872/00000/18f78aad-0f6c-408c-8d49-8203bd00a0f8.root 355872 [1124,1119,1127,1128,1133,1135,1117,1120,1126,1134,1121,1125,1129,1118,1131,1132,1116,1122,1123,1130]
/store/data/Run2022C/MET/RAW/v1/000/355/872/00000/208479fb-5584-4fdc-96c0-1f829bccb5c5.root 355872 [784,790,792,782,783,786,793,778,794,788,779,780,781,785,787,789,795,796,791,797]
/store/data/Run2022C/MET/RAW/v1/000/355/872/00000/20950a36-80d8-4485-873c-8293c11a9d82.root 355872 [305,309,299,311,302,306,313,301,308,303,312,300,307,310,304]
/store/data/Run2022C/MET/RAW/v1/000/355/872/00000/21e4738a-6bc8-4f17-8ea0-bfb2d0df3e17.root 355872 [806,809,815,804,814,799,807,808,811,812,798,802,803,816,800,817,801,805,810,813]
/store/data/Run2022C/MET/RAW/v1/000/355/872/00000/22b96052-8020-4e05-82c1-3aab6fd4b132.root 355872 [233,238,245,244,231,235,243,246,236,230,237,242,239,241,232,234,240]
/store/data/Run2022C/MET/RAW/v1/000/355/872/00000/243a43cf-50e4-45fd-a926-beb50689e55f.root 355872 [923,924,928,922,925,931,936,937,930,933,927,929,935,926,932,934]
/store/data/Run2022C/MET/RAW/v1/000/355/872/00000/2c25c7db-53df-4a53-a165-10daee162fa5.root 355872 [1229]
/store/data/Run2022C/MET/RAW/v1/000/355/872/00000/32825642-e90f-4b7d-9bb7-9afcf87bc810.root 355872 [131,130,135,140,128,129,138,139,142,137,134,141,132,133,136,143]
/store/data/Run2022C/MET/RAW/v1/000/355/872/00000/331d5310-37d9-4ea3-ad85-579e313045f5.root 355872 [1024,1025,1027,1020,1033,1022,1030,1032,1034,1023,1029,1021,1026,1035,1028,1031]
/store/data/Run2022C/MET/RAW/v1/000/355/872/00000/344ebe0a-32d1-4c3b-92a4-f99afed4289a.root 355872 [59,67,69,60,66,73,79,74,75,77,61,72,70,76,62,64,65,63,68,71,78]
/store/data/Run2022C/MET/RAW/v1/000/355/872/00000/36e4e144-cab3-4699-9eb0-adfee5d5bd7d.root 355872 [393,397,406,394,401,403,398,399,407,400,402,405,395,396,404]
/store/data/Run2022C/MET/RAW/v1/000/355/872/00000/37d6727f-c7c9-477f-98ef-1a1917ae3184.root 355872 [1048,1050,1051,1055,1049,1047,1036,1040,1041,1038,1039,1043,1044,1042,1046,1053,1037,1045,1052,1054]
/store/data/Run2022C/MET/RAW/v1/000/355/872/00000/3d2ca57e-e405-4135-a887-a5e09a3ad951.root 355872 [100,104,105,112,107,108,109,99,102,110,106,111,98,101,103,113]
/store/data/Run2022C/MET/RAW/v1/000/355/872/00000/3de75ec6-c7b9-4dd4-917b-7820129ca85a.root 355872 [940,950,939,944,953,941,946,947,954,938,945,943,949,951,952,942,948,955]
/store/data/Run2022C/MET/RAW/v1/000/355/872/00000/3ffeea02-e6c6-449e-a932-eecdb0c833e5.root 355872 [1007,1019,1012,1011,1014,1004,1010,1018,1008,1015,1005,1017,1006,1009,1013,1016]
/store/data/Run2022C/MET/RAW/v1/000/355/872/00000/4128c2fa-e2a0-47e1-9c14-bf2c9068b740.root 355872 [1099,1100,1105,1110,1115,1114,1102,1103,1104,1097,1107,1109,1096,1101,1108,1111,1113,1098,1106,1112]
/store/data/Run2022C/MET/RAW/v1/000/355/872/00000/4f8d83ab-f948-433d-8cb9-c6d39280f386.root 355872 [913,917,919,908,909,911,905,910,914,918,906,907,915,916,921,912,920]
/store/data/Run2022C/MET/RAW/v1/000/355/872/00000/5339baae-9f48-464f-8f0e-83c02f6d9816.root 355872 [563,573,577,562,569,566,568,572,575,578,574,576,579,564,565,567,570,571]
/store/data/Run2022C/MET/RAW/v1/000/355/872/00000/58d0391e-8274-48a3-8d69-3c93a81d9f7f.root 355872 [603,606,612,616,601,602,609,605,610,608,614,600,604,613,615,607,611]
/store/data/Run2022C/MET/RAW/v1/000/355/872/00000/5a259cbd-8177-4cdb-9f45-1f4b1cf9ab5d.root 355872 [270,273,267,279,281,278,276,280,265,271,277,268,269,272,274,266,275]
/store/data/Run2022C/MET/RAW/v1/000/355/872/00000/5d1fe52f-6fdb-4d82-b752-42484505b5bb.root 355872 [339,342,343,331,330,336,341,337,333,334,335,338,340,329,332]
/store/data/Run2022C/MET/RAW/v1/000/355/872/00000/5df69460-1143-4713-9c8d-6975efbbfb37.root 355872 [960,962,967,970,961,964,957,965,969,971,956,958,959,966,968,963]
/store/data/Run2022C/MET/RAW/v1/000/355/872/00000/5e9c9f92-7bbd-49d9-b1e4-0cf7580d3e32.root 355872 [389,378,379,381,390,377,388,391,380,382,384,392,387,383,385,376,386]
/store/data/Run2022C/MET/RAW/v1/000/355/872/00000/63deed2b-5ba7-4b0e-8413-7516cdde6930.root 355872 [328,320,322,324,315,314,316,318,319,323,325,317,326,321,327]
/store/data/Run2022C/MET/RAW/v1/000/355/872/00000/714c553f-cc07-43b9-9c10-1a62d6d64839.root 355872 [624,626,621,629,618,620,625,633,622,623,632,617,628,627,619,630,631]
/store/data/Run2022C/MET/RAW/v1/000/355/872/00000/723e5d9d-b7ca-4e46-989e-d3962ba3c33d.root 355872 [1079,1085,1086,1090,1093,1087,1088,1094,1076,1078,1082,1083,1089,1091,1092,1081,1084,1095,1077,1080]
/store/data/Run2022C/MET/RAW/v1/000/355/872/00000/726ba08f-8618-43a2-8afa-75a7ea466bf4.root 355872 [980,982,983,975,978,976,979,987,972,977,986,984,973,974,981,985]
/store/data/Run2022C/MET/RAW/v1/000/355/872/00000/7573463e-d6e6-4fe2-ab88-4858e3846064.root 355872 [458,460,461,464,465,467,463,457,462,456,459,466,468,455,454]
/store/data/Run2022C/MET/RAW/v1/000/355/872/00000/76eea75c-80a2-4b4b-bf51-04d3996fa0d4.root 355872 [650,651,657,653,655,661,669,668,654,656,659,663,664,658,662,665,667,652,660,666]
/store/data/Run2022C/MET/RAW/v1/000/355/872/00000/78fca60d-4a83-4728-a236-2196daa4f2b9.root 355872 [858,863,864,871,860,866,872,867,861,865,859,862,868,869,870]
/store/data/Run2022C/MET/RAW/v1/000/355/872/00000/7b8db9b2-2606-42ca-8dd5-0c1e1b29d3e3.root 355872 [840,841,848,856,855,857,838,839,842,845,849,850,853,846,854,843,844,847,851,852]
/store/data/Run2022C/MET/RAW/v1/000/355/872/00000/7d1a9bd7-8836-4bf1-87e4-d01dd9adef55.root 355872 [180,181,184,189,177,188,190,178,187,179,182,186,193,183,185,194,192,191]
/store/data/Run2022C/MET/RAW/v1/000/355/872/00000/7fd7a60a-5b4a-4f43-ab33-0b1c1ddd2a6e.root 355872 [511,502,508,501,504,512,503,500,507,510,506,498,499,509,505]
/store/data/Run2022C/MET/RAW/v1/000/355/872/00000/8518ed53-2d4a-4810-9d17-8585ce1bdd6e.root 355872 [35,32,34,28,23,25,21,29,22,30,37,20,24,26,27,36,19,31,33]
/store/data/Run2022C/MET/RAW/v1/000/355/872/00000/8c55bcd9-7827-4a49-945d-33b2cd922da9.root 355872 [903,893,902,904,895,899,890,898,901,892,900,889,891,894,896,897]
/store/data/Run2022C/MET/RAW/v1/000/355/872/00000/975c3fb9-5829-44f3-8d9b-8c2ba5988356.root 355872 [442,444,450,451,440,441,439,445,448,443,446,453,447,452,449]
/store/data/Run2022C/MET/RAW/v1/000/355/872/00000/9d3a9e1f-3096-4989-9eba-9fdd2ec529c4.root 355872 [764,772,771,763,766,770,776,767,765,768,769,775,762,773,774,777]
/store/data/Run2022C/MET/RAW/v1/000/355/872/00000/a7dcd848-9c93-43da-94e0-b65961e2e62f.root 355872 [638,639,640,641,634,636,643,646,649,644,642,635,637,645,648,647]
/store/data/Run2022C/MET/RAW/v1/000/355/872/00000/a86661c0-e14e-45d6-a0b2-25e010888de2.root 355872 [250,249,254,251,256,260,261,247,259,262,264,248,253,255,258,252,257,263]
/store/data/Run2022C/MET/RAW/v1/000/355/872/00000/aa82c832-8119-41f8-9a6b-da8f2e873cbb.root 355872 [724,712,713,716,721,725,711,717,722,726,730,714,715,718,727,729,719,720,723,728]
/store/data/Run2022C/MET/RAW/v1/000/355/872/00000/b2dd74a4-b956-46e7-8e6c-d99ab2853e05.root 355872 [1170,1175,1165,1164,1169,1172,1174,1157,1171,1173,1160,1163,1167,1166,1156,1158,1159,1162,1168,1161]
/store/data/Run2022C/MET/RAW/v1/000/355/872/00000/bcd3ebb2-5ec1-4ac5-9526-654ac5c21013.root 355872 [345,347,348,350,344,352,353,357,358,349,356,360,355,346,359,351,354]
/store/data/Run2022C/MET/RAW/v1/000/355/872/00000/bd6e82d3-94d0-42bb-958b-7e901d125c0c.root 355872 [57,39,43,48,51,54,58,47,38,41,42,50,56,44,45,49,53,55,40,46,52]
/store/data/Run2022C/MET/RAW/v1/000/355/872/00000/bf60d9fb-aeda-4a23-877f-559f56dcb04b.root 355872 [879,883,873,874,880,886,888,877,884,885,887,876,878,882,875,881]
/store/data/Run2022C/MET/RAW/v1/000/355/872/00000/c6bf3599-97e7-49fb-9f82-3ca048aefa42.root 355872 [1196,1206,1216,1205,1211,1214,1200,1208,1213,1217,1198,1204,1218,1219,1220,1207,1209,1210,1201,1202,1215,1199,1203,1197,1212]
/store/data/Run2022C/MET/RAW/v1/000/355/872/00000/c93621be-a51d-4a8c-81cc-6e7d6c40133f.root 355872 [408,420,421,409,411,413,423,410,412,416,417,418,414,415,422,419]
/store/data/Run2022C/MET/RAW/v1/000/355/872/00000/cca167e1-4765-467b-82b2-0097f6fd64e3.root 355872 [825,828,837,818,832,829,835,821,819,820,822,831,833,834,824,826,823,827,830,836]
/store/data/Run2022C/MET/RAW/v1/000/355/872/00000/d2974eff-3f59-4751-8a29-c6d51441ccf3.root 355872 [677,683,684,686,688,676,678,690,674,685,670,673,682,689,679,687,675,671,672,680,681]
/store/data/Run2022C/MET/RAW/v1/000/355/872/00000/d3bfc71f-cb9f-47ef-8341-4d7be84825b0.root 355872 [473,480,483,469,479,481,474,477,475,470,478,471,476,484,472,482]
/store/data/Run2022C/MET/RAW/v1/000/355/872/00000/dfdc234d-6ce6-4275-93cd-dbfd8b25f0cf.root 355872 [282,285,287,289,286,291,283,295,294,296,298,284,288,290,292,293,297]
/store/data/Run2022C/MET/RAW/v1/000/355/872/00000/e030f96e-bee5-4b6a-9ef1-23a7aee83991.root 355872 [1177,1181,1186,1192,1187,1194,1179,1180,1184,1185,1191,1183,1176,1178,1182,1188,1189,1190,1193,1195]
/store/data/Run2022C/MET/RAW/v1/000/355/872/00000/e13f7006-54c9-44d5-bd31-56a85ec61cc8.root 355872 [201,207,196,208,197,205,206,210,203,209,198,202,195,199,200,204]
/store/data/Run2022C/MET/RAW/v1/000/355/872/00000/e23199a9-c8f8-4f10-a60e-1fc6dd55a16a.root 355872 [731,739,740,741,749,750,752,758,759,748,753,755,734,760,738,746,735,742,747,757,732,736,737,743,751,756,733,744,745,754,761]
/store/data/Run2022C/MET/RAW/v1/000/355/872/00000/e3d500b5-e2a3-470a-b97b-b618d714147e.root 355872 [3,7,8,10,14,17,18,4,11,12,6,13,1,5,9,15,2,16]
/store/data/Run2022C/MET/RAW/v1/000/355/872/00000/e46b9ade-0a88-49a5-a470-93f534029e07.root 355872 [117,121,125,127,118,126,120,116,119,124,115,123,114,122]
/store/data/Run2022C/MET/RAW/v1/000/355/872/00000/e86d14a0-6a39-4fc7-ac76-a6d41107e973.root 355872 [365,369,372,368,362,371,363,370,366,374,367,373,361,364,375]
/store/data/Run2022C/MET/RAW/v1/000/355/872/00000/e9b1f164-9509-47cc-a0d1-7bb451963244.root 355872 [425,433,424,426,436,430,438,431,432,428,437,427,429,434,435]
/store/data/Run2022C/MET/RAW/v1/000/355/872/00000/eb865ce5-8c11-4020-89a2-f236d9ed50f8.root 355872 [544,533,535,541,531,536,540,537,539,542,530,532,534,538,543]
/store/data/Run2022C/MET/RAW/v1/000/355/872/00000/ed39b697-cecf-4f49-9ebc-6eaf9d82c41a.root 355872 [211,228,212,216,218,223,215,225,217,229,213,214,222,219,220,221,224,226,227]
/store/data/Run2022C/MET/RAW/v1/000/355/872/00000/eedd107f-a37c-44ee-ba67-2fe788d462a6.root 355872 [582,592,596,599,587,591,598,588,589,581,584,590,593,583,595,597,585,594,580,586]
/store/data/Run2022C/MET/RAW/v1/000/355/872/00000/ef78f5d5-6f9a-4be8-a3ae-0cc3c4d9e12d.root 355872 [555,558,547,551,556,559,546,549,550,554,557,552,560,553,545,548,561]
/store/data/Run2022C/MET/RAW/v1/000/355/872/00000/f27af393-4f3b-49ec-a5a7-d9711c27ffbb.root 355872 [998,1000,996,988,993,989,990,994,992,1001,997,999,1002,991,995,1003]
/store/data/Run2022C/MET/RAW/v1/000/355/872/00000/f500e683-149a-4d5c-b57f-9c9c7afa44c9.root 355872 [697,703,704,696,710,691,707,698,701,709,692,705,706,708,694,695,700,702,693,699]
/store/data/Run2022C/MET/RAW/v1/000/355/872/00000/fa0f2ac2-c45d-4a1b-baa7-f12ec27d2020.root 355872 [1140,1149,1150,1136,1139,1143,1146,1138,1145,1147,1137,1154,1155,1141,1148,1152,1153,1142,1144,1151]
/store/data/Run2022C/MET/RAW/v1/000/355/872/00000/fa1b3c31-f90e-495c-b774-0b2695ba17ea.root 355872 [85,82,84,96,88,80,81,89,97,91,92,95,86,87,83,90,93,94]
/store/data/Run2022C/MET/RAW/v1/000/355/892/00000/17e3c7af-9112-4002-b572-0f3fe970e190.root 355892 [123,128,134,121,124,120,137,122,129,138,139,140,130,131,135,136,125,126,132,133,127]
/store/data/Run2022C/MET/RAW/v1/000/355/892/00000/20bd3b11-fcbd-485f-9d47-be7b7331b9ea.root 355892 [68,74,66,67,76,77,81,82,71,78,80,69,72,75,70,73,79,83]
/store/data/Run2022C/MET/RAW/v1/000/355/892/00000/2d9275f1-864a-4749-bcd4-7c229211ee87.root 355892 [147,153,159,141,142,151,160,150,156,157,161,144,145,148,149,154,152,155,143,146,158]
/store/data/Run2022C/MET/RAW/v1/000/355/892/00000/30515f69-e6b8-48e0-b678-b088e3b2009c.root 355892 [188,197,185,183,194,187,189,190,191,184,192,195,186,196,193]
/store/data/Run2022C/MET/RAW/v1/000/355/892/00000/343b9efd-4d5c-433b-998e-6e8d603b753f.root 355892 [163,171,176,182,167,172,177,164,180,178,179,168,169,174,162,170,181,165,166,173,175]
/store/data/Run2022C/MET/RAW/v1/000/355/892/00000/365c1064-6f8b-4c98-bb72-3e0f00393108.root 355892 [53,54,57,62,52,56,64,65,63,49,58,59,50,55,60,61,51]
/store/data/Run2022C/MET/RAW/v1/000/355/892/00000/4ea815f2-c352-4979-bcdb-95011f5fa7f8.root 355892 [96,84,87,95,99,89,93,100,90,92,85,86,88,91,94,97,98,101]
/store/data/Run2022C/MET/RAW/v1/000/355/892/00000/7af7250d-3620-45b5-9019-82375c0822b8.root 355892 [4,15,19,22,23,26,30,21,1,11,12,27,29,3,10,28,6,8,7,9,24,2,13,17,25,5,14,16,18,20]
/store/data/Run2022C/MET/RAW/v1/000/355/892/00000/9eff2ba5-4cc0-498d-934e-c50ff9ea19cc.root 355892 [104,109,103,110,115,102,114,105,112,113,107,108,111,117,119,106,116,118]
/store/data/Run2022C/MET/RAW/v1/000/355/892/00000/cb0fc5b7-1636-4149-b26e-1093197f72dd.root 355892 [37,42,44,46,35,32,40,45,36,38,43,47,41,33,39,48,31,34]
/store/data/Run2022C/MET/RAW/v1/000/355/912/00000/1a254ab3-bff0-4f27-a5be-b6c137315a24.root 355912 [66,71,76,65,68,70,73,77,61,72,75,59,60,69,74,62,63,64,67]
/store/data/Run2022C/MET/RAW/v1/000/355/912/00000/2c31dbff-9204-4653-99ae-98526debd033.root 355912 [98,96,101,102,105,108,112,111,97,103,109,110,113,114,115,100,107,106,99,104]
/store/data/Run2022C/MET/RAW/v1/000/355/912/00000/331469c0-59ca-45c9-95ab-d547268489fc.root 355912 [116,123,128,118,121,120,130,133,125,127,126,131,122,129,117,119,124,132]
/store/data/Run2022C/MET/RAW/v1/000/355/912/00000/39a64788-a551-482b-bcb3-070ba03c30be.root 355912 [135,139,147,148,149,142,143,134,137,140,136,144,145,152,138,146,141,150,151]
/store/data/Run2022C/MET/RAW/v1/000/355/912/00000/41009cdb-9d90-4815-87c3-243f0497dc94.root 355912 [154,169,171,172,156,157,166,168,165,170,161,167,155,159,160,163,153,162,164,158]
/store/data/Run2022C/MET/RAW/v1/000/355/912/00000/4547347b-a8ff-4fa6-aab9-4c0bd7f18eca.root 355912 [199,200,198,194,195,196,193,197]
/store/data/Run2022C/MET/RAW/v1/000/355/912/00000/ce333943-ea74-437f-8af6-0b95d76ec069.root 355912 [179,185,190,175,180,182,173,188,189,174,178,181,184,187,192,177,183,186,191,176]
/store/data/Run2022C/MET/RAW/v1/000/355/912/00000/db9ee56a-b3c1-4c58-ba78-48b17d8e5d5d.root 355912 [6,18,29,55,11,20,38,43,50,7,14,21,27,37,49,10,17,19,23,28,32,35,36,40,41,46,47,3,4,8,30,45,48,56,5,9,22,24,26,33,39,51,54,57,2,12,13,15,31,44,1,16,25,34,42,52,53,58]
/store/data/Run2022C/MET/RAW/v1/000/355/912/00000/f0fb01f9-8462-4484-9716-c22da9885644.root 355912 [80,91,81,82,88,93,94,79,85,92,95,83,86,84,87,89,90,78]
/store/data/Run2022C/MET/RAW/v1/000/355/913/00000/10beaa64-c766-45d6-8266-c9cf6912777b.root 355913 [45,52,64,47,53,63,43,44,50,60,49,54,55,57,46,48,56,58,61,51,59,62]
/store/data/Run2022C/MET/RAW/v1/000/355/913/00000/8ebb1ccd-2dcd-4909-8297-c3709c2df964.root 355913 [2,5,9,15,18,4,7,8,17,19,3,21,11,16,1,10,14,6,12,13,20]
/store/data/Run2022C/MET/RAW/v1/000/355/913/00000/a23ee87c-c40b-45bb-b12f-de0d12565811.root 355913 [91,93,94,96,97,99,100,101,102,103,104,98,89,92,95,90,105,106]
/store/data/Run2022C/MET/RAW/v1/000/355/913/00000/c152dcb9-1f78-4eb9-ba6d-53c931e7cc6a.root 355913 [109]
/store/data/Run2022C/MET/RAW/v1/000/355/913/00000/cecba200-201d-4e4f-a819-a6149099ffba.root 355913 [74,80,81,75,70,71,78,83,84,87,76,68,69,65,85,66,77,79,86,88,67,72,73,82]
/store/data/Run2022C/MET/RAW/v1/000/355/913/00000/f89efbcc-25a6-44d5-bd72-bc69db94ae22.root 355913 [25,29,34,41,30,35,38,24,33,42,23,32,27,36,40,31,39,22,26,28,37]
/store/data/Run2022C/MET/RAW/v1/000/355/921/00000/0001ec55-4bf6-49c5-88f8-f36419b7a8db.root 355921 [385,390,392,395,400,396,401,403,388,405,387,391,402,404,386,393,397,398,399,389,394]
/store/data/Run2022C/MET/RAW/v1/000/355/921/00000/1e225512-2c70-49be-9241-f6c5c89a707d.root 355921 [441,435,436,430,431,434,437,433,439,442,438,440,432]
/store/data/Run2022C/MET/RAW/v1/000/355/921/00000/25f7f5f9-b6fa-41c4-a4e7-c978c939bd69.root 355921 [14,19,21,25,30,33,34,46,1,6,9,12,17,20,38,3,16,23,32,40,41,43,45,52,11,15,29,42,48,5,26,28,39,7,8,27,31,37,2,4,24,35,36,49,51,10,13,18,22,44,47,50]
/store/data/Run2022C/MET/RAW/v1/000/355/921/00000/26747168-0e24-46cd-b135-f896c1d386fa.root 355921 [151,154,161,165,158,164,155,166,168,156,160,162,167,169,159,149,152,163,150,153,157]
/store/data/Run2022C/MET/RAW/v1/000/355/921/00000/2a5ee032-e3ef-4cd7-903f-6301c6f1c855.root 355921 [93,98,94,96,100,102,104,101,91,92,99,105,106,95,107,108,97,103]
/store/data/Run2022C/MET/RAW/v1/000/355/921/00000/30ac4dbc-694b-4fce-b69a-d7980b028efe.root 355921 [124,125,110,123,117,121,114,122,126,128,109,112,115,116,120,111,113,119,127,118]
/store/data/Run2022C/MET/RAW/v1/000/355/921/00000/473402b2-9742-433b-af4f-64e914e072b5.root 355921 [55,56,68,71,59,67,58,63,64,65,70,53,60,61,54,57,62,66,69]
/store/data/Run2022C/MET/RAW/v1/000/355/921/00000/5f4d8528-ffd1-4952-bc89-5d7fad343cbc.root 355921 [142,143,129,130,140,141,136,137,134,139,144,131,133,148,147,132,135,138,145,146]
/store/data/Run2022C/MET/RAW/v1/000/355/921/00000/602fada9-19b8-49e3-948c-07f664b912b7.root 355921 [244,248,235,236,240,245,250,239,251,242,246,247,249,252,233,234,237,238,243,241,253]
/store/data/Run2022C/MET/RAW/v1/000/355/921/00000/829a6972-d313-4bdd-b67d-0cb09dbdc93c.root 355921 [367,377,381,382,363,375,376,362,366,370,361,369,371,374,380,383,364,365,368,379,373,372,378,384]
/store/data/Run2022C/MET/RAW/v1/000/355/921/00000/8e09dee9-273e-4ccb-8e4d-13fc7a89a9fb.root 355921 [75,79,82,85,73,81,90,72,74,84,89,83,88,77,80,86,76,78,87]
/store/data/Run2022C/MET/RAW/v1/000/355/921/00000/9be52132-da69-439b-8d4b-8ecf4bb7d097.root 355921 [279,281,286,293,290,288,278,284,300,291,292,296,280,289,294,302,282,285,297,298,299,283,287,295,301]
/store/data/Run2022C/MET/RAW/v1/000/355/921/00000/9f928533-e417-45b1-9299-94ed94a69b71.root 355921 [307,309,311,321,306,312,313,316,317,318,308,303,314,322,323,324,325,320,304,315,319,305,310]
/store/data/Run2022C/MET/RAW/v1/000/355/921/00000/a61262e6-d7e4-49da-980c-0ba0bfdb7c46.root 355921 [255,273,256,263,267,275,262,266,254,259,277,257,265,270,271,258,260,264,269,276,261,268,272,274]
/store/data/Run2022C/MET/RAW/v1/000/355/921/00000/c7df5453-525c-492f-b615-53941b5f4066.root 355921 [338,326,335,327,329,336,331,333,328,330,332,334,337]
/store/data/Run2022C/MET/RAW/v1/000/355/921/00000/deed48df-93f7-4862-b74c-ddf069ba11ca.root 355921 [350,352,342,357,360,340,341,354,356,343,348,344,346,355,351,345,349,347,353,358,359]
/store/data/Run2022C/MET/RAW/v1/000/355/921/00000/e1ff2041-e85e-4353-a0e9-a4dd5d9a0c98.root 355921 [192,191,195,199,194,208,197,198,200,203,206,193,204,209,210,201,207,196,202,205]
/store/data/Run2022C/MET/RAW/v1/000/355/921/00000/e2f86810-4cc5-4de6-8096-02518d6de5e0.root 355921 [216,226,213,220,221,230,222,232,219,228,231,214,224,227,217,218,225,229,212,215,223]
/store/data/Run2022C/MET/RAW/v1/000/355/921/00000/e7557169-3429-4d15-b6aa-100741b751d9.root 355921 [407,413,416,424,406,411,423,420,421,428,414,419,408,417,422,409,412,415,426,429,410,418,425,427]
/store/data/Run2022C/MET/RAW/v1/000/355/921/00000/f94622c7-26b3-4ab9-a7b2-9240d3715890.root 355921 [182,190,177,183,171,176,184,186,175,187,170,179,189,174,178,180,181,173,188,172,185]
/store/data/Run2022C/MET/RAW/v1/000/355/933/00000/2c29608c-438c-40dd-abe7-db584f1f2bc8.root 355933 [91,93,99,108,111,126,132,144,158,164,184,191,205,213,214,217,223,227,235,239,243,251,253,260,266,275,282,284,287,292,326,328,339,345,346,352,362,372,381,382,391,405,415,421,423,424,429,433,445,446,83,96,112,115,134,145,149,150,168,170,174,179,180,193,204,208,216,226,228,244,250,256,291,298,302,313,314,330,333,357,359,365,369,380,394,395,404,414,419,431,434,84,85,88,89,95,101,102,114,122,128,182,189,195,206,220,240,241,248,249,252,267,272,283,297,299,304,309,316,318,320,331,341,344,349,350,363,374,375,379,389,396,397,400,408,411,416,422,425,426,427,432,442,81,100,110,119,120,127,133,138,152,157,169,171,176,177,199,219,229,232,233,245,247,263,264,268,273,294,296,308,312,317,323,327,332,342,358,367,373,383,384,392,401,403,409,447,80,109,121,123,130,131,136,143,146,148,151,159,161,186,192,201,203,210,218,221,231,255,257,293,319,322,334,335,343,366,371,377,378,390,410,418,428,440,79,86,87,98,103,116,117,118,125,129,156,160,165,166,167,173,190,194,196,198,211,236,254,259,271,276,277,280,286,289,300,307,315,325,336,338,340,347,354,364,368,370,376,398,399,402,406,412,417,435,436,82,90,97,104,113,135,139,140,141,142,147,153,154,162,163,175,181,183,185,188,197,200,207,209,215,224,225,234,246,270,274,279,281,288,290,295,301,306,310,321,324,329,355,360,361,387,393,407,413,438,439,441,443,444,92,94,105,106,107,124,137,155,172,178,187,202,212,222,230,237,238,242,258,261,262,265,269,278,285,303,305,311,337,348,351,353,356,385,386,388,420,430,437,448]
/store/data/Run2022C/MET/RAW/v1/000/355/933/00000/9a49db67-f2a6-41a9-baab-951fe866f495.root 355933 [6,47,7,14,24,26,41,49,4,10,16,18,20,34,43,46,54,55,57,58,2,8,9,13,17,19,28,31,38,39,42,60,3,11,23,29,33,44,56,1,21,22,25,27,30,36,48,50,52,53,5,12,15,37,45,51,32,35,40,59,61]
/store/data/Run2022C/MET/RAW/v1/000/355/942/00000/cf59bd84-463f-4a87-a5a3-dd5918413d4f.root 355942 [220,221]
/store/data/Run2022C/MET/RAW/v1/000/355/942/00000/dc4db3b8-353f-44da-ba67-ce997f3b1ca0.root 355942 [3,6,15,28,30,44,52,64,67,69,106,109,115,126,128,139,140,153,156,171,175,184,187,189,193,194,195,196,204,210,211,8,10,14,27,45,46,48,60,61,63,65,70,76,82,85,88,95,99,102,118,119,132,149,173,179,188,191,205,206,12,25,37,39,43,49,51,55,59,62,75,77,83,86,92,101,103,127,130,137,138,142,146,151,152,161,164,180,182,183,200,209,4,9,18,57,71,73,91,93,94,113,117,120,121,123,162,163,165,181,11,13,16,17,36,38,40,47,50,56,72,74,79,97,104,105,114,116,125,134,144,147,154,166,170,198,20,26,29,34,42,66,68,78,84,89,107,108,111,122,131,141,157,158,167,168,172,176,178,197,199,208,7,19,21,22,24,53,54,58,124,136,150,155,159,169,174,177,190,192,201,207,213,214,5,23,31,32,33,35,41,80,81,87,90,96,98,100,110,112,129,133,135,143,145,148,160,185,186,202,203,212]
/store/data/Run2022C/MET/RAW/v1/000/355/942/00000/fee847e1-8c99-4ac1-afac-a65bf1c58e1a.root 355942 [1]
/store/data/Run2022C/MET/RAW/v1/000/355/988/00000/104d9917-eead-4520-8a03-62afd27becae.root 355988 [58,60,50,54,55,51,56,57,59,52,53]
/store/data/Run2022C/MET/RAW/v1/000/355/988/00000/3ed9749b-2a15-4e51-b3c3-9226b7439d40.root 355988 [73,74,71,75,78,76,77,79,72]
/store/data/Run2022C/MET/RAW/v1/000/355/988/00000/7cd7b6da-922c-46c2-9f3f-bf14bb23c3c4.root 355988 [1,10,16,17,18,19,25,35,39,40,7,20,22,31,42,43,49,28,38,3,6,9,11,12,13,46,5,8,37,41,48,4,15,21,27,29,34,2,14,32,44,45,23,24,26,30,33,36,47]
/store/data/Run2022C/MET/RAW/v1/000/355/988/00000/8f2e0c4d-daf3-4b9f-b106-21755893efa9.root 355988 [68,64,67,69,70,61,62,63,65,66]
/store/data/Run2022C/MET/RAW/v1/000/355/988/00000/94a3de9b-ae04-4908-a691-af89bdba2392.root 355988 [88,90,89]
/store/data/Run2022C/MET/RAW/v1/000/355/988/00000/b55bf240-7e43-464f-a104-5257cabf5a75.root 355988 [83,84,85,80,82,86,81,87]
/store/data/Run2022C/MET/RAW/v1/000/355/989/00000/13686f20-92d4-4c5e-952c-4448f66f4aa9.root 355989 [15,16,17,19,14,18]
/store/data/Run2022C/MET/RAW/v1/000/355/989/00000/96f55c75-cbfa-4dc1-adb7-c547dfc639e6.root 355989 [12,13,8,9,11,10]
/store/data/Run2022C/MET/RAW/v1/000/355/989/00000/dd73e655-ccb0-433c-805b-c7fb3c87714a.root 355989 [1,3,4,6,2,5,7]
/store/data/Run2022C/MET/RAW/v1/000/355/989/00000/f7f88b97-3f4f-49b2-8a5a-40be7c09f493.root 355989 [21,22,23,20,24]
/store/data/Run2022C/MET/RAW/v1/000/355/998/00000/4515f4be-519e-4674-b91c-c09686c27aff.root 355998 [22,24,20,19,21,23]
/store/data/Run2022C/MET/RAW/v1/000/355/998/00000/69b9d8b1-6671-4162-8968-451750779123.root 355998 [32,33,31,35,34]
/store/data/Run2022C/MET/RAW/v1/000/355/998/00000/6c230d1f-0c9f-4668-84c9-6884668fddb3.root 355998 [6,3,5,2,4,1]
/store/data/Run2022C/MET/RAW/v1/000/355/998/00000/aa8037e6-9e53-4a07-866f-eeecb577e9c5.root 355998 [25,26,28,29,30,27]
/store/data/Run2022C/MET/RAW/v1/000/355/998/00000/cb5ba421-0f6b-4dfb-b090-e2b1e573ecda.root 355998 [16,17,15,14,18,13]
/store/data/Run2022C/MET/RAW/v1/000/355/998/00000/e6692ff4-966e-4248-b925-452d88e28bb5.root 355998 [8,11,10,12,7,9]
/store/data/Run2022C/MET/RAW/v1/000/355/999/00000/df030e6b-7ce4-4dae-8402-2d4e2da5c9b3.root 355999 [4,3,1,6,2,5]
/store/data/Run2022C/MET/RAW/v1/000/355/999/00000/ed58b103-5498-4edd-ac8d-b512fe39a661.root 355999 [8,7,9]
/store/data/Run2022C/MET/RAW/v1/000/356/004/00000/40aca079-9c7d-4258-9d00-5714daf749d9.root 356004 [15,19,14,18,20,16,13,17]
/store/data/Run2022C/MET/RAW/v1/000/356/004/00000/6a2048ce-e521-4f6a-ba0c-9bfabb784fa8.root 356004 [1,4,8,11,2,7,3,10,6,9,5,12]
/store/data/Run2022C/MET/RAW/v1/000/356/005/00000/246d53e5-734c-487c-b69c-3fe0d62f15f9.root 356005 [146,147,159,162,165,142,152,153,154,156,158,160,145,150,163,149,164,167,155,166,161,168,140,141,144,157,143,148,151]
/store/data/Run2022C/MET/RAW/v1/000/356/005/00000/4d365a15-7818-4b8a-9891-1eb322a06ed9.root 356005 [29,34,36,33,31,26,27,30,35,32,37,28]
/store/data/Run2022C/MET/RAW/v1/000/356/005/00000/52d8883f-dabd-4dd3-a9bf-9ea2d9f8cc05.root 356005 [135,127,131,138,130,132,137,128,134,139,126,129,133,136]
/store/data/Run2022C/MET/RAW/v1/000/356/005/00000/54f6aa9d-14ed-4b03-ae1c-25f1d7af567c.root 356005 [91,95,96,88,89,97,87,93,90,86,92,94]
/store/data/Run2022C/MET/RAW/v1/000/356/005/00000/7b8f7cd8-3e2b-4bee-9626-996f620ee5f1.root 356005 [64,66,62,70,73,69,72,67,65,71,63,68]
/store/data/Run2022C/MET/RAW/v1/000/356/005/00000/9d1c0e7b-5ff8-4390-8323-2228b80af75f.root 356005 [102,104,106,99,103,110,101,105,109,111,108,107,98,100]
/store/data/Run2022C/MET/RAW/v1/000/356/005/00000/ae2661a0-b8f2-49f6-a97b-520ef3317393.root 356005 [41,48,46,47,49,38,39,45,44,40,42,43]
/store/data/Run2022C/MET/RAW/v1/000/356/005/00000/bea5a024-a7fb-4246-ba33-73e221664cb6.root 356005 [184,189,190,188,192,183,191,186,193,185,187]
/store/data/Run2022C/MET/RAW/v1/000/356/005/00000/c3594bc0-922d-491d-9834-a5069b410888.root 356005 [55,57,52,51,53,60,54,56,50,59,61,58]
/store/data/Run2022C/MET/RAW/v1/000/356/005/00000/ca3eb0d1-0c18-40af-98dc-eac0b7267426.root 356005 [15,20,19,14,22,17,18,23,24,13,16,21,25]
/store/data/Run2022C/MET/RAW/v1/000/356/005/00000/d92af940-02ac-4d33-80a6-87f6d9c561c5.root 356005 [176,173,175,179,169,177,178,171,182,172,170,174,180,181]
/store/data/Run2022C/MET/RAW/v1/000/356/005/00000/e664fa39-b99f-4069-a2d1-9c0db63559a7.root 356005 [5,1,2,3,9,7,11,4,8,12,6,10]
/store/data/Run2022C/MET/RAW/v1/000/356/005/00000/f29680b3-df2f-4c22-b851-f2598fb8011d.root 356005 [114,116,118,121,123,125,117,120,122,112,124,119,113,115]
/store/data/Run2022C/MET/RAW/v1/000/356/005/00000/f909ed46-8f28-4409-8e7b-ec928dc2ddbe.root 356005 [77,74,78,81,79,80,83,84,75,85,82,76]
/store/data/Run2022C/MET/RAW/v1/000/356/043/00000/07e7c2b2-e8c3-4dc6-b384-cc4603a96db3.root 356043 [36,37,39,34,35,38,31,33,32]
/store/data/Run2022C/MET/RAW/v1/000/356/043/00000/724876c6-b582-4dd4-a4d3-1270520c83fe.root 356043 [44,41,43,45,42,47,40,46]
/store/data/Run2022C/MET/RAW/v1/000/356/043/00000/971aaae4-1017-45bc-85b2-71f64135d74c.root 356043 [50,48,52,55,51,53,56,49,54]
/store/data/Run2022C/MET/RAW/v1/000/356/043/00000/9c3424e4-f705-4c83-a95e-4b342b8519f9.root 356043 [15,19,16,17,20,21,18]
/store/data/Run2022C/MET/RAW/v1/000/356/043/00000/b126029b-58ab-4d39-838f-c792e44e9ed3.root 356043 [23,25,22,27,28,30,29,24,26]
/store/data/Run2022C/MET/RAW/v1/000/356/043/00000/cd02699f-d85a-49d5-a57e-ce428719ea95.root 356043 [59,60,61,62,63,64,58,57,65]
/store/data/Run2022C/MET/RAW/v1/000/356/043/00000/d899fe98-bec5-471a-bf31-5c64e3210b20.root 356043 [4,10,8,9,1,3,5,11,2,14,12,13,7,6]
/store/data/Run2022C/MET/RAW/v1/000/356/071/00000/00f75ba5-56b7-494a-8053-f9ca9de5f377.root 356071 [358,360,362,357,359,356,361]
/store/data/Run2022C/MET/RAW/v1/000/356/071/00000/09675875-129a-40d5-bad7-4e20285bb2c6.root 356071 [323,324,328,325,326,327,329]
/store/data/Run2022C/MET/RAW/v1/000/356/071/00000/109ce55d-5f31-48ab-8588-7f70df36a244.root 356071 [54,50,52,49,53,48,51]
/store/data/Run2022C/MET/RAW/v1/000/356/071/00000/18062dce-8224-44bb-ad36-4ad8a47e4cf1.root 356071 [139,140,131,137,133,136,138,132,134,135]
/store/data/Run2022C/MET/RAW/v1/000/356/071/00000/19bc35ce-cf83-44bc-9aab-cc73656c046d.root 356071 [80,82,83,79,81,77,76,78,84]
/store/data/Run2022C/MET/RAW/v1/000/356/071/00000/1b23f329-df92-4817-8ae9-e886c3f9f19a.root 356071 [252,254,250,249,251,253]
/store/data/Run2022C/MET/RAW/v1/000/356/071/00000/206cad2e-490a-4da8-958d-42bbd9807351.root 356071 [158,159,160,161,162,157]
/store/data/Run2022C/MET/RAW/v1/000/356/071/00000/23755265-6e4e-43d2-9f0f-6f003040e856.root 356071 [233,234,235,231,236,232]
/store/data/Run2022C/MET/RAW/v1/000/356/071/00000/27f9abd6-edf6-4538-a7d5-6b0398a5b4be.root 356071 [345,348,344,347,349,346]
/store/data/Run2022C/MET/RAW/v1/000/356/071/00000/285c9ff4-8793-4c9b-9b6d-126e9dccbe5f.root 356071 [105,108,107,104,106]
/store/data/Run2022C/MET/RAW/v1/000/356/071/00000/29ef862e-09af-4ec9-8bb4-88fb282967d4.root 356071 [197,198,195,199,200,196]
/store/data/Run2022C/MET/RAW/v1/000/356/071/00000/2c5145ef-8524-4a93-af54-5142ce5078ba.root 356071 [151,154,156,152,155,153]
/store/data/Run2022C/MET/RAW/v1/000/356/071/00000/2de83691-4512-48b0-a55d-0e82c5eeea54.root 356071 [143,144,145,141,142]
/store/data/Run2022C/MET/RAW/v1/000/356/071/00000/300d9c7e-ac8c-4f5e-a809-39ff1c71a9bd.root 356071 [224,220,223,219,221,222]
/store/data/Run2022C/MET/RAW/v1/000/356/071/00000/33662efb-eb24-424c-9b20-69436563f207.root 356071 [5,21,29,37,9,32,2,13,20,30,31,33,4,14,25,26,39,41,3,6,19,22,27,40,7,8,11,34,1,15,17,36,38,10,12,16,18,23,24,28,35]
/store/data/Run2022C/MET/RAW/v1/000/356/071/00000/3456d798-0ec6-42d3-96b7-3bca7604975d.root 356071 [183,184,186,187,188,185]
/store/data/Run2022C/MET/RAW/v1/000/356/071/00000/3462395d-5693-42ef-8dbd-a996ee2e59ef.root 356071 [100,98,101,103,99,102]
/store/data/Run2022C/MET/RAW/v1/000/356/071/00000/37569675-fef6-49f8-adb7-ff95f5db203b.root 356071 [382,386,381,384,383,385,387]
/store/data/Run2022C/MET/RAW/v1/000/356/071/00000/38ab78b8-2031-4e8f-acac-8f0d0744a1ae.root 356071 [319,320,317,318,321,322]
/store/data/Run2022C/MET/RAW/v1/000/356/071/00000/3a5d35ea-8ce8-4c3b-a75c-dd2accd8fe24.root 356071 [177,178,182,180,179,181]
/store/data/Run2022C/MET/RAW/v1/000/356/071/00000/3fbc8acb-6427-48bf-b07b-dbbfd5b523ae.root 356071 [262,263,266,267,265,264]
/store/data/Run2022C/MET/RAW/v1/000/356/071/00000/41e287c0-5560-421b-a7c4-3a72c3727e89.root 356071 [113,115,114,111,116,109,112,110]
/store/data/Run2022C/MET/RAW/v1/000/356/071/00000/4b5878c5-139d-444a-8426-1fe33faddb66.root 356071 [256,261,260,259,255,257,258]
/store/data/Run2022C/MET/RAW/v1/000/356/071/00000/4e732968-ead3-4b54-b647-6c1fd2c5206b.root 356071 [377,375,376,378,380,379]
/store/data/Run2022C/MET/RAW/v1/000/356/071/00000/533bfeda-d4a5-40f0-9c68-4648a2e0d151.root 356071 [46,47,43,42,44,45]
/store/data/Run2022C/MET/RAW/v1/000/356/071/00000/6299e6a0-823a-4927-8884-6b0ad9cdb843.root 356071 [388,394,391,392,393,389,390]
/store/data/Run2022C/MET/RAW/v1/000/356/071/00000/67fa8c4c-d258-4d46-807e-db7c29e6a8cf.root 356071 [215,214,216,213,217,218]
/store/data/Run2022C/MET/RAW/v1/000/356/071/00000/72a43bf9-b845-4e6a-b70b-ecbe94e03d99.root 356071 [193,190,191,192,194,189]
/store/data/Run2022C/MET/RAW/v1/000/356/071/00000/7b90cd55-6d40-4b50-b106-6255074c1e9e.root 356071 [310,306,304,308,307,309,305]
/store/data/Run2022C/MET/RAW/v1/000/356/071/00000/92c8a824-d0cf-4d65-b8d0-a7deac950f5e.root 356071 [367,363,365,366,368,364]
/store/data/Run2022C/MET/RAW/v1/000/356/071/00000/965bf2e3-92d1-4eaa-a614-808187c51db0.root 356071 [70,72,69,71,74,75,68,73]
/store/data/Run2022C/MET/RAW/v1/000/356/071/00000/97086adb-0e5c-43e8-ac94-4a78246375c1.root 356071 [55,57,59,56,61,58,60]
/store/data/Run2022C/MET/RAW/v1/000/356/071/00000/9bf2fe89-ce7a-4300-98e0-0f2de8b26583.root 356071 [210,211,209,207,212,208]
/store/data/Run2022C/MET/RAW/v1/000/356/071/00000/9ec10beb-9fbc-4d51-b965-ea34bfb7a8a9.root 356071 [95,93,94,97,96,92]
/store/data/Run2022C/MET/RAW/v1/000/356/071/00000/9f0bdba6-7b32-4686-8293-a07de8ebe8b0.root 356071 [333,335,334,336,330,332,331]
/store/data/Run2022C/MET/RAW/v1/000/356/071/00000/9f403e02-9814-4055-a523-66bcc8f4a488.root 356071 [163,164,166,168,167,165,169]
/store/data/Run2022C/MET/RAW/v1/000/356/071/00000/9ff504d3-0b9f-4d85-8857-b9eff627a789.root 356071 [174,171,172,173,175,176,170]
/store/data/Run2022C/MET/RAW/v1/000/356/071/00000/a7b6f1b4-637b-47c3-9209-7603d9a09805.root 356071 [296,295,293,290,291,292,294]
/store/data/Run2022C/MET/RAW/v1/000/356/071/00000/aad7ae73-252c-4f84-9e7c-fb8107990446.root 356071 [237,238,239,241,240,242]
/store/data/Run2022C/MET/RAW/v1/000/356/071/00000/b45f18d7-4f58-4d09-9c30-9ca0304417f0.root 356071 [226,228,225,227,230,229]
/store/data/Run2022C/MET/RAW/v1/000/356/071/00000/b462e946-82f2-4503-bae1-c8527463c49a.root 356071 [397,395,396]
/store/data/Run2022C/MET/RAW/v1/000/356/071/00000/b70ae803-49bc-4793-9b73-b2797fb033c4.root 356071 [269,274,270,271,273,268,272]
/store/data/Run2022C/MET/RAW/v1/000/356/071/00000/bab8f849-4100-4ca3-9157-28ade7b91b65.root 356071 [312,315,316,311,313,314]
/store/data/Run2022C/MET/RAW/v1/000/356/071/00000/bccabc11-5a2f-45c9-9e8d-d12ef092b6fa.root 356071 [62,63,64,66,67,65]
/store/data/Run2022C/MET/RAW/v1/000/356/071/00000/be06f35e-6d6c-4db4-9cdc-3a23e1eb6a46.root 356071 [246,248,247,245,243,244]
/store/data/Run2022C/MET/RAW/v1/000/356/071/00000/bf4c5a92-8e55-4276-94a2-06ee7775c732.root 356071 [281,275,277,278,276,280,279,282]
/store/data/Run2022C/MET/RAW/v1/000/356/071/00000/c3945d20-2792-4981-bd46-677007a74c30.root 356071 [118,122,128,119,127,129,117,120,121,126,125,123,124,130]
/store/data/Run2022C/MET/RAW/v1/000/356/071/00000/cd896d72-bf52-40de-a6f0-25748445d5e3.root 356071 [351,350,353,352,354,355]
/store/data/Run2022C/MET/RAW/v1/000/356/071/00000/d720838d-2d89-44b0-ad03-6f28378b1bf8.root 356071 [150,146,147,148,149]
/store/data/Run2022C/MET/RAW/v1/000/356/071/00000/ddaeebb5-dd5d-4e0e-8556-d344562a89d5.root 356071 [372,370,371,373,374,369]
/store/data/Run2022C/MET/RAW/v1/000/356/071/00000/e01b6048-c427-4488-8d83-45c17442bc39.root 356071 [284,286,288,285,283,287,289]
/store/data/Run2022C/MET/RAW/v1/000/356/071/00000/e1e2717e-ce7d-4354-8eae-380193f2fc07.root 356071 [340,339,342,343,338,337,341]
/store/data/Run2022C/MET/RAW/v1/000/356/071/00000/e4312243-8c51-4a4e-ab8c-e70c81269a0e.root 356071 [202,201,204,205,203,206]
/store/data/Run2022C/MET/RAW/v1/000/356/071/00000/f445113c-311c-4418-a2c7-cf7cf58c0280.root 356071 [302,297,301,303,298,299,300]
/store/data/Run2022C/MET/RAW/v1/000/356/071/00000/f9b4393a-e8eb-4531-aed0-8d76994a8cc3.root 356071 [91,86,87,88,85,89,90]
