/store/data/Run2017D/ZeroBias/RAW/v1/000/302/663/00000/0211E59C-3998-E711-B9BC-02163E014793.root [712,715,718,711,713,714,716,717]
/store/data/Run2017D/ZeroBias/RAW/v1/000/302/663/00000/021F123B-1598-E711-AC72-02163E013676.root [105,104,103,102,106]
/store/data/Run2017D/ZeroBias/RAW/v1/000/302/663/00000/04FCAA99-1198-E711-8C8B-02163E01473D.root [46,45,47,48]
/store/data/Run2017D/ZeroBias/RAW/v1/000/302/663/00000/06DBADDC-1298-E711-820F-02163E0140F1.root [70,68,69,71,67]
/store/data/Run2017D/ZeroBias/RAW/v1/000/302/663/00000/08C0D7E0-2598-E711-9B3E-02163E014307.root [414,410,412,411,413]
/store/data/Run2017D/ZeroBias/RAW/v1/000/302/663/00000/0AD86DFF-1598-E711-8D9F-02163E011DB6.root [128,130,131,129,127]
/store/data/Run2017D/ZeroBias/RAW/v1/000/302/663/00000/0C6804B3-1B98-E711-9834-02163E0141BB.root [225,227,228,224,226]
/store/data/Run2017D/ZeroBias/RAW/v1/000/302/663/00000/0EA7909D-2298-E711-A17D-02163E0133DF.root [364,360,362,363,361]
/store/data/Run2017D/ZeroBias/RAW/v1/000/302/663/00000/109594BD-1D98-E711-8EF1-02163E01A500.root [269,271,270,273,272]
/store/data/Run2017D/ZeroBias/RAW/v1/000/302/663/00000/120E3FA1-0F98-E711-A89A-02163E0120CA.root [9,12,11,10]
/store/data/Run2017D/ZeroBias/RAW/v1/000/302/663/00000/14A50B60-1D98-E711-B329-02163E0145B4.root [257,255,256,258,254]
/store/data/Run2017D/ZeroBias/RAW/v1/000/302/663/00000/161281AD-1898-E711-A4FB-02163E012871.root [157,161,159,160,158]
/store/data/Run2017D/ZeroBias/RAW/v1/000/302/663/00000/162F4F7E-1198-E711-8559-02163E013638.root [41,43,44,42]
/store/data/Run2017D/ZeroBias/RAW/v1/000/302/663/00000/164CA30C-2198-E711-B5E6-02163E014640.root [338,335,336,339,337]
/store/data/Run2017D/ZeroBias/RAW/v1/000/302/663/00000/16AB88DE-2898-E711-9C45-02163E014520.root [470,474,471,472,473]
/store/data/Run2017D/ZeroBias/RAW/v1/000/302/663/00000/1823F998-1F98-E711-9BE0-02163E01A6B5.root [295,297,296,294,298]
/store/data/Run2017D/ZeroBias/RAW/v1/000/302/663/00000/1E07AA22-1498-E711-B479-02163E011EA9.root [90,89,91,87,88]
/store/data/Run2017D/ZeroBias/RAW/v1/000/302/663/00000/20C8592D-2898-E711-8642-02163E01A3BF.root [464,460,462,461,463]
/store/data/Run2017D/ZeroBias/RAW/v1/000/302/663/00000/22DCDC39-2398-E711-91A7-02163E019B99.root [367,365,369,366,368]
/store/data/Run2017D/ZeroBias/RAW/v1/000/302/663/00000/262BF9A3-2198-E711-9CA8-02163E0120E1.root [344,341,340,342,343]
/store/data/Run2017D/ZeroBias/RAW/v1/000/302/663/00000/2AD1B9F8-2A98-E711-84B7-02163E0141EF.root [510,511,512,513,514]
/store/data/Run2017D/ZeroBias/RAW/v1/000/302/663/00000/2AD37FF3-2B98-E711-B56C-02163E01418E.root [525,528,526,527,529]
/store/data/Run2017D/ZeroBias/RAW/v1/000/302/663/00000/2C8A1445-3298-E711-9CCC-02163E01A360.root [644,646,648,647,645]
/store/data/Run2017D/ZeroBias/RAW/v1/000/302/663/00000/2CA8F976-2A98-E711-82B3-02163E013800.root [486,489,488,485,487]
/store/data/Run2017D/ZeroBias/RAW/v1/000/302/663/00000/2E1C1B9C-2298-E711-8A80-02163E014280.root [357,356,358,359,355]
/store/data/Run2017D/ZeroBias/RAW/v1/000/302/663/00000/325BEDB2-2398-E711-8589-02163E01A22B.root [382,384,380,381,383]
/store/data/Run2017D/ZeroBias/RAW/v1/000/302/663/00000/32D542B4-1698-E711-AD8B-02163E0146D7.root [133,134,132,135,136]
/store/data/Run2017D/ZeroBias/RAW/v1/000/302/663/00000/34294827-3498-E711-B21F-02163E014129.root [687,688,686,684,685]
/store/data/Run2017D/ZeroBias/RAW/v1/000/302/663/00000/3827F0D5-2B98-E711-B108-02163E0137FF.root [537,535,538,539,536]
/store/data/Run2017D/ZeroBias/RAW/v1/000/302/663/00000/3A6C31B1-2798-E711-83B5-02163E011852.root [458,455,457,456,459]
/store/data/Run2017D/ZeroBias/RAW/v1/000/302/663/00000/3C4FC39F-3098-E711-9F17-02163E012242.root [608,609,605,606,607]
/store/data/Run2017D/ZeroBias/RAW/v1/000/302/663/00000/3C89727E-1898-E711-878B-02163E014722.root [168,171,167,170,169]
/store/data/Run2017D/ZeroBias/RAW/v1/000/302/663/00000/4061F913-1698-E711-A744-02163E013504.root [122,123,124,125,126]
/store/data/Run2017D/ZeroBias/RAW/v1/000/302/663/00000/42A8995A-2798-E711-9B77-02163E011BE9.root [445,446,448,449,447]
/store/data/Run2017D/ZeroBias/RAW/v1/000/302/663/00000/487CC401-2198-E711-A64E-02163E011FC7.root [333,332,330,334,331]
/store/data/Run2017D/ZeroBias/RAW/v1/000/302/663/00000/4CED1774-1398-E711-8E64-02163E01396C.root [84,86,82,85,83]
/store/data/Run2017D/ZeroBias/RAW/v1/000/302/663/00000/4E15DAEF-1998-E711-8516-02163E019CCB.root [206,203,205,207,204]
/store/data/Run2017D/ZeroBias/RAW/v1/000/302/663/00000/4E264272-1998-E711-BCF7-02163E01446D.root [191,187,190,189,188,192]
/store/data/Run2017D/ZeroBias/RAW/v1/000/302/663/00000/4E3DBF1F-2898-E711-867E-02163E011BA6.root [466,468,469,465,467]
/store/data/Run2017D/ZeroBias/RAW/v1/000/302/663/00000/4E5E375E-1E98-E711-8FD7-02163E01A2B4.root [279,282,280,281,283]
/store/data/Run2017D/ZeroBias/RAW/v1/000/302/663/00000/5055D908-3398-E711-8EBB-02163E019BEF.root [664,665,666,667,668]
/store/data/Run2017D/ZeroBias/RAW/v1/000/302/663/00000/50926A9C-2698-E711-A675-02163E013538.root [429,425,426,427,428]
/store/data/Run2017D/ZeroBias/RAW/v1/000/302/663/00000/521F4C8C-2F98-E711-94A3-02163E014493.root [593,591,592,590,594]
/store/data/Run2017D/ZeroBias/RAW/v1/000/302/663/00000/52DF6B01-2698-E711-AEF7-02163E01363C.root [415,416,419,417,418]
/store/data/Run2017D/ZeroBias/RAW/v1/000/302/663/00000/52EA4967-3198-E711-A5AE-02163E01A1EE.root [615,616,617,618,619]
/store/data/Run2017D/ZeroBias/RAW/v1/000/302/663/00000/545C8C13-2E98-E711-912D-02163E01A7A2.root [560,561,562,564,563]
/store/data/Run2017D/ZeroBias/RAW/v1/000/302/663/00000/54BB9D27-2798-E711-BC2A-02163E019BF7.root [444,441,442,443,440]
/store/data/Run2017D/ZeroBias/RAW/v1/000/302/663/00000/56D157E7-2B98-E711-B395-02163E0135FB.root [530,534,533,531,532]
/store/data/Run2017D/ZeroBias/RAW/v1/000/302/663/00000/580653DA-1098-E711-8099-02163E0119C1.root [38,40,37,39]
/store/data/Run2017D/ZeroBias/RAW/v1/000/302/663/00000/5C1676E8-2598-E711-860C-02163E014644.root [406,408,407,405,409]
/store/data/Run2017D/ZeroBias/RAW/v1/000/302/663/00000/5C7DF72D-2F98-E711-93DB-02163E019CFE.root [587,585,586,589,588]
/store/data/Run2017D/ZeroBias/RAW/v1/000/302/663/00000/5E6BC984-1698-E711-BC00-02163E019BAB.root [142,144,145,146,143]
/store/data/Run2017D/ZeroBias/RAW/v1/000/302/663/00000/5E7273E4-1E98-E711-B712-02163E01A352.root [287,284,288,285,286]
/store/data/Run2017D/ZeroBias/RAW/v1/000/302/663/00000/5E9DA49C-0F98-E711-9C45-02163E011B0A.root [8,5,6,7]
/store/data/Run2017D/ZeroBias/RAW/v1/000/302/663/00000/5EFD2CF4-1098-E711-9E21-02163E011E61.root [28,27,25,26]
/store/data/Run2017D/ZeroBias/RAW/v1/000/302/663/00000/6272599F-1F98-E711-944B-02163E0125F6.root [303,299,301,302,300]
/store/data/Run2017D/ZeroBias/RAW/v1/000/302/663/00000/64BB5538-1298-E711-8E7A-02163E013553.root [56,54,53,55,57]
/store/data/Run2017D/ZeroBias/RAW/v1/000/302/663/00000/666248BC-2E98-E711-BFAB-02163E0146CD.root [584,581,583,582,580]
/store/data/Run2017D/ZeroBias/RAW/v1/000/302/663/00000/68B859BB-1B98-E711-9076-02163E0144A1.root [231,230,233,229,232]
/store/data/Run2017D/ZeroBias/RAW/v1/000/302/663/00000/6A914C69-1898-E711-8111-02163E011C98.root [173,175,172,174,176]
/store/data/Run2017D/ZeroBias/RAW/v1/000/302/663/00000/6ABC7074-3198-E711-9CAC-02163E0133F8.root [620,623,622,624,621]
/store/data/Run2017D/ZeroBias/RAW/v1/000/302/663/00000/6AD419ED-1098-E711-B018-02163E01A618.root [32,30,31,29]
/store/data/Run2017D/ZeroBias/RAW/v1/000/302/663/00000/6C5159DA-3298-E711-993B-02163E0122D6.root [658,656,655,654,657]
/store/data/Run2017D/ZeroBias/RAW/v1/000/302/663/00000/6CE69CA3-2798-E711-ACFA-02163E013482.root [450,454,451,453,452]
/store/data/Run2017D/ZeroBias/RAW/v1/000/302/663/00000/6E99F0C7-2C98-E711-8E2D-02163E014767.root [546,549,547,545,548]
/store/data/Run2017D/ZeroBias/RAW/v1/000/302/663/00000/703644A4-2698-E711-AA3D-02163E01418A.root [439,436,437,438,435]
/store/data/Run2017D/ZeroBias/RAW/v1/000/302/663/00000/70EA24C6-1A98-E711-8BEB-02163E01229E.root [209,212,210,208,211]
/store/data/Run2017D/ZeroBias/RAW/v1/000/302/663/00000/70F9DA5F-2A98-E711-A199-02163E0136F8.root [497,498,495,496,499]
/store/data/Run2017D/ZeroBias/RAW/v1/000/302/663/00000/728440C0-1D98-E711-816A-02163E013927.root [267,264,265,266,268]
/store/data/Run2017D/ZeroBias/RAW/v1/000/302/663/00000/72AA598F-0F98-E711-9BF7-02163E019CF1.root [1,2,4,3]
/store/data/Run2017D/ZeroBias/RAW/v1/000/302/663/00000/72EAC2AD-3398-E711-9661-02163E01A6AB.root [683,680,681,682,679]
/store/data/Run2017D/ZeroBias/RAW/v1/000/302/663/00000/74C71948-1D98-E711-B5F9-02163E0144BE.root [259,261,262,260,263]
/store/data/Run2017D/ZeroBias/RAW/v1/000/302/663/00000/786C001B-1098-E711-BCCB-02163E01A54C.root [18,20,17,19]
/store/data/Run2017D/ZeroBias/RAW/v1/000/302/663/00000/7A066E8A-2D98-E711-A756-02163E011B4D.root [559,556,557,558,555]
/store/data/Run2017D/ZeroBias/RAW/v1/000/302/663/00000/7A3F9C29-1398-E711-B4DD-02163E01A3E9.root [76,74,72,73,75]
/store/data/Run2017D/ZeroBias/RAW/v1/000/302/663/00000/7A806732-1C98-E711-AC0A-02163E019BBF.root [244,247,246,248,245]
/store/data/Run2017D/ZeroBias/RAW/v1/000/302/663/00000/7CDD3FBA-2098-E711-A888-02163E01199F.root [323,321,320,319,322]
/store/data/Run2017D/ZeroBias/RAW/v1/000/302/663/00000/80837CD2-1298-E711-85A6-02163E011A7D.root [64,65,62,63,66]
/store/data/Run2017D/ZeroBias/RAW/v1/000/302/663/00000/80F70ED6-2198-E711-A169-02163E01414D.root [348,346,347,345,349]
/store/data/Run2017D/ZeroBias/RAW/v1/000/302/663/00000/82FDBDF3-1F98-E711-9604-02163E0142CC.root [306,307,304,305,308]
/store/data/Run2017D/ZeroBias/RAW/v1/000/302/663/00000/860E3920-1D98-E711-AA6E-02163E01A1D0.root [250,249,251,252,253]
/store/data/Run2017D/ZeroBias/RAW/v1/000/302/663/00000/8A47085B-1C98-E711-B32B-02163E019BAC.root [239,243,242,241,240]
/store/data/Run2017D/ZeroBias/RAW/v1/000/302/663/00000/8AE3E756-1398-E711-9147-02163E012250.root [78,81,80,77,79]
/store/data/Run2017D/ZeroBias/RAW/v1/000/302/663/00000/8AEC82AC-1498-E711-AA0E-02163E0137FA.root [98,100,99,101,97]
/store/data/Run2017D/ZeroBias/RAW/v1/000/302/663/00000/920EF830-2398-E711-B862-02163E01338C.root [371,372,370,373,374]
/store/data/Run2017D/ZeroBias/RAW/v1/000/302/663/00000/9251CBF8-1798-E711-8B52-02163E011FB8.root [163,164,162,166,165]
/store/data/Run2017D/ZeroBias/RAW/v1/000/302/663/00000/92719497-2698-E711-8E31-02163E011CE4.root [432,433,434,431,430]
/store/data/Run2017D/ZeroBias/RAW/v1/000/302/663/00000/92804E3A-1598-E711-9CAF-02163E019C44.root [112,114,113,115,116]
/store/data/Run2017D/ZeroBias/RAW/v1/000/302/663/00000/929890D6-3298-E711-BA60-02163E014453.root [662,663,659,661,660]
/store/data/Run2017D/ZeroBias/RAW/v1/000/302/663/00000/92DE502F-1098-E711-BCCB-02163E019E80.root [14,15,13,16]
/store/data/Run2017D/ZeroBias/RAW/v1/000/302/663/00000/945167C6-3398-E711-B797-02163E011C98.root [674,675,676,678,677]
/store/data/Run2017D/ZeroBias/RAW/v1/000/302/663/00000/94CEFD7F-1698-E711-9A2E-02163E0141A3.root [138,141,137,139,140]
/store/data/Run2017D/ZeroBias/RAW/v1/000/302/663/00000/96579635-1598-E711-920D-02163E01A1D6.root [119,120,121,117,118]
/store/data/Run2017D/ZeroBias/RAW/v1/000/302/663/00000/966B5739-1E98-E711-ACC0-02163E014534.root [275,276,278,277,274]
/store/data/Run2017D/ZeroBias/RAW/v1/000/302/663/00000/968B81CD-3098-E711-BD6D-02163E01A3E9.root [610,611,612,613,614]
/store/data/Run2017D/ZeroBias/RAW/v1/000/302/663/00000/96B10DEF-2A98-E711-8106-02163E011DF7.root [516,518,519,517,515]
/store/data/Run2017D/ZeroBias/RAW/v1/000/302/663/00000/9802A5BA-2498-E711-9525-02163E01396A.root [398,395,397,396,399]
/store/data/Run2017D/ZeroBias/RAW/v1/000/302/663/00000/98C4C24E-2E98-E711-A08D-02163E01A648.root [574,573,571,572,570]
/store/data/Run2017D/ZeroBias/RAW/v1/000/302/663/00000/98E8FD92-2B98-E711-A266-02163E011FB8.root [521,524,520,522,523]
/store/data/Run2017D/ZeroBias/RAW/v1/000/302/663/00000/98ED545C-2E98-E711-B89C-02163E019DF9.root [569,566,565,567,568]
/store/data/Run2017D/ZeroBias/RAW/v1/000/302/663/00000/9CD30F22-1498-E711-82AF-02163E01A57E.root [92,96,93,95,94]
/store/data/Run2017D/ZeroBias/RAW/v1/000/302/663/00000/A24A86E8-1898-E711-B3B9-02163E014306.root [177,179,180,178,181]
/store/data/Run2017D/ZeroBias/RAW/v1/000/302/663/00000/A48CECEB-2498-E711-B01D-02163E0142CC.root [400,401,402,403,404]
/store/data/Run2017D/ZeroBias/RAW/v1/000/302/663/00000/AA92698A-2F98-E711-A9F1-02163E019D36.root [596,595,599,597,598]
/store/data/Run2017D/ZeroBias/RAW/v1/000/302/663/00000/AC0D15B8-2498-E711-9CB5-02163E01397D.root [391,392,394,390,393]
/store/data/Run2017D/ZeroBias/RAW/v1/000/302/663/00000/AC56B108-2198-E711-A3B4-02163E019C6C.root [329,327,325,326,324,328]
/store/data/Run2017D/ZeroBias/RAW/v1/000/302/663/00000/AEAD9865-3398-E711-B095-02163E01195D.root [671,672,670,669,673]
/store/data/Run2017D/ZeroBias/RAW/v1/000/302/663/00000/B2ECEE9D-3498-E711-84EE-02163E014493.root [689,691,690,692,693]
/store/data/Run2017D/ZeroBias/RAW/v1/000/302/663/00000/B4996241-3298-E711-9555-02163E011CC9.root [649,652,653,651,650]
/store/data/Run2017D/ZeroBias/RAW/v1/000/302/663/00000/BA4B06C7-1E98-E711-B28F-02163E0138EE.root [292,291,290,289,293]
/store/data/Run2017D/ZeroBias/RAW/v1/000/302/663/00000/BE624B79-2098-E711-ACAD-02163E01A73E.root [312,310,313,311,309]
/store/data/Run2017D/ZeroBias/RAW/v1/000/302/663/00000/C065717E-3198-E711-8EC2-02163E013733.root [625,627,628,629,630,626]
/store/data/Run2017D/ZeroBias/RAW/v1/000/302/663/00000/C258EBB3-2398-E711-B012-02163E019BCE.root [376,375,379,377,378]
/store/data/Run2017D/ZeroBias/RAW/v1/000/302/663/00000/C44EF895-1998-E711-BD50-02163E019C76.root [193,197,195,196,194]
/store/data/Run2017D/ZeroBias/RAW/v1/000/302/663/00000/C464871A-2298-E711-BCFC-02163E011C75.root [353,354,350,352,351]
/store/data/Run2017D/ZeroBias/RAW/v1/000/302/663/00000/C6CD292F-1998-E711-A5D5-02163E01A3E9.root [184,182,183,186,185]
/store/data/Run2017D/ZeroBias/RAW/v1/000/302/663/00000/C6F1A992-1198-E711-9F0F-02163E0123DF.root [50,49,52,51]
/store/data/Run2017D/ZeroBias/RAW/v1/000/302/663/00000/C826739A-3198-E711-8FBC-02163E01415E.root [635,637,638,631,634,633,636,632]
/store/data/Run2017D/ZeroBias/RAW/v1/000/302/663/00000/C841AD97-2A98-E711-9EDF-02163E01A5B4.root [506,508,505,509,507]
/store/data/Run2017D/ZeroBias/RAW/v1/000/302/663/00000/C8931CD7-1098-E711-A74E-02163E01A57E.root [35,33,36,34]
/store/data/Run2017D/ZeroBias/RAW/v1/000/302/663/00000/C8FC197C-2D98-E711-A72A-02163E012242.root [553,554,550,552,551]
/store/data/Run2017D/ZeroBias/RAW/v1/000/302/663/00000/CC7B2599-2C98-E711-B977-02163E0139D0.root [544,541,540,543,542]
/store/data/Run2017D/ZeroBias/RAW/v1/000/302/663/00000/CCA983E6-2598-E711-8135-02163E012867.root [420,421,423,424,422]
/store/data/Run2017D/ZeroBias/RAW/v1/000/302/663/00000/CE945262-2A98-E711-975E-02163E0145C0.root [490,491,492,494,493]
/store/data/Run2017D/ZeroBias/RAW/v1/000/302/663/00000/D06BAD32-1C98-E711-B4C2-02163E011C98.root [236,234,237,238,235]
/store/data/Run2017D/ZeroBias/RAW/v1/000/302/663/00000/D2627F3C-1598-E711-A8E3-02163E0136F8.root [111,110,107,109,108]
/store/data/Run2017D/ZeroBias/RAW/v1/000/302/663/00000/D28CAFB4-1A98-E711-8FB1-02163E01371F.root [213,216,215,217,214]
/store/data/Run2017D/ZeroBias/RAW/v1/000/302/663/00000/D6149EE5-2898-E711-A657-02163E0137BC.root [478,475,476,479,477]
/store/data/Run2017D/ZeroBias/RAW/v1/000/302/663/00000/D8256CCF-3598-E711-AE2E-02163E0141A8.root [704,706,707,705]
/store/data/Run2017D/ZeroBias/RAW/v1/000/302/663/00000/DCD717E6-1798-E711-8F7F-02163E012425.root [156,152,153,155,154]
/store/data/Run2017D/ZeroBias/RAW/v1/000/302/663/00000/DE725F7F-1298-E711-AB3C-02163E01A52D.root [58,60,59,61]
/store/data/Run2017D/ZeroBias/RAW/v1/000/302/663/00000/DEEC1B91-2998-E711-9F24-02163E0118C7.root [482,480,484,481,483]
/store/data/Run2017D/ZeroBias/RAW/v1/000/302/663/00000/E245753A-1A98-E711-B48B-02163E01A46E.root [198,199,200,201,202]
/store/data/Run2017D/ZeroBias/RAW/v1/000/302/663/00000/E6698762-3598-E711-8A06-02163E0138E0.root [699,702,703,701,700]
/store/data/Run2017D/ZeroBias/RAW/v1/000/302/663/00000/E8326B15-1098-E711-A899-02163E011BED.root [24,22,21,23]
/store/data/Run2017D/ZeroBias/RAW/v1/000/302/663/00000/EA423C7C-2A98-E711-A673-02163E01A377.root [504,502,503,501,500]
/store/data/Run2017D/ZeroBias/RAW/v1/000/302/663/00000/EA80F25B-2498-E711-ACE1-02163E011FC7.root [388,387,389,385,386]
/store/data/Run2017D/ZeroBias/RAW/v1/000/302/663/00000/EC9FC6B6-2E98-E711-AD34-02163E01A4D0.root [577,579,576,575,578]
/store/data/Run2017D/ZeroBias/RAW/v1/000/302/663/00000/F2996C9C-3498-E711-B98D-02163E01A4B4.root [695,696,697,698,694]
/store/data/Run2017D/ZeroBias/RAW/v1/000/302/663/00000/F2A8D21A-3298-E711-A9E4-02163E0142B1.root [641,640,642,643,639]
/store/data/Run2017D/ZeroBias/RAW/v1/000/302/663/00000/F6B0285C-2098-E711-B54E-02163E011852.root [315,316,317,318,314]
/store/data/Run2017D/ZeroBias/RAW/v1/000/302/663/00000/F8535043-1798-E711-83F3-02163E014195.root [150,151,147,149,148]
/store/data/Run2017D/ZeroBias/RAW/v1/000/302/663/00000/F89C1B99-2F98-E711-96DD-02163E012B8F.root [602,603,601,604,600]
/store/data/Run2017D/ZeroBias/RAW/v1/000/302/663/00000/FADAAC04-1B98-E711-BD48-02163E014195.root [221,218,222,223,220,219]
