/store/data/Run2024C/NoBPTX/RAW/v1/000/379/416/00000/1880470b-6cf4-4c06-a8c3-0a2bc7b57b61.root 379416 [163,161,165,158,164,159,160,166,162,157]
/store/data/Run2024C/NoBPTX/RAW/v1/000/379/416/00000/3414e4dc-f51a-4c82-8b5c-5f1324a4e99d.root 379416 [147,152,154,155,150,153,148,149,151,156]
/store/data/Run2024C/NoBPTX/RAW/v1/000/379/416/00000/42c5d70a-0e0a-4ad8-a673-54ec12e2a113.root 379416 [169,174,176,173,170,171,172,167,168,175]
/store/data/Run2024C/NoBPTX/RAW/v1/000/379/416/00000/59d02593-1e61-47b4-a4cf-09c6956d39e8.root 379416 [190,189,188,191,193,194,187,192,195,196]
/store/data/Run2024C/NoBPTX/RAW/v1/000/379/416/00000/63d3188f-7844-4ab6-83fb-61ec07e19ea5.root 379416 [217,227,226,231,233,221,222,228,218,219,229,220,223,225,232,224,230]
/store/data/Run2024C/NoBPTX/RAW/v1/000/379/416/00000/6c5c8d7f-289d-4d6a-804f-ff159f0c1230.root 379416 [2,16,31,33,34,8,10,22,28,29,7,24,11,21,26,27,30,12,18,25,3,5,9,20,23,32,1,4,6,13,14,15,17,19]
/store/data/Run2024C/NoBPTX/RAW/v1/000/379/416/00000/8766f56d-5aec-48ef-9b96-05170f20a6ba.root 379416 [204,205,206,200,198,201,199,202,203,197]
/store/data/Run2024C/NoBPTX/RAW/v1/000/379/416/00000/a2a19629-0681-43c4-8627-712f3bcf8a7f.root 379416 [130,129,134,136,133,132,135,128,131,127]
/store/data/Run2024C/NoBPTX/RAW/v1/000/379/416/00000/a2b383f8-6476-491e-9360-87ff0c8d3523.root 379416 [60,63,56,61,66,55,58,62,65,59,57,64]
/store/data/Run2024C/NoBPTX/RAW/v1/000/379/416/00000/ade9640a-ccb7-4ed4-aa09-ad10a9098d4d.root 379416 [37,39,41,43,45,53,35,54,49,50,44,36,42,52,38,47,40,46,48,51]
/store/data/Run2024C/NoBPTX/RAW/v1/000/379/416/00000/b3f5d5e6-10db-4f19-ae62-fe5e7ef0c1fb.root 379416 [210,211,213,216,208,207,209,214,215,212]
/store/data/Run2024C/NoBPTX/RAW/v1/000/379/416/00000/bc32ecc8-bfa5-4e91-ac80-220c85c35d52.root 379416 [108,109,112,114,113,117,111,115,110,116]
/store/data/Run2024C/NoBPTX/RAW/v1/000/379/416/00000/c13dcac1-a7df-47be-8227-c645957b2655.root 379416 [92,86,88,90,87,89,91,93,94,95]
/store/data/Run2024C/NoBPTX/RAW/v1/000/379/416/00000/c210b762-dba7-441c-8122-0f89177572d0.root 379416 [181,184,177,178,180,182,185,179,183,186]
/store/data/Run2024C/NoBPTX/RAW/v1/000/379/416/00000/ce713359-d12d-4436-8fca-e4ba04cce0a4.root 379416 [119,122,124,118,123,125,120,126,121]
/store/data/Run2024C/NoBPTX/RAW/v1/000/379/416/00000/d84e5074-3d4e-4f2b-9eea-476bc11a69bd.root 379416 [100,103,99,101,104,105,97,107,96,98,106,102]
/store/data/Run2024C/NoBPTX/RAW/v1/000/379/416/00000/da35c68c-48fd-40b9-82bf-458c94c29e80.root 379416 [81,78,80,82,79,83,85,76,84,77]
/store/data/Run2024C/NoBPTX/RAW/v1/000/379/416/00000/e6edc19c-10df-4bd9-87c7-41d0c7906886.root 379416 [139,146,137,145,140,141,142,143,138,144]
/store/data/Run2024C/NoBPTX/RAW/v1/000/379/416/00000/ef2ea08e-d30e-4a4c-8d7d-cf9da94d8a1d.root 379416 [72,67,70,71,75,69,73,68,74]
/store/data/Run2024C/NoBPTX/RAW/v1/000/379/420/00000/025afab6-fcef-4356-9af5-88b0fa5d899a.root 379420 [9,15,19,24,28,43,48,62,63,72,14,22,23,31,33,34,42,49,52,55,60,61,65,1,3,4,17,25,26,36,40,47,50,51,54,2,8,12,27,53,57,70,6,18,37,38,39,44,64,5,10,16,29,30,41,59,68,11,35,45,58,66,67,69,71,7,13,20,21,32,46,56]
/store/data/Run2024C/NoBPTX/RAW/v1/000/379/420/00000/03d8363e-6f09-4a76-9ac1-8c3e52086f26.root 379420 [142,144,137,140,139,143,145,141,138,146]
/store/data/Run2024C/NoBPTX/RAW/v1/000/379/420/00000/0849d840-6f31-463b-93c9-61ebc08eed76.root 379420 [321,325,323,324,319,320,322,318,316,317]
/store/data/Run2024C/NoBPTX/RAW/v1/000/379/420/00000/096452ed-82e8-4e15-8d8b-bb8a7ecf375d.root 379420 [127,130,133,134,129,128,131,132,135,136]
/store/data/Run2024C/NoBPTX/RAW/v1/000/379/420/00000/0c770335-90cb-414f-8835-dd0b61a97084.root 379420 [300,301,304,299,302,305,296,298,303,297]
/store/data/Run2024C/NoBPTX/RAW/v1/000/379/420/00000/24c05991-e252-4c8d-9236-826193064372.root 379420 [417,419,415,418,422,416,420,424,423,421]
/store/data/Run2024C/NoBPTX/RAW/v1/000/379/420/00000/2e9e30b2-ada2-43d1-9f7e-38f9d47f49e1.root 379420 [217,222,218,220,223,221,219,224]
/store/data/Run2024C/NoBPTX/RAW/v1/000/379/420/00000/2f5bee55-68d1-499d-83b5-676f08c23e5a.root 379420 [403,399,397,404,396,400,398,401,395,402]
/store/data/Run2024C/NoBPTX/RAW/v1/000/379/420/00000/33a0927b-07f1-4086-b018-9b8e80823fba.root 379420 [356,359,361,357,360,362,355,363,364,358]
/store/data/Run2024C/NoBPTX/RAW/v1/000/379/420/00000/3763a915-00fa-4f6f-a958-6821eb939596.root 379420 [279,276,281,284,278,283,285,277,280,282]
/store/data/Run2024C/NoBPTX/RAW/v1/000/379/420/00000/38fde3fa-c4df-4937-a7c8-0b4b899da576.root 379420 [393,385,392,394,386,388,389,390,391,387]
/store/data/Run2024C/NoBPTX/RAW/v1/000/379/420/00000/3e7d3dfd-48e0-44f8-a34a-9d98d8373ffc.root 379420 [514,519,518,516,513,520,515,517,521,522]
/store/data/Run2024C/NoBPTX/RAW/v1/000/379/420/00000/46c8d424-3a87-4398-a9b4-e6342574c9f5.root 379420 [183,177,184,181,185,178,179,180,186,182]
/store/data/Run2024C/NoBPTX/RAW/v1/000/379/420/00000/4800e9db-0272-4eb2-8d34-fd0b89438eb6.root 379420 [313,314,309,308,315,310,306,307,311,312]
/store/data/Run2024C/NoBPTX/RAW/v1/000/379/420/00000/48790167-4ff8-4a98-8a52-440c1947de48.root 379420 [408,414,405,412,406,407,409,410,411,413]
/store/data/Run2024C/NoBPTX/RAW/v1/000/379/420/00000/4c7185cf-557e-4537-b2b7-421295acb11b.root 379420 [226,235,228,233,230,231,232,234,227,229]
/store/data/Run2024C/NoBPTX/RAW/v1/000/379/420/00000/4ed161b7-ed8b-43ac-98e5-ba05466c8dda.root 379420 [347,351,354,346,345,349,348,350,353,352]
/store/data/Run2024C/NoBPTX/RAW/v1/000/379/420/00000/5a6d7683-87f1-4081-9fb8-f7158f30e875.root 379420 [287,292,294,295,288,291,289,290,293,286]
/store/data/Run2024C/NoBPTX/RAW/v1/000/379/420/00000/661e1fe1-783d-41a9-8f07-80d8425ca609.root 379420 [239,245,236,237,241,243,244,238,240,242]
/store/data/Run2024C/NoBPTX/RAW/v1/000/379/420/00000/722edff4-93f0-4e72-a3f2-52cdaf8db3bc.root 379420 [326,330,329,332,336,327,334,328,335,331,333]
/store/data/Run2024C/NoBPTX/RAW/v1/000/379/420/00000/76392f54-1594-46af-a1b0-f71f4f6aab1c.root 379420 [499,502,501,498,496,497,500,495]
/store/data/Run2024C/NoBPTX/RAW/v1/000/379/420/00000/78ae7127-3bed-4a22-9cf1-1a896050590d.root 379420 [194,188,195,192,187,191,193,196,189,190]
/store/data/Run2024C/NoBPTX/RAW/v1/000/379/420/00000/84bc2b80-e25f-4129-891a-8e74c6700c35.root 379420 [100,105,110,103,109,106,108,111,99,104,113,102,107,101,112]
/store/data/Run2024C/NoBPTX/RAW/v1/000/379/420/00000/858e4bf0-36b7-4682-bbaf-207503fcf116.root 379420 [427,430,433,432,434,428,425,431,426,429]
/store/data/Run2024C/NoBPTX/RAW/v1/000/379/420/00000/89060482-c178-47d8-8aef-583436d1db29.root 379420 [365,369,368,373,367,371,372,366,370,374]
/store/data/Run2024C/NoBPTX/RAW/v1/000/379/420/00000/89aaa513-9c79-4a00-b0d5-ff31668baa6e.root 379420 [476,484,479,475,477,480,483,478,482,481]
/store/data/Run2024C/NoBPTX/RAW/v1/000/379/420/00000/8c851718-473a-4088-b060-96e40f31075e.root 379420 [252,254,248,251,246,253,249,255,247,250]
/store/data/Run2024C/NoBPTX/RAW/v1/000/379/420/00000/99db09e5-7b85-4cd8-9539-6c27bc3f179f.root 379420 [531,525,524,527,528,523,526,530,529]
/store/data/Run2024C/NoBPTX/RAW/v1/000/379/420/00000/9acee73b-4549-4fe1-8362-8fe39d54e706.root 379420 [208,214,213,209,215,216,207,210,211,212]
/store/data/Run2024C/NoBPTX/RAW/v1/000/379/420/00000/aad007e1-5275-4b06-9be8-92f5da2f7546.root 379420 [453,447,445,448,454,451,446,452,450,449]
/store/data/Run2024C/NoBPTX/RAW/v1/000/379/420/00000/b5475fdf-ed83-4ed6-b515-ef88a8446714.root 379420 [201,202,203,206,200,205,197,198,199,204]
/store/data/Run2024C/NoBPTX/RAW/v1/000/379/420/00000/b6b2bded-9245-41a0-98f2-e41a477f111a.root 379420 [257,261,264,256,260,259,263,258,262,265]
/store/data/Run2024C/NoBPTX/RAW/v1/000/379/420/00000/bab4b873-d102-4a69-b14d-32e1e90eba39.root 379420 [89,95,88,97,73,77,85,96,74,76,86,78,80,81,92,93,75,83,84,87,91,79,82,90,94,98]
/store/data/Run2024C/NoBPTX/RAW/v1/000/379/420/00000/c1b2da02-093f-4f0b-b705-a1c7272764e1.root 379420 [176,174,167,172,173,170,168,175,169,171]
/store/data/Run2024C/NoBPTX/RAW/v1/000/379/420/00000/c39c8137-53f9-4a96-9ece-7d2432bf7ca6.root 379420 [268,273,267,269,270,272,275,266,271,274]
/store/data/Run2024C/NoBPTX/RAW/v1/000/379/420/00000/c4c522eb-5f61-493e-8681-7c2a0e244dd8.root 379420 [468,473,474,470,471,469,465,466,467,472]
/store/data/Run2024C/NoBPTX/RAW/v1/000/379/420/00000/cc9e1e9e-02bd-48b0-bcd2-8fabd2bcfa04.root 379420 [343,338,341,344,337,342,339,340]
/store/data/Run2024C/NoBPTX/RAW/v1/000/379/420/00000/cf0b3592-4f6e-4beb-89a1-0ab4af3e55c3.root 379420 [541,545,546,544,548,543,542,547,540,549]
/store/data/Run2024C/NoBPTX/RAW/v1/000/379/420/00000/e4bf5f97-e543-4351-bf03-87c79051e057.root 379420 [462,463,464,456,458,460,461,457,459,455]
/store/data/Run2024C/NoBPTX/RAW/v1/000/379/420/00000/e5270df7-4fd5-40c2-a332-54d367df677d.root 379420 [380,384,378,382,375,377,379,383,376,381]
/store/data/Run2024C/NoBPTX/RAW/v1/000/379/420/00000/e829fadb-37bd-4aee-97a7-a3532fd5c33e.root 379420 [538,532,536,533,537,535,539,534]
/store/data/Run2024C/NoBPTX/RAW/v1/000/379/420/00000/f774e93a-d1a5-4efc-b5e2-dfab7c7e53a4.root 379420 [120,123,122,125,116,121,115,114,119,124,118,126,117]
/store/data/Run2024C/NoBPTX/RAW/v1/000/379/420/00000/f9947470-de50-48da-ade5-156a99cf3258.root 379420 [163,165,158,161,166,162,160,159,157,164]
/store/data/Run2024C/NoBPTX/RAW/v1/000/379/420/00000/fa1e5fc1-0afa-42c5-a385-a13d522399c3.root 379420 [507,505,510,503,506,508,504,509,511,512]
/store/data/Run2024C/NoBPTX/RAW/v1/000/379/420/00000/fbe870a1-95b4-4cda-b9b5-559f95eac0dc.root 379420 [485,490,491,494,486,489,487,488,492,493]
/store/data/Run2024C/NoBPTX/RAW/v1/000/379/420/00000/fd466784-a0f7-4edb-80ef-d4055183ebd8.root 379420 [153,155,149,151,150,156,152,147,148,154]
/store/data/Run2024C/NoBPTX/RAW/v1/000/379/420/00000/fe0dd4ce-540c-40f2-b5e6-0b5fcdbc67ff.root 379420 [552,555,554,556,557,558,551,559,550,553]
/store/data/Run2024C/NoBPTX/RAW/v1/000/379/420/00000/fe7d21d6-ccc2-4024-85c4-27473d51e829.root 379420 [439,441,442,437,438,443,435,444,436,440]
