/store/data/Run2023B/ZeroBias/RAW/v1/000/366/727/00000/0463ce2a-ba05-4ba8-b7b3-62a8246d2cec.root 366727 [195,196]
/store/data/Run2023B/ZeroBias/RAW/v1/000/366/727/00000/04bf11ce-6581-4fe4-879d-5cef896d59c3.root 366727 [82,84,83]
/store/data/Run2023B/ZeroBias/RAW/v1/000/366/727/00000/04f72f92-d500-4e0e-9ed7-610a52c1f426.root 366727 [39,40,42,41]
/store/data/Run2023B/ZeroBias/RAW/v1/000/366/727/00000/05e7f262-b136-4ec9-bc0c-fe26de36658e.root 366727 [140,141,142]
/store/data/Run2023B/ZeroBias/RAW/v1/000/366/727/00000/0aaf232c-e0ee-434d-9d00-62b83ea41ad9.root 366727 [214,213,215]
/store/data/Run2023B/ZeroBias/RAW/v1/000/366/727/00000/112a2b28-82a6-4256-aa57-ae77ad8d2137.root 366727 [105,103,104]
/store/data/Run2023B/ZeroBias/RAW/v1/000/366/727/00000/12dce6a3-f4c2-4955-a66c-38e8da836026.root 366727 [187,188]
/store/data/Run2023B/ZeroBias/RAW/v1/000/366/727/00000/15286271-229c-40a6-9793-fdd817ef226f.root 366727 [108,106,107]
/store/data/Run2023B/ZeroBias/RAW/v1/000/366/727/00000/1ab0989d-4879-468b-a39c-8b7e0a321ec4.root 366727 [111,109,110]
/store/data/Run2023B/ZeroBias/RAW/v1/000/366/727/00000/1aea93dc-52e9-4005-9fcc-5bbbcbaa59e9.root 366727 [81,80,79]
/store/data/Run2023B/ZeroBias/RAW/v1/000/366/727/00000/1c8100df-412c-44dc-b2ec-8d95b3a527ee.root 366727 [244,243,242]
/store/data/Run2023B/ZeroBias/RAW/v1/000/366/727/00000/1edf7b5c-4b82-4e19-8906-bcdd4ca6e72e.root 366727 [123,124]
/store/data/Run2023B/ZeroBias/RAW/v1/000/366/727/00000/200c6e82-529d-4fca-92c6-e9a2f3b2122e.root 366727 [46,45,43,44]
/store/data/Run2023B/ZeroBias/RAW/v1/000/366/727/00000/22612168-28c7-4aef-8664-52e2722eff71.root 366727 [70,72,71]
/store/data/Run2023B/ZeroBias/RAW/v1/000/366/727/00000/24612636-3a64-4fc8-916d-cf3431648ba2.root 366727 [234,235,233]
/store/data/Run2023B/ZeroBias/RAW/v1/000/366/727/00000/2530c721-79c0-4ecd-83e7-51b239a36b6c.root 366727 [182,181]
/store/data/Run2023B/ZeroBias/RAW/v1/000/366/727/00000/2a50e9c3-f718-42cd-9fd1-d3b69a7abd5f.root 366727 [89,90,88]
/store/data/Run2023B/ZeroBias/RAW/v1/000/366/727/00000/2bab4076-9eb0-4f52-8807-b95353432655.root 366727 [173,174]
/store/data/Run2023B/ZeroBias/RAW/v1/000/366/727/00000/2cbb0471-b7b3-49f3-a9b2-7f0190c47ec2.root 366727 [115,116]
/store/data/Run2023B/ZeroBias/RAW/v1/000/366/727/00000/3095b190-1b40-4adf-893e-bff153f7b577.root 366727 [166,165]
/store/data/Run2023B/ZeroBias/RAW/v1/000/366/727/00000/31bd4d44-f501-4b75-9699-4c8a4b7aa929.root 366727 [91,93,92]
/store/data/Run2023B/ZeroBias/RAW/v1/000/366/727/00000/3694a608-1348-47fe-87f0-6d02b70f5786.root 366727 [6,9,10,7,8]
/store/data/Run2023B/ZeroBias/RAW/v1/000/366/727/00000/3b7d6443-478c-408d-89f4-8cc95b0b2c3e.root 366727 [112,113,114]
/store/data/Run2023B/ZeroBias/RAW/v1/000/366/727/00000/4cef1d35-4978-4d7e-9ebe-5c302ca43562.root 366727 [1,5,4,2,3]
/store/data/Run2023B/ZeroBias/RAW/v1/000/366/727/00000/4dc23a90-9244-463d-a740-fee724c9d4ef.root 366727 [53,54,51,52]
/store/data/Run2023B/ZeroBias/RAW/v1/000/366/727/00000/4dc60525-e0fb-4c4a-9608-38cfc2d72731.root 366727 [194,193]
/store/data/Run2023B/ZeroBias/RAW/v1/000/366/727/00000/4e12e4a9-f707-4bad-aa5a-995e3b2b7629.root 366727 [152,151]
/store/data/Run2023B/ZeroBias/RAW/v1/000/366/727/00000/4e2ad681-fe62-444b-a10f-eac3d8310291.root 366727 [236,238,237]
/store/data/Run2023B/ZeroBias/RAW/v1/000/366/727/00000/4e7f93e9-9989-4d10-85c3-afd0fd4e585e.root 366727 [25,22,23,21,24]
/store/data/Run2023B/ZeroBias/RAW/v1/000/366/727/00000/5017193d-1178-4ee3-ac8a-b937d06ae542.root 366727 [207,208,209]
/store/data/Run2023B/ZeroBias/RAW/v1/000/366/727/00000/524e2ed4-080f-4f4a-8ed2-a19746333980.root 366727 [223,221,222]
/store/data/Run2023B/ZeroBias/RAW/v1/000/366/727/00000/5a56ab43-5c49-4a20-909c-37e88b3587cb.root 366727 [155,156]
/store/data/Run2023B/ZeroBias/RAW/v1/000/366/727/00000/5bb05fac-f6b8-47f7-b1e8-22b5bf7688eb.root 366727 [73,74,75]
/store/data/Run2023B/ZeroBias/RAW/v1/000/366/727/00000/5c1399d8-4357-4b6e-ba72-e48794f8d9cd.root 366727 [179,180,178]
/store/data/Run2023B/ZeroBias/RAW/v1/000/366/727/00000/5c3ad480-28ec-4951-9979-2627aadefd6b.root 366727 [228,229,227]
/store/data/Run2023B/ZeroBias/RAW/v1/000/366/727/00000/5edae527-9717-45f6-9b77-e235a4641b0e.root 366727 [168,167]
/store/data/Run2023B/ZeroBias/RAW/v1/000/366/727/00000/61a3b61d-29b0-4b41-9f1f-c52826833917.root 366727 [94,96,95]
/store/data/Run2023B/ZeroBias/RAW/v1/000/366/727/00000/6a97b895-1701-4e15-8fb3-f5f258cb8f2f.root 366727 [217,216]
/store/data/Run2023B/ZeroBias/RAW/v1/000/366/727/00000/73c1910c-ed1f-40f0-8f82-bc4a42922832.root 366727 [137,138,139]
/store/data/Run2023B/ZeroBias/RAW/v1/000/366/727/00000/74c9d18a-4e90-4999-8fff-9a2bce7bfb34.root 366727 [125,126]
/store/data/Run2023B/ZeroBias/RAW/v1/000/366/727/00000/7672fdf8-4c6a-4e63-aacb-09ca4ffd53ca.root 366727 [226,224,225]
/store/data/Run2023B/ZeroBias/RAW/v1/000/366/727/00000/7db729e9-b9cc-42ef-abdb-bf8f302d3698.root 366727 [32,34,31,33]
/store/data/Run2023B/ZeroBias/RAW/v1/000/366/727/00000/7f7c3ad8-ef71-4702-a6f8-6eafcee6c368.root 366727 [145,143,144]
/store/data/Run2023B/ZeroBias/RAW/v1/000/366/727/00000/80693ebe-0794-4af1-8f6d-fd833a685f34.root 366727 [210,211,212]
/store/data/Run2023B/ZeroBias/RAW/v1/000/366/727/00000/8688c53c-8c3a-4774-a71b-4eb19971a1ca.root 366727 [128,127]
/store/data/Run2023B/ZeroBias/RAW/v1/000/366/727/00000/87f113ff-f637-4d56-b6cb-d1593899e1b4.root 366727 [63,64,66,65]
/store/data/Run2023B/ZeroBias/RAW/v1/000/366/727/00000/8b78eff4-46d2-476d-a837-a11911ce0f7c.root 366727 [47,48,49,50]
/store/data/Run2023B/ZeroBias/RAW/v1/000/366/727/00000/8c6c3dc0-de90-4aab-8c26-2b4690e4070f.root 366727 [202,201,200]
/store/data/Run2023B/ZeroBias/RAW/v1/000/366/727/00000/93239b22-6177-45d8-9596-fa64beaf462f.root 366727 [184,183]
/store/data/Run2023B/ZeroBias/RAW/v1/000/366/727/00000/970a4030-0c26-4ae1-9759-32102053ec23.root 366727 [16,19,20,17,18]
/store/data/Run2023B/ZeroBias/RAW/v1/000/366/727/00000/98899a52-0b7a-4932-8078-dbfb52e30ca5.root 366727 [232,230,231]
/store/data/Run2023B/ZeroBias/RAW/v1/000/366/727/00000/9d918033-7b92-4f0d-85e1-982439ea3c6f.root 366727 [35,36,37,38]
/store/data/Run2023B/ZeroBias/RAW/v1/000/366/727/00000/a48e9112-2c37-4366-b99f-e35032a423b5.root 366727 [121,122]
/store/data/Run2023B/ZeroBias/RAW/v1/000/366/727/00000/a5e64d35-203f-426e-9961-65b53e559f7f.root 366727 [189,190]
/store/data/Run2023B/ZeroBias/RAW/v1/000/366/727/00000/b65dcc4d-c157-451b-8637-9e4936a0a3b7.root 366727 [119,120]
/store/data/Run2023B/ZeroBias/RAW/v1/000/366/727/00000/b906c92c-04a3-4929-aa31-3e10a871178a.root 366727 [76,78,77]
/store/data/Run2023B/ZeroBias/RAW/v1/000/366/727/00000/bd1bd251-a3c5-46fa-a96b-68ce2577696c.root 366727 [153,154]
/store/data/Run2023B/ZeroBias/RAW/v1/000/366/727/00000/be1d5998-0c86-495b-99ee-07f2d4a4ad9b.root 366727 [192,191]
/store/data/Run2023B/ZeroBias/RAW/v1/000/366/727/00000/bf4c16cd-f264-4f05-abc6-ff132d8bca07.root 366727 [27,30,29,26,28]
/store/data/Run2023B/ZeroBias/RAW/v1/000/366/727/00000/c0dd894f-7acb-47b3-a11a-d311d5ea315f.root 366727 [118,117]
/store/data/Run2023B/ZeroBias/RAW/v1/000/366/727/00000/c28fa0ae-bdab-45b6-8bb7-2eed59ad1efd.root 366727 [186,185]
/store/data/Run2023B/ZeroBias/RAW/v1/000/366/727/00000/c3f64791-84e9-4467-8080-4b4739d04616.root 366727 [55,58,56,57]
/store/data/Run2023B/ZeroBias/RAW/v1/000/366/727/00000/ca4b3974-59aa-467c-9fff-2103509e252a.root 366727 [61,59,60,62]
/store/data/Run2023B/ZeroBias/RAW/v1/000/366/727/00000/cba950ce-dcdf-4e0c-8937-7208451a1aea.root 366727 [198,199,197]
/store/data/Run2023B/ZeroBias/RAW/v1/000/366/727/00000/d2c4b258-e1b5-4d35-9bc1-37e2529e5f0c.root 366727 [149,150]
/store/data/Run2023B/ZeroBias/RAW/v1/000/366/727/00000/d36789f7-6880-4d5a-9aa4-8531e63d69d2.root 366727 [98,97,99]
/store/data/Run2023B/ZeroBias/RAW/v1/000/366/727/00000/d3f05c77-ed25-4470-b56e-9cf048a149df.root 366727 [169,170]
/store/data/Run2023B/ZeroBias/RAW/v1/000/366/727/00000/d5546276-7c39-4e7c-a980-6b91baf7e992.root 366727 [162,161]
/store/data/Run2023B/ZeroBias/RAW/v1/000/366/727/00000/d88a3b94-bdc3-4bf8-9961-a50fa0a53d55.root 366727 [219,220,218]
/store/data/Run2023B/ZeroBias/RAW/v1/000/366/727/00000/dacf465d-5d69-43c1-9f32-7e95bdf9ee02.root 366727 [87,86,85]
/store/data/Run2023B/ZeroBias/RAW/v1/000/366/727/00000/dad8a337-5358-42b0-8fb7-81d2cbb5e081.root 366727 [175,176,177]
/store/data/Run2023B/ZeroBias/RAW/v1/000/366/727/00000/dbcc9d61-8710-42e0-a7a0-106f252f3225.root 366727 [157,158]
/store/data/Run2023B/ZeroBias/RAW/v1/000/366/727/00000/e0933caa-aac6-4a67-8be9-f24f688cf084.root 366727 [68,67,69]
/store/data/Run2023B/ZeroBias/RAW/v1/000/366/727/00000/e1b5cdd9-4d1d-4d6e-ae96-4d3a9516aed0.root 366727 [129,130]
/store/data/Run2023B/ZeroBias/RAW/v1/000/366/727/00000/e3fe4619-ad4f-492b-baff-02575d97e955.root 366727 [136,135]
/store/data/Run2023B/ZeroBias/RAW/v1/000/366/727/00000/e51b876f-e7be-4cd6-9964-d16f03587868.root 366727 [148,146,147]
/store/data/Run2023B/ZeroBias/RAW/v1/000/366/727/00000/eb4de3fd-2833-4faa-9a1b-243819720733.root 366727 [12,15,14,11,13]
/store/data/Run2023B/ZeroBias/RAW/v1/000/366/727/00000/ec4d74c3-b1cf-4dc8-8365-15f2287770d5.root 366727 [160,159]
/store/data/Run2023B/ZeroBias/RAW/v1/000/366/727/00000/f11387d3-2c79-471f-a70f-2deb5181c52a.root 366727 [100,101,102]
/store/data/Run2023B/ZeroBias/RAW/v1/000/366/727/00000/f26ebfbc-fdd3-4fb9-ba55-4be267962fdb.root 366727 [239,240,241]
/store/data/Run2023B/ZeroBias/RAW/v1/000/366/727/00000/f2f4289a-5f83-4ca3-b99d-25037e75a566.root 366727 [172,171]
/store/data/Run2023B/ZeroBias/RAW/v1/000/366/727/00000/f3bbd85d-4ae2-4f59-8ce1-dc4bb223cf34.root 366727 [204,203]
/store/data/Run2023B/ZeroBias/RAW/v1/000/366/727/00000/f529a5ed-ee0e-4470-b3b1-6355d1da7454.root 366727 [133,134]
/store/data/Run2023B/ZeroBias/RAW/v1/000/366/727/00000/fb8e7347-1498-49da-bfb5-2d7d1aebc928.root 366727 [206,205]
/store/data/Run2023B/ZeroBias/RAW/v1/000/366/727/00000/fbace504-b44c-4382-b769-7dde9059639c.root 366727 [131,132]
/store/data/Run2023B/ZeroBias/RAW/v1/000/366/727/00000/fe027b2c-33db-423f-835b-a5f270770d91.root 366727 [163,164]
/store/data/Run2023B/ZeroBias/RAW/v1/000/366/729/00000/004f6894-5304-4015-97ba-35df1e5aaa4b.root 366729 [20,21,19]
/store/data/Run2023B/ZeroBias/RAW/v1/000/366/729/00000/00c6499d-053d-4fb7-904a-80e1e1cb523e.root 366729 [300,299,301]
/store/data/Run2023B/ZeroBias/RAW/v1/000/366/729/00000/00c87b46-5596-40ef-aa3d-c0c9e545542c.root 366729 [359,361,360]
/store/data/Run2023B/ZeroBias/RAW/v1/000/366/729/00000/030d491c-47a4-49b1-88c1-06e1a6d6b768.root 366729 [322,320,321]
/store/data/Run2023B/ZeroBias/RAW/v1/000/366/729/00000/03d06255-b1bd-4de1-a0ac-ea332e390449.root 366729 [323,324,325]
/store/data/Run2023B/ZeroBias/RAW/v1/000/366/729/00000/058555c8-3f67-4964-854c-93722c4aac05.root 366729 [267,266,268]
/store/data/Run2023B/ZeroBias/RAW/v1/000/366/729/00000/0643e6a5-a1b0-4305-b013-41b2c8cac0b1.root 366729 [26,25,27]
/store/data/Run2023B/ZeroBias/RAW/v1/000/366/729/00000/0803c722-4522-4322-8b8e-c92d1bb0d59d.root 366729 [186,187,185]
/store/data/Run2023B/ZeroBias/RAW/v1/000/366/729/00000/09f4b18a-fdb3-4662-b549-141d1ff09c77.root 366729 [1,2,3]
/store/data/Run2023B/ZeroBias/RAW/v1/000/366/729/00000/0ae233e2-6a4d-4cb4-a775-8f22da69b4c5.root 366729 [193,191,192]
/store/data/Run2023B/ZeroBias/RAW/v1/000/366/729/00000/121fb7cf-f751-42e2-a127-17b5b4198776.root 366729 [84,83,85]
/store/data/Run2023B/ZeroBias/RAW/v1/000/366/729/00000/12383cdf-9ee1-4032-bc6d-1d381ec68cb5.root 366729 [76,74,75]
/store/data/Run2023B/ZeroBias/RAW/v1/000/366/729/00000/13402324-0493-4452-8974-869eac7260e1.root 366729 [6,5,4]
/store/data/Run2023B/ZeroBias/RAW/v1/000/366/729/00000/17b42fbb-ebec-4c3e-be24-18208d29b179.root 366729 [46,47]
/store/data/Run2023B/ZeroBias/RAW/v1/000/366/729/00000/19477ad0-fa1f-471d-afdb-0ce48fdf1d46.root 366729 [403,401,402]
/store/data/Run2023B/ZeroBias/RAW/v1/000/366/729/00000/1abe8c0f-8ca0-492d-aca4-fef5e75f4e07.root 366729 [253,252,251]
/store/data/Run2023B/ZeroBias/RAW/v1/000/366/729/00000/1ca04871-5257-4751-8b46-12f6c8682ac9.root 366729 [408,409,407]
/store/data/Run2023B/ZeroBias/RAW/v1/000/366/729/00000/1f409d4d-25dc-43f8-955d-1eb94c3cf292.root 366729 [132,131,133]
/store/data/Run2023B/ZeroBias/RAW/v1/000/366/729/00000/21128563-6582-4d73-b89f-0c7785045723.root 366729 [200,201,202]
/store/data/Run2023B/ZeroBias/RAW/v1/000/366/729/00000/2443057e-c018-44a9-a0c5-d1caa0a85146.root 366729 [167,168,169]
/store/data/Run2023B/ZeroBias/RAW/v1/000/366/729/00000/24a80987-f015-4d59-8d98-3aa2ed785e52.root 366729 [415,418,413,416,414,417,419]
/store/data/Run2023B/ZeroBias/RAW/v1/000/366/729/00000/25732415-d816-44ef-9ad7-d71dc0894e15.root 366729 [30,31]
/store/data/Run2023B/ZeroBias/RAW/v1/000/366/729/00000/2573ea08-647d-4257-a6a5-fbca447f1112.root 366729 [354,355,353]
/store/data/Run2023B/ZeroBias/RAW/v1/000/366/729/00000/25e3f099-9766-4793-bd46-3230ff0040c1.root 366729 [375,374,376]
/store/data/Run2023B/ZeroBias/RAW/v1/000/366/729/00000/294c23a1-2148-4cfe-a774-b5c831f6ec73.root 366729 [184,183,182]
/store/data/Run2023B/ZeroBias/RAW/v1/000/366/729/00000/29ab7d06-51f8-4030-beb9-694c2436cdf6.root 366729 [15,14,13]
/store/data/Run2023B/ZeroBias/RAW/v1/000/366/729/00000/2b668384-8434-4b0c-bc01-32f70064d6d0.root 366729 [29,28]
/store/data/Run2023B/ZeroBias/RAW/v1/000/366/729/00000/2ea9993c-2d39-4d14-9cc4-790f38ee85f1.root 366729 [305,306,307]
/store/data/Run2023B/ZeroBias/RAW/v1/000/366/729/00000/2f4b8462-d3ad-47c4-af06-7b0211b7655e.root 366729 [40,41]
/store/data/Run2023B/ZeroBias/RAW/v1/000/366/729/00000/349429a9-fae0-4bf5-a963-0a1416266613.root 366729 [137,138,139]
/store/data/Run2023B/ZeroBias/RAW/v1/000/366/729/00000/36d418dc-5fb0-45c0-ae33-b4ccb13efec1.root 366729 [288,289,287]
/store/data/Run2023B/ZeroBias/RAW/v1/000/366/729/00000/37ee83cd-2b23-4977-a899-adb8d4430a6a.root 366729 [371,372,373]
/store/data/Run2023B/ZeroBias/RAW/v1/000/366/729/00000/3885fb0a-68b3-4c2a-85ae-48f58ebaef34.root 366729 [272,273,274]
/store/data/Run2023B/ZeroBias/RAW/v1/000/366/729/00000/390d95d1-099e-4a21-94c2-0fd92b227fda.root 366729 [77,78,79]
/store/data/Run2023B/ZeroBias/RAW/v1/000/366/729/00000/39506527-565e-4b88-a860-960ba010d187.root 366729 [150,149,151]
/store/data/Run2023B/ZeroBias/RAW/v1/000/366/729/00000/39eff6f7-bea7-4dd1-92e3-e8af33f6de69.root 366729 [177,176,178]
/store/data/Run2023B/ZeroBias/RAW/v1/000/366/729/00000/3a1f6744-22ba-4206-be52-7f20cfa9e7c0.root 366729 [214,213,212]
/store/data/Run2023B/ZeroBias/RAW/v1/000/366/729/00000/3acbc00f-b34b-45a5-8e81-a37a168894b3.root 366729 [129,130,128]
/store/data/Run2023B/ZeroBias/RAW/v1/000/366/729/00000/3b926433-634d-44b8-935b-634aab4909cf.root 366729 [49,48]
/store/data/Run2023B/ZeroBias/RAW/v1/000/366/729/00000/3bed58cd-2fdd-4c25-8efa-8441bb460069.root 366729 [239,240,241]
/store/data/Run2023B/ZeroBias/RAW/v1/000/366/729/00000/3bf4a3c1-9f24-4212-80ab-d503639c75f8.root 366729 [117,118,116]
/store/data/Run2023B/ZeroBias/RAW/v1/000/366/729/00000/3e7114b8-71df-4170-96a0-fac73ba5f974.root 366729 [54,55]
/store/data/Run2023B/ZeroBias/RAW/v1/000/366/729/00000/408f9151-ded8-4a86-a562-d06f9802f9aa.root 366729 [42,43]
/store/data/Run2023B/ZeroBias/RAW/v1/000/366/729/00000/4581f6cd-43a8-4471-8d69-5b21da484b48.root 366729 [247,245,246]
/store/data/Run2023B/ZeroBias/RAW/v1/000/366/729/00000/4c284d36-ac71-4023-9886-b4ea9aa2d1ec.root 366729 [249,248,250]
/store/data/Run2023B/ZeroBias/RAW/v1/000/366/729/00000/526bddfe-89ca-4441-815a-bdf04da49097.root 366729 [143,144,145]
/store/data/Run2023B/ZeroBias/RAW/v1/000/366/729/00000/5499000d-b783-4360-9666-c56775ad7740.root 366729 [352,350,351]
/store/data/Run2023B/ZeroBias/RAW/v1/000/366/729/00000/5566ca4d-c4b5-406b-8d10-db32fb10d749.root 366729 [61,60,62]
/store/data/Run2023B/ZeroBias/RAW/v1/000/366/729/00000/55d9cb5c-ae5c-4c54-8f77-f191edc632a0.root 366729 [32,33]
/store/data/Run2023B/ZeroBias/RAW/v1/000/366/729/00000/58e0d7ba-9823-4ed2-81dd-9ad624aaf803.root 366729 [257,258,259]
/store/data/Run2023B/ZeroBias/RAW/v1/000/366/729/00000/5a678b68-1768-4219-8148-e8aefa44622a.root 366729 [281,282,283]
/store/data/Run2023B/ZeroBias/RAW/v1/000/366/729/00000/5c55c956-1f78-4aa4-8f63-f0fe2dcf7531.root 366729 [195,194,196]
/store/data/Run2023B/ZeroBias/RAW/v1/000/366/729/00000/5e2de49a-470b-4d92-8d3e-911a2c196ed3.root 366729 [156,155,157]
/store/data/Run2023B/ZeroBias/RAW/v1/000/366/729/00000/5f3fc4b7-77d1-4d01-811a-1613ef00b9cc.root 366729 [396,395,397]
/store/data/Run2023B/ZeroBias/RAW/v1/000/366/729/00000/60512097-cdec-433b-9fd8-4574726f4378.root 366729 [173,175,174]
/store/data/Run2023B/ZeroBias/RAW/v1/000/366/729/00000/636e1cf3-fbb2-451c-b6d6-496a9959e1f8.root 366729 [332,334,333]
/store/data/Run2023B/ZeroBias/RAW/v1/000/366/729/00000/63ebe597-01e1-4173-a208-3e7ed3c64391.root 366729 [291,292,290]
/store/data/Run2023B/ZeroBias/RAW/v1/000/366/729/00000/68e10321-30bf-47b6-ab34-b9463bc87590.root 366729 [34,35]
/store/data/Run2023B/ZeroBias/RAW/v1/000/366/729/00000/6ab04378-506d-4054-804b-650d098bda03.root 366729 [64,63]
/store/data/Run2023B/ZeroBias/RAW/v1/000/366/729/00000/6acfc223-8dfd-448f-8718-eb09d8b381b9.root 366729 [313,311,312]
/store/data/Run2023B/ZeroBias/RAW/v1/000/366/729/00000/6af46027-b15c-41b8-b09f-893e3f4dcfad.root 366729 [304,302,303]
/store/data/Run2023B/ZeroBias/RAW/v1/000/366/729/00000/6c53cb76-4ef6-4ae3-b79a-2c9345c5f4ee.root 366729 [356,358,357]
/store/data/Run2023B/ZeroBias/RAW/v1/000/366/729/00000/74a89073-926c-43c8-b1db-1972ca61481a.root 366729 [207,206,208]
/store/data/Run2023B/ZeroBias/RAW/v1/000/366/729/00000/754b734c-5108-4ba8-8651-907412ce9f7c.root 366729 [225,224,226]
/store/data/Run2023B/ZeroBias/RAW/v1/000/366/729/00000/7783923c-4275-422f-8ae9-40c4d4edc26e.root 366729 [95,96,97]
/store/data/Run2023B/ZeroBias/RAW/v1/000/366/729/00000/7868fdd6-9cfe-417d-af2d-270e6782f271.root 366729 [378,379,377]
/store/data/Run2023B/ZeroBias/RAW/v1/000/366/729/00000/7c9be9f3-19e0-486c-8ad8-3dcf134102b8.root 366729 [7,9,8]
/store/data/Run2023B/ZeroBias/RAW/v1/000/366/729/00000/7d2d3a2a-c355-4a95-a13e-24203980d8fb.root 366729 [315,314,316]
/store/data/Run2023B/ZeroBias/RAW/v1/000/366/729/00000/7e0cc09a-351c-49de-a9b8-55381da2eb8c.root 366729 [326,328,327]
/store/data/Run2023B/ZeroBias/RAW/v1/000/366/729/00000/7fc574d1-0d91-4d65-a7ce-9b9af27627cf.root 366729 [275,276,277]
/store/data/Run2023B/ZeroBias/RAW/v1/000/366/729/00000/80564fea-a2f2-4ff6-b555-c9a6fc9de3c9.root 366729 [36,37]
/store/data/Run2023B/ZeroBias/RAW/v1/000/366/729/00000/80d334c2-fafa-4562-888d-03b714854339.root 366729 [199,197,198]
/store/data/Run2023B/ZeroBias/RAW/v1/000/366/729/00000/8341be0e-7019-4016-b808-87aaace5538d.root 366729 [234,233,235]
/store/data/Run2023B/ZeroBias/RAW/v1/000/366/729/00000/844bb229-afaa-4243-ab79-4e2c850ddbcf.root 366729 [404,406,405]
/store/data/Run2023B/ZeroBias/RAW/v1/000/366/729/00000/8590c9fd-d444-4c9c-9341-f177ffb17817.root 366729 [298,297,296]
/store/data/Run2023B/ZeroBias/RAW/v1/000/366/729/00000/8a837ef1-48a3-4387-bfd1-b15247ce6330.root 366729 [383,384,385]
/store/data/Run2023B/ZeroBias/RAW/v1/000/366/729/00000/8ac24ff1-6dc1-432f-950a-9ea3ce7eed02.root 366729 [70,69]
/store/data/Run2023B/ZeroBias/RAW/v1/000/366/729/00000/8aec81a6-dd36-48e2-a23f-48d324244cb7.root 366729 [238,237,236]
/store/data/Run2023B/ZeroBias/RAW/v1/000/366/729/00000/8c91d74c-be44-431a-a4f9-5f24d4b201ec.root 366729 [223,221,222]
/store/data/Run2023B/ZeroBias/RAW/v1/000/366/729/00000/8dcdac77-9882-412c-9723-9867ec35476c.root 366729 [17,16,18]
/store/data/Run2023B/ZeroBias/RAW/v1/000/366/729/00000/8df06c01-d656-4a93-9120-5bb99b243d30.root 366729 [203,204,205]
/store/data/Run2023B/ZeroBias/RAW/v1/000/366/729/00000/8ea63847-4409-423c-8046-830caadcd0bf.root 366729 [57,56]
/store/data/Run2023B/ZeroBias/RAW/v1/000/366/729/00000/9488d2a9-bafe-4d14-a813-8e007a839f2d.root 366729 [293,294,295]
/store/data/Run2023B/ZeroBias/RAW/v1/000/366/729/00000/94a36645-ddcc-414f-974c-8e73e0f6abb4.root 366729 [125,126,127]
/store/data/Run2023B/ZeroBias/RAW/v1/000/366/729/00000/95c63f2d-f745-4f69-97af-b5e050cc7264.root 366729 [410,411,412]
/store/data/Run2023B/ZeroBias/RAW/v1/000/366/729/00000/963b69c0-5bfe-49c3-ab72-a5fa721dc88e.root 366729 [390,389,391]
/store/data/Run2023B/ZeroBias/RAW/v1/000/366/729/00000/9b49464a-fde1-4c11-8138-54b621d834ce.root 366729 [228,229,227]
/store/data/Run2023B/ZeroBias/RAW/v1/000/366/729/00000/a7795bdf-db1c-4b64-ba1d-8877215cffc9.root 366729 [261,260,262]
/store/data/Run2023B/ZeroBias/RAW/v1/000/366/729/00000/a7bc8de3-2750-4807-904b-43f39a80715e.root 366729 [209,210,211]
/store/data/Run2023B/ZeroBias/RAW/v1/000/366/729/00000/a9a19f4b-aade-4988-8e7e-5d0ac5fd269e.root 366729 [347,348,349]
/store/data/Run2023B/ZeroBias/RAW/v1/000/366/729/00000/abba633c-db1f-49a9-a3cc-3cf1b9a9c358.root 366729 [51,50]
/store/data/Run2023B/ZeroBias/RAW/v1/000/366/729/00000/ac46afd2-5405-4c3c-9a92-a110cd51d6d0.root 366729 [163,161,162]
/store/data/Run2023B/ZeroBias/RAW/v1/000/366/729/00000/aed2498e-d7ba-44b0-9881-5262d5234aaf.root 366729 [218,220,219]
/store/data/Run2023B/ZeroBias/RAW/v1/000/366/729/00000/aed86cf7-1076-45d2-bddb-7163c1815598.root 366729 [80,81,82]
/store/data/Run2023B/ZeroBias/RAW/v1/000/366/729/00000/aef287cc-c9da-4387-abab-e55c85e0678d.root 366729 [386,387,388]
/store/data/Run2023B/ZeroBias/RAW/v1/000/366/729/00000/af735230-74ed-4321-a445-aa9fbfaf9a39.root 366729 [91,89,90]
/store/data/Run2023B/ZeroBias/RAW/v1/000/366/729/00000/b184f9a6-c2eb-4ee4-8d26-bcecd12bd4dd.root 366729 [368,369,370]
/store/data/Run2023B/ZeroBias/RAW/v1/000/366/729/00000/b268e206-acb3-4470-86ca-8f0d5ff357e8.root 366729 [67,68]
/store/data/Run2023B/ZeroBias/RAW/v1/000/366/729/00000/b362d791-43f1-41b9-b734-93d5c4786017.root 366729 [365,367,366]
/store/data/Run2023B/ZeroBias/RAW/v1/000/366/729/00000/b47b3bb6-21b1-4e6a-b74b-1d2a259eb5de.root 366729 [362,363,364]
/store/data/Run2023B/ZeroBias/RAW/v1/000/366/729/00000/b4b30153-0170-4ad6-ba37-015d15e17a5e.root 366729 [158,159,160]
/store/data/Run2023B/ZeroBias/RAW/v1/000/366/729/00000/b6d1adf9-0ebe-4ac3-be93-1b5cecba2e25.root 366729 [86,87,88]
/store/data/Run2023B/ZeroBias/RAW/v1/000/366/729/00000/b9d02c27-c690-4422-b0a9-5fae559ce04e.root 366729 [154,152,153]
/store/data/Run2023B/ZeroBias/RAW/v1/000/366/729/00000/ba107b3b-b58d-41ff-a8fc-5b48d95f91a5.root 366729 [400,399,398]
/store/data/Run2023B/ZeroBias/RAW/v1/000/366/729/00000/bb3403f4-e7cd-460b-903c-bace2ac01e85.root 366729 [190,188,189]
/store/data/Run2023B/ZeroBias/RAW/v1/000/366/729/00000/bf8993b1-4ea3-45ac-9e53-663632c5cbb2.root 366729 [331,329,330]
/store/data/Run2023B/ZeroBias/RAW/v1/000/366/729/00000/c14f59d1-7ffd-43d4-9f39-48fa831234bd.root 366729 [99,98,100]
/store/data/Run2023B/ZeroBias/RAW/v1/000/366/729/00000/c16229fb-1f8d-4f41-9c47-7adfed0d4d6f.root 366729 [23,22,24]
/store/data/Run2023B/ZeroBias/RAW/v1/000/366/729/00000/c51bcedd-a698-4a18-a4e5-96c70d5de015.root 366729 [148,146,147]
/store/data/Run2023B/ZeroBias/RAW/v1/000/366/729/00000/c54c7afe-9232-4fa4-bc0b-080745a67d49.root 366729 [171,170,172]
/store/data/Run2023B/ZeroBias/RAW/v1/000/366/729/00000/c6b64e2e-de47-4b46-9a95-79421b9f9e9f.root 366729 [71,73,72]
/store/data/Run2023B/ZeroBias/RAW/v1/000/366/729/00000/c9f2b9da-0163-4c92-8c31-e6b99f582c63.root 366729 [243,244,242]
/store/data/Run2023B/ZeroBias/RAW/v1/000/366/729/00000/ca6260e9-3f36-42a0-929d-30b30c8e285b.root 366729 [44,45]
/store/data/Run2023B/ZeroBias/RAW/v1/000/366/729/00000/cbc94883-6be1-4bae-9a5a-2455fcd1cc34.root 366729 [93,92,94]
/store/data/Run2023B/ZeroBias/RAW/v1/000/366/729/00000/d0c191b6-94cc-447f-a643-581d3806dc87.root 366729 [269,270,271]
/store/data/Run2023B/ZeroBias/RAW/v1/000/366/729/00000/d0e1f899-79f6-425a-9680-e05024c9f85b.root 366729 [140,142,141]
/store/data/Run2023B/ZeroBias/RAW/v1/000/366/729/00000/d190a129-d763-49f6-a6a5-707a20f9841e.root 366729 [66,65]
/store/data/Run2023B/ZeroBias/RAW/v1/000/366/729/00000/d338456e-c247-4efc-94d1-7e9d6a320da9.root 366729 [342,343,341]
/store/data/Run2023B/ZeroBias/RAW/v1/000/366/729/00000/d3547207-8324-4eb6-92c8-4faa6f4464fe.root 366729 [53,52]
/store/data/Run2023B/ZeroBias/RAW/v1/000/366/729/00000/d469541a-af0d-44c2-8901-59a1117048ae.root 366729 [308,309,310]
/store/data/Run2023B/ZeroBias/RAW/v1/000/366/729/00000/d5aa2248-d0b2-41f1-85d8-d3d52b107d2d.root 366729 [345,344,346]
/store/data/Run2023B/ZeroBias/RAW/v1/000/366/729/00000/d61736c8-182f-44e0-af6e-13dc913432d3.root 366729 [278,279,280]
/store/data/Run2023B/ZeroBias/RAW/v1/000/366/729/00000/d8814549-f41a-4115-95f1-c307e010800b.root 366729 [108,107,109]
/store/data/Run2023B/ZeroBias/RAW/v1/000/366/729/00000/db157285-0c8c-4b67-8fc4-cd8692de2f67.root 366729 [59,58]
/store/data/Run2023B/ZeroBias/RAW/v1/000/366/729/00000/db1a27e5-6f29-4cf2-b27d-1ba2a2a1e161.root 366729 [230,232,231]
/store/data/Run2023B/ZeroBias/RAW/v1/000/366/729/00000/db78b188-2964-4bc6-998f-5efc953b024c.root 366729 [10,11,12]
/store/data/Run2023B/ZeroBias/RAW/v1/000/366/729/00000/de45b251-8a2d-424c-ac26-0ffdfd9523d7.root 366729 [216,215,217]
/store/data/Run2023B/ZeroBias/RAW/v1/000/366/729/00000/e04590fe-db1c-43f1-892b-9015067d7b2c.root 366729 [392,393,394]
/store/data/Run2023B/ZeroBias/RAW/v1/000/366/729/00000/e0e82d6e-a111-4630-b26b-5d6f4f193cc6.root 366729 [110,111,112]
/store/data/Run2023B/ZeroBias/RAW/v1/000/366/729/00000/e1350fdd-26af-49d4-b288-92b62a0a1131.root 366729 [134,136,135]
/store/data/Run2023B/ZeroBias/RAW/v1/000/366/729/00000/e179e5d9-6f2b-4810-8801-1129bb3b4fc8.root 366729 [105,106,104]
/store/data/Run2023B/ZeroBias/RAW/v1/000/366/729/00000/e6bc5db6-ddaf-4ef9-ba5c-afaba912b31f.root 366729 [113,114,115]
/store/data/Run2023B/ZeroBias/RAW/v1/000/366/729/00000/ec3cc010-84dc-4937-9472-9daf2cdf0e77.root 366729 [124,122,123]
/store/data/Run2023B/ZeroBias/RAW/v1/000/366/729/00000/ed88ea5a-a7e7-4df6-98cc-046d401a9f8c.root 366729 [254,256,255]
/store/data/Run2023B/ZeroBias/RAW/v1/000/366/729/00000/ed9dead1-da1e-46cb-acd1-8ab019aea8f1.root 366729 [101,103,102]
/store/data/Run2023B/ZeroBias/RAW/v1/000/366/729/00000/ee8a9647-4a88-429a-b012-562baa5a1866.root 366729 [120,119,121]
/store/data/Run2023B/ZeroBias/RAW/v1/000/366/729/00000/eff1302f-7a8a-404b-965c-31102b3cb10c.root 366729 [166,165,164]
/store/data/Run2023B/ZeroBias/RAW/v1/000/366/729/00000/f0909f2c-a655-429d-a3ed-31096237b22f.root 366729 [285,284,286]
/store/data/Run2023B/ZeroBias/RAW/v1/000/366/729/00000/f2a0fd28-497a-4841-89ee-8864093da820.root 366729 [264,265,263]
/store/data/Run2023B/ZeroBias/RAW/v1/000/366/729/00000/f71953f7-bae7-47e7-a79e-ea9774592a07.root 366729 [338,340,339]
/store/data/Run2023B/ZeroBias/RAW/v1/000/366/729/00000/f9408f90-a3a7-4feb-b125-ad78356b5dfa.root 366729 [317,318,319]
/store/data/Run2023B/ZeroBias/RAW/v1/000/366/729/00000/fd560544-917d-48d0-ba12-1d5142f78d6e.root 366729 [382,381,380]
/store/data/Run2023B/ZeroBias/RAW/v1/000/366/729/00000/fdb55582-ba63-40ab-bef5-6de5e480785d.root 366729 [337,335,336]
/store/data/Run2023B/ZeroBias/RAW/v1/000/366/729/00000/fed4d505-7281-4e9b-b397-dbac8394d1db.root 366729 [38,39]
/store/data/Run2023B/ZeroBias/RAW/v1/000/366/729/00000/ff65a3a7-934c-4b1d-813b-7205a68e2cbc.root 366729 [179,181,180]
