/store/data/Run2023D/MuonEG/RAW/v1/000/369/978/00000/04d83ace-a0a4-4617-829e-cfd11bf24bc4.root [214,212,215,211,209,213,210,216]
/store/data/Run2023D/MuonEG/RAW/v1/000/369/978/00000/0bd4479a-af7a-4fc4-a2cd-4ce69b8d84d0.root [584,587,588,583,589,585,586,590]
/store/data/Run2023D/MuonEG/RAW/v1/000/369/978/00000/116fa888-4785-407d-afb7-78bd8dcfb6ae.root [14,15]
/store/data/Run2023D/MuonEG/RAW/v1/000/369/978/00000/15688975-a5da-4a48-98aa-0e551c252f4e.root [367,363,365,364,369,366,368]
/store/data/Run2023D/MuonEG/RAW/v1/000/369/978/00000/15c9511f-19c8-4a9b-9f1d-a102397f6aa1.root [677,680,679,682,683,675,676,684,681,678]
/store/data/Run2023D/MuonEG/RAW/v1/000/369/978/00000/1978c397-6cdd-4ebf-98d2-0ce6df0e7925.root [514,517,516,519,513,518,512,515]
/store/data/Run2023D/MuonEG/RAW/v1/000/369/978/00000/1b61e27a-c696-406a-8f03-6fbfbd86de8d.root [387,389,385,390,386,388,391]
/store/data/Run2023D/MuonEG/RAW/v1/000/369/978/00000/1cd526c8-a5f7-4bcb-831b-5673efc06b8a.root [271,268,267,270,269,272,273]
/store/data/Run2023D/MuonEG/RAW/v1/000/369/978/00000/1de9ab9f-f254-4251-a88a-64109076d797.root [472,467,468,469,474,470,471,473]
/store/data/Run2023D/MuonEG/RAW/v1/000/369/978/00000/1df8f17c-a5fe-4850-97a1-6d82a48ec511.root [6]
/store/data/Run2023D/MuonEG/RAW/v1/000/369/978/00000/201dfa3a-ed9b-4a92-92bc-011b884fd0a6.root [221,220,218,223,219,217,222]
/store/data/Run2023D/MuonEG/RAW/v1/000/369/978/00000/217acb21-afae-40cc-9af1-3772f6e35908.root [349,352,354,350,351,353,355]
/store/data/Run2023D/MuonEG/RAW/v1/000/369/978/00000/23690fe5-eb56-478e-b32b-b47b80a9370f.root [333,335,337,339,338,340,334,336]
/store/data/Run2023D/MuonEG/RAW/v1/000/369/978/00000/23ed654c-a0b5-4fec-ad16-f68ad6d4fc6b.root [199,196,194,198,195,197,200]
/store/data/Run2023D/MuonEG/RAW/v1/000/369/978/00000/26ad696a-0970-42bf-8bce-2272c1e664e6.root [260,264,266,261,263,262,265]
/store/data/Run2023D/MuonEG/RAW/v1/000/369/978/00000/289b95bf-220b-4621-a3d9-45f3ca46ba56.root [433,432,431,430,434,435,436]
/store/data/Run2023D/MuonEG/RAW/v1/000/369/978/00000/2d0b6f4a-818e-4d1c-a6af-f39081883092.root [795,797,802,796,798,804,800,801,799,803]
/store/data/Run2023D/MuonEG/RAW/v1/000/369/978/00000/2da3d1fd-8c9f-44af-a301-b03665fa080d.root [149,142,144,147,145,146,143,150,140,141,148]
/store/data/Run2023D/MuonEG/RAW/v1/000/369/978/00000/309dc6f5-fc5d-425a-afa5-9cd380543d1c.root [814,805,810,817,818,812,807,806,815,808,811,813,819,809,816]
/store/data/Run2023D/MuonEG/RAW/v1/000/369/978/00000/34278ef8-1a9d-48f1-8a0e-0fc2645824f3.root [476,481,482,478,475,477,480,479]
/store/data/Run2023D/MuonEG/RAW/v1/000/369/978/00000/3832178e-eebf-4959-ba28-d91a36c570aa.root [764,772,769,767,766,768,770,771,765,773]
/store/data/Run2023D/MuonEG/RAW/v1/000/369/978/00000/387ad4f7-6127-43f2-9e7d-9fd624bac76c.root [253,255,257,254,256,258,259]
/store/data/Run2023D/MuonEG/RAW/v1/000/369/978/00000/3c9e3dc8-0128-4cea-84b6-3710d142d396.root [457,455,458,456,459,453,454]
/store/data/Run2023D/MuonEG/RAW/v1/000/369/978/00000/3d5858e6-67a3-45a4-90c3-20164bcaaf40.root [616,621,622,618,617,620,615,619]
/store/data/Run2023D/MuonEG/RAW/v1/000/369/978/00000/3dba79bc-f596-4ca6-8be4-31d1b95b3075.root [301,299,297,303,298,302,300]
/store/data/Run2023D/MuonEG/RAW/v1/000/369/978/00000/40c9c32f-645b-46ef-be1e-dcef7a0fb48b.root [108,123,111,112,115,124,125,110,109,114,116,118,121,122,119,113,117,120]
/store/data/Run2023D/MuonEG/RAW/v1/000/369/978/00000/446453c5-52ef-4ae7-9b5e-6ca47522243b.root [442,443,440,441,437,439,438,444]
/store/data/Run2023D/MuonEG/RAW/v1/000/369/978/00000/44c9f359-02a1-43b8-a55d-b4537c600dab.root [413,409,407,410,414,408,411,412]
/store/data/Run2023D/MuonEG/RAW/v1/000/369/978/00000/46a9d74e-694e-4736-8dd1-65bac572cec9.root [232,233,235,238,234,237,236]
/store/data/Run2023D/MuonEG/RAW/v1/000/369/978/00000/4eec83e1-62c9-4e1a-947c-97722c2ca6c3.root [348,341,345,347,346,342,343,344]
/store/data/Run2023D/MuonEG/RAW/v1/000/369/978/00000/4f0dbd83-4521-4587-9e98-b3da78b9e0e2.root [177,179,184,183,180,178,182,185,181]
/store/data/Run2023D/MuonEG/RAW/v1/000/369/978/00000/5041cc41-2a64-42d8-8df1-8345743189c8.root [596,598,591,592,595,597,593,594]
/store/data/Run2023D/MuonEG/RAW/v1/000/369/978/00000/50bedb81-7329-4e75-b900-a77d7b5d07e7.root [602,604,606,599,603,605,600,601]
/store/data/Run2023D/MuonEG/RAW/v1/000/369/978/00000/5ff2ebb2-dec0-449a-a59f-d804030512d7.root [393,396,397,394,395,392,398]
/store/data/Run2023D/MuonEG/RAW/v1/000/369/978/00000/614ebf96-b77e-44c7-aaf8-46af93704b7a.root [495,490,491,493,492,494,496]
/store/data/Run2023D/MuonEG/RAW/v1/000/369/978/00000/63729db3-3c11-469d-ab44-f32f24ba04d2.root [627,628,625,624,623,630,626,629]
/store/data/Run2023D/MuonEG/RAW/v1/000/369/978/00000/6e477f13-d0d2-46bf-a688-8f4c73bf3030.root [784,788,793,785,792,791,786,787,789,790,794]
/store/data/Run2023D/MuonEG/RAW/v1/000/369/978/00000/6ed08468-56d1-44d0-b59b-e17d3652fa8a.root [167,161,165,162,163,164,168,166]
/store/data/Run2023D/MuonEG/RAW/v1/000/369/978/00000/700f5205-b43f-4f18-a2c7-0df8f8aeb485.root [204,202,203,207,206,201,208,205]
/store/data/Run2023D/MuonEG/RAW/v1/000/369/978/00000/75a568e0-8a1b-465a-95dc-d0c43ebc01b2.root [96,105,95,104,90,103,107,91,98,89,93,94,100,92,97,99,101,102,106]
/store/data/Run2023D/MuonEG/RAW/v1/000/369/978/00000/75ab7ac7-30e6-4902-a575-a1e333959166.root [569,570,571,574,568,573,572]
/store/data/Run2023D/MuonEG/RAW/v1/000/369/978/00000/782379ad-981f-45db-91a6-dd7e63cd5c7b.root [25,28,43,45,52,55,59,64,26,33,38,37,39,40,58,66,21,24,31,36,47,54,56,60,63,22,23,32,34,41,44,61,67,29,35,49,50,65,27,42,48,51,53,62,30,46,57]
/store/data/Run2023D/MuonEG/RAW/v1/000/369/978/00000/7b7d6dad-16a7-488d-9ba9-2cd18d65f270.root [12]
/store/data/Run2023D/MuonEG/RAW/v1/000/369/978/00000/7bf3c3bd-8a69-4709-97a4-e916b5f28d04.root [755,760,758,762,763,756,761,754,757,759]
/store/data/Run2023D/MuonEG/RAW/v1/000/369/978/00000/7c7a2504-3ed9-42ee-adf4-964fd3b9e0e0.root [580,581,576,578,575,577,579,582]
/store/data/Run2023D/MuonEG/RAW/v1/000/369/978/00000/7ce575b1-2053-4166-93da-b87f42b9bc29.root [241,242,243,239,244,240,245]
/store/data/Run2023D/MuonEG/RAW/v1/000/369/978/00000/7f5ae53a-abca-4c0b-82cb-1d9fb2a143cb.root [528,529,534,535,533,530,531,532]
/store/data/Run2023D/MuonEG/RAW/v1/000/369/978/00000/8206bb59-a8ff-434d-8582-309efd6e2f69.root [649,653,647,648,651,650,652,654]
/store/data/Run2023D/MuonEG/RAW/v1/000/369/978/00000/83425bf1-a486-45a9-9b17-921dc597c7d1.root [687,690,693,694,686,689,688,685,691,692]
/store/data/Run2023D/MuonEG/RAW/v1/000/369/978/00000/8af903b9-c1cd-4e34-9da8-2dcbd198565e.root [326,330,331,332,328,327,329]
/store/data/Run2023D/MuonEG/RAW/v1/000/369/978/00000/90db3f6e-f858-4af8-9b2d-ff2a006a4a86.root [554,552,553,555,559,558,556,557]
/store/data/Run2023D/MuonEG/RAW/v1/000/369/978/00000/97ca68fa-7f62-4b3a-b75a-6ebb1e1ffbc4.root [425,428,429,426,427,424,423]
/store/data/Run2023D/MuonEG/RAW/v1/000/369/978/00000/99c30c28-ddbc-499b-a968-10507bfb932c.root [318,321,325,320,319,323,322,324]
/store/data/Run2023D/MuonEG/RAW/v1/000/369/978/00000/9a060731-c55a-49d4-a5ee-cb4888884497.root [461,464,466,463,462,465,460]
/store/data/Run2023D/MuonEG/RAW/v1/000/369/978/00000/9b890e92-2bef-42b6-8ceb-2fafd92b4c2a.root [304,310,305,306,308,307,309]
/store/data/Run2023D/MuonEG/RAW/v1/000/369/978/00000/9bd4bb4a-5814-45e9-8ddb-cefa336e12e1.root [500,499,498,503,497,501,502]
/store/data/Run2023D/MuonEG/RAW/v1/000/369/978/00000/9c0dc91c-9c9a-42cb-b9a9-8d6fae7a223c.root [421,418,420,417,422,415,416,419]
/store/data/Run2023D/MuonEG/RAW/v1/000/369/978/00000/9c2e7c87-8172-415c-ab75-1cd23fd6f7fb.root [717,719,720,721,723,715,718,716,722,714]
/store/data/Run2023D/MuonEG/RAW/v1/000/369/978/00000/9dd97a2f-bd9c-4a6c-8f16-8b38d1eb79da.root [379,378,382,383,381,380,384]
/store/data/Run2023D/MuonEG/RAW/v1/000/369/978/00000/a0ba49eb-d764-4ea1-bf60-de25228cc9f8.root [527,521,526,520,522,524,523,525]
/store/data/Run2023D/MuonEG/RAW/v1/000/369/978/00000/a200094a-d6d7-4147-a5bf-c7ac923c0c5b.root [376,371,373,370,375,377,372,374]
/store/data/Run2023D/MuonEG/RAW/v1/000/369/978/00000/a4a7793e-6697-42af-9a26-9f043e318e7f.root [510,506,508,509,504,505,511,507]
/store/data/Run2023D/MuonEG/RAW/v1/000/369/978/00000/a619da1b-f39c-4dcd-954f-135deed099d4.root [312,317,311,315,314,313,316]
/store/data/Run2023D/MuonEG/RAW/v1/000/369/978/00000/a94ceafb-608d-449e-b5b3-c002db52588b.root [780,781,782,774,776,778,779,775,777,783]
/store/data/Run2023D/MuonEG/RAW/v1/000/369/978/00000/b5e2b0c6-6dc3-403a-9dc3-859ab0ba56a7.root [362,360,358,357,356,359,361]
/store/data/Run2023D/MuonEG/RAW/v1/000/369/978/00000/baf7c9a7-669f-4afe-b6f3-be1edcb71995.root [704,703,697,696,699,701,695,698,702,700]
/store/data/Run2023D/MuonEG/RAW/v1/000/369/978/00000/bbc2bd42-7980-4987-be85-9a5554c0edbb.root [667,669,674,668,671,673,666,672,665,670]
/store/data/Run2023D/MuonEG/RAW/v1/000/369/978/00000/c0302c49-bc8b-415e-bd4d-4fe221b67693.root [289,296,291,293,290,292,294,295]
/store/data/Run2023D/MuonEG/RAW/v1/000/369/978/00000/c08337da-fc13-46c3-848f-46aed1f8e5bd.root [402,406,400,403,404,405,399,401]
/store/data/Run2023D/MuonEG/RAW/v1/000/369/978/00000/c408d3f0-0c2b-4464-87a2-aa66dd7e7606.root [536,539,541,543,537,538,540,542]
/store/data/Run2023D/MuonEG/RAW/v1/000/369/978/00000/c4cf081b-8d2f-458d-ba7e-63223c2f01a6.root [127,134,126,133,130,137,132,135,138,128,131,136,129,139]
/store/data/Run2023D/MuonEG/RAW/v1/000/369/978/00000/c6281f95-bde5-4bb3-9040-16638e908f8e.root [228,231,225,227,224,230,229,226]
/store/data/Run2023D/MuonEG/RAW/v1/000/369/978/00000/c71530df-7d63-45df-af49-e16b74a22fe1.root [487,488,483,489,484,485,486]
/store/data/Run2023D/MuonEG/RAW/v1/000/369/978/00000/cbdc1a22-9e05-4959-b956-d5387eba19b3.root [641,645,642,643,646,639,640,644]
/store/data/Run2023D/MuonEG/RAW/v1/000/369/978/00000/ce33c44b-1817-43b1-8778-4724499bb6f3.root [173,171,169,175,174,176,172,170]
/store/data/Run2023D/MuonEG/RAW/v1/000/369/978/00000/d053a3f1-79df-4b85-a46e-0317b855aec5.root [724,725,732,733,727,729,730,726,728,731]
/store/data/Run2023D/MuonEG/RAW/v1/000/369/978/00000/d862abf0-9150-48cb-bc8f-c31f39062e15.root [746,750,751,753,744,752,748,745,749,747]
/store/data/Run2023D/MuonEG/RAW/v1/000/369/978/00000/d8e212eb-e7a7-48fd-9b5d-32707dfe1b62.root [659,655,656,657,664,662,661,658,660,663]
/store/data/Run2023D/MuonEG/RAW/v1/000/369/978/00000/e04b0611-5741-4455-8957-b49464034c8b.root [738,742,734,735,737,741,736,743,739,740]
/store/data/Run2023D/MuonEG/RAW/v1/000/369/978/00000/e176fd11-7ad9-4d4a-b626-3b79f1a46ccd.root [561,562,563,567,566,564,565,560]
/store/data/Run2023D/MuonEG/RAW/v1/000/369/978/00000/e481f038-fe3d-4be7-b58d-09b18df7e852.root [152,156,158,151,154,155,157,159,153,160]
/store/data/Run2023D/MuonEG/RAW/v1/000/369/978/00000/e60a42eb-72f7-49a4-9d5b-c4064998987f.root [72,77,80,82,74,76,70,83,86,88,79,81,84,85,68,75,71,73,69,78,87]
/store/data/Run2023D/MuonEG/RAW/v1/000/369/978/00000/e88fd517-79b0-4f04-9faf-7919d79a798d.root [632,633,636,631,634,635,638,637]
/store/data/Run2023D/MuonEG/RAW/v1/000/369/978/00000/e9216d44-1b16-40ba-9a01-14e7ea9ae61b.root [607,609,610,608,614,613,611,612]
/store/data/Run2023D/MuonEG/RAW/v1/000/369/978/00000/e966a76d-77e2-4ed5-a163-8763c93c35b4.root [545,544,548,546,551,547,550,549]
/store/data/Run2023D/MuonEG/RAW/v1/000/369/978/00000/ea9debb0-0e4f-4ce4-8847-c1ca6f596951.root [189,192,188,190,187,191,186,193]
/store/data/Run2023D/MuonEG/RAW/v1/000/369/978/00000/ee53203c-fa4f-49ec-952d-c3c68d789070.root [277,275,278,279,280,276,274]
/store/data/Run2023D/MuonEG/RAW/v1/000/369/978/00000/f530353e-954c-4331-b004-6f64649748c9.root [17]
/store/data/Run2023D/MuonEG/RAW/v1/000/369/978/00000/f5898eff-2239-4e15-9ec2-4a3b0f9ee693.root [446,445,447,452,448,450,451,449]
/store/data/Run2023D/MuonEG/RAW/v1/000/369/978/00000/f65de1d6-ab69-4ca4-9821-03a9755136c9.root [281,288,282,283,287,284,286,285]
/store/data/Run2023D/MuonEG/RAW/v1/000/369/978/00000/fa44792d-9c9e-4c26-bdc8-9689502090d1.root [705,710,712,706,713,707,711,708,709]
/store/data/Run2023D/MuonEG/RAW/v1/000/369/978/00000/fd95ee98-1a54-4e84-93ac-838806905f8f.root [249,250,251,246,247,248,252]
