/store/data/Run2022E/ZeroBias/RAW/v1/000/359/569/00000/41f0941b-6cae-4d23-b969-7ae49526e85c.root 359569 [68,71,67,70,72,69]
/store/data/Run2022E/ZeroBias/RAW/v1/000/359/569/00000/5e532e2b-084c-46f9-80fd-b2c04edaea9d.root 359569 [81,79,82,80]
/store/data/Run2022E/ZeroBias/RAW/v1/000/359/569/00000/6b9eee08-1edd-41ae-8e0a-3d459c55a069.root 359569 [44,43,46,45,47,48]
/store/data/Run2022E/ZeroBias/RAW/v1/000/359/569/00000/75807c5a-3bec-44ea-beb6-c4c2484215cd.root 359569 [75,76,73,78,74,77]
/store/data/Run2022E/ZeroBias/RAW/v1/000/359/569/00000/791ace72-2b9e-495f-b89d-27ac1e623fd6.root 359569 [8,9,11,10,7,12]
/store/data/Run2022E/ZeroBias/RAW/v1/000/359/569/00000/7d6b2318-5c47-42fb-8c1f-e3090d954b93.root 359569 [17,13,15,14,16,18]
/store/data/Run2022E/ZeroBias/RAW/v1/000/359/569/00000/90557070-9459-4204-b76c-014cde3fcffd.root 359569 [3,4,6,1,2,5]
/store/data/Run2022E/ZeroBias/RAW/v1/000/359/569/00000/9b84351e-5635-4c2d-a143-e2e8328a5d40.root 359569 [21,23,22,19,24,20]
/store/data/Run2022E/ZeroBias/RAW/v1/000/359/569/00000/a5494ef0-c799-4e18-967c-ef3a015aff0f.root 359569 [50,52,51,49,54,53]
/store/data/Run2022E/ZeroBias/RAW/v1/000/359/569/00000/b9527cfc-0045-4b38-a8bc-3fda41b24302.root 359569 [59,57,58,55,60,56]
/store/data/Run2022E/ZeroBias/RAW/v1/000/359/569/00000/c963afbe-2365-41a7-ae63-7c1181e4fbdd.root 359569 [61,63,66,64,65,62]
/store/data/Run2022E/ZeroBias/RAW/v1/000/359/569/00000/d1c4143d-56a9-4bfb-bb26-0f8c8a79c916.root 359569 [36,31,33,32,34,35]
/store/data/Run2022E/ZeroBias/RAW/v1/000/359/569/00000/e767c75e-b2f7-4fa5-90e6-1fd854e40293.root 359569 [41,39,40,42,37,38]
/store/data/Run2022E/ZeroBias/RAW/v1/000/359/569/00000/f821af1c-e7fa-45b1-bc93-c879a0696850.root 359569 [26,28,27,30,25,29]
/store/data/Run2022E/ZeroBias/RAW/v1/000/359/571/00000/0043dcd6-d4b1-4252-bf2d-09f8f513d6bc.root 359571 [39,43,41,42,38,40]
/store/data/Run2022E/ZeroBias/RAW/v1/000/359/571/00000/05eccd04-9be7-4752-9689-a0b3bd11011b.root 359571 [93,94,96,92,95,97]
/store/data/Run2022E/ZeroBias/RAW/v1/000/359/571/00000/111a0e66-e28d-414a-b861-64bccee7c3e8.root 359571 [101,98,100,99,103,102]
/store/data/Run2022E/ZeroBias/RAW/v1/000/359/571/00000/119828d8-1de8-4af6-904c-cfc63f5b8125.root 359571 [47,45,46,48,44,49]
/store/data/Run2022E/ZeroBias/RAW/v1/000/359/571/00000/1cf86d18-c38c-46f6-92b1-d063a2277e33.root 359571 [11,10,12,8,9,13]
/store/data/Run2022E/ZeroBias/RAW/v1/000/359/571/00000/2527e33c-eb1f-4a20-b70c-51ad4504b6d5.root 359571 [141,142,144,140,143,145]
/store/data/Run2022E/ZeroBias/RAW/v1/000/359/571/00000/25bdffa4-9466-4078-9fc0-145899ff4416.root 359571 [80,84,82,81,83,85]
/store/data/Run2022E/ZeroBias/RAW/v1/000/359/571/00000/286c7544-88a2-42f6-b24c-d2c884740701.root 359571 [23,25,21,20,22,24]
/store/data/Run2022E/ZeroBias/RAW/v1/000/359/571/00000/2920f334-fafd-49e5-bef8-a9bee40141cf.root 359571 [128,130,132,133,129,131]
/store/data/Run2022E/ZeroBias/RAW/v1/000/359/571/00000/2a3abbcb-86b2-4c43-b00c-8bb94c517c2f.root 359571 [15,14,16,17,18,19]
/store/data/Run2022E/ZeroBias/RAW/v1/000/359/571/00000/3da70b86-333e-4dbf-a466-e901627ca25c.root 359571 [148,151,149,150,146,147]
/store/data/Run2022E/ZeroBias/RAW/v1/000/359/571/00000/40d70197-370d-46a3-b808-3181fd41f669.root 359571 [112,114,110,111,115,113]
/store/data/Run2022E/ZeroBias/RAW/v1/000/359/571/00000/4c1be7ee-0822-4897-8ad1-050be01f4482.root 359571 [164,167,166,165]
/store/data/Run2022E/ZeroBias/RAW/v1/000/359/571/00000/84f0d9d9-de0d-48bd-ab9f-fe5e674ef616.root 359571 [78,75,79,77,74,76]
/store/data/Run2022E/ZeroBias/RAW/v1/000/359/571/00000/87ab4c3e-8c98-4dad-83a6-39594efd1f10.root 359571 [158,163,159,160,161,162]
/store/data/Run2022E/ZeroBias/RAW/v1/000/359/571/00000/9f79e64c-8d24-455e-a47a-ac09aac11c8e.root 359571 [50,55,54,51,53,52]
/store/data/Run2022E/ZeroBias/RAW/v1/000/359/571/00000/a20aa67e-fade-46f4-9088-1de01c69738d.root 359571 [3,4,2,5,7,1,6]
/store/data/Run2022E/ZeroBias/RAW/v1/000/359/571/00000/a2b9dfbc-e0fb-49bd-8dda-c3734c7f377d.root 359571 [125,124,122,126,127,123]
/store/data/Run2022E/ZeroBias/RAW/v1/000/359/571/00000/aa57a732-cb0e-4001-8b64-4a71629f8de2.root 359571 [29,30,28,26,27,31]
/store/data/Run2022E/ZeroBias/RAW/v1/000/359/571/00000/c1736fd7-a005-42b5-9c00-f76b1479f38c.root 359571 [72,73,68,69,71,70]
/store/data/Run2022E/ZeroBias/RAW/v1/000/359/571/00000/d31cf4d1-d90b-43ef-b035-28ea75f25f69.root 359571 [134,135,136,137,138,139]
/store/data/Run2022E/ZeroBias/RAW/v1/000/359/571/00000/e285d51c-eb9a-4d4d-b676-fc9bcf80ca65.root 359571 [156,152,153,154,155,157]
/store/data/Run2022E/ZeroBias/RAW/v1/000/359/571/00000/e3fefbd7-4649-4362-b3ef-36030d260a20.root 359571 [57,60,56,58,59,61]
/store/data/Run2022E/ZeroBias/RAW/v1/000/359/571/00000/ea4a3543-401e-45ca-9235-f76b360bcf73.root 359571 [67,64,62,66,63,65]
/store/data/Run2022E/ZeroBias/RAW/v1/000/359/571/00000/ed400212-10df-4f7a-915d-314af25651f5.root 359571 [34,35,37,36,32,33]
/store/data/Run2022E/ZeroBias/RAW/v1/000/359/571/00000/f0dfd270-29ac-47b5-b643-a62ecb129964.root 359571 [104,106,109,107,108,105]
/store/data/Run2022E/ZeroBias/RAW/v1/000/359/571/00000/f527fd43-0816-438f-979f-266e8726d2b6.root 359571 [87,86,88,89,90,91]
/store/data/Run2022E/ZeroBias/RAW/v1/000/359/571/00000/f69ac819-419a-416d-90b3-90f77a982965.root 359571 [119,118,116,117,120,121]
